SAMPLES:	17477
BITSPERSAMPLE:	16
CHANNELS:	1
SAMPLERATE:	16000
NORMALIZED:	FALSE
6
7
4
4
-3
-3
-6
-4
-5
0
2
4
5
8
8
7
9
8
7
5
3
2
0
-3
-2
-5
-3
3
4
4
6
5
3
-4
0
0
-1
2
1
5
3
1
6
4
1
2
5
5
5
7
5
4
7
12
9
12
6
4
3
2
3
-8
-6
-6
-12
-12
-18
-20
-16
-13
-10
-7
-9
-6
-4
-6
-8
-5
0
-5
-2
-3
-1
-1
-4
-4
-2
4
7
7
10
0
-1
-5
-6
-9
-8
-5
-6
2
3
8
8
11
14
8
11
11
9
4
7
2
-1
4
2
-2
0
-6
-5
-4
-6
-1
-3
-5
-1
-1
-1
0
-8
-12
-10
-11
-10
-2
-3
6
-3
-4
-3
-2
5
0
11
8
10
10
11
13
13
11
8
5
7
6
5
9
2
4
0
1
2
-2
-3
-1
0
2
2
2
0
0
1
-3
-4
-3
-1
2
0
1
1
-3
-5
-7
-2
-5
-8
-9
-9
-8
-7
-9
-10
-4
-7
0
0
-1
-2
0
2
1
-1
3
3
3
2
-3
-1
-2
0
-4
-4
-4
0
0
-4
-1
-2
0
0
-1
-3
-4
-3
-8
-4
-2
-6
0
-3
-2
-4
-4
-3
-7
-6
-5
-3
-2
4
7
7
4
4
4
1
2
1
5
5
8
11
10
8
4
2
1
3
-2
1
-2
-2
-3
-8
0
-3
3
2
7
6
5
6
-2
0
-4
-6
-4
-2
-7
-4
-2
-6
-6
-8
-8
-11
-11
-11
-14
-5
-5
-4
-2
1
-4
-3
-4
-3
0
-1
3
1
0
0
5
1
1
4
3
4
6
6
10
8
8
2
3
5
-5
5
5
7
11
15
14
16
14
15
18
12
12
9
7
7
7
6
6
4
8
9
8
4
8
2
3
0
-2
6
6
6
6
4
5
1
4
1
-3
1
-2
-3
-6
-12
-11
-10
-6
-7
-6
-6
-10
-5
-5
-3
-9
-7
-4
-2
-8
-3
0
-9
-6
-10
-10
-8
-9
-5
-9
-4
-5
-4
-4
-4
-4
-7
3
1
1
3
4
7
-1
0
2
2
-2
-3
0
-3
-2
-2
3
3
4
2
5
5
-1
-3
0
-4
-9
-2
-1
2
-1
-3
-3
1
5
8
8
7
7
5
5
6
3
4
2
4
0
-7
-4
-1
2
2
3
5
5
10
9
10
11
10
8
7
9
9
5
-2
-7
-5
-11
-7
-13
-16
-12
-15
-10
-11
-3
-7
-3
-4
1
4
1
3
0
0
-4
-5
-8
-2
-5
-4
-11
-9
-10
-14
-9
-9
-9
-8
-5
-2
-2
-5
-1
0
-1
0
4
2
1
2
5
9
10
10
9
11
9
8
4
3
3
-1
-1
-4
-6
-7
-9
-5
-2
0
-2
-2
-5
-6
-7
-7
-5
-1
1
1
-3
0
-2
-3
-6
1
0
2
9
6
2
1
3
3
3
2
6
-1
3
-1
-4
-3
0
1
0
3
6
2
7
4
-2
-5
-8
-4
-9
-4
-2
5
5
4
4
4
7
9
2
-3
-4
-15
-10
-13
-9
-13
-13
-8
-14
-9
-11
-5
-3
-6
-2
-4
-1
-1
1
-2
-4
-1
-6
-4
2
6
9
8
6
13
6
7
8
7
9
7
5
2
4
2
3
8
11
14
15
11
10
13
10
10
8
3
10
11
8
5
6
6
6
6
9
9
11
16
15
18
13
11
10
7
9
11
2
7
1
4
4
0
3
4
5
2
6
1
3
3
1
0
-3
-4
-6
-7
-7
-7
-10
-14
-12
-16
-14
-14
-13
-6
-12
-12
-12
-6
-7
-2
-4
-5
3
1
3
2
1
3
6
6
6
2
0
-3
-3
-5
-4
-5
-5
-6
-1
-8
-10
-11
-8
-10
-10
-8
-7
-2
-1
-3
-4
-5
-9
-12
-8
-7
-12
-7
-4
-6
-5
2
3
4
6
4
4
9
4
6
8
6
13
3
4
3
0
-1
-6
0
-4
-6
-8
-7
-8
-4
-1
4
9
8
12
16
17
11
10
13
7
4
0
-2
-6
-9
-7
-10
-5
-8
-8
2
1
1
0
2
3
0
-3
-1
-2
2
0
-4
-1
1
-2
1
1
5
10
8
10
2
5
3
0
0
0
-6
-9
-11
-14
-14
-20
-17
-17
-10
-8
-12
-9
-9
-7
-10
-7
-6
-8
-9
-12
-7
-7
-4
-5
-7
-4
-4
-6
0
-1
-2
-4
-5
3
0
0
0
3
8
7
5
6
5
6
3
10
13
12
14
11
11
9
13
9
10
5
2
3
2
-1
-3
-3
-8
-5
-8
-5
-12
-12
-12
-10
-6
-7
-4
-5
-1
-3
0
2
5
3
0
-1
3
-2
0
-1
5
10
6
4
7
10
7
9
5
4
2
3
-1
-6
1
0
1
8
7
9
17
16
23
20
20
19
13
13
8
5
4
1
3
0
-3
-4
-7
-6
0
0
0
8
6
9
4
2
2
-1
-2
-7
-3
-7
-8
-9
-12
-10
-7
-7
-6
-7
-4
-1
4
3
4
1
1
4
-2
-3
-2
-1
3
4
5
4
6
2
-4
2
1
-1
-2
-1
3
3
8
10
8
5
7
9
5
2
3
2
3
9
5
6
4
12
10
5
6
4
0
-3
-7
-9
-15
-12
-8
-11
-5
-7
-1
-1
-1
4
2
4
3
0
-2
1
-8
-6
-8
-13
-9
-9
-7
-10
-7
-2
-1
-2
3
-3
3
0
1
0
-6
-8
-9
-6
0
-5
-2
-4
-3
3
-2
7
5
6
5
8
6
2
6
4
4
6
5
2
-1
-6
-4
-3
-5
-1
-4
-6
-7
-8
-6
-2
0
2
0
3
-1
0
-2
-3
-4
-7
-7
-6
-4
-3
-2
-2
-7
-2
-3
-2
-3
-2
2
1
2
3
6
0
-1
-3
-5
-4
-7
-16
-15
-14
-12
-6
-6
-4
2
0
4
3
-1
0
-7
-4
-8
-12
-10
-10
-10
-12
-15
-10
-6
2
-1
4
0
-2
0
-5
0
-4
3
-1
0
-3
-3
-2
-3
2
2
4
5
1
4
6
7
10
7
10
6
3
9
-3
-2
-4
-3
-2
-5
-2
3
3
5
11
11
12
12
12
11
11
9
2
1
-3
-5
-3
-3
-1
-1
0
1
-3
2
2
3
2
2
7
4
6
7
2
5
2
6
3
3
1
0
6
3
3
5
7
9
9
13
12
12
8
11
13
6
11
7
2
4
1
-3
-4
-7
-10
-5
-7
-6
-5
-8
-5
0
-2
-4
2
-2
2
0
-3
1
4
1
5
2
0
1
-1
0
-5
-4
-3
1
2
1
5
0
3
6
9
10
9
13
17
14
10
11
5
5
-3
-7
-4
-4
-4
-4
-2
-3
-1
-3
-6
-4
-1
0
1
-1
-8
-5
-15
-10
-12
-11
-9
-8
-6
-4
-5
-8
-2
-3
3
4
5
4
-2
-4
-5
-3
0
-1
0
4
7
11
13
16
18
16
16
19
15
16
9
7
7
1
3
0
3
-1
-3
-6
-5
-8
-7
-3
0
3
1
-3
-2
-9
-14
-16
-17
-14
-15
-14
-14
-9
-13
-11
-13
-11
-3
-9
-7
-1
-7
-3
-4
-8
-4
-8
-5
-7
-9
-8
-11
-10
-10
-11
-10
-6
-5
-5
-4
1
3
3
4
3
4
0
7
0
2
-4
-4
-3
-2
0
-2
1
-1
0
2
1
2
3
2
7
4
4
5
7
1
1
0
1
0
0
3
8
6
10
11
10
15
11
11
9
7
3
4
4
1
6
4
4
2
-1
1
-5
-3
-4
-2
-4
-9
-2
-10
-10
-11
-11
-7
-7
-7
-4
-10
-9
-1
5
3
2
3
4
7
2
2
2
-5
-6
-8
-7
-8
-6
-1
-4
0
3
2
5
4
7
7
7
1
3
7
6
10
6
7
2
3
3
0
0
5
-1
0
-5
-5
-6
-7
-4
-7
-4
0
-1
5
-2
3
0
-1
-3
-4
-3
-8
-6
-7
-5
-4
-1
-1
-2
6
7
8
11
13
15
8
8
9
10
13
8
9
7
6
4
2
2
0
0
5
8
13
15
16
17
12
10
5
5
2
2
-4
-5
-5
-2
-2
-11
-3
-3
2
2
4
5
4
3
0
-2
-5
-7
-5
-5
-6
-2
0
3
6
0
-3
-1
1
-1
-3
0
1
4
1
-3
-5
-5
-5
-2
-2
-4
2
-5
-7
-5
-9
-6
-5
-8
-4
-8
-1
-1
-10
-2
-8
-6
-2
-2
3
1
3
4
3
3
1
7
8
6
8
3
9
5
3
-2
-5
-6
-7
-4
-6
-5
-7
-3
-1
1
5
0
-6
-3
-4
-1
-1
-3
-1
-5
-2
-9
-7
-10
-10
-4
-5
1
-4
1
2
-2
7
6
8
8
9
14
6
6
3
2
-1
-2
-2
-4
-4
-3
-1
-2
-5
-1
-7
-4
-4
3
2
0
2
0
0
-1
0
3
2
1
0
0
-3
-1
0
-4
-5
-1
-2
0
2
-3
2
-2
4
5
6
9
8
8
8
8
5
6
0
3
2
1
4
0
-2
0
-3
-5
0
-6
-3
-4
-5
-3
-12
-7
-4
-6
-4
-4
-9
-4
-8
-3
-5
-8
-5
-7
-5
-6
-3
0
3
1
2
3
-1
2
-3
-7
-3
-4
-3
-8
-12
-9
-12
-11
-7
-9
-1
-1
-3
-2
-4
3
0
4
7
6
11
6
6
1
1
4
5
5
4
1
-3
-1
-2
0
-2
2
6
4
6
4
3
8
3
5
5
9
9
15
16
13
13
6
12
8
12
10
11
8
7
9
7
3
5
8
10
13
11
11
6
8
7
5
2
-2
-7
-7
-9
-10
-9
-9
-6
-8
-3
-1
3
4
2
-2
0
-3
-2
-3
-8
-5
-12
-15
-11
-11
-8
-11
-12
-6
-5
-3
-4
-1
3
0
2
1
3
4
1
5
3
-2
-4
-5
-3
-2
-4
-3
0
-3
-1
-1
-6
-3
-5
0
3
0
-6
-5
-6
-4
-3
-4
-1
2
4
2
-1
1
3
-1
3
2
0
5
1
1
4
8
6
5
7
6
7
6
2
-1
-2
-2
-2
0
1
3
3
4
8
6
3
6
1
-2
-4
-8
-8
-7
-7
-6
-7
-6
-7
-5
1
0
3
4
7
10
11
6
10
10
4
4
-2
0
6
5
5
6
8
5
2
-1
-1
-2
-2
0
0
1
0
0
1
2
1
1
3
2
4
-1
-3
-7
-6
-8
-11
-9
-11
-13
-10
-12
-12
-10
-12
-7
-7
-8
-8
-10
-8
-6
-12
-11
-11
-7
-5
-6
-2
-3
0
2
5
-1
5
-1
-1
3
-4
9
3
3
0
1
0
-1
9
5
9
7
3
3
6
8
6
5
7
4
7
7
5
5
1
4
3
9
9
7
12
10
12
8
9
8
6
6
1
3
0
-4
-5
-4
-7
-9
-7
-6
-2
-5
-4
-6
-5
-2
-1
-6
-4
-4
-3
-8
-4
-4
-1
1
-1
-3
-8
-4
-9
-6
-9
-11
-11
-14
-10
-8
-7
-8
-2
-3
1
2
-2
7
6
9
7
4
4
0
2
1
3
3
0
3
0
3
5
7
6
5
8
6
8
0
2
2
4
2
2
-2
2
-3
-2
-3
-6
-4
-8
-4
-7
-1
1
-2
2
4
10
11
13
8
4
3
2
-2
-1
-3
-3
-2
-1
-6
-1
-5
-5
0
0
7
6
13
11
10
10
8
6
-1
1
-1
0
-5
-4
-7
-5
-5
-6
-5
-4
-1
-6
1
-3
0
1
-2
1
3
3
4
2
1
0
-2
0
-2
0
-3
-1
1
4
3
8
5
10
13
15
16
14
8
11
6
9
8
1
6
0
1
-2
-2
-3
-7
-11
-9
-8
-9
-8
-6
-4
-4
-8
-7
-4
-6
-10
-10
-15
-15
-13
-16
-14
-14
-13
-15
-10
-9
-4
-5
-8
-7
1
-5
0
3
3
5
4
4
2
6
4
7
4
6
4
6
7
9
12
9
12
14
13
10
10
7
11
9
10
9
3
-2
-2
2
0
1
-2
-1
3
-3
0
-2
-4
0
-2
0
3
3
5
6
5
6
4
3
2
2
1
0
1
-2
-6
-8
-8
-8
-6
-3
-3
-2
0
0
-4
-3
-7
-8
-7
-4
-1
-3
-5
-6
-6
-11
-9
-7
-8
-8
-6
-7
-4
-7
-6
-6
-5
-8
-4
0
-1
1
2
-1
0
1
1
1
0
-1
-4
3
2
2
0
0
-2
-1
-1
2
2
4
6
7
11
6
14
10
11
12
11
10
7
6
4
2
0
0
-1
0
-1
2
-1
1
2
2
3
2
4
2
0
-2
4
2
4
6
2
3
0
-4
-4
-3
-4
-5
-6
-2
-3
1
-4
-3
-5
-6
-4
-8
-6
-8
-5
-3
-5
-9
-6
-5
-8
-5
-3
-4
-2
-3
-2
-1
-5
-2
-5
-4
1
2
4
3
3
2
1
1
0
-3
-6
-3
-3
-2
1
-1
3
-1
0
-3
-1
2
4
6
8
8
6
8
5
4
4
2
4
2
2
2
-2
-4
-2
1
-4
-1
2
2
4
-1
-1
-7
-12
-3
-4
1
-3
1
4
6
11
7
12
13
14
14
12
8
12
12
8
10
4
5
2
4
3
3
0
-1
-2
-1
-1
-2
2
-2
1
1
2
-1
-1
-4
-8
-5
-5
-7
-9
-11
-10
-11
-11
-15
-8
-8
-7
-5
-4
-1
1
0
0
0
-5
-4
-9
-6
-6
-5
-12
-13
-5
-2
2
3
5
6
9
6
9
9
9
13
7
6
2
3
0
3
1
-1
1
1
1
5
5
7
9
9
12
13
14
18
12
10
8
8
5
4
5
3
1
-3
1
1
1
0
7
2
3
3
4
1
-4
-6
-4
-2
-3
-4
-7
-4
-5
-2
-7
-9
-5
-9
-4
-10
-10
-12
-17
-14
-16
-14
-12
-13
-18
-12
-13
-11
-12
-16
-15
-17
-18
-15
-15
-11
-10
-11
-10
-9
-3
-1
1
0
7
5
2
9
9
12
11
9
8
6
7
7
7
8
10
8
8
14
10
14
17
11
12
11
12
7
9
7
9
6
6
8
1
4
5
3
3
3
-2
1
0
0
0
-1
4
-2
-2
-4
-4
-2
0
1
1
3
0
2
2
3
3
5
5
4
1
2
2
3
5
7
5
6
5
5
1
-4
-7
-11
-13
-15
-17
-19
-10
-13
-5
-6
-4
1
-4
5
-1
1
-1
-1
2
1
0
-4
-6
-2
-4
-4
-3
-4
-5
-4
-4
-3
-6
-4
0
-2
1
-1
1
2
2
4
5
4
1
-5
0
-4
2
1
-1
6
5
10
7
5
3
2
2
1
2
-1
-3
-8
-11
-10
-7
-5
-6
-2
-4
-2
-1
-2
1
1
8
11
12
16
15
15
9
8
8
7
4
6
0
-1
-1
-8
-7
-10
-6
-6
-4
-1
-5
-3
-2
-5
-2
-4
-3
-2
-1
-1
-2
-3
-5
-5
-2
-4
-2
4
0
3
4
8
8
4
2
1
0
0
-2
3
5
6
2
4
4
0
-2
-2
-3
0
1
-2
2
2
-5
-2
0
-1
1
-4
2
4
7
6
7
6
5
4
1
-1
2
0
-2
-5
-3
1
-3
-3
-2
-1
-3
-3
-2
-3
-1
2
5
7
2
3
4
4
3
1
2
-1
-2
-5
-4
-8
-10
-11
-10
-13
-7
-7
-4
-4
-3
-2
-3
0
4
6
6
7
8
6
4
4
6
4
6
4
4
2
1
4
-2
-2
0
-1
-3
-1
-1
-1
2
6
0
1
-1
3
1
-1
3
-3
-5
-7
-6
-5
-1
-4
1
1
-1
4
1
2
1
4
1
-3
-4
-5
-6
-7
-3
-7
-1
0
-3
-2
2
2
6
8
8
9
4
3
-1
-2
-12
-11
-10
-9
-6
-5
-6
0
3
4
6
12
14
10
14
12
11
4
-1
-2
-5
-4
-2
0
7
8
8
9
9
8
8
6
6
7
5
6
2
1
0
-4
-8
-6
-4
-1
-5
-4
-3
-4
-5
-10
-11
-11
-9
-11
-13
-9
-7
-9
-9
-7
-11
-7
-9
-9
-5
-7
-5
-11
-11
-11
-11
-13
-15
-13
-10
-8
-4
-4
-2
0
4
6
6
8
8
10
4
1
0
0
-4
-1
-3
-3
0
2
-2
2
3
0
1
-1
6
8
6
9
7
7
5
7
6
7
6
7
9
6
7
4
1
-4
6
3
3
3
0
3
2
7
3
7
7
11
14
7
5
2
2
2
0
-2
1
2
3
2
6
6
6
7
6
10
7
6
5
3
2
3
1
4
6
3
5
4
4
5
2
3
6
1
0
-6
-3
-4
-8
-6
-10
-5
-1
-5
-4
-9
-7
-6
-7
-5
-4
-3
-2
-4
-5
-2
-3
-4
-3
-5
-5
-3
-2
-4
-5
-7
-7
-9
-6
-5
-3
-1
-4
-2
-9
-5
-3
-1
1
4
6
4
6
5
1
3
-1
-2
-2
-5
-4
-4
-4
-2
-1
3
1
4
3
1
3
0
1
-1
-3
-3
-3
-2
1
1
1
3
1
4
4
5
8
5
8
6
7
7
1
4
3
9
4
6
2
-1
-5
-2
-2
-5
0
-3
0
-3
-3
-6
-4
-2
-1
-4
-3
-6
-7
-8
-11
-10
-9
-5
-5
-1
-2
1
2
1
0
3
1
3
3
-2
5
2
-1
-1
-4
-5
-2
-5
-2
-2
1
5
1
4
6
4
8
7
11
8
8
5
5
3
5
7
2
3
-1
2
-4
3
1
0
7
4
7
-1
4
4
3
4
4
-1
0
-2
1
1
0
-1
-5
0
0
2
2
-1
0
1
1
3
-3
-2
-1
-4
1
-3
-5
0
1
4
6
4
5
6
-1
-1
3
1
3
1
2
1
1
-1
1
1
-4
-6
-9
-10
-11
-15
-16
-21
-15
-13
-12
-8
-8
-3
-6
-1
-2
1
0
0
-1
-3
2
-3
-2
-2
-5
-2
-5
-9
-4
-8
-7
-9
-7
-9
-9
-6
-5
-5
-4
-3
1
-1
-4
-3
-5
-1
-2
1
0
2
1
2
3
5
3
3
7
5
8
5
7
6
8
8
8
8
6
5
5
4
1
3
3
6
3
8
10
9
11
10
7
10
7
11
10
10
9
4
6
0
6
3
2
5
4
6
1
0
2
2
-1
2
-1
-1
1
-2
-2
-2
-3
0
-2
-1
-1
0
-1
-2
-7
-10
-5
-8
-6
-7
-3
-7
-2
-2
1
-3
0
5
2
3
4
4
10
9
9
8
6
7
3
1
-1
0
-1
1
3
2
4
3
4
6
5
2
3
6
3
-2
0
-6
-7
-8
-11
-9
-10
-8
-5
-8
-10
-10
-10
-11
-10
-11
-10
-10
-7
-9
-9
-7
-10
-7
-7
1
0
1
3
0
1
-2
-2
-3
-2
-2
1
0
-1
0
1
6
3
6
6
11
12
8
11
9
16
12
13
11
9
9
10
15
32
59
74
49
-1
-28
-2
62
88
59
2
-56
-84
-49
10
38
-4
-91
-143
-122
-53
-4
9
-22
-74
-93
-60
1
48
65
42
23
18
23
41
45
61
68
47
22
-10
-29
-22
-4
17
3
-32
-81
-81
-52
-42
-35
-44
-44
-48
-62
-59
-36
-5
9
10
7
10
13
20
39
60
58
37
21
26
26
21
14
-1
-14
-31
-44
-51
-52
-48
-52
-52
-38
-28
-17
-2
51
145
251
297
213
100
82
228
408
421
271
83
-15
-20
23
99
110
-38
-322
-492
-427
-241
-169
-264
-382
-437
-428
-387
-277
-127
-47
-91
-134
-66
68
156
187
266
355
398
332
253
254
297
334
308
242
146
19
-97
-146
-146
-155
-210
-282
-359
-440
-503
-448
-331
-261
-253
-279
-249
-174
-71
60
198
295
295
287
332
437
523
544
539
541
502
412
320
287
292
260
186
53
-93
-236
-328
-335
-299
-310
-408
-534
-599
-558
-456
-370
-308
-294
-292
-266
-181
-47
93
172
185
185
217
290
362
415
431
429
367
287
239
218
205
130
27
-69
-138
-207
-267
-288
-288
-300
-347
-363
-323
-265
-208
-180
-170
-115
-58
14
84
144
167
156
160
180
223
239
238
244
234
191
132
96
90
111
93
56
21
63
239
450
520
317
42
14
334
695
708
398
28
-163
-169
-63
87
62
-293
-815
-1075
-872
-542
-457
-664
-886
-950
-889
-746
-508
-254
-153
-217
-244
-69
165
278
327
432
595
646
525
398
410
503
555
515
388
210
26
-104
-143
-141
-182
-272
-387
-501
-631
-674
-563
-381
-263
-278
-310
-254
-127
17
208
405
518
505
463
525
675
769
783
823
891
877
629
344
260
400
499
358
49
-264
-527
-664
-606
-446
-450
-753
-1110
-1194
-958
-674
-513
-490
-486
-489
-420
-191
159
436
492
447
444
543
667
734
776
794
706
489
298
186
159
102
-43
-198
-370
-531
-655
-667
-592
-563
-634
-696
-651
-505
-395
-329
-217
-68
113
259
428
673
958
1278
1481
1478
1287
1116
1229
1585
1789
1560
994
441
147
97
97
5
-339
-927
-1521
-1782
-1635
-1420
-1431
-1687
-1923
-1948
-1796
-1551
-1245
-939
-738
-588
-409
-145
156
418
663
913
1113
1161
1074
956
948
1034
1072
983
731
412
131
-88
-208
-292
-391
-555
-802
-1049
-1223
-1201
-1038
-855
-746
-743
-733
-636
-405
-100
223
498
648
719
790
963
1162
1309
1363
1342
1253
1131
972
844
763
650
494
304
118
-115
-400
-632
-719
-663
-636
-762
-969
-1095
-1058
-893
-665
-500
-442
-470
-452
-277
19
311
458
474
445
488
616
719
770
763
680
551
422
341
290
175
26
-138
-273
-397
-548
-678
-756
-749
-725
-755
-799
-782
-686
-553
-431
-298
-190
-76
68
236
426
556
622
643
750
888
971
1000
996
1077
1217
1309
1284
1085
764
559
638
867
933
582
-10
-435
-527
-442
-403
-531
-856
-1322
-1695
-1715
-1392
-1056
-1069
-1322
-1516
-1432
-1135
-813
-500
-281
-200
-209
-158
79
395
609
687
706
711
624
486
395
413
448
392
199
-52
-250
-403
-474
-482
-484
-521
-635
-740
-802
-758
-603
-396
-202
-131
-110
-64
83
308
549
736
865
905
895
916
1012
1113
1126
1028
895
787
664
575
541
519
398
129
-120
-240
-264
-292
-402
-524
-669
-772
-820
-796
-704
-670
-694
-672
-602
-433
-282
-171
-46
72
189
267
331
378
456
509
534
494
410
318
225
174
125
70
-20
-165
-289
-366
-391
-393
-427
-456
-483
-467
-416
-339
-231
-122
-55
7
72
170
304
405
489
568
640
692
795
998
1325
1541
1403
1004
674
790
1218
1452
1180
559
11
-265
-302
-222
-201
-448
-1034
-1641
-1848
-1558
-1181
-1159
-1454
-1723
-1746
-1584
-1344
-1040
-760
-620
-603
-532
-292
44
292
435
580
748
808
699
566
578
710
776
669
461
207
-23
-168
-248
-292
-344
-444
-629
-842
-995
-962
-753
-540
-449
-463
-454
-355
-163
111
415
680
787
767
782
952
1172
1288
1282
1225
1156
1043
907
834
876
877
688
304
-36
-187
-199
-221
-344
-536
-767
-974
-1061
-960
-760
-656
-731
-811
-748
-552
-346
-160
-4
119
200
226
305
466
603
619
575
493
420
334
263
222
164
36
-213
-409
-505
-537
-559
-632
-671
-704
-729
-705
-610
-449
-315
-208
-94
67
217
316
439
599
774
879
911
931
996
1134
1353
1623
1699
1378
834
549
831
1306
1366
823
91
-356
-450
-402
-344
-389
-737
-1386
-1892
-1850
-1423
-1146
-1298
-1593
-1683
-1533
-1330
-1105
-813
-538
-405
-384
-287
-16
252
396
508
670
793
722
478
314
365
517
544
372
116
-136
-295
-381
-394
-394
-395
-478
-612
-776
-826
-695
-446
-251
-203
-201
-158
-17
139
409
689
858
851
762
805
979
1132
1150
1090
998
868
674
533
522
632
706
540
106
-372
-564
-428
-125
-10
-252
-661
-1048
-1104
-787
-359
-200
-436
-780
-858
-589
-178
141
277
218
42
-34
123
445
628
572
405
262
161
57
0
61
123
6
-234
-466
-557
-545
-464
-357
-289
-363
-543
-635
-448
-111
106
130
116
230
343
408
523
716
898
924
893
1042
1367
1625
1556
1139
743
724
1090
1432
1261
609
-64
-382
-364
-230
-186
-410
-999
-1717
-2012
-1669
-1110
-964
-1352
-1784
-1835
-1524
-1123
-762
-507
-452
-570
-602
-319
150
427
451
443
557
668
594
412
346
425
489
378
146
-94
-291
-410
-493
-505
-524
-568
-659
-812
-946
-917
-674
-375
-233
-241
-235
-140
50
258
536
826
949
924
882
1003
1210
1300
1261
1195
1165
1059
877
751
775
793
631
310
13
-137
-161
-199
-296
-424
-616
-810
-921
-860
-701
-620
-663
-749
-706
-541
-314
-108
27
113
154
178
253
411
526
558
486
374
284
225
168
103
38
-85
-278
-471
-601
-638
-645
-658
-662
-656
-663
-657
-614
-490
-287
-95
14
130
256
422
572
718
876
1012
1093
1094
1218
1491
1746
1732
1361
896
768
1063
1352
1188
569
-76
-424
-520
-502
-492
-656
-1116
-1720
-2024
-1797
-1332
-1154
-1397
-1652
-1630
-1369
-1056
-747
-477
-347
-340
-337
-113
256
501
548
521
571
636
596
476
397
388
368
249
84
-81
-253
-426
-554
-601
-606
-617
-671
-772
-913
-908
-742
-455
-261
-227
-205
-94
107
342
589
801
947
939
905
1020
1235
1369
1282
1130
1059
1000
859
673
573
586
606
571
361
-29
-419
-619
-473
-177
-98
-379
-850
-1173
-1092
-687
-301
-216
-468
-753
-754
-425
57
404
449
251
48
72
340
620
688
554
353
176
74
41
46
29
-87
-286
-455
-571
-643
-673
-642
-532
-485
-569
-688
-627
-375
-102
66
120
185
252
335
512
754
977
1028
1008
1161
1498
1745
1588
1133
817
924
1305
1458
1110
459
-93
-360
-362
-269
-266
-583
-1240
-1867
-1991
-1584
-1165
-1173
-1545
-1841
-1803
-1530
-1157
-773
-523
-501
-589
-526
-162
285
525
546
580
693
721
617
515
521
579
531
328
120
-111
-308
-487
-572
-559
-570
-661
-813
-962
-1043
-935
-682
-431
-330
-355
-303
-109
160
426
672
884
969
973
1016
1184
1349
1396
1348
1328
1295
1144
931
741
651
606
586
548
435
6
-551
-857
-683
-244
-108
-427
-940
-1277
-1254
-874
-437
-239
-434
-808
-935
-599
2
454
520
308
46
40
314
639
840
751
504
256
95
84
108
63
-62
-248
-420
-560
-716
-819
-765
-610
-525
-604
-771
-748
-460
-136
18
84
198
372
569
647
749
897
1015
1212
1530
1864
1885
1425
835
721
1213
1727
1617
910
84
-385
-440
-297
-145
-291
-900
-1726
-2225
-2051
-1480
-1154
-1352
-1737
-1947
-1830
-1486
-1036
-592
-357
-362
-467
-363
-1
371
613
716
763
760
627
456
424
506
592
520
269
-14
-265
-425
-512
-526
-526
-592
-713
-891
-1039
-1037
-836
-551
-353
-309
-315
-228
-29
262
553
820
973
984
954
1011
1187
1335
1365
1296
1197
1075
908
744
656
657
685
659
529
188
-290
-620
-549
-168
70
-122
-635
-1103
-1162
-766
-279
-66
-260
-648
-832
-606
-75
426
588
346
-28
-155
104
505
707
581
306
33
-146
-143
-50
16
-58
-280
-524
-666
-687
-680
-634
-522
-467
-530
-658
-629
-359
-44
115
110
98
211
373
535
691
838
986
1174
1466
1688
1593
1144
779
915
1421
1680
1326
626
20
-254
-247
-118
-38
-314
-1030
-1736
-1911
-1540
-1122
-1083
-1371
-1651
-1775
-1712
-1409
-909
-482
-384
-573
-668
-473
-91
250
464
632
707
585
373
296
442
606
611
462
219
-17
-234
-346
-351
-283
-268
-390
-617
-866
-973
-871
-591
-328
-236
-329
-414
-356
-117
241
558
751
760
686
704
872
1111
1240
1254
1193
1079
957
824
727
713
766
783
738
540
175
-201
-390
-259
14
63
-225
-688
-1033
-1027
-685
-330
-247
-517
-874
-959
-682
-161
213
259
51
-181
-197
54
436
640
580
341
110
2
60
161
170
59
-167
-396
-543
-586
-547
-475
-440
-484
-612
-707
-691
-457
-171
32
89
59
71
199
402
642
851
999
1187
1420
1578
1485
1209
1015
1179
1548
1665
1332
728
252
32
5
38
-12
-371
-1046
-1652
-1815
-1522
-1214
-1282
-1591
-1839
-1888
-1742
-1439
-1041
-705
-589
-649
-628
-388
-25
280
508
665
738
653
480
440
574
760
777
574
242
-35
-191
-275
-291
-310
-385
-553
-794
-996
-1069
-943
-706
-518
-480
-547
-545
-429
-183
187
532
755
784
725
768
998
1280
1414
1424
1343
1218
1061
918
888
943
987
860
582
251
-56
-179
-155
-102
-117
-360
-718
-998
-1031
-824
-584
-497
-595
-743
-797
-644
-311
57
273
258
127
74
226
463
653
716
608
420
209
119
152
217
144
-94
-392
-606
-667
-645
-583
-586
-683
-862
-918
-834
-629
-407
-273
-164
-79
7
120
288
495
721
874
979
1123
1399
1698
1751
1456
1080
1013
1340
1656
1519
975
387
17
-133
-149
-134
-261
-735
-1450
-1875
-1726
-1334
-1210
-1480
-1806
-1873
-1750
-1529
-1170
-815
-611
-648
-679
-471
-78
233
377
499
660
721
615
480
488
609
663
579
380
199
-8
-213
-340
-382
-341
-367
-511
-723
-923
-930
-743
-485
-329
-345
-420
-389
-222
49
379
636
742
695
688
837
1041
1178
1185
1144
1132
1057
927
822
784
842
841
689
457
152
-99
-195
-157
-84
-151
-383
-705
-883
-812
-614
-467
-471
-564
-660
-628
-443
-145
111
206
148
52
124
295
442
482
450
345
220
121
93
116
65
-106
-325
-502
-572
-614
-632
-639
-678
-734
-795
-759
-658
-512
-406
-308
-146
36
156
211
281
453
685
878
1041
1229
1514
1690
1561
1208
970
1191
1664
1802
1402
750
306
115
45
91
73
-230
-947
-1689
-1839
-1439
-1066
-1195
-1626
-1902
-1896
-1746
-1468
-1056
-724
-685
-868
-851
-470
-5
209
273
395
560
611
478
404
555
716
723
589
383
174
-19
-174
-205
-165
-196
-318
-550
-806
-922
-835
-637
-447
-457
-534
-581
-482
-242
35
338
549
606
553
626
852
1073
1161
1160
1152
1144
1052
919
857
863
850
758
676
659
557
242
-160
-355
-193
37
-11
-324
-702
-918
-908
-693
-405
-299
-521
-883
-969
-613
-95
218
217
47
-85
-34
148
427
636
581
334
97
60
121
155
63
-68
-176
-320
-521
-674
-667
-577
-491
-535
-649
-733
-723
-547
-267
-51
17
-44
-38
161
467
718
870
956
1170
1520
1778
1646
1259
1080
1337
1790
1893
1460
810
323
100
93
174
107
-356
-1154
-1813
-1875
-1472
-1196
-1400
-1800
-2052
-2065
-1897
-1574
-1134
-847
-836
-982
-866
-460
-56
206
370
581
686
599
469
489
688
862
843
661
435
190
5
-97
-90
-80
-179
-366
-611
-809
-863
-742
-544
-436
-471
-588
-586
-412
-141
143
402
543
549
540
659
923
1148
1213
1190
1153
1144
1067
956
966
1058
1093
837
498
236
152
174
104
-21
-199
-429
-691
-816
-703
-534
-537
-703
-837
-790
-649
-518
-329
-123
-1
15
6
120
322
470
537
528
490
413
295
232
264
243
86
-183
-382
-411
-447
-562
-682
-749
-773
-828
-868
-802
-721
-651
-581
-408
-146
-2
-12
-6
218
567
779
829
873
1121
1548
1835
1708
1282
975
1174
1690
1907
1576
916
365
85
38
139
161
-204
-993
-1732
-1857
-1470
-1174
-1329
-1748
-1998
-2000
-1849
-1548
-1150
-891
-910
-1010
-865
-461
-81
89
221
459
664
664
501
430
570
747
760
662
462
249
57
-74
-125
-146
-199
-317
-491
-697
-866
-841
-654
-473
-435
-497
-495
-396
-226
34
334
563
604
537
577
784
1016
1132
1195
1212
1167
1026
905
933
1082
1170
1042
756
482
285
179
177
206
106
-209
-608
-859
-818
-649
-572
-651
-819
-913
-905
-764
-490
-212
-85
-122
-188
-78
170
394
495
496
492
416
361
344
403
413
255
21
-160
-225
-322
-456
-540
-558
-588
-717
-842
-827
-700
-600
-596
-533
-329
-146
-92
-96
82
391
630
689
766
1100
1506
1730
1578
1219
1111
1386
1827
1959
1575
992
510
275
233
280
222
-166
-923
-1608
-1732
-1393
-1156
-1381
-1831
-2114
-2128
-1975
-1686
-1316
-1071
-1114
-1264
-1143
-719
-293
-69
44
233
419
453
393
435
637
819
832
718
566
428
271
155
89
64
27
-110
-284
-526
-702
-681
-522
-378
-378
-488
-548
-458
-281
-29
258
466
502
459
546
779
1057
1176
1191
1203
1198
1130
1051
1107
1245
1316
1154
816
460
303
302
368
388
193
-184
-597
-806
-725
-499
-486
-737
-1024
-1121
-995
-781
-535
-346
-308
-369
-371
-180
146
382
442
411
366
342
318
355
426
399
227
-41
-204
-234
-306
-439
-526
-574
-615
-751
-845
-796
-673
-655
-673
-589
-397
-215
-218
-191
13
336
532
581
659
967
1447
1770
1692
1312
1059
1251
1789
2091
1840
1232
648
362
313
424
455
132
-654
-1453
-1685
-1387
-1086
-1244
-1697
-2052
-2133
-2030
-1784
-1450
-1224
-1241
-1367
-1266
-878
-471
-241
-73
140
340
398
348
390
583
783
837
763
630
471
335
232
159
104
38
-50
-206
-444
-664
-709
-567
-402
-384
-480
-542
-503
-360
-110
187
408
453
394
434
655
925
1073
1131
1147
1168
1124
1066
1079
1113
1076
918
748
667
630
584
519
417
196
-128
-401
-442
-260
-169
-359
-728
-1012
-1046
-898
-737
-614
-592
-693
-770
-691
-401
-71
62
8
-75
-45
96
252
387
433
365
168
-8
-22
73
134
35
-122
-261
-353
-462
-537
-516
-427
-379
-409
-391
-306
-192
-165
-133
50
315
486
487
494
725
1180
1555
1607
1324
1032
1050
1410
1759
1755
1344
785
381
245
298
365
166
-416
-1091
-1472
-1377
-1164
-1181
-1500
-1823
-1940
-1888
-1738
-1544
-1360
-1281
-1308
-1243
-1000
-706
-493
-345
-155
74
210
215
209
309
512
644
642
586
503
390
278
206
192
196
144
15
-184
-384
-461
-369
-248
-203
-260
-337
-347
-289
-124
117
314
372
324
330
458
661
835
932
996
1023
964
895
924
1087
1234
1179
943
703
564
547
587
568
432
147
-195
-408
-371
-288
-342
-578
-833
-937
-908
-821
-704
-564
-492
-539
-564
-425
-198
-13
62
102
171
196
171
173
255
335
280
122
-22
-86
-136
-186
-208
-228
-339
-517
-636
-546
-400
-362
-442
-485
-372
-239
-158
-87
30
178
312
382
502
787
1170
1524
1585
1298
937
963
1433
1915
1887
1349
760
400
302
362
475
357
-204
-1049
-1568
-1450
-1095
-1062
-1436
-1848
-2028
-2019
-1917
-1640
-1341
-1220
-1337
-1378
-1150
-788
-533
-423
-201
117
297
249
171
251
456
633
700
679
567
393
231
159
206
252
211
58
-165
-398
-517
-437
-247
-152
-228
-334
-354
-289
-150
104
365
502
474
423
502
693
899
1033
1117
1160
1117
1009
951
1010
1149
1192
1124
913
656
451
338
353
395
280
-42
-437
-678
-665
-624
-639
-750
-899
-1018
-1062
-943
-698
-475
-441
-510
-510
-359
-127
57
175
223
220
153
122
183
256
245
140
17
-85
-170
-266
-334
-323
-320
-438
-603
-667
-547
-400
-359
-388
-361
-222
-82
13
80
212
369
464
630
922
1340
1644
1574
1199
953
1200
1740
2090
1832
1196
692
463
458
532
525
235
-456
-1257
-1583
-1317
-989
-1086
-1551
-1957
-2073
-2022
-1826
-1509
-1232
-1205
-1399
-1457
-1155
-709
-424
-290
-149
47
135
105
108
261
508
640
646
571
424
274
194
216
256
257
137
-36
-241
-424
-455
-317
-149
-145
-279
-387
-350
-200
-37
165
368
470
429
411
558
790
952
1031
1100
1130
1084
951
895
957
1047
1053
991
965
913
679
326
112
161
348
337
49
-341
-638
-807
-782
-592
-492
-652
-1052
-1291
-1113
-695
-399
-346
-436
-486
-465
-291
-4
240
297
156
37
49
157
203
154
116
80
-3
-151
-294
-325
-301
-330
-393
-449
-501
-504
-486
-375
-233
-149
-163
-148
19
234
403
498
652
972
1382
1620
1461
1074
928
1264
1837
2023
1648
1007
538
399
456
585
557
148
-648
-1341
-1459
-1130
-899
-1164
-1627
-1941
-2031
-1975
-1760
-1427
-1206
-1230
-1410
-1373
-1064
-721
-474
-258
-13
161
109
21
86
363
620
714
654
490
311
169
154
228
280
214
21
-214
-433
-547
-460
-250
-121
-189
-358
-413
-323
-145
72
268
418
417
348
401
624
877
1035
1072
1095
1101
1051
1034
1097
1255
1389
1308
1034
705
504
512
640
679
453
30
-425
-676
-570
-348
-318
-609
-1008
-1203
-1126
-878
-621
-450
-462
-611
-711
-584
-264
47
137
103
25
-18
-26
32
187
267
180
-47
-215
-269
-256
-248
-237
-247
-370
-585
-734
-689
-504
-389
-406
-410
-344
-256
-216
-109
121
371
518
614
828
1190
1544
1657
1434
1153
1176
1607
2052
2026
1493
881
546
506
568
564
343
-251
-1046
-1529
-1380
-988
-977
-1417
-1892
-2070
-1961
-1779
-1489
-1213
-1141
-1279
-1371
-1133
-724
-418
-279
-152
71
205
147
69
207
455
615
615
504
380
204
89
72
130
142
32
-148
-379
-541
-598
-451
-236
-202
-350
-479
-427
-255
-44
183
402
503
460
457
608
842
999
1051
1076
1139
1125
996
928
976
1061
1019
881
792
801
850
752
450
132
-16
11
93
44
-163
-485
-840
-964
-809
-568
-555
-827
-1087
-1049
-760
-483
-312
-249
-261
-298
-263
-89
152
260
197
115
114
112
16
-86
-102
-32
-56
-224
-374
-463
-498
-473
-415
-342
-381
-500
-528
-341
-101
-21
-93
-93
102
356
537
672
902
1233
1499
1494
1283
1118
1282
1741
2042
1860
1327
838
614
585
621
586
281
-364
-1103
-1412
-1219
-992
-1117
-1556
-1906
-1986
-1938
-1785
-1543
-1284
-1245
-1387
-1424
-1192
-826
-579
-406
-189
42
85
-18
-15
233
548
686
622
491
332
200
163
207
260
202
27
-180
-374
-509
-489
-318
-178
-214
-383
-484
-406
-233
17
259
430
453
367
378
604
902
1078
1132
1128
1116
1041
977
1021
1164
1274
1235
1096
885
644
457
434
548
604
391
-64
-488
-649
-526
-372
-366
-588
-941
-1172
-1177
-928
-594
-380
-421
-620
-714
-557
-230
60
188
145
43
-68
-62
71
230
280
114
-121
-268
-330
-333
-325
-300
-328
-473
-647
-769
-691
-506
-421
-408
-380
-264
-155
-81
-12
163
409
568
661
811
1129
1548
1824
1685
1353
1185
1450
1966
2137
1801
1182
700
483
466
528
447
73
-700
-1418
-1566
-1289
-1095
-1332
-1806
-2084
-2084
-1996
-1781
-1505
-1307
-1347
-1440
-1313
-987
-638
-472
-305
-41
181
220
132
146
363
615
687
627
467
323
208
167
179
158
88
-67
-234
-421
-539
-498
-379
-286
-350
-446
-459
-354
-169
48
288
434
456
435
546
795
1016
1097
1160
1242
1252
1156
1068
1113
1186
1157
992
797
684
621
596
657
727
538
8
-457
-472
-98
208
18
-496
-947
-1117
-975
-631
-351
-361
-719
-1098
-1103
-691
-191
25
-73
-325
-468
-388
-187
93
252
171
-93
-335
-373
-249
-129
-107
-159
-264
-438
-620
-697
-562
-355
-253
-315
-403
-360
-254
-102
38
199
397
525
604
703
907
1276
1654
1796
1654
1375
1274
1521
1864
1963
1663
1169
726
469
409
427
324
-122
-790
-1303
-1394
-1238
-1224
-1493
-1822
-1986
-1995
-1902
-1759
-1621
-1541
-1547
-1504
-1277
-989
-775
-650
-481
-193
33
127
113
175
352
500
568
566
533
433
280
151
140
173
183
103
-88
-319
-460
-434
-279
-133
-127
-196
-237
-199
-50
172
383
496
481
472
572
754
925
1005
1058
1106
1109
1055
1021
1053
1143
1218
1244
1147
877
591
454
521
609
497
157
-257
-501
-555
-467
-441
-544
-775
-1023
-1102
-972
-708
-507
-489
-605
-666
-551
-334
-136
-40
-30
-52
-112
-106
-54
19
30
-59
-168
-242
-317
-414
-458
-413
-351
-402
-562
-668
-640
-515
-440
-407
-321
-244
-182
-127
12
248
459
554
596
773
1034
1374
1715
1938
1859
1498
1253
1472
2015
2224
1829
1143
646
447
419
413
345
-37
-790
-1483
-1654
-1371
-1204
-1454
-1902
-2116
-2095
-2037
-1918
-1710
-1509
-1496
-1519
-1380
-1030
-720
-591
-433
-140
172
278
217
210
365
542
652
672
611
469
257
108
73
114
116
16
-136
-340
-522
-556
-400
-245
-190
-251
-295
-231
-134
27
259
514
598
582
605
786
990
1114
1195
1281
1342
1240
1076
1006
1078
1167
1191
1161
1054
801
434
177
206
352
347
80
-344
-669
-810
-764
-625
-553
-679
-949
-1115
-1003
-696
-435
-371
-450
-515
-493
-349
-144
20
95
28
-73
-122
-108
-71
-83
-116
-166
-269
-409
-516
-541
-516
-498
-542
-629
-666
-637
-577
-478
-370
-252
-112
31
157
261
371
525
759
985
1171
1347
1612
1885
1950
1703
1376
1446
1828
2072
1862
1310
812
496
319
234
243
49
-543
-1339
-1774
-1606
-1321
-1388
-1769
-2042
-2108
-2111
-2044
-1807
-1524
-1406
-1464
-1423
-1090
-705
-521
-441
-196
160
353
281
210
355
593
729
711
652
527
370
215
155
176
181
128
-13
-210
-434
-524
-427
-222
-112
-156
-239
-273
-203
-35
232
478
548
470
464
634
890
1037
1081
1135
1175
1127
1063
1042
1107
1109
965
824
732
631
488
412
516
607
302
-266
-629
-513
-128
-4
-275
-682
-1032
-1156
-944
-576
-342
-505
-935
-1155
-923
-471
-160
-121
-326
-507
-533
-392
-127
86
61
-134
-336
-414
-306
-185
-149
-187
-234
-334
-438
-508
-477
-328
-224
-208
-198
-159
-49
120
231
311
449
637
851
993
1019
1100
1403
1826
2123
2009
1579
1239
1352
1786
2054
1801
1178
570
192
92
160
193
-180
-918
-1604
-1799
-1586
-1442
-1640
-1961
-2141
-2164
-2137
-2058
-1869
-1688
-1598
-1509
-1295
-995
-816
-741
-527
-123
261
360
267
258
418
613
725
783
765
617
363
190
187
248
237
135
-5
-211
-415
-440
-274
-79
-36
-142
-228
-166
-18
137
332
495
541
524
594
777
953
1051
1123
1179
1193
1141
1061
1021
1102
1140
1130
1070
874
523
196
126
282
370
120
-324
-695
-820
-757
-629
-551
-634
-894
-1159
-1169
-874
-527
-354
-441
-585
-606
-510
-325
-122
0
0
-129
-267
-297
-192
-119
-110
-157
-261
-385
-531
-592
-513
-383
-323
-375
-476
-526
-502
-397
-274
-116
57
166
261
347
468
639
841
1002
1101
1178
1336
1660
2077
2210
1807
1283
1149
1623
2121
1990
1331
639
208
31
55
180
90
-578
-1547
-2070
-1834
-1391
-1371
-1775
-2147
-2265
-2269
-2173
-1868
-1465
-1295
-1392
-1441
-1153
-767
-560
-420
-137
237
376
241
133
282
555
720
749
725
604
366
195
184
297
316
182
13
-178
-364
-455
-342
-121
-34
-144
-249
-193
-69
49
241
470
632
625
590
713
932
1043
1098
1224
1331
1279
1094
969
1046
1147
1143
1110
987
723
327
41
119
329
285
-121
-571
-818
-874
-782
-651
-612
-787
-1093
-1270
-1111
-746
-507
-510
-662
-702
-612
-437
-213
-40
9
-74
-176
-219
-137
-30
-38
-122
-209
-287
-360
-443
-460
-409
-371
-417
-492
-509
-446
-348
-256
-190
-71
78
236
369
477
610
751
899
1038
1208
1435
1781
2116
2154
1802
1350
1280
1764
2236
2082
1389
678
270
126
113
166
48
-582
-1553
-2104
-1909
-1453
-1399
-1835
-2259
-2376
-2348
-2231
-1936
-1562
-1404
-1524
-1577
-1273
-805
-547
-439
-180
190
393
338
252
382
656
823
859
842
733
513
299
246
345
392
288
116
-102
-350
-480
-415
-184
-55
-157
-299
-318
-221
-70
150
409
567
551
514
645
873
1056
1126
1195
1263
1240
1122
1038
1111
1155
1083
962
888
755
440
87
-18
113
159
-87
-482
-734
-858
-855
-773
-675
-715
-970
-1202
-1178
-838
-534
-460
-548
-607
-553
-428
-224
-23
57
-19
-163
-190
-113
-4
7
-81
-172
-232
-314
-417
-441
-424
-401
-429
-476
-480
-434
-398
-334
-240
-93
66
204
335
475
626
749
889
1048
1202
1359
1582
1871
2113
2049
1651
1297
1361
1797
2040
1717
1064
481
173
50
33
18
-283
-1005
-1776
-2047
-1740
-1445
-1628
-2063
-2364
-2360
-2300
-2135
-1793
-1514
-1441
-1517
-1397
-991
-567
-395
-286
12
342
501
449
430
582
751
823
823
814
709
479
275
218
239
247
150
14
-183
-399
-517
-407
-193
-114
-161
-253
-217
-103
38
263
498
615
585
594
775
1005
1117
1142
1211
1287
1255
1124
1025
1017
1016
967
931
875
632
183
-144
-136
73
50
-297
-690
-925
-1013
-964
-812
-715
-813
-1100
-1258
-1055
-678
-439
-444
-532
-522
-436
-273
-95
62
80
-49
-142
-112
-6
51
6
-74
-120
-165
-243
-311
-323
-302
-293
-351
-384
-355
-276
-225
-204
-129
17
200
354
460
532
631
801
1012
1179
1262
1342
1498
1834
2110
1971
1528
1139
1240
1631
1774
1423
793
239
-127
-272
-214
-178
-487
-1271
-2015
-2164
-1841
-1601
-1775
-2108
-2304
-2343
-2301
-2083
-1709
-1436
-1408
-1415
-1183
-793
-523
-385
-167
217
515
589
510
529
684
799
875
946
944
717
448
291
294
317
278
200
80
-140
-407
-470
-275
-64
-41
-135
-188
-140
-57
92
320
539
615
605
663
852
1011
1029
1090
1227
1321
1252
1085
979
962
973
983
995
832
414
-57
-230
-62
103
-45
-469
-875
-1102
-1123
-966
-783
-777
-1057
-1325
-1316
-1023
-675
-521
-531
-567
-544
-428
-216
-29
78
55
3
-16
21
70
26
-17
-67
-85
-126
-217
-309
-366
-333
-280
-278
-323
-351
-326
-270
-161
-29
105
269
378
490
603
745
906
1012
1121
1269
1519
1835
2065
1990
1572
1191
1248
1687
1980
1664
970
341
-6
-101
-77
-72
-331
-1052
-1893
-2213
-1926
-1597
-1700
-2091
-2366
-2402
-2352
-2189
-1841
-1487
-1361
-1424
-1328
-959
-563
-349
-191
133
512
648
559
512
661
872
977
1047
1016
845
546
307
288
356
347
230
49
-202
-453
-572
-431
-184
-120
-199
-290
-245
-144
-15
214
476
641
639
606
739
939
1080
1165
1238
1298
1239
1063
954
992
1034
1007
932
801
522
123
-151
-115
60
7
-360
-769
-1013
-1090
-1003
-855
-780
-919
-1211
-1338
-1144
-750
-476
-443
-529
-562
-465
-285
-53
108
153
74
-17
-22
46
133
91
2
-75
-121
-164
-265
-320
-294
-234
-225
-263
-311
-304
-243
-172
-49
99
267
367
449
527
680
833
984
1083
1196
1384
1594
1846
1930
1691
1296
1102
1355
1720
1638
1115
470
59
-165
-244
-240
-335
-808
-1608
-2139
-2053
-1668
-1587
-1902
-2262
-2356
-2318
-2178
-1867
-1488
-1313
-1380
-1394
-1086
-585
-281
-143
44
381
630
656
627
738
923
1016
1039
1015
935
720
457
366
382
360
236
78
-90
-287
-458
-450
-301
-192
-223
-294
-256
-171
-75
90
336
551
590
562
655
855
1012
1078
1140
1222
1208
1046
921
934
981
956
897
798
567
207
-130
-187
-34
-4
-245
-634
-940
-1086
-1066
-934
-796
-832
-1106
-1345
-1273
-922
-576
-455
-509
-551
-507
-355
-134
105
248
206
85
4
70
183
229
178
87
16
-98
-213
-240
-178
-109
-137
-228
-284
-272
-226
-191
-96
107
311
416
432
440
580
779
948
1122
1244
1397
1609
1788
1783
1527
1251
1222
1510
1680
1422
869
342
22
-124
-202
-228
-448
-1100
-1822
-2152
-1932
-1612
-1639
-1990
-2283
-2366
-2316
-2090
-1702
-1360
-1303
-1421
-1356
-940
-454
-191
-10
224
473
580
578
664
889
1054
1065
1030
960
821
609
442
396
396
315
151
-10
-201
-417
-501
-382
-222
-208
-319
-379
-307
-174
-23
198
430
510
453
481
711
973
1091
1094
1115
1161
1115
1004
957
977
987
893
756
602
344
82
-62
-15
13
-189
-539
-822
-942
-933
-885
-875
-900
-1057
-1205
-1218
-1015
-691
-498
-486
-546
-531
-403
-174
53
183
199
120
40
58
181
299
303
201
22
-105
-169
-187
-152
-117
-132
-189
-277
-326
-236
-102
-54
-14
84
272
396
450
470
586
797
959
1070
1103
1162
1329
1601
1826
1758
1392
1014
1010
1328
1494
1220
632
88
-252
-428
-439
-446
-690
-1278
-1936
-2168
-1935
-1692
-1780
-2023
-2161
-2146
-2053
-1886
-1583
-1294
-1158
-1117
-935
-560
-257
-100
49
356
680
808
789
774
844
952
989
1006
993
843
580
357
258
261
243
144
2
-243
-476
-587
-477
-288
-221
-270
-323
-285
-196
-42
163
394
507
532
584
729
885
939
976
1056
1118
1056
917
818
834
861
852
768
570
245
-93
-194
-93
-6
-188
-556
-894
-1057
-1046
-950
-851
-875
-1042
-1239
-1225
-944
-597
-418
-409
-472
-448
-295
-74
143
289
284
189
108
123
224
309
289
205
100
-3
-98
-166
-155
-84
-40
-100
-174
-217
-171
-62
31
137
266
366
417
450
512
683
909
1063
1117
1149
1301
1572
1780
1669
1286
981
1068
1389
1462
1096
544
71
-227
-381
-419
-439
-748
-1422
-2036
-2130
-1835
-1649
-1827
-2134
-2283
-2255
-2140
-1891
-1516
-1228
-1192
-1218
-1021
-588
-212
-32
153
431
685
759
754
824
1006
1098
1091
1067
1022
861
619
439
373
357
274
135
-42
-276
-531
-583
-437
-257
-263
-394
-424
-340
-199
-37
186
384
443
425
502
714
915
988
1010
1062
1087
1006
894
872
948
985
876
647
426
212
37
-18
-18
-96
-357
-701
-901
-901
-848
-836
-906
-984
-1053
-1091
-1023
-835
-580
-474
-495
-509
-397
-195
-28
103
216
255
199
120
137
244
325
290
166
32
-71
-96
-132
-103
-50
-103
-216
-292
-262
-187
-136
-75
47
231
361
399
404
494
665
854
1026
1082
1076
1062
1228
1584
1849
1704
1207
766
816
1164
1308
1013
444
-86
-493
-693
-674
-576
-790
-1453
-2094
-2236
-1973
-1779
-1850
-2043
-2095
-2070
-2041
-1875
-1515
-1188
-1052
-980
-759
-358
-74
33
226
574
899
992
921
900
967
1047
1078
1105
1054
849
562
346
257
248
196
75
-64
-304
-526
-602
-482
-291
-264
-313
-333
-258
-165
-52
169
407
541
552
593
735
896
973
1003
1081
1104
1022
882
828
879
902
814
621
398
175
4
-68
-90
-169
-399
-703
-915
-964
-945
-948
-994
-1028
-1069
-1101
-1000
-802
-564
-461
-444
-428
-313
-137
8
134
233
285
216
148
153
246
322
258
170
61
-27
-62
-88
-70
-66
-121
-193
-222
-177
-99
-78
-24
79
236
350
397
484
601
750
870
940
1020
1074
1191
1426
1728
1752
1359
875
702
1039
1369
1221
658
42
-406
-618
-653
-541
-593
-1129
-1890
-2273
-2081
-1739
-1704
-1920
-2103
-2127
-2098
-1948
-1577
-1175
-993
-988
-870
-529
-184
-16
184
528
882
994
931
906
971
1043
1077
1149
1172
979
619
371
308
278
209
109
12
-182
-518
-711
-624
-376
-259
-322
-375
-333
-275
-215
18
360
539
491
426
551
766
872
899
969
1069
1021
863
776
835
882
846
733
570
312
20
-129
-85
-26
-165
-484
-795
-941
-940
-930
-882
-873
-946
-1063
-1088
-890
-629
-439
-384
-370
-312
-193
-40
104
252
314
268
189
155
215
291
309
218
90
-1
-68
-85
-88
-71
-83
-148
-211
-221
-140
-99
-91
-32
144
328
396
362
383
513
690
853
953
998
1015
1115
1353
1643
1633
1183
681
633
1003
1251
982
424
-99
-490
-701
-695
-580
-712
-1296
-1982
-2208
-1921
-1664
-1710
-1923
-2020
-1988
-1912
-1701
-1350
-1046
-942
-890
-655
-264
16
144
304
607
896
1009
989
964
1006
1038
1069
1106
1060
867
586
362
269
206
125
53
-55
-260
-529
-643
-529
-372
-333
-378
-364
-313
-270
-183
33
302
430
434
476
646
777
814
844
937
1019
964
825
757
782
804
723
568
387
202
23
-89
-124
-209
-377
-622
-793
-832
-828
-826
-851
-883
-893
-888
-802
-630
-442
-343
-326
-263
-165
-40
103
188
245
249
202
168
172
206
239
208
128
62
-14
-82
-108
-103
-74
-107
-188
-209
-144
-86
-79
-82
2
178
311
377
434
520
596
687
777
891
990
1031
1137
1390
1590
1419
961
571
642
1013
1113
771
246
-243
-611
-774
-697
-581
-811
-1444
-2030
-2096
-1815
-1609
-1664
-1826
-1887
-1897
-1819
-1566
-1181
-934
-852
-783
-512
-169
56
187
399
740
974
1032
1015
991
1005
1043
1102
1159
1092
844
563
377
284
228
132
69
-62
-329
-629
-707
-546
-376
-347
-402
-403
-351
-341
-203
68
321
418
398
461
621
728
746
808
920
969
866
719
696
734
713
638
520
383
148
-90
-183
-185
-222
-392
-629
-802
-883
-908
-872
-816
-810
-848
-885
-806
-625
-464
-339
-272
-201
-111
-14
92
216
287
302
268
244
270
308
325
258
191
121
78
21
-9
-32
-46
-91
-156
-139
-85
-38
-52
-44
16
95
200
308
441
555
589
598
642
752
874
944
974
1084
1294
1333
1103
717
466
565
789
806
500
16
-455
-757
-838
-737
-698
-976
-1536
-1957
-1992
-1801
-1624
-1639
-1709
-1755
-1782
-1708
-1447
-1095
-838
-700
-562
-325
-52
129
333
646
954
1104
1101
1056
1033
1029
1041
1086
1078
952
705
457
293
177
76
-2
-18
-114
-384
-643
-718
-591
-415
-345
-331
-350
-376
-386
-225
71
308
384
383
457
564
658
700
806
908
914
832
771
788
787
720
595
520
405
202
-13
-121
-176
-287
-467
-633
-727
-806
-862
-888
-863
-828
-817
-797
-680
-525
-418
-334
-224
-104
-2
94
190
286
346
306
293
338
382
377
314
255
197
137
88
58
40
16
-58
-131
-129
-103
-97
-112
-87
-16
36
40
44
127
281
416
472
471
463
465
537
687
924
1137
1214
1079
761
528
521
746
941
817
406
-76
-437
-585
-558
-538
-680
-1067
-1552
-1814
-1787
-1664
-1593
-1612
-1665
-1726
-1747
-1587
-1303
-999
-748
-589
-413
-258
-88
147
474
805
1033
1136
1114
1009
862
863
1051
1236
1181
840
445
199
98
116
173
172
-2
-378
-717
-765
-559
-324
-226
-304
-415
-528
-515
-279
78
322
363
298
289
410
571
722
877
1009
1011
920
822
753
750
779
779
712
491
141
-148
-251
-251
-257
-367
-586
-843
-1040
-1078
-944
-780
-705
-734
-787
-762
-620
-416
-186
8
95
109
132
226
337
415
463
519
510
469
362
272
232
190
144
100
28
-82
-182
-241
-233
-204
-201
-173
-186
-196
-149
-67
55
151
209
252
286
322
430
588
729
849
1012
1288
1457
1358
996
616
525
698
936
939
483
-253
-837
-1045
-875
-723
-904
-1364
-1856
-2093
-1957
-1640
-1386
-1361
-1503
-1615
-1498
-1164
-801
-513
-370
-257
-102
48
197
387
605
832
979
949
830
696
623
650
719
733
618
407
200
26
-34
-56
-96
-152
-238
-325
-444
-542
-525
-364
-168
-90
-87
-109
-50
92
247
415
543
571
554
561
612
681
709
729
762
731
593
414
279
248
249
189
51
-150
-362
-527
-563
-499
-439
-493
-610
-680
-626
-477
-322
-207
-151
-91
-43
65
184
259
317
328
348
360
351
313
273
253
217
174
121
60
-9
-62
-88
-117
-192
-237
-247
-207
-184
-181
-151
-115
-77
-44
16
117
213
278
283
285
308
351
411
459
433
342
225
192
329
521
642
453
114
-109
-83
187
377
352
105
-228
-455
-433
-280
-188
-307
-576
-789
-849
-808
-739
-700
-743
-802
-866
-845
-788
-752
-710
-626
-483
-400
-371
-349
-285
-119
74
226
299
277
207
195
231
345
439
445
399
318
248
190
174
200
244
260
162
14
-90
-92
-15
73
117
69
-30
-94
-50
64
169
257
276
245
248
260
328
391
454
491
463
388
325
317
322
334
298
209
97
-32
-105
-112
-92
-121
-199
-298
-354
-340
-305
-275
-262
-224
-185
-159
-141
-102
-47
7
58
105
147
147
155
160
212
245
239
226
178
164
153
156
133
79
29
26
46
48
5
-31
-29
-30
-15
26
52
53
29
4
34
53
110
134
146
124
50
-9
-56
-39
28
130
158
76
-83
-184
-150
-13
101
90
10
-136
-242
-234
-145
-75
-106
-235
-385
-441
-452
-422
-390
-373
-414
-498
-559
-583
-550
-466
-357
-288
-283
-294
-282
-216
-94
11
94
152
130
75
58
136
235
296
285
241
205
122
67
84
162
222
165
37
-95
-153
-110
-31
33
54
10
-77
-111
-56
35
124
156
155
127
106
122
190
278
321
304
251
194
179
216
265
298
274
192
75
6
-7
26
75
42
-24
-107
-143
-110
-40
15
44
60
51
38
55
111
174
223
238
214
173
177
211
243
265
247
202
160
121
136
178
172
108
50
19
27
13
-13
-21
-55
-71
-115
-117
-91
-77
-67
-89
-107
-126
-134
-109
-78
-86
-105
-137
-187
-194
-207
-174
-138
-150
-216
-298
-325
-309
-269
-260
-238
-246
-268
-267
-255
-189
-137
-133
-142
-114
-76
-68
-67
-78
-32
5
-10
-35
-48
-49
-39
-10
-8
-20
-63
-104
-97
-71
-27
13
-3
-29
-36
-33
-16
-5
16
23
7
-32
-52
-35
1
24
51
36
23
2
7
43
84
135
144
132
96
81
93
137
161
138
100
73
62
83
89
98
66
13
-11
12
69
99
102
88
62
37
68
119
175
175
160
140
139
162
167
178
167
148
125
115
118
140
135
123
122
123
112
112
115
138
162
168
160
131
128
112
147
174
203
177
123
90
90
107
108
97
77
36
-18
-19
-16
-4
-40
-86
-133
-159
-159
-167
-196
-255
-303
-339
-351
-346
-365
-386
-414
-436
-458
-452
-473
-460
-448
-414
-345
-308
-293
-277
-222
-141
-55
-4
57
107
170
188
205
236
260
264
258
251
243
255
234
210
164
117
81
51
58
65
73
32
-25
-67
-101
-105
-112
-92
-80
-96
-120
-163
-191
-192
-151
-123
-111
-117
-138
-157
-161
-126
-69
-47
-57
-86
-105
-92
-16
43
66
40
-7
-33
-24
7
59
107
111
84
45
71
121
166
200
192
175
164
155
169
184
198
191
170
169
157
146
147
145
157
160
151
144
134
136
149
170
219
231
206
190
174
201
242
256
250
229
209
196
199
196
179
150
99
54
46
37
40
15
-42
-76
-106
-105
-102
-116
-149
-195
-209
-222
-214
-227
-288
-358
-393
-391
-389
-377
-383
-416
-466
-495
-477
-435
-400
-400
-378
-357
-332
-321
-305
-256
-198
-127
-91
-50
-16
15
54
118
163
210
232
247
267
291
328
326
331
322
302
286
270
264
286
295
240
179
144
122
85
66
45
30
-19
-90
-155
-184
-182
-181
-195
-222
-230
-241
-221
-212
-176
-171
-167
-152
-155
-126
-115
-86
-49
-27
-32
-33
-21
-3
28
55
78
95
80
69
78
121
170
175
146
128
114
114
139
157
149
95
68
57
72
101
114
113
110
130
145
163
173
169
202
215
221
210
198
200
207
216
207
201
162
135
126
126
147
114
75
67
47
34
41
42
21
-4
-35
-51
-62
-64
-84
-113
-152
-195
-211
-225
-240
-252
-291
-324
-352
-367
-378
-372
-360
-372
-392
-405
-407
-383
-352
-336
-305
-281
-246
-227
-194
-151
-122
-65
-13
44
82
89
126
174
205
261
284
299
312
333
357
383
410
400
390
364
354
335
327
299
258
211
161
112
66
34
3
-38
-71
-114
-140
-160
-185
-204
-215
-213
-200
-203
-206
-208
-207
-182
-183
-168
-171
-166
-142
-112
-91
-93
-88
-77
-65
-40
13
36
29
8
-4
7
45
87
104
73
61
43
63
102
115
118
103
72
64
85
84
78
57
57
80
104
110
119
121
121
129
134
139
141
142
132
137
137
132
123
125
133
114
127
113
90
75
60
49
36
40
29
-8
-23
-56
-68
-64
-85
-103
-145
-195
-220
-225
-217
-233
-264
-325
-361
-370
-353
-325
-313
-328
-359
-365
-366
-318
-275
-251
-222
-208
-180
-158
-127
-75
-30
8
52
105
141
172
182
224
263
297
307
313
321
313
334
331
341
346
310
298
302
296
290
271
248
226
200
164
144
114
84
57
18
-6
-29
-52
-88
-132
-140
-150
-154
-187
-194
-195
-195
-200
-212
-204
-212
-226
-213
-187
-171
-168
-176
-180
-178
-154
-115
-70
-51
-55
-47
-42
-39
-4
56
71
70
56
50
74
71
86
101
88
85
65
59
66
48
47
49
43
57
51
37
49
70
98
116
127
116
109
113
116
144
163
175
153
151
160
166
171
139
131
134
119
103
76
46
24
-3
-35
-63
-79
-110
-144
-172
-197
-212
-215
-238
-264
-297
-334
-347
-346
-339
-344
-329
-337
-346
-339
-323
-277
-236
-202
-182
-158
-124
-87
-24
28
47
65
94
123
166
200
217
226
241
260
250
266
280
305
312
280
279
289
275
247
252
250
246
233
213
196
182
167
137
116
97
70
42
19
9
-7
-36
-65
-89
-102
-120
-133
-127
-120
-111
-136
-153
-155
-156
-150
-138
-115
-108
-115
-131
-142
-128
-114
-88
-62
-50
-45
-51
-64
-47
-30
-11
5
-1
1
-9
8
10
17
32
14
27
14
35
45
29
31
34
60
62
60
65
54
74
71
88
106
105
96
80
92
86
99
98
98
87
81
80
65
53
49
41
30
27
20
17
1
-13
-19
-11
-23
-46
-66
-97
-128
-156
-163
-185
-206
-234
-286
-316
-328
-324
-319
-321
-310
-336
-347
-335
-311
-253
-224
-202
-180
-164
-119
-80
-37
6
49
109
155
194
208
230
283
311
332
326
313
311
306
320
328
330
307
277
252
233
249
246
214
198
179
166
136
102
73
57
33
3
-13
-32
-51
-65
-73
-68
-54
-75
-83
-84
-69
-56
-59
-73
-93
-109
-130
-134
-140
-144
-158
-181
-193
-210
-197
-177
-150
-144
-140
-128
-125
-99
-68
-37
-12
2
23
25
40
50
64
75
72
89
98
93
74
56
73
85
109
105
82
64
51
60
72
77
70
48
38
23
19
17
27
36
19
17
19
40
46
56
53
74
81
78
78
89
90
93
74
53
23
-22
-43
-57
-87
-132
-171
-203
-236
-269
-295
-333
-346
-353
-340
-344
-356
-350
-352
-320
-285
-253
-207
-192
-163
-118
-79
-35
18
45
81
121
164
215
239
269
281
305
321
327
328
325
329
332
327
324
298
259
244
225
213
199
178
156
138
118
103
80
70
44
17
12
10
0
-4
-21
-21
-33
-42
-55
-74
-75
-82
-81
-90
-90
-114
-130
-159
-166
-158
-146
-152
-175
-195
-204
-193
-159
-131
-122
-126
-128
-124
-81
-32
-15
-5
-6
9
33
55
60
68
65
73
83
92
102
90
100
111
107
99
86
69
82
98
102
101
88
74
57
52
55
60
67
52
42
32
14
13
25
41
22
9
-6
-17
-9
3
-5
-8
-15
-9
-11
-33
-39
-50
-58
-69
-102
-123
-141
-164
-182
-215
-248
-264
-284
-300
-303
-313
-305
-297
-288
-266
-256
-243
-215
-190
-156
-114
-92
-58
-4
39
73
114
162
201
242
273
295
319
334
346
360
355
360
346
324
306
284
264
246
222
198
172
132
106
78
54
30
26
2
-24
-38
-43
-42
-55
-64
-57
-52
-55
-52
-58
-47
-52
-55
-46
-50
-69
-74
-86
-96
-109
-104
-113
-134
-158
-172
-167
-167
-163
-167
-178
-187
-167
-143
-126
-110
-95
-86
-63
-36
-12
9
32
61
88
121
149
168
174
173
185
192
188
177
162
156
150
153
135
122
86
57
39
28
21
11
-17
-44
-74
-73
-73
-70
-53
-56
-48
-64
-46
-36
-24
-17
-10
8
13
3
-7
-10
-7
-2
-30
-50
-65
-89
-121
-140
-166
-200
-220
-250
-263
-277
-269
-279
-275
-272
-268
-243
-220
-191
-162
-118
-71
-33
11
43
86
118
147
173
207
237
252
272
286
302
309
306
308
303
286
272
256
237
220
197
173
151
136
111
87
67
40
22
7
2
-16
-23
-34
-38
-42
-45
-39
-35
-43
-37
-37
-40
-43
-45
-53
-61
-68
-79
-85
-99
-105
-114
-138
-144
-148
-171
-167
-171
-167
-163
-168
-144
-132
-96
-75
-56
-23
1
23
49
79
100
112
103
129
146
153
154
158
161
164
156
137
136
120
104
94
96
81
66
33
10
-2
-15
-26
-49
-49
-58
-64
-73
-81
-70
-65
-73
-75
-69
-53
-50
-40
-20
-2
-13
-10
-16
-18
1
-12
-18
-36
-47
-60
-77
-88
-105
-115
-131
-145
-162
-171
-182
-186
-180
-183
-173
-172
-149
-142
-126
-93
-78
-42
-16
8
42
62
95
131
146
157
171
179
194
206
216
226
228
222
217
219
203
194
188
176
159
127
120
98
85
65
34
24
7
-11
-27
-42
-57
-63
-63
-54
-57
-59
-55
-58
-53
-52
-47
-53
-56
-53
-64
-62
-66
-60
-69
-71
-80
-84
-115
-130
-134
-134
-131
-125
-122
-127
-117
-108
-89
-77
-57
-53
-45
-20
15
50
72
76
87
103
103
132
152
158
180
178
183
183
188
188
183
181
170
149
115
87
69
41
24
-7
-35
-49
-90
-99
-114
-112
-108
-124
-121
-120
-117
-117
-96
-81
-68
-64
-66
-66
-66
-65
-63
-56
-53
-56
-73
-79
-77
-75
-93
-113
-118
-127
-126
-132
-133
-140
-147
-148
-145
-132
-126
-110
-89
-66
-43
-21
2
18
33
71
98
133
142
164
170
176
195
210
224
231
227
229
225
208
202
180
174
143
119
98
73
56
38
21
8
6
4
-4
-14
-16
-9
-11
-15
-22
-17
-6
3
1
-5
-9
-24
-11
-4
-11
-12
-26
-27
-46
-52
-67
-74
-88
-100
-112
-134
-133
-138
-130
-131
-133
-136
-128
-111
-91
-81
-68
-58
-44
-11
5
35
51
69
82
95
117
132
141
145
148
146
145
122
123
103
98
95
82
57
29
22
7
-3
-12
-14
-29
-46
-67
-70
-84
-83
-77
-80
-80
-94
-83
-81
-66
-48
-56
-56
-49
-48
-36
-36
-24
-17
-18
-36
-38
-39
-43
-37
-45
-48
-46
-60
-67
-65
-67
-58
-68
-60
-58
-59
-69
-62
-38
-15
4
11
12
32
51
82
112
119
130
122
127
132
138
136
129
121
109
104
99
91
86
87
66
51
31
21
31
31
30
16
8
0
-6
-1
-7
-3
-19
-25
-26
-17
-13
-19
-24
-19
-17
-18
-20
-20
-17
-21
-19
-28
-34
-48
-46
-57
-66
-73
-79
-81
-95
-94
-94
-97
-96
-97
-91
-91
-68
-63
-62
-52
-47
-30
-18
-2
26
37
56
78
84
101
122
127
130
136
137
156
150
139
126
120
114
100
88
66
52
41
32
23
1
-15
-27
-52
-62
-66
-76
-80
-80
-86
-100
-92
-93
-92
-91
-98
-88
-86
-84
-77
-67
-45
-43
-32
-32
-22
-18
-23
-23
-22
-30
-37
-34
-37
-29
-33
-41
-51
-54
-55
-49
-35
-26
-25
-6
-5
0
24
34
50
56
52
63
67
70
74
70
72
69
74
68
72
72
75
71
59
55
47
41
37
28
21
11
4
-7
-17
-13
-29
-24
-32
-26
-32
-30
-19
-16
8
10
13
25
18
34
35
30
29
17
13
3
-6
-9
-28
-38
-47
-60
-67
-81
-76
-87
-94
-102
-102
-88
-78
-71
-69
-69
-65
-55
-37
-11
0
23
36
51
70
80
93
101
113
127
125
135
140
125
131
132
125
119
111
99
80
72
67
47
32
17
2
-13
-23
-37
-43
-48
-55
-72
-75
-77
-78
-70
-73
-67
-73
-78
-78
-65
-62
-52
-56
-66
-70
-66
-62
-61
-50
-54
-51
-60
-56
-42
-29
-20
-20
-11
-26
-16
-12
-10
-1
-4
-8
-7
2
2
21
30
35
43
50
53
52
49
44
42
46
49
42
29
25
21
22
25
12
16
7
6
9
19
17
25
21
4
3
6
23
18
19
20
18
12
12
12
20
21
19
20
20
24
22
26
21
16
5
-1
-7
-9
-20
-30
-31
-36
-41
-45
-47
-56
-57
-55
-50
-52
-63
-51
-51
-42
-35
-40
-26
-22
-8
-5
15
29
31
49
48
52
57
62
68
62
70
68
66
63
60
54
49
54
50
53
38
36
32
31
24
14
6
2
-3
-14
-13
-34
-50
-55
-60
-63
-73
-76
-77
-86
-80
-75
-69
-65
-59
-50
-54
-50
-41
-32
-23
-14
-24
-24
-13
-14
-7
-1
0
-1
5
12
20
28
37
34
24
22
26
28
23
24
25
17
20
18
8
11
13
19
23
26
26
16
4
-2
4
3
0
-15
-28
-24
-18
-13
-1
-8
-17
-17
-18
1
10
18
21
24
20
21
29
25
37
31
20
14
10
16
8
5
4
5
-3
-1
-5
-19
-14
-20
-31
-31
-43
-51
-50
-56
-59
-56
-61
-64
-57
-45
-36
-30
-28
-31
-23
-5
13
21
30
39
39
45
49
56
59
58
60
63
60
66
66
57
52
37
41
38
40
31
20
18
26
24
19
18
5
4
-2
6
4
-8
-18
-27
-34
-30
-27
-30
-44
-52
-47
-39
-28
-26
-26
-30
-28
-31
-36
-31
-19
-21
-25
-19
-18
-20
-8
4
8
11
7
14
23
36
47
45
56
47
52
45
44
48
43
40
20
9
-3
-15
-24
-26
-37
-37
-42
-48
-48
-47
-52
-42
-49
-54
-58
-61
-57
-60
-53
-52
-49
-51
-38
-32
-16
-6
12
23
25
28
44
50
49
58
54
52
51
45
42
37
30
25
19
8
3
-7
-17
-19
-34
-29
-23
-23
-17
-6
-7
-8
-5
-3
8
18
32
35
23
19
21
24
23
27
31
26
19
22
25
22
19
9
15
13
12
20
15
13
15
12
13
4
6
4
12
11
15
11
0
-1
-2
4
8
3
1
-5
-6
-7
1
4
5
4
-13
-19
-27
-24
-25
-31
-26
-35
-46
-35
-36
-31
-36
-34
-41
-45
-38
-34
-18
-6
1
2
7
19
30
37
43
49
49
52
52
46
47
42
48
48
39
34
29
19
4
-5
-15
-26
-33
-45
-55
-55
-61
-58
-63
-64
-64
-69
-59
-62
-60
-62
-58
-54
-52
-44
-41
-26
-22
-16
-9
-5
6
18
22
35
33
38
26
34
34
36
39
40
33
21
11
1
7
-5
-3
-15
-22
-18
-18
-12
-4
-2
9
18
21
27
24
34
41
36
40
40
36
47
40
43
34
49
45
44
46
43
35
24
19
6
5
2
0
-3
0
-4
-1
-2
0
1
3
-1
-5
-3
-5
-6
-9
-9
-9
-16
-29
-29
-22
-18
-29
-27
-29
-33
-34
-32
-31
-28
-28
-40
-45
-50
-49
-37
-43
-44
-39
-35
-31
-23
-26
-23
-18
-5
6
10
32
36
43
47
42
51
54
57
61
66
60
57
50
37
34
27
18
3
-5
-23
-27
-40
-44
-59
-68
-70
-76
-79
-77
-62
-68
-56
-49
-43
-40
-34
-22
-13
-11
-4
6
5
10
5
3
7
9
10
22
23
24
25
34
36
47
49
42
47
42
43
43
49
41
38
34
17
16
2
9
12
9
9
9
15
14
20
19
20
29
30
36
32
25
24
29
22
18
14
7
2
-3
4
-1
-3
-19
-26
-32
-39
-39
-36
-31
-32
-28
-25
-21
-22
-16
-12
-11
-10
-9
-3
1
-1
1
4
6
4
4
3
10
9
7
-1
-4
-1
0
2
-11
-1
-3
-2
11
-6
-10
-9
-9
-9
-10
-11
-7
-6
-10
-13
-8
-8
-4
1
9
16
24
30
31
35
35
38
46
44
31
22
20
19
8
-7
-10
-21
-37
-41
-45
-57
-56
-62
-66
-63
-58
-54
-54
-48
-41
-47
-26
-17
-6
1
3
3
4
12
8
14
19
27
35
37
34
36
34
36
33
31
34
20
9
13
8
7
1
-6
0
-10
-24
-13
-20
-21
-15
-19
-23
-24
-8
-11
-13
-5
0
9
19
18
27
31
34
28
28
20
23
17
7
-3
-3
-6
-18
-28
-41
-36
-36
-31
-34
-35
-32
-30
-22
-20
-13
-2
3
15
27
30
37
35
38
49
41
49
50
48
40
29
22
18
19
30
32
23
20
20
16
19
16
11
7
3
1
-2
0
-3
4
0
1
4
3
5
0
6
8
11
1
-5
-2
-2
-4
0
-10
-17
-24
-25
-27
-38
-41
-50
-56
-64
-78
-83
-76
-70
-69
-80
-78
-77
-78
-74
-67
-66
-60
-47
-36
-28
-13
-2
11
17
28
29
39
42
42
48
46
48
40
40
40
37
37
40
33
28
30
23
22
28
26
31
29
32
31
39
38
39
44
47
43
39
31
29
26
15
11
-1
-1
-9
-16
-15
-10
-18
-24
-20
-20
-14
-24
-21
-23
-25
-24
-33
-28
-33
-37
-33
-36
-42
-40
-40
-30
-25
-26
-26
-14
-5
-2
8
15
29
27
24
27
35
39
45
41
32
25
29
34
30
32
27
33
28
33
37
40
39
36
32
30
26
31
18
17
14
19
22
19
15
8
11
11
9
15
6
3
-6
-16
-19
-27
-28
-40
-41
-42
-49
-51
-54
-56
-60
-69
-67
-68
-69
-73
-70
-66
-58
-54
-49
-40
-46
-46
-44
-44
-34
-21
-11
1
-1
6
22
31
38
48
49
54
68
60
57
58
52
48
47
42
44
43
44
42
38
38
29
25
24
20
16
21
14
22
16
16
19
21
27
24
22
18
16
17
8
2
-1
-16
-21
-29
-36
-39
-42
-46
-50
-53
-58
-61
-65
-69
-63
-61
-61
-53
-55
-47
-43
-42
-40
-38
-35
-34
-26
-23
-9
-6
-3
1
20
19
31
46
45
53
58
55
58
60
55
51
42
35
30
34
26
30
33
34
34
34
39
34
26
26
21
23
24
23
24
31
43
39
38
40
32
27
16
14
10
-1
-8
-13
-26
-31
-37
-37
-41
-55
-63
-62
-66
-70
-68
-75
-70
-69
-61
-59
-47
-45
-41
-46
-36
-24
-26
-21
-23
-16
-12
-9
-8
-2
3
6
15
15
18
27
28
25
24
31
22
25
11
11
11
12
22
13
10
7
9
12
10
10
11
8
5
11
12
16
11
6
10
5
9
17
12
7
6
-1
-11
-23
-25
-30
-43
-47
-51
-55
-56
-62
-55
-47
-43
-33
-31
-23
-23
-17
-1
8
16
20
24
26
28
30
34
25
33
20
30
37
37
44
41
51
53
55
56
68
67
71
73
66
61
56
52
37
40
24
24
27
27
28
21
26
18
20
16
13
14
5
5
5
-3
-11
-22
-16
-24
-28
-27
-30
-30
-41
-48
-55
-60
-62
-67
-78
-79
-81
-82
-76
-74
-62
-63
-62
-60
-51
-39
-34
-28
-21
-11
-13
-7
-9
1
-1
-2
5
0
2
5
14
11
15
15
24
29
40
46
41
49
45
44
44
48
47
44
41
44
31
30
26
25
23
22
17
17
22
16
21
13
18
12
14
10
9
7
7
7
3
2
-13
-17
-24
-34
-42
-39
-48
-63
-62
-62
-61
-62
-64
-62
-50
-42
-38
-26
-13
-11
4
0
11
21
19
32
34
34
36
38
40
45
37
42
40
39
33
31
30
19
22
26
28
25
25
35
29
31
28
31
32
34
22
18
21
21
21
7
12
-2
3
-2
-3
-9
-10
-8
-8
-9
-20
-24
-31
-36
-46
-46
-50
-46
-53
-50
-52
-55
-57
-60
-64
-60
-63
-67
-57
-53
-43
-37
-38
-32
-25
-17
-15
-4
4
9
18
18
24
21
27
27
27
26
23
21
18
16
20
21
25
26
25
36
35
34
39
39
40
44
41
39
37
31
32
25
15
17
18
11
12
4
-1
-3
-16
-18
-25
-22
-36
-26
-30
-31
-32
-47
-41
-43
-40
-47
-51
-54
-55
-54
-49
-50
-44
-46
-47
-34
-28
-22
-21
-14
-3
5
15
16
24
20
32
35
40
47
44
56
56
56
55
55
54
48
50
39
44
39
40
39
39
39
38
37
35
35
31
35
31
34
35
27
19
9
5
2
3
-2
-6
-8
-9
-15
-14
-22
-26
-25
-28
-29
-30
-32
-43
-49
-51
-46
-57
-54
-52
-48
-50
-46
-42
-44
-39
-34
-36
-28
-20
-28
-14
-16
-14
-5
3
10
12
14
9
14
17
19
21
13
15
12
11
7
9
4
15
17
19
19
18
26
29
24
29
32
27
33
33
30
36
38
40
32
25
25
19
17
17
5
-1
-8
-8
-16
-14
-21
-33
-38
-48
-49
-60
-60
-63
-58
-63
-61
-58
-61
-56
-48
-41
-29
-28
-24
-11
-4
0
-1
3
7
13
16
27
28
28
38
34
36
48
41
57
61
58
59
54
58
66
62
61
59
57
53
44
37
37
36
36
30
23
16
12
8
5
7
5
1
0
1
-2
-4
-15
-14
-17
-16
-27
-26
-29
-32
-39
-47
-47
-56
-54
-51
-52
-49
-48
-56
-53
-53
-44
-38
-33
-31
-23
-24
-20
-12
-13
-14
-2
-3
-6
-1
1
3
3
7
7
10
7
7
1
5
5
4
5
2
4
5
11
9
13
13
13
15
19
17
17
10
9
10
9
15
13
12
16
14
16
17
18
21
18
19
14
9
0
0
-6
-8
-18
-26
-26
-24
-16
-26
-26
-28
-37
-37
-47
-48
-45
-42
-40
-35
-33
-24
-25
-18
-13
-9
0
3
10
20
23
19
22
21
27
29
37
36
30
33
39
43
50
45
51
53
47
50
46
44
31
29
31
21
24
18
12
13
5
5
5
2
-5
3
-5
-2
-5
-7
-9
-14
-19
-24
-22
-35
-39
-38
-40
-40
-45
-45
-49
-46
-44
-42
-38
-38
-35
-36
-36
-28
-22
-22
-20
-14
-9
0
5
4
13
13
18
19
18
11
14
14
10
19
7
11
9
12
11
13
21
14
15
9
9
15
15
16
15
10
11
8
6
12
14
15
20
23
22
14
4
7
7
13
13
14
12
15
12
6
6
6
0
-4
-11
-15
-30
-31
-42
-43
-45
-44
-41
-45
-42
-42
-33
-35
-35
-26
-23
-19
-7
-9
1
2
11
19
22
35
41
50
53
55
42
46
50
44
39
34
41
36
32
26
24
28
29
25
19
27
27
25
26
24
27
22
23
15
11
9
2
-1
-6
-11
-21
-15
-21
-16
-23
-20
-25
-23
-20
-27
-22
-31
-29
-32
-33
-25
-27
-30
-33
-33
-29
-29
-27
-34
-23
-19
-20
-16
-18
-10
-11
-5
-4
-10
-2
5
4
5
13
15
14
9
7
9
-1
0
-3
-3
-5
-5
-11
0
-5
-6
-3
-1
0
1
-4
-3
-3
-2
3
-8
1
2
3
1
4
8
9
11
8
8
11
9
5
-1
-1
3
0
5
7
8
-1
-1
-3
-8
-8
-8
-9
-10
-7
-14
-15
-19
-13
-7
-8
-1
-6
-4
-5
2
9
3
7
6
16
18
19
24
28
32
29
35
36
34
25
16
17
16
14
12
22
11
14
11
7
13
4
10
11
11
10
6
1
3
4
1
3
-2
-2
-11
-18
-18
-18
-21
-31
-33
-38
-40
-42
-41
-41
-44
-39
-38
-37
-40
-36
-39
-32
-27
-31
-21
-20
-19
-15
-13
-6
1
1
2
7
4
11
8
16
26
21
25
22
28
28
26
27
32
32
27
26
22
19
11
8
9
-1
-3
3
0
6
8
12
11
12
13
11
9
9
5
8
6
3
2
7
4
-2
3
-8
1
-1
-4
-8
-8
-5
-10
-14
-21
-16
-22
-19
-29
-32
-29
-29
-29
-32
-32
-21
-21
-14
-10
-9
-6
-8
1
0
7
4
13
12
8
15
17
19
21
29
29
32
30
34
33
30
29
25
24
24
24
27
24
20
18
15
10
12
16
10
10
7
7
10
17
10
7
1
-6
1
-2
-9
-6
-19
-14
-18
-15
-15
-22
-19
-23
-21
-20
-18
-18
-21
-15
-18
-19
-22
-16
-13
-13
-13
-6
0
1
8
4
4
7
3
4
10
15
14
13
16
7
17
9
6
5
1
4
5
3
4
-5
-5
-3
-6
-5
-10
-8
-8
-3
-11
-11
-7
-8
-8
-2
0
1
9
9
10
8
15
11
5
6
4
3
2
7
4
3
6
6
6
-3
2
0
0
1
-4
-10
-14
-10
-10
-8
-16
-13
-19
-14
-15
-18
-13
-16
-8
-6
-3
-2
2
3
1
9
14
16
18
17
15
15
18
17
15
19
16
22
21
19
18
16
13
10
5
-4
-8
-12
-17
-16
-17
-17
-13
-20
-21
-25
-23
-25
-23
-13
-14
-14
-13
-10
-14
-7
-11
-17
-11
-13
-9
-11
-14
-17
-20
-18
-20
-22
-19
-17
-9
-4
-10
-4
-7
-10
-6
0
6
10
14
19
20
21
26
26
29
27
29
35
38
29
27
27
20
18
14
13
6
0
-8
-5
-6
-10
-5
-4
-7
5
2
1
1
4
-2
-1
3
3
2
2
1
0
11
-1
2
-7
-4
-8
-11
-9
-26
-15
-20
-22
-24
-27
-29
-28
-21
-22
-20
-20
-18
-9
-8
-3
-5
-5
-1
3
3
-1
1
6
9
12
17
16
16
12
8
4
9
11
11
17
10
8
14
6
9
13
10
13
12
13
13
12
12
11
12
15
11
8
9
4
1
1
-3
-6
-12
-12
-13
-10
-10
-20
-19
-17
-12
-16
-13
-8
-3
-8
-10
-6
-11
-8
-11
-9
-5
-5
-9
-7
-3
-1
4
1
4
8
10
18
20
25
29
28
19
24
26
24
23
19
19
21
17
11
10
14
16
12
9
9
11
18
14
14
15
13
18
9
6
1
5
4
0
0
-2
-8
-5
-11
-12
-9
-4
-7
-12
-4
-12
-10
-10
-9
-4
-8
-9
-4
-7
-5
-8
-9
-2
-5
-4
-6
-8
-2
-5
-2
-3
-8
-12
-15
-18
-17
-15
-17
-15
-19
-17
-13
-8
-12
-3
-6
-6
-2
1
7
6
0
1
2
-2
4
5
4
8
6
4
7
8
4
2
-1
-2
4
2
-4
-7
-11
-15
-21
-20
-14
-14
-13
-18
-14
-18
-17
-8
-10
-7
-3
-6
-3
0
-7
-1
-5
-3
0
-1
-1
-2
-1
-8
-3
-6
-7
-9
-7
0
-1
-1
3
3
5
9
12
20
21
16
18
20
21
27
31
30
31
24
22
27
24
22
19
17
13
11
5
1
4
0
2
2
3
4
-3
-9
1
3
0
2
-2
-3
-4
-2
-6
-5
-3
-13
-5
-3
-9
-4
-8
-5
-8
-11
-14
-20
-25
-23
-24
-20
-20
-13
-18
-13
-14
-15
-13
-10
-7
-12
-7
-10
-9
-6
-2
-7
0
-3
3
-1
-1
0
3
7
-5
-4
-4
-7
-8
-8
-8
-15
-19
-9
-13
-14
-19
-18
-16
-12
-7
-5
-7
-2
-2
-5
0
7
15
6
7
7
8
9
7
1
-5
-8
-4
-6
-4
-6
1
8
8
9
11
10
11
13
20
16
18
15
20
24
23
26
27
23
23
33
29
34
29
27
20
23
21
17
18
13
22
12
12
18
20
18
11
16
10
10
9
9
3
1
4
2
-5
1
-2
-5
-3
-3
-3
-11
-9
-8
-3
-9
-11
-6
-4
-6
-3
-8
-6
-3
-10
-8
-17
-9
-8
-12
-8
-12
-11
-12
-15
-9
-11
-11
-11
-6
-8
-10
-3
-4
-2
-1
5
-1
-4
0
-3
1
3
-4
-2
-3
-3
-2
-7
-2
-3
-5
-4
-7
-2
-2
-4
-4
1
-5
-2
3
2
-2
-6
-6
-4
-8
-13
-8
-10
-9
-10
-15
-14
-14
-11
-10
-10
-12
-10
-7
-4
0
-4
-2
-1
-1
-1
-10
-7
-7
-13
-11
-6
-8
-8
-2
-3
-4
4
6
5
5
5
2
4
6
4
8
6
13
12
13
14
9
10
13
17
16
16
15
15
15
14
14
14
15
8
8
11
16
12
14
13
7
0
1
-5
1
2
-6
-3
-5
-4
-5
-5
-4
-4
-8
-5
-9
-4
-1
-1
1
3
4
0
0
-1
-3
2
-1
-6
-5
-16
-15
-12
-13
-11
-9
-8
-10
-13
-8
-5
-3
-1
-8
-9
-9
-9
-6
-7
0
0
0
6
6
2
8
4
3
-1
1
-1
-7
-5
-6
-6
-6
-3
-6
-6
-13
-8
-15
-5
-5
-13
-7
-10
-11
-5
-15
-17
-10
-16
-4
-7
-6
-4
-2
5
-1
6
3
7
10
16
12
18
16
12
15
12
14
10
11
10
5
2
-3
1
-7
-11
-8
-7
-2
-3
-4
1
3
2
6
6
2
4
11
8
17
14
16
19
15
23
26
19
14
11
12
10
2
2
0
2
-2
-4
-6
-8
-6
-3
-2
-1
-4
-2
3
6
10
12
10
9
5
4
7
7
4
-1
-3
0
3
1
2
-1
-2
0
-2
-2
-1
-2
-1
-4
-2
-7
-8
-6
-11
-11
-11
-14
-11
-5
-7
-3
-1
0
-1
-2
3
4
2
2
1
6
6
8
5
8
9
3
2
-1
-2
-4
-4
-8
-5
-4
-6
4
-2
1
2
-5
-6
-6
0
-3
-4
-1
-5
1
-8
-12
-11
-10
-6
-10
-8
-6
-9
-5
-5
-5
-6
-3
1
2
1
6
6
15
16
11
17
9
12
10
4
4
1
4
-2
-2
-2
-4
0
4
9
4
8
5
5
7
6
10
1
1
4
2
7
6
9
9
8
9
7
7
6
1
-1
-5
-2
-4
-1
-1
-5
-2
-6
-7
-15
-12
-8
-7
-4
-9
-11
-9
-4
-12
-14
-16
-9
-9
-6
0
-10
-4
-6
-6
-11
-8
-6
-8
-6
-5
-2
-6
-3
-9
-6
-5
-9
-14
-19
-18
-20
-19
-24
-18
-11
-15
-8
-6
-5
9
18
16
23
25
25
26
26
25
21
21
9
11
13
8
12
1
8
4
0
1
-6
2
0
-3
-8
-9
-10
-10
-12
-12
-13
-13
-15
-14
-10
-9
-6
-4
-5
-2
-3
1
-3
-8
-8
-4
-8
-9
-3
-5
-3
-6
-2
-1
-1
-2
-4
-1
1
3
7
3
6
4
8
9
9
14
15
18
21
17
23
18
21
18
15
19
16
15
13
13
6
9
4
8
4
1
5
-1
-4
-14
-15
-15
-14
-11
-10
1
-8
-6
-2
-6
-2
7
8
4
2
1
4
3
-1
-3
-3
-2
2
-3
1
-5
-6
-5
-9
-7
-8
-6
-13
-11
-9
-3
1
3
12
6
9
6
9
7
2
4
-4
2
0
-4
-2
2
5
2
3
8
8
2
9
8
12
12
8
9
5
10
7
5
7
3
3
-2
-3
-9
-16
-11
-17
-15
-19
-15
-16
-15
-13
-15
-12
-13
-11
-1
-2
-4
-8
-5
-3
-4
4
5
4
-2
-1
3
6
10
11
13
8
7
10
12
14
16
15
20
16
14
12
8
9
4
0
-1
-4
-1
-2
3
4
0
5
1
2
5
6
8
6
9
9
10
10
11
14
8
8
2
10
2
-1
3
-3
2
-11
-8
-12
-12
-11
-20
-24
-23
-22
-22
-22
-22
-18
-17
-14
-17
-18
-14
-5
-10
-12
-7
-3
-2
-7
-6
-8
-10
-8
-7
-5
-8
-5
-1
1
2
-2
-1
0
5
2
3
4
11
18
13
9
9
12
13
12
13
11
12
8
10
15
8
15
10
11
10
3
2
-1
0
-5
-5
-8
-12
-8
-9
-13
-15
-16
-15
-14
-19
-17
-13
-13
-10
-7
-2
0
-4
0
-2
-1
-1
-3
-1
-1
3
-1
-4
-1
-2
4
2
-1
-1
-3
0
-5
-5
-2
-2
3
6
9
12
11
17
16
16
18
11
10
9
9
8
7
9
5
6
5
0
0
-8
-9
-7
-15
-11
-9
-12
-8
-7
-10
-2
-4
7
9
9
7
12
12
11
6
5
7
-2
5
-1
0
-4
-2
-3
-4
1
1
0
-1
1
2
1
-2
-6
-3
-1
1
-5
-1
-1
-3
-2
-4
0
0
5
7
4
7
7
11
8
5
5
9
5
2
0
-2
-3
-4
0
1
0
-1
1
1
-1
-8
-3
-6
-6
-10
-6
-6
-10
-11
-11
-11
-12
-9
-7
-3
-6
-7
-8
-4
1
-2
-2
-2
-2
-4
-5
-6
-2
-1
-2
0
-1
-3
4
5
11
6
10
15
7
9
8
11
14
10
6
6
2
11
10
11
5
5
9
11
10
10
6
8
5
3
3
0
5
0
1
2
-1
3
2
2
0
9
9
9
0
4
1
-1
-2
-2
-5
-1
0
-1
-2
-7
-6
-4
-6
-8
-5
-5
-3
-10
-8
-10
-9
-12
-3
-6
-6
-6
-10
-5
-8
-5
-4
0
0
0
4
-1
7
8
5
6
2
7
1
6
2
4
7
4
0
1
3
10
11
9
11
10
8
9
6
6
7
5
6
5
2
1
5
-5
-1
-8
-11
-14
-13
-19
-21
-19
-24
-21
-22
-23
-24
-24
-20
-15
-17
-9
-9
-2
-7
-5
-5
-13
-8
-4
-7
-5
-6
-12
-5
-2
-1
0
-1
3
8
9
9
13
13
11
11
16
13
5
5
10
9
13
12
8
7
12
19
15
15
14
18
16
15
14
14
12
13
19
11
3
1
4
7
2
-1
-4
-1
-6
-9
-11
-8
-6
-11
-13
-15
-11
-15
-13
-17
-18
-19
-17
-18
-13
-13
-10
-10
-10
-13
-14
-11
-14
-9
-12
-10
-9
-10
-9
-8
-7
0
-3
1
0
4
3
4
10
11
12
8
12
11
16
16
18
17
16
13
19
15
16
13
14
14
16
19
16
18
22
13
8
10
4
-4
-1
-1
-2
-2
-5
-5
-8
-6
-9
-3
-5
-7
-1
-5
-7
-9
-9
-11
-10
-11
-4
-8
-3
-2
-6
-3
-7
-4
-6
-7
-9
-6
-5
-7
-11
-14
-8
-3
-4
-4
-11
-5
-4
-6
-6
-8
-5
-6
0
-2
4
4
5
6
11
10
6
-1
0
4
2
3
2
6
3
8
12
11
7
10
7
6
11
6
7
3
5
7
3
5
3
2
1
-3
1
0
-1
4
-3
-3
-11
-11
-4
-8
-2
0
-2
-1
0
6
5
7
6
9
12
13
13
8
12
9
8
11
8
10
15
11
11
6
7
6
1
4
5
3
10
5
9
4
2
5
3
3
6
7
8
4
5
5
-6
-1
-5
-6
-5
-7
4
1
-4
-6
-5
-11
-9
-13
-15
-19
-18
-16
-22
-20
-22
-19
-16
-17
-12
-11
-15
-7
-13
-13
-18
-21
-19
-19
-19
-18
-18
-22
-21
-17
-11
-13
-6
-6
-5
-5
-2
5
0
1
-4
4
-1
-1
3
4
5
11
13
6
13
10
14
14
11
12
16
14
18
16
18
18
18
15
20
19
17
19
13
10
5
7
0
2
0
0
-1
-3
-4
-4
-4
-2
-3
-4
-5
0
-2
-1
-1
-1
-2
-12
-10
-8
-6
-7
-8
-6
-4
-7
-4
-3
-8
-7
-5
-5
2
0
-2
1
4
1
-3
6
2
5
6
6
14
4
13
6
-2
0
2
7
0
2
-1
1
-2
-1
3
1
6
3
0
6
-1
-4
-4
-6
-1
-4
-3
-4
0
-5
-8
-7
-8
-3
-3
-2
0
3
-4
-5
-4
-1
3
1
3
1
6
0
3
0
4
1
0
3
-2
6
1
7
1
0
1
3
1
-3
-3
-1
3
-2
-5
1
-2
-1
3
-5
0
-3
0
0
-1
-4
-2
-2
-1
-2
-1
0
3
5
-3
2
0
1
2
-3
-2
-5
-2
-4
-10
-10
-15
-14
-16
-20
-12
-16
-14
-8
-13
-8
-7
-3
-3
1
7
0
1
2
2
9
10
12
10
10
15
10
9
9
4
6
11
10
11
13
11
14
13
13
16
17
15
18
22
14
20
19
22
17
14
11
20
19
15
15
10
18
15
17
8
11
10
9
6
-3
1
-6
-9
-10
-11
-12
-10
-13
-11
-11
-13
-19
-21
-21
-20
-24
-19
-21
-18
-17
-10
-6
-9
-5
-10
-13
-12
-13
-17
-15
-17
-15
-23
-17
-21
-17
-13
-16
-4
-7
-7
-8
-4
-2
-1
-2
0
7
4
9
11
11
10
9
11
14
13
9
11
9
9
4
3
0
-1
4
1
0
3
-1
-6
-4
-3
-2
-6
-3
-2
-2
-5
-4
-1
2
1
0
1
2
-4
-4
-2
-5
-9
-11
-9
-12
-13
-18
-14
-6
-1
-1
7
7
9
6
5
6
9
5
4
7
2
4
0
3
-1
-3
0
1
6
1
6
9
10
9
13
14
18
19
18
22
14
15
12
10
9
9
11
11
6
7
7
3
5
-2
-2
-3
-3
0
-1
-2
-3
-6
-10
-6
-7
-4
-3
-6
-6
-5
-7
-11
-14
-16
-14
-12
-11
-19
-10
-19
-13
-7
-11
-6
-11
-4
-1
-4
-3
-4
-3
-3
0
1
-3
-3
-5
-3
-3
-4
-3
0
1
-1
6
9
14
12
15
9
11
15
12
11
10
9
5
7
1
0
0
-4
-3
-4
4
3
2
1
2
4
5
4
1
-3
-5
-6
-16
-9
-14
-12
-12
-15
-10
-8
-6
-4
-6
-1
3
-4
-4
-7
-4
-5
-6
-6
-4
-4
1
1
2
3
1
4
10
14
9
10
7
10
13
15
11
12
14
9
12
6
11
11
12
16
16
18
18
14
11
7
5
4
1
2
-2
-5
-5
-13
-8
-8
-6
-5
-4
-5
-2
3
-3
1
-2
-2
-5
-3
-8
-6
-6
-5
-3
-2
-1
-2
2
-2
-3
-4
-5
-8
-5
-3
-2
1
-1
-2
-1
1
3
5
2
1
1
3
5
-1
3
-1
-3
-7
-5
-4
-5
-1
-8
-9
-7
3
0
0
3
7
12
11
4
4
5
5
5
0
-1
-2
-6
-3
-5
-7
-9
-11
-7
-3
-10
-8
-7
-13
-10
-10
-8
-12
-10
-10
-6
1
-8
-5
-6
-6
-11
-9
-8
-9
-6
-9
-5
-8
-4
-2
0
-1
-1
2
4
5
8
10
13
14
13
15
9
15
15
13
13
11
8
7
7
3
5
2
4
8
7
9
8
6
6
10
7
11
9
2
2
1
-2
-2
-5
-4
-6
-7
-8
-11
-6
-8
-5
-7
-11
-8
-2
2
-1
4
-1
2
6
4
2
4
4
5
6
6
-1
1
1
-1
0
-4
-4
1
-2
-1
1
5
7
1
2
3
6
8
4
