SAMPLES:	15891
BITSPERSAMPLE:	16
CHANNELS:	1
SAMPLERATE:	16000
NORMALIZED:	FALSE
13
21
17
18
12
10
6
-4
-7
-4
-2
2
-6
-13
-19
-22
-16
-24
-15
-15
-9
-11
-2
-1
-4
3
-2
-3
-13
-17
-19
-23
-14
-12
-17
-13
-14
-14
-5
-5
-1
4
4
3
4
2
6
5
0
5
-2
-4
-7
-7
-8
-8
-7
0
0
0
5
2
8
14
12
16
15
13
22
22
19
11
0
0
-4
-5
-6
-6
3
-3
-3
1
-1
-3
-3
-1
-7
-7
-9
-8
-11
-9
-4
-5
-14
-17
-19
-12
-8
6
5
8
12
10
18
12
10
10
8
10
16
18
18
13
16
6
4
-5
-11
-7
-9
-8
-11
-10
-8
-8
-11
-2
-5
-3
0
1
9
11
14
22
12
13
9
7
11
1
7
3
3
3
2
7
6
5
9
9
15
12
20
19
16
15
7
4
3
-9
-8
-9
-6
-3
-5
-3
5
-5
-11
-12
-16
-5
-11
-5
-9
-8
-1
-2
-7
1
-3
-4
-14
-18
-23
-22
-20
-20
-16
-16
-14
-11
-16
-10
-5
0
9
15
11
17
20
10
3
0
-9
-11
-7
-9
-2
1
10
7
8
7
17
24
15
23
25
23
27
23
17
17
12
5
-7
-6
-14
-22
-12
-16
-16
-11
-8
-16
-8
-15
-9
-9
-3
-4
2
2
2
2
-8
-8
-21
-17
-12
-25
-17
-10
-12
-12
-23
-22
-26
-17
-7
-2
3
3
14
14
18
10
17
18
9
4
-2
3
5
-1
-1
-3
-2
2
8
9
11
8
14
20
22
21
20
19
16
17
9
3
-6
-1
-4
-3
-2
-4
-1
0
-5
-10
-1
-4
-3
-4
-5
-6
0
5
0
-5
-9
-11
-16
-13
-16
-20
-21
-15
-11
-13
-13
-10
-13
-11
-14
-5
6
-2
3
-9
2
-5
-7
-8
-13
-8
-5
-3
1
9
5
0
-3
2
3
7
6
5
14
11
17
17
17
17
14
8
2
-1
-6
-5
-4
-9
-8
0
-4
-4
-1
-8
0
0
5
4
-1
5
8
3
-7
-5
-3
2
2
4
9
11
13
8
10
9
4
11
8
15
14
15
20
22
24
28
28
23
18
10
10
10
9
1
2
6
5
-8
-4
-12
-10
-2
-5
3
8
11
9
10
1
1
-11
-8
-8
-11
-7
-6
-2
-13
-12
-13
-17
-10
-7
-4
-5
-7
0
-5
3
-6
-6
-12
-16
-11
-21
-20
-26
-18
-15
-11
-12
-10
-10
-11
-7
-12
-6
0
-3
-3
4
5
-7
-12
-19
-21
-14
-17
-6
-9
-8
-6
-4
5
-1
6
8
18
20
22
31
27
28
29
25
32
21
25
17
12
19
12
22
12
11
13
6
9
7
2
-1
0
7
17
15
11
13
6
-5
-4
-1
-1
-1
-3
0
-3
-7
-17
-12
-10
-6
-8
2
-1
-1
7
-1
9
-1
-2
-1
-11
-10
-18
-13
-14
-13
-9
-9
-8
-15
-16
-25
-18
-16
-23
-3
-7
3
5
-2
-5
-11
-9
-13
-17
-13
-6
-7
-6
-3
-11
-13
-16
-15
-15
-7
-6
5
4
11
9
-1
-2
-13
-13
-16
-14
-15
-8
-6
-2
-4
-4
-3
2
-2
2
9
8
13
17
23
15
13
17
13
14
5
3
1
3
1
2
0
3
2
5
1
6
4
5
9
10
18
21
17
16
10
3
6
3
8
1
6
3
-1
2
2
2
-2
-3
3
-2
3
9
11
21
16
16
8
4
9
3
5
5
-3
1
-1
-4
-5
-10
-18
-17
-24
-18
-18
-20
-18
-14
-8
-11
-12
-15
-12
-10
-15
-6
-5
-9
-4
-4
-6
-3
3
-7
-7
-5
0
8
17
28
25
25
17
12
9
5
4
2
5
4
3
3
10
11
3
7
4
-1
4
0
4
5
9
7
2
-5
-5
-4
-12
-8
-9
-8
-2
5
8
1
5
3
-5
-1
-10
3
8
9
15
16
13
-2
1
-8
-16
-14
-16
-5
-7
-8
0
2
-5
-11
-18
-16
-10
-4
0
4
15
12
11
3
-3
-2
-6
-1
6
2
7
1
0
-2
-2
2
-10
-9
-9
-5
-1
4
8
12
12
6
-2
-4
-4
-6
2
-2
5
6
2
1
1
6
-6
-6
-5
-10
-4
0
6
7
4
-6
-3
-6
-10
-6
-9
-1
-2
-2
-4
-1
7
1
0
-2
-10
-3
14
18
20
25
28
29
15
20
13
9
13
11
18
18
24
23
23
16
11
-1
-7
-7
-7
-5
-4
-1
-7
-5
-10
-18
-24
-29
-24
-15
-15
-11
-14
-7
-9
-14
-16
-21
-25
-26
-26
-28
-25
-21
-23
-18
-17
-24
-24
-24
-19
-17
-28
-15
-11
-5
-2
-13
-2
-3
2
-6
-5
2
3
14
17
19
18
15
18
15
14
14
18
21
20
22
24
14
16
18
16
24
15
20
21
23
28
26
21
2
-2
2
-4
2
6
4
12
15
19
16
19
12
12
-1
7
3
-5
-1
0
0
-10
-5
-9
-8
-9
-13
-4
-1
-6
7
-3
1
-2
-9
-13
-13
-10
-11
-6
5
10
10
10
2
-1
-6
-11
-19
-20
-20
-17
-18
-11
-13
-7
-16
-23
-18
-24
-23
-18
-15
-4
7
6
1
-2
-3
-13
-11
-1
-3
4
0
5
2
-1
1
-2
-2
-3
3
-2
4
-2
5
5
-2
-6
-14
-18
-17
-20
-11
-7
-1
11
14
18
17
17
13
7
7
12
9
13
12
11
11
10
8
9
-1
4
2
0
2
1
8
6
6
3
5
2
-12
-7
-7
0
6
7
9
13
5
4
-2
-5
3
-6
1
5
5
16
15
27
15
5
8
2
-1
0
7
6
13
7
7
3
-5
-7
-10
-12
-8
-8
-3
1
0
-4
-1
-12
-14
-5
-7
-6
-5
3
1
-5
-11
-12
-16
-18
-16
-18
-23
-18
-13
-9
-4
6
4
2
4
1
1
-3
3
5
4
12
12
9
12
7
-2
6
3
6
19
16
21
18
27
23
13
9
8
5
5
8
2
3
11
9
5
6
-3
-1
-6
-8
-3
1
8
6
7
6
-1
-6
-14
-10
-7
1
1
9
0
2
2
-3
-4
-13
-18
-19
-16
-15
-6
1
4
1
-2
-8
-11
-18
-12
-14
-10
-12
-10
-14
-18
-14
-22
-21
-21
-18
-14
-12
-3
10
9
12
8
3
-4
-15
-11
-13
-7
-3
1
6
1
7
5
5
-1
1
-2
2
9
10
13
8
5
0
-3
-1
4
-5
0
3
3
7
5
9
-3
0
-7
-6
1
7
12
8
19
13
19
15
8
5
9
7
9
16
18
19
19
15
12
7
-3
3
-3
-1
0
11
16
15
16
9
4
3
8
6
10
3
9
1
4
2
-6
-12
-9
-11
-12
-8
-13
-9
-10
-11
-11
-17
-22
-23
-27
-31
-29
-26
-20
-15
-13
-11
-14
-18
-17
-14
-13
-9
-6
0
3
8
8
7
1
0
-2
-7
-5
-5
-8
-3
-4
-4
-4
-5
0
-7
-5
2
1
8
6
0
3
2
7
9
7
3
2
3
7
11
16
17
14
16
12
4
7
9
6
11
15
24
19
23
20
13
10
13
6
7
9
7
3
4
-3
-9
-7
-10
-6
-9
0
-5
3
6
-1
4
-7
-4
-6
-12
-7
-11
-5
-8
-10
-2
-6
-8
-6
-11
-9
-7
-5
2
2
5
13
7
9
3
9
4
3
7
8
13
12
7
0
-1
-12
-14
-22
-19
-19
-18
-4
-1
1
-1
-1
-3
-5
-10
-5
-1
1
6
1
3
4
-5
-8
-10
-17
-15
-14
-12
-1
1
10
9
8
12
4
14
13
20
20
18
19
13
14
9
2
-1
2
9
11
12
13
9
14
14
13
9
14
7
8
6
6
12
12
12
5
4
0
0
-5
-7
-14
-14
-7
-3
0
1
3
6
5
-2
-14
-9
-12
-9
-9
-9
-8
-15
-10
-17
-19
-10
-10
-5
-7
-3
1
-2
-4
-7
-5
-12
-11
-15
-14
-12
-12
-8
-17
-18
-19
-22
-19
-24
-22
-19
-10
-15
-7
-6
-5
2
5
15
7
13
8
7
10
5
9
4
-2
-4
3
0
6
10
12
11
16
15
21
18
18
24
14
15
20
21
21
21
15
11
4
-3
1
2
2
-1
-2
0
-2
1
-2
-2
-1
-1
6
-4
-5
-5
-13
-13
-16
-17
-17
-18
-12
-10
-13
-13
-14
-4
-1
0
-2
0
-1
1
4
2
3
10
11
8
10
1
-1
-8
-8
-10
-14
-11
-16
-13
-8
-1
4
10
14
16
17
13
14
17
16
4
1
-2
-11
-14
-18
-19
-13
-12
-7
-2
-3
-4
-3
-10
-11
-4
-4
-3
5
4
13
14
5
6
-1
2
-2
-11
-3
-6
5
-2
2
-2
-7
-1
-6
-6
-2
2
3
4
16
9
8
8
3
-6
-6
-6
-12
-4
-3
4
3
8
13
15
13
22
17
30
28
22
32
21
23
15
11
0
-6
-5
-7
4
-5
2
-5
-4
-8
-10
-6
-8
-6
3
2
2
0
-9
-4
-15
-12
-21
-27
-27
-35
-26
-27
-25
-21
-23
-21
-24
-16
-16
-19
-10
-7
-5
-1
2
11
19
15
11
4
5
0
3
6
10
15
11
14
5
9
11
12
14
22
20
29
34
31
30
31
27
17
13
4
5
10
12
21
19
18
11
5
-2
2
2
2
4
6
6
10
11
13
9
6
4
-6
0
-4
-1
-5
-3
-6
-6
-10
-16
-12
-5
0
-2
4
8
8
3
-1
-5
-7
-21
-26
-29
-27
-21
-17
-16
-17
-9
-24
-27
-28
-25
-26
-22
-18
-12
-6
-12
-4
-18
-12
-14
-22
-27
-30
-22
-28
-15
-13
-7
-5
-1
7
5
10
13
19
25
30
26
23
14
9
5
-5
-9
-7
-8
-6
-5
2
4
2
-4
-3
8
6
13
8
8
13
8
6
7
5
7
4
3
4
2
9
15
15
17
14
8
11
7
10
16
15
17
18
17
18
14
13
9
5
1
-10
-11
-5
-3
-4
0
-6
-9
-7
-6
-6
-8
-8
-3
2
0
-3
-6
-4
-6
-15
-21
-20
-18
-20
-22
-14
-11
-9
-14
-17
-21
-23
-9
-16
-6
-5
5
1
3
11
11
11
7
6
3
6
5
9
14
20
23
23
25
20
20
23
24
16
16
9
7
2
-9
-5
-8
0
-1
5
39
178
324
349
256
107
39
9
-101
-215
-273
-300
-385
-490
-493
-330
-166
-158
-196
-197
-149
-100
-77
2
119
175
158
157
258
409
481
444
359
271
180
106
47
23
8
-61
-130
-180
-157
-91
-47
-42
-69
-99
-118
-96
-55
15
94
127
137
139
193
246
271
232
145
66
-27
-83
-111
-125
-136
-173
-216
-228
-207
-183
-158
-148
-151
-171
-164
-128
-55
24
59
79
82
84
100
99
111
88
40
7
-27
-21
-8
2
10
0
-5
-2
8
23
37
35
29
17
6
28
67
79
88
65
48
36
20
25
4
-16
-47
-73
-81
-71
-58
-26
-34
-29
-28
-41
-34
-25
-21
-15
-19
-26
-6
23
40
48
47
32
10
-6
-4
-9
12
1
-6
4
7
32
42
26
-3
-32
-32
-39
-41
-56
-64
-70
-87
-57
3
81
151
169
182
186
176
162
137
122
126
116
98
88
90
126
229
377
455
420
266
105
9
-101
-246
-407
-505
-539
-579
-617
-571
-374
-207
-173
-245
-295
-222
-140
-103
-81
13
124
198
217
278
395
446
369
171
-6
-106
-188
-275
-326
-329
-313
-313
-325
-281
-165
-71
-40
-52
-83
-75
-8
84
181
258
321
368
416
446
450
452
433
351
259
392
801
1031
871
457
41
-170
-555
-1064
-1310
-1312
-1359
-1538
-1491
-1011
-287
110
216
348
433
450
343
294
381
361
148
-84
-134
6
216
248
108
-102
-265
-305
-370
-363
-217
-41
51
42
126
399
671
765
704
699
750
810
876
989
1225
1395
1414
1418
1516
1716
1764
1441
879
176
-477
-962
-1385
-1711
-1961
-2067
-2115
-2055
-1851
-1505
-1045
-751
-664
-702
-693
-439
-39
287
526
726
896
992
1001
923
841
642
185
-466
-1072
-1359
-1417
-1426
-1469
-1458
-1320
-1135
-975
-782
-471
-143
15
1
12
255
703
1114
1375
1522
1589
1578
1432
1224
987
733
351
-156
-624
-888
-926
-854
-783
-733
-690
-614
-512
-360
-171
16
173
270
365
513
787
1084
1291
1319
1191
1002
809
604
362
104
-128
-329
-507
-599
-529
-231
409
1200
1442
1113
472
-45
-275
-762
-1293
-1488
-1457
-1485
-1512
-1169
-376
407
569
374
231
115
12
-189
-175
-52
-85
-205
-213
11
334
425
167
-202
-600
-823
-812
-744
-580
-334
-93
100
297
531
856
1035
864
587
410
438
585
750
1028
1347
1553
1605
1579
1565
1589
1480
1220
900
564
211
-158
-483
-760
-952
-1182
-1465
-1694
-1799
-1828
-1793
-1704
-1599
-1401
-1204
-959
-613
-250
70
291
454
558
609
586
525
434
256
-10
-264
-436
-547
-659
-822
-966
-1050
-1095
-1164
-1188
-1087
-907
-712
-595
-420
-87
286
599
792
966
1114
1177
1138
1057
1021
980
846
621
411
289
178
49
-116
-246
-354
-467
-543
-540
-450
-326
-205
-78
81
268
477
645
792
866
885
865
848
843
807
754
767
1067
1727
1967
1525
628
-282
-781
-1435
-2166
-2506
-2463
-2374
-2407
-2134
-1276
-166
471
550
562
580
553
404
366
521
557
349
56
-39
98
240
108
-238
-661
-997
-1088
-1070
-956
-650
-284
-49
160
385
763
1138
1191
1110
1047
1101
1173
1242
1446
1756
2011
2009
1872
1787
1816
1841
1633
1341
831
146
-506
-1073
-1372
-1596
-1886
-2161
-2292
-2241
-2084
-1830
-1513
-1160
-937
-923
-888
-654
-247
108
288
404
527
600
560
474
445
306
-73
-633
-1107
-1342
-1417
-1466
-1545
-1540
-1469
-1397
-1302
-1084
-724
-404
-245
-126
62
380
733
1056
1358
1582
1648
1561
1438
1348
1251
1017
639
262
-38
-308
-463
-523
-501
-499
-567
-625
-572
-380
-201
-48
92
251
410
526
682
907
1111
1188
1137
1044
1025
970
835
681
625
968
1464
1492
996
191
-467
-902
-1593
-2193
-2376
-2300
-2255
-2245
-1849
-939
48
485
568
648
701
626
415
361
432
321
-36
-360
-393
-151
38
-14
-187
-501
-714
-832
-824
-645
-350
-92
32
123
307
709
1105
1268
1310
1310
1301
1269
1263
1442
1670
1816
1729
1600
1725
1962
2069
1927
1411
740
-39
-833
-1369
-1711
-1988
-2275
-2488
-2534
-2336
-1964
-1561
-1140
-868
-829
-896
-839
-485
-42
246
401
543
677
727
695
631
512
183
-436
-1119
-1579
-1749
-1755
-1819
-1834
-1711
-1527
-1357
-1104
-734
-323
-58
-25
-17
145
512
899
1252
1505
1681
1725
1646
1575
1489
1341
985
481
-34
-406
-613
-659
-609
-547
-541
-569
-528
-385
-179
-15
90
137
171
250
429
726
1071
1304
1368
1326
1277
1252
1199
1296
1782
2080
1604
644
-372
-830
-1230
-1943
-2452
-2570
-2501
-2535
-2407
-1716
-582
176
262
250
419
605
637
552
564
535
229
-143
-278
-16
335
368
101
-284
-597
-638
-622
-690
-597
-491
-418
-341
-236
235
810
1136
1207
1235
1379
1541
1614
1634
1695
1753
1683
1543
1635
2019
2285
2229
1823
1172
481
-294
-976
-1460
-1883
-2335
-2709
-2843
-2635
-2196
-1755
-1356
-994
-864
-887
-873
-648
-192
134
255
324
538
796
950
940
850
631
88
-678
-1337
-1648
-1729
-1862
-2079
-2126
-1962
-1689
-1417
-1107
-699
-373
-289
-319
-193
186
617
973
1262
1511
1738
1847
1882
1906
1840
1538
1019
426
-28
-314
-487
-597
-605
-605
-629
-609
-451
-199
-11
17
-37
-16
61
207
444
794
1119
1291
1338
1375
1462
1550
1705
2141
2385
1974
1016
-86
-689
-1184
-1908
-2462
-2661
-2628
-2648
-2524
-1935
-934
-230
-99
-73
89
310
410
433
536
600
389
37
-83
120
437
494
262
-85
-433
-573
-596
-607
-547
-453
-411
-393
-244
56
556
823
865
957
1098
1306
1437
1588
1753
1871
1786
1575
1564
1816
2139
2262
2036
1556
904
213
-477
-1000
-1445
-1926
-2395
-2742
-2793
-2565
-2135
-1698
-1357
-1196
-1183
-1168
-950
-533
-142
127
293
502
746
979
1130
1196
1113
687
-22
-731
-1166
-1362
-1595
-1868
-2058
-2069
-1982
-1793
-1475
-1084
-678
-491
-492
-393
-72
346
734
1041
1292
1521
1685
1806
1890
1929
1788
1397
838
330
-16
-255
-417
-538
-622
-701
-724
-643
-438
-252
-136
-125
-149
-56
94
366
718
1054
1286
1383
1473
1712
2373
3046
3048
2402
1277
325
-407
-1271
-1938
-2307
-2502
-2718
-2829
-2461
-1560
-620
-270
-251
-266
-217
-139
-98
82
297
266
-3
-164
24
453
726
625
269
-176
-519
-692
-713
-598
-511
-536
-590
-508
-177
274
608
671
580
562
656
838
1136
1492
1766
1866
1795
1716
1814
2069
2364
2595
2546
1975
1167
440
-2
-349
-966
-1743
-2318
-2567
-2694
-2719
-2509
-1974
-1468
-1396
-1619
-1621
-1169
-623
-341
-225
-26
324
638
835
1062
1358
1408
974
248
-404
-779
-1026
-1348
-1736
-2041
-2208
-2239
-2076
-1768
-1399
-1100
-928
-818
-650
-333
123
651
1109
1343
1451
1627
1908
2145
2179
1954
1613
1215
708
220
-46
-132
-228
-512
-851
-943
-772
-588
-499
-442
-367
-278
-244
-166
142
595
991
1177
1244
1419
1763
2463
3306
3401
2761
1554
427
-239
-1093
-1846
-2256
-2473
-2728
-2899
-2552
-1573
-524
-172
-281
-345
-308
-255
-186
20
269
213
-97
-217
55
603
933
816
453
-27
-431
-584
-628
-593
-551
-656
-758
-733
-419
103
469
527
368
410
609
859
1186
1472
1788
1889
1802
1749
1907
2272
2675
3055
2947
2288
1287
469
169
-206
-976
-1938
-2603
-2791
-2857
-2982
-2807
-2139
-1548
-1584
-1975
-2035
-1385
-581
-339
-328
-91
418
868
1070
1307
1703
1839
1313
385
-341
-651
-827
-1250
-1800
-2185
-2375
-2381
-2237
-1936
-1544
-1260
-1148
-1104
-984
-659
-118
496
990
1246
1385
1670
2144
2513
2554
2317
1979
1581
1016
399
45
-14
-145
-571
-1031
-1142
-881
-643
-686
-734
-649
-501
-453
-413
-70
542
1020
1198
1364
2062
3381
4053
3638
2620
1534
857
-190
-1450
-2059
-2139
-2362
-2860
-2982
-2161
-835
-240
-387
-468
-362
-322
-516
-499
-85
215
12
-284
-139
532
1141
1173
850
472
95
-214
-490
-556
-333
-333
-548
-797
-698
-254
92
151
-8
45
114
230
455
785
1277
1543
1599
1600
1697
1986
2396
3123
3532
3175
2130
1005
651
467
-242
-1347
-2203
-2498
-2704
-3089
-3229
-2493
-1547
-1453
-2088
-2546
-2031
-1084
-719
-765
-509
95
660
832
1134
1816
2415
2182
1177
264
-183
-339
-740
-1314
-1823
-2211
-2486
-2567
-2350
-1921
-1597
-1494
-1501
-1519
-1410
-968
-203
535
943
1042
1258
1870
2511
2789
2702
2588
2374
1835
1027
449
423
399
-76
-835
-1215
-1028
-751
-799
-938
-860
-710
-749
-911
-678
21
701
1069
1388
2493
3851
4188
3507
2291
1540
891
-409
-1595
-2102
-2115
-2341
-2777
-2603
-1507
-399
-193
-452
-516
-424
-494
-771
-718
-294
-63
-199
-286
165
943
1382
1272
849
487
210
-69
-323
-306
-60
-86
-307
-504
-365
38
153
-31
-162
-150
-110
-61
156
649
1134
1314
1387
1523
1839
2221
2869
3589
3688
2958
1580
768
642
236
-747
-1934
-2488
-2575
-2855
-3340
-3104
-2075
-1427
-1754
-2542
-2544
-1571
-751
-663
-658
-171
536
885
983
1435
2246
2557
1894
887
187
2
-195
-718
-1273
-1781
-2206
-2499
-2577
-2360
-2055
-1919
-1911
-1934
-1944
-1752
-1094
-193
542
829
932
1443
2258
2813
2907
2793
2717
2461
1727
897
574
688
499
-259
-1039
-1203
-915
-854
-1081
-1192
-1006
-863
-967
-743
132
1190
1760
1667
1606
1965
2367
2350
1886
1383
940
379
-368
-774
-682
-565
-748
-1214
-1447
-1236
-899
-791
-855
-820
-815
-873
-883
-625
-141
181
126
-88
-75
169
432
507
500
465
337
162
135
329
602
533
223
-121
-234
-186
-274
-273
-143
74
134
114
310
755
1160
1261
1240
1202
1260
1402
1929
2854
3290
2975
1888
1110
913
488
-433
-1577
-2264
-2652
-3142
-3705
-3511
-2451
-1616
-1621
-2133
-2153
-1417
-747
-601
-550
-190
252
441
543
1059
1939
2460
2137
1359
675
246
-146
-652
-1157
-1681
-2223
-2605
-2663
-2353
-1961
-1674
-1461
-1372
-1435
-1509
-1124
-359
344
630
672
1076
1821
2468
2709
2784
2905
2751
2073
1176
688
673
470
-232
-996
-1235
-1066
-965
-1051
-1030
-799
-688
-877
-991
-622
98
787
1430
2593
3649
3840
3216
2176
1693
1105
-22
-1129
-1819
-2046
-2260
-2451
-2118
-1193
-467
-440
-614
-631
-481
-517
-769
-831
-685
-575
-471
-265
305
1032
1370
1324
1027
763
625
392
103
-24
52
117
-17
-36
134
399
348
-15
-131
-99
-70
-198
-175
220
605
897
975
1242
1719
2273
3095
3660
3647
2863
1660
1054
744
144
-930
-1958
-2381
-2563
-3015
-3495
-3109
-2223
-1930
-2431
-3107
-2857
-1864
-1238
-1115
-869
-139
679
1099
1355
1908
2680
2798
2018
1032
412
214
-110
-695
-1247
-1666
-1965
-2200
-2248
-2092
-1927
-1889
-1975
-2106
-2181
-1954
-1321
-488
189
527
850
1536
2359
2846
2913
2845
2777
2477
1754
1066
873
934
677
-71
-712
-832
-705
-877
-1269
-1452
-1377
-1355
-1538
-1452
-829
124
940
1923
3235
3950
3914
2990
2102
1651
716
-370
-1287
-1728
-1917
-2103
-2071
-1506
-638
-334
-505
-751
-886
-845
-1022
-1132
-995
-840
-629
-442
-6
722
1278
1458
1251
918
728
606
416
227
270
424
462
393
395
648
740
375
-42
-331
-295
-313
-420
-219
139
613
822
953
1285
1847
2591
3369
3629
3268
2311
1409
1054
632
-177
-1282
-2048
-2349
-2611
-3129
-3311
-2712
-2120
-2276
-3002
-3396
-2767
-1840
-1413
-1270
-816
43
757
1112
1448
2127
2717
2488
1674
856
552
481
75
-516
-1101
-1503
-1748
-1956
-2034
-1989
-1930
-2000
-2199
-2364
-2337
-1903
-1139
-369
127
379
847
1634
2354
2703
2769
2785
2705
2327
1683
1305
1320
1274
753
-64
-534
-546
-581
-941
-1359
-1507
-1513
-1628
-1761
-1524
-772
107
919
2030
3168
3664
3370
2432
1831
1341
452
-491
-1195
-1491
-1647
-1756
-1584
-939
-328
-263
-484
-745
-854
-911
-1073
-1117
-1043
-915
-732
-478
108
752
1162
1247
1037
778
608
516
374
300
428
550
647
686
795
1026
888
547
77
-279
-313
-425
-379
-179
131
498
736
1007
1363
1913
2658
3368
3405
2726
1677
1026
824
350
-543
-1548
-2098
-2284
-2597
-3066
-3009
-2362
-1998
-2349
-3084
-3205
-2478
-1735
-1427
-1291
-749
42
670
1010
1472
2188
2595
2253
1438
770
545
455
133
-427
-1009
-1384
-1605
-1724
-1785
-1803
-1861
-1940
-2113
-2345
-2319
-1782
-917
-217
138
368
924
1730
2317
2502
2523
2550
2451
1964
1369
1174
1313
1254
660
-75
-371
-338
-415
-816
-1211
-1362
-1420
-1581
-1682
-1323
-439
637
1988
3001
3160
2865
2102
1674
1235
365
-350
-903
-1342
-1680
-1708
-1245
-404
37
-203
-453
-607
-701
-859
-1082
-1024
-944
-1081
-1076
-702
82
820
1075
995
808
575
435
392
345
449
487
520
606
811
1142
1377
1184
711
277
-39
-67
-30
35
269
432
604
833
1092
1600
2244
3031
3357
2994
2027
1007
666
392
-242
-1227
-2090
-2423
-2581
-2860
-3051
-2621
-2041
-2088
-2692
-3222
-2972
-2123
-1600
-1459
-1179
-566
167
712
1190
1784
2354
2335
1689
932
469
338
167
-217
-733
-1241
-1529
-1632
-1578
-1486
-1520
-1626
-1750
-1911
-2035
-1810
-1164
-416
129
373
669
1358
2105
2521
2566
2475
2348
2058
1491
997
951
1048
807
183
-356
-433
-297
-379
-707
-995
-1127
-1261
-1409
-1383
-908
-82
1024
2255
2847
2960
2593
2052
1677
852
10
-650
-1155
-1562
-1840
-1710
-1141
-456
-285
-361
-433
-557
-690
-921
-1035
-945
-998
-1010
-850
-412
295
788
1062
1088
876
649
489
372
290
306
322
360
465
668
996
1135
985
739
433
206
134
137
333
577
649
809
1040
1481
2099
2827
3506
3570
2961
1784
917
521
-32
-900
-1978
-2670
-2916
-3145
-3375
-3182
-2505
-2118
-2403
-3017
-3181
-2576
-1898
-1574
-1307
-850
-193
411
913
1578
2284
2583
2203
1449
768
384
144
-213
-613
-1103
-1539
-1797
-1839
-1667
-1564
-1583
-1714
-1883
-2048
-2035
-1583
-828
-73
402
670
1192
1958
2560
2831
2802
2670
2399
1842
1163
832
850
772
323
-291
-555
-518
-490
-668
-917
-1096
-1255
-1468
-1572
-1225
-444
846
2172
2693
2730
2448
2231
2059
1284
412
-209
-728
-1323
-1705
-1592
-900
-297
-357
-571
-579
-552
-686
-964
-1023
-948
-1095
-1250
-1117
-490
298
734
861
914
887
761
614
481
438
471
359
356
461
768
1171
1173
952
554
290
71
-91
47
284
561
662
737
1064
1607
2241
3031
3724
3789
3114
1878
1018
666
203
-760
-1884
-2548
-2774
-2983
-3330
-3133
-2462
-2138
-2573
-3328
-3485
-2828
-2089
-1801
-1543
-1007
-271
371
856
1534
2287
2570
2106
1310
662
342
131
-190
-583
-1027
-1486
-1753
-1743
-1578
-1525
-1699
-1904
-2077
-2243
-2173
-1691
-875
-66
385
638
1200
2069
2731
2951
2891
2762
2518
1954
1233
942
1020
949
414
-237
-528
-484
-500
-765
-1028
-1168
-1317
-1576
-1688
-1365
-582
316
1546
2694
3185
3133
2470
1982
1524
634
-244
-962
-1383
-1664
-1787
-1540
-850
-240
-217
-347
-503
-612
-731
-983
-975
-874
-873
-799
-556
54
765
1158
1270
1114
823
591
453
296
243
254
320
412
542
805
1102
1214
916
502
79
-146
-167
-63
298
556
826
974
1287
1965
2977
3960
4096
3472
2195
1187
668
65
-745
-1727
-2433
-2852
-3153
-3365
-3060
-2296
-1853
-2214
-3046
-3526
-3199
-2504
-2022
-1632
-1110
-430
243
855
1552
2345
2792
2469
1537
563
-8
-198
-380
-726
-1182
-1598
-1793
-1813
-1695
-1528
-1486
-1652
-2064
-2514
-2641
-2130
-1189
-312
260
656
1282
2074
2745
3127
3258
3179
2759
1999
1219
878
898
872
453
-148
-522
-566
-527
-641
-806
-983
-1221
-1548
-1722
-1474
-717
430
1856
2920
3193
2948
2355
2010
1445
479
-411
-1163
-1669
-2007
-1988
-1440
-568
-98
-178
-367
-524
-590
-786
-1048
-1098
-1132
-1195
-1039
-555
300
1090
1433
1467
1267
994
811
609
437
331
252
215
302
557
960
1315
1191
847
407
48
-71
-75
131
432
602
750
1012
1530
2474
3546
4161
3950
3036
1826
1064
490
-267
-1205
-2166
-2793
-3153
-3411
-3376
-2755
-2016
-1909
-2510
-3255
-3379
-2867
-2330
-2009
-1632
-1021
-267
422
1153
2024
2810
2999
2301
1276
474
81
-158
-559
-1056
-1515
-1804
-1903
-1836
-1623
-1409
-1438
-1780
-2305
-2706
-2581
-1924
-1102
-381
125
694
1524
2436
3083
3423
3487
3268
2716
1869
1192
972
967
729
178
-347
-543
-519
-577
-733
-902
-1084
-1362
-1699
-1769
-1242
-204
1284
2624
2988
2841
2283
1942
1608
692
-172
-888
-1468
-1987
-2176
-1701
-722
28
1
-203
-299
-392
-615
-1001
-1096
-1136
-1369
-1458
-1141
-281
667
1153
1296
1220
1069
929
788
645
576
505
411
406
615
1051
1445
1442
1129
657
219
-49
-162
-71
172
319
474
725
1213
2048
3073
4023
4228
3630
2417
1420
896
323
-490
-1594
-2481
-2989
-3317
-3419
-3117
-2400
-1967
-2279
-2997
-3368
-3029
-2427
-2002
-1741
-1349
-776
-112
633
1533
2443
2924
2608
1781
962
432
157
-176
-627
-1172
-1691
-1955
-1977
-1758
-1539
-1544
-1774
-2182
-2588
-2747
-2398
-1665
-930
-389
35
703
1643
2547
3162
3390
3357
3019
2402
1716
1343
1280
1092
610
-31
-422
-504
-564
-704
-913
-1109
-1346
-1615
-1726
-1348
-445
1041
2372
2801
2608
2155
1995
1769
1018
157
-538
-1118
-1718
-2009
-1629
-702
-4
-25
-196
-277
-258
-407
-749
-874
-1032
-1354
-1589
-1393
-616
243
703
853
809
761
742
722
682
692
646
538
518
638
1048
1471
1530
1239
758
316
131
79
204
418
653
775
965
1350
1928
2906
3719
3935
3351
2151
1156
646
153
-653
-1590
-2348
-2772
-3025
-3268
-3037
-2306
-1837
-2085
-2846
-3287
-2936
-2309
-1879
-1627
-1226
-639
-40
512
1183
2001
2489
2256
1444
588
156
7
-191
-553
-1042
-1480
-1732
-1777
-1611
-1448
-1419
-1579
-1925
-2342
-2508
-2144
-1424
-662
-181
126
676
1464
2226
2709
2890
2892
2647
2112
1487
1203
1260
1253
879
253
-143
-237
-254
-393
-580
-742
-889
-1061
-1082
-647
108
829
1075
894
732
751
865
815
605
357
49
-321
-541
-365
49
304
150
-197
-410
-499
-526
-629
-766
-864
-1052
-1268
-1247
-846
-334
-2
33
-30
1
122
357
516
643
732
679
673
760
1012
1347
1448
1293
1001
684
402
337
463
689
883
896
938
1111
1448
1928
2571
3230
3353
2847
1896
1127
808
335
-502
-1466
-2197
-2592
-2938
-3179
-3043
-2479
-2095
-2305
-2748
-2889
-2457
-1894
-1572
-1334
-953
-458
-15
390
959
1580
1894
1677
1125
576
237
9
-230
-545
-982
-1450
-1761
-1831
-1722
-1601
-1598
-1671
-1800
-1962
-2002
-1685
-1061
-424
-40
232
728
1442
2075
2380
2508
2533
2373
1954
1422
1185
1171
1055
635
145
-133
-178
-277
-425
-510
-541
-641
-794
-724
-255
344
586
496
395
512
699
701
590
541
444
176
-136
-197
79
330
267
-5
-247
-322
-389
-525
-617
-667
-804
-983
-1087
-937
-580
-302
-195
-157
-134
-20
179
360
514
618
652
654
695
789
1016
1136
1122
996
700
460
292
352
618
851
1007
1070
1161
1427
1768
2282
2907
3351
3197
2468
1563
975
642
33
-887
-1800
-2402
-2804
-3143
-3261
-2920
-2386
-2244
-2568
-2877
-2697
-2127
-1650
-1357
-1056
-641
-196
244
733
1337
1830
1883
1496
914
456
110
-213
-543
-926
-1387
-1790
-1991
-1953
-1784
-1715
-1699
-1768
-1860
-1899
-1770
-1297
-651
-152
182
517
1101
1793
2304
2573
2666
2574
2263
1753
1293
1126
1026
742
241
-160
-327
-349
-434
-494
-464
-476
-648
-745
-508
52
548
616
484
432
621
768
749
702
649
481
158
-81
-61
179
293
100
-171
-380
-458
-533
-642
-709
-798
-971
-1129
-1113
-832
-429
-179
-41
15
165
367
543
682
723
701
632
566
632
730
818
819
633
523
303
220
292
424
717
828
897
965
1220
1681
2174
2883
3364
3400
2809
1925
1346
916
312
-639
-1614
-2271
-2729
-3086
-3264
-2971
-2433
-2239
-2510
-2861
-2738
-2235
-1818
-1597
-1353
-907
-355
121
688
1421
2054
2243
1900
1387
917
567
167
-307
-817
-1377
-1825
-2103
-2119
-1972
-1876
-1884
-1944
-2052
-2131
-2016
-1576
-951
-404
-53
317
956
1698
2300
2652
2854
2876
2584
2035
1512
1261
1134
816
276
-179
-363
-408
-509
-576
-559
-549
-678
-857
-737
-333
104
194
107
174
405
648
767
873
976
910
617
332
268
376
385
146
-150
-296
-380
-492
-600
-628
-611
-822
-1086
-1162
-906
-575
-514
-442
-301
11
278
395
617
869
988
840
639
701
906
965
840
689
686
664
525
517
697
963
1085
984
974
1164
1475
1906
2525
3082
3095
2565
1687
1139
765
93
-840
-1760
-2343
-2791
-3233
-3377
-2953
-2269
-2022
-2282
-2515
-2309
-1820
-1526
-1378
-1119
-706
-317
-47
431
1198
1878
2045
1735
1291
909
540
76
-402
-875
-1411
-1929
-2221
-2192
-1951
-1784
-1729
-1712
-1769
-1872
-1807
-1407
-809
-332
-56
273
873
1603
2180
2537
2781
2872
2599
2001
1419
1152
973
573
9
-438
-571
-612
-667
-676
-524
-405
-503
-615
-422
47
307
274
76
138
359
491
574
698
831
723
467
282
390
523
436
159
-98
-230
-336
-464
-555
-597
-683
-912
-1110
-1088
-827
-548
-424
-385
-294
-65
196
436
733
994
1046
949
853
963
1149
1133
1017
840
623
401
202
215
452
689
814
773
851
1084
1483
2062
2755
3214
3046
2376
1524
1052
659
-22
-907
-1786
-2391
-2867
-3249
-3268
-2770
-2221
-2140
-2447
-2677
-2420
-1933
-1563
-1313
-1039
-661
-289
89
687
1467
2017
2109
1729
1212
822
513
178
-214
-677
-1233
-1739
-2024
-1994
-1816
-1679
-1682
-1807
-1995
-2125
-1968
-1488
-866
-416
-92
312
952
1689
2281
2685
2919
2920
2554
1993
1543
1327
1143
692
105
-342
-541
-632
-742
-747
-657
-683
-862
-1052
-858
-313
165
332
245
261
426
599
687
775
829
664
345
74
108
355
451
301
26
-179
-329
-451
-537
-612
-739
-989
-1253
-1285
-1048
-709
-459
-304
-125
86
280
514
838
1074
1138
1009
939
1020
1155
1309
1248
1104
864
522
267
262
445
729
809
752
786
972
1440
2116
2901
3339
3163
2392
1498
1010
592
-2
-919
-1818
-2466
-2992
-3321
-3287
-2715
-2158
-2114
-2485
-2742
-2497
-1981
-1554
-1275
-997
-640
-318
62
713
1508
2107
2107
1633
1038
586
263
-28
-373
-840
-1371
-1841
-2062
-1958
-1680
-1499
-1485
-1658
-1908
-2064
-1890
-1392
-782
-331
-64
295
926
1681
2368
2821
3064
2985
2553
1976
1540
1384
1200
777
175
-341
-582
-690
-744
-755
-702
-735
-903
-1006
-878
-434
-3
180
148
96
215
420
599
742
798
667
387
136
104
238
315
184
-80
-326
-481
-560
-623
-645
-720
-893
-1078
-1136
-922
-592
-314
-136
-39
104
247
440
761
1031
1172
1125
1004
1019
1187
1338
1396
1217
984
745
552
543
675
880
958
972
876
959
1317
1977
2847
3244
2980
2185
1379
961
522
-161
-1051
-1856
-2497
-3048
-3454
-3414
-2810
-2216
-2157
-2513
-2735
-2429
-1904
-1528
-1273
-1019
-673
-334
34
630
1408
2030
2092
1605
975
512
241
-41
-435
-950
-1491
-1903
-2115
-2054
-1817
-1571
-1464
-1579
-1839
-2013
-1805
-1234
-652
-255
3
398
1027
1731
2339
2819
3108
3060
2621
2018
1613
1465
1278
832
251
-216
-469
-606
-735
-767
-759
-797
-964
-1112
-957
-481
86
471
560
521
576
702
795
822
768
591
259
-77
-249
-159
16
-28
-246
-473
-618
-714
-823
-902
-957
-1081
-1264
-1356
-1145
-751
-357
-80
101
315
507
715
913
1084
1165
1090
967
960
1049
1236
1295
1228
1082
806
708
637
768
955
964
947
847
954
1282
1918
2808
3393
3325
2593
1720
1220
816
155
-850
-1780
-2473
-3004
-3402
-3509
-2983
-2327
-2172
-2513
-2861
-2642
-2110
-1712
-1503
-1283
-912
-567
-167
453
1296
2031
2198
1803
1215
730
410
51
-366
-882
-1463
-1944
-2191
-2099
-1854
-1598
-1493
-1572
-1816
-2041
-1955
-1487
-883
-454
-175
203
861
1655
2353
2870
3236
3292
2908
2277
1749
1537
1360
939
320
-143
-360
-462
-560
-613
-584
-686
-931
-1140
-1047
-581
-42
291
369
380
522
720
903
986
954
776
394
19
-179
-112
6
-89
-326
-581
-695
-770
-832
-899
-988
-1155
-1420
-1537
-1380
-1029
-680
-393
-159
76
319
586
857
1109
1226
1141
1075
1031
1122
1247
1280
1327
1247
1070
834
731
759
935
1019
924
764
694
958
1494
2371
3196
3457
3085
2247
1609
1204
646
-203
-1201
-2024
-2715
-3225
-3447
-3110
-2406
-2058
-2266
-2678
-2743
-2366
-1985
-1752
-1561
-1283
-987
-673
-135
705
1587
2050
1949
1470
967
589
240
-132
-597
-1186
-1785
-2183
-2237
-1993
-1699
-1494
-1505
-1687
-1959
-2078
-1774
-1253
-754
-483
-189
369
1130
1916
2584
3105
3345
3164
2624
2069
1748
1609
1290
753
207
-135
-256
-266
-261
-318
-452
-751
-1052
-1111
-879
-441
-33
149
159
247
474
824
1049
1043
900
591
262
17
-52
50
53
-135
-416
-643
-706
-712
-765
-897
-1107
-1350
-1532
-1539
-1288
-964
-680
-444
-264
-11
292
619
904
1068
1083
1036
946
1006
1170
1320
1376
1271
1124
968
963
967
1089
1115
1095
971
808
938
1283
2026
2894
3322
3128
2414
1742
1373
912
142
-866
-1740
-2405
-2960
-3323
-3178
-2512
-1930
-1942
-2354
-2574
-2263
-1845
-1606
-1511
-1338
-1029
-758
-360
316
1163
1791
1834
1396
858
483
175
-175
-624
-1189
-1745
-2171
-2324
-2136
-1813
-1542
-1466
-1606
-1842
-1989
-1777
-1311
-837
-556
-324
129
828
1639
2318
2871
3191
3135
2711
2129
1785
1630
1390
884
306
-34
-171
-213
-249
-218
-193
-331
-613
-832
-684
-234
176
368
395
433
555
699
830
861
745
472
107
-192
-260
-161
-103
-183
-377
-536
-632
-712
-762
-842
-992
-1224
-1448
-1471
-1282
-970
-696
-480
-309
-111
126
368
602
799
847
811
807
861
1087
1200
1261
1313
1205
1126
939
868
904
934
969
849
835
897
1166
1563
2242
3112
3495
3259
2461
1792
1445
894
-17
-1089
-1880
-2402
-2881
-3233
-3064
-2382
-1888
-1993
-2402
-2538
-2242
-1928
-1829
-1741
-1467
-1061
-689
-205
523
1346
1885
1841
1452
962
540
157
-266
-723
-1264
-1806
-2135
-2197
-1996
-1790
-1645
-1592
-1695
-1914
-2103
-1915
-1415
-948
-693
-421
138
980
1758
2336
2821
3158
3144
2695
2120
1803
1689
1480
947
288
-90
-237
-234
-279
-332
-376
-528
-789
-972
-798
-267
302
600
664
685
834
1020
1067
1013
831
500
41
-365
-464
-313
-207
-309
-507
-710
-784
-810
-868
-948
-1056
-1243
-1459
-1518
-1290
-890
-532
-304
-154
18
212
418
611
787
809
803
774
846
972
1089
1210
1252
1226
1034
900
818
822
948
902
899
902
992
1263
1665
2480
3315
3610
3200
2373
1796
1392
785
-185
-1176
-1859
-2400
-2867
-3213
-2922
-2169
-1795
-2007
-2459
-2531
-2196
-1958
-1859
-1710
-1362
-984
-624
-126
660
1498
1930
1802
1342
837
414
16
-406
-882
-1427
-1913
-2226
-2231
-2015
-1824
-1652
-1598
-1745
-2013
-2146
-1866
-1348
-902
-666
-333
311
1100
1817
2361
2832
3107
2943
2421
1889
1644
1524
1195
669
232
25
-54
-165
-217
-168
-202
-462
-828
-974
-771
-405
58
589
1134
1536
1617
1582
1587
1536
1177
578
-34
-453
-715
-900
-905
-768
-608
-611
-715
-778
-783
-841
-1039
-1274
-1410
-1405
-1315
-1093
-714
-271
108
305
387
506
639
689
608
495
542
633
654
711
855
1059
1156
1010
849
734
654
576
483
566
730
859
984
1297
1916
2849
3649
3795
3374
2569
1923
1346
531
-428
-1361
-1991
-2497
-2939
-3148
-2805
-2144
-1834
-2042
-2513
-2611
-2415
-2191
-2065
-1871
-1438
-933
-413
155
926
1705
2157
2022
1467
895
396
-57
-534
-1055
-1501
-1839
-2016
-2034
-1884
-1684
-1511
-1517
-1780
-2096
-2211
-1980
-1545
-1117
-712
-171
551
1328
2017
2603
3068
3253
3019
2481
1958
1626
1367
1004
587
258
67
-57
-131
-158
-168
-277
-589
-957
-1148
-1014
-723
-323
257
973
1576
1851
1899
1873
1780
1394
713
19
-460
-796
-1078
-1221
-1103
-855
-698
-726
-760
-733
-792
-995
-1242
-1387
-1385
-1314
-1149
-843
-351
110
426
616
729
823
877
770
621
610
574
596
573
640
944
1024
1006
870
758
735
622
531
513
640
766
882
1166
1807
2910
3730
3831
3346
2573
2032
1363
458
-566
-1457
-2052
-2641
-3138
-3240
-2714
-2040
-1814
-2100
-2483
-2512
-2360
-2242
-2112
-1861
-1450
-994
-522
166
1056
1861
2288
2143
1619
1027
464
-30
-506
-1027
-1528
-1902
-2079
-2065
-1901
-1682
-1469
-1500
-1817
-2175
-2280
-1972
-1534
-1117
-693
-87
688
1431
2126
2744
3242
3374
3040
2424
1904
1564
1283
890
462
154
-11
-111
-207
-192
-187
-341
-705
-1076
-1257
-1137
-845
-389
272
967
1518
1777
1875
1915
1772
1335
669
38
-433
-797
-1034
-1083
-914
-713
-646
-653
-669
-647
-744
-972
-1202
-1354
-1377
-1306
-1081
-720
-258
163
459
641
782
854
813
719
599
567
537
525
553
736
923
1030
1078
967
872
630
449
337
386
565
676
897
1170
1753
2667
3571
3933
3621
2815
2043
1432
569
-435
-1330
-1931
-2397
-2889
-3208
-2905
-2196
-1792
-2010
-2474
-2673
-2571
-2421
-2343
-2098
-1597
-1045
-587
-18
808
1705
2259
2202
1705
1112
553
30
-453
-895
-1307
-1659
-1884
-1951
-1847
-1664
-1512
-1511
-1747
-2121
-2344
-2154
-1702
-1214
-748
-198
563
1343
1992
2556
3034
3291
3099
2484
1871
1512
1268
966
569
278
160
78
-43
-107
-106
-222
-587
-1053
-1316
-1214
-884
-463
144
839
1471
1824
1963
1997
1880
1456
787
137
-351
-661
-886
-970
-865
-651
-515
-512
-501
-483
-578
-846
-1169
-1335
-1375
-1305
-1105
-769
-331
76
372
547
677
747
716
604
466
376
354
401
485
617
800
892
971
968
930
806
518
248
155
327
550
779
1049
1449
2063
2889
3599
3802
3453
2603
1770
967
86
-821
-1609
-2110
-2512
-2900
-3118
-2805
-2244
-1976
-2166
-2582
-2742
-2664
-2537
-2376
-1972
-1345
-772
-296
275
1081
1870
2234
2041
1565
1012
458
-108
-587
-900
-1157
-1459
-1701
-1782
-1648
-1502
-1430
-1502
-1753
-2049
-2210
-2033
-1593
-1020
-450
165
829
1517
2107
2577
2962
3075
2803
2252
1692
1321
1118
865
562
353
237
118
-47
-157
-221
-383
-727
-1108
-1274
-1169
-855
-420
221
956
1513
1746
1738
1650
1414
939
324
-186
-517
-758
-920
-894
-685
-394
-277
-305
-339
-413
-577
-863
-1113
-1206
-1157
-1092
-941
-570
-102
346
584
670
735
739
639
441
321
369
470
555
602
798
1003
1093
1096
982
958
802
608
444
374
525
664
888
1194
1585
2040
2654
3335
3535
3165
2254
1448
877
130
-806
-1701
-2207
-2499
-2846
-3150
-2999
-2429
-2098
-2322
-2774
-2862
-2644
-2466
-2349
-2047
-1451
-848
-367
137
858
1588
1952
1808
1381
961
506
19
-394
-701
-993
-1321
-1565
-1601
-1479
-1419
-1418
-1462
-1610
-1831
-1991
-1804
-1329
-805
-356
100
749
1458
2026
2421
2755
2887
2676
2170
1669
1399
1225
968
623
396
293
176
1
-133
-199
-354
-668
-1021
-1152
-991
-686
-228
358
921
1305
1394
1301
1172
978
594
114
-313
-599
-743
-785
-656
-404
-139
-55
-127
-203
-268
-419
-655
-882
-1022
-1026
-982
-786
-440
-52
271
400
440
460
433
395
334
350
396
454
562
699
928
1021
1089
1048
958
881
719
674
648
736
810
901
1144
1439
1810
2218
2823
3265
3147
2491
1610
1001
434
-363
-1287
-2018
-2414
-2717
-3030
-3106
-2741
-2274
-2205
-2514
-2740
-2642
-2397
-2202
-2005
-1588
-1051
-558
-106
509
1208
1714
1834
1580
1200
758
318
-113
-456
-779
-1119
-1405
-1511
-1476
-1380
-1373
-1377
-1458
-1649
-1825
-1789
-1460
-1001
-588
-195
340
991
1584
2052
2410
2656
2655
2321
1884
1534
1342
1106
776
465
289
171
31
-107
-183
-271
-507
-828
-1051
-1021
-804
-430
91
758
1278
1347
1168
962
815
557
57
-373
-628
-774
-869
-816
-486
-89
117
31
-82
-148
-259
-465
-702
-821
-908
-953
-876
-629
-215
147
339
423
432
405
321
319
338
402
483
508
684
907
1145
1288
1260
1191
1059
895
711
621
651
753
861
996
1246
1565
2002
2573
3106
3186
2675
1803
1061
501
-199
-1042
-1828
-2284
-2565
-2892
-3042
-2777
-2254
-2035
-2284
-2644
-2709
-2509
-2324
-2123
-1767
-1228
-712
-290
257
976
1602
1866
1676
1276
831
373
-51
-380
-669
-965
-1255
-1434
-1399
-1268
-1172
-1172
-1274
-1489
-1739
-1842
-1634
-1215
-762
-340
111
711
1306
1831
2266
2562
2617
2337
1887
1484
1257
1075
827
545
330
207
73
-40
-105
-184
-389
-687
-721
-484
-225
-131
-182
-117
-1
69
135
222
337
296
62
-115
-102
83
192
175
155
135
123
71
51
52
-20
-238
-514
-623
-604
-508
-433
-393
-320
-260
-188
-52
101
258
283
195
155
301
576
772
904
1003
1065
1107
1093
1104
1196
1129
937
637
543
667
823
1045
1175
1374
1583
1917
2431
2786
2667
1987
1175
504
-142
-857
-1533
-1957
-2248
-2605
-2979
-2999
-2585
-2158
-2115
-2334
-2467
-2409
-2303
-2142
-1773
-1227
-698
-394
-92
428
1076
1526
1601
1373
1015
540
63
-316
-502
-671
-943
-1218
-1353
-1309
-1224
-1141
-1117
-1179
-1376
-1581
-1565
-1257
-814
-383
27
488
977
1445
1845
2218
2454
2395
2045
1619
1336
1155
965
733
525
337
154
-22
-118
-142
-234
-491
-795
-982
-957
-739
-349
217
792
1148
1233
1117
943
683
287
-168
-593
-870
-982
-940
-700
-314
32
237
277
247
197
70
-169
-410
-681
-844
-873
-773
-467
-138
167
333
358
348
353
315
270
237
282
339
478
747
1016
1276
1310
1310
1193
968
748
483
305
248
401
583
841
1183
1574
2180
2771
3217
3170
2630
1814
1017
313
-467
-1213
-1850
-2260
-2582
-2803
-2818
-2541
-2196
-2143
-2395
-2689
-2773
-2706
-2541
-2269
-1828
-1257
-750
-219
428
1128
1649
1806
1625
1257
815
346
-19
-304
-544
-757
-990
-1082
-1055
-1010
-1002
-1111
-1296
-1571
-1824
-1906
-1724
-1364
-953
-507
31
641
1252
1763
2142
2372
2360
2131
1779
1483
1275
1076
884
679
548
444
316
211
84
-106
-378
-492
-430
-378
-379
-477
-403
-241
-190
-125
-47
63
62
-81
-155
-70
88
166
203
299
435
486
479
488
493
397
131
-165
-354
-423
-458
-519
-553
-498
-444
-371
-288
-136
33
89
90
127
307
514
617
699
808
911
1037
1023
1076
1108
975
849
645
589
526
434
501
658
958
1120
1241
1551
2068
2576
2553
2156
1523
983
450
-282
-905
-1460
-1848
-2255
-2676
-2783
-2570
-2299
-2239
-2358
-2464
-2449
-2389
-2255
-1946
-1539
-1176
-838
-445
90
679
1114
1366
1349
1143
839
467
151
-66
-306
-588
-839
-990
-1023
-1019
-1009
-1007
-1105
-1307
-1481
-1540
-1391
-1125
-851
-514
-120
331
787
1230
1650
1938
2005
1886
1692
1521
1353
1143
951
775
616
485
353
272
191
51
-184
-427
-396
-79
228
310
125
-29
-117
-255
-411
-467
-409
-441
-585
-641
-363
86
404
531
594
687
638
540
492
503
414
97
-217
-360
-311
-242
-240
-275
-307
-377
-471
-469
-333
-119
-23
9
112
335
640
816
899
971
1018
956
807
681
720
720
617
540
439
391
403
570
898
1197
1305
1432
1836
2374
2650
2410
1867
1354
864
132
-606
-1026
-1393
-2054
-2876
-3237
-2974
-2643
-2565
-2534
-2339
-2018
-1765
-1512
-1140
-864
-955
-1229
-1228
-825
-358
-70
227
598
790
701
592
685
794
487
-134
-614
-824
-938
-1078
-1107
-973
-902
-975
-993
-845
-560
-366
-369
-359
-209
32
290
601
994
1328
1431
1398
1398
1465
1426
1215
940
669
436
207
78
68
128
244
321
403
446
483
434
158
-160
-456
-645
-789
-884
-828
-648
-416
-240
-32
232
466
573
538
468
430
372
289
226
233
238
192
156
164
201
149
2
-168
-336
-480
-594
-613
-493
-279
-56
111
277
466
605
688
686
697
714
656
596
563
621
675
684
680
665
684
578
438
276
132
128
185
453
1074
1988
2792
2884
2435
1781
1273
766
-67
-900
-1569
-2098
-2657
-3003
-2752
-2076
-1541
-1504
-1590
-1535
-1430
-1505
-1578
-1436
-1255
-1225
-1236
-886
-180
496
785
823
772
612
253
-152
-399
-584
-857
-1208
-1353
-1195
-913
-700
-625
-596
-556
-647
-749
-766
-661
-516
-406
-255
18
443
844
1140
1295
1355
1300
1123
892
724
589
430
271
166
209
330
467
666
810
924
938
762
520
206
-52
-308
-530
-652
-612
-467
-305
-139
17
220
331
368
376
359
363
350
340
391
450
465
433
402
358
282
141
-20
-148
-295
-455
-548
-507
-375
-187
-8
180
354
418
406
375
375
353
295
260
275
339
454
570
667
735
725
654
544
402
228
56
-97
-256
-387
-303
155
943
1669
2000
2042
1945
1775
1381
819
287
-246
-857
-1486
-1843
-1798
-1542
-1347
-1277
-1218
-1196
-1245
-1353
-1401
-1377
-1439
-1557
-1556
-1308
-865
-461
-128
98
189
124
-56
-210
-314
-461
-658
-842
-867
-757
-587
-414
-326
-302
-339
-437
-584
-672
-689
-658
-618
-548
-355
-29
293
572
759
878
868
796
732
656
630
565
496
486
566
850
1065
1040
903
674
491
190
-148
-330
-412
-491
-607
-554
-283
41
261
359
464
523
461
350
314
357
343
281
248
364
535
617
608
567
502
337
104
-98
-211
-287
-369
-358
-188
49
238
304
324
347
288
181
128
158
228
221
246
357
548
662
676
665
612
508
312
171
21
-108
-283
-434
-482
-408
112
833
1323
1526
1384
1347
1228
855
453
54
-239
-775
-1266
-1426
-1188
-949
-935
-950
-893
-788
-931
-1011
-936
-873
-988
-1225
-1234
-962
-689
-579
-448
-300
-203
-252
-347
-322
-315
-414
-582
-680
-549
-375
-265
-229
-251
-286
-379
-503
-563
-578
-571
-580
-612
-510
-293
-66
107
240
366
422
405
381
400
424
413
359
324
349
355
381
381
354
310
219
158
109
53
45
29
52
117
222
315
375
445
461
444
417
389
385
399
417
439
482
557
604
591
532
480
403
305
212
171
150
159
178
226
302
328
351
313
276
221
180
149
144
155
178
212
254
314
387
462
492
463
369
264
136
60
-17
-78
-92
-108
-112
-123
15
349
593
644
533
448
434
245
34
-136
-223
-402
-691
-805
-752
-628
-657
-712
-731
-704
-739
-851
-810
-773
-790
-887
-923
-834
-716
-614
-519
-367
-280
-253
-256
-266
-249
-278
-334
-397
-390
-354
-310
-277
-265
-226
-196
-201
-267
-335
-360
-398
-453
-474
-387
-280
-221
-156
-34
122
186
206
217
245
207
117
54
61
126
143
147
191
230
249
288
311
332
344
285
231
256
294
330
351
361
404
425
445
437
473
498
477
447
447
501
523
521
520
537
554
554
560
580
616
613
565
486
397
273
169
77
35
24
10
43
79
119
178
208
215
248
284
248
170
107
87
42
-19
-62
-50
-3
-14
-17
-39
-79
-106
-95
-61
-48
-50
-78
-83
-72
-156
-224
-287
-340
-414
-466
-480
-522
-551
-590
-560
-513
-499
-484
-451
-432
-455
-510
-503
-472
-499
-544
-572
-561
-527
-510
-449
-346
-284
-263
-252
-196
-136
-114
-103
-85
-100
-97
-120
-107
-106
-113
-122
-185
-221
-239
-197
-153
-125
-87
-56
-51
-55
-35
-3
-9
-46
-90
-118
-122
-114
-79
-34
-3
40
94
182
269
341
388
421
428
395
375
341
325
305
259
268
294
320
326
348
386
397
393
381
382
431
485
551
644
716
778
772
742
664
592
487
346
241
131
62
7
-9
25
87
161
230
276
304
282
262
203
139
68
-5
-20
-43
-18
-22
-18
-38
-55
-45
-55
-80
-117
-156
-193
-242
-273
-250
-251
-266
-297
-301
-288
-273
-265
-252
-220
-234
-267
-289
-272
-274
-301
-323
-331
-331
-359
-373
-371
-364
-348
-373
-389
-406
-398
-377
-347
-335
-301
-259
-253
-246
-221
-155
-103
-94
-109
-91
-53
-49
-68
-70
-75
-92
-145
-190
-200
-193
-213
-263
-264
-245
-232
-246
-219
-187
-141
-148
-155
-156
-155
-149
-159
-127
-64
-1
41
119
199
274
292
317
336
332
296
229
219
233
225
204
224
255
304
330
355
401
454
498
548
610
682
734
740
726
702
679
652
591
517
459
372
292
240
211
200
185
194
216
235
242
264
253
231
215
195
188
161
138
98
61
20
-28
-67
-112
-131
-142
-154
-172
-180
-209
-224
-238
-256
-271
-295
-297
-327
-354
-409
-430
-428
-412
-408
-426
-415
-397
-378
-358
-320
-298
-315
-352
-360
-365
-383
-408
-403
-386
-390
-380
-342
-278
-218
-168
-109
-53
-24
-26
-52
-73
-90
-106
-147
-147
-120
-61
-6
21
56
65
45
-18
-73
-84
-124
-171
-198
-214
-192
-158
-127
-90
-61
-42
-37
-54
-53
-47
-63
-63
-53
-21
26
81
126
165
221
229
241
195
166
123
75
65
73
131
164
218
270
345
390
411
427
418
411
378
373
382
417
445
449
457
464
467
441
415
368
304
223
141
95
73
50
49
74
134
190
220
244
268
275
249
207
156
111
63
11
-18
-42
-74
-90
-111
-130
-144
-139
-154
-163
-185
-216
-208
-208
-186
-165
-155
-150
-148
-151
-174
-199
-223
-258
-288
-303
-305
-319
-332
-309
-310
-293
-327
-358
-383
-386
-391
-404
-388
-363
-293
-249
-183
-136
-96
-71
-55
-38
-60
-70
-74
-61
-34
-25
1
34
56
71
80
92
83
53
5
-20
-36
-63
-55
-53
-51
-29
-38
-20
-4
11
0
-8
-27
-34
-31
-13
15
52
76
89
121
152
189
194
190
134
79
30
6
3
-1
9
22
54
97
151
190
211
218
201
190
176
180
191
214
255
283
320
349
370
369
373
332
293
236
172
130
85
63
47
61
77
77
102
131
139
154
124
111
91
71
63
28
27
14
-6
-27
-54
-96
-124
-135
-142
-157
-178
-188
-201
-225
-223
-203
-185
-156
-147
-127
-115
-100
-87
-107
-124
-130
-127
-146
-162
-159
-135
-154
-188
-219
-227
-235
-270
-272
-258
-243
-214
-169
-128
-70
-34
-37
-55
-50
-46
-43
-51
-59
-51
-44
-11
29
86
115
129
107
76
53
5
-37
-87
-132
-156
-156
-140
-111
-75
-46
-34
-13
11
23
30
31
43
58
61
59
86
113
140
158
162
164
149
128
87
30
-14
-35
-25
-2
41
78
107
135
163
182
174
154
129
114
110
118
145
180
206
223
237
239
242
238
194
149
90
40
14
4
10
12
26
53
61
74
68
76
85
88
72
60
45
2
4
7
-12
-36
-38
-64
-59
-60
-88
-98
-131
-129
-160
-175
-148
-141
-138
-147
-151
-136
-131
-116
-93
-88
-94
-81
-85
-87
-87
-92
-110
-127
-118
-130
-138
-147
-171
-184
-198
-195
-199
-185
-137
-112
-87
-47
-8
-1
11
28
34
48
32
38
76
93
114
129
124
103
83
75
51
13
-44
-85
-123
-144
-137
-117
-99
-60
-46
-20
4
13
16
0
11
24
29
58
73
87
111
102
99
96
98
91
88
79
47
11
-8
-17
-11
-6
-7
-5
14
41
76
91
91
95
103
122
156
178
212
226
231
228
217
210
183
143
109
81
56
24
11
14
4
1
-24
-16
-3
33
48
59
70
65
72
63
58
39
12
-14
-49
-67
-94
-111
-107
-112
-107
-127
-129
-109
-110
-107
-112
-118
-128
-130
-134
-115
-91
-92
-71
-56
-48
-48
-34
-20
-37
-60
-82
-77
-87
-104
-126
-153
-157
-168
-164
-150
-131
-110
-111
-90
-78
-57
-30
-17
30
46
81
103
103
113
113
113
79
65
55
33
23
-2
-42
-52
-52
-58
-64
-77
-81
-71
-65
-59
-32
-6
12
11
17
33
45
44
52
59
64
63
54
57
71
76
81
77
48
40
43
35
25
30
10
16
15
38
64
69
89
110
136
152
182
212
224
232
207
201
178
163
154
126
104
105
84
69
58
58
39
23
8
-10
-14
-24
-12
-16
-11
-13
-6
0
10
0
-12
-30
-42
-61
-95
-101
-119
-125
-128
-134
-124
-123
-120
-114
-126
-140
-159
-156
-162
-148
-148
-141
-120
-113
-98
-89
-66
-74
-88
-73
-92
-105
-113
-119
-124
-123
-124
-120
-101
-91
-90
-96
-91
-113
-92
-69
-58
-17
19
65
94
118
147
152
141
125
105
91
69
60
43
20
20
14
12
14
20
1
-6
-9
-24
-15
-13
0
19
32
52
77
76
87
80
74
59
51
56
58
68
61
76
59
48
43
48
57
40
47
21
28
20
28
40
44
64
67
99
121
147
157
178
166
145
129
112
94
90
73
67
54
44
47
38
41
18
4
-10
-15
-33
-36
-35
-46
-29
-36
-17
-5
-11
-9
-7
-30
-63
-83
-106
-120
-129
-123
-134
-127
-116
-110
-101
-95
-98
-89
-104
-118
-128
-118
-117
-116
-108
-106
-81
-73
-77
-86
-91
-92
-81
-95
-99
-102
-107
-93
-74
-70
-55
-25
-26
-22
-37
-24
-21
-7
15
26
42
67
91
110
137
137
140
123
110
86
80
62
42
28
16
18
7
20
18
13
17
2
-11
-1
-5
-3
-3
7
22
28
43
44
45
32
40
41
46
39
34
26
29
27
30
34
25
23
16
15
14
12
11
19
40
39
59
78
87
101
112
120
114
93
66
56
37
26
40
47
49
48
53
55
42
40
36
12
7
-15
-22
-23
-21
-17
-18
-8
-1
9
9
19
14
-6
-4
-32
-51
-64
-75
-62
-79
-74
-72
-71
-73
-85
-78
-87
-78
-95
-106
-93
-77
-67
-51
-40
-39
-39
-40
-45
-67
-83
-100
-123
-128
-124
-105
-94
-78
-62
-49
-45
-48
-41
-28
-26
-29
-25
-13
-1
25
43
64
86
87
79
82
85
86
88
77
70
63
47
52
50
39
28
29
18
18
1
-6
-7
-17
-10
-15
-5
2
20
21
16
9
12
20
12
-13
-16
-34
-42
-36
-27
-31
-11
8
7
26
37
38
48
46
51
66
70
70
67
67
75
75
72
68
72
51
23
-1
-1
6
2
11
19
41
41
52
31
33
25
23
24
-1
17
3
4
-4
10
22
20
28
24
21
16
3
-13
-23
-41
-50
-59
-54
-56
-36
-39
-39
-40
-47
-46
-59
-56
-65
-62
-60
-56
-49
-54
-53
-53
-68
-86
-105
-110
-136
-137
-132
-135
-109
-100
-72
-51
-37
-20
-18
-22
-7
-18
-34
-37
-30
-14
2
29
47
63
67
88
91
84
83
83
75
62
58
60
67
62
64
67
56
53
52
47
43
23
19
3
-10
8
-6
16
35
43
46
33
24
11
6
-23
-41
-59
-65
-62
-57
-39
-20
-13
0
5
16
33
19
36
37
33
31
38
50
48
54
44
46
38
39
27
32
23
27
26
18
29
44
63
60
56
54
49
41
27
10
2
-11
6
10
19
27
27
31
14
-5
-16
-34
-37
-55
-57
-52
-74
-77
-69
-62
-46
-47
-41
-36
-32
-28
-35
-47
-38
-39
-50
-38
-30
-23
-23
-37
-38
-51
-78
-71
-76
-72
-75
-84
-65
-62
-58
-48
-51
-36
-31
-42
-42
-38
-34
-28
-11
2
15
21
50
54
52
56
49
46
49
53
49
55
62
64
76
72
75
81
70
73
69
59
48
54
42
48
38
44
53
46
57
36
32
24
8
-3
-15
-21
-31
-40
-41
-33
-27
-25
-23
-17
-12
-18
-15
-17
-8
3
-7
-3
-10
9
9
-3
11
-6
-22
-18
-24
-22
-26
-33
-27
-10
14
34
52
66
57
39
36
29
19
18
6
13
5
2
1
-2
3
21
20
8
-7
-27
-32
-52
-69
-79
-77
-72
-67
-56
-47
-33
-22
-25
-28
-26
-35
-33
-25
-32
-41
-37
-30
-28
-31
-21
-4
-11
-22
-29
-21
-24
-34
-38
-40
-20
-2
-5
4
-4
-9
-12
-23
-11
-16
-15
-17
-5
17
27
43
43
52
47
38
46
35
37
39
50
64
64
83
73
68
69
56
47
45
36
20
25
22
28
35
38
38
44
49
47
45
42
15
15
-6
-18
-23
-39
-38
-33
-27
-27
-27
-34
-27
-54
-47
-49
-58
-54
-57
-54
-51
-24
-19
-8
-8
-13
-10
-23
-28
-30
-33
-34
-23
-16
-2
14
29
43
46
42
52
46
60
43
43
38
39
38
31
51
43
38
21
6
-1
-21
-26
-37
-53
-48
-58
-44
-39
-21
-16
-7
1
-1
-6
-14
-16
-29
-38
-46
-47
-34
-22
-27
-18
-21
-18
-28
-45
-47
-42
-34
-40
-47
-38
-33
-33
-25
-14
-14
-6
-6
-4
-4
-15
-1
10
9
18
31
44
50
43
46
41
30
36
36
30
35
44
58
66
71
83
88
81
70
61
54
50
40
36
24
26
22
21
26
18
20
17
13
5
8
4
-6
-7
-10
-17
-17
-11
-13
-11
-17
-28
-30
-39
-43
-47
-51
-44
-34
-24
-25
-26
-18
-18
-20
-23
-22
-17
-14
-23
-25
-22
-17
-8
-9
8
26
24
43
45
52
47
42
43
41
41
49
40
34
31
26
19
18
-5
-6
-12
-21
-10
-26
-27
-27
-17
-26
-19
-19
-27
-20
-32
-31
-39
-44
-39
-43
-47
-50
-43
-44
-37
-36
-44
-51
-56
-65
-72
-73
-83
-97
-95
-71
-54
-51
-46
-44
-49
-28
-37
-43
-27
-17
2
13
24
36
43
36
38
29
24
27
20
24
27
40
51
61
72
70
75
80
86
100
97
90
75
64
63
63
65
61
53
56
56
50
52
44
38
31
18
13
8
2
-1
-1
5
10
11
13
12
5
6
1
-9
-16
-22
-10
-22
-26
-24
-27
-18
-15
-24
-39
-45
-45
-48
-50
-49
-45
-41
-30
-23
-19
-15
7
10
5
4
1
2
1
12
16
15
10
7
4
2
-10
-20
-23
-32
-28
-26
-35
-40
-35
-41
-38
-35
-27
-15
-28
-13
-23
-31
-25
-29
-33
-35
-32
-37
-41
-49
-48
-52
-50
-41
-46
-45
-24
-24
-17
-17
-17
-9
-10
-4
1
-5
0
-5
2
11
6
20
14
9
14
13
15
26
29
27
31
42
38
42
58
57
73
79
65
70
70
75
77
69
68
68
69
82
69
62
53
45
48
40
36
34
31
22
20
8
9
-2
-7
-16
-18
-21
-19
-7
-14
-11
-15
-13
-16
-19
-4
-7
-5
-3
-3
-12
-14
-29
-34
-27
-29
-34
-37
-39
-35
-25
-21
-24
-26
-19
-6
5
18
20
17
25
31
26
27
28
32
24
20
19
17
17
25
27
11
-1
-3
-4
-16
-20
-33
-36
-38
-44
-42
-50
-36
-42
-28
-35
-25
-28
-35
-46
-57
-51
-62
-60
-65
-54
-54
-54
-66
-58
-51
-55
-58
-63
-64
-66
-62
-50
-54
-37
-28
-32
-21
-20
-15
-18
-7
-3
-3
7
7
19
23
22
28
41
33
47
49
54
70
68
78
69
78
92
90
92
97
106
98
100
100
92
74
56
54
44
35
35
29
33
34
35
34
23
24
7
-6
-5
-8
-14
-6
-3
-8
-9
-6
-11
-11
-9
-12
-9
-16
-26
-26
-34
-38
-42
-39
-32
-28
-23
-14
-6
-6
-14
-14
-5
-7
6
5
-1
8
5
14
14
15
5
-5
1
-2
-2
-1
3
-1
7
-2
-4
-5
-2
-1
-3
-5
-12
-17
-19
-14
-17
-18
-20
-24
-27
-38
-38
-40
-52
-48
-59
-72
-60
-68
-67
-65
-72
-72
-75
-74
-66
-67
-68
-61
-53
-48
-54
-49
-48
-38
-46
-38
-32
-31
-37
-35
-14
-4
8
9
11
8
16
26
25
27
45
52
54
54
55
57
71
73
82
85
89
99
98
96
94
98
98
100
91
87
91
80
82
82
78
71
61
56
43
35
14
8
6
-5
-13
-17
-13
-14
-3
2
-11
-16
-16
-23
-25
-27
-25
-23
-28
-29
-21
-10
-30
-38
-36
-32
-37
-49
-56
-49
-42
-49
-33
-32
-26
-16
4
7
0
10
17
23
16
22
20
18
13
26
35
25
22
18
6
2
-10
-11
-12
-20
-24
-22
-28
-22
-15
-11
-5
-15
-13
-15
-20
-11
-19
-25
-30
-32
-36
-41
-31
-35
-33
-25
-37
-39
-47
-39
-54
-53
-53
-50
-40
-43
-35
-32
-27
-18
-15
-19
-20
-16
-4
0
3
10
22
25
28
26
32
25
26
24
28
28
23
27
41
49
54
62
74
73
72
73
69
80
80
78
78
72
75
72
65
60
50
43
31
24
1
-13
-3
-9
-9
-22
-23
-17
-12
-5
-12
-9
-18
-18
-19
-29
-29
-25
-36
-34
-33
-29
-25
-25
-31
-46
-42
-50
-55
-61
-58
-54
-54
-42
-37
-36
-23
-19
-28
-21
-16
-8
1
5
11
5
12
20
19
20
24
22
25
29
29
30
19
16
12
7
6
2
0
-2
-1
-9
-19
-14
-24
-25
-34
-32
-27
-26
-13
-13
-14
-12
-28
-38
-46
-45
-52
-52
-56
-57
-48
-51
-41
-43
-36
-37
-31
-30
-17
-22
-14
-14
-11
-1
0
9
4
23
29
36
39
35
39
47
53
54
49
52
51
55
67
75
78
77
82
81
85
90
87
81
86
84
82
80
76
79
64
55
49
32
24
9
7
-1
-4
-2
-22
-9
-11
-9
-15
-11
-18
-29
-22
-22
-21
-26
-24
-26
-20
-28
-35
-36
-50
-57
-65
-70
-75
-95
-102
-102
-98
-89
-83
-70
-55
-44
-40
-43
-27
-18
-8
-14
-12
6
13
18
23
25
25
23
25
20
8
2
-4
1
-6
-6
-13
-13
-4
5
4
7
10
16
17
13
15
11
18
25
16
16
-2
-2
-6
-13
-15
-18
-24
-37
-53
-52
-51
-38
-38
-46
-49
-36
-34
-33
-27
-27
-14
-25
-14
-21
-12
-12
-7
7
12
19
15
14
12
15
15
23
27
36
32
39
44
44
62
62
73
78
77
69
76
86
83
85
86
87
86
69
78
84
92
86
66
60
55
43
33
31
19
24
27
18
11
-5
-5
-12
-13
-13
-17
-18
-20
-19
-22
-16
-22
-21
-28
-35
-43
-55
-64
-72
-72
-77
-83
-76
-86
-82
-72
-71
-63
-58
-49
-47
-51
-50
-34
-33
-15
-12
-10
-8
-3
-4
4
4
-3
2
-6
-17
-18
-16
-16
-9
-6
-5
-5
-5
2
11
6
15
16
23
26
15
15
20
29
27
25
10
9
-5
-18
-17
-22
-25
-34
-41
-45
-45
-39
-41
-40
-34
-35
-34
-28
-29
-36
-32
-36
-34
-29
-26
-25
-18
-4
-4
5
10
19
8
12
16
21
27
27
40
47
47
56
62
77
86
88
89
85
95
93
87
82
88
84
83
80
80
66
65
61
45
41
32
16
23
16
9
10
10
15
11
6
4
0
10
9
2
1
-5
-12
-16
-13
-27
-30
-33
-42
-42
-54
-61
-59
-59
-62
-72
-77
-89
-82
-84
-85
-81
-79
-75
-67
-62
-56
-45
-40
-40
-35
-36
-35
-34
-29
-27
-28
-25
-38
-35
-29
-22
-14
-2
-2
-8
-7
-2
6
-1
13
10
18
29
28
29
25
30
29
34
35
27
33
26
12
5
-3
-11
-20
-27
-18
-16
-27
-21
-26
-12
-13
-19
-18
-24
-8
-19
-12
-8
-2
4
9
5
11
22
23
26
25
30
35
38
41
34
42
37
46
49
50
47
51
56
63
78
87
94
86
79
79
87
76
77
62
50
45
25
27
18
19
18
1
-9
-4
-9
-8
-15
-15
-12
-15
-14
-10
-8
-5
-12
-17
-15
-17
-3
-10
-17
-10
-16
-16
-18
-29
-37
-35
-45
-50
-49
-42
-38
-47
-55
-51
-46
-44
-47
-44
-41
-42
-34
-39
-34
-34
-30
-30
-23
-20
-26
-25
-30
-24
-30
-30
-22
-21
-19
-10
-9
-7
-10
-2
3
-3
0
-5
0
8
8
7
13
23
19
12
17
6
6
2
-1
-8
-15
-8
-11
-17
-14
-16
-24
-13
-8
5
4
9
7
2
7
-1
-2
10
15
18
21
15
18
18
16
19
19
22
22
27
26
28
36
35
41
47
51
44
59
57
65
65
64
64
59
57
52
43
38
34
29
33
25
24
21
19
5
0
5
6
-8
-1
3
-2
-1
-3
-8
-9
-8
-14
-10
-10
6
8
2
-6
-7
-19
-26
-30
-33
-43
-47
-60
-73
-64
-77
-72
-76
-72
-76
-65
-59
-60
-54
-53
-50
-54
-41
-42
-38
-38
-35
-30
-33
-23
-20
-23
-21
-28
-19
-19
-26
-18
-17
-11
-19
-11
-5
1
7
13
24
23
26
27
33
40
37
35
26
25
25
23
23
15
14
17
-1
-1
-16
-11
-3
0
7
5
11
4
0
-1
2
7
14
12
19
15
25
14
23
22
18
16
6
9
11
18
21
17
26
29
29
42
46
55
59
65
65
64
62
55
51
53
56
59
58
57
48
42
34
29
36
16
12
-2
-7
-5
-17
-8
-14
-18
-14
-20
-14
-7
-7
1
-12
-8
-20
-22
-38
-44
-33
-40
-37
-37
-44
-52
-55
-63
-76
-75
-78
-75
-77
-78
-70
-68
-56
-59
-50
-43
-31
-28
-26
-25
-19
-18
-17
-21
-10
-8
-9
1
-3
-9
-11
-7
-3
-6
-3
-2
-2
4
2
3
3
10
9
-2
5
13
21
21
25
22
28
33
26
28
31
30
19
13
10
13
8
6
6
16
12
11
18
15
18
15
13
25
21
24
29
22
27
26
21
20
21
27
24
19
25
21
15
16
21
23
27
36
40
30
43
42
34
40
41
42
48
41
40
38
40
43
47
51
41
41
34
31
16
6
-1
2
6
3
0
-2
-1
-7
-12
-16
-13
-16
-19
-20
-18
-21
-21
-30
-42
-36
-41
-45
-51
-56
-63
-69
-68
-70
-74
-76
-70
-71
-69
-69
-64
-56
-55
-58
-53
-49
-49
-43
-37
-43
-44
-34
-36
-34
-40
-42
-45
-42
-42
-43
-40
-38
-35
-21
-15
-14
0
1
15
15
17
20
24
37
40
45
46
43
34
39
43
39
44
41
33
35
22
11
14
11
14
14
23
28
30
29
29
31
31
33
26
28
27
24
32
32
33
25
24
24
15
20
12
16
9
12
5
7
7
5
12
15
29
26
35
40
39
38
48
45
45
47
38
38
42
27
25
24
18
4
6
0
-14
-7
-12
-14
-25
-17
-18
-17
-16
-13
-12
-28
-14
-15
-11
-17
-12
-13
-17
-24
-34
-32
-37
-44
-55
-55
-64
-59
-59
-57
-53
-48
-55
-53
-52
-44
-33
-42
-37
-35
-37
-27
-35
-31
-25
-27
-16
-16
-9
-13
-15
-10
-18
-18
-25
-24
-21
-17
-16
-13
-18
-13
-12
-6
-3
6
17
17
20
33
44
43
47
39
45
45
51
48
55
53
54
38
40
43
39
37
19
21
10
13
17
11
27
30
28
29
20
21
14
19
26
25
25
22
21
21
10
9
7
1
8
-1
-1
7
9
9
11
15
8
3
10
15
19
26
26
21
11
22
24
14
22
16
20
20
7
7
-6
-3
-8
-17
-10
-8
-11
-5
-5
-10
-13
-4
-8
-6
-10
-14
-5
-6
-2
-12
-15
-29
-39
-42
-42
-41
-36
-39
-38
-42
-45
-41
-44
-47
-49
-40
-42
-39
-35
-46
-44
-47
-29
-20
-35
-36
-37
-33
-22
-26
-25
-25
-25
-18
-18
-18
-20
-23
-14
-14
-19
-6
4
5
4
-2
3
0
2
7
-1
4
19
19
23
21
13
19
17
21
20
17
23
26
37
34
35
31
25
28
26
20
26
30
33
38
41
47
42
39
40
36
33
42
34
31
28
26
31
30
32
18
29
26
24
23
25
18
21
32
24
27
22
30
28
28
27
28
27
22
21
17
10
6
6
-4
-1
-6
-9
-13
-21
-19
-20
-12
-17
-15
-14
-13
-8
-12
-1
-8
-10
-8
-17
-20
-23
-34
-30
-38
-39
-38
-54
-57
-54
-56
-64
-68
-61
-67
-66
-65
-70
-58
-55
-57
-57
-57
-54
-50
-42
-39
-42
-38
-49
-45
-49
-43
-34
-35
-30
-28
-24
-25
-13
-16
-13
-12
-3
5
12
22
14
21
27
25
31
33
31
37
28
29
31
32
39
41
41
46
51
46
44
43
43
39
47
48
44
42
43
47
54
40
39
29
27
35
33
35
31
33
33
29
27
37
31
34
22
21
20
7
8
6
4
15
10
8
5
1
7
-3
8
5
2
11
7
10
1
1
2
-5
-7
-8
-14
-20
-14
-6
-7
-10
-16
-16
-8
-15
-7
-3
-4
0
-7
2
7
-1
1
-7
0
-11
-14
-20
-33
-38
-38
-40
-41
-45
-43
-45
-56
-49
-55
-56
-52
-49
-46
-34
-38
-29
-33
-33
-30
-30
-24
-27
-13
-11
-4
-5
-6
-8
-13
-11
-17
-6
-8
9
11
14
19
22
25
25
27
21
25
25
32
29
30
31
29
30
29
35
30
23
18
24
29
18
24
19
17
27
25
22
23
26
15
19
23
16
12
12
20
23
21
22
25
27
21
21
21
20
15
15
16
17
14
6
10
0
2
-3
-4
-3
-5
-10
-6
-6
-7
-7
-16
-14
-8
-13
-6
-12
-10
-4
-7
-4
-5
-7
-11
-7
-15
-19
-14
-7
-8
-7
-2
-13
-11
-16
-18
-21
-20
-21
-18
-7
-11
-8
-10
-11
-13
-14
-17
-20
-21
-24
-29
-36
-35
-40
-44
-51
-42
-41
-45
-38
-42
-34
-28
-30
-20
-12
-15
-9
-8
-6
-3
-1
-9
-19
-14
-16
-3
-7
3
-2
-6
-8
-9
-1
10
15
17
15
11
20
15
26
16
18
19
8
17
20
24
24
20
19
15
12
17
15
15
12
19
32
27
27
31
36
39
48
47
44
39
40
39
34
35
28
21
28
27
23
23
16
19
18
16
11
20
19
24
24
27
21
21
13
12
5
-3
-8
-18
-20
-20
-23
-25
-31
-24
-28
-30
-18
-18
-10
-13
-13
-12
-14
-16
-11
-18
-26
-24
-37
-32
-27
-26
-26
-28
-20
-17
-3
-2
-7
-4
-4
-15
-13
-9
-12
-14
-20
-24
-29
-31
-30
-42
-33
-35
-26
-29
-29
-26
-28
-21
-23
-22
-19
-24
-25
-17
-16
-10
-12
-7
-15
-8
-9
-10
-7
-11
-1
7
12
15
16
21
25
22
15
21
21
27
33
37
42
47
43
40
43
38
50
44
52
42
39
37
27
32
26
24
26
21
23
23
23
23
22
24
20
27
22
16
22
15
24
14
9
2
5
8
-1
6
1
11
2
0
-1
-6
1
-4
1
-5
3
-1
0
-2
-6
-3
-9
-2
-6
-16
-16
-18
-17
-17
-18
-16
-24
-22
-20
-24
-26
-25
-29
-26
-21
-26
-26
-29
-23
-15
-11
-6
-6
-8
-9
-16
-8
-7
-3
-1
-15
-18
-18
-25
-23
-16
-21
-22
-24
-18
-14
-17
-18
-22
-36
-19
-26
-24
-13
-18
-11
-12
-10
-7
-8
2
-6
-2
-2
0
8
4
0
0
16
8
7
5
4
4
10
18
8
12
14
19
19
18
24
32
31
29
36
31
27
34
25
24
23
19
20
19
11
7
7
8
8
11
10
14
16
2
2
-1
2
-1
-6
-2
-4
-14
-7
-14
-9
-5
-6
-2
-19
-14
-5
-5
2
5
2
8
10
5
8
10
15
14
11
6
1
-3
-2
-3
-3
-8
-4
-11
-14
-14
-17
-11
-5
-10
-14
-20
-18
-22
-16
-12
-15
-11
-13
-4
-11
-1
1
-4
-3
-4
-9
1
2
-2
-1
0
-1
-11
-10
-9
-14
-12
-5
-3
-5
-3
-8
-9
-5
-10
-10
-9
-11
-8
-9
-4
-8
-10
-7
-10
-9
-11
-2
-1
7
1
1
0
2
-1
-3
-11
-8
-6
-19
-13
-19
-8
-2
2
5
9
14
16
22
13
14
17
12
18
21
17
20
18
19
13
8
19
19
18
22
21
23
26
27
22
22
24
27
23
25
25
24
21
19
16
11
12
17
18
11
7
5
13
5
7
15
15
14
3
2
3
2
8
4
8
5
1
1
-5
3
-2
-10
-7
-13
-6
-6
-3
1
-6
-1
-8
-11
-9
-8
-9
-10
-11
-7
-10
-13
-7
-8
-10
-3
-13
-5
-10
-16
-15
-21
-21
-29
-28
-22
-28
-24
-28
-34
-31
-27
-27
-29
-29
-30
-25
-27
-26
-21
-20
-19
-17
-15
-12
-15
-12
-8
-9
-8
-9
-6
-3
-1
-5
-5
1
4
3
9
10
12
24
19
16
23
25
31
24
22
21
20
25
18
24
23
20
27
24
23
22
18
23
25
25
23
20
18
19
18
12
14
8
1
0
-1
4
6
1
4
1
-7
-9
-10
-19
-24
-22
-10
-10
-14
-14
-19
-15
-14
-12
-8
-4
-7
-5
-8
-3
-16
-19
-18
-16
-8
-17
-2
-7
4
2
-2
-3
-7
0
1
-4
5
2
-2
8
3
-2
5
2
2
7
7
9
10
-1
0
2
8
0
-5
-1
0
4
7
2
3
6
2
4
2
6
10
2
-1
-4
-15
-7
-12
-17
-18
-18
-16
-20
-16
-19
-15
-19
-23
-20
-20
-18
-17
-25
-21
-18
-15
-10
-10
-5
0
9
10
7
15
23
19
15
17
24
20
17
14
12
11
9
5
5
1
9
6
5
12
8
13
6
4
6
10
4
5
12
10
13
7
11
13
12
6
6
12
4
2
2
6
6
7
5
5
15
7
13
9
5
8
8
3
0
8
7
-1
-10
-4
-8
-6
-9
-14
-8
-9
6
-4
-6
0
2
3
1
3
0
1
-2
0
-2
-6
-7
-2
-8
-2
-1
3
0
-2
-4
-6
-1
-4
5
2
2
6
3
7
2
-2
0
3
0
-1
-2
-9
-11
-16
-17
-19
-21
-22
-25
-21
-18
-14
-22
-11
-8
-12
-9
-13
-3
-1
-3
0
-9
-3
-1
-4
1
0
5
10
11
6
10
6
14
7
4
-1
2
7
7
11
11
15
17
18
26
23
21
21
24
22
19
20
6
12
11
16
10
9
7
3
10
6
7
5
10
11
7
4
7
10
5
3
-1
2
-3
1
-5
-3
0
-8
-8
-8
-5
-19
-5
-9
-3
-7
-11
-15
-14
-12
-16
-19
-24
-22
-26
-20
-21
-20
-21
-24
-20
-25
-20
-20
-15
-21
-25
-19
-17
-6
-7
-1
0
1
10
5
4
10
12
13
11
6
11
4
11
10
12
13
9
6
6
7
8
3
2
0
2
-1
-7
-6
-4
2
-4
-1
-4
-5
-5
-10
-3
-10
-8
-10
-10
-7
-7
-4
-8
-3
6
4
9
4
1
7
10
13
8
14
12
8
12
18
13
6
6
14
16
16
12
14
9
10
10
8
3
-2
2
3
3
2
6
5
9
12
11
13
8
9
-4
-4
-5
-9
-3
-9
-8
-5
-11
-16
-14
-15
-9
-3
-8
-10
-5
-9
-6
-4
-2
-2
-8
-5
-9
-7
-7
-12
-9
-8
-5
-4
-4
-4
0
-5
2
13
7
15
18
12
12
7
7
10
5
5
0
1
-3
-9
-2
-6
-6
-10
-4
-15
-8
-6
-10
-12
-10
-9
-6
-3
-5
-1
-2
4
0
-1
-1
-1
0
-3
-9
-11
-12
-15
-15
-21
-21
-21
-20
-14
-19
-18
-10
-14
-5
-1
1
-1
2
-3
-5
-6
1
6
6
4
3
6
9
6
5
10
17
23
20
23
23
28
32
30
30
23
33
29
28
26
23
26
22
17
11
11
14
13
19
12
15
12
9
21
11
16
15
7
16
15
10
2
4
7
1
7
-2
0
-7
-11
-5
-7
-10
-17
-14
-16
-5
-4
-1
-1
-5
1
-11
-5
-7
-9
-17
-16
-13
-6
-13
-11
-13
-14
-8
-6
-10
-21
-15
-20
-12
-17
-17
-14
-12
-10
-7
-13
-12
-11
-13
-13
-12
-14
-13
-1
-6
-5
3
-5
1
1
-9
-5
-11
-4
-10
-6
-7
-4
-7
-6
-6
4
7
-3
0
-14
-10
-9
-13
-14
-12
-7
-8
-7
2
-3
-7
-4
-5
-5
-11
-2
-3
-7
1
-8
-7
4
-1
2
3
11
10
7
10
11
15
17
23
24
28
25
25
28
32
27
22
21
18
16
20
15
22
24
26
21
23
26
17
17
15
23
13
12
19
17
12
0
-1
-8
-2
2
-5
-7
-12
-12
-19
-18
-18
-17
-19
-21
-10
-16
-10
-19
-20
-18
-20
-19
-23
-24
-31
-23
-25
-28
-24
-22
-24
-22
-28
-17
-16
-13
-15
-15
-10
-16
-7
-10
-1
-3
-9
-6
-7
0
-4
-3
0
0
9
9
10
7
10
11
13
8
12
16
21
24
18
13
14
13
10
9
5
7
9
12
5
6
1
1
6
1
3
7
2
-1
-5
-3
-3
-6
-3
-7
-6
-7
-1
-4
-8
-11
-12
-8
-7
-2
-3
-1
5
8
6
3
-2
0
1
5
5
12
2
2
1
-5
3
1
4
0
7
12
11
15
16
18
18
13
16
5
10
7
8
17
12
12
10
4
-2
-1
-10
-5
-10
-4
-3
-4
-4
-6
-1
-8
-4
1
3
9
8
9
15
12
9
5
6
2
0
0
-4
-7
-14
-6
-9
6
-3
0
1
0
4
1
0
-3
-3
1
7
-3
3
-4
3
-1
-3
-2
-1
-4
-8
-1
-3
0
3
9
-3
-2
0
-8
3
3
0
-6
-11
-10
-9
-13
-3
-3
-3
-3
-5
-7
-3
-4
-1
-2
-8
-5
-1
-3
-3
-3
-1
-1
1
1
-4
-6
0
-1
-9
-11
-12
-5
-14
-9
-15
-4
-3
-3
-3
-11
-5
-5
4
6
-3
6
4
1
11
9
8
8
8
14
14
22
13
18
14
16
13
10
12
14
17
11
11
5
10
12
7
7
3
3
7
-4
4
-4
-5
-2
-8
-3
-4
-4
-3
-5
-5
-7
-11
-12
-9
-10
-8
-11
-11
-21
-14
-12
-8
-13
-13
-9
-11
-6
0
-3
-2
-6
-5
-5
-6
-5
-17
-14
-9
-8
-5
-4
-7
3
-1
3
7
8
4
-6
-1
3
6
6
6
4
8
6
2
0
-5
-6
-4
1
-9
2
1
0
-1
-7
-2
-7
-1
-3
-1
-1
-6
-4
-13
-12
-18
-17
-18
-19
-7
-13
-6
-2
-6
-2
0
-7
-6
-7
-13
-1
-7
-2
4
4
8
5
4
12
13
18
23
24
29
27
25
26
33
30
31
32
25
27
19
15
21
15
16
15
16
16
9
12
3
5
-2
-2
0
0
-2
-3
-3
-4
2
-3
3
-2
-11
-4
-9
-5
-7
-12
-21
-24
-26
-27
-25
-23
-29
-24
-27
-20
-20
-20
-12
-17
-13
-23
-20
-19
-16
-16
-11
0
-5
-4
1
0
6
7
7
9
6
14
19
17
13
9
8
4
9
6
10
9
15
10
14
11
20
21
17
21
17
20
17
16
12
15
13
11
5
6
2
0
3
0
2
3
5
-4
-5
-7
-3
0
-12
-8
-12
-12
-8
-6
-5
0
-7
-8
-6
-3
-3
-12
-9
-9
-9
-2
-8
-4
0
-4
8
7
11
11
12
8
11
7
4
8
6
8
8
6
10
6
7
10
9
17
11
4
6
-6
-1
-3
4
-3
5
5
6
11
5
4
1
-5
-7
-4
-7
-14
-10
-15
-10
-13
-17
-13
-16
-13
-18
-14
-19
-14
-17
-17
-16
-21
-19
-18
-14
-13
-7
-18
-16
-15
-9
-3
-8
-6
-1
-1
-6
3
6
6
7
0
11
7
3
7
2
11
4
15
12
5
3
0
3
-4
0
1
2
0
1
0
0
0
1
3
5
9
9
8
6
3
3
0
-3
0
-2
4
-2
-3
-3
-6
-1
-3
-3
5
2
3
7
-3
-3
-13
-6
-10
-17
-14
-19
-9
-13
-13
-9
-12
-12
-18
-16
-14
-15
-12
-16
-6
3
3
15
13
17
19
18
17
14
14
17
21
18
21
20
25
26
28
25
24
26
24
20
15
17
9
6
4
2
5
0
5
4
2
6
1
-4
-6
-6
-5
-4
-4
-12
-4
-8
-6
-6
-12
-18
-11
-15
-9
-10
-7
-8
-8
-9
-23
-13
-18
-21
-18
-21
-16
-12
-14
-9
-7
-1
-3
2
10
6
10
16
12
9
9
11
11
10
9
6
12
12
1
-5
-1
2
5
7
8
4
6
0
1
4
3
1
4
2
-3
4
-1
1
2
4
-1
-5
-1
-2
-11
-14
-17
-10
-13
-15
-14
-7
-10
-12
-10
-12
-8
-13
-8
-8
-8
-9
-6
1
-3
-1
6
10
9
12
19
20
24
26
26
24
20
15
14
13
14
15
17
18
18
18
19
23
26
22
19
16
11
6
5
4
1
12
5
4
0
-5
-4
-4
-6
-7
-1
-5
-1
-5
-9
-9
-10
-17
-22
-24
-21
-20
-24
-21
-18
-25
-19
-24
-27
-22
-21
-15
-18
-13
-8
-13
-8
-9
-12
-11
-7
2
-7
1
4
-3
-3
-6
3
1
1
-2
-8
-6
-7
-5
1
2
3
0
1
6
4
10
9
12
17
11
17
11
11
10
4
6
3
10
9
11
9
7
10
7
6
9
6
-1
5
3
3
-1
-1
2
-5
-1
-1
-3
-1
0
-5
2
0
-2
0
-6
-1
-8
-7
-2
-9
-3
-8
-9
-5
-5
-7
-5
-5
-5
0
-7
-6
-9
-9
-12
-14
-9
-6
-2
-3
-5
-7
-2
-1
-2
1
7
6
-1
8
9
8
14
9
1
8
9
11
12
14
16
16
16
10
16
10
8
4
-1
-5
1
1
-3
3
-3
2
-1
-2
-3
-2
-5
-7
-3
-10
-12
-8
-10
-10
-11
-8
-2
-2
1
3
4
15
8
7
13
10
12
8
4
3
6
5
5
12
17
11
14
14
14
7
7
7
9
7
4
-2
-5
-6
-8
4
-5
-6
-14
-14
-10
-13
-14
-9
-9
-15
-13
-13
-17
-18
-22
-24
-27
-24
-14
-15
-11
-9
-9
1
-2
-9
-2
0
0
-10
-5
-4
-6
-8
-2
4
3
7
6
9
12
6
4
3
3
10
7
12
13
13
11
6
10
12
14
10
7
13
5
6
12
20
11
19
18
12
18
9
13
18
17
20
9
15
9
4
-3
-5
-5
-10
-6
-7
-8
-15
-10
-8
-9
-12
-11
-8
-8
-6
-11
-9
-11
-14
-8
-12
-12
-13
-13
-6
-8
-6
-5
-5
-4
-4
-4
-3
-3
-2
-6
-3
-6
-3
0
-1
5
7
5
5
10
8
5
2
6
1
5
6
12
4
-2
-1
-10
0
0
0
6
2
6
5
8
4
2
8
12
14
8
4
10
11
13
10
6
5
-1
4
-3
0
-1
0
5
3
-2
-3
-7
-3
-3
-14
-2
-11
-2
-7
-3
-4
-3
-2
-3
-3
-10
-6
-4
-1
2
5
11
18
15
14
8
8
6
0
3
-1
-4
-4
-7
-6
-8
-9
-10
-15
-15
-15
-17
-6
-13
-10
-14
-18
-16
-15
-16
-10
-6
-3
3
-5
-2
-1
-5
1
-4
-3
-5
-3
-1
1
2
10
3
-1
2
2
3
-1
-1
0
-1
2
2
-1
7
5
7
12
11
20
18
15
10
14
15
7
5
2
6
5
5
2
3
2
-4
-6
-4
-1
-4
0
-4
1
4
1
3
3
5
-7
-8
-4
-4
-9
-10
-12
-7
-6
2
-1
-6
5
-6
-3
-2
-1
-3
-9
-7
-3
-2
0
5
7
4
1
-4
-2
-6
3
0
-4
-4
-6
-2
-6
-4
-4
0
0
0
6
2
8
6
-3
9
2
0
-1
0
-2
-9
-5
-9
-6
-4
-6
0
-3
-7
-2
-3
9
-1
-7
-7
-3
2
0
-2
-5
0
5
5
9
6
7
9
8
13
19
18
19
9
9
9
8
8
7
6
5
11
8
0
8
0
4
5
2
8
0
-6
-7
-1
-7
-7
-8
-4
-4
-2
-5
-6
-6
-3
-2
4
0
-5
-5
-8
-4
-7
-8
-18
-14
-10
-5
-3
2
3
8
10
16
21
18
18
9
9
4
6
3
11
9
4
3
0
-1
6
10
7
3
3
-1
-4
-6
-3
-4
0
0
-1
-12
-2
-6
-6
-6
-19
-13
-16
-5
-6
-6
-5
2
-1
-1
-5
-2
-3
2
-1
-3
6
7
12
12
8
9
8
4
10
2
8
6
-2
-3
1
5
-2
2
-3
4
-1
-2
3
-4
-5
-6
-4
-1
-3
-15
-8
-14
-13
-9
-9
-9
-14
-15
-18
