SAMPLES:	7803
BITSPERSAMPLE:	16
CHANNELS:	1
SAMPLERATE:	16000
NORMALIZED:	FALSE
7
7
4
-2
4
-3
2
0
-5
-3
-5
-3
-8
-3
-1
-7
-11
-9
-5
-8
-3
-4
-4
-3
-6
-9
-8
-10
-7
-6
-2
-6
1
4
6
3
2
3
5
12
5
6
7
7
7
5
3
6
-2
1
1
3
0
0
10
-1
2
9
8
0
6
8
7
2
5
6
1
1
-2
-3
-6
1
4
1
-2
2
5
6
3
3
0
-1
-4
0
-2
3
9
5
12
11
14
12
10
12
17
11
6
4
1
6
0
5
0
1
2
8
6
-1
4
4
-1
-4
5
3
-2
-4
6
2
-3
-7
-8
-6
-4
-1
-12
-10
-9
-6
-4
-6
-8
-9
-6
-7
-11
-9
-4
-5
0
3
-1
-7
-4
-6
-3
-3
-1
-7
-9
-6
-2
-4
-8
-5
1
-3
-4
2
-3
-1
1
1
4
1
-5
0
-2
-2
8
7
6
8
8
2
5
3
3
8
1
3
1
-1
1
6
5
1
5
2
4
6
1
-1
-3
3
3
-6
-1
-4
-6
-1
2
2
0
-2
-3
-3
1
0
2
1
-6
3
4
6
-1
2
4
4
5
2
4
-6
-6
-1
-3
-7
-3
-1
2
7
2
1
-3
-7
-1
-1
-3
0
2
1
0
-2
3
6
5
6
7
11
-1
-4
-6
-3
-2
-3
-2
-2
-3
0
4
1
-3
-5
1
3
4
2
1
1
-2
-4
-4
-4
-4
-1
2
1
-8
-2
-3
-3
-1
2
0
-4
-3
-3
-2
-2
-4
-4
-1
-6
-2
-7
-6
-4
-8
-6
-8
-12
-12
-9
-9
-6
-3
-7
-8
-3
-1
-5
4
8
5
2
-1
-2
2
2
5
4
5
-2
1
9
12
14
10
6
5
15
12
14
11
7
1
2
5
2
1
0
1
7
4
5
1
-2
1
3
5
-6
-2
-3
-5
8
-1
-6
-8
-6
-3
-9
-8
-9
-12
-10
-4
-8
-9
-10
-7
-5
-3
-3
-11
-10
-14
-10
-1
2
1
-9
-3
10
6
10
9
11
16
11
12
10
17
10
13
7
-1
10
13
11
6
7
7
6
4
3
5
0
6
7
-1
5
3
2
2
0
4
0
0
-3
-3
0
-7
-11
-6
-2
-2
-5
-6
-5
-6
-2
-4
-13
-6
-7
-2
-4
-4
-7
-9
-1
5
0
-6
1
-1
3
2
0
-8
-9
-1
5
3
2
-5
-9
-4
0
-2
-2
-5
4
9
2
1
-4
1
7
0
1
9
7
13
13
14
16
14
12
9
8
9
8
-3
-4
-6
-8
-5
-7
-4
-4
-6
0
-8
-6
-7
-4
2
0
1
-7
1
4
0
-5
-5
-3
0
0
-4
-6
-4
-8
-10
-2
-5
-4
-5
-4
0
1
2
1
0
0
6
2
-2
1
0
6
0
2
7
12
28
73
108
87
26
-8
30
101
117
58
-20
-70
-110
-92
-41
-29
-83
-161
-202
-196
-129
-73
-59
-83
-117
-126
-103
-46
11
33
15
-23
-45
-26
19
47
66
58
34
2
-9
0
46
84
107
174
291
401
384
252
179
312
579
662
458
200
88
102
104
100
112
1
-324
-611
-588
-381
-290
-409
-545
-561
-533
-518
-412
-204
-81
-132
-216
-169
5
149
188
234
314
338
237
158
216
306
296
174
95
58
-47
-182
-221
-122
-68
-164
-319
-374
-385
-420
-327
-138
-52
-190
-370
-314
-83
68
152
244
282
222
153
266
500
641
584
473
418
378
327
327
384
378
231
16
-145
-200
-201
-202
-217
-291
-404
-535
-595
-522
-391
-294
-269
-214
-28
164
191
148
213
422
644
655
530
404
291
234
311
407
302
-2
-286
-396
-361
-277
-253
-331
-515
-674
-729
-621
-484
-390
-353
-396
-444
-419
-299
-111
24
76
75
66
77
163
319
458
523
469
407
359
353
420
546
688
833
1001
1051
765
308
275
806
1247
1026
341
-98
-118
-84
-84
-9
-13
-415
-1062
-1364
-1064
-643
-614
-874
-1088
-1070
-967
-863
-642
-300
-78
-205
-423
-285
75
311
328
333
404
388
173
-1
170
415
337
49
-105
-111
-215
-393
-328
-121
-107
-346
-578
-603
-554
-430
-250
-73
-112
-337
-433
-241
100
317
399
406
353
291
366
613
852
909
792
640
569
555
596
628
596
496
303
42
-126
-127
-65
-92
-231
-363
-465
-540
-524
-251
124
181
-129
-381
-273
73
359
413
339
180
-49
-132
31
207
164
-63
-285
-417
-418
-369
-341
-349
-432
-538
-595
-605
-547
-425
-327
-360
-382
-337
-277
-190
-54
73
138
157
197
285
406
461
497
572
629
674
679
857
1244
1552
1506
1087
693
801
1299
1594
1245
616
195
76
-26
-147
-102
-119
-554
-1213
-1502
-1238
-900
-974
-1229
-1309
-1191
-1188
-1204
-973
-519
-222
-373
-554
-405
-48
138
147
217
385
330
1
-172
34
329
262
-48
-240
-260
-351
-492
-426
-183
-105
-398
-732
-755
-548
-306
-158
-78
-127
-302
-347
-131
248
527
550
483
442
451
539
720
930
984
822
604
525
562
601
568
528
424
200
-64
-168
-105
-62
-90
-78
87
107
-250
-613
-459
65
408
165
-261
-428
-407
-232
109
327
140
-241
-497
-392
9
271
198
-26
-241
-303
-180
-64
4
33
-67
-308
-482
-401
-240
-126
-79
-119
-211
-296
-306
-180
71
225
210
149
143
173
215
388
579
663
663
773
1064
1339
1236
874
766
1107
1528
1509
950
363
254
437
397
126
-95
-325
-707
-1139
-1201
-877
-742
-1087
-1519
-1505
-1171
-1019
-1117
-1066
-728
-554
-714
-795
-476
-77
-18
-192
-178
79
189
-8
-146
36
266
153
-125
-182
-58
-77
-287
-365
-152
-35
-299
-644
-679
-422
-217
-191
-232
-255
-311
-332
-136
216
474
460
338
355
512
684
856
955
975
869
715
699
790
837
760
613
484
391
387
558
588
285
-124
-284
-52
191
50
-292
-547
-680
-653
-475
-365
-403
-526
-677
-687
-443
-163
-55
-136
-207
-132
35
130
158
214
227
105
-11
26
62
10
-39
-38
-71
-149
-257
-265
-146
-53
-63
-105
-110
-62
70
190
208
204
219
294
379
396
434
675
1020
1274
1262
913
574
682
1248
1669
1396
631
153
165
289
243
120
-42
-451
-1052
-1398
-1161
-807
-867
-1210
-1499
-1446
-1239
-1149
-1049
-789
-575
-621
-745
-662
-302
-9
4
-73
-11
87
12
-107
-52
167
224
-40
-219
-212
-155
-215
-311
-226
-137
-271
-528
-628
-492
-277
-163
-174
-275
-372
-329
-154
109
322
383
364
307
397
608
829
963
955
848
737
729
808
925
1016
1124
1058
758
343
165
372
642
525
21
-447
-679
-659
-501
-367
-502
-845
-1110
-1113
-795
-414
-266
-317
-405
-389
-201
86
320
431
456
315
181
202
340
475
503
334
61
-117
-156
-127
-55
-37
-161
-324
-413
-387
-280
-154
-58
0
31
87
142
188
210
343
608
939
1232
1390
1278
880
675
1065
1772
2015
1401
473
89
314
556
463
143
-350
-903
-1369
-1495
-1230
-986
-1101
-1568
-1904
-1828
-1476
-1127
-948
-871
-790
-785
-823
-636
-161
258
310
154
97
133
191
211
308
474
404
91
-160
-254
-213
-167
-157
-228
-425
-679
-873
-869
-733
-521
-354
-358
-578
-730
-579
-208
130
332
421
388
319
370
671
1077
1324
1225
983
801
797
999
1306
1558
1562
1179
513
90
266
796
965
460
-361
-921
-1039
-818
-544
-518
-793
-1224
-1516
-1408
-912
-473
-287
-294
-348
-312
-114
190
514
791
802
618
501
552
652
718
724
591
402
168
-48
-103
-84
-130
-222
-358
-501
-608
-625
-535
-399
-222
-76
-67
-141
-221
-92
262
586
762
879
1146
1400
1329
1029
933
1404
2048
2012
1240
509
401
621
620
288
-89
-459
-957
-1477
-1631
-1332
-1141
-1442
-1947
-2154
-1946
-1600
-1442
-1328
-1094
-947
-972
-937
-629
-123
215
214
153
259
398
459
491
620
741
631
325
73
13
30
-2
-89
-207
-383
-676
-935
-1001
-820
-547
-446
-645
-937
-960
-702
-297
52
219
218
126
104
370
821
1168
1237
1093
916
877
1081
1457
1739
1702
1331
897
748
865
1007
915
583
137
-272
-517
-624
-629
-688
-856
-1123
-1334
-1363
-1177
-921
-756
-673
-611
-476
-289
-41
208
414
502
535
609
706
747
769
757
711
590
412
307
240
161
46
-85
-244
-363
-409
-389
-322
-319
-368
-442
-410
-341
-189
0
106
126
60
134
428
889
1285
1457
1382
1161
995
1150
1634
1979
1764
1064
416
267
378
382
160
-268
-791
-1310
-1650
-1659
-1454
-1405
-1673
-2054
-2198
-1994
-1711
-1532
-1366
-1157
-990
-952
-892
-610
-184
92
175
254
348
359
341
422
644
790
663
381
154
51
55
71
65
-52
-304
-573
-780
-774
-571
-377
-389
-594
-791
-782
-526
-201
59
183
124
65
180
525
878
1059
1065
976
961
1086
1405
1773
1906
1603
1113
829
998
1255
1205
761
120
-297
-454
-481
-497
-629
-963
-1318
-1498
-1422
-1160
-901
-826
-894
-820
-581
-288
49
259
351
401
422
537
746
898
850
712
616
558
505
415
261
199
141
11
-154
-188
-204
-281
-348
-373
-391
-352
-314
-414
-397
-294
-34
185
208
80
125
571
1070
1222
1084
1018
1203
1394
1326
1226
1330
1348
990
516
242
207
153
-161
-567
-819
-1007
-1290
-1556
-1601
-1532
-1526
-1686
-1913
-1898
-1656
-1439
-1363
-1241
-1034
-892
-861
-727
-399
-54
93
49
92
260
355
399
480
520
446
335
226
201
199
187
87
-77
-256
-359
-296
-252
-327
-442
-485
-455
-382
-303
-232
-181
-120
-47
105
320
468
595
756
825
770
705
801
1148
1639
1833
1408
715
413
712
1266
1445
909
40
-507
-616
-377
-34
-66
-581
-1190
-1473
-1205
-588
-271
-426
-647
-735
-564
-169
210
343
380
360
293
334
573
720
696
615
472
425
441
307
169
193
211
113
-48
-180
-239
-257
-295
-316
-231
-128
-191
-433
-575
-472
-154
242
348
118
-117
-23
451
1110
1560
1498
1153
845
840
1258
1769
1847
1292
528
4
-56
177
216
-141
-718
-1336
-1755
-1773
-1568
-1440
-1548
-1836
-2142
-2143
-1794
-1402
-1162
-1100
-1121
-1067
-838
-520
-152
137
193
112
124
293
481
560
497
424
393
386
270
129
34
-35
-70
-95
-197
-381
-527
-585
-562
-416
-311
-344
-461
-527
-379
-99
125
203
260
336
413
574
778
917
1026
1177
1264
1075
845
981
1499
1961
1715
921
384
476
816
988
792
128
-571
-961
-927
-569
-378
-685
-1264
-1630
-1546
-1050
-495
-319
-485
-584
-493
-259
159
585
774
726
536
443
606
845
912
874
776
570
354
199
151
168
175
70
-189
-445
-525
-468
-357
-345
-416
-411
-382
-499
-616
-460
-117
183
228
92
114
455
912
1249
1457
1420
1224
1123
1289
1581
1696
1426
866
416
216
135
-9
-305
-706
-1150
-1501
-1699
-1761
-1743
-1813
-1989
-2084
-2006
-1847
-1682
-1533
-1354
-1109
-912
-763
-564
-324
-101
92
297
409
439
437
460
542
641
648
538
391
208
74
36
42
-1
-124
-360
-595
-676
-592
-454
-415
-506
-650
-695
-550
-260
-24
126
171
156
268
509
751
954
1034
1109
1208
1203
1041
966
1231
1713
1949
1567
791
382
607
1024
1145
646
-148
-693
-884
-720
-415
-418
-872
-1381
-1571
-1355
-807
-448
-482
-613
-641
-498
-114
299
467
515
522
493
547
689
751
733
744
665
495
349
209
118
124
98
-4
-138
-240
-343
-420
-430
-433
-377
-161
-177
-433
-653
-664
-301
183
332
100
0
152
582
1123
1468
1507
1290
1049
1065
1411
1774
1725
1192
574
213
108
114
-30
-377
-815
-1286
-1681
-1798
-1728
-1681
-1760
-1927
-2067
-2054
-1865
-1649
-1406
-1203
-1062
-940
-770
-538
-263
-35
92
179
303
435
469
458
497
555
561
492
367
207
135
104
49
-26
-145
-336
-468
-528
-540
-451
-391
-460
-566
-565
-395
-132
26
65
128
264
426
574
714
861
971
1027
1069
1268
1443
1364
1134
1164
1564
1880
1635
934
411
529
863
841
445
-147
-693
-941
-901
-689
-535
-786
-1301
-1575
-1360
-877
-446
-391
-593
-667
-444
-124
188
451
544
479
349
357
538
748
753
551
418
345
257
167
133
106
-3
-125
-263
-319
-319
-382
-480
-538
-470
-326
-247
-436
-653
-599
-203
178
301
240
240
515
928
1291
1520
1536
1369
1245
1355
1556
1635
1403
980
535
196
62
-30
-230
-611
-1068
-1410
-1615
-1667
-1658
-1701
-1788
-1930
-1973
-1880
-1727
-1538
-1305
-1119
-1002
-938
-830
-604
-304
-56
85
149
140
147
301
456
527
497
378
259
175
147
144
130
64
-53
-217
-322
-382
-343
-233
-212
-307
-396
-368
-230
-69
70
170
253
306
359
495
708
866
959
1036
1134
1168
1090
1002
1059
1266
1436
1488
1315
1021
714
595
692
843
721
209
-302
-557
-563
-381
-363
-635
-950
-1164
-1187
-990
-705
-545
-557
-654
-690
-525
-169
51
117
147
111
94
135
245
324
379
328
181
107
69
-25
-53
27
34
-28
-159
-336
-422
-405
-316
-185
-113
-168
-340
-410
-320
-109
179
394
363
240
258
575
1086
1498
1606
1364
1092
1064
1365
1751
1828
1418
821
473
364
336
260
26
-414
-895
-1246
-1433
-1444
-1507
-1653
-1804
-1942
-2042
-2031
-1868
-1710
-1557
-1433
-1377
-1318
-1159
-902
-607
-392
-247
-152
-35
66
154
314
526
637
577
487
403
395
448
500
460
332
112
-86
-136
-120
-101
-69
-123
-286
-396
-371
-227
-58
68
104
104
145
274
487
724
846
864
909
984
1048
1133
1240
1318
1344
1264
1260
1404
1450
1238
894
650
636
682
541
126
-268
-516
-692
-709
-765
-873
-1003
-1185
-1362
-1269
-956
-774
-762
-823
-835
-641
-333
-173
-97
-37
-42
-79
4
164
263
295
182
47
60
107
95
77
23
-40
-95
-133
-190
-184
-160
-164
-178
-141
-79
-113
-170
-145
33
300
464
359
339
597
1044
1431
1622
1582
1435
1363
1429
1687
1930
1886
1447
899
560
464
447
302
-100
-604
-1040
-1379
-1560
-1631
-1693
-1895
-2139
-2331
-2381
-2248
-2107
-2042
-1961
-1794
-1626
-1446
-1222
-990
-737
-477
-230
-32
142
291
386
512
670
739
775
725
600
501
489
530
485
367
109
-74
-136
-139
-108
-70
-173
-392
-475
-369
-158
26
77
43
47
163
368
646
873
955
995
992
1058
1239
1485
1623
1499
1202
1017
1149
1512
1767
1506
879
341
250
505
728
486
-120
-682
-990
-1021
-855
-745
-931
-1270
-1597
-1662
-1353
-958
-833
-905
-1011
-985
-773
-456
-232
-144
-80
-89
-53
55
223
310
315
257
183
251
291
172
71
80
144
152
86
-45
-85
-87
-69
-13
106
191
80
-106
-140
203
705
934
709
453
489
724
1117
1520
1755
1719
1367
968
865
1261
1734
1751
1281
666
306
265
345
242
-119
-650
-1231
-1716
-1890
-1809
-1770
-1974
-2406
-2785
-2870
-2599
-2273
-2083
-2009
-1963
-1853
-1647
-1303
-881
-509
-314
-243
-138
104
416
654
802
927
1005
1008
938
856
856
868
865
779
666
519
322
160
55
51
103
67
-116
-265
-294
-184
14
182
284
331
368
409
557
824
1022
1089
1058
1030
1074
1210
1319
1299
1183
1065
1017
1028
1017
1032
1017
825
491
205
101
149
121
-194
-630
-939
-1080
-1128
-1106
-1167
-1329
-1495
-1629
-1631
-1438
-1197
-1053
-966
-928
-861
-672
-421
-230
-89
-24
-21
-4
115
246
330
355
285
243
288
284
275
279
255
215
194
213
271
330
328
337
387
443
475
521
601
733
811
814
803
796
847
951
1015
1078
1224
1345
1345
1231
1071
975
964
958
882
683
331
-106
-410
-568
-703
-915
-1245
-1621
-1946
-2143
-2201
-2190
-2195
-2277
-2413
-2433
-2345
-2120
-1831
-1606
-1459
-1315
-1100
-850
-564
-259
-4
175
312
442
556
659
760
855
921
907
865
808
768
700
667
666
606
505
362
198
120
141
172
192
160
57
-71
-53
132
338
441
452
426
474
632
802
939
1027
1053
1013
1007
1034
1069
1096
1058
956
831
707
612
514
437
465
484
321
-54
-439
-580
-463
-366
-555
-924
-1250
-1459
-1481
-1321
-1228
-1273
-1388
-1546
-1501
-1235
-888
-666
-608
-619
-573
-354
-127
52
187
267
277
277
330
390
480
558
567
543
527
530
512
527
567
608
654
631
495
399
458
550
616
570
471
454
509
538
532
554
632
633
599
549
508
631
835
1005
1056
975
771
595
529
607
706
583
188
-360
-699
-773
-817
-992
-1321
-1693
-2006
-2198
-2280
-2252
-2196
-2250
-2354
-2379
-2267
-2020
-1757
-1518
-1338
-1147
-917
-690
-437
-135
193
467
634
738
858
1021
1184
1271
1314
1309
1238
1146
1052
996
969
898
760
588
447
281
155
91
54
18
-62
-166
-254
-265
-184
-66
85
195
272
321
384
501
675
866
1005
1039
1002
955
941
979
1029
1008
871
657
474
339
291
233
79
-91
-225
-265
-388
-640
-923
-1021
-905
-805
-949
-1204
-1364
-1413
-1317
-1182
-1076
-993
-998
-1036
-966
-681
-354
-166
-87
-68
33
254
472
570
639
724
760
778
809
808
781
781
748
672
626
568
481
436
419
391
319
238
132
74
125
191
203
171
101
93
179
279
374
459
502
461
413
431
506
633
750
788
709
618
517
403
301
183
94
-25
-244
-605
-927
-1134
-1285
-1430
-1611
-1805
-1951
-2077
-2197
-2210
-2108
-1980
-1904
-1824
-1726
-1548
-1281
-981
-665
-371
-160
9
245
526
817
1057
1236
1316
1393
1446
1477
1509
1491
1430
1284
1150
997
837
635
442
275
159
44
-114
-255
-414
-501
-490
-422
-340
-300
-302
-303
-210
4
215
396
531
623
681
750
847
974
1086
1061
966
827
735
655
567
453
281
89
-146
-374
-520
-608
-681
-784
-891
-902
-861
-917
-1087
-1192
-1078
-838
-655
-693
-838
-828
-698
-453
-209
-74
-48
-49
3
185
459
634
677
594
517
559
712
821
785
654
491
414
406
420
389
297
177
45
7
33
59
35
-56
-121
-77
20
97
115
99
97
152
212
290
378
412
383
341
386
471
487
421
323
237
190
179
219
285
288
196
13
-203
-325
-331
-263
-264
-423
-715
-998
-1128
-1098
-1029
-1054
-1156
-1295
-1393
-1402
-1305
-1138
-993
-923
-908
-829
-667
-446
-231
-43
115
257
381
496
611
725
812
859
876
874
830
726
609
547
530
495
412
263
107
-13
-35
0
33
8
-105
-196
-228
-132
12
88
92
35
22
64
183
337
418
424
376
339
348
408
457
437
362
247
147
88
28
-19
-91
-186
-318
-374
-437
-502
-525
-563
-549
-522
-491
-476
-458
-391
-271
-47
208
356
329
177
184
429
746
861
676
430
307
322
400
447
385
217
19
-135
-127
-69
-46
-114
-260
-375
-385
-339
-323
-310
-311
-299
-250
-194
-173
-161
-89
21
164
242
257
277
285
308
340
371
414
427
370
248
139
102
108
96
27
-45
-171
-282
-290
-224
-186
-235
-332
-385
-386
-279
-87
120
273
270
147
78
156
402
623
651
503
267
147
176
237
227
104
-130
-368
-526
-566
-552
-570
-639
-777
-890
-947
-880
-806
-726
-683
-635
-574
-530
-422
-329
-221
-100
7
99
170
246
337
391
443
487
521
538
503
408
347
322
321
319
229
48
-88
-159
-158
-145
-175
-300
-456
-518
-491
-395
-341
-351
-401
-399
-326
-200
-88
29
114
175
239
338
453
544
590
630
667
660
693
699
660
641
580
531
504
448
359
249
175
132
69
10
-8
44
141
118
-50
-291
-335
-151
102
154
-79
-370
-478
-383
-179
-59
-138
-277
-409
-438
-345
-193
-87
-63
-112
-191
-199
-119
-23
55
40
-21
-47
-27
-29
-71
-78
-42
22
32
-30
-143
-183
-114
7
66
24
-40
-107
-89
-1
89
175
193
184
165
178
265
426
592
611
553
466
468
558
664
719
726
718
711
711
642
500
390
345
381
366
202
-89
-351
-471
-492
-528
-657
-856
-1059
-1178
-1249
-1251
-1191
-1155
-1175
-1252
-1264
-1184
-1001
-816
-705
-658
-628
-541
-412
-267
-152
-61
-13
45
84
114
145
192
244
235
218
217
202
166
130
117
147
198
192
156
106
71
107
205
288
300
212
150
205
340
476
549
533
482
462
516
612
717
767
708
605
511
520
571
590
526
410
266
168
118
103
62
-30
-137
-227
-285
-317
-325
-336
-370
-381
-396
-406
-363
-315
-287
-270
-218
-110
54
213
266
170
50
57
255
483
522
315
32
-108
-9
157
160
28
-151
-319
-368
-343
-299
-262
-274
-348
-432
-453
-427
-337
-207
-111
-135
-194
-193
-90
88
217
278
291
309
327
370
430
486
572
617
590
521
433
385
380
368
347
310
220
92
-93
-221
-215
-96
-67
-188
-419
-589
-576
-430
-308
-317
-411
-472
-380
-203
-70
-36
-88
-124
-70
62
164
197
143
22
-54
-79
-74
-98
-189
-337
-486
-570
-631
-674
-702
-766
-833
-867
-828
-769
-686
-637
-634
-636
-555
-415
-283
-187
-136
-71
22
151
272
373
446
503
568
656
758
856
888
842
824
826
862
882
849
770
669
622
548
487
431
298
172
70
-6
-50
-117
-197
-293
-363
-376
-352
-352
-388
-386
-396
-362
-318
-265
-205
-170
-142
-99
-28
42
109
181
209
210
214
233
286
330
339
328
314
324
309
310
290
252
242
252
265
243
226
247
329
414
424
289
140
128
253
377
334
153
-34
-104
-51
13
-23
-126
-262
-350
-351
-311
-350
-440
-513
-564
-551
-584
-645
-667
-674
-679
-690
-733
-736
-714
-685
-656
-609
-552
-469
-392
-321
-244
-176
-70
63
189
249
286
333
412
530
617
652
624
576
572
592
651
641
538
400
313
293
305
271
193
80
-43
-95
-124
-128
-78
-32
-48
-98
-174
-176
-87
43
117
75
-15
-28
19
75
95
53
-8
-73
-107
-116
-134
-173
-243
-275
-307
-365
-424
-461
-454
-414
-415
-468
-528
-528
-494
-458
-412
-396
-373
-344
-279
-203
-131
-94
-26
59
137
211
236
280
362
425
488
541
546
522
522
554
579
586
543
470
423
391
379
355
328
303
245
189
140
133
134
133
122
94
59
32
35
55
85
118
96
76
57
58
84
118
134
133
108
66
56
51
64
39
-14
-69
-122
-149
-182
-216
-275
-358
-413
-426
-420
-424
-443
-464
-448
-381
-305
-306
-349
-375
-323
-213
-107
-68
-116
-176
-177
-96
-4
49
27
-11
-23
-2
45
90
118
116
117
102
67
56
91
149
149
90
13
-28
-28
1
29
-2
-38
-81
-83
-68
-16
-1
-36
-60
-40
11
43
88
100
127
157
207
208
193
201
229
274
247
172
112
90
81
90
56
-25
-73
-104
-144
-151
-139
-150
-195
-238
-254
-247
-233
-212
-202
-184
-141
-97
-37
13
48
78
115
176
232
267
278
296
299
303
318
308
293
285
267
243
230
218
187
169
142
112
79
65
44
15
-13
-44
-48
-46
-51
-75
-109
-128
-134
-132
-134
-127
-137
-157
-191
-211
-216
-212
-204
-240
-277
-311
-316
-329
-325
-343
-388
-435
-452
-423
-405
-409
-432
-467
-476
-422
-348
-292
-247
-218
-185
-113
-18
85
182
236
262
307
364
434
518
550
553
546
542
559
556
573
535
497
475
424
399
345
286
256
243
219
188
147
98
75
57
50
62
71
19
13
20
8
14
20
16
5
-11
-12
7
15
15
8
-28
-58
-59
-78
-97
-119
-137
-169
-213
-286
-326
-351
-363
-375
-426
-448
-462
-480
-456
-400
-367
-365
-342
-333
-273
-203
-152
-85
-45
-10
-5
30
70
132
192
217
235
238
269
298
314
335
349
307
284
266
273
282
248
214
183
161
145
133
127
109
96
68
32
17
22
8
-13
-33
-38
-20
2
-9
-47
-93
-101
-71
-63
-68
-101
-120
-133
-136
-130
-122
-143
-158
-149
-131
-102
-100
-122
-131
-111
-77
-55
-60
-73
-94
-67
-57
-37
-26
-37
-36
-33
-31
-9
12
39
46
25
23
36
36
23
4
2
-3
-21
-40
-72
-60
-66
-76
-94
-137
-146
-156
-130
-134
-115
-83
-94
-97
-91
-40
4
38
33
24
33
56
75
87
85
97
113
86
70
65
60
58
40
22
20
-5
-27
-36
-37
-30
-37
-22
-43
-43
-28
1
38
61
60
61
86
124
175
210
244
265
303
327
355
349
350
381
405
413
392
362
330
324
308
293
277
233
185
131
91
77
81
47
-20
-85
-110
-124
-130
-138
-163
-196
-233
-249
-261
-244
-253
-256
-276
-286
-290
-303
-299
-288
-282
-297
-303
-306
-290
-267
-258
-273
-269
-260
-233
-208
-200
-175
-166
-137
-119
-128
-117
-93
-90
-69
-40
-8
-8
-17
-18
-8
16
39
45
42
57
55
63
71
107
113
123
115
102
100
111
135
130
119
103
99
120
143
158
148
129
149
159
181
200
193
171
160
183
182
166
174
158
136
115
114
115
79
55
35
23
16
5
-8
-12
-22
-38
-52
-67
-78
-98
-97
-103
-116
-125
-122
-122
-142
-154
-159
-158
-160
-156
-141
-126
-118
-112
-105
-99
-99
-72
-42
-13
1
-15
-18
-6
26
45
65
72
74
74
89
107
114
121
119
110
109
113
113
120
116
119
91
73
66
45
50
49
47
27
-19
-47
-39
-41
-39
-64
-92
-118
-151
-159
-147
-141
-160
-191
-201
-193
-180
-166
-160
-149
-136
-112
-104
-85
-58
-23
-8
13
15
26
56
71
66
62
86
104
119
107
92
96
97
122
142
147
125
98
103
113
134
144
132
108
97
83
111
118
96
91
66
42
33
12
-1
6
0
-10
-52
-71
-58
-49
-52
-55
-70
-99
-98
-109
-106
-90
-93
-97
-106
-112
-106
-73
-36
-34
-48
-48
-36
-20
16
47
64
50
46
44
49
68
74
63
38
34
33
36
14
0
-21
-27
-43
-47
-72
-108
-100
-92
-85
-56
-42
-65
-82
-74
-40
8
35
28
38
49
84
93
99
108
106
111
106
108
108
101
89
46
15
20
35
17
-15
-69
-107
-106
-116
-106
-123
-147
-179
-199
-190
-181
-149
-140
-139
-153
-147
-107
-71
-34
-17
14
39
57
88
133
193
223
218
192
168
180
189
197
190
165
134
96
74
68
54
45
26
2
-24
-33
-29
-21
-33
-28
-21
-46
-47
-38
-27
-16
-13
-8
9
19
23
30
34
33
49
46
22
28
23
6
7
-16
-43
-58
-76
-83
-89
-104
-119
-122
-162
-162
-159
-156
-129
-136
-138
-132
-117
-87
-61
-49
-16
-8
-15
0
37
88
127
137
123
112
113
133
145
149
146
117
93
78
75
86
65
30
2
-13
-13
-12
-38
-48
-52
-50
-32
-27
-8
5
27
33
51
57
71
83
95
101
94
93
81
74
71
73
50
24
-3
3
-8
-29
-74
-111
-138
-152
-156
-166
-196
-206
-203
-204
-195
-181
-166
-160
-125
-112
-88
-40
-13
0
-5
10
52
84
108
116
102
95
91
100
98
94
72
49
44
12
16
18
17
-7
-34
-55
-73
-69
-54
-46
-32
-37
-47
-40
-19
32
58
70
69
62
59
95
112
131
142
100
81
72
79
99
95
72
38
19
4
-8
0
-25
-54
-91
-96
-97
-97
-95
-103
-113
-122
-120
-99
-83
-75
-77
-69
-42
-37
-10
18
37
49
61
60
79
99
97
116
124
129
135
136
125
112
116
110
118
101
80
62
46
49
34
35
7
-2
-21
-46
-48
-41
-34
-41
-55
-78
-86
-81
-77
-67
-62
-80
-89
-82
-81
-68
-64
-76
-82
-95
-90
-83
-95
-101
-119
-124
-120
-124
-120
-112
-111
-112
-111
-91
-85
-70
-50
-49
-31
-15
6
28
51
67
85
102
114
103
107
148
161
150
124
117
126
127
125
111
110
105
87
66
52
38
33
27
-4
-5
1
8
-11
-8
8
22
42
31
14
22
27
18
38
49
45
59
42
36
52
48
64
35
24
31
18
16
-1
-19
-43
-47
-73
-87
-84
-88
-90
-100
-110
-124
-108
-112
-119
-105
-95
-76
-77
-85
-100
-81
-64
-53
-43
-50
-30
-12
1
8
26
42
48
61
69
75
78
86
87
89
105
99
97
89
75
49
52
51
42
28
15
9
-23
-26
-18
-18
-27
-32
-37
-45
-24
-12
-6
-1
-5
-1
-8
9
0
13
31
23
29
28
40
20
7
-13
-6
-6
-22
-36
-56
-62
-72
-86
-84
-92
-101
-108
-118
-107
-89
-74
-78
-78
-65
-33
-26
-5
12
21
35
46
60
57
79
82
90
96
100
118
116
105
99
99
94
89
72
38
12
3
-1
-9
-20
-46
-73
-68
-67
-65
-56
-56
-55
-50
-51
-20
-2
1
7
10
36
59
71
75
63
74
73
62
53
47
36
27
5
-26
-33
-44
-55
-68
-104
-121
-121
-113
-109
-106
-114
-119
-124
-104
-75
-47
-32
-30
-14
2
36
54
80
86
92
102
112
134
135
132
120
102
94
97
95
89
52
24
11
6
-6
-17
-21
-41
-64
-78
-93
-99
-97
-119
-124
-115
-94
-78
-80
-82
-92
-78
-44
-34
-34
-35
-20
-2
5
30
40
41
46
37
37
48
56
47
41
37
39
44
40
44
62
54
49
44
42
51
59
70
65
58
48
39
34
24
16
15
17
14
-6
-4
-5
7
3
-2
11
7
22
5
-9
-6
-9
-2
-3
14
-2
-14
-18
-10
9
14
10
-3
-9
-3
4
11
21
6
-14
-22
-20
-9
-2
-6
-20
-25
-17
-14
3
-7
-4
-15
-34
-33
-17
-14
-14
-25
-60
-67
-70
-77
-78
-84
-87
-88
-115
-117
-112
-100
-87
-70
-63
-75
-57
-40
-25
-4
10
9
11
17
33
43
57
62
58
69
76
68
73
79
71
73
71
71
56
40
33
34
31
20
22
10
5
-5
-2
2
1
6
8
12
23
27
26
24
29
35
36
42
41
42
36
21
31
29
21
9
2
9
14
-5
-7
-6
-6
3
-16
-8
-7
-7
-11
-5
0
2
4
3
22
37
54
46
38
32
34
37
30
44
34
25
20
14
11
2
-11
-16
-31
-39
-39
-61
-72
-70
-60
-67
-76
-92
-82
-67
-73
-67
-54
-67
-62
-65
-60
-47
-31
-33
-36
-44
-48
-29
-15
-16
-24
-36
-54
-43
-29
-15
-31
-32
-41
-51
-37
-25
-18
-15
-3
-2
11
9
17
30
40
47
41
44
57
69
70
83
88
99
89
90
97
93
77
76
73
49
54
49
31
21
10
4
-2
-19
-32
-32
-40
-57
-48
-47
-57
-66
-63
-57
-62
-62
-52
-49
-38
-26
-22
-20
-14
-14
-11
-9
6
13
-4
-4
-9
0
8
15
23
21
22
20
12
7
12
18
22
18
11
17
19
14
15
26
15
7
25
35
36
39
42
42
51
54
62
69
71
60
66
77
86
79
64
53
60
56
60
51
32
33
20
16
12
-5
-3
-9
-19
-32
-44
-57
-56
-58
-72
-71
-65
-67
-75
-70
-67
-56
-52
-51
-44
-43
-36
-37
-37
-29
-17
-30
-38
-41
-48
-38
-33
-27
-29
-32
-50
-66
-73
-74
-72
-74
-95
-94
-83
-76
-64
-64
-66
-55
-52
-39
-17
-16
-10
8
17
24
47
60
78
67
78
85
87
91
90
95
102
97
78
85
81
80
66
56
53
53
50
31
16
-3
-7
-12
-9
-18
-12
-5
0
-15
-20
-1
8
19
8
3
5
13
19
47
45
39
46
39
45
47
53
52
61
60
45
32
37
31
33
31
6
-3
-21
-22
-26
-17
-17
-39
-50
-47
-52
-57
-59
-50
-48
-53
-49
-55
-36
-31
-24
-12
-16
-19
-7
2
7
11
2
-11
-6
-3
10
5
-3
-14
-11
-10
-14
-17
-20
-27
-31
-31
-39
-42
-39
-36
-48
-62
-71
-70
-67
-71
-80
-81
-68
-63
-51
-48
-50
-27
-19
-18
-25
-19
-12
-12
-13
-13
-4
-6
-3
6
12
4
4
10
15
21
24
33
33
24
33
40
35
45
52
54
45
52
60
64
80
77
83
88
89
86
71
68
68
85
85
75
53
28
28
27
21
8
0
-24
-21
-35
-33
-30
-45
-49
-56
-52
-56
-53
-40
-38
-34
-23
-15
-6
-2
-2
10
28
34
37
45
38
40
33
33
50
58
58
41
36
38
25
9
5
4
-9
-19
-27
-41
-36
-31
-46
-54
-49
-41
-31
-30
-37
-16
-13
-24
1
13
26
31
31
30
42
48
52
51
42
40
26
25
18
7
5
-8
-27
-42
-54
-58
-70
-84
-84
-81
-89
-87
-97
-98
-84
-79
-81
-83
-84
-75
-75
-61
-43
-43
-29
-30
-20
-11
5
13
2
5
0
-1
26
21
26
19
20
29
33
38
27
37
40
33
28
35
45
50
47
35
44
52
57
57
61
63
59
48
49
62
64
46
43
40
44
40
36
34
17
17
12
3
-4
-14
-15
-15
-23
-30
-17
-15
-10
-18
-38
-20
-12
-15
-11
-16
-10
-14
-8
11
13
11
5
4
-3
2
10
14
1
5
4
6
6
-5
-10
-3
-1
0
-5
-7
-4
-9
-7
-15
-14
-9
2
-11
-3
-4
1
8
9
20
20
25
17
20
23
30
36
35
26
24
32
35
27
24
20
13
5
-5
-12
-23
-15
-21
-39
-39
-42
-54
-65
-67
-64
-68
-77
-84
-79
-86
-85
-71
-75
-72
-76
-71
-55
-53
-54
-47
-42
-37
-33
-19
-22
-22
-25
-36
-33
-33
-20
-14
-6
-4
-12
-1
7
16
16
21
28
24
26
33
43
53
58
65
69
73
74
75
76
81
89
92
80
82
78
82
91
71
63
44
32
25
21
16
8
10
-3
-12
-20
-27
-30
-39
-50
-61
-59
-47
-40
-49
-36
-23
-21
-21
-17
-11
-9
-2
-7
0
2
2
7
28
48
46
48
38
34
43
39
41
39
25
20
21
19
17
16
10
-2
-9
-11
-5
7
19
3
2
5
2
13
14
9
8
9
6
-5
-9
-12
-13
-9
-9
-23
-21
-26
-42
-37
-37
-43
-50
-63
-72
-70
-67
-65
-58
-56
-56
-58
-57
-39
-33
-29
-32
-32
-33
-31
-5
-6
-11
-6
-8
-7
-9
3
12
5
10
20
33
33
30
26
29
40
43
39
39
44
30
27
35
30
25
18
20
8
13
20
22
26
31
36
40
41
40
30
26
8
17
30
26
21
11
3
3
0
0
0
-15
-12
-18
-2
-4
-10
-13
-11
-2
-4
-14
-14
1
-1
5
9
7
-3
-7
-7
-2
-2
-11
-24
-30
-31
-18
-25
-25
-32
-39
-24
-17
-13
-20
-21
-16
-8
-7
-2
11
5
14
20
27
30
19
27
16
24
34
36
21
8
12
4
9
2
-5
-11
-7
-4
-10
-9
-8
-2
2
-2
-7
-14
-18
-11
-9
-17
-21
-31
-26
-13
-10
-6
-15
-22
-26
-19
-21
-20
-18
-19
-20
-18
-17
-16
3
0
1
6
5
3
-1
-3
21
31
25
17
14
11
5
5
18
9
0
-1
-13
-4
-5
-2
-12
-12
-15
-12
-8
-9
-6
-8
-12
-7
-7
-14
-14
-9
-11
-11
-3
3
5
13
31
21
28
24
22
32
28
25
19
17
18
31
96
118
37
-62
-75
-32
-6
13
-10
-96
-150
-99
-40
-34
-61
-64
-3
93
114
26
-55
-32
60
95
49
-34
-71
-44
-21
-30
-70
-87
-23
48
52
6
-16
35
74
107
142
151
150
158
152
128
111
104
99
102
86
77
44
-23
-76
-88
-67
-61
-74
-100
-119
-158
-169
-166
-162
-119
-93
-88
-80
-74
-76
-66
-60
-45
-8
20
38
37
23
35
26
34
40
43
71
66
52
30
9
5
-5
-2
-4
-7
-21
-47
-64
-60
-50
-31
-14
5
23
39
45
44
51
75
95
108
125
130
119
108
98
85
81
72
62
44
14
-10
-26
-52
-60
-66
-75
-85
-86
-93
-90
-92
-94
-90
-66
-43
-37
-21
-25
-19
-13
-9
15
30
32
48
27
21
16
0
-2
-2
-11
-12
-19
-33
-38
-61
-73
-63
-56
-37
-42
-39
-30
-39
-34
-21
-8
11
34
45
68
64
42
38
49
64
62
58
60
51
29
11
12
7
16
12
1
-9
-22
-36
-40
-18
-21
-5
-12
-21
-22
-27
-13
-13
2
3
25
32
25
14
11
14
10
17
23
29
5
-5
-22
-31
-37
-40
-37
-32
-26
-24
-30
-37
-56
-56
-28
-6
12
7
12
14
13
9
20
32
34
28
34
27
10
8
11
12
20
25
21
23
23
15
-1
-3
7
3
0
9
8
14
7
1
2
12
35
41
27
18
28
24
28
32
20
19
22
28
17
3
7
-6
-16
-18
-26
-24
-37
-45
-39
-37
-39
-35
-23
-33
-25
-11
-14
-15
-1
5
-1
1
7
8
6
21
11
2
10
4
3
-2
-1
-6
-12
-21
-14
-15
-7
-1
-7
-15
-4
12
6
7
-8
-9
6
11
-4
-2
-10
-12
4
-4
-3
-4
-13
-13
-12
-5
-6
-7
-4
-2
-7
-9
-9
-9
-14
-9
-5
-17
-22
-30
-16
-25
-20
-11
-20
-27
-29
-16
-14
-7
-4
4
0
-5
3
12
10
8
24
24
13
11
10
18
21
11
10
24
33
28
24
10
13
23
27
31
30
19
28
37
38
33
29
21
20
28
31
33
29
14
3
-2
-1
4
-3
-6
-17
-14
-17
-12
-18
-25
-19
-23
-21
-20
-15
-28
-27
-17
-10
-2
-19
-19
-17
-4
12
3
-3
-19
-7
-10
-4
-1
3
3
-5
-10
-7
-6
-2
7
-2
0
-3
-7
1
8
16
18
11
12
11
12
18
21
20
20
20
10
22
19
24
18
19
17
13
14
7
8
12
23
3
-11
-8
-6
-3
0
-17
-18
-21
-24
-25
-30
-24
-30
-34
-30
-30
-33
-35
-38
-28
-15
-27
-39
-36
-29
-21
-21
-23
-19
-17
-8
-6
-10
5
2
8
-1
7
10
5
12
13
2
-6
10
17
35
32
22
11
13
24
32
38
17
16
21
26
27
17
3
9
15
14
9
13
21
10
4
3
4
-6
3
2
-9
-12
-10
-10
-5
-1
-3
-6
10
12
8
10
1
-10
-6
-5
-10
-4
-18
-27
-26
-17
-16
-12
-18
-11
-9
-11
-13
-15
-3
-6
0
0
-2
-1
-12
-17
-9
-8
-11
-14
-12
-10
-11
-10
-11
-2
-3
-8
-2
12
8
15
22
14
25
28
32
27
20
16
9
-3
3
3
11
3
-13
-22
-18
-11
-10
-7
-17
-17
-12
-14
-13
-1
-4
-6
-4
-4
-5
0
0
-17
-15
-12
-9
-11
-5
1
4
2
-9
-8
-5
6
13
13
14
18
18
14
22
23
24
26
33
30
23
30
38
39
49
55
43
29
27
31
18
17
18
12
11
13
17
9
7
-7
-11
-3
-13
-9
-6
-10
-14
-8
-16
-16
-18
-16
-12
-8
-9
-6
-17
-19
-7
-8
-5
-9
-8
-8
-6
-16
-19
-21
-24
-18
-26
-24
-27
-30
-28
-30
-34
-37
-29
-18
-12
-16
-24
-15
-5
8
5
9
8
7
17
24
22
12
13
14
17
18
13
10
19
11
9
9
5
12
11
8
-2
-1
-4
-5
3
-1
4
-7
-3
1
-2
13
16
17
19
11
5
7
6
6
-4
-15
-12
-12
-6
-8
-12
-20
-21
-10
-19
-16
-17
-14
-15
-22
-20
-26
-12
-4
-13
-4
-9
0
-4
-3
4
-15
1
6
7
-2
-14
-3
-7
-3
-2
5
14
10
13
6
9
17
18
20
26
15
21
25
15
23
22
17
17
16
19
23
12
5
1
-3
-3
4
6
1
3
-4
-7
3
2
4
-1
1
10
0
-9
-3
0
-4
0
-6
-6
-11
-22
-18
-16
-14
-13
-17
-12
-13
-11
-6
-17
-11
-15
-10
-11
-18
-12
-24
-14
-6
-6
-10
-2
-5
-17
-8
-10
-2
5
-1
3
-2
1
11
10
6
2
11
10
8
6
7
14
7
10
8
1
11
7
-2
-6
-5
5
3
1
-3
3
6
8
5
4
9
1
14
8
8
-4
-9
-6
-2
2
-14
-19
-8
-11
-11
-3
-12
-8
3
-5
-8
8
13
10
5
19
16
13
15
21
21
22
32
34
29
25
29
29
32
26
28
24
23
24
13
5
4
-2
-7
-6
-4
-8
-10
-13
1
-12
-13
-17
-18
5
-1
-16
-9
-1
4
-1
-4
-1
-8
4
3
1
-4
-3
-6
-7
-1
-6
-7
-5
-12
-15
-21
-15
-17
-11
-18
-25
-25
-19
-5
-13
-9
-12
-11
-11
-8
-8
-7
0
-2
-9
-18
-13
-8
-1
0
-7
-8
-9
-9
8
4
1
-1
-2
-3
-13
-3
4
0
-4
-5
3
7
0
2
-1
-10
-3
-2
1
-1
5
9
12
15
11
12
4
-4
12
2
-5
1
-1
-3
-3
-12
-13
-14
-8
-9
-20
-8
-8
-11
-9
-7
-2
10
5
7
10
9
15
8
12
10
4
1
17
13
25
22
15
15
12
26
36
47
36
30
21
18
23
27
15
19
9
1
3
3
-5
-9
-5
-10
-7
-11
-15
-24
-21
-26
-19
-24
-35
-30
-22
-19
-15
-14
-13
-5
-8
-8
-4
8
4
2
5
2
-1
-2
-10
-9
-15
-12
-23
-26
-23
-31
-18
-25
-29
-28
-23
-19
-17
-16
-9
-2
1
0
4
4
9
9
13
15
16
17
20
31
25
37
32
29
19
8
7
5
8
8
7
9
17
9
-4
9
19
16
20
9
6
5
8
7
5
8
5
4
14
11
6
5
12
10
6
3
4
11
13
5
5
6
-2
-9
1
8
-5
-11
-9
7
-10
-14
-13
-6
6
-12
-2
-1
4
12
-10
-19
-10
-7
-14
-18
-18
-18
-8
-13
-9
-7
-5
-3
-8
7
1
7
8
-6
-1
-2
-1
-1
2
2
-5
-10
-10
-4
3
-5
-2
-5
-5
-8
0
6
14
12
7
-3
5
20
7
10
16
9
16
9
5
1
-3
3
-14
-17
-17
-15
-11
