SAMPLES:	9671
BITSPERSAMPLE:	16
CHANNELS:	1
SAMPLERATE:	16000
NORMALIZED:	FALSE
-3
-6
-2
-4
-2
-4
-5
-6
-5
-5
-3
0
-1
4
0
-2
0
-1
1
0
3
-3
-1
-3
-4
-5
-5
-5
-2
-3
-3
-4
-4
-1
0
-1
-4
-4
0
0
2
3
5
6
3
3
1
0
-1
-1
0
-1
-1
-1
-2
-1
-1
-1
-1
-5
-2
-3
-3
-1
-5
0
-1
-4
-4
-2
-4
-1
-5
-4
-2
-6
-3
-5
-8
-6
-6
-8
-4
-5
-1
-7
-2
-1
-6
2
0
2
-1
-3
-2
-3
-3
-4
-6
-3
-4
1
3
-3
4
0
1
3
4
8
8
9
9
8
8
11
8
4
6
6
5
5
5
7
3
5
4
4
6
6
5
7
4
5
4
3
4
2
6
2
6
3
4
3
0
5
0
0
-4
0
-4
-5
-6
1
2
-1
1
-4
-2
4
1
4
-1
3
5
-3
-3
1
-5
-2
-4
-2
-2
-8
-3
-7
-4
-3
-2
-2
-2
-2
0
-2
1
-2
1
-3
1
0
-5
-3
-5
-1
-1
-1
2
3
0
2
3
0
-4
0
-2
3
2
4
3
3
4
4
6
0
4
5
2
5
5
-1
0
1
-1
1
0
1
6
5
2
3
1
1
3
6
5
5
2
2
5
3
9
8
5
3
3
6
5
0
0
2
3
0
-2
-3
-4
-7
-3
-3
-6
-5
-9
-8
-12
-5
-7
-8
-8
-7
-6
-4
-3
-5
-4
-7
-7
-4
-9
-4
-3
-3
-1
-3
-4
-7
-5
-2
1
0
3
4
3
3
5
3
5
0
1
6
2
3
2
2
3
4
0
-1
-2
2
0
0
5
4
3
4
1
4
7
4
6
1
4
2
1
3
-1
4
-3
-5
-6
-8
-9
-8
-4
-5
-6
-10
-3
-9
-3
-4
2
2
1
-1
-2
-2
0
-5
-11
-8
-8
-2
-6
-3
0
-2
-1
-1
0
5
2
3
5
1
1
3
1
5
4
3
0
1
1
-1
3
2
2
5
5
3
4
0
-1
2
0
-1
0
-4
0
1
4
0
2
1
0
-3
-6
-1
-8
-4
0
1
2
2
2
1
3
3
7
3
5
-1
6
6
4
5
2
3
-2
0
-4
-1
-6
-6
-5
-4
-7
-2
-2
0
2
1
1
2
1
3
0
0
-1
-5
-5
-1
-2
-4
-1
-2
-2
-3
-5
4
3
3
9
5
8
6
5
4
3
4
3
2
-1
-3
-4
-2
-2
-6
-5
-2
-3
3
3
0
3
3
5
2
3
3
4
2
4
1
8
7
6
6
5
3
3
1
2
1
1
-2
4
6
1
1
-6
4
0
2
-2
0
-1
-4
-2
-2
0
-4
-5
-5
-5
-5
-7
-8
-5
-5
0
-4
-4
-2
1
3
4
7
1
4
6
3
0
1
-3
-3
-3
-6
-3
-2
-3
-4
-4
-3
5
5
1
0
1
0
2
-2
0
-1
4
4
3
2
-1
-1
0
3
0
3
3
1
4
4
4
5
3
2
2
-1
0
-1
-4
-6
0
-3
-4
-3
-4
-2
-6
-3
-6
-6
0
-6
0
-4
-1
-5
0
5
2
0
-2
3
0
-5
-3
-4
-4
-3
1
-1
-4
-1
1
8
3
0
-1
5
4
4
1
0
4
1
2
0
2
2
6
7
1
4
2
-1
2
-2
4
1
1
4
1
1
-2
2
5
2
5
7
-2
2
-4
0
-5
-4
-2
-3
-1
-7
-4
-8
-4
-4
-7
-5
-4
-3
-1
-1
-5
0
0
-1
-2
-8
-7
-6
-4
-2
-5
-4
-4
-1
0
2
4
6
10
7
4
4
1
6
7
-1
-1
-2
1
2
-1
0
1
-1
4
-2
2
1
4
3
5
3
1
7
0
6
4
4
3
2
5
-4
2
-1
-4
-1
1
-1
0
-3
-3
-1
2
0
-2
0
0
5
3
2
0
0
0
0
-3
-7
-9
-5
-8
-6
-8
-9
-7
-6
-2
-5
-1
-4
1
3
0
2
2
6
5
-1
-2
-1
2
3
-1
-2
-2
-2
3
-1
0
-2
1
4
5
5
8
9
4
4
0
1
2
0
-1
-2
-3
-3
-3
-3
0
3
0
2
4
4
5
9
7
6
3
3
4
4
5
2
0
1
1
0
-1
4
4
7
6
3
6
4
6
5
3
1
8
0
1
1
-3
-2
-1
0
-2
0
-4
-3
-3
-6
-3
-2
-4
-2
-3
-3
-4
1
-4
-4
-2
-6
-5
-6
-9
-9
-7
-11
-8
-11
-10
-9
-14
-9
-11
-5
-6
-3
-2
-2
3
-2
-5
0
-6
-3
2
2
-1
4
1
2
0
1
5
6
4
2
3
4
8
4
0
5
2
3
3
2
2
-3
1
-1
4
-2
3
-1
-3
-2
1
3
7
5
3
3
-3
4
0
11
8
4
5
3
4
2
7
3
6
7
1
4
-1
-2
-3
-2
0
-1
-5
-1
0
0
5
0
4
2
5
0
3
0
-4
-1
-1
-3
-3
-1
-5
-1
-3
-3
-3
-5
-2
-3
-2
-3
2
0
-2
0
-3
1
-2
-1
0
-1
2
-3
0
0
-1
-2
-3
1
1
-1
3
2
5
2
1
3
2
0
-1
2
-2
0
0
-4
0
-3
1
0
1
3
4
6
7
9
3
7
4
6
5
4
8
5
5
1
3
1
-3
-4
-1
-1
-1
-2
-2
0
-2
-2
-3
-3
-6
-4
-8
-8
-10
-10
-12
-9
-6
-12
-9
-8
-8
-9
-12
-7
-5
-7
2
-3
-1
-2
1
4
1
3
2
1
-1
0
1
-1
0
-2
-1
-3
0
-3
-3
0
0
6
6
5
7
13
14
12
12
11
10
11
10
7
6
5
7
3
5
2
5
5
4
3
1
6
2
2
-1
-1
-1
-3
-3
-6
-2
-5
-7
-4
-2
-1
-1
-6
-4
-7
-7
-4
-4
-4
-7
-4
-4
-5
-2
-2
-3
-7
-6
-9
-4
-8
-9
-4
-4
-4
-5
-4
-2
1
0
1
-1
-1
1
2
1
4
3
2
2
3
8
5
6
4
1
1
-2
2
0
-2
-1
1
2
3
1
4
3
2
8
3
1
0
-3
1
3
-1
1
-2
2
2
2
1
-2
0
1
0
3
0
-1
6
5
3
-3
-1
1
-3
1
-3
-2
-1
-2
-1
4
1
6
5
4
5
7
6
4
4
-1
3
-3
0
1
-2
-2
-2
-5
-4
1
-2
-2
-2
2
0
1
1
-2
2
3
3
3
4
0
5
10
6
6
1
3
3
5
3
2
1
1
3
0
-3
2
-2
1
-3
1
-2
-5
-2
-7
-3
-7
-4
-3
-3
-6
-7
-7
-7
-6
-5
-2
-2
-3
-2
-1
-1
-2
-2
1
-1
-1
-2
-2
-2
-3
0
-1
-3
-4
-4
-2
-3
-2
-2
-5
-5
-5
-2
4
2
2
3
-1
2
0
5
5
4
5
5
2
2
2
4
3
4
6
2
1
1
5
4
3
3
7
4
8
5
6
3
-2
0
-1
1
-1
-5
-5
-1
-6
-6
-4
-9
-8
-3
-3
2
-2
0
0
0
8
1
4
-1
1
2
0
1
1
0
-3
-1
0
0
-6
-2
-4
-2
0
-4
-2
-4
-7
-2
-9
-3
-7
-7
-8
-9
-2
-3
-4
-1
-2
0
0
5
0
-2
-1
0
3
-2
2
0
4
0
3
-1
3
1
0
1
-2
1
2
1
1
3
0
3
2
4
7
5
5
4
6
6
6
5
7
5
5
7
8
5
6
0
-3
0
1
-1
-2
-2
-3
-1
-2
0
-2
0
1
0
-1
-3
-2
-2
-5
-6
-2
-6
-2
-7
-4
-5
-8
-6
-6
-2
-3
-1
-2
0
-1
0
0
2
2
3
2
2
-1
-1
2
2
5
3
2
2
-2
-4
0
-1
0
2
4
2
2
1
1
1
1
0
1
1
-1
3
-2
0
-1
-2
-1
-5
-1
0
2
4
0
2
1
0
-1
3
0
0
-2
2
5
-3
-1
-4
0
-5
-4
-1
-2
-2
1
3
6
2
2
4
0
3
0
0
2
3
1
-1
2
3
2
8
8
5
4
7
4
7
4
2
4
0
4
0
3
5
-1
6
2
3
3
0
4
1
0
-1
-2
-8
-5
-5
-1
-2
-4
-2
-6
-4
-2
1
1
0
-1
-2
0
2
3
2
3
-1
0
-1
-4
13
64
107
56
3
1
41
105
98
31
-34
-63
-59
-44
-12
-30
-104
-164
-176
-127
-95
-87
-84
-99
-99
-95
-70
-33
-13
-14
1
23
27
20
19
27
44
64
58
42
25
16
20
30
28
20
1
-24
-15
8
45
76
72
66
81
123
178
250
295
329
344
321
308
333
365
360
281
180
105
47
-24
-95
-141
-221
-318
-426
-480
-475
-495
-524
-529
-505
-486
-458
-398
-320
-250
-204
-114
5
88
137
180
256
313
338
352
375
359
293
232
211
183
101
-1
-90
-159
-229
-295
-335
-374
-440
-472
-466
-443
-401
-372
-311
-223
-146
-63
18
128
221
299
389
478
531
565
600
627
634
623
603
535
460
370
285
200
110
24
-52
-147
-239
-317
-363
-379
-397
-402
-343
-152
57
62
-53
-63
81
311
432
382
240
99
14
33
123
125
-39
-286
-418
-409
-387
-413
-436
-470
-537
-573
-552
-480
-430
-405
-340
-245
-186
-183
-145
-64
88
220
271
283
290
302
339
442
523
499
406
296
275
295
326
344
335
295
193
148
184
295
369
400
462
577
643
557
479
514
650
699
558
329
132
3
-117
-194
-243
-381
-661
-960
-1063
-1028
-1023
-1091
-1108
-1054
-1033
-1061
-995
-793
-606
-486
-370
-177
-29
13
95
287
465
513
481
444
440
387
356
376
368
241
41
-102
-150
-200
-282
-336
-378
-457
-555
-580
-518
-418
-369
-312
-222
-140
-53
66
230
387
503
608
708
779
801
822
892
929
896
843
764
647
538
443
374
304
157
22
-19
39
15
-140
-237
-248
-215
-168
-151
-197
-305
-384
-391
-285
-196
-247
-334
-394
-391
-348
-299
-213
-183
-261
-322
-314
-274
-249
-251
-257
-259
-286
-337
-349
-302
-264
-229
-191
-174
-163
-149
-84
24
175
266
310
316
336
388
460
562
633
661
654
624
645
718
773
767
722
750
867
1025
1064
918
699
628
744
816
649
283
-40
-208
-318
-428
-567
-740
-1037
-1351
-1501
-1438
-1358
-1415
-1489
-1446
-1352
-1271
-1151
-927
-679
-522
-407
-191
52
180
246
378
578
652
581
527
497
443
356
302
278
149
-93
-302
-362
-361
-429
-539
-586
-628
-673
-679
-587
-451
-402
-362
-262
-81
52
154
302
478
649
772
868
956
989
1011
1066
1115
1102
985
850
749
672
548
408
292
254
412
482
177
-207
-394
-249
10
15
-269
-617
-793
-792
-594
-344
-320
-541
-772
-735
-485
-285
-179
-156
-173
-222
-240
-163
-50
-2
-33
-49
-73
-147
-211
-212
-124
-23
19
-48
-100
-110
-66
87
247
341
320
218
155
261
460
670
769
710
581
491
563
730
880
923
986
1149
1169
908
656
713
1050
1160
755
220
-69
-144
-282
-404
-451
-585
-1041
-1568
-1665
-1424
-1329
-1543
-1671
-1520
-1420
-1482
-1441
-1150
-834
-714
-594
-313
-66
-50
-63
213
608
737
615
512
528
470
388
430
497
341
-13
-287
-312
-292
-415
-518
-571
-646
-800
-879
-766
-583
-527
-523
-397
-223
-116
-25
172
445
635
733
844
966
1038
1076
1203
1348
1424
1381
1340
1269
1127
1050
1062
1056
862
478
138
-31
-133
-271
-455
-675
-910
-1062
-1124
-1095
-1057
-1044
-991
-894
-804
-696
-537
-373
-222
-92
34
175
254
282
319
352
357
314
243
203
178
94
-3
-59
-100
-102
-130
-162
-178
-213
-206
-122
-10
71
96
108
186
360
527
623
704
760
759
817
890
1075
1399
1661
1496
981
659
863
1318
1316
758
112
-109
-215
-440
-602
-670
-888
-1416
-1881
-1845
-1574
-1615
-1858
-1866
-1608
-1479
-1545
-1447
-1058
-708
-591
-460
-133
103
99
127
437
778
813
621
513
536
494
393
393
374
134
-251
-493
-480
-465
-574
-701
-774
-872
-993
-981
-784
-621
-576
-547
-388
-195
-70
113
377
650
811
892
1015
1158
1238
1322
1483
1629
1658
1543
1516
1592
1575
1396
1061
834
752
610
295
-136
-493
-720
-847
-960
-1076
-1219
-1403
-1516
-1452
-1205
-1009
-945
-932
-826
-607
-364
-163
-15
135
203
248
315
410
528
554
498
429
373
321
260
206
185
143
8
-131
-227
-242
-212
-189
-181
-139
-70
-34
20
157
350
499
554
553
727
1075
1576
1913
1697
1206
1034
1509
2055
1924
1122
439
357
353
75
-193
-400
-803
-1508
-2006
-1873
-1589
-1821
-2287
-2332
-2047
-1955
-2073
-1944
-1470
-1062
-1005
-845
-414
-66
32
152
597
1009
996
777
775
948
982
858
779
683
372
-51
-254
-227
-302
-582
-896
-1064
-1188
-1360
-1377
-1211
-1106
-1166
-1209
-1034
-753
-483
-261
-39
252
501
734
1007
1232
1447
1733
2012
2014
1825
1822
2024
2347
2309
1799
1276
1017
972
900
653
105
-482
-902
-1078
-1110
-1171
-1334
-1597
-1781
-1759
-1553
-1296
-1132
-1037
-899
-648
-364
-188
-8
227
464
601
655
698
753
806
817
825
783
669
497
342
272
193
49
-93
-199
-312
-464
-526
-517
-453
-395
-346
-237
-85
236
828
1425
1459
998
833
1445
2355
2487
1746
1072
987
1088
940
707
473
-2
-793
-1404
-1373
-1158
-1437
-2003
-2286
-2241
-2246
-2316
-2206
-1891
-1690
-1681
-1485
-1073
-734
-563
-284
142
474
589
686
913
1095
1130
1178
1265
1211
942
654
557
550
357
16
-265
-488
-742
-1011
-1143
-1187
-1317
-1534
-1638
-1522
-1354
-1316
-1273
-1103
-823
-567
-360
-139
124
383
643
915
1203
1412
1505
1646
1957
2175
1911
1578
1762
2235
2370
1864
1118
767
893
893
614
320
-154
-811
-1201
-1120
-922
-1005
-1379
-1651
-1612
-1413
-1243
-1030
-812
-700
-641
-484
-194
40
152
296
494
606
603
510
509
610
679
616
506
401
212
76
71
117
131
-63
-299
-396
-333
-242
-206
-176
-141
-118
-122
-21
256
810
1458
1631
1131
678
955
1845
2391
1901
1022
620
678
640
444
269
-52
-690
-1430
-1663
-1415
-1380
-1815
-2201
-2213
-2122
-2113
-2100
-1859
-1585
-1453
-1283
-932
-589
-427
-264
105
525
732
752
839
975
1012
1051
1176
1240
1005
630
416
424
391
160
-119
-374
-637
-870
-992
-1007
-1083
-1322
-1491
-1433
-1264
-1162
-1154
-1090
-875
-638
-412
-154
78
281
458
712
986
1215
1419
1678
1819
1617
1481
1742
2245
2478
1986
1133
802
1042
1260
1126
614
-144
-673
-784
-656
-553
-743
-1170
-1492
-1514
-1319
-1055
-889
-865
-899
-839
-613
-393
-256
-106
92
279
342
293
296
450
641
704
668
570
412
295
297
402
437
318
58
-133
-167
-59
18
-7
-49
-144
-200
-184
-42
167
471
901
1247
1205
772
590
1113
1934
2117
1403
588
392
605
679
517
242
-294
-1023
-1556
-1478
-1136
-1256
-1799
-2205
-2232
-2130
-2061
-1947
-1711
-1550
-1520
-1386
-1000
-664
-488
-271
105
442
539
547
644
837
980
1084
1188
1118
783
467
428
562
547
270
-105
-377
-590
-709
-733
-742
-871
-1106
-1244
-1180
-1014
-933
-877
-785
-610
-449
-321
-128
116
332
506
733
878
1010
1119
1242
1409
1495
1539
1684
1746
1596
1391
1208
1165
1134
963
622
298
32
-208
-290
-356
-568
-833
-1042
-1089
-1048
-992
-923
-838
-827
-824
-742
-541
-309
-203
-133
-40
48
88
176
334
443
478
405
358
400
406
392
424
444
371
208
76
93
144
166
126
68
-13
-88
-94
5
135
212
213
315
678
1200
1406
1057
659
873
1617
1965
1434
614
359
568
586
301
-41
-355
-889
-1448
-1572
-1351
-1409
-1891
-2245
-2185
-2014
-2052
-2083
-1876
-1575
-1444
-1309
-998
-652
-466
-309
24
387
503
504
635
850
976
979
997
978
805
568
491
532
450
185
-120
-308
-423
-570
-688
-764
-841
-1010
-1120
-1032
-912
-877
-851
-727
-543
-394
-266
-105
154
367
520
702
878
1050
1152
1222
1322
1419
1460
1561
1769
1766
1480
1136
984
1168
1336
1056
463
37
-121
-140
-170
-355
-694
-982
-1176
-1157
-1030
-954
-979
-1047
-1050
-929
-733
-568
-448
-364
-234
-65
67
134
237
348
432
516
522
523
559
541
533
550
533
427
310
211
164
182
143
70
22
-38
-128
-190
-178
-67
65
88
208
595
1050
1133
798
602
1012
1684
1805
1239
665
588
750
681
424
145
-237
-780
-1201
-1223
-1113
-1365
-1860
-2097
-2036
-1942
-2013
-2018
-1880
-1715
-1596
-1406
-1091
-889
-770
-565
-206
66
187
286
455
643
734
773
884
985
876
671
578
574
497
332
146
-12
-201
-398
-578
-633
-710
-841
-908
-918
-886
-933
-947
-800
-535
-357
-294
-253
-88
185
456
695
835
931
998
1108
1299
1441
1431
1350
1490
1843
1969
1551
1084
932
1157
1362
1133
611
146
-168
-381
-325
-257
-518
-1032
-1422
-1388
-1106
-982
-1065
-1108
-1047
-995
-915
-699
-440
-313
-274
-182
21
198
273
336
475
598
633
650
678
671
634
585
578
571
502
392
266
152
28
-18
16
-52
-230
-400
-407
-224
-71
46
339
804
955
620
378
727
1493
1837
1401
757
544
679
714
616
439
102
-499
-1027
-1116
-952
-1049
-1539
-1857
-1838
-1801
-1940
-2057
-1974
-1777
-1587
-1413
-1209
-1111
-1088
-905
-464
-16
194
203
206
332
492
746
989
1048
831
554
503
597
645
545
345
112
-132
-347
-438
-452
-503
-665
-814
-861
-877
-877
-871
-769
-584
-455
-374
-309
-171
19
249
515
753
862
875
946
1105
1330
1432
1428
1439
1628
1956
1871
1358
1089
1190
1474
1474
995
400
66
-78
-194
-126
-237
-758
-1271
-1433
-1185
-930
-999
-1243
-1296
-1200
-1098
-928
-699
-507
-481
-405
-211
2
139
214
360
550
614
575
564
649
714
694
661
619
525
356
220
209
239
172
-57
-265
-330
-264
-246
-351
-386
-308
-200
-17
335
808
999
667
356
674
1514
1924
1453
725
509
751
862
661
409
92
-444
-944
-1035
-854
-958
-1406
-1755
-1768
-1767
-1913
-1979
-1820
-1612
-1575
-1536
-1337
-1172
-1099
-877
-408
-8
62
-46
32
333
567
704
847
888
700
434
444
659
735
527
239
97
-11
-196
-325
-304
-286
-454
-716
-785
-706
-645
-688
-651
-506
-330
-277
-277
-115
162
386
511
637
771
903
1006
1134
1268
1327
1306
1261
1302
1415
1581
1618
1294
1004
932
999
1091
871
413
21
-162
-298
-371
-432
-721
-1048
-1230
-1230
-1160
-1164
-1196
-1119
-989
-948
-905
-735
-543
-394
-246
-90
31
51
84
229
480
620
547
457
451
498
547
622
626
518
369
179
145
243
229
106
-50
-138
-215
-278
-323
-284
-127
-59
-94
38
516
1007
997
589
483
1084
1774
1734
1129
699
769
888
751
568
413
45
-570
-989
-951
-832
-1109
-1543
-1732
-1784
-1939
-2098
-2038
-1813
-1705
-1716
-1612
-1409
-1292
-1187
-879
-449
-181
-155
-135
36
207
369
591
830
813
573
383
477
661
698
578
389
191
-49
-187
-142
-33
-107
-355
-569
-639
-599
-518
-410
-308
-238
-256
-267
-138
113
361
563
693
740
783
883
1059
1218
1298
1295
1244
1221
1291
1441
1498
1326
1044
916
954
1004
897
604
298
63
-78
-137
-187
-379
-734
-983
-1000
-904
-933
-1077
-1140
-1065
-982
-962
-916
-800
-674
-593
-464
-302
-195
-193
-153
24
234
332
288
222
241
314
424
491
477
403
292
232
230
264
281
217
89
-30
-77
-79
-93
-94
-68
-46
-47
-88
-22
270
772
1180
1122
709
503
975
1721
1950
1409
749
615
787
789
587
384
44
-518
-1052
-1151
-948
-1055
-1584
-1990
-2022
-2000
-2071
-2147
-2010
-1824
-1794
-1733
-1496
-1260
-1173
-1049
-705
-296
-121
-124
-49
161
379
561
762
846
724
527
532
731
856
736
506
349
255
143
35
-22
-90
-233
-368
-378
-359
-438
-515
-450
-247
-61
-2
-26
67
313
532
686
802
902
1013
1094
1192
1259
1302
1286
1252
1252
1269
1207
1014
930
1023
1291
1280
825
357
195
379
546
365
-131
-584
-872
-959
-807
-687
-881
-1324
-1630
-1568
-1306
-1119
-1079
-1103
-1117
-1103
-960
-701
-449
-352
-311
-160
48
108
98
177
352
516
540
476
433
388
336
461
598
623
425
121
32
124
273
289
160
-42
-168
-175
-68
57
156
116
173
557
1065
1331
1045
686
898
1667
2142
1792
1049
699
850
989
866
593
237
-314
-921
-1166
-1016
-1004
-1437
-1974
-2170
-2149
-2175
-2262
-2229
-2120
-2071
-2027
-1821
-1535
-1408
-1344
-1090
-689
-413
-316
-222
11
242
432
625
823
868
765
725
831
953
905
744
646
583
428
270
170
153
70
-104
-194
-196
-220
-302
-340
-229
-82
-25
-52
-8
138
323
478
621
775
887
987
1051
1141
1228
1304
1350
1366
1368
1281
1166
1136
1208
1212
1040
729
519
486
441
207
-86
-294
-461
-652
-835
-949
-1034
-1215
-1404
-1422
-1339
-1258
-1252
-1264
-1222
-1095
-922
-736
-567
-477
-434
-347
-159
20
124
154
148
183
267
323
338
303
260
276
315
317
233
189
204
243
273
228
166
162
172
248
314
287
287
305
379
445
454
456
521
625
726
981
1349
1387
952
583
852
1545
1755
1079
260
102
347
346
11
-292
-585
-1099
-1626
-1728
-1456
-1513
-2021
-2375
-2295
-2136
-2193
-2275
-2117
-1888
-1771
-1652
-1365
-1088
-1020
-909
-534
-78
143
122
187
396
567
716
924
1101
1029
792
718
907
1071
1001
798
655
573
418
346
394
399
259
63
4
64
89
30
28
143
248
235
193
251
409
583
719
744
746
742
784
914
1021
1050
964
884
873
855
769
639
545
519
477
348
262
350
376
109
-254
-395
-245
-110
-298
-710
-980
-1027
-1040
-1019
-990
-1041
-1211
-1385
-1332
-1091
-941
-932
-943
-886
-786
-670
-532
-358
-258
-210
-118
27
122
151
240
447
600
617
571
581
685
789
846
847
768
640
554
557
584
548
473
384
312
251
240
259
270
224
147
181
267
326
455
744
990
858
486
402
865
1314
1097
422
39
136
222
-37
-331
-491
-749
-1242
-1622
-1545
-1388
-1582
-2035
-2246
-2175
-2121
-2166
-2088
-1878
-1791
-1819
-1688
-1322
-989
-839
-657
-331
-46
89
238
543
872
997
1076
1215
1378
1375
1307
1363
1507
1530
1352
1144
1020
938
820
709
594
420
155
-44
-91
-73
-134
-261
-358
-355
-309
-326
-337
-262
-142
-47
16
107
221
334
431
544
666
747
786
881
953
1030
1005
992
1113
1155
1012
737
593
616
607
410
74
-199
-400
-565
-729
-870
-1041
-1248
-1458
-1556
-1529
-1522
-1534
-1545
-1529
-1428
-1257
-1072
-887
-745
-572
-365
-147
41
203
397
557
689
809
905
947
962
956
961
976
966
899
757
616
514
437
403
312
141
-54
-158
-208
-250
-259
-261
-259
-267
-239
-172
-69
23
116
219
345
469
718
1097
1250
1008
617
657
1140
1418
1013
297
3
73
-10
-358
-614
-750
-1145
-1701
-1976
-1809
-1706
-2007
-2341
-2361
-2176
-2110
-2104
-1915
-1650
-1494
-1345
-982
-551
-363
-257
53
519
868
1021
1132
1324
1456
1503
1677
1905
1901
1632
1388
1367
1427
1319
1041
802
603
371
126
-30
-132
-291
-534
-708
-735
-719
-764
-865
-832
-696
-538
-447
-398
-316
-128
119
337
520
634
740
839
945
1086
1186
1243
1206
1128
1060
1004
954
867
732
629
565
438
161
-197
-442
-475
-444
-614
-987
-1316
-1467
-1487
-1455
-1383
-1378
-1445
-1533
-1490
-1239
-927
-713
-572
-423
-266
-119
79
344
532
626
693
777
877
884
836
802
800
797
719
638
490
340
208
195
251
230
62
-143
-220
-190
-144
-112
-122
-135
-139
-144
-89
0
113
186
251
312
325
294
339
443
568
624
718
841
731
367
86
279
701
722
116
-528
-676
-514
-506
-722
-885
-1029
-1369
-1731
-1777
-1435
-1211
-1378
-1568
-1505
-1311
-1224
-1099
-811
-480
-330
-297
-156
75
278
454
693
911
970
923
906
1004
1079
1112
1137
1113
966
697
564
599
636
517
289
110
-32
-160
-238
-223
-173
-252
-415
-513
-470
-366
-316
-281
-249
-176
-140
-88
2
109
198
254
325
372
430
477
495
487
471
477
519
505
414
307
202
163
165
181
211
168
-1
-206
-238
-96
25
-49
-225
-383
-433
-379
-323
-252
-264
-363
-458
-455
-373
-348
-317
-233
-181
-212
-291
-258
-136
-37
-21
-36
25
39
-10
-26
87
202
229
180
116
118
124
164
278
392
341
179
96
183
312
338
296
237
162
72
-20
0
66
37
-89
-199
-259
-275
-270
-231
-182
-189
-236
-232
-130
5
173
420
534
395
171
241
691
1002
799
285
72
225
344
224
39
-85
-256
-552
-727
-653
-548
-701
-975
-1044
-965
-936
-972
-908
-792
-730
-711
-596
-390
-293
-285
-178
75
266
302
329
422
520
552
591
742
841
718
523
494
593
612
498
330
239
133
10
-108
-153
-216
-361
-469
-513
-513
-578
-625
-651
-580
-491
-474
-440
-387
-328
-242
-106
65
211
253
246
291
410
577
726
786
755
709
665
696
786
850
803
672
537
539
640
669
491
228
131
213
284
163
-89
-259
-311
-289
-333
-382
-465
-590
-680
-654
-540
-518
-566
-626
-593
-494
-431
-364
-320
-289
-296
-267
-164
-63
-26
-55
-52
29
101
106
84
73
81
115
139
152
124
27
-48
-39
51
125
90
-45
-148
-188
-131
-43
-1
-38
-113
-135
-42
121
254
295
313
351
448
549
579
644
812
1069
1170
1021
761
661
882
1134
1052
643
297
230
231
99
-113
-264
-383
-652
-944
-1076
-1038
-1064
-1216
-1303
-1293
-1281
-1345
-1367
-1276
-1112
-985
-889
-773
-686
-677
-603
-377
-107
31
37
34
90
131
209
368
506
462
322
250
311
420
430
364
311
225
139
65
51
77
26
-50
-127
-153
-166
-212
-207
-131
-93
-55
-42
30
125
204
251
326
445
576
675
725
732
780
844
911
983
972
906
809
760
751
729
654
555
454
339
255
201
236
215
25
-239
-383
-289
-189
-304
-592
-793
-784
-703
-687
-720
-792
-906
-988
-922
-749
-637
-655
-696
-677
-572
-434
-359
-287
-232
-200
-154
-43
91
125
127
171
223
282
297
309
347
372
372
365
399
428
398
369
363
375
357
320
278
229
188
163
188
204
168
107
74
100
189
250
249
244
265
245
250
295
354
408
394
390
434
501
500
358
217
233
339
323
101
-165
-269
-297
-373
-521
-657
-755
-908
-1085
-1182
-1173
-1160
-1268
-1365
-1339
-1316
-1289
-1284
-1193
-1059
-956
-881
-780
-637
-527
-415
-265
-60
103
199
263
350
471
555
673
793
848
805
763
784
881
906
846
774
748
720
636
566
517
513
448
354
290
215
146
77
52
46
-2
-65
-132
-137
-100
-90
-55
-29
2
36
68
109
151
252
325
378
400
397
393
416
445
471
464
415
366
286
218
154
111
82
94
142
95
-91
-347
-438
-296
-107
-124
-428
-731
-800
-700
-555
-519
-587
-692
-794
-755
-595
-418
-341
-320
-272
-188
-105
-23
102
231
299
346
398
448
467
436
454
511
560
513
374
294
263
241
202
159
82
-67
-214
-261
-229
-221
-290
-409
-495
-499
-482
-475
-448
-431
-417
-414
-362
-232
-106
-43
-13
57
185
290
385
450
521
553
585
636
708
771
713
571
443
425
465
458
303
68
-118
-227
-268
-315
-401
-515
-685
-812
-872
-877
-882
-918
-949
-943
-942
-946
-900
-818
-710
-634
-577
-478
-372
-288
-218
-94
71
211
278
308
393
503
583
630
674
706
728
698
649
646
675
678
615
528
474
441
407
341
285
240
193
145
74
26
-20
-42
-62
-84
-79
-92
-101
-102
-95
-76
-36
0
28
49
43
95
163
185
201
228
275
290
295
294
309
325
335
316
301
276
249
205
250
335
340
267
114
10
-3
55
79
-29
-214
-429
-529
-533
-495
-526
-691
-828
-905
-876
-817
-781
-768
-794
-802
-753
-659
-569
-513
-466
-391
-268
-129
-32
33
78
130
227
320
393
426
424
405
409
421
441
449
444
404
315
269
250
234
217
201
155
90
37
49
115
140
118
82
85
144
175
157
162
193
234
257
260
271
271
237
246
302
307
279
237
223
193
120
64
75
101
12
-154
-282
-285
-250
-276
-383
-481
-547
-622
-674
-652
-615
-684
-790
-862
-835
-804
-801
-790
-735
-665
-663
-645
-567
-438
-309
-192
-120
-27
43
136
300
450
550
575
622
712
798
870
899
923
942
927
884
860
844
783
719
659
596
508
372
263
206
155
54
-62
-149
-226
-295
-360
-370
-379
-390
-406
-407
-364
-358
-326
-303
-235
-177
-126
-92
-86
-63
-22
16
54
85
58
-1
-28
-31
-20
1
31
104
100
-24
-177
-198
-46
100
101
-113
-318
-357
-256
-144
-104
-179
-338
-395
-323
-206
-164
-185
-216
-170
-98
-40
-7
21
75
140
224
298
310
270
253
290
387
447
415
329
268
248
272
297
301
214
119
35
40
77
56
-4
-98
-145
-162
-139
-136
-147
-204
-237
-217
-149
-99
-113
-118
-81
5
45
61
44
65
89
93
118
110
121
105
75
75
72
51
19
17
5
6
-8
-38
-39
-59
-78
-74
-60
-32
-57
-82
-115
-105
-88
-88
-87
-97
-124
-168
-179
-160
-138
-189
-212
-211
-196
-213
-230
-247
-235
-223
-227
-207
-181
-191
-215
-211
-152
-78
-56
-65
-71
-41
-9
30
58
79
66
68
79
121
167
181
172
172
182
189
192
199
180
171
160
163
176
163
149
113
112
110
95
71
56
67
69
79
63
54
45
40
57
50
68
52
54
34
41
85
106
138
112
96
97
119
158
227
275
234
154
117
150
239
276
227
132
70
65
91
114
70
-5
-47
-61
-62
-73
-103
-151
-187
-166
-130
-131
-197
-263
-275
-248
-225
-228
-268
-299
-347
-367
-352
-328
-304
-330
-311
-303
-272
-241
-223
-177
-130
-67
-39
4
41
91
136
182
224
244
256
260
270
298
331
331
315
279
251
243
263
235
194
157
103
86
79
92
62
41
5
-11
11
10
-4
-45
-57
-32
-30
-26
-32
-46
-45
-67
-79
-93
-106
-97
-97
-104
-137
-180
-183
-176
-160
-170
-203
-232
-273
-281
-265
-260
-256
-267
-279
-280
-281
-265
-238
-192
-163
-152
-133
-111
-56
-6
41
77
98
88
92
130
178
218
208
195
179
171
186
181
180
168
161
161
153
135
112
91
101
101
98
74
43
35
22
40
52
54
26
28
41
57
69
61
65
68
96
87
92
102
97
89
82
90
89
116
102
72
61
52
61
64
28
24
30
8
9
-4
17
30
4
1
-14
0
15
27
38
41
39
42
39
55
70
79
74
63
52
30
30
28
23
-7
-39
-71
-66
-61
-73
-87
-97
-103
-89
-76
-81
-84
-54
-34
-16
-26
-24
-21
-22
-12
-3
13
-19
-44
-77
-97
-106
-114
-92
-105
-149
-206
-247
-234
-215
-207
-203
-219
-246
-262
-250
-210
-185
-160
-157
-171
-154
-133
-109
-84
-34
6
27
40
27
40
71
135
190
205
183
149
150
188
215
220
216
173
138
140
150
140
123
78
49
23
12
8
-16
-31
-55
-62
-72
-62
-46
-50
-69
-69
-30
0
8
13
18
25
54
72
102
128
134
145
149
142
153
175
184
188
164
158
145
140
132
107
93
85
64
40
15
-14
-8
-15
-35
-39
-54
-75
-89
-90
-76
-47
-52
-75
-121
-123
-101
-99
-85
-107
-134
-124
-105
-66
-41
-58
-68
-79
-59
-45
-39
-33
-37
-48
-46
-65
-71
-72
-63
-51
-60
-75
-95
-93
-72
-58
-55
-57
-60
-51
-58
-70
-55
-21
24
48
24
10
19
55
96
112
117
83
74
70
97
119
102
74
53
45
40
52
48
40
1
-3
-8
1
-5
-21
-23
-48
-33
-43
-35
-41
-42
-40
-31
3
4
5
12
15
39
34
53
78
92
100
103
111
122
103
106
126
125
106
59
59
56
59
25
13
-20
-40
-47
-76
-91
-126
-135
-160
-154
-165
-165
-187
-202
-183
-161
-155
-140
-133
-114
-84
-69
-27
-16
30
49
68
97
129
154
166
182
199
193
185
187
190
216
206
172
137
106
104
110
92
72
34
-10
-35
-51
-58
-68
-108
-137
-151
-136
-139
-156
-157
-174
-147
-139
-133
-113
-82
-63
-61
-28
-6
24
30
27
40
59
77
66
52
50
29
37
28
5
-20
-44
-68
-98
-93
-103
-131
-149
-170
-167
-160
-144
-128
-141
-145
-115
-80
-53
-42
-35
-10
24
50
83
98
120
138
156
169
174
176
180
187
193
193
173
156
142
155
160
152
134
117
97
81
81
93
76
64
29
15
0
-22
-23
-44
-63
-91
-108
-120
-106
-102
-111
-109
-115
-121
-111
-106
-98
-79
-72
-52
-53
-43
-34
-21
9
4
2
-4
6
14
16
25
30
12
4
-3
17
28
37
26
9
25
22
27
14
27
35
22
7
-8
-25
-21
-11
-22
-25
-41
-51
-30
-34
-42
-14
-4
-7
4
7
11
15
25
39
31
25
2
17
30
53
45
21
-1
1
19
6
-13
-46
-48
-60
-51
-72
-92
-108
-113
-105
-109
-86
-86
-74
-90
-76
-52
-36
-6
-3
14
24
26
41
66
76
85
83
96
93
94
103
106
106
86
86
73
56
27
-5
-12
-7
-8
-31
-62
-85
-113
-88
-71
-73
-78
-97
-90
-81
-50
-33
-18
-1
5
3
17
30
67
78
93
92
100
115
126
147
158
171
171
157
146
152
147
137
133
117
89
53
27
14
18
-5
-36
-66
-87
-98
-122
-125
-151
-156
-162
-177
-177
-185
-190
-193
-170
-162
-140
-118
-103
-79
-58
-50
-46
-20
15
37
63
66
76
93
79
97
112
104
101
60
42
37
39
29
-5
-22
-33
-40
-63
-78
-82
-80
-74
-81
-70
-61
-43
-26
-10
9
3
17
43
59
70
68
67
78
102
112
119
123
113
100
85
71
67
49
36
10
-4
-24
-50
-69
-85
-78
-91
-112
-126
-128
-121
-108
-100
-93
-98
-90
-68
-45
-26
-35
-19
2
21
32
45
68
80
96
88
107
126
136
137
130
125
116
113
104
107
96
79
58
20
19
19
0
-1
-15
-29
-46
-46
-44
-42
-34
-38
-29
-34
-45
-37
-26
-5
-4
-7
-19
-24
-15
-3
16
15
1
-10
-10
-5
12
7
9
-8
-11
-8
-6
-11
-20
-37
-62
-68
-78
-64
-70
-73
-63
-76
-65
-65
-68
-61
-76
-57
-54
-50
-43
-60
-54
-58
-48
-56
-50
-28
-45
-33
-30
-14
-5
12
25
19
36
51
56
57
62
76
93
97
95
79
94
110
104
93
89
90
85
63
56
51
42
34
30
14
9
8
3
16
11
7
-5
-7
-26
-25
-27
-33
-26
-30
-34
-42
-28
-29
-25
-20
-37
-33
-32
-23
-33
-19
-11
-17
-12
-12
-11
-19
-30
-40
-39
-40
-50
-58
-59
-71
-74
-66
-48
-47
-38
-27
-14
6
20
39
62
92
107
115
130
145
150
162
172
162
158
156
140
141
132
107
89
58
43
31
13
-16
-36
-61
-75
-95
-103
-102
-125
-139
-147
-149
-148
-155
-162
-154
-150
-128
-134
-136
-121
-115
-70
-60
-35
-37
-32
-18
-3
16
32
40
7
0
7
26
34
30
20
10
-3
15
8
-1
-9
-16
-14
-12
-11
-24
-13
-16
-8
-5
14
15
18
35
40
64
69
74
69
70
84
92
82
79
87
85
95
80
75
71
60
54
40
36
16
-10
-27
-21
-32
-42
-50
-58
-58
-59
-57
-53
-41
-44
-41
-30
-19
-9
6
9
16
13
17
32
42
49
49
41
52
50
38
50
48
50
38
29
16
17
33
20
18
6
-5
-15
-18
-20
-24
-14
-8
-21
-27
-33
-20
-7
-6
10
4
9
4
18
25
30
33
32
28
18
19
1
-5
-6
-9
-28
-52
-63
-73
-80
-85
-99
-99
-99
-99
-109
-117
-108
-96
-80
-66
-68
-64
-47
-30
-24
-23
-10
-3
4
4
3
14
15
17
25
16
21
26
30
33
22
18
23
21
15
12
7
-3
-9
-10
-14
-27
-17
-16
-7
11
-4
3
20
34
50
62
73
80
89
99
114
117
121
119
119
119
105
100
94
89
69
49
32
19
13
-17
-30
-43
-50
-69
-87
-99
-103
-95
-105
-103
-108
-101
-87
-85
-82
-61
-49
-23
-22
-18
-12
2
35
42
51
36
44
54
64
75
72
64
66
67
63
59
44
31
32
17
20
15
5
-2
-18
-18
-24
-27
-28
-29
-33
-29
-30
-8
-6
-11
-10
-11
-11
2
10
12
15
-1
2
-11
-7
-12
-16
-22
-23
-13
-28
-31
-36
-39
-48
-35
-51
-61
-89
-99
-100
-93
-99
-116
-121
-128
-115
-118
-111
-94
-75
-70
-45
-26
9
29
39
53
68
97
113
127
137
123
136
133
132
138
128
126
101
101
91
88
65
48
35
29
21
-2
-24
-35
-32
-45
-46
-56
-53
-63
-72
-61
-43
-39
-25
-19
-4
4
7
30
45
63
64
73
70
79
76
77
74
66
57
45
32
7
4
-24
-37
-37
-52
-61
-65
-66
-83
-87
-86
-71
-72
-61
-58
-48
-38
-25
-10
2
28
38
43
39
52
67
69
68
66
67
63
66
76
70
64
44
37
28
22
12
-6
-19
-34
-40
-48
-67
-75
-83
-92
-100
-91
-97
-91
-80
-83
-82
-78
-64
-55
-47
-40
-35
-37
-37
-29
-21
-11
-11
-18
-17
-16
-12
-7
1
4
-9
-16
-17
-25
-4
-14
-26
-26
-36
-37
-31
-28
-26
-24
-16
8
11
16
30
46
67
76
84
104
104
115
125
117
120
105
107
112
102
94
79
75
55
47
29
15
17
-2
-4
-21
-31
-38
-44
-40
-45
-36
-32
-26
-30
-26
-15
-11
9
9
9
12
9
14
10
22
26
11
13
11
4
-3
-8
-10
-2
-7
-6
-13
-16
-17
-32
-22
-25
-20
-32
-41
-34
-38
-32
-31
-28
-33
-35
-30
-29
-13
-12
-14
-5
-6
-12
-4
5
9
7
-7
0
-2
-9
-11
-14
-13
-11
-16
-22
-24
-20
-16
-14
-11
-10
-9
-15
-12
-9
-10
1
-2
-13
-6
-6
-7
-16
-12
-6
-19
-18
-17
-20
-13
-16
-19
-15
-13
-17
-27
-27
-25
-26
-17
-6
-3
5
0
5
9
24
32
23
30
39
38
51
55
58
65
67
80
72
78
84
99
90
93
82
70
66
59
52
38
31
17
1
-14
-3
0
-7
-21
-33
-40
-51
-47
-56
-58
-64
-67
-75
-71
-60
-53
-55
-50
-36
-27
-19
-8
-15
5
15
8
19
14
20
12
17
18
14
14
6
-2
-7
-11
-15
-13
-12
-1
-12
-22
-17
-23
-11
-6
6
7
10
7
18
35
43
50
45
61
52
55
51
50
67
55
45
36
25
18
12
-5
-9
-20
-33
-44
-55
-60
-75
-78
-73
-91
-91
-90
-86
-97
-95
-84
-82
-73
-79
-68
-66
-47
-30
-30
-28
-19
5
14
20
19
29
26
37
48
49
44
36
30
29
25
23
28
22
22
8
-3
-2
8
14
16
-6
2
9
18
38
34
39
35
46
50
61
71
78
84
77
81
78
86
82
73
76
72
57
44
38
22
12
6
2
-10
-21
-26
-38
-38
-45
-55
-61
-69
-72
-82
-83
-76
-79
-78
-76
-68
-64
-60
-48
-40
-27
-18
-11
-11
-8
7
16
22
23
23
23
32
21
25
28
23
30
20
12
3
-1
-5
-5
0
-12
-5
-7
-7
-8
-4
1
-5
1
-11
2
7
6
1
3
6
14
5
-4
5
-1
9
3
-6
-6
-4
-10
-21
-25
-26
-29
-30
-28
-37
-42
-40
-27
-22
-30
-25
-25
-14
-14
-2
-9
-17
-10
-8
4
19
17
21
21
21
29
39
35
42
31
30
42
36
42
28
32
36
34
40
37
31
29
26
21
18
19
25
23
13
3
13
18
17
12
13
11
19
17
34
27
27
32
24
30
22
27
14
18
14
7
-8
-11
-17
-18
-12
-19
-28
-36
-48
-49
-73
-76
-83
-92
-84
-85
-91
-97
-94
-86
-68
-61
-60
-63
-39
-29
-28
-15
9
2
19
33
34
53
51
59
59
66
60
56
60
65
58
56
46
34
44
26
27
14
9
9
-1
0
-5
-6
0
-4
-11
-4
-7
-13
-16
-17
-15
-22
-22
-23
-14
-12
-14
-9
-21
-15
-15
-20
-5
-7
-11
-22
-27
-20
-14
-15
-20
-19
-37
-35
-37
-31
-25
-35
-36
-35
-24
-15
-16
-15
-12
-4
2
9
15
22
32
30
39
49
43
51
47
61
54
54
63
55
64
52
47
54
51
43
38
26
31
13
11
6
-2
-1
-13
-15
-21
-20
-25
-22
-25
-29
-31
-26
-30
-24
-24
-23
-17
-17
-13
-7
-1
-3
6
5
11
14
15
10
6
7
6
11
2
-4
-10
-15
-15
-19
-21
-22
-25
-21
-22
-19
-20
-24
-21
-17
-19
-12
-3
1
-1
-1
6
9
19
16
19
7
2
10
5
8
12
16
8
3
-7
7
-1
-7
2
4
0
-2
-8
-8
4
-13
-8
-12
-6
-4
-16
-11
-9
-4
1
-7
-4
-7
-5
-1
-2
8
3
5
3
10
3
8
9
3
7
-2
3
-3
-5
12
6
6
0
0
-9
-5
7
4
2
0
15
17
20
28
18
21
20
26
29
23
33
23
28
25
23
21
9
18
12
10
5
3
7
-5
-7
-19
-20
-10
-20
-27
-29
-30
-21
-20
-31
-28
-27
-33
-36
-24
-23
-26
-29
-26
-17
-21
-10
-12
-8
-13
-8
-1
-1
2
4
11
11
11
9
13
14
18
11
10
2
3
-3
-3
-2
-6
-13
-11
-11
-9
-18
-15
-14
-10
1
-5
-8
-1
3
-3
7
12
6
12
14
11
13
11
14
12
19
20
9
4
-6
-8
0
-7
1
-7
-12
-7
-7
-7
-12
-15
-17
-19
-18
-13
-18
-17
-9
-1
-2
0
2
1
-1
-6
1
5
2
8
5
7
8
14
15
22
21
13
21
26
35
36
37
40
44
32
38
31
38
38
33
31
23
21
16
23
12
6
9
-8
-5
-9
-1
-5
-26
-28
-29
-21
-26
-27
-28
-29
-34
-30
-28
-29
-23
-29
-34
-25
-26
-22
-22
-25
-23
-20
-15
-16
-15
-10
-12
-20
-16
-18
-7
-13
-18
-11
-8
-4
-9
-12
-6
3
1
-1
4
4
15
14
18
25
29
30
23
24
27
28
16
22
20
22
29
26
15
15
20
14
14
8
3
-4
-5
-5
-6
0
-16
-13
-11
-12
-18
-13
-12
-12
-13
-3
-10
-18
-13
-22
-6
-2
5
8
8
13
9
19
17
13
20
15
20
18
8
7
3
5
2
1
-1
4
15
7
7
-6
-3
-3
2
5
-5
3
-5
-3
-5
-2
5
6
13
12
12
11
4
13
9
7
8
3
-2
-8
-1
5
9
1
-2
-3
-7
1
-9
-11
-14
-19
-22
-26
-29
-24
-30
-24
-30
-36
-23
-23
-22
-18
-14
-13
-9
-11
-6
1
11
13
14
15
10
16
15
14
9
4
0
5
-8
-3
-4
-12
-8
-1
0
6
7
7
13
20
17
23
16
8
6
3
9
12
8
3
5
0
3
7
21
9
7
11
8
16
8
0
2
-6
-3
-3
-13
-21
-25
-28
-30
-32
-33
-25
-27
-28
-26
-29
-23
-25
-33
-36
-36
-27
-32
-31
-25
-18
-14
-9
-7
0
3
9
5
7
17
16
24
21
23
24
26
32
36
37
39
37
32
31
30
35
38
32
39
35
40
41
34
35
34
29
33
31
31
28
10
3
1
-1
7
-1
-8
-15
-13
-2
-6
-7
-4
-10
-15
-9
-12
-14
-15
-12
-24
-18
-25
-31
-26
-30
-24
-22
-20
-28
-25
-20
-23
-21
-24
-15
-20
-19
-10
-17
-12
-24
-27
-27
-28
-19
-26
-21
-11
-10
-9
-1
2
0
3
-1
8
1
10
10
16
14
9
11
14
14
16
21
24
26
24
28
23
22
24
23
17
12
11
5
9
4
3
0
-2
0
-10
-17
-14
-15
-12
-15
-15
-18
-13
-2
-2
-4
3
-4
-8
1
4
11
15
14
13
23
25
22
27
21
26
17
18
18
9
6
-4
0
-6
-2
-17
-13
-17
-16
-15
-28
-15
-22
-22
-22
-18
-15
-13
-17
-23
-19
-16
-11
-9
0
1
8
12
11
13
26
37
41
28
22
25
22
19
23
18
17
6
7
3
3
7
-4
-8
-19
-25
-26
-25
-35
-34
-34
-28
-27
-29
-17
-12
-10
-9
-9
-13
-6
-3
-2
-8
0
2
12
7
9
10
13
9
8
13
6
16
2
7
3
-2
-4
-9
-11
-15
-11
-8
-11
-8
-8
-11
0
1
1
6
1
4
1
-5
4
3
7
6
13
10
17
28
21
24
18
19
15
10
4
4
5
-3
0
-5
-12
-13
-12
-2
-8
-8
-4
-15
-9
-6
-9
-9
-6
-1
4
5
11
4
11
14
9
11
5
16
6
7
7
3
3
11
12
5
9
6
6
7
4
-4
-2
0
-9
-12
-13
-13
-17
-7
61
102
59
-33
-72
3
80
38
-75
-124
-87
-27
-31
-80
-129
-111
-53
-34
-48
-59
-57
-42
1
27
25
17
18
44
49
23
18
29
69
59
31
24
44
76
70
63
61
72
38
34
127
257
228
51
-74
-2
161
137
-79
-248
-198
-101
-116
-234
-313
-249
-135
-113
-141
-126
-55
2
-22
-46
34
157
196
147
117
133
166
199
202
202
173
147
144
126
86
62
30
-21
-55
-35
-11
-50
-128
-183
-175
-159
-148
-146
-133
-143
-142
-145
-137
-108
-65
-36
-14
-5
24
44
52
65
61
83
93
127
139
120
89
39
17
43
91
81
36
-24
-47
-26
-4
-28
-64
-79
-70
-46
-53
-63
-71
-70
-73
-67
-54
-44
-17
-34
-59
-63
-35
2
15
16
10
35
44
37
33
27
49
49
50
52
63
78
60
28
32
39
50
61
39
4
1
16
29
29
34
44
28
24
12
17
9
-3
-19
-31
-36
-34
-28
-38
-38
-48
-49
-42
-22
-16
-16
-6
2
9
6
18
27
24
24
16
14
24
17
-5
-3
2
15
25
12
-14
-22
-29
-21
-18
-10
-6
-24
-37
-50
-41
-31
-27
-23
-27
-41
-33
-16
-19
-24
-23
-19
-11
-5
-3
-3
-1
1
10
17
22
25
20
26
19
24
35
28
31
27
17
26
25
9
20
1
2
-6
-7
0
-4
5
-3
-5
-4
4
10
3
6
-3
-5
-8
-3
6
0
-9
-5
1
-3
9
5
8
-4
-11
-3
-6
11
-2
-15
-22
-23
-3
1
-6
-22
-12
1
9
8
2
-3
7
10
11
4
1
12
10
5
-2
-3
-7
7
6
1
-9
-15
-16
-6
4
-6
-15
-25
-11
12
18
3
-8
-12
4
9
19
12
0
15
13
24
15
14
14
11
16
11
20
19
13
2
1
-6
-15
-6
-5
-7
-17
-25
-27
-20
-18
-20
-32
-23
-21
-13
-12
-20
-17
-14
-1
-1
-2
-9
-10
-9
-1
5
4
9
21
32
40
32
32
21
29
24
32
32
26
14
-1
10
16
11
3
-1
0
-11
-7
-13
-15
-8
-15
-11
-21
-12
-18
-22
-20
-19
-19
-9
6
10
12
10
7
6
7
18
16
10
6
9
22
20
15
8
5
11
14
13
5
-9
-7
-2
-6
-10
-3
-12
-19
-20
-19
-18
-19
-13
-24
-12
-15
-12
-13
-8
-7
-20
-9
-8
-13
-12
-3
-13
-4
-6
3
-2
-8
-1
-9
-8
-11
-18
-11
-22
-22
-13
-8
0
-2
-5
-6
-7
0
2
-2
6
12
19
10
22
29
30
22
21
23
29
37
33
34
16
25
30
31
35
12
12
10
18
21
9
-3
-10
-21
-14
-5
-1
4
-16
-8
-7
-1
7
8
9
0
-1
-2
2
-3
1
0
-11
-13
-12
-4
-11
-16
-22
-31
-22
-18
-10
-22
-20
-17
-16
-8
-11
-10
-23
-20
-19
-13
-16
-29
-21
-10
-5
-11
-7
-11
-1
10
3
-7
9
26
36
35
24
30
36
53
50
35
37
30
27
26
13
0
10
9
-1
-15
-15
-4
-3
-3
-14
-4
3
-10
-9
-3
10
2
-11
-23
-18
0
-5
-13
-21
-12
-6
-8
-19
-11
-2
-2
0
0
-2
2
8
3
7
4
2
-2
-10
-17
-17
-20
-28
-27
-14
-16
-18
-27
-33
-24
-13
-15
-21
-14
-4
8
12
8
14
18
22
19
18
24
30
36
26
32
26
17
-1
9
2
-8
-4
-7
1
5
6
1
0
-2
6
8
9
6
10
8
9
16
29
15
11
8
9
16
-2
-6
0
9
14
12
8
10
0
-14
-18
-12
-21
-32
-33
-26
-20
-21
-25
-15
-14
-13
-16
-30
-17
-11
-6
2
12
13
21
18
10
6
5
16
12
4
2
12
10
6
5
5
3
7
7
-2
-8
-12
-6
-1
-1
-9
-8
2
-5
-6
1
2
3
1
-6
-3
4
4
0
-5
-7
-6
1
0
-3
-6
-5
-10
-13
-12
-13
-5
-1
-13
-22
-30
-17
-10
-20
-26
-21
-10
-11
-7
-14
-17
-16
-23
-25
-17
-3
4
-6
5
13
17
22
19
18
16
29
34
33
11
4
11
20
31
24
17
25
32
31
19
24
29
24
30
15
4
24
15
4
6
-7
3
3
11
6
-3
-2
-2
9
10
12
13
6
4
17
24
24
16
-2
-10
-3
-10
-6
-21
-34
-31
-36
-28
-30
-32
-34
-34
-22
-22
-20
-15
-17
-11
-6
-11
-13
-7
-6
2
3
0
10
14
14
10
1
5
18
24
21
16
7
-3
-1
-2
-9
-9
-25
-25
-12
-5
-12
-23
-27
-16
-3
6
-7
-9
-9
-11
2
-3
5
-4
-6
-5
-8
-15
-6
-7
-11
-11
-14
-7
-6
5
-4
-10
-14
-3
8
1
-1
-11
-5
0
-1
2
7
13
17
13
15
26
29
26
11
10
24
25
34
19
21
17
16
26
19
26
14
29
13
6
20
24
30
7
17
16
19
27
21
4
-5
-4
1
5
-21
-15
-16
-15
-14
-19
-8
-12
-6
0
0
-1
-8
-14
-15
-6
-7
-3
0
-12
-17
-19
-14
-10
-10
-15
-15
-8
-12
-10
-8
-17
-15
-16
-16
-13
-3
-2
-10
-12
-10
1
-5
-9
-7
-11
-6
-3
-10
-19
-15
-5
4
-1
-1
10
21
12
5
-1
-4
8
10
1
-7
-18
-14
-12
-11
-14
-2
3
-3
-4
6
7
-3
3
-3
8
15
19
8
4
18
18
25
15
12
12
15
11
-5
-15
-3
7
-5
-4
-9
0
2
-9
-4
-13
-7
-12
-20
-5
-9
-1
-5
-11
-13
-15
-12
-12
0
9
4
8
9
18
23
21
32
41
33
35
36
27
29
19
24
14
11
9
-2
-6
-16
-14
-20
-25
-25
-26
-23
-14
-25
-19
-14
-16
-11
-12
-12
-7
-5
-8
2
2
4
9
17
29
21
10
11
15
13
16
14
12
8
10
5
-6
-3
-1
4
-11
-24
-31
-25
-18
-21
-27
-24
-15
-6
0
-6
5
6
10
9
2
11
9
13
9
14
12
10
14
4
10
0
7
14
-2
9
8
15
14
-5
-7
-10
-14
-10
-13
-9
-21
-12
-19
-21
-23
-29
-15
-18
-10
-10
-9
-13
-10
-7
-5
-1
4
10
8
7
5
5
3
17
28
17
12
13
12
20
16
14
7
12
17
12
2
-1
6
1
1
4
7
5
-5
2
8
14
9
5
1
1
-4
0
-9
-14
0
0
-3
-3
1
-4
1
-11
1
-7
-4
10
3
6
3
-1
0
-6
