SAMPLES:	23231
BITSPERSAMPLE:	16
CHANNELS:	1
SAMPLERATE:	16000
NORMALIZED:	FALSE
1
-3
1
0
6
4
3
5
-3
0
-2
-2
-3
-5
-3
-7
-5
-7
-5
-1
-1
-5
-3
-5
-6
-3
-5
-10
-10
-10
-9
-9
-10
-8
-8
-7
-7
-7
-9
-5
-3
5
4
7
4
4
9
11
16
18
13
8
10
13
18
14
16
15
11
12
11
13
9
4
4
3
4
3
1
0
0
-2
0
-2
-1
1
-2
2
2
-2
-2
-5
-8
-7
-10
-9
-13
-14
-17
-12
-14
-13
-9
-10
-10
-9
-12
-9
-12
-10
-8
-5
-1
1
3
3
3
9
7
7
8
8
8
3
1
1
2
-1
5
2
3
0
-4
0
0
4
9
8
11
6
6
8
10
10
7
7
6
3
2
7
4
5
4
1
3
0
0
-2
1
0
-1
5
3
6
10
9
8
4
3
8
9
6
4
-6
-2
0
0
0
1
-4
-2
-1
-4
-1
-4
-2
-3
-1
-4
-1
-6
-3
-8
-3
-2
-6
-4
-3
0
1
1
3
4
3
3
2
0
-2
-2
1
-1
-1
2
-3
-1
-1
1
2
2
1
2
2
4
4
7
3
0
-2
-2
-5
-4
-3
-5
-5
-3
-2
0
0
0
2
2
3
-1
4
2
3
5
5
4
7
5
4
0
4
4
1
3
1
0
-4
-2
-2
4
1
1
-1
-6
-9
-9
-8
-6
-4
-6
-4
-2
2
2
-1
1
-2
-1
2
2
4
0
3
6
2
3
2
3
0
-2
-2
-3
-3
-3
-4
-5
-5
0
-5
-6
2
0
2
8
8
9
6
6
7
6
6
4
4
0
1
-8
-5
-9
-9
-8
-10
-9
-7
-3
-2
1
4
2
6
4
0
3
-4
0
-1
-2
-2
-5
-3
-3
-3
1
0
-1
-1
0
-3
-3
-4
-6
-7
-3
-4
-7
-2
-5
-5
-5
-5
-7
-5
-9
-6
-5
-5
-6
-7
-5
-6
-4
-5
-4
-5
-2
-3
-4
-5
-9
-7
-10
-6
-9
-11
-8
-5
-3
-3
-2
-1
-4
1
3
-1
-2
4
3
1
8
4
4
3
6
6
4
8
5
5
8
11
12
16
14
14
17
17
15
16
14
17
18
18
17
17
15
12
12
11
9
12
15
8
8
4
6
2
4
4
1
0
0
0
-3
-3
-3
-2
-3
-2
-7
-7
-7
-8
-11
-11
-12
-14
-15
-13
-12
-14
-16
-14
-7
-11
-12
-8
-11
-3
-6
-5
-1
-5
-3
-5
-4
-4
-2
-2
-1
-9
-7
-6
-4
-2
-2
0
0
4
0
2
-1
-5
-2
-3
1
2
5
5
1
6
2
6
5
3
2
-2
2
-3
3
0
2
1
0
8
9
6
6
8
6
5
7
6
7
10
10
6
4
4
-1
-3
-2
-3
-4
-3
-3
-2
-3
-1
-3
-1
0
2
5
3
4
3
2
3
1
-2
0
-5
2
1
-1
-3
0
3
4
6
0
5
0
4
5
2
3
2
3
2
2
2
1
2
6
2
3
3
1
7
4
5
1
7
7
6
10
10
8
2
0
-3
-5
-7
-4
-7
-6
-7
-6
-8
-7
-10
-10
-10
-8
-7
-2
-2
-2
-4
-4
-2
-5
-3
-12
-10
-10
-11
-18
-13
-16
-16
-17
-13
-13
-12
-9
-9
-5
-5
-2
0
2
3
1
5
7
6
7
3
4
7
9
9
12
9
11
6
8
9
6
5
8
7
4
6
8
8
8
9
6
9
2
3
0
-2
-4
-1
-3
-2
-1
-6
-5
-7
-5
-3
-3
0
3
-2
0
0
1
0
2
0
1
-1
5
2
1
2
-1
2
2
4
4
2
0
3
2
3
1
4
0
1
5
4
10
5
8
10
6
6
1
1
-3
-2
-3
-3
-3
0
-4
-1
-5
-2
-4
-5
-5
-4
-2
-3
-5
-6
-5
-6
-5
-7
-5
-11
-6
-9
-8
-8
-8
-4
0
0
-1
-1
-3
-1
-2
-1
2
0
-4
0
-1
0
2
2
3
-5
-7
-6
-4
-2
-2
-3
-2
1
0
-1
1
4
3
6
6
12
16
14
13
13
8
8
4
8
7
8
6
4
2
-1
1
2
4
3
3
2
-1
2
2
4
2
1
4
2
3
-1
-2
-2
-3
-8
-11
-8
-5
-8
-9
-4
-1
-2
-4
-4
-4
-7
-8
-11
-10
-6
-7
-15
-12
-12
-8
-10
-9
-5
-4
0
-1
1
-2
2
-2
2
2
2
6
6
2
5
4
4
10
11
11
11
9
6
9
7
7
3
8
2
3
0
-3
2
-3
-1
1
-2
2
0
7
4
5
5
0
5
3
4
1
3
1
0
0
4
3
-1
-2
-4
-2
-4
-5
-7
-4
-7
-1
-7
-6
-9
-11
-10
-13
-9
-8
-7
-6
-11
-7
-7
-6
-4
-2
-1
-2
1
3
4
6
5
4
9
9
10
8
6
8
7
5
5
3
2
0
1
-3
-4
1
0
0
-2
1
3
-2
3
4
5
6
5
6
7
12
9
8
5
0
0
-2
-3
-4
-7
-1
-3
-1
-3
-3
-1
0
4
3
4
1
6
0
6
2
2
1
-1
3
0
1
0
4
4
9
5
8
9
10
9
6
5
3
5
5
8
6
6
4
3
1
3
3
3
8
5
4
3
-1
-1
-3
-3
-6
-5
-9
-10
-10
-17
-17
-14
-15
-14
-13
-19
-16
-19
-17
-18
-18
-13
-9
-15
-14
-15
-13
-11
-9
-8
-14
-12
-11
-13
-6
-6
-1
0
0
3
-3
2
2
4
4
3
4
5
6
10
11
12
14
13
11
18
14
21
20
16
20
17
17
10
11
9
7
7
5
3
2
4
5
7
1
5
1
-1
0
-1
-3
-5
-6
-3
-1
0
0
-4
-1
-7
-8
-1
-7
-6
-9
-9
-10
-10
-8
-10
-7
-8
-7
-7
-5
-3
-4
0
-3
-1
2
-1
1
0
0
6
-3
3
-4
-4
-4
-10
-2
-5
-2
-2
-1
3
3
3
3
3
0
-1
-3
-2
-4
-7
-3
-7
-2
0
-2
-5
0
0
0
2
4
5
1
2
-2
-3
1
2
1
-1
-1
1
0
3
0
2
-1
3
2
1
-1
-3
0
-3
-4
1
0
3
8
8
11
12
12
13
17
15
14
10
13
10
11
9
3
2
7
2
6
2
0
4
-1
-3
-2
-3
-4
-1
-2
-2
0
-1
-3
0
-1
0
-2
0
-1
-3
-7
-7
-7
-12
-11
-12
-11
-11
-12
-8
-7
-5
-5
-3
-5
-1
-2
-1
4
1
6
0
7
2
3
1
5
3
2
4
8
9
13
11
7
16
11
9
10
12
8
4
4
4
-1
-1
-5
-6
-8
-5
-1
-4
-4
-5
-3
-2
1
0
3
2
2
1
1
3
3
2
4
2
4
3
-4
-6
-6
-5
-9
-11
-8
-8
-10
-8
-9
-10
-5
-6
-9
-4
-2
-1
-1
-1
-1
-1
4
4
3
6
3
3
1
2
2
6
2
1
1
-1
4
13
37
61
75
41
2
-16
1
54
68
41
-11
-67
-89
-67
-27
-11
-46
-115
-153
-131
-79
-27
-10
-21
-54
-59
-38
17
65
84
86
67
56
44
51
69
84
64
34
-13
-61
-80
-78
-59
-61
-86
-134
-158
-137
-91
-62
-57
-53
-29
-5
19
34
49
75
99
153
199
252
289
322
330
288
245
245
309
344
300
184
79
6
-38
-49
-61
-116
-261
-430
-501
-451
-379
-384
-430
-463
-479
-456
-374
-229
-120
-83
-66
2
126
229
309
378
453
484
461
439
415
379
317
255
214
138
5
-130
-209
-257
-309
-373
-406
-423
-473
-535
-539
-468
-370
-310
-256
-180
-97
-23
61
181
330
415
435
470
526
569
563
543
535
515
434
336
261
201
116
3
-79
-151
-254
-378
-457
-475
-457
-433
-415
-425
-459
-458
-360
-172
-10
39
33
42
115
241
369
439
418
338
270
264
301
309
236
120
6
-70
-114
-141
-168
-218
-274
-317
-340
-348
-341
-317
-281
-243
-209
-197
-164
-109
-41
38
108
150
167
179
229
285
299
299
279
268
246
195
137
99
62
32
2
-42
-83
-146
-171
-145
-106
-75
-92
-123
-95
-3
95
206
317
449
553
563
481
402
474
652
758
676
444
195
32
-46
-42
-49
-193
-509
-863
-1015
-923
-811
-812
-910
-1004
-1042
-1011
-849
-598
-389
-331
-318
-211
-18
163
291
417
561
630
605
565
552
559
531
503
475
366
177
-12
-115
-140
-202
-306
-377
-424
-502
-608
-604
-486
-362
-307
-271
-195
-84
8
118
310
504
593
587
620
718
803
811
797
799
751
619
477
383
343
306
254
199
10
-307
-555
-571
-376
-253
-398
-657
-852
-871
-710
-462
-258
-262
-450
-589
-444
-111
185
281
236
178
166
245
408
562
582
481
349
268
225
184
123
60
9
-120
-277
-403
-461
-472
-456
-422
-425
-462
-497
-438
-300
-182
-118
-64
47
158
232
260
340
447
553
638
651
620
539
494
560
684
776
829
807
672
398
155
192
449
616
403
-33
-407
-559
-534
-437
-323
-399
-790
-1282
-1445
-1152
-780
-685
-835
-988
-1031
-982
-791
-416
-61
25
-83
-90
116
351
466
561
688
736
616
423
374
394
373
322
243
115
-105
-359
-454
-407
-400
-480
-528
-512
-562
-678
-673
-452
-166
-52
-75
-45
75
184
299
530
778
861
729
665
784
926
921
838
815
795
649
430
303
280
193
21
-36
59
95
-212
-630
-766
-618
-309
-185
-287
-480
-758
-871
-618
-166
75
-79
-433
-538
-306
43
291
363
276
83
-30
77
338
483
378
181
64
4
-25
-92
-105
-66
-100
-218
-358
-417
-409
-349
-232
-136
-108
-203
-263
-137
136
307
328
300
350
460
526
586
671
808
1000
1220
1308
1121
722
534
791
1203
1281
840
235
-163
-280
-244
-163
-189
-563
-1220
-1689
-1608
-1202
-1025
-1209
-1477
-1577
-1548
-1437
-1156
-768
-512
-543
-615
-469
-148
113
259
457
697
742
597
465
536
681
698
617
509
353
80
-129
-190
-154
-216
-374
-477
-546
-689
-827
-758
-482
-280
-311
-362
-270
-94
56
235
521
743
740
640
691
933
1104
1067
1003
1001
955
775
639
687
810
729
379
39
-140
-199
-214
-223
-279
-445
-773
-980
-905
-684
-573
-663
-743
-705
-603
-462
-237
7
133
119
107
223
401
486
510
549
563
469
318
225
213
195
90
-82
-247
-369
-464
-510
-508
-502
-543
-616
-614
-528
-430
-369
-326
-203
-35
134
250
320
376
446
558
703
832
965
1203
1499
1625
1283
737
562
960
1524
1546
931
218
-213
-309
-208
1
13
-494
-1368
-1942
-1713
-1116
-866
-1169
-1581
-1736
-1660
-1435
-1052
-610
-420
-590
-697
-459
-23
237
265
388
624
723
547
349
358
473
492
435
365
191
-129
-434
-489
-392
-361
-449
-529
-600
-774
-913
-759
-316
-30
-91
-227
-140
116
320
537
844
1098
1031
802
832
1118
1281
1154
1013
1037
1019
753
434
375
463
381
87
-44
31
23
-148
-457
-582
-590
-605
-500
-359
-338
-548
-796
-770
-426
-125
-142
-306
-425
-376
-257
-42
197
288
150
-69
-100
78
236
196
72
37
6
-125
-248
-287
-226
-204
-257
-313
-337
-377
-423
-344
-169
11
-5
-85
-37
175
423
504
479
448
473
574
756
1057
1440
1575
1289
726
433
772
1396
1689
1302
547
-31
-240
-150
118
247
-101
-919
-1712
-1816
-1292
-801
-846
-1243
-1588
-1696
-1594
-1269
-781
-439
-444
-672
-695
-388
-19
163
285
498
627
508
261
167
333
488
516
431
278
27
-294
-446
-375
-275
-307
-412
-539
-707
-940
-972
-621
-210
-112
-291
-386
-225
8
222
518
834
927
765
641
827
1116
1217
1116
1060
1065
916
633
487
626
793
736
422
35
-264
-419
-353
-113
-33
-303
-781
-1069
-916
-542
-325
-343
-470
-593
-638
-478
-127
189
273
123
21
129
304
394
397
409
355
187
21
-13
33
6
-121
-310
-426
-525
-596
-602
-537
-442
-463
-517
-495
-366
-224
-127
-16
114
256
355
391
419
521
645
793
1038
1373
1666
1630
1168
652
646
1227
1784
1675
927
149
-204
-192
-25
148
58
-553
-1522
-2066
-1758
-1053
-766
-1151
-1655
-1843
-1771
-1507
-1050
-483
-229
-458
-727
-578
-40
360
471
547
710
737
472
212
287
536
596
406
188
-67
-335
-569
-633
-526
-505
-632
-751
-845
-999
-1121
-941
-477
-135
-174
-347
-320
-71
197
486
841
1100
1044
809
842
1189
1456
1356
1155
1127
1136
933
638
554
598
493
283
224
329
131
-457
-837
-702
-257
-98
-382
-718
-925
-1017
-903
-498
-81
-117
-569
-841
-584
-25
322
362
284
228
134
141
366
635
602
317
81
53
112
22
-116
-137
-148
-278
-456
-535
-505
-466
-456
-453
-361
-314
-325
-243
-35
147
218
230
320
516
681
837
1134
1456
1576
1341
964
875
1198
1622
1687
1256
604
119
-52
49
173
63
-445
-1196
-1749
-1768
-1370
-1107
-1255
-1641
-1892
-1881
-1646
-1280
-914
-625
-556
-574
-488
-191
137
367
544
730
826
722
525
462
583
713
691
510
244
-56
-316
-433
-468
-453
-549
-706
-882
-1089
-1210
-1156
-854
-562
-459
-515
-554
-418
-174
128
493
806
919
834
769
942
1221
1390
1409
1344
1250
1037
817
759
821
867
789
708
558
108
-360
-569
-324
69
14
-462
-926
-1149
-1088
-808
-486
-305
-490
-869
-997
-676
-111
258
292
176
109
130
262
523
735
760
583
373
279
311
268
198
151
54
-153
-433
-649
-620
-487
-425
-499
-611
-619
-556
-356
-251
-170
-127
-79
98
298
449
626
969
1361
1509
1205
771
777
1318
1857
1862
1283
609
181
77
228
421
318
-344
-1285
-1833
-1608
-1069
-921
-1261
-1704
-1906
-1861
-1662
-1332
-908
-648
-685
-736
-551
-197
72
270
513
822
936
723
460
442
653
805
799
623
331
-40
-364
-459
-390
-332
-445
-688
-963
-1201
-1270
-1056
-712
-501
-548
-686
-640
-400
-110
194
491
697
745
721
853
1125
1316
1331
1291
1313
1263
1084
856
873
1102
1216
968
361
-119
-318
-206
44
95
-199
-779
-1336
-1413
-991
-545
-490
-824
-1144
-1180
-883
-413
11
230
130
-31
19
367
774
904
841
763
696
617
551
560
559
465
245
24
-82
-219
-432
-535
-520
-506
-614
-777
-752
-594
-474
-417
-375
-239
-83
-17
62
326
770
1231
1455
1327
951
705
939
1554
2004
1783
1039
312
28
135
365
392
21
-729
-1509
-1815
-1531
-1111
-1071
-1425
-1813
-1926
-1810
-1575
-1249
-881
-648
-599
-522
-313
-8
257
451
729
1024
1112
901
641
624
790
900
842
593
297
-25
-311
-505
-548
-523
-589
-797
-1120
-1363
-1393
-1158
-837
-629
-614
-687
-668
-458
-92
322
619
722
685
702
893
1151
1295
1291
1214
1180
1124
985
855
894
1033
1093
793
201
-223
-391
-203
53
35
-275
-855
-1370
-1385
-938
-489
-443
-772
-1049
-1021
-721
-247
180
386
282
102
143
481
839
948
922
844
722
579
470
484
549
506
283
42
-127
-340
-501
-534
-416
-350
-484
-689
-730
-531
-366
-291
-218
-83
54
61
183
590
1097
1427
1369
1031
752
790
1184
1667
1758
1286
547
12
-56
126
218
-19
-536
-1222
-1697
-1708
-1434
-1220
-1365
-1664
-1825
-1756
-1594
-1397
-1158
-819
-591
-455
-306
-138
56
248
507
838
1052
1005
756
567
622
789
870
764
478
115
-214
-387
-408
-377
-419
-617
-890
-1128
-1235
-1114
-856
-641
-570
-620
-608
-455
-215
55
364
631
724
706
728
862
1071
1186
1219
1228
1279
1304
1162
952
824
756
732
633
412
128
-227
-477
-548
-473
-495
-783
-1152
-1297
-1160
-942
-782
-725
-727
-737
-669
-402
-15
269
361
394
511
691
822
834
850
904
938
884
735
550
391
246
189
202
149
-110
-429
-596
-614
-540
-517
-517
-475
-435
-518
-586
-497
-266
-19
157
352
677
1035
1214
1092
820
788
1133
1641
1816
1465
826
321
179
256
369
257
-235
-1035
-1713
-1818
-1426
-1088
-1252
-1734
-2092
-2109
-1862
-1494
-1141
-885
-834
-908
-785
-392
65
349
499
686
912
966
831
753
829
1006
1053
923
686
400
111
-108
-191
-174
-245
-430
-711
-1029
-1227
-1211
-960
-742
-702
-814
-903
-805
-517
-212
86
329
471
492
562
827
1124
1277
1253
1229
1244
1280
1209
1215
1399
1558
1331
649
131
44
284
460
255
-191
-766
-1296
-1450
-1086
-660
-711
-1188
-1618
-1555
-1139
-652
-303
-158
-205
-357
-266
207
771
997
951
839
766
802
850
939
1047
1005
724
381
208
163
96
-21
-135
-228
-437
-677
-709
-486
-347
-448
-595
-592
-369
-193
-86
157
629
1056
1145
868
557
625
1123
1685
1839
1423
748
231
98
260
444
297
-261
-1086
-1699
-1716
-1334
-1114
-1336
-1792
-2051
-1976
-1730
-1452
-1185
-980
-887
-819
-613
-261
50
248
417
705
979
1046
876
745
791
957
1028
933
722
423
102
-174
-263
-214
-183
-368
-711
-1054
-1201
-1101
-886
-716
-754
-822
-849
-718
-447
-150
129
315
420
482
609
824
1039
1167
1204
1294
1442
1522
1389
1097
889
871
943
901
651
245
-123
-378
-410
-364
-473
-814
-1234
-1408
-1287
-1062
-918
-912
-980
-1009
-896
-627
-222
85
184
226
361
624
831
943
999
1051
1085
1032
957
859
723
553
398
302
232
56
-211
-417
-509
-499
-494
-473
-373
-344
-424
-509
-472
-251
-9
200
375
669
1026
1177
984
622
554
954
1530
1706
1236
502
19
-101
25
171
138
-336
-1201
-1919
-1982
-1444
-1010
-1166
-1715
-2087
-2058
-1765
-1376
-1008
-730
-664
-722
-613
-234
228
513
649
845
1009
1013
892
770
857
989
986
790
526
250
-19
-221
-324
-349
-383
-521
-780
-1055
-1232
-1159
-930
-688
-671
-787
-829
-673
-373
-80
176
382
506
558
673
897
1127
1203
1169
1214
1411
1510
1319
997
828
863
864
700
430
160
-115
-401
-503
-433
-450
-794
-1201
-1346
-1129
-867
-818
-836
-787
-750
-706
-511
-117
270
345
282
346
602
824
848
837
889
941
857
704
601
522
409
278
240
208
25
-250
-417
-405
-305
-304
-366
-340
-301
-273
-276
-179
12
175
283
402
694
1114
1393
1295
898
582
747
1285
1639
1423
766
111
-259
-317
-197
-86
-320
-1016
-1857
-2224
-1933
-1419
-1301
-1655
-2033
-2143
-1955
-1607
-1182
-829
-673
-664
-578
-252
163
437
588
752
1004
1136
1028
842
752
822
902
860
701
446
117
-196
-393
-455
-401
-426
-621
-941
-1193
-1208
-980
-709
-577
-626
-701
-633
-421
-89
249
524
620
616
657
860
1127
1249
1242
1249
1350
1479
1359
1074
874
851
882
793
541
181
-177
-455
-511
-384
-378
-739
-1243
-1468
-1278
-911
-718
-715
-803
-903
-836
-552
-41
383
458
300
270
537
861
1019
1005
955
915
825
710
668
631
477
253
103
73
45
-119
-322
-421
-442
-467
-468
-374
-204
-165
-266
-292
-127
168
364
448
552
842
1242
1409
1212
810
637
926
1393
1499
1063
370
-190
-438
-432
-292
-289
-733
-1522
-2202
-2249
-1790
-1436
-1515
-1877
-2090
-2005
-1736
-1395
-1027
-700
-559
-505
-330
29
349
549
701
942
1182
1199
990
787
795
938
985
854
618
324
13
-287
-440
-442
-400
-510
-783
-1095
-1243
-1149
-898
-669
-596
-668
-715
-600
-328
43
380
577
644
655
751
979
1168
1245
1243
1221
1218
1179
1128
1147
1266
1276
844
234
-130
-93
164
181
-134
-600
-1077
-1411
-1353
-956
-662
-796
-1203
-1441
-1236
-760
-326
-66
61
54
-21
119
525
948
1126
1042
905
861
873
877
858
836
720
464
220
88
28
-64
-229
-352
-397
-462
-550
-485
-340
-311
-397
-383
-153
139
243
267
536
1027
1422
1369
986
717
886
1405
1798
1669
1090
390
-50
-145
-17
58
-212
-937
-1767
-2158
-1938
-1530
-1491
-1874
-2253
-2293
-2088
-1770
-1460
-1165
-976
-905
-707
-309
130
382
459
605
931
1206
1204
1020
916
938
1001
978
885
703
408
26
-281
-369
-312
-306
-505
-864
-1191
-1259
-1088
-803
-619
-619
-714
-766
-628
-316
52
353
483
493
522
646
868
1038
1130
1181
1256
1330
1332
1155
903
744
745
786
669
362
-97
-465
-615
-552
-476
-607
-1000
-1387
-1450
-1203
-861
-637
-596
-683
-762
-622
-220
311
657
661
577
625
806
984
1084
1140
1148
1051
904
773
657
501
308
152
108
65
-144
-433
-602
-596
-524
-449
-370
-253
-232
-343
-371
-161
211
464
545
600
857
1267
1523
1394
957
699
929
1463
1688
1286
532
-83
-332
-322
-207
-196
-567
-1415
-2245
-2444
-1936
-1431
-1509
-1986
-2328
-2271
-1946
-1538
-1097
-755
-655
-697
-532
-69
420
664
709
847
1099
1228
1108
914
877
917
895
755
574
346
17
-320
-536
-553
-499
-529
-737
-1054
-1291
-1249
-970
-670
-503
-543
-592
-518
-299
32
375
668
790
777
817
1009
1214
1265
1190
1189
1315
1405
1284
959
679
528
483
429
282
40
-337
-743
-935
-833
-679
-815
-1172
-1409
-1357
-1113
-892
-673
-513
-466
-473
-335
79
526
704
677
713
890
1070
1076
1038
1053
1061
978
832
706
561
288
3
-50
10
-67
-345
-635
-706
-643
-586
-499
-331
-180
-225
-347
-286
41
380
522
600
800
1202
1560
1589
1223
776
727
1197
1737
1705
1022
150
-402
-497
-316
-114
-247
-944
-1978
-2601
-2370
-1665
-1293
-1614
-2150
-2382
-2202
-1795
-1297
-835
-577
-602
-627
-322
202
616
735
813
1070
1298
1285
1021
855
879
949
954
794
551
209
-189
-518
-632
-545
-451
-546
-877
-1265
-1445
-1231
-832
-533
-506
-618
-630
-484
-155
266
641
808
791
768
910
1197
1371
1337
1229
1232
1254
1147
924
858
985
1033
640
-12
-433
-497
-299
-208
-355
-703
-1221
-1693
-1710
-1220
-743
-769
-1143
-1390
-1241
-779
-294
116
387
325
164
271
723
1233
1401
1303
1153
1120
1076
974
960
963
859
551
233
98
28
-107
-314
-405
-378
-369
-444
-423
-303
-274
-280
-210
81
334
356
314
527
1104
1593
1580
1080
563
606
1219
1722
1614
943
121
-364
-453
-307
-127
-306
-1026
-1951
-2467
-2195
-1640
-1466
-1797
-2180
-2224
-1983
-1672
-1366
-1018
-762
-640
-489
-143
249
468
549
696
1011
1323
1295
1020
819
816
910
946
843
611
302
-101
-432
-550
-451
-367
-487
-847
-1240
-1358
-1152
-793
-566
-532
-616
-663
-547
-260
167
548
764
738
692
818
1045
1220
1246
1250
1301
1383
1337
1102
827
657
601
554
420
162
-188
-575
-821
-842
-746
-821
-1160
-1499
-1581
-1372
-1105
-895
-763
-737
-747
-683
-323
192
539
601
584
707
887
1005
1038
1097
1167
1125
985
843
746
530
258
148
231
279
65
-334
-581
-559
-446
-344
-161
6
-22
-216
-336
-94
338
664
743
756
916
1284
1529
1410
996
708
928
1433
1630
1150
364
-208
-441
-421
-306
-311
-710
-1566
-2405
-2527
-1950
-1434
-1529
-2054
-2387
-2268
-1907
-1483
-1044
-709
-623
-686
-545
-60
511
786
799
885
1133
1276
1166
936
876
976
975
796
550
301
9
-304
-549
-589
-486
-485
-703
-1078
-1350
-1295
-969
-648
-530
-551
-616
-565
-361
9
447
762
839
774
826
1050
1301
1380
1330
1320
1391
1429
1339
1069
790
599
489
427
308
33
-384
-806
-1025
-936
-833
-956
-1335
-1615
-1560
-1296
-987
-758
-638
-659
-688
-486
-14
483
681
594
617
799
1008
1098
1096
1097
1069
969
834
770
647
379
86
15
91
44
-220
-539
-620
-512
-417
-330
-191
-73
-117
-244
-179
145
469
653
792
1075
1491
1624
1307
826
725
1170
1728
1814
1249
465
-111
-332
-270
-98
-106
-637
-1611
-2469
-2540
-1942
-1461
-1583
-2089
-2463
-2448
-2122
-1645
-1117
-731
-666
-746
-582
-89
440
722
806
942
1154
1236
1113
945
922
976
993
863
650
354
-18
-360
-528
-502
-397
-423
-732
-1162
-1438
-1312
-911
-577
-499
-612
-663
-573
-313
58
495
781
818
770
838
1118
1364
1434
1364
1353
1430
1463
1352
1125
901
674
504
407
309
108
-302
-731
-925
-884
-837
-985
-1263
-1463
-1458
-1342
-1143
-895
-723
-661
-695
-529
-101
312
488
470
530
712
923
994
977
974
929
833
743
702
607
350
66
-78
-23
-6
-177
-371
-520
-538
-555
-511
-321
-107
-25
-113
-152
-5
272
530
760
1104
1528
1723
1474
954
696
1055
1718
2037
1598
721
-16
-325
-268
-77
7
-353
-1231
-2233
-2618
-2165
-1510
-1380
-1813
-2277
-2414
-2203
-1798
-1291
-798
-584
-620
-609
-295
220
594
764
933
1152
1270
1135
894
793
893
986
936
729
398
20
-363
-599
-597
-467
-416
-637
-1052
-1404
-1454
-1138
-735
-542
-573
-715
-728
-558
-165
313
711
862
814
803
974
1246
1415
1468
1441
1481
1465
1363
1164
954
790
637
551
430
217
-140
-559
-790
-795
-694
-766
-1065
-1356
-1429
-1257
-1042
-818
-667
-645
-716
-660
-332
140
442
481
449
545
705
829
882
918
950
863
721
614
542
363
91
-52
-35
-21
-188
-470
-617
-589
-519
-453
-380
-267
-177
-165
-132
58
317
462
557
719
1075
1502
1750
1627
1138
739
881
1563
2020
1698
773
-61
-413
-356
-171
-82
-331
-1183
-2207
-2636
-2190
-1509
-1346
-1789
-2236
-2296
-2033
-1679
-1237
-775
-506
-459
-443
-170
266
589
742
916
1214
1384
1214
845
631
711
895
898
677
316
-76
-463
-739
-757
-562
-432
-621
-1109
-1552
-1589
-1230
-764
-518
-531
-656
-706
-561
-186
328
754
914
858
853
1030
1251
1395
1417
1449
1528
1561
1403
1163
930
772
680
593
469
228
-141
-534
-765
-751
-679
-784
-1071
-1336
-1327
-1138
-927
-762
-647
-591
-605
-504
-147
270
482
465
438
598
817
883
865
878
893
818
687
580
494
278
-34
-181
-128
-96
-287
-622
-779
-727
-668
-611
-529
-380
-285
-279
-170
54
283
407
477
699
1038
1440
1753
1812
1458
912
768
1276
1963
1957
1154
176
-334
-360
-201
-104
-258
-871
-1841
-2536
-2389
-1695
-1303
-1551
-2062
-2255
-2071
-1721
-1348
-919
-548
-399
-409
-262
139
562
767
885
1121
1356
1309
970
659
663
868
920
721
354
-8
-383
-715
-867
-751
-554
-635
-1059
-1561
-1727
-1475
-1058
-724
-624
-689
-757
-699
-387
108
604
859
889
882
976
1192
1365
1454
1519
1605
1620
1514
1300
1075
916
810
686
530
346
70
-266
-625
-806
-767
-752
-867
-1093
-1224
-1175
-1068
-956
-779
-534
-375
-319
-207
46
317
467
572
745
940
966
861
817
889
930
822
643
471
300
22
-171
-211
-154
-274
-609
-848
-855
-707
-621
-584
-514
-401
-382
-356
-150
186
387
420
427
584
868
1172
1573
1887
1714
1085
600
840
1636
2005
1442
453
-218
-414
-417
-328
-266
-528
-1308
-2249
-2577
-2056
-1401
-1312
-1716
-2046
-2030
-1838
-1544
-1090
-519
-204
-240
-309
-95
383
736
893
1041
1233
1243
999
666
563
713
824
684
402
42
-326
-645
-879
-845
-690
-641
-903
-1362
-1679
-1597
-1214
-794
-564
-548
-595
-582
-406
-41
474
903
1055
1003
973
1092
1305
1445
1505
1559
1559
1400
1121
987
1077
1287
1067
469
9
-162
-28
-34
-269
-537
-829
-1143
-1284
-1037
-709
-747
-1088
-1248
-952
-414
-101
-61
12
70
172
362
662
1002
1052
901
736
761
832
726
574
472
436
307
8
-280
-423
-500
-542
-545
-559
-642
-800
-870
-709
-495
-328
-219
-96
7
-3
42
279
601
882
1124
1437
1703
1576
1013
640
952
1688
1993
1457
550
-81
-318
-361
-246
-99
-294
-1117
-2147
-2538
-1983
-1252
-1101
-1491
-1908
-2034
-1899
-1572
-988
-368
-97
-287
-468
-226
341
796
939
1019
1148
1137
874
602
643
860
898
690
388
112
-213
-587
-851
-847
-665
-660
-941
-1366
-1662
-1654
-1302
-871
-593
-540
-671
-725
-524
-63
431
805
920
852
840
1010
1260
1414
1468
1511
1552
1512
1348
1067
892
851
838
736
511
186
-233
-557
-648
-541
-443
-617
-972
-1216
-1208
-1036
-828
-588
-371
-316
-378
-362
-99
305
581
668
719
815
896
858
848
912
925
788
564
443
370
181
-136
-334
-341
-342
-524
-750
-837
-811
-809
-864
-729
-494
-346
-342
-361
-189
77
221
334
498
740
967
1173
1480
1665
1388
789
577
1102
1746
1640
806
-41
-355
-308
-236
-177
-234
-738
-1651
-2271
-2023
-1260
-893
-1251
-1799
-1962
-1739
-1398
-1003
-536
-190
-174
-336
-235
192
625
790
820
966
1088
974
665
470
528
678
649
432
128
-246
-600
-824
-844
-724
-676
-880
-1235
-1565
-1615
-1336
-919
-646
-646
-760
-725
-469
-107
280
614
831
907
894
981
1188
1360
1422
1402
1395
1354
1245
1159
1218
1202
851
363
43
140
311
147
-244
-607
-849
-937
-880
-722
-627
-766
-1001
-1060
-723
-249
18
84
24
89
291
521
797
996
1025
935
790
785
847
807
670
538
461
235
-88
-375
-453
-396
-459
-632
-779
-859
-887
-879
-774
-626
-465
-414
-353
-219
-95
40
236
469
668
783
890
1218
1592
1609
1133
662
753
1288
1619
1243
498
-88
-356
-395
-295
-173
-339
-1079
-1950
-2242
-1721
-1075
-992
-1421
-1860
-1884
-1641
-1233
-760
-338
-214
-335
-390
-86
428
717
741
765
904
1001
858
594
477
575
652
525
288
6
-313
-600
-801
-820
-749
-777
-974
-1262
-1418
-1353
-1085
-776
-587
-556
-539
-420
-174
132
466
728
904
972
1004
1100
1246
1349
1325
1306
1317
1262
1092
958
1002
1138
930
371
-76
-181
41
131
-74
-386
-740
-1076
-1144
-798
-381
-380
-770
-1071
-885
-367
37
205
286
259
184
264
571
965
1127
990
782
669
656
573
464
471
473
318
-24
-358
-552
-611
-609
-556
-506
-616
-895
-1092
-968
-652
-404
-291
-233
-172
-203
-193
64
459
730
760
783
1047
1451
1532
1133
649
661
1155
1561
1376
715
95
-290
-336
-152
76
10
-672
-1646
-2097
-1672
-945
-722
-1110
-1674
-1903
-1718
-1360
-842
-379
-269
-498
-697
-468
85
536
639
599
647
729
680
539
464
535
596
489
232
-16
-220
-475
-716
-851
-795
-656
-722
-1012
-1336
-1422
-1144
-741
-470
-399
-422
-417
-277
-8
392
792
981
962
896
957
1153
1291
1343
1353
1368
1380
1284
1109
929
775
661
602
561
442
77
-343
-638
-610
-392
-324
-525
-879
-1054
-1023
-807
-496
-267
-192
-307
-390
-207
195
517
610
541
553
668
734
751
739
687
537
385
347
353
231
-79
-362
-432
-439
-512
-638
-744
-788
-857
-940
-909
-767
-584
-450
-422
-331
-190
-30
135
275
425
529
651
876
1227
1577
1593
1195
722
674
1184
1658
1569
931
233
-142
-158
-27
92
-23
-538
-1334
-1814
-1650
-1164
-920
-1175
-1557
-1736
-1670
-1414
-1013
-590
-396
-475
-582
-439
-41
313
496
621
714
730
610
428
380
496
572
484
233
-31
-307
-551
-701
-757
-693
-653
-754
-1004
-1267
-1343
-1099
-715
-422
-338
-410
-449
-355
-52
384
802
1022
972
840
860
1077
1329
1432
1372
1304
1190
1094
1024
1054
1027
750
411
211
252
208
-86
-432
-555
-531
-533
-591
-628
-685
-807
-855
-662
-309
-52
-77
-179
-105
132
412
586
708
760
700
594
601
703
761
621
392
276
263
173
-75
-288
-414
-474
-578
-732
-805
-834
-912
-978
-948
-827
-707
-600
-470
-321
-172
-80
13
170
401
630
771
816
990
1376
1707
1612
1092
684
880
1487
1765
1377
688
183
-30
-92
-11
81
-146
-894
-1737
-1949
-1446
-1018
-1147
-1613
-1900
-1800
-1556
-1237
-877
-567
-553
-743
-647
-195
282
428
339
395
615
715
593
387
385
452
385
214
61
-55
-305
-594
-750
-708
-624
-646
-815
-1028
-1202
-1193
-908
-513
-267
-309
-429
-360
-70
307
663
913
1003
932
888
1075
1373
1496
1391
1265
1252
1240
1086
917
895
975
768
348
75
23
81
-71
-314
-418
-463
-639
-825
-767
-539
-481
-594
-608
-414
-203
-107
-53
142
353
432
456
534
666
653
547
557
601
585
418
229
148
87
-58
-336
-510
-587
-674
-793
-887
-930
-954
-985
-978
-866
-782
-775
-693
-437
-123
-1
-9
49
256
485
618
742
861
1006
1320
1744
1978
1641
895
538
1008
1826
2026
1338
390
-177
-304
-162
88
150
-326
-1337
-2164
-2077
-1360
-915
-1166
-1685
-1921
-1798
-1527
-1203
-804
-509
-538
-650
-504
-82
263
313
299
504
761
773
518
261
226
303
356
339
211
-59
-434
-745
-782
-584
-428
-475
-743
-1077
-1262
-1094
-679
-298
-191
-281
-324
-188
62
380
750
1038
1138
1036
1015
1145
1317
1362
1356
1431
1418
1178
788
596
650
780
798
734
600
91
-561
-847
-495
119
216
-331
-980
-1238
-1096
-716
-231
4
-193
-646
-858
-462
258
689
640
418
260
281
413
602
794
750
490
173
26
35
-49
-242
-386
-357
-409
-682
-1026
-1134
-981
-805
-766
-798
-818
-872
-845
-642
-295
14
104
74
167
395
639
801
931
1169
1519
1896
2024
1704
1152
900
1259
1907
2063
1472
581
-29
-233
-161
61
109
-325
-1260
-2115
-2171
-1539
-1029
-1123
-1615
-1991
-2034
-1833
-1395
-876
-524
-556
-765
-745
-349
117
371
486
591
722
641
405
276
385
576
549
349
117
-116
-338
-543
-657
-596
-473
-513
-738
-1046
-1216
-1109
-754
-386
-230
-264
-347
-296
-48
346
779
1061
1054
938
913
1118
1399
1491
1460
1437
1358
1174
965
879
958
884
604
313
152
74
-136
-382
-465
-417
-485
-703
-824
-737
-667
-687
-678
-485
-230
-205
-275
-150
172
434
482
428
482
560
560
525
562
595
415
145
0
21
-22
-285
-594
-744
-769
-829
-950
-1036
-996
-1011
-1075
-1080
-966
-769
-669
-565
-368
-131
22
103
289
592
887
1037
1010
980
1073
1304
1666
2096
2268
1806
936
456
877
1726
1984
1275
268
-394
-606
-518
-226
-6
-357
-1373
-2270
-2268
-1549
-1028
-1205
-1627
-1789
-1672
-1562
-1368
-934
-549
-484
-585
-466
-57
250
225
188
490
898
933
567
219
170
316
377
352
285
76
-362
-812
-937
-710
-427
-388
-598
-950
-1225
-1195
-805
-288
8
-21
-163
-166
52
419
788
1076
1187
1101
1056
1200
1381
1407
1333
1327
1365
1252
933
612
510
475
411
441
530
471
-140
-850
-965
-489
84
104
-375
-836
-1060
-1028
-614
13
320
-24
-615
-761
-287
382
628
533
381
191
52
97
364
598
465
90
-162
-192
-230
-446
-607
-592
-510
-616
-891
-1084
-1082
-990
-841
-687
-543
-522
-613
-530
-230
120
355
499
696
851
873
856
998
1239
1417
1580
1775
2005
1878
1285
691
708
1332
1776
1465
572
-179
-476
-514
-408
-221
-267
-893
-1853
-2372
-1986
-1277
-1059
-1366
-1708
-1811
-1746
-1573
-1212
-687
-388
-487
-638
-492
-111
175
290
374
610
734
572
316
219
360
458
374
212
76
-130
-429
-659
-678
-528
-414
-473
-701
-944
-1045
-842
-409
-38
73
-42
-110
20
345
728
1035
1155
1089
1012
1057
1234
1367
1360
1282
1248
1178
1018
859
741
661
518
361
311
294
65
-343
-585
-503
-289
-309
-559
-753
-780
-728
-630
-464
-251
-178
-277
-302
-66
307
432
297
210
293
446
471
385
328
191
-61
-250
-211
-105
-237
-657
-954
-911
-735
-715
-826
-920
-925
-941
-912
-724
-438
-275
-302
-263
-52
220
378
475
628
850
975
1003
1011
1052
1085
1103
1319
1781
2032
1607
730
182
516
1327
1641
1104
207
-475
-779
-732
-421
-124
-309
-1177
-2073
-2188
-1566
-1016
-1030
-1368
-1596
-1597
-1505
-1311
-892
-478
-400
-541
-518
-219
104
204
185
344
614
669
476
232
179
233
239
217
179
88
-176
-527
-696
-602
-372
-218
-276
-500
-768
-821
-527
-91
186
185
94
96
207
392
669
953
1078
1004
917
1003
1143
1146
1039
1016
1096
1069
861
703
749
860
689
288
21
-35
31
-18
-164
-281
-475
-767
-886
-684
-417
-413
-635
-738
-620
-435
-292
-149
70
81
-72
-103
100
368
376
209
107
104
52
-56
-105
-70
-98
-299
-545
-610
-529
-499
-546
-575
-574
-598
-606
-535
-319
-240
-290
-256
-33
305
419
387
433
620
799
889
990
1061
1021
958
1123
1593
1990
1736
914
293
444
1166
1556
1176
361
-322
-640
-657
-449
-212
-341
-1065
-1890
-2086
-1642
-1151
-1133
-1479
-1733
-1708
-1583
-1413
-1136
-812
-648
-674
-658
-439
-126
60
108
231
480
644
555
300
195
299
407
400
305
193
5
-256
-487
-494
-288
-102
-105
-349
-654
-761
-545
-164
121
182
82
-2
47
248
601
912
1024
946
850
893
1007
1067
1088
1173
1303
1281
1063
779
623
641
674
682
611
367
-60
-473
-573
-349
-165
-303
-678
-957
-968
-860
-694
-507
-348
-358
-471
-491
-260
38
153
148
170
275
287
177
133
211
253
198
89
-5
-143
-338
-489
-426
-271
-284
-518
-751
-781
-642
-510
-446
-411
-425
-478
-448
-222
91
305
328
341
485
661
758
840
950
1019
1018
1061
1323
1673
1705
1194
529
356
815
1331
1256
604
-107
-501
-611
-526
-345
-322
-762
-1516
-2026
-1859
-1325
-1136
-1388
-1721
-1799
-1628
-1426
-1196
-909
-699
-649
-643
-468
-149
107
209
267
462
652
652
464
295
333
473
499
428
308
154
-55
-279
-361
-261
-78
-25
-221
-536
-703
-575
-248
27
105
65
22
49
187
463
779
977
950
847
920
1090
1171
1137
1180
1351
1393
1149
800
648
742
807
663
444
197
-109
-430
-560
-417
-330
-534
-936
-1124
-1006
-859
-802
-769
-679
-577
-537
-502
-312
-74
47
58
98
256
361
309
232
263
322
276
143
30
-41
-164
-334
-407
-377
-385
-531
-692
-762
-722
-660
-568
-465
-422
-417
-387
-175
98
248
294
397
588
777
888
965
1030
1073
1172
1423
1792
1896
1397
659
386
890
1525
1484
767
-55
-482
-560
-441
-251
-226
-704
-1605
-2206
-1972
-1298
-1004
-1328
-1768
-1876
-1676
-1394
-1144
-846
-640
-618
-627
-428
-88
173
200
213
464
746
753
481
276
316
467
526
459
314
67
-248
-489
-499
-296
-117
-156
-431
-731
-877
-728
-340
-7
105
31
-50
6
168
427
761
1030
1084
986
949
1040
1205
1325
1435
1534
1451
1120
760
684
827
906
701
354
23
-268
-510
-625
-577
-504
-647
-975
-1201
-1131
-929
-778
-693
-591
-486
-426
-385
-189
110
309
348
324
362
410
416
395
415
444
317
90
-58
-81
-121
-276
-452
-551
-568
-631
-743
-782
-704
-651
-614
-584
-486
-336
-249
-141
79
326
471
525
602
798
973
992
977
1035
1226
1435
1627
1652
1293
738
380
639
1152
1189
580
-205
-658
-747
-689
-590
-549
-844
-1518
-2101
-2019
-1451
-1076
-1238
-1614
-1711
-1487
-1212
-1003
-760
-535
-449
-439
-272
41
276
285
253
470
793
852
570
258
207
353
429
378
258
80
-214
-494
-557
-377
-194
-209
-399
-622
-687
-572
-328
-52
105
145
153
207
362
575
800
999
1087
1085
1096
1126
1129
1181
1359
1631
1725
1225
523
201
454
946
948
486
-136
-699
-977
-866
-461
-267
-662
-1309
-1601
-1346
-824
-478
-433
-521
-623
-594
-360
38
398
454
368
321
374
470
464
447
475
494
371
141
-97
-231
-306
-358
-384
-459
-609
-816
-892
-809
-709
-634
-625
-514
-382
-342
-298
-107
217
506
652
653
698
797
963
1160
1287
1419
1561
1656
1515
1088
707
696
1050
1251
935
291
-295
-629
-757
-700
-527
-544
-1092
-1885
-2279
-1982
-1399
-1143
-1316
-1601
-1725
-1646
-1384
-922
-448
-268
-389
-513
-309
96
405
511
553
652
717
627
465
387
425
468
427
300
106
-135
-399
-584
-564
-387
-256
-304
-573
-846
-838
-528
-122
123
125
90
107
245
473
782
1108
1211
1147
1142
1339
1582
1567
1368
1249
1348
1411
1239
952
706
484
248
88
25
-79
-404
-820
-1067
-1005
-838
-833
-945
-1041
-1026
-920
-720
-483
-254
-156
-154
-120
95
360
485
479
420
427
476
465
370
282
158
37
-71
-166
-246
-394
-583
-746
-806
-776
-767
-799
-827
-805
-760
-677
-580
-405
-181
15
154
240
384
577
773
955
1099
1222
1310
1425
1601
1711
1560
1172
881
960
1230
1245
786
164
-277
-502
-584
-615
-675
-963
-1483
-1956
-2019
-1689
-1399
-1439
-1666
-1740
-1568
-1328
-1061
-778
-532
-378
-310
-143
127
368
463
511
617
765
781
620
453
398
432
407
334
182
-23
-253
-452
-555
-550
-489
-468
-535
-698
-809
-761
-506
-210
-50
18
73
171
309
511
823
1150
1349
1353
1280
1284
1327
1393
1477
1561
1507
1231
836
527
438
446
386
134
-225
-584
-872
-966
-874
-751
-789
-981
-1106
-1073
-876
-628
-419
-232
-105
-53
10
155
391
571
651
690
672
607
473
330
285
295
227
56
-179
-403
-576
-703
-768
-762
-750
-820
-941
-1035
-1016
-858
-693
-532
-409
-288
-129
36
238
427
616
758
907
1092
1387
1765
1983
1752
1236
972
1235
1736
1819
1256
444
-107
-258
-174
-118
-282
-809
-1564
-2073
-2041
-1647
-1400
-1538
-1881
-2038
-1895
-1573
-1232
-959
-751
-602
-416
-170
153
386
498
567
749
951
1016
865
607
471
477
516
479
282
-33
-326
-548
-664
-687
-659
-645
-750
-974
-1136
-1065
-792
-488
-340
-254
-158
-14
164
406
766
1095
1263
1316
1345
1434
1537
1567
1586
1617
1567
1337
1034
793
641
469
239
9
-200
-438
-702
-881
-934
-948
-989
-1045
-1014
-872
-743
-634
-484
-265
29
221
358
465
594
724
822
903
953
920
806
645
520
459
345
184
-52
-273
-452
-598
-689
-796
-899
-1032
-1158
-1201
-1110
-967
-852
-793
-754
-604
-363
-135
47
228
405
578
694
785
908
1046
1229
1504
1771
1742
1336
868
719
1002
1314
1225
697
39
-502
-723
-630
-450
-547
-1085
-1730
-2056
-1929
-1593
-1338
-1287
-1420
-1583
-1564
-1234
-729
-356
-199
-144
-30
165
350
493
574
633
648
612
522
353
133
-53
-154
-148
-152
-281
-540
-831
-990
-988
-865
-682
-521
-557
-738
-809
-582
-139
243
462
595
735
828
960
1195
1511
1761
1816
1757
1651
1492
1344
1217
1179
1126
891
496
59
-287
-481
-538
-550
-632
-863
-1125
-1247
-1151
-910
-636
-444
-304
-225
-112
74
369
688
896
1009
1050
1045
985
909
878
891
799
574
286
13
-226
-444
-611
-723
-812
-957
-1160
-1333
-1373
-1298
-1149
-998
-891
-808
-761
-617
-380
-58
220
403
519
626
782
953
1153
1332
1361
1202
1006
941
983
1026
885
600
273
-19
-202
-317
-416
-554
-791
-1023
-1159
-1183
-1107
-1011
-950
-898
-834
-717
-523
-309
-119
20
135
218
323
411
462
470
449
400
288
127
-29
-181
-350
-525
-669
-815
-971
-1120
-1221
-1271
-1267
-1223
-1146
-1053
-950
-848
-701
-482
-230
35
270
476
658
799
963
1174
1390
1524
1553
1469
1375
1267
1187
1162
1092
919
648
353
96
-70
-181
-286
-391
-486
-560
-591
-579
-530
-384
-206
-66
29
136
320
509
661
764
847
926
968
971
966
946
851
663
463
332
232
83
-119
-346
-519
-629
-707
-765
-788
-822
-899
-954
-919
-799
-664
-565
-527
-443
-326
-197
-87
22
126
196
251
269
278
288
274
230
185
134
51
-73
-175
-195
-92
65
82
-87
-267
-333
-169
128
346
451
344
165
86
209
446
612
560
353
168
76
110
200
210
109
-72
-260
-393
-466
-480
-505
-518
-565
-647
-730
-803
-812
-776
-682
-598
-606
-642
-686
-674
-596
-477
-368
-314
-279
-272
-279
-268
-222
-93
40
66
2
-49
-58
8
124
240
319
308
248
261
340
437
513
543
573
579
571
550
537
529
557
596
613
583
496
425
416
491
538
523
439
344
304
313
362
374
323
233
159
129
127
134
87
29
26
58
95
83
42
-12
-39
-12
38
84
63
-21
-107
-112
-53
-7
-24
-105
-197
-238
-217
-186
-178
-216
-306
-369
-381
-335
-272
-278
-369
-432
-460
-421
-345
-311
-294
-332
-360
-325
-248
-159
-37
60
105
93
51
100
249
407
503
496
470
443
398
416
442
481
434
304
159
53
-41
-96
-127
-182
-282
-416
-536
-602
-588
-545
-491
-477
-525
-607
-663
-627
-500
-384
-348
-384
-461
-487
-482
-412
-335
-279
-240
-236
-236
-245
-276
-284
-210
-135
-65
-76
-138
-178
-171
-95
0
98
144
135
132
183
300
417
495
558
592
605
596
606
639
679
722
740
705
645
591
544
564
601
606
547
426
319
295
319
356
332
241
157
84
71
106
148
151
101
50
38
78
129
145
119
76
61
64
58
58
35
10
-23
-59
-82
-89
-126
-163
-210
-259
-284
-309
-327
-377
-449
-491
-500
-517
-491
-497
-535
-564
-559
-507
-435
-393
-387
-361
-343
-270
-194
-113
-28
10
30
54
120
200
244
278
327
347
349
313
299
327
338
341
305
215
127
78
52
65
34
-40
-111
-142
-141
-150
-179
-225
-268
-326
-344
-363
-368
-364
-393
-410
-428
-442
-468
-486
-481
-422
-370
-357
-404
-440
-431
-386
-332
-286
-269
-261
-251
-199
-137
-84
-37
17
94
161
237
272
307
351
434
484
522
532
532
542
564
602
622
604
572
534
534
530
508
505
484
479
455
429
424
412
393
387
368
369
352
360
354
333
306
277
277
279
248
187
128
103
83
31
-9
-31
-82
-135
-207
-216
-182
-177
-214
-258
-288
-304
-343
-388
-378
-358
-353
-371
-402
-415
-439
-473
-462
-402
-353
-375
-418
-435
-419
-410
-376
-355
-338
-351
-386
-384
-324
-250
-207
-200
-179
-121
-44
21
74
162
230
282
329
367
405
464
485
500
503
489
470
410
353
297
253
219
181
100
-1
-83
-186
-277
-345
-385
-408
-450
-499
-538
-553
-564
-562
-517
-457
-443
-458
-454
-396
-330
-269
-228
-194
-145
-126
-103
-69
-33
2
22
16
20
42
61
75
108
126
143
131
145
195
262
313
354
397
426
474
505
574
635
659
633
636
663
667
666
641
629
613
586
550
479
429
380
348
300
257
201
126
66
29
6
6
-11
-50
-103
-141
-139
-102
-72
-94
-144
-191
-188
-155
-120
-122
-183
-276
-327
-327
-309
-304
-336
-378
-417
-447
-481
-474
-466
-475
-478
-482
-489
-508
-508
-481
-422
-364
-321
-314
-324
-298
-244
-151
-42
43
57
30
29
87
193
284
326
318
286
259
258
307
362
395
360
295
257
250
242
242
244
209
157
93
71
59
15
-56
-110
-123
-146
-211
-277
-333
-368
-388
-399
-425
-438
-443
-449
-437
-417
-381
-358
-353
-327
-284
-235
-202
-170
-126
-81
-56
-48
-11
43
73
100
152
209
255
264
276
330
387
418
413
430
474
490
472
453
463
482
465
433
431
424
420
394
382
385
383
362
335
328
326
334
297
263
278
269
244
183
128
92
66
36
-1
-49
-117
-166
-204
-198
-186
-209
-249
-283
-297
-271
-249
-254
-276
-306
-323
-329
-312
-284
-290
-336
-392
-404
-404
-399
-394
-400
-432
-444
-426
-412
-371
-339
-314
-283
-229
-185
-139
-87
-20
42
82
111
144
186
207
231
249
286
317
313
303
273
283
286
274
272
285
293
273
240
206
180
154
137
111
61
22
-24
-48
-58
-102
-146
-178
-212
-254
-264
-274
-265
-267
-290
-312
-338
-351
-363
-370
-361
-344
-328
-310
-324
-341
-321
-273
-202
-134
-79
-53
-20
-2
65
144
225
319
344
342
342
370
425
495
568
575
541
489
461
469
487
478
440
395
342
309
278
286
269
239
218
216
224
225
205
192
189
175
172
138
100
78
34
1
-7
-16
-49
-111
-178
-204
-214
-211
-221
-265
-299
-364
-403
-427
-414
-423
-423
-455
-495
-505
-509
-484
-474
-463
-460
-440
-435
-392
-355
-312
-257
-209
-185
-156
-116
-62
19
71
118
130
149
167
197
232
236
237
243
221
222
212
200
209
218
232
205
197
203
199
218
224
255
251
233
243
220
212
222
207
192
156
113
69
24
-5
-38
-65
-116
-178
-248
-292
-314
-343
-369
-412
-457
-492
-490
-457
-418
-399
-381
-363
-318
-248
-202
-151
-105
-40
32
81
121
164
214
286
335
374
408
407
418
414
438
457
455
432
378
330
292
298
285
270
222
183
170
169
179
194
191
170
177
162
186
185
182
172
157
172
149
118
58
27
-8
-43
-83
-121
-166
-232
-279
-319
-330
-339
-387
-450
-497
-502
-497
-499
-502
-503
-505
-503
-477
-419
-371
-350
-327
-296
-239
-189
-143
-111
-78
-37
-17
13
37
46
56
57
68
109
128
133
122
120
138
138
145
162
187
205
206
213
234
260
290
289
294
327
334
331
338
343
338
331
333
317
291
250
215
183
134
97
54
3
-46
-119
-172
-219
-244
-282
-320
-361
-411
-426
-420
-410
-384
-387
-400
-415
-389
-331
-290
-247
-223
-200
-169
-138
-93
-26
23
65
80
106
131
173
212
249
287
305
313
300
309
325
349
370
362
347
323
308
296
313
326
323
292
266
241
224
237
231
222
214
186
146
123
88
58
32
-9
-48
-98
-132
-162
-192
-221
-253
-286
-316
-331
-343
-355
-368
-379
-374
-358
-350
-349
-347
-325
-319
-310
-306
-301
-266
-248
-245
-247
-232
-204
-187
-170
-164
-152
-128
-98
-64
-46
-20
-8
-6
21
71
128
146
151
161
181
208
229
269
286
285
282
294
316
330
336
318
294
296
287
285
262
236
196
153
124
104
99
74
45
11
-7
-39
-61
-85
-91
-103
-111
-114
-141
-169
-181
-188
-193
-197
-219
-238
-261
-264
-273
-276
-274
-287
-287
-266
-233
-206
-177
-164
-147
-100
-71
-29
24
64
96
124
155
191
248
312
334
349
378
397
436
440
440
430
410
393
376
351
310
261
214
185
154
125
81
45
17
1
-7
-28
-41
-59
-77
-88
-94
-91
-104
-115
-144
-147
-141
-131
-141
-183
-196
-206
-207
-211
-216
-252
-299
-342
-388
-390
-373
-377
-404
-435
-459
-445
-405
-361
-330
-320
-301
-268
-224
-156
-98
-53
-6
36
82
121
162
193
226
261
284
303
304
314
305
301
295
302
301
282
252
203
190
183
190
179
170
157
147
138
132
146
170
190
199
193
182
166
157
174
177
161
119
75
36
-5
-44
-77
-122
-167
-228
-260
-288
-310
-339
-360
-373
-389
-387
-402
-391
-362
-332
-300
-258
-206
-159
-114
-75
-13
59
117
161
178
212
244
274
305
318
316
311
297
289
284
278
265
229
199
165
150
147
132
118
96
93
88
83
93
96
87
71
67
59
61
63
62
52
36
20
-5
-20
-31
-49
-83
-116
-160
-199
-222
-255
-271
-294
-322
-351
-362
-361
-358
-359
-365
-346
-336
-319
-290
-257
-233
-200
-165
-131
-81
-60
-38
-31
-20
3
33
39
51
73
67
69
57
71
76
84
83
88
91
86
98
116
153
173
182
188
206
217
231
258
282
303
308
296
280
280
288
283
273
244
228
188
153
127
92
60
27
-7
-58
-111
-148
-177
-178
-188
-222
-256
-275
-285
-279
-245
-238
-227
-229
-229
-227
-202
-177
-151
-126
-123
-113
-106
-93
-63
-32
-7
18
27
39
41
62
101
122
145
163
158
157
159
168
192
214
230
218
211
213
213
233
238
247
229
205
206
185
172
153
140
108
66
40
12
1
-33
-55
-81
-131
-163
-188
-219
-222
-227
-238
-249
-263
-256
-253
-242
-234
-219
-209
-212
-204
-202
-192
-189
-187
-187
-180
-165
-171
-169
-173
-160
-145
-136
-123
-109
-106
-99
-76
-55
-42
-28
-20
-8
-1
16
34
60
85
98
120
138
157
180
205
221
234
240
259
268
279
288
300
299
293
294
290
277
265
258
240
232
211
172
129
98
59
39
7
-22
-41
-63
-88
-109
-124
-132
-146
-157
-169
-193
-204
-209
-200
-194
-206
-222
-247
-245
-244
-226
-207
-197
-197
-209
-205
-179
-139
-107
-74
-45
-24
-6
32
83
127
147
160
179
193
210
222
228
228
219
216
226
237
228
198
192
189
202
186
164
147
111
93
77
63
54
16
-14
-33
-39
-32
-39
-71
-99
-120
-122
-112
-111
-113
-132
-145
-159
-144
-144
-149
-170
-188
-177
-175
-172
-194
-202
-212
-208
-209
-221
-212
-216
-199
-183
-152
-138
-127
-130
-125
-92
-70
-43
-24
-16
-13
0
28
72
79
90
101
115
141
167
188
181
194
199
222
237
238
231
235
253
262
278
270
266
247
242
234
220
216
200
181
159
150
144
120
99
71
46
29
16
-7
-42
-81
-123
-151
-169
-175
-188
-209
-246
-266
-288
-302
-306
-303
-296
-302
-301
-297
-272
-256
-227
-204
-166
-141
-116
-77
-39
-8
27
56
73
100
125
153
181
188
190
179
180
185
180
193
189
188
188
184
179
173
180
177
168
161
137
119
113
113
114
100
79
42
14
-6
-21
-27
-44
-53
-70
-87
-103
-124
-119
-129
-138
-140
-165
-174
-184
-188
-175
-184
-187
-187
-196
-201
-190
-181
-182
-179
-192
-190
-177
-165
-138
-129
-118
-116
-121
-103
-77
-46
-23
-15
-14
-16
7
23
43
80
99
108
120
145
176
190
210
227
249
276
281
282
277
280
272
278
282
257
229
212
195
199
194
164
143
116
96
67
51
43
20
-6
-42
-68
-78
-82
-103
-106
-137
-162
-187
-199
-203
-227
-242
-264
-273
-281
-279
-274
-275
-278
-281
-274
-247
-225
-206
-182
-157
-129
-104
-83
-46
-5
35
62
87
105
123
159
177
205
217
229
227
242
250
265
262
249
245
227
214
198
190
172
161
131
97
90
74
71
45
26
14
-6
-9
-36
-58
-60
-72
-69
-76
-88
-97
-106
-100
-98
-92
-104
-120
-129
-137
-152
-166
-175
-181
-173
-171
-179
-180
-202
-209
-207
-204
-193
-173
-167
-165
-164
-135
-123
-93
-47
-25
-1
21
48
69
100
115
139
146
162
185
192
196
201
224
221
221
234
228
223
216
217
214
211
194
173
167
161
140
137
138
127
116
85
65
66
62
56
38
11
-11
-27
-55
-77
-91
-101
-122
-155
-185
-220
-221
-227
-241
-253
-264
-279
-288
-291
-274
-250
-235
-227
-220
-191
-167
-139
-110
-89
-74
-57
-30
4
57
81
94
122
146
175
194
209
236
250
265
263
260
257
243
248
251
252
235
219
190
168
155
142
122
113
80
52
32
16
-1
-21
-33
-67
-80
-93
-100
-108
-114
-127
-126
-135
-145
-148
-159
-158
-169
-170
-172
-184
-197
-205
-211
-208
-200
-198
-202
-206
-207
-208
-199
-173
-154
-147
-129
-114
-86
-62
-32
1
14
45
73
93
109
120
128
142
165
177
190
189
186
193
194
208
201
193
182
180
190
183
195
186
187
176
164
150
138
150
143
147
129
111
95
81
63
40
20
-16
-38
-64
-97
-123
-147
-170
-193
-208
-221
-235
-247
-256
-246
-254
-263
-252
-252
-244
-227
-209
-186
-173
-152
-137
-132
-108
-78
-58
-34
-7
2
24
53
66
89
101
105
128
152
163
169
171
175
190
202
207
209
206
207
206
222
214
215
213
192
171
148
147
126
98
70
44
21
-3
-24
-39
-72
-92
-119
-143
-156
-162
-159
-179
-192
-208
-209
-203
-203
-187
-188
-180
-189
-185
-181
-174
-168
-164
-150
-146
-148
-142
-134
-117
-101
-86
-68
-62
-56
-36
-26
-11
19
29
36
53
65
85
110
130
145
173
177
185
199
201
206
213
232
241
239
242
244
242
251
247
239
214
201
184
160
163
143
119
93
59
39
14
-25
-55
-78
-91
-110
-135
-147
-160
-173
-179
-194
-191
-198
-195
-203
-211
-206
-202
-203
-210
-207
-194
-197
-185
-170
-159
-142
-137
-130
-116
-114
-97
-95
-65
-39
-27
-5
13
35
69
91
112
136
160
178
200
216
228
239
238
254
262
260
252
245
239
232
213
183
166
146
126
107
85
63
33
14
-13
-27
-35
-59
-74
-96
-107
-113
-120
-135
-147
-153
-157
-159
-165
-166
-184
-182
-178
-169
-159
-163
-173
-175
-167
-151
-136
-126
-119
-127
-128
-107
-79
-56
-43
-34
-20
-18
8
32
52
65
70
74
83
99
111
137
146
162
159
168
174
178
188
178
184
179
165
152
151
150
141
139
129
121
106
94
92
79
74
69
45
25
5
-11
-32
-44
-61
-87
-98
-124
-129
-138
-152
-168
-174
-184
-190
-195
-188
-189
-201
-194
-194
-196
-189
-166
-161
-154
-140
-119
-102
-96
-78
-67
-44
-27
-2
27
47
53
65
76
86
99
107
122
136
144
150
160
164
182
184
184
183
182
176
164
168
159
154
140
138
121
99
84
70
62
45
37
18
-1
-13
-21
-32
-62
-87
-111
-127
-141
-166
-173
-187
-209
-217
-226
-216
-216
-208
-196
-189
-178
-180
-174
-156
-133
-115
-101
-89
-85
-63
-48
-36
-17
6
21
16
24
37
46
52
63
61
71
72
82
88
103
122
128
135
140
152
153
171
184
195
211
206
210
202
198
190
192
188
187
164
139
128
112
96
64
46
17
-23
-31
-54
-72
-85
-100
-115
-140
-144
-151
-153
-164
-165
-162
-173
-172
-177
-183
-172
-166
-157
-154
-156
-147
-146
-135
-126
-124
-118
-123
-125
-113
-100
-73
-60
-54
-32
-14
-1
13
34
57
87
109
127
138
151
172
189
209
212
215
225
232
235
229
225
224
211
192
172
154
142
122
89
59
34
7
2
-28
-48
-63
-87
-100
-110
-111
-122
-118
-121
-120
-125
-117
-116
-122
-120
-115
-108
-110
-98
-103
-101
-96
-101
-91
-90
-90
-90
-85
-81
-86
-73
-73
-68
-50
-37
-21
-6
0
-1
8
20
37
48
66
75
91
109
120
139
152
154
163
169
178
179
172
166
169
168
153
146
138
123
112
90
64
49
30
16
10
-6
-16
-29
-40
-51
-61
-64
-74
-74
-70
-82
-94
-100
-112
-115
-121
-131
-139
-147
-152
-154
-161
-168
-166
-171
-175
-178
-179
-176
-177
-168
-165
-152
-119
-110
-93
-85
-69
-56
-35
-13
5
30
51
66
82
107
119
147
168
184
186
198
206
204
209
201
193
183
170
155
153
137
123
112
93
80
72
63
43
31
23
17
6
-7
-25
-41
-53
-57
-61
-69
-81
-89
-99
-99
-108
-105
-108
-106
-104
-106
-113
-116
-104
-102
-90
-96
-80
-82
-87
-92
-89
-72
-64
-51
-52
-39
-32
-20
-5
2
13
21
26
40
62
73
91
98
110
119
113
109
122
129
133
144
139
140
135
133
132
130
128
115
109
93
83
67
56
46
28
14
-3
-18
-29
-42
-57
-66
-78
-79
-90
-94
-98
-109
-117
-124
-124
-133
-141
-141
-144
-151
-145
-145
-134
-137
-142
-144
-139
-131
-113
-109
-109
-101
-91
-75
-56
-37
-30
-18
-7
14
31
54
66
87
112
121
148
167
173
175
175
173
185
181
174
175
164
160
148
137
137
120
107
100
95
81
68
53
26
14
-6
-21
-44
-56
-75
-81
-90
-101
-102
-110
-104
-106
-91
-90
-95
-95
-86
-86
-82
-82
-87
-79
-76
-70
-69
-74
-74
-71
-72
-64
-59
-53
-49
-33
-25
-13
-7
-9
8
18
35
40
54
64
71
77
87
95
106
114
115
112
119
137
140
146
154
157
144
143
142
135
125
114
96
80
59
54
42
28
8
-16
-32
-50
-62
-66
-69
-73
-88
-91
-92
-107
-111
-108
-113
-128
-133
-142
-146
-144
-150
-149
-150
-147
-150
-141
-137
-135
-126
-116
-106
-97
-94
-86
-87
-78
-55
-48
-24
-12
-2
17
31
55
66
75
94
112
134
144
153
167
175
175
180
168
166
161
154
147
138
134
120
106
101
88
82
73
60
51
31
13
-5
-14
-35
-47
-69
-83
-91
-92
-103
-107
-97
-96
-103
-100
-102
-99
-101
-108
-96
-102
-102
-107
-113
-103
-97
-101
-102
-94
-86
-81
-71
-61
-49
-35
-27
-20
-13
-13
-2
5
15
24
34
45
62
80
87
105
107
120
116
120
127
127
124
123
126
132
137
123
130
119
110
104
101
93
86
78
67
63
52
44
23
7
-13
-20
-27
-45
-52
-64
-78
-93
-104
-113
-117
-128
-133
-138
-143
-146
-148
-159
-155
-151
-148
-132
-131
-123
-121
-115
-105
-91
-81
-66
-52
-43
-21
-15
-6
8
17
19
26
41
54
63
61
78
75
84
102
107
114
124
130
137
144
157
163
157
159
163
161
152
140
131
116
100
82
60
34
20
-3
-24
-33
-45
-58
-80
-78
-95
-102
-102
-121
-108
-109
-102
-108
-113
-104
-94
-89
-96
-87
-74
-69
-64
-47
-39
-42
-40
-34
-32
-31
-29
-29
-29
-19
-10
-9
-12
-3
-3
11
23
31
47
54
66
76
77
88
100
110
114
115
125
128
133
134
136
137
125
122
120
119
112
98
79
70
52
31
15
0
-10
-26
-44
-58
-70
-89
-95
-102
-107
-116
-117
-119
-132
-136
-134
-139
-143
-150
-155
-148
-148
-139
-137
-127
-122
-127
-117
-117
-108
-94
-88
-78
-64
-58
-49
-30
-16
-2
16
35
57
80
90
99
122
147
159
172
170
175
178
175
174
174
173
168
162
161
151
149
140
128
113
90
74
58
44
35
25
-4
-22
-37
-44
-63
-65
-70
-77
-89
-95
-89
-99
-103
-117
-118
-117
-115
-118
-117
-122
-123
-116
-117
-112
-112
-109
-101
-103
-95
-91
-87
-73
-63
-54
-35
-24
-23
-13
-7
1
14
21
32
46
58
60
64
67
80
87
88
87
99
111
105
118
113
109
112
109
112
111
111
102
95
92
82
84
80
73
69
57
49
45
35
28
17
1
-8
-24
-34
-45
-61
-74
-81
-85
-103
-111
-120
-124
-120
-119
-124
-115
-127
-124
-117
-116
-111
-109
-107
-107
-100
-89
-73
-59
-44
-39
-28
-22
-6
7
11
28
38
36
61
65
66
74
72
80
84
92
95
100
97
99
100
101
97
97
96
83
79
78
73
62
54
41
30
19
5
-5
-14
-19
-27
-36
-40
-51
-70
-86
-98
-102
-108
-100
-110
-111
-113
-115
-115
-118
-110
-93
-85
-81
-70
-58
-44
-30
-22
-20
-9
1
22
30
30
31
35
35
39
42
49
57
64
65
71
85
92
97
95
103
110
114
117
108
107
107
106
113
109
105
101
95
91
93
88
82
77
64
49
41
27
17
3
-6
-15
-18
-40
-61
-61
-74
-82
-89
-101
-112
-109
-119
-125
-131
-134
-141
-136
-133
-123
-118
-121
-112
-104
-95
-83
-83
-81
-74
-58
-54
-44
-32
-21
-3
3
13
21
32
41
49
57
59
59
70
79
86
87
90
109
114
117
112
106
114
111
106
97
97
89
81
75
72
66
57
52
43
28
9
-3
-13
-31
-42
-56
-72
-88
-103
-119
-122
-133
-132
-129
-127
-132
-136
-126
-122
-112
-109
-114
-114
-108
-91
-78
-63
-62
-64
-57
-43
-37
-24
-8
1
9
22
35
41
48
54
64
71
67
84
81
86
87
94
97
90
107
112
120
119
125
127
122
119
117
110
97
97
95
85
84
73
59
56
49
40
28
16
7
-2
-17
-33
-54
-64
-75
-85
-90
-99
-106
-119
-125
-132
-138
-143
-150
-148
-138
-134
-127
-125
-118
-110
-96
-91
-86
-67
-53
-31
-11
9
28
47
61
77
84
93
101
111
115
114
117
110
123
120
110
116
105
100
90
95
99
100
98
85
89
84
71
69
62
47
45
38
24
17
5
-9
-20
-32
-40
-42
-62
-68
-81
-90
-97
-110
-116
-120
-131
-132
-131
-133
-139
-150
-150
-154
-153
-157
-148
-147
-138
-126
-109
-98
-93
-91
-79
-68
-57
-44
-26
-8
-2
13
32
49
59
70
77
86
82
85
90
88
87
83
86
91
89
89
98
104
104
108
108
106
104
104
104
95
88
83
72
64
58
58
57
58
49
44
45
25
21
17
-3
-9
-21
-31
-37
-37
-51
-62
-69
-81
-80
-75
-73
-67
-61
-64
-59
-63
-58
-52
-44
-30
-26
-20
-21
-4
0
14
18
25
24
24
34
23
34
33
39
32
40
41
47
52
52
65
65
64
72
69
72
74
70
69
58
54
48
49
39
43
38
28
19
-2
-5
-21
-26
-32
-41
-58
-77
-86
-93
-109
-132
-144
-147
-161
-163
-166
-174
-158
-158
-159
-152
-148
-139
-132
-121
-115
-106
-91
-77
-77
-70
-49
-36
-26
-19
-11
5
14
19
23
35
55
60
62
67
72
82
96
99
111
122
133
137
141
147
150
158
150
145
132
130
132
127
119
111
95
79
73
63
53
39
33
30
25
22
17
5
-8
-10
-12
-20
-27
-28
-45
-36
-40
-42
-39
-41
-43
-48
-43
-45
-49
-44
-39
-42
-48
-42
-43
-47
-42
-50
-59
-63
-57
-56
-57
-45
-40
-39
-36
-24
-26
-15
-4
2
16
24
31
40
38
33
45
51
56
53
56
54
53
47
45
46
41
47
38
41
34
22
3
-12
-24
-49
-55
-58
-66
-76
-86
-91
-92
-97
-94
-97
-96
-94
-95
-96
-91
-92
-79
-71
-71
-61
-59
-57
-47
-39
-29
-21
-18
-16
-10
-5
-2
-4
2
4
14
23
22
26
35
43
46
50
57
69
77
85
91
102
111
116
114
126
127
133
127
123
129
128
129
118
113
108
103
94
79
67
59
48
43
33
27
18
14
4
3
-10
-20
-32
-37
-52
-62
-65
-80
-75
-86
-99
-107
-111
-111
-115
-112
-108
-105
-101
-98
-85
-86
-84
-74
-66
-57
-48
-51
-52
-43
-39
-37
-28
-15
-9
-9
-4
8
15
26
26
34
43
49
43
44
45
47
52
53
53
48
50
49
37
38
27
22
15
5
5
1
-5
-9
-14
-10
-18
-18
-10
-17
-31
-34
-32
-32
-39
-49
-46
-45
-49
-46
-45
-50
-46
-49
-50
-47
-47
-49
-51
-42
-46
-42
-43
-41
-31
-32
-29
-19
-10
-5
14
15
27
31
38
48
47
52
62
70
75
74
85
85
80
85
79
81
86
83
83
85
80
80
67
76
76
65
67
63
57
55
50
37
37
41
40
37
32
23
12
3
-7
-24
-36
-42
-47
-56
-62
-69
-75
-79
-81
-89
-103
-101
-98
-104
-98
-91
-97
-90
-86
-83
-80
-70
-61
-55
-53
-45
-32
-23
-15
-8
10
16
27
28
34
40
44
46
53
60
60
69
71
79
84
82
87
79
89
82
89
95
93
99
93
98
89
85
92
76
69
67
55
44
28
17
5
-9
-25
-45
-59
-68
-77
-87
-100
-108
-115
-121
-124
-126
-122
-121
-120
-124
-125
-125
-118
-114
-103
-108
-101
-92
-85
-76
-60
-55
-51
-35
-27
-12
-2
14
16
18
25
39
42
37
40
43
45
50
58
57
66
67
69
67
72
76
75
77
83
81
73
72
65
65
63
56
60
59
60
52
50
40
43
40
34
23
23
22
13
11
11
14
5
2
1
0
-13
-14
-21
-33
-42
-43
-47
-56
-61
-63
-63
-70
-65
-62
-66
-72
-70
-69
-61
-57
-65
-51
-50
-42
-26
-24
-25
-11
-3
2
5
14
29
26
31
24
25
33
26
29
29
27
28
20
17
15
12
19
20
22
17
16
10
6
2
-4
-7
-15
-27
-25
-28
-35
-45
-45
-50
-54
-49
-56
-55
-60
-63
-63
-70
-66
-71
-77
-71
-72
-70
-66
-63
-51
-41
-27
-15
-6
8
17
29
29
41
46
50
56
60
74
84
86
89
95
99
106
112
118
114
124
119
120
112
109
113
110
113
111
104
99
85
83
89
82
78
73
72
64
63
50
43
29
20
13
7
4
-5
-18
-31
-42
-53
-62
-72
-71
-76
-83
-88
-108
-107
-116
-125
-128
-128
-129
-138
-135
-128
-119
-116
-106
-102
-92
-85
-76
-71
-67
-56
-48
-45
-34
-23
-15
-6
-5
6
10
13
20
24
32
32
43
48
47
57
57
54
54
54
59
60
60
59
59
55
56
50
49
39
34
20
6
3
-6
-10
-23
-26
-34
-45
-49
-46
-55
-57
-47
-55
-50
-49
-44
-36
-32
-21
-10
-1
-6
-1
3
12
12
23
24
24
23
21
26
26
31
36
37
25
20
21
24
36
31
40
40
43
50
43
53
52
48
48
37
32
27
29
28
26
21
15
20
18
17
20
20
24
21
14
9
7
10
7
-3
-5
-20
-22
-27
-42
-47
-62
-71
-71
-78
-82
-87
-90
-87
-88
-85
-82
-87
-85
-78
-76
-71
-64
-60
-57
-55
-50
-48
-31
-31
-36
-25
-16
-16
-6
-2
1
8
10
14
13
16
26
38
47
62
68
77
78
83
85
88
88
83
84
83
79
75
74
70
65
57
55
52
51
57
54
59
53
40
27
27
20
18
14
1
-7
-19
-29
-31
-32
-37
-39
-44
-46
-50
-54
-63
-65
-59
-59
-62
-53
-53
-47
-35
-40
-27
-27
-24
-17
-14
-10
-5
6
11
14
12
18
23
22
25
25
25
31
34
42
34
35
36
35
32
29
21
13
9
10
16
23
30
29
34
34
34
34
35
34
31
27
28
27
26
19
12
2
-1
-4
-11
-16
-28
-39
-49
-54
-67
-72
-83
-87
-94
-101
-104
-107
-107
-105
-106
-104
-95
-91
-78
-77
-75
-73
-72
-63
-59
-58
-48
-35
-29
-26
-21
-10
2
14
23
31
40
46
54
58
62
62
66
68
69
71
73
79
83
86
92
98
94
87
90
92
88
81
74
65
62
59
48
44
37
30
22
16
9
-2
-11
-14
-25
-33
-32
-43
-51
-58
-65
-66
-66
-62
-59
-59
-57
-57
-51
-42
-39
-40
-30
-20
-25
-18
-14
-13
-11
-7
-3
8
11
19
25
33
35
36
44
42
47
45
55
58
60
66
63
63
60
62
59
55
51
47
52
46
50
49
43
43
41
33
38
36
26
21
14
9
9
-2
-10
-4
-14
-21
-27
-27
-26
-33
-41
-45
-50
-59
-62
-68
-77
-85
-86
-92
-93
-99
-107
-100
-106
-106
-105
-96
-89
-77
-68
-62
-51
-47
-41
-32
-24
-20
-18
-17
-11
-13
-4
5
7
11
12
23
31
34
44
48
51
57
60
59
58
59
58
60
56
46
46
43
45
39
26
31
28
21
15
15
12
1
-3
-9
-10
-13
-19
-16
-16
-22
-18
-24
-21
-16
-15
-7
-6
-11
-14
-9
-16
-14
-15
-18
-11
-13
-14
-6
4
2
10
14
17
16
19
18
17
24
20
23
25
27
24
20
26
32
19
26
22
26
23
21
27
27
43
30
35
40
40
44
34
34
35
38
26
22
12
2
-3
-10
-16
-18
-22
-30
-36
-41
-38
-37
-35
-38
-37
-44
-47
-46
-45
-47
-43
-43
-45
-50
-61
-61
-63
-66
-62
-63
-71
-66
-63
-61
-59
-62
-62
-57
-50
-39
-32
-22
-9
0
10
22
31
42
53
61
69
76
77
80
84
84
83
82
85
91
94
90
87
88
78
80
80
77
73
57
49
39
37
28
21
10
10
6
5
-1
-5
-4
-3
-7
-19
-23
-30
-30
-31
-40
-46
-53
-59
-59
-63
-65
-63
-69
-70
-65
-67
-63
-62
-63
-57
-56
-49
-43
-43
-41
-37
-30
-22
-21
-25
-21
-22
-12
-10
-6
6
9
17
18
16
17
19
19
26
32
39
42
37
32
29
33
28
33
37
44
46
48
52
52
51
53
50
40
41
33
27
23
16
10
3
4
-4
-5
-11
-10
-13
-20
-20
-21
-29
-35
-33
-39
-29
-28
-32
-35
-32
-32
-33
-26
-20
-22
-17
-11
-10
-7
-12
-11
-13
-7
-3
3
14
15
20
26
27
32
42
48
47
54
52
50
51
41
35
36
31
31
29
17
15
16
18
22
16
15
20
13
11
4
-2
-4
-15
-23
-28
-26
-35
-37
-35
-43
-50
-60
-59
-61
-62
-62
-67
-61
-56
-52
-57
-49
-53
-54
-47
-48
-41
-39
-41
-44
-35
-29
-22
-14
-17
-15
-4
-4
5
13
15
21
25
36
36
36
37
33
35
36
33
38
34
34
30
31
27
24
22
28
29
24
24
25
26
18
24
27
27
29
29
31
18
13
11
4
0
-6
-10
-10
-18
-27
-29
-31
-38
-36
-35
-40
-41
-51
-52
-44
-38
-38
-39
-32
-36
-33
-28
-22
-17
-8
-8
3
12
9
10
12
16
19
22
24
27
40
37
36
43
45
43
41
44
48
48
41
32
25
26
18
13
5
4
4
4
1
-3
-4
-4
0
7
8
9
12
7
14
9
10
12
18
22
23
27
17
19
15
12
8
1
2
-3
2
-2
-5
-8
-15
-10
-15
-11
-17
-18
-15
-18
-11
-8
-9
-6
-7
-6
-8
-10
-7
-5
-1
4
2
3
1
7
9
10
11
5
13
9
10
6
11
7
-2
-4
-6
-10
-14
-19
-17
-21
-23
-18
-23
-17
-13
-16
-14
-7
-10
-11
-14
-15
-13
-15
-17
-22
-25
-30
-35
-38
-37
-45
-43
-41
-47
-51
-58
-61
-68
-70
-66
-72
-67
-62
-63
-54
-52
-46
-40
-38
-22
-16
3
6
16
19
22
40
39
52
51
61
70
74
75
70
81
72
72
79
77
81
88
91
93
85
85
84
83
79
78
78
78
74
71
69
61
54
45
40
25
22
11
0
-2
-18
-18
-27
-31
-36
-40
-49
-47
-52
-56
-51
-51
-50
-58
-60
-62
-58
-49
-44
-42
-45
-38
-31
-26
-20
-13
-12
-13
-7
-9
-7
-1
8
1
9
12
12
14
4
11
11
5
4
5
6
1
8
2
-5
-3
-6
4
1
-1
5
0
6
5
6
6
-7
1
-3
-15
-14
-25
-27
-26
-36
-34
-31
-42
-50
-53
-55
-64
-66
-65
-68
-70
-66
-71
-69
-69
-70
-62
-62
-56
-55
-53
-46
-38
-37
-31
-26
-17
-13
-13
-13
-8
2
0
11
21
26
41
41
46
54
55
65
68
72
70
70
72
74
82
78
81
83
80
76
71
74
73
67
68
74
67
59
61
60
54
52
49
46
44
40
30
19
14
4
-1
-10
-16
-15
-23
-21
-22
-20
-22
-21
-16
-14
-7
-14
-16
-19
-18
-16
-13
-14
-19
-18
-22
-24
-27
-24
-22
-20
-17
-14
-9
-10
-10
-15
-15
-9
1
4
6
15
17
23
18
18
21
13
14
15
15
17
7
1
0
5
4
7
-2
-5
-9
-21
-27
-32
-32
-31
-31
-40
-48
-44
-54
-65
-65
-69
-73
-75
-75
-75
-73
-67
-63
-66
-63
-61
-55
-50
-45
-31
-22
-21
-15
-12
-3
8
11
18
27
29
28
28
29
39
41
45
43
44
49
48
54
57
60
61
56
56
64
57
60
63
66
69
66
63
58
57
49
40
42
38
26
27
20
14
14
5
11
6
1
5
0
-5
-6
-12
-15
-17
-32
-35
-43
-47
-56
-54
-56
-60
-59
-63
-63
-68
-66
-68
-66
-68
-66
-60
-59
-57
-58
-48
-47
-39
-34
-27
-23
-21
-12
-19
-7
-8
-6
-2
0
4
-1
13
14
12
16
18
15
31
35
38
53
51
49
44
42
44
47
50
47
44
44
49
54
45
44
43
46
55
50
45
49
49
53
50
49
45
38
31
22
26
20
11
11
1
-2
-13
-22
-21
-31
-31
-35
-36
-40
-38
-28
-31
-26
-25
-26
-26
-27
-32
-29
-23
-21
-12
-13
-14
-14
-7
-14
-21
-25
-24
-28
-28
-14
-19
-8
-6
-11
-12
-6
0
10
15
13
21
20
25
24
24
20
24
29
22
22
17
15
16
14
10
10
4
4
-4
-3
-7
-13
-19
-27
-22
-24
-27
-25
-26
-35
-35
-33
-32
-31
-23
-22
-20
-21
-20
-16
-10
-10
-8
-8
-11
-4
-3
6
9
6
8
10
13
18
16
18
21
19
17
11
10
-1
1
-6
-1
-4
-9
-9
-14
-9
-9
-13
-9
-17
-18
-14
-20
-25
-29
-28
-32
-28
-33
-33
-35
-32
-34
-38
-38
-48
-47
-43
-39
-36
-37
-39
-30
-30
-26
-24
-24
-13
-7
0
0
6
13
15
14
8
20
24
30
32
36
41
37
38
39
55
57
61
65
69
75
73
79
80
89
81
86
80
84
88
84
79
73
73
69
65
55
49
44
38
27
24
21
19
17
8
8
7
8
10
3
0
-5
-6
-6
-13
-16
-25
-30
-44
-41
-44
-49
-48
-50
-57
-60
-64
-63
-57
-57
-56
-54
-53
-54
-52
-51
-40
-42
-36
-35
-34
-27
-29
-29
-31
-29
-23
-26
-15
-9
-4
7
10
14
27
33
37
39
25
36
28
14
4
-1
-17
-24
-31
-45
-44
-40
-27
-14
-6
-14
-22
-32
-36
-39
-29
-27
-33
-31
-30
-24
-19
-11
-7
-5
1
8
13
10
15
17
18
20
18
20
25
30
22
25
26
19
21
22
14
18
19
24
29
25
23
26
30
32
40
31
26
28
33
40
48
42
40
41
38
38
32
32
32
34
27
22
24
15
15
8
0
-5
-13
-15
-20
-25
-30
-34
-35
-35
-37
-44
-51
-50
-54
-54
-52
-54
-53
-55
-59
-56
-53
-52
-52
-52
-50
-59
-60
-61
-56
-48
-48
-44
-36
-31
-25
-18
-19
-12
-9
3
1
6
6
10
17
11
25
28
34
44
45
49
58
58
62
61
69
67
66
73
70
73
75
73
75
72
70
62
52
48
41
32
28
20
12
7
2
2
3
1
-8
-6
-6
0
4
-6
-9
-15
-17
-24
-32
-37
-41
-37
-38
-45
-45
-45
-47
-42
-41
-42
-46
-42
-31
-38
-33
-30
-34
-26
-23
-20
-7
-1
3
4
-1
-1
0
9
6
11
15
10
12
17
22
17
19
19
22
29
33
30
33
40
37
26
26
24
20
17
17
17
15
18
13
9
7
0
-2
-4
-2
-13
-13
-21
-27
-27
-33
-34
-36
-31
-42
-44
-44
-42
-36
-45
-38
-43
-46
-44
-43
-40
-38
-43
-37
-32
-20
-10
-8
4
7
20
19
22
27
27
29
31
32
34
35
38
37
32
34
31
27
26
33
30
27
26
27
27
38
27
26
30
21
24
22
16
20
9
0
2
2
5
0
-2
-3
-7
-10
-6
-10
-14
-12
-22
-27
-25
-41
-52
-47
-54
-55
-48
-54
-55
-43
-46
-46
-55
-50
-49
-46
-42
-40
-39
-34
-33
-30
-26
-23
-18
-11
-1
3
11
10
15
17
18
23
27
26
40
44
45
55
55
62
67
64
76
79
84
84
87
87
85
82
74
69
72
65
61
64
55
54
44
44
38
30
23
19
16
11
5
-4
-8
-12
-19
-16
-29
-37
-35
-46
-40
-42
-50
-47
-52
-60
-54
-50
-55
-53
-55
-54
-44
-53
-49
-46
-49
-44
-47
-48
-44
-41
-41
-39
-35
-26
-24
-16
-13
-16
-12
-14
-7
1
-6
1
-2
-1
-1
2
9
8
7
3
5
3
5
3
9
10
16
21
16
23
25
22
20
15
11
13
11
8
9
2
-1
1
-4
0
-2
-4
-7
-9
-8
-9
-7
-3
-3
-5
-8
-4
-2
6
0
-2
7
4
1
9
8
15
19
19
22
16
26
29
23
24
16
17
14
8
15
12
12
12
6
8
3
8
3
1
0
-1
0
-2
-6
-9
-12
-17
-18
-21
-22
-26
-23
-18
-20
-29
-20
-30
-27
-36
-38
-39
-45
-44
-49
-53
-49
-45
-46
-32
-35
-35
-27
-27
-28
-27
-30
-30
-28
-30
-24
-18
-22
-4
-2
2
9
22
28
36
34
34
41
32
45
51
56
58
62
63
70
76
78
81
76
72
74
65
65
64
60
59
58
52
51
46
43
39
30
27
23
20
14
7
8
2
-5
-5
-7
-9
-12
-12
-21
-19
-20
-25
-29
-32
-32
-30
-34
-38
-35
-40
-36
-40
-43
-41
-42
-39
-39
-37
-38
-41
-33
-31
-30
-24
-18
-10
-6
-8
-1
0
-9
-15
-13
-8
-3
-1
-6
-1
4
6
10
11
8
14
15
17
28
31
32
28
24
18
10
12
8
9
7
1
1
-3
1
-7
-10
-11
-14
-16
-15
-18
-13
-15
-16
-14
-17
-20
-27
-24
-24
-30
-30
-26
-25
-21
-17
-13
-14
-14
-9
-6
-9
-6
6
4
4
14
18
13
15
24
32
32
23
29
23
25
26
21
21
36
36
31
32
24
30
27
25
25
23
18
19
21
14
21
20
19
19
17
13
7
9
-1
-1
-10
-7
-19
-18
-20
-25
-22
-27
-24
-23
-21
-22
-27
-32
-35
-36
-34
-33
-32
-38
-32
-34
-33
-27
-26
-27
-17
-18
-17
-10
-9
-4
1
0
0
5
8
11
6
12
14
14
5
3
11
11
8
10
15
24
14
18
11
6
10
14
23
22
20
9
12
8
5
0
2
1
-4
-5
-10
-12
-15
-10
-21
-23
-27
-30
-30
-34
-30
-38
-33
-32
-24
-24
-21
-31
-31
-25
-29
-27
-31
-30
-36
-41
-35
-33
-34
-27
-35
-34
-27
-20
-9
1
2
10
17
17
22
25
32
30
28
37
39
34
37
38
40
42
39
49
48
48
44
51
53
51
55
51
54
48
49
46
47
48
46
44
37
35
31
25
25
26
13
14
8
7
6
3
4
2
1
5
3
7
7
0
3
5
-4
-3
1
-11
-4
-17
-24
-19
-26
-21
-25
-23
-18
-13
-7
-11
-11
-7
-8
-7
-7
-2
1
2
2
-3
1
-4
2
-9
-7
-4
-16
-7
-15
-12
-8
-11
-4
-11
-12
-15
-13
-17
-21
-21
-25
-24
-31
-34
-39
-39
-40
-36
-48
-46
-49
-55
-54
-58
-53
-58
-57
-54
-51
-47
-46
-39
-39
-33
-28
-9
-5
1
8
10
12
22
33
34
43
45
48
53
51
58
65
66
66
65
70
73
74
73
74
66
67
59
54
47
38
34
33
27
17
12
8
5
7
8
8
5
2
6
5
2
3
3
-4
-11
-16
-16
-27
-27
-32
-34
-44
-46
-50
-54
-49
-53
-49
-55
-56
-55
-60
-53
-56
-55
-50
-58
-48
-45
-45
-41
-32
-32
-25
-23
-26
-18
-13
-8
-3
-1
1
-2
-3
6
12
19
25
23
25
33
30
31
37
35
29
32
23
20
18
20
17
18
19
21
17
16
17
12
18
19
19
19
23
24
19
18
21
21
22
21
13
12
8
3
3
-2
-2
2
6
3
-1
0
-3
-8
-5
-6
-7
-7
-3
-6
-3
-2
0
3
7
9
17
8
18
15
10
8
5
13
11
15
14
18
16
13
13
14
15
13
13
17
13
15
13
10
14
14
5
1
6
-4
1
-8
-10
-11
-11
-10
-15
-22
-30
-26
-25
-24
-23
-26
-24
-20
-30
-29
-32
-30
-33
-32
-29
-34
-39
-43
-49
-45
-41
-40
-37
-32
-31
-25
-24
-26
-23
-27
-25
-23
-22
-17
-15
-10
-5
-5
-7
-2
3
6
13
12
9
13
18
29
29
27
33
28
30
35
30
30
31
34
38
40
35
34
39
33
44
42
36
40
28
30
30
26
29
18
17
15
12
5
-2
1
-3
4
-1
-1
-4
-3
-4
-3
-4
-14
-15
-16
-18
-29
-27
-26
-36
-35
-37
-48
-50
-54
-53
-50
-52
-51
-40
-33
-25
-14
-11
1
3
7
14
14
20
28
28
34
41
40
49
46
42
44
48
53
53
60
57
48
50
42
37
32
28
25
17
18
13
13
6
8
1
0
0
-8
-6
-6
-11
-9
-13
-14
-18
-13
-12
-20
-22
-23
-18
-24
-25
-27
-27
-26
-27
-30
-35
-35
-37
-34
-37
-39
-35
-33
-33
-31
-31
-29
-37
-33
-34
-28
-26
-25
-19
-15
-13
-6
-2
-5
2
2
8
7
6
4
2
2
6
3
5
11
9
7
7
12
11
13
19
19
19
17
14
13
11
7
1
2
-2
-12
-6
-3
-5
-2
-1
-4
1
2
6
9
11
11
8
7
7
6
7
4
6
3
7
6
7
11
10
16
16
19
19
20
19
19
18
18
24
32
30
33
33
36
38
34
35
38
35
32
27
27
27
28
24
14
8
13
8
10
9
0
5
-2
0
-2
-7
-7
-13
-23
-25
-26
-25
-21
-27
-33
-34
-30
-26
-25
-20
-20
-22
-23
-24
-17
-16
-18
-23
-28
-29
-32
-30
-37
-34
-35
-37
-39
-40
-36
-33
-30
-37
-34
-28
-24
-20
-13
-11
-9
-3
-3
-4
-2
-7
-7
-11
-6
-7
-1
0
-4
4
8
8
7
6
9
17
17
26
26
23
20
15
20
12
2
1
-3
-4
0
-3
-1
0
2
-1
3
3
0
-2
-4
-3
-5
-4
-5
-7
-3
-1
-3
-4
1
-1
6
9
7
8
9
14
15
18
15
15
23
14
17
22
12
20
20
18
18
18
16
22
24
29
30
23
28
19
17
13
7
11
8
10
3
-5
5
2
0
6
6
8
9
14
7
10
12
15
17
15
15
16
16
14
16
14
9
4
1
-1
-1
5
-3
1
-3
-3
-3
-6
-6
2
-2
0
2
-1
-2
-10
-8
-12
-8
-10
-8
-15
-15
-14
-13
-10
-14
-15
-11
-14
-13
-11
-8
-10
-12
-13
-17
-14
-17
-22
-23
-20
-20
-28
-26
-27
-27
-30
-32
-26
-29
-29
-36
-28
-33
-29
-26
-26
-20
-22
-17
-15
-15
-8
-8
-6
-6
-13
-4
-7
-3
-2
4
3
2
9
8
9
7
9
7
12
8
9
11
10
11
13
17
19
26
29
38
37
37
36
34
34
31
28
31
37
33
38
42
35
33
34
30
35
35
35
32
28
19
9
12
12
12
14
16
11
11
2
2
-5
-2
-12
-10
-13
-16
-17
-23
-18
-20
-18
-18
-18
-19
-13
-13
-13
-16
-13
-17
-15
-21
-24
-21
-24
-20
-28
-31
-29
-25
-24
-19
-20
-15
-11
-10
-11
-7
-2
-2
2
4
6
6
1
-4
-1
-2
-1
-5
1
-6
1
-1
-1
0
-4
-3
-4
1
-1
-9
-8
-13
-15
-17
-13
-9
-11
-12
-11
-13
-8
-11
-13
0
-3
-3
0
-1
-3
-3
-6
-11
-12
-17
-22
-24
-23
-35
-35
-33
-33
-34
-30
-22
-19
-13
-9
-4
-1
-2
-2
-2
0
1
2
8
10
10
12
9
12
12
18
14
16
18
15
20
20
23
21
24
24
24
25
22
28
32
41
40
36
30
27
31
26
27
31
24
23
26
23
27
24
23
34
31
33
30
24
26
24
20
17
10
11
12
-1
1
-6
-5
-8
-13
-17
-22
-18
-17
-17
-17
-15
-10
-5
-8
-3
-2
-3
-4
-9
-10
-9
-9
-13
-13
-10
-13
-12
-13
-11
-5
-3
0
4
5
6
10
10
15
13
22
21
16
16
12
17
11
10
1
-6
0
-5
-7
-9
-15
-15
-18
-16
-13
-16
-12
-8
-8
-13
-9
-11
-15
-5
-12
-12
-7
-13
-9
-6
-11
-10
-12
-18
-14
-14
-13
-9
-13
-16
-13
-7
-9
-15
-12
-12
-11
-11
-14
-19
-17
-20
-25
-24
-15
-18
-19
-16
-15
-11
-8
-5
-1
6
10
10
17
16
24
28
26
28
31
33
31
30
30
28
25
22
22
24
22
18
15
17
17
13
18
14
11
11
11
10
4
-5
-9
-10
-11
-11
-21
-19
-21
-22
-23
-25
-23
-18
-14
-15
-20
-16
-23
-24
-18
-24
-27
-23
-27
-31
-31
-32
-27
-27
-32
-33
-31
-30
-30
-32
-29
-30
-30
-28
-25
-26
-19
-17
-13
-12
-8
-2
0
1
9
13
11
12
12
15
24
21
11
17
26
19
24
28
21
28
25
27
32
30
34
35
35
34
30
29
30
34
22
26
28
28
27
23
25
29
31
22
22
13
14
14
13
19
20
24
24
24
23
21
17
14
17
21
17
14
10
9
8
10
10
5
3
1
-2
-2
4
1
4
2
9
6
3
2
-5
-7
-9
-7
-14
-15
-22
-29
-29
-36
-35
-36
-38
-34
-32
-28
-31
-25
-28
-27
-28
-27
-27
-31
-27
-24
-22
-22
-23
-23
-23
-28
-28
-30
-30
-25
-24
-23
-15
-9
-8
-4
-5
-5
-5
-2
2
-3
2
4
-1
7
6
6
7
14
11
11
13
15
16
15
18
15
20
22
18
18
17
17
17
16
19
21
21
24
19
23
25
24
23
20
18
17
19
11
10
11
16
13
8
16
11
9
3
-1
2
-2
-8
-7
-8
-4
-9
-16
-13
-13
-16
-13
-19
-18
-11
-7
-7
-6
-9
-12
-19
-19
-14
-15
-11
-8
-7
-7
1
-2
-6
-1
-9
-13
-9
-3
1
-3
-7
-10
-7
-6
-4
-8
-5
1
-3
3
-3
0
-2
-6
-4
-6
-4
-9
-8
-7
-9
-5
-8
-10
-12
-12
-13
-11
-8
-5
1
-3
1
-3
0
-4
0
5
7
13
16
10
10
13
7
7
10
5
10
14
15
16
15
12
18
21
15
17
11
14
8
8
11
5
6
12
13
16
14
10
12
12
6
3
5
3
3
1
2
-1
2
1
-1
-8
-5
-8
-10
-13
-7
-8
-7
-6
-10
-3
-2
-1
1
7
5
8
8
7
7
3
6
4
8
2
-1
0
-4
-5
-6
-10
-6
-10
-10
-6
-10
-8
-9
-7
-2
-5
0
0
-2
-2
-3
-6
-1
-2
1
-4
-5
-3
0
-3
1
1
5
7
5
1
-1
-3
-4
-3
-5
-6
-9
-8
-9
-15
-12
-15
-18
-18
-20
-23
-25
-22
-24
-24
-25
-26
-29
-26
-29
-28
-28
-30
-28
-24
-24
-20
-16
-11
-6
-5
0
6
5
6
4
6
7
9
8
5
6
9
5
5
7
14
17
22
30
29
32
30
34
31
34
33
31
25
25
16
22
18
19
22
22
28
27
31
23
25
21
24
30
32
33
27
15
6
-4
-4
-3
-4
-1
1
7
9
14
19
15
11
17
11
13
14
11
10
8
6
4
-5
-8
-9
-11
-10
-14
-12
-11
-12
-12
-7
-9
-7
-4
-11
-7
-5
-10
-5
-12
-5
-7
-6
-3
-3
-5
-2
-1
-2
-4
-12
-14
-22
-16
-12
-19
-10
-7
-13
-14
-20
-20
-19
-13
-11
-12
-6
-3
-3
-5
-3
-10
-11
-14
-18
-23
-22
-25
-22
-25
-21
-22
-22
-15
-18
-14
-17
-13
-13
-11
-10
-10
-9
-11
-8
-9
-12
-8
-5
-3
0
1
5
10
10
12
8
11
10
15
13
9
14
14
16
17
11
11
4
3
3
2
-1
0
-3
-7
3
1
8
13
14
14
13
18
23
20
22
17
17
26
22
25
14
9
8
6
2
3
-5
-4
0
-4
-1
-7
-6
-4
-4
-6
0
1
-3
-1
0
-5
-5
-2
4
-1
-8
-7
-10
-9
-10
-18
-8
-3
0
3
6
7
3
11
3
2
0
-4
1
2
2
4
4
10
2
-2
-3
-3
-4
-3
-1
4
5
8
10
8
11
10
12
12
4
1
3
0
0
-3
-9
-13
-10
-13
-12
-12
-9
-12
-16
-14
-12
-20
-15
-11
-10
-13
-8
-7
-5
-2
-3
4
1
10
6
1
8
10
12
11
11
10
6
13
10
10
11
6
10
6
3
3
5
10
13
11
12
15
10
6
11
3
5
-2
-12
-8
-17
-16
-14
-19
-13
-13
-15
-7
-3
-1
-2
2
1
4
5
1
5
-2
-1
0
6
4
1
1
-1
1
-3
-8
-6
-4
-6
-6
-4
-4
-7
-6
-8
-7
-10
-10
-6
-3
1
1
1
6
7
7
10
3
11
9
10
11
7
11
9
12
8
10
7
9
8
3
5
1
4
7
12
12
12
12
11
12
5
3
-7
1
7
2
5
3
5
-1
0
-1
1
2
-4
-7
-6
-5
-7
-2
-9
-16
-20
-25
-24
-26
-18
-20
-21
-22
-22
-18
-20
-16
-15
-12
-9
-6
-1
-1
0
-2
3
4
3
8
3
6
3
0
9
7
5
12
13
11
19
15
15
23
15
20
10
8
11
10
12
10
6
3
3
3
3
5
0
0
-1
-10
-9
-7
-6
1
2
5
4
-2
-6
-7
0
1
-4
-8
-6
-10
-6
-8
-15
-11
-5
-14
-9
-6
-14
-8
0
5
4
4
9
10
7
7
0
2
0
4
2
-3
-3
-6
-9
-5
-7
-9
-5
-9
-7
-2
-2
-4
-7
-1
1
-2
5
0
-1
-5
-3
0
2
4
7
10
11
7
6
1
4
3
7
6
2
4
1
0
3
0
-2
-2
-6
0
-8
-7
-1
-3
-1
3
7
3
3
3
7
9
3
12
4
6
8
-1
3
-6
3
0
3
4
2
8
9
12
7
3
-1
0
0
-3
-5
-3
-2
-2
-4
-4
-2
-2
-2
2
10
10
10
13
4
1
0
-2
-5
-1
-2
-8
-2
-4
-3
-7
-3
-9
-8
-7
-5
-8
-6
-5
-11
-7
-9
-7
-12
-11
-11
-4
-7
-10
-9
-10
-6
-9
-7
-10
-12
-9
-4
-5
-6
-8
-8
-5
-5
-6
-3
-2
-4
-3
-3
-10
-8
-5
-5
1
-7
-1
1
8
12
14
14
18
19
18
21
20
19
14
15
13
12
7
9
8
8
7
7
9
10
8
11
9
9
8
13
8
9
11
8
7
2
-7
-6
0
1
2
-2
3
-3
-6
0
-5
-1
-1
-3
2
6
-2
-10
-3
-4
0
1
1
-2
1
4
6
7
12
10
7
12
13
13
12
6
-3
2
-2
0
5
-4
-3
-5
-7
-14
-18
-19
-22
-20
-28
-23
-28
-29
-28
-27
-26
-27
-24
-25
-17
-9
-10
-11
-11
-10
-7
-4
-3
5
7
10
10
18
24
28
23
23
23
24
29
25
27
29
31
20
24
22
23
17
19
17
16
23
21
25
23
24
20
20
12
11
11
3
1
2
-2
-8
-9
-18
-15
-9
-17
-12
-15
-13
-14
-16
-17
-21
-24
-27
-29
-29
-27
-28
-29
-29
-32
-30
-36
-36
-31
-28
-32
-30
-21
-21
-15
-16
-16
-15
-13
-11
-16
-17
-18
-23
-25
-28
-26
-27
-26
-26
-25
-26
-23
-19
-17
-8
-8
-5
1
3
2
5
3
8
10
12
18
14
15
20
18
20
24
33
30
29
30
33
35
39
45
42
47
47
47
48
44
43
40
38
35
34
35
31
28
25
28
20
18
17
22
24
23
28
24
22
24
19
11
12
7
4
3
3
8
0
-3
-10
-5
0
-2
-11
-15
-13
-10
-16
-13
-14
-11
-6
-10
-8
-8
0
-2
2
-5
-5
-4
-9
-10
-12
-12
-13
-16
-15
-8
-14
-12
-19
-20
-19
-15
-18
-15
-17
-24
-16
-24
-24
-27
-29
-35
-37
-40
-36
-35
-36
-36
-36
-31
-37
-32
-34
-39
-41
-44
-39
-40
-39
-33
-27
-26
-23
-22
-18
-15
-11
-8
-12
-13
-6
-7
-2
-6
-3
3
5
8
13
11
18
22
23
39
39
43
45
46
47
49
48
47
49
43
40
36
33
35
32
29
26
20
18
14
18
13
14
16
17
15
11
9
10
13
17
17
18
22
20
22
25
22
22
16
13
9
15
6
8
5
-2
3
-3
-1
-2
-9
-12
-10
-11
-12
-12
-18
-15
-24
-21
-19
-19
-14
-11
-9
-5
-6
-5
-3
-3
8
4
8
11
7
7
8
4
-6
-2
-8
-7
-7
-7
-8
-6
-9
-5
-9
-8
-11
-11
-7
-11
-11
-16
-16
-18
-20
-17
-20
-22
-24
-30
-28
-30
-28
-25
-31
-28
-30
-27
-23
-25
-28
-30
-28
-26
-19
-18
-17
-14
-8
-6
-4
2
-3
3
7
3
10
9
18
15
19
20
18
20
16
20
23
28
24
25
26
27
24
19
28
26
21
22
21
22
29
27
27
28
30
31
24
27
18
16
12
8
6
-1
2
-1
4
3
7
9
7
8
8
3
5
1
-6
-8
-8
-8
-11
-10
-14
-7
-8
-3
-7
-6
-3
-2
-3
-11
-5
-7
-7
-11
-18
-16
-14
-14
-14
-14
-13
-12
-8
-12
-17
-15
-16
-14
-12
-10
-9
-2
-5
-5
-6
-5
-8
-9
-5
-3
2
2
5
1
6
5
5
4
8
8
3
7
3
4
2
9
5
9
10
6
7
7
8
9
7
3
3
0
0
-6
-8
-6
-1
-4
-6
-8
-11
-9
-9
-9
-8
-10
-9
-10
-12
-14
-16
-16
-15
-14
-18
-13
-11
-6
-6
-1
0
-2
-1
-1
-1
-3
-4
-1
0
-1
-4
-6
-5
-5
-6
-4
-7
-5
1
0
5
4
4
6
5
3
-1
3
5
2
0
5
6
7
8
7
5
5
9
0
6
3
9
5
3
3
0
-1
-3
2
5
9
14
10
15
21
24
20
20
22
22
23
18
18
15
15
15
18
16
13
13
11
4
7
18
12
17
15
11
12
14
10
2
1
2
1
5
7
2
-1
-2
-9
-17
-18
-25
-25
-25
-30
-30
-31
-31
-28
-23
-25
-21
-20
-21
-22
-28
-24
-23
-27
-24
-31
-30
-25
-26
-24
-26
-22
-16
-12
-8
-3
3
10
13
17
23
22
24
28
29
32
32
35
43
45
44
46
46
48
47
44
38
36
34
24
16
17
16
9
12
1
2
-1
-3
-3
-8
-14
-19
-19
-18
-23
-23
-24
-32
-34
-34
-29
-28
-24
-27
-25
-22
-22
-21
-26
-26
-21
-20
-19
-13
-7
-4
-8
-1
-1
-4
-8
-9
-8
-5
-3
-7
-3
1
-1
1
7
5
7
10
8
10
8
10
10
7
6
11
6
12
12
10
14
14
9
7
8
5
7
6
7
6
4
2
3
5
4
1
5
3
1
1
0
-5
-8
-9
-11
-19
-11
-8
-10
-10
-6
-1
-3
-1
-2
2
-5
-2
-2
-1
1
3
-2
-5
-5
1
0
3
4
-1
2
1
4
6
7
6
8
8
12
17
13
14
14
19
18
15
22
20
20
16
15
13
13
10
8
7
7
6
6
5
-2
-4
-2
2
-1
-4
0
1
1
3
-1
4
2
-3
-2
-5
-8
-10
-17
-21
-20
-21
-21
-16
-19
-16
-10
-13
-13
-14
-16
-13
-19
-18
-16
-22
-22
-19
-19
-23
-23
-24
-27
-21
-25
-23
-17
-20
-17
-18
-18
-16
-15
-14
-5
-4
-6
0
-1
1
8
3
7
6
13
8
10
17
10
17
17
10
18
17
15
22
15
13
11
9
13
15
18
17
15
15
15
11
13
12
13
8
3
5
7
5
7
5
5
8
8
5
6
3
1
1
6
10
7
9
8
1
-4
-3
-6
-7
-6
-2
-1
-4
-3
-4
-1
3
0
6
9
15
7
6
1
-4
0
0
3
0
3
4
0
0
-1
4
0
-1
-3
0
1
-2
-1
-3
-7
-7
-8
-7
-6
-6
-2
-6
-3
-2
-4
2
0
8
6
9
6
5
6
4
6
3
-1
-5
-7
-11
-11
-11
-5
-5
-5
-8
-7
-9
-12
-12
-16
-11
-8
-10
-7
-6
-10
-3
-3
0
5
8
12
14
14
11
14
15
17
20
20
24
26
27
26
30
31
26
26
28
31
36
32
28
25
22
23
23
16
16
15
11
12
8
6
0
-1
-4
-4
-5
-6
-9
-9
-12
-18
-16
-27
-29
-35
-25
-29
-35
-33
-34
-37
-36
-33
-42
-46
-46
-47
-51
-43
-48
-49
-49
-49
-41
-44
-37
-38
-40
-38
-32
-26
-26
-24
-20
-18
-18
-16
-16
-9
-13
-10
-8
-1
2
7
8
2
7
8
12
16
13
11
14
17
18
17
19
22
20
27
24
30
32
32
40
46
50
47
48
46
46
45
48
45
45
46
43
48
38
37
40
36
38
29
28
30
26
24
19
16
15
2
0
0
-2
-4
-8
-7
-12
-9
-8
-10
-10
-12
-14
-15
-20
-16
-22
-19
-24
-18
-24
-29
-26
-32
-27
-31
-30
-30
-27
-27
-25
-18
-22
-23
-17
-18
-19
-22
-22
-23
-23
-21
-25
-26
-23
-26
-16
-14
-9
-8
-7
0
-1
-3
-2
-2
-1
2
0
-4
-8
-5
-1
-5
-4
1
-4
2
-3
2
7
4
12
12
9
3
8
8
7
11
8
11
14
11
11
14
17
9
11
8
10
10
13
15
15
18
16
13
10
16
15
18
23
19
17
23
26
17
9
14
26
27
14
5
-1
1
-7
-4
-10
-9
-2
-12
-3
2
-3
1
4
0
0
0
-11
-6
-8
-13
-9
-14
-17
-15
-17
-17
-28
-27
-23
-19
-15
-16
-18
-20
-15
-20
-16
-5
-7
-2
4
10
17
20
17
15
24
24
22
27
32
26
25
30
30
28
32
26
33
26
34
26
18
20
15
16
11
5
2
4
0
6
6
9
6
4
3
-5
-6
-11
-13
-15
-13
-12
-18
-19
-24
-29
-37
-33
-29
-31
-26
-34
-32
-23
-24
-28
-34
-31
-32
-28
-21
-28
-23
-15
-14
-19
-18
-14
-11
-2
-7
-7
2
-6
-4
-4
-5
-2
-2
-7
-1
-6
-2
0
-4
4
2
1
1
5
5
10
9
10
11
7
7
10
6
7
8
7
2
9
6
6
13
16
11
11
13
8
7
10
9
9
16
12
11
7
7
6
2
6
8
9
11
8
9
15
13
12
14
14
5
2
4
5
-1
-4
-2
-1
3
2
2
3
10
9
4
7
3
3
-2
-3
-5
-8
-8
-12
-8
-6
0
-3
-2
1
-1
2
1
2
3
7
0
-11
-14
-18
-11
-16
-17
-13
-18
-13
-23
-27
-20
-24
-21
-26
-31
-27
-15
-20
-18
-18
-18
-10
-11
-4
-5
-4
-8
-8
-7
-4
-3
-5
-5
0
0
2
8
4
5
10
6
4
8
8
11
14
17
12
10
8
21
19
16
18
13
12
14
15
13
14
13
14
14
19
14
20
26
20
21
25
23
23
21
21
20
10
18
14
15
15
17
17
10
7
8
5
3
3
0
1
-6
1
-1
3
2
-2
-7
-1
2
2
3
-6
-3
-1
-1
-3
-5
-7
-8
-2
-5
-13
-13
-14
-11
-12
-11
-10
-10
-12
-9
-9
-8
-4
-15
-17
-17
-23
-28
-32
-37
-38
-38
-34
-35
-36
-29
-23
-20
-15
-4
-3
7
2
1
4
-1
1
-1
1
-1
2
5
5
10
13
15
24
31
32
34
37
41
40
41
42
45
48
53
52
51
43
42
36
33
30
29
30
23
19
11
10
1
4
0
-7
-7
-17
-13
-25
-30
-31
-33
-38
-41
-49
-47
-50
-48
-44
-43
-45
-46
-41
-39
-42
-46
-33
-35
-29
-29
-35
-32
-30
-31
-30
-26
-27
-29
-28
-21
-20
-11
-8
-14
-5
-1
-2
-3
1
2
-2
2
3
5
5
8
19
20
21
15
19
22
16
15
15
12
16
17
20
12
10
13
11
20
13
14
14
10
11
14
13
12
15
17
15
22
17
16
15
14
18
15
14
9
8
7
5
5
9
10
16
17
16
19
12
14
12
12
18
12
14
16
11
9
10
6
2
0
-3
4
4
6
8
6
-2
4
5
-6
2
0
-4
0
-1
-2
-1
-1
0
-1
-6
3
4
-1
2
-4
-2
2
3
-5
2
-2
-2
-1
-4
-5
-8
-10
-8
-6
-9
-8
-13
-7
-10
-18
-18
-18
-19
-26
-25
-24
-28
-28
-30
-30
-31
-30
-29
-28
-23
-22
-21
-11
-16
-11
-9
-8
-3
-2
-3
-2
4
10
9
6
9
7
3
4
4
3
9
8
7
10
12
11
14
12
13
8
8
13
12
15
18
13
9
12
13
11
9
6
7
11
11
5
-2
4
11
10
5
4
8
9
8
3
8
9
10
7
7
4
3
5
4
0
2
1
3
7
5
0
-4
-2
-5
-1
-2
-6
-8
-4
-1
4
1
0
-3
-1
-1
-4
-5
-5
-9
-11
-14
-25
-20
-22
-23
-23
-24
-22
-27
-23
-25
-22
-18
-14
-12
-12
-12
-12
-11
-13
-12
-2
0
5
10
9
14
19
17
17
20
19
26
29
32
34
34
33
37
34
32
28
31
30
28
30
33
31
27
20
23
21
22
22
16
15
13
14
15
15
13
14
8
12
6
5
1
-2
-6
-15
-12
-19
-21
-26
-30
-30
-35
-35
-37
-40
-42
-40
-42
-42
-39
-45
-36
-37
-42
-38
-35
-38
-38
-31
-33
-34
-29
-29
-23
-18
-21
-15
-7
-7
-6
-10
-16
-3
0
-1
0
1
0
3
-3
-2
-7
-10
-8
-7
-5
-1
-2
-3
-1
1
-3
-1
2
4
6
0
0
5
7
6
9
13
7
11
17
21
21
22
21
23
33
33
35
33
33
38
41
41
40
42
40
46
50
49
49
48
50
43
49
48
43
42
39
34
23
21
19
9
10
8
6
3
-1
-2
-5
-4
-10
-11
-9
-16
-15
-16
-21
-23
-24
-31
-31
-31
-33
-32
-28
-27
-26
-30
-27
-28
-31
-31
-32
-26
-29
-27
-25
-31
-33
-33
-29
-33
-36
-32
-36
-26
-26
-27
-28
-21
-15
-22
-18
-15
-19
-17
-15
-12
-3
-6
-4
-3
0
7
3
6
2
1
5
8
11
11
12
2
8
6
3
6
6
6
5
9
5
9
10
11
8
6
2
4
4
1
4
2
7
9
6
8
9
10
9
8
7
6
10
10
12
17
19
20
16
21
24
34
35
25
26
31
32
37
37
35
36
31
29
25
27
21
20
21
16
19
16
20
22
18
10
10
7
12
9
5
0
2
0
0
2
-7
-8
-14
-20
-30
-31
-33
-33
-35
-35
-29
-24
-28
-32
-31
-36
-30
-31
-38
-39
-40
-37
-38
-41
-41
-45
-45
-42
-38
-37
-32
-28
-20
-17
-15
-9
-6
-7
-4
-4
1
0
3
4
4
10
8
12
13
12
17
11
15
16
14
4
10
6
-5
1
1
6
13
22
17
19
20
29
32
31
31
20
24
18
21
21
19
23
18
21
22
22
24
27
27
27
23
20
19
18
15
13
7
1
0
-1
-4
4
4
6
13
12
21
18
20
17
16
11
10
2
2
3
2
-10
-10
-4
-13
-6
-13
-9
-8
-9
-8
-1
6
2
1
-4
-4
-5
-8
-7
-11
-14
-11
-21
-16
-18
-15
-17
-16
-12
-9
-12
-8
-11
-14
-13
-19
-16
-18
-13
-16
-12
-10
-14
-11
-16
-18
-15
-20
-26
-24
-27
-29
-29
-31
-37
-32
-31
-38
-35
-43
-38
-38
-35
-34
-37
-33
-29
-18
-13
-10
-8
-5
-5
2
-4
-4
2
-2
7
6
13
16
19
26
22
28
29
38
50
50
50
47
48
44
45
45
42
42
43
43
43
39
36
41
43
41
34
28
25
27
26
22
19
19
9
6
3
-5
-11
-15
-16
-23
-25
-32
-27
-31
-27
-33
-30
-35
-41
-34
-32
-32
-31
-27
-33
-34
-35
-27
-28
-23
-22
-26
-26
-29
-26
-24
-23
-23
-25
-21
-21
-18
-16
-19
-14
-9
-9
-6
-1
-8
-5
2
3
3
-3
3
6
6
13
12
16
17
28
28
36
37
30
37
35
29
31
34
29
37
35
34
38
32
32
30
31
35
38
41
40
39
36
35
34
30
21
24
24
21
19
19
21
19
18
21
24
28
23
21
26
23
20
10
11
8
6
3
7
6
1
5
-5
-6
-8
-9
-8
-7
-10
-14
-9
-7
-10
-16
-15
-13
-19
-13
-15
-18
-21
-29
-26
-32
-36
-34
-45
-47
-48
-57
-56
-62
-60
-63
-64
-62
-61
-58
-63
-63
-62
-55
-53
-57
-54
-40
-40
-33
-27
-19
-20
-15
-14
-16
-1
5
7
7
14
23
24
32
36
43
51
53
51
54
56
52
61
58
60
60
64
64
64
63
59
53
51
44
41
41
34
40
40
30
22
19
9
5
9
1
-4
-7
-21
-23
-28
-35
-44
-45
-45
-49
-51
-51
-57
-62
-66
-70
-63
-69
-72
-73
-67
-65
-69
-75
-69
-64
-63
-61
-68
-63
-60
-61
-51
-49
-48
-42
-36
-33
-29
-23
-11
-9
-1
5
7
10
17
17
21
28
27
29
33
39
40
37
40
40
39
43
42
50
56
60
63
63
65
63
60
64
60
58
55
52
55
48
47
47
45
42
42
39
42
42
42
44
42
39
38
37
31
29
28
24
23
20
24
20
19
16
7
11
9
9
12
11
5
3
5
5
5
0
-3
-7
-12
-11
-17
-18
-21
-18
-24
-25
-23
-24
-27
-30
-32
-34
-32
-34
-31
-22
-20
-25
-19
-16
-13
-7
-7
-7
-9
-10
-9
-1
-10
-9
-8
-17
-17
-22
-18
-26
-22
-21
-22
-28
-29
-34
-42
-31
-29
-18
-17
-20
-16
-15
-10
-3
-7
-5
-4
-10
-8
2
3
7
7
0
-2
-1
2
-4
-6
-9
-5
4
-1
8
5
1
2
-3
-4
-6
-11
-9
-6
-14
-14
-15
-24
-24
-28
-31
-29
-30
-29
-29
-18
-21
-24
-12
-12
-17
-12
-11
-13
-14
-7
-8
-10
-7
-7
1
-3
-3
2
-1
4
9
14
20
24
32
40
49
50
54
60
64
64
63
63
60
60
54
48
46
40
33
32
35
34
37
35
34
34
28
21
19
13
2
0
-7
-8
-6
-13
-13
-19
-19
-21
-21
-21
-23
-24
-21
-16
-17
-15
-15
-20
-23
-29
-27
-26
-28
-27
-28
-24
-24
-18
-24
-26
-28
-28
-24
-27
-19
-25
-20
-14
-20
-23
-23
-20
-23
-21
-22
-19
-15
-20
-14
-16
-15
-12
-13
-13
-14
-7
-5
-1
-3
-4
1
3
6
9
14
19
20
21
19
18
18
19
23
27
32
24
21
28
26
29
36
29
34
34
31
32
29
32
34
29
37
39
37
36
34
34
28
25
15
19
14
17
20
22
20
18
15
11
5
1
4
-2
-4
-12
-15
-17
-18
-18
-20
-16
-16
-14
-13
-14
-17
-15
-22
-21
-21
-19
-22
-27
-24
-28
-32
-28
-34
-33
-33
-36
-28
-32
-34
-32
-34
-30
-32
-34
-33
-36
-30
-22
-26
-25
-24
-25
-25
-25
-24
-22
-19
-15
-15
-14
-12
-11
-9
-12
-6
-9
-1
3
7
5
6
11
10
16
19
22
16
21
24
20
18
20
21
21
22
21
21
20
20
22
20
18
19
16
15
17
15
17
19
16
18
17
19
19
17
20
19
24
23
20
17
17
16
17
14
15
16
12
19
15
11
13
14
14
16
11
15
12
4
5
8
3
-7
-8
-7
-7
-11
-15
-15
-13
-16
-10
-10
-9
-8
-8
-5
-5
-4
-8
-4
-8
-10
-10
-13
-14
-16
-13
-18
-17
-14
-11
-10
-13
-17
-15
-8
-12
-11
-7
-4
1
4
5
9
10
6
6
1
1
0
-3
0
3
-1
4
3
-3
-2
0
-3
-1
-8
-7
3
-4
-5
-7
-10
-7
-10
-8
-12
-13
-19
-15
-12
-21
-23
-27
-24
-20
-15
-16
-19
-14
-16
-12
-8
-8
-1
-3
2
11
10
16
9
15
21
17
23
28
31
37
36
30
33
29
24
21
19
21
19
15
12
21
20
21
21
10
12
10
1
-2
-3
-8
-1
-5
0
-2
-9
-1
-1
-8
-9
-6
-10
-5
-10
-9
-11
-11
-5
-11
-15
-16
-14
-15
-10
-14
-18
-16
-18
-21
-17
-14
-13
-15
-15
-15
-10
-17
-18
-14
-12
-11
-17
-18
-14
-19
-19
-12
-15
-13
-11
-8
-3
-2
-3
1
2
3
4
4
3
8
7
7
9
7
6
8
6
12
8
2
3
-1
2
0
6
-4
1
3
2
4
2
7
9
15
14
17
18
15
22
10
8
13
8
11
3
-2
0
4
6
5
-4
0
11
5
9
8
10
13
11
12
13
15
21
14
17
18
17
17
10
15
11
16
10
8
9
10
13
13
11
6
3
-5
-4
-7
-8
-6
-8
-9
-5
-2
2
4
-3
-4
-2
-5
-7
-1
-7
-15
-13
-11
-6
-8
-6
-3
-4
-2
-5
-6
-10
-10
-11
-11
-10
-10
-5
-7
-14
-13
-10
-13
-9
-10
-9
-9
-7
-2
-1
2
-3
-4
-1
-2
-5
-8
-1
5
-2
-4
-2
-9
-4
-4
-3
4
1
6
-1
1
3
2
4
0
5
10
9
12
14
13
8
4
7
3
1
4
5
9
12
9
9
9
11
10
3
3
-1
0
-4
-1
-1
-3
-1
-2
1
-3
-3
-6
-2
-4
-8
-7
-6
2
-7
-9
-9
-18
-11
-10
-14
-10
-6
-9
-7
-2
-6
-10
-7
-2
-1
-2
3
-6
-7
-6
-12
-14
-9
-7
-5
-1
-4
-5
-6
2
0
4
0
0
6
-2
1
8
7
8
4
7
3
1
3
-3
0
-7
-9
-8
-6
-1
-2
-1
5
4
-1
0
1
0
-1
-4
-3
-3
-4
-5
0
2
0
3
3
9
12
12
15
20
20
19
20
19
21
20
17
16
12
5
2
0
-1
1
-3
-2
-3
-4
-2
-6
-13
-13
-14
-13
-12
-10
-5
2
-4
0
5
6
9
6
12
20
20
22
19
15
7
10
6
0
6
1
4
1
1
6
6
9
8
12
16
17
14
11
6
12
8
5
5
-1
-3
-8
-11
-13
-15
-18
-22
-25
-29
-31
-37
-39
-31
-32
-34
-38
-43
-37
-37
-32
-33
-32
-32
-29
-26
-22
-24
-30
-28
-25
-26
-25
-26
-26
-24
-21
-17
-15
-15
-8
-5
-4
1
12
12
16
20
20
21
17
19
19
21
22
26
27
34
37
37
42
38
40
45
41
36
34
35
36
34
32
32
31
33
36
37
30
31
29
26
25
27
30
26
21
20
23
18
19
21
14
15
10
12
12
15
8
12
15
8
13
8
5
6
-4
-4
2
-7
-6
-6
-12
-14
-14
-14
-21
-19
-19
-16
-19
-14
-11
-18
-20
-22
-26
-20
-27
-30
-26
-29
-27
-28
-31
-34
-29
-29
-33
-28
-27
-33
-31
-27
-25
-28
-28
-21
-21
-19
-19
-12
-8
-7
-8
-3
3
0
5
9
0
-3
-2
-2
-2
-7
-6
-13
-16
-16
-22
-16
-19
-13
-18
-22
-17
-19
-14
-15
-10
-9
-7
-3
-1
1
3
5
8
12
15
16
15
14
18
16
20
25
24
29
28
27
25
26
27
33
29
25
26
26
25
23
21
24
24
19
23
22
22
17
15
21
18
21
15
12
13
8
7
4
2
1
0
-1
-5
-8
-4
-4
-6
-11
-15
-17
-13
-13
-19
-23
-23
-19
-24
-20
-19
-25
-26
-23
-19
-15
-14
-14
-18
-14
-14
-24
-26
-29
-22
-23
-26
-24
-23
-25
-21
-23
-19
-15
-22
-15
-14
-8
-12
-9
-2
1
1
-3
6
-3
1
3
2
11
10
14
13
17
13
12
12
12
13
17
17
22
26
22
27
31
23
23
26
33
34
30
29
33
35
34
33
29
27
31
30
30
35
30
35
35
35
26
25
25
29
25
14
16
8
7
5
1
6
3
0
-9
-7
-7
-6
-7
-12
-11
-9
-9
-13
-17
-20
-26
-29
-31
-30
-32
-32
-35
-40
-43
-41
-41
-42
-35
-33
-30
-32
-33
-28
-28
-25
-24
-24
-25
-21
-25
-30
-25
-29
-22
-23
-19
-14
-10
-5
-9
-8
-6
-4
-7
-3
6
6
11
4
1
2
4
3
1
7
7
10
8
11
7
5
6
4
6
16
11
16
21
21
25
21
26
25
26
28
28
30
27
32
27
23
27
21
22
15
13
12
6
6
1
-2
3
-1
5
7
2
0
6
5
6
5
5
3
2
3
7
9
2
3
1
4
6
6
3
4
3
-6
-1
1
1
0
-1
-4
-6
-2
0
-4
-6
-9
-6
-4
-5
-2
-5
-4
-6
-12
-8
-2
-4
-2
-7
-7
-4
-7
-16
-19
-21
-9
-8
-16
-17
-18
-15
-18
-25
-27
-26
-31
-29
-25
-32
-29
-30
-26
-27
-20
-21
-17
-7
-10
-4
-7
-6
6
14
13
7
4
9
5
3
2
8
7
8
12
10
17
15
14
11
11
16
19
21
24
22
17
16
20
20
15
19
18
16
20
18
18
19
16
14
14
8
6
6
6
3
1
-1
-4
-4
-9
-5
-10
-7
-14
-11
-6
-13
-13
-12
-10
-5
-2
2
4
3
8
7
4
8
5
6
7
4
5
8
8
10
12
14
12
13
12
10
11
10
9
11
12
12
13
4
3
-2
0
-2
-2
-3
-1
-4
-4
-6
-8
-9
-11
-7
-13
-13
-13
-16
-19
-24
-26
-28
-23
-25
-24
-28
-26
-23
-27
-22
-22
-23
-22
-22
-23
-23
-17
-20
-20
-17
-20
-14
-16
-14
-16
-15
-12
-12
-13
-11
-8
-6
-5
-3
4
3
8
10
14
15
14
16
19
24
21
21
23
19
21
22
16
16
19
18
15
20
16
13
13
12
9
6
5
7
10
11
11
10
9
8
13
8
7
9
8
9
10
9
8
9
0
0
3
0
3
4
5
1
6
6
3
8
7
6
8
7
8
8
11
7
8
11
8
14
9
10
5
6
13
5
12
5
9
6
4
6
1
7
0
1
0
-2
-1
1
-2
0
-2
1
1
2
2
-1
2
0
-3
-6
-7
-11
-11
-15
-13
-14
-12
-15
-12
-16
-19
-15
-21
-17
-19
-16
-19
-18
-16
-16
-15
-16
-13
-9
-11
-10
-12
-12
-10
-12
-9
-10
-11
-11
-8
-2
-3
-5
-3
-3
-2
-5
-4
1
1
0
4
6
6
9
6
7
8
7
7
4
6
3
2
5
1
1
-3
-2
2
3
3
5
3
3
0
-2
-1
-2
-4
-1
-2
-1
0
-3
1
-3
-3
-5
-3
0
1
2
1
1
1
1
0
3
-1
9
10
10
13
12
18
18
16
17
20
18
17
7
5
6
-2
-6
-7
-13
-10
-19
-14
-16
-21
-18
-18
-20
-22
-17
-20
-16
-24
-19
-17
-12
-10
-9
-3
-2
0
-3
2
6
9
7
11
17
19
20
24
28
36
37
33
38
38
37
36
30
29
32
29
29
24
17
17
12
10
12
7
0
-4
-11
-13
-16
-20
-23
-24
-22
-23
-25
-30
-34
-34
-44
-42
-37
-38
-37
-34
-32
-30
-25
-28
-24
-22
-19
-15
-19
-16
-15
-12
-5
-5
-4
1
-5
5
11
9
12
13
17
19
16
14
13
17
18
17
16
16
19
16
15
20
15
17
15
12
7
6
7
0
1
-3
-4
-9
-5
-7
1
-2
-3
-1
-3
-2
-3
-4
-1
-1
-6
0
0
-1
1
-1
2
2
4
7
10
7
11
15
13
16
15
11
16
14
15
18
15
11
14
13
14
23
21
23
20
18
19
18
19
19
16
15
13
8
9
10
5
5
0
-2
-5
-3
-4
-7
-11
-10
-9
-13
-13
-18
-15
-17
-15
-15
-18
-19
-15
-17
-18
-20
-24
-21
-18
-17
-19
-14
-13
-18
-11
-10
-11
-11
-10
-12
-11
-3
-7
-3
-4
-1
1
2
0
-1
0
-2
1
-1
0
-5
-2
-2
-1
0
1
-1
3
4
0
0
-3
-6
-3
0
1
6
4
1
-1
1
-5
-5
-6
-5
-3
-7
-4
-5
-2
-1
-3
2
-1
5
4
6
2
2
-3
0
1
2
2
0
4
1
0
-6
1
-3
2
2
4
6
4
6
3
5
3
5
8
3
4
4
5
7
5
2
2
3
6
7
7
13
11
10
11
9
8
10
5
5
6
2
7
7
4
8
6
5
2
4
4
1
-1
-4
-1
-5
-6
-9
-8
-6
-2
-5
-4
-4
-4
-1
-4
-4
-4
-6
-6
-7
-8
-11
-8
-10
-14
-14
-14
-11
-17
-11
-12
-10
-8
-8
-5
-6
-3
-3
-2
-2
-1
-3
-3
-2
2
-3
-2
1
0
0
-1
-3
0
1
1
2
6
6
8
7
2
12
11
9
6
7
7
6
7
10
9
9
10
10
9
5
2
2
3
5
10
3
3
5
2
4
1
3
3
-1
-3
-3
-5
-2
-2
-2
-7
-6
-4
0
-3
-1
-3
-3
2
-4
-1
-2
-5
-1
-3
-5
-8
-9
-7
-9
-9
-8
-7
-5
-6
1
0
6
8
7
12
8
8
5
6
5
7
2
3
2
3
0
1
0
2
2
2
4
1
6
6
4
4
3
3
4
2
3
3
7
4
2
-1
-4
0
-1
2
1
-2
1
4
3
6
9
2
6
3
0
5
2
5
6
2
4
4
3
4
4
0
2
0
-1
4
0
2
0
4
1
-3
0
-5
-8
-5
-10
-13
-11
-14
-9
-6
-3
-2
-3
-3
-4
-8
-4
-4
-2
-1
-2
-1
-5
-2
-8
-1
-5
-4
-2
-4
-3
1
-1
1
2
-1
1
0
-3
-6
-6
-4
-3
-2
4
-1
-2
-2
-3
-1
0
-2
2
-1
-1
-4
0
3
-3
1
3
1
5
0
-1
-4
-1
-2
-3
0
-6
-3
-8
1
1
1
5
4
4
6
7
6
6
0
-1
2
2
-1
-2
-1
2
-3
-6
-4
-3
-8
-4
-4
-2
-3
-6
-3
-7
-6
-4
-6
-8
-5
-6
1
3
3
-2
2
2
4
6
12
10
1
5
2
3
3
1
5
2
2
5
0
7
4
4
8
6
5
5
4
6
10
6
6
3
3
2
0
-1
-1
-1
-2
-5
-6
-3
-4
-6
-7
-5
-11
-8
-10
-12
-10
-8
-7
-7
-3
-3
-2
-1
-3
-1
0
3
3
3
8
6
2
4
0
1
3
2
1
0
2
2
7
3
7
9
5
5
-2
3
3
6
3
5
6
4
3
3
5
5
5
3
3
1
-1
2
4
8
8
6
6
8
5
6
6
4
4
3
5
7
8
3
5
3
-3
0
-2
0
-6
-7
-7
-10
-8
-11
-14
-14
-13
-16
-15
-11
-15
-16
-14
-8
-7
-14
-8
-10
-10
-8
-9
-14
-13
-13
-13
-11
-7
-3
-4
-2
-1
-2
-3
0
3
2
-1
1
-1
1
2
1
1
-1
3
0
2
7
6
11
13
10
6
9
8
11
13
11
13
8
9
8
10
7
2
5
2
8
3
6
1
6
5
2
3
9
6
14
15
10
12
9
13
10
13
8
9
11
5
9
5
7
7
8
6
9
11
13
9
14
11
9
8
8
10
3
-1
1
-6
-5
-5
-9
-8
-14
-12
-11
-13
-15
-12
-12
-14
-10
-10
-11
-12
-11
-13
-15
-13
-16
-18
-19
-19
-16
-22
-23
-19
-22
-18
-15
-15
-12
-14
-7
-9
-5
-5
-7
-3
-3
1
-3
-5
-1
-3
-3
0
-2
1
2
2
4
4
8
12
14
10
10
4
5
8
8
6
5
5
3
8
6
7
8
9
8
8
11
8
12
11
11
9
7
8
5
3
8
6
6
6
5
6
0
4
6
7
5
4
4
3
-1
-3
-5
-6
-6
-8
-5
-8
-7
-7
-8
-8
-6
-5
-3
-2
1
2
3
0
1
3
1
0
6
-1
-1
-6
-4
0
-3
-6
-4
-2
-7
-1
-5
0
2
-2
-3
-1
-2
0
-1
2
3
4
3
3
5
2
1
0
2
-1
0
0
3
1
2
4
1
2
1
1
-1
0
6
6
5
5
2
5
4
0
4
3
5
-2
1
4
6
4
1
3
1
0
-2
1
1
3
1
0
-1
-5
-3
-3
-2
-4
-1
0
-3
-6
-6
-4
-8
-11
-13
-17
-11
-10
-10
-8
-11
-8
-5
-7
-7
-7
-9
-9
-8
-12
-9
-5
-10
-8
-6
-5
-4
-5
-6
-2
-4
-7
-6
-10
-8
-7
-7
-12
-8
-8
-7
-7
-7
-1
-1
-7
3
-2
1
8
2
7
6
10
9
11
14
14
17
20
20
21
18
16
17
13
16
13
12
12
11
10
12
14
13
10
11
17
16
16
17
16
19
15
15
13
12
9
5
6
2
0
1
-3
-4
-3
-3
0
2
5
4
1
-1
-1
-3
-2
-1
-6
-3
-2
-11
-9
-8
-15
-10
-9
-12
-11
-12
-15
-10
-11
-13
-6
-9
-10
-6
-9
-7
-4
-5
-3
-5
-2
-1
0
0
3
1
-3
-1
-3
-7
-6
-8
-4
-4
-3
-1
0
2
4
4
2
4
1
4
5
6
7
6
4
6
4
2
4
0
0
0
-1
0
1
2
5
1
-1
0
1
1
-1
-1
-5
-4
-5
-4
-3
1
-1
1
2
-2
3
-2
3
2
-1
-4
-9
-1
-3
-2
-3
3
0
-5
-1
-3
3
0
4
1
0
3
1
2
-1
-3
-5
-5
-8
-6
-5
-4
0
0
-2
-3
2
1
1
4
0
2
1
7
3
5
2
0
3
2
6
-1
1
0
-4
-1
2
-5
-3
-2
-8
-6
-4
-8
-3
-6
-8
-9
-14
-13
-14
-13
-13
-10
-6
-9
-3
-6
-3
-1
0
3
3
4
6
5
7
5
8
7
6
7
5
6
