SAMPLES:	16230
BITSPERSAMPLE:	16
CHANNELS:	1
SAMPLERATE:	16000
NORMALIZED:	FALSE
6
8
6
0
2
-4
1
3
-2
3
0
2
1
-1
3
6
4
3
5
3
4
5
6
4
2
5
1
-1
1
-1
-2
-2
-2
0
-1
7
7
5
6
1
4
4
6
1
-1
2
8
4
0
2
1
-1
2
1
-2
-1
3
0
0
1
-4
-3
-4
-5
0
-3
-2
-6
-4
-2
-4
-2
-1
-1
-1
-3
-4
-9
-7
-8
-7
-3
-6
-5
-1
-1
3
4
4
4
6
4
4
10
12
12
6
5
3
4
1
2
6
3
7
9
8
8
7
9
4
4
5
4
2
1
1
1
-3
2
4
2
-1
3
3
1
1
-9
-4
-10
-7
-11
-9
-11
-7
-4
-4
0
-4
-3
-7
-3
0
0
-4
-3
-6
-4
-4
-7
-3
-2
-1
-7
-1
-3
0
-1
-3
-4
-1
-3
-3
-2
-3
-3
-2
-1
0
0
0
-5
-4
2
3
2
6
7
6
6
6
6
7
6
5
7
8
6
2
-2
0
-2
-4
-4
-4
-5
-5
-7
-5
-11
-8
-1
-3
-2
0
3
5
5
5
6
6
3
2
3
-1
-3
-5
-3
-2
-5
-7
-7
-6
-4
-4
-5
-7
-3
-8
-10
-8
-9
-5
-6
1
-3
-6
-5
-4
-2
-2
5
1
8
5
6
8
4
10
6
3
7
7
-1
5
9
5
7
2
3
6
6
0
-2
4
4
5
4
1
-2
0
2
4
-2
-2
2
-3
-1
-3
-3
-4
-2
2
-3
-3
-8
-10
-8
-5
1
-2
-1
-3
-3
-3
3
-6
-4
1
0
1
2
3
0
-1
3
-1
-4
-2
-2
2
-1
3
1
1
1
3
4
4
9
4
5
1
2
6
5
8
8
2
3
1
4
5
6
6
3
-1
0
5
-1
4
1
-1
-2
0
-1
0
-1
1
7
-1
0
2
3
-1
-4
-3
-2
-8
-9
-11
-10
-13
-16
-12
-13
-12
-10
-12
-8
-8
-5
-2
-2
0
0
1
7
5
8
9
7
6
6
4
3
3
7
7
7
10
4
8
2
6
7
6
4
2
0
0
2
1
-1
0
4
5
5
1
9
6
8
2
4
1
-3
1
-6
-6
-5
-7
-6
-3
-3
-4
-8
-4
-2
-3
-1
1
1
-1
1
-5
-2
-4
-4
-3
-8
-6
-6
-7
-10
-3
-3
-3
-1
-4
-1
2
2
2
1
-4
-7
-6
-1
-6
-2
0
0
8
4
4
10
4
11
6
6
5
1
1
2
3
0
1
2
-2
0
5
1
4
3
9
3
4
-2
-4
3
2
3
0
-7
0
-3
-2
1
1
6
2
3
3
5
2
2
1
3
0
-3
1
0
2
-1
-1
-5
-6
-11
-6
-9
-7
-7
-7
0
-1
6
7
2
6
2
7
4
3
4
1
2
2
8
9
6
3
5
5
1
-5
-1
2
-1
0
0
1
1
-7
-2
-1
-5
1
-5
-4
-3
3
3
3
7
3
-1
-4
-3
-6
-7
-5
-6
-7
-6
-8
-5
-1
-6
-1
0
0
2
0
-3
-1
-1
-2
0
-5
-4
-7
-4
-8
-9
-7
-2
-1
-5
2
-3
-1
-4
-8
-9
-7
-6
-10
-9
-11
-7
-6
-3
-5
-3
-1
-5
4
4
1
6
9
9
6
7
5
13
12
13
15
17
19
17
13
13
11
11
11
11
13
11
12
11
8
8
8
9
5
-1
-2
-6
-5
-8
-7
-5
-6
-11
-9
-9
-10
-8
-4
-3
-5
-3
-6
-3
-8
-9
-11
-15
-15
-17
-16
-11
-11
-13
-9
-5
-6
-5
-2
0
-1
-5
-3
-6
-8
-5
-8
-5
-7
1
5
9
3
5
2
-3
3
-4
1
-1
-4
1
-1
3
5
3
6
7
0
3
5
8
3
4
5
4
9
5
6
-2
3
0
1
2
4
0
5
6
3
5
-2
2
-3
6
4
3
7
4
1
3
2
5
6
4
2
1
-3
0
-2
-3
0
1
1
-1
-2
-3
3
3
4
1
1
2
-1
0
0
-2
-2
0
-1
-1
-3
-2
0
0
2
1
0
4
2
1
1
1
2
2
2
-1
0
1
3
9
3
3
8
5
4
1
8
5
4
5
-1
3
0
3
6
3
6
5
1
2
4
6
1
1
-3
-4
0
-1
1
-4
1
0
-2
1
0
3
-1
-1
-1
-2
-1
-2
0
-9
-6
-10
-6
3
-7
-3
0
-3
2
3
6
1
2
-1
-2
-3
2
0
-1
-3
-7
2
-9
-3
-5
-2
0
-2
2
-1
1
-3
-4
-2
3
-3
-7
-6
-11
-11
-1
-6
-6
-7
-12
-8
-5
-5
0
4
2
1
-1
2
-5
-3
-2
-5
-3
-7
-7
-8
-6
-5
-6
-1
0
3
2
5
7
1
0
0
0
5
3
3
7
-2
5
6
1
2
0
2
6
0
4
1
2
5
-2
2
2
6
1
10
3
6
4
-3
0
-4
-1
-7
-4
-9
-2
-1
-2
-3
-5
-5
-3
0
0
-1
-1
-1
-1
-1
-4
-4
-4
-4
-4
2
-1
-2
2
1
4
4
3
0
-2
1
-2
-1
-4
2
-4
1
2
1
5
4
2
1
3
2
2
2
3
6
0
-1
-1
2
7
6
5
4
5
-1
2
4
1
2
-5
4
5
-1
0
-4
-3
-5
0
1
-1
1
-2
-1
2
-1
0
-3
-3
0
-2
2
-5
-5
-3
-1
-2
-4
1
-2
-3
-8
-3
-6
-4
0
-5
1
-2
-6
2
1
0
2
7
5
5
2
3
-5
-2
-4
0
3
-2
4
4
2
4
5
10
7
10
13
9
11
3
2
2
2
3
4
2
4
1
4
5
2
0
-2
-1
-2
2
-6
-4
-3
-2
1
-6
-3
-3
-7
0
-4
-4
-1
3
1
5
5
2
7
2
5
8
2
-1
-2
-3
5
1
5
6
3
1
2
2
-1
7
10
6
4
2
4
4
4
3
4
8
3
3
-1
-2
-2
0
2
3
6
4
4
6
6
5
2
-1
2
0
-2
-11
-8
-9
-10
-9
-1
-2
-1
-1
-8
-4
-6
-3
-3
-2
-4
-2
-5
-9
-13
-12
-11
-10
-9
-17
-10
-8
-8
-5
-5
-3
3
-2
0
-5
-1
3
4
8
0
4
2
-2
0
0
4
-2
-1
-5
0
-3
1
-2
-2
1
2
2
2
3
3
6
3
4
7
8
1
4
5
1
7
-5
-3
0
0
-2
-4
-1
-4
-1
-6
1
-3
1
-2
-4
3
1
3
1
-1
2
-4
-5
-5
-8
-7
-10
-10
-8
-9
-3
-3
-4
-5
-1
1
-7
-9
-6
-7
-3
-2
-7
-4
-6
5
3
2
7
4
7
7
9
5
4
3
11
7
10
8
3
7
5
7
8
2
-1
4
4
2
0
-1
-3
-6
-3
2
0
2
2
1
3
1
1
-1
1
-5
0
1
0
-1
3
-3
2
1
-2
-2
-2
3
2
-1
3
-1
-5
-7
-7
0
2
4
2
-1
-3
0
0
-1
1
2
-3
-2
-3
-6
-5
-6
1
-1
0
3
1
6
1
0
-2
-1
2
0
2
4
5
6
1
4
1
1
0
-2
4
-1
1
2
3
3
-1
1
-3
1
5
2
2
1
7
9
3
3
5
5
2
6
3
6
4
3
-1
4
4
2
3
-1
7
1
5
5
2
0
-6
-2
-4
-4
-8
-6
-5
-6
-7
-3
2
3
3
-3
-1
2
1
1
-1
6
2
4
8
2
9
8
9
6
7
5
4
7
5
2
6
10
9
8
3
3
0
4
4
5
4
0
3
-4
-4
-4
-1
-1
-5
-7
-12
-11
-9
-4
-10
-8
-7
-3
-9
-5
-6
-1
-3
-5
-10
-13
-10
-4
-5
-11
-4
-4
-2
-3
-5
-9
-4
-4
-1
-4
-1
-3
-4
1
-2
-6
-3
-5
-2
-2
-6
-6
-5
-5
-3
-7
-5
-2
3
7
6
0
-4
1
-1
-1
-2
0
1
6
2
6
6
1
8
2
5
3
2
0
1
3
-1
0
2
2
-1
7
4
9
9
5
8
3
4
9
8
1
1
-5
0
-1
-7
1
-1
-5
-2
1
-5
-4
-5
-5
-1
-2
-2
1
2
-5
-1
-3
-8
-7
-1
3
-7
-6
0
-1
-8
-5
-7
-8
-8
-8
-10
-8
-7
-5
-1
-1
4
2
6
10
8
6
6
4
6
6
7
10
8
6
10
5
4
6
10
9
4
12
14
19
13
10
16
16
16
14
13
9
8
8
13
9
7
-3
0
-6
-6
-8
-16
-15
-18
-19
-25
-31
-32
-34
-33
-30
-35
-34
-33
-35
-38
-36
-42
-40
-38
-37
-36
-37
-25
-26
-18
-17
-13
-9
-9
-2
2
2
8
14
19
25
28
35
43
47
50
57
64
63
68
69
73
84
80
82
85
85
86
82
78
76
66
61
56
47
35
23
13
-2
-11
-26
-31
-43
-55
-63
-76
-78
-88
-87
-92
-93
-94
-95
-99
-98
-92
-91
-86
-83
-75
-74
-69
-57
-49
-34
-25
-14
-7
8
18
29
37
40
47
52
57
64
75
77
81
80
85
84
87
83
79
75
65
62
51
40
37
28
16
8
-5
-6
-20
-27
-33
-44
-46
-51
-57
-62
-64
-75
-74
-77
-76
-79
-75
-71
-69
-61
-61
-54
-50
-47
-39
-34
-29
-25
-20
-14
-6
3
10
21
24
30
35
37
41
47
52
53
57
58
59
64
59
63
62
62
62
58
62
58
57
61
62
60
61
62
63
63
61
63
67
71
72
71
75
77
80
67
59
51
40
23
7
-12
-23
-40
-57
-70
-85
-94
-110
-117
-130
-140
-140
-146
-148
-149
-155
-155
-152
-151
-147
-139
-136
-124
-117
-102
-91
-76
-62
-50
-34
-26
-11
3
23
36
53
67
77
93
95
107
114
115
116
106
102
91
82
65
52
34
16
-3
-23
-43
-57
-70
-93
-105
-114
-125
-135
-135
-141
-137
-141
-138
-129
-123
-111
-100
-85
-71
-49
-28
-1
22
47
73
100
132
161
202
233
267
301
335
370
401
434
459
486
500
513
515
512
499
466
433
392
333
274
204
133
59
-23
-103
-187
-263
-341
-416
-483
-548
-592
-634
-666
-696
-718
-728
-728
-718
-696
-673
-637
-604
-557
-506
-456
-399
-340
-275
-211
-145
-74
-2
62
136
205
271
331
389
443
499
552
601
632
667
691
701
714
709
702
679
649
604
556
499
437
370
293
210
119
39
-51
-137
-224
-308
-388
-469
-543
-606
-655
-699
-729
-755
-762
-763
-753
-728
-693
-649
-596
-531
-460
-389
-310
-229
-148
-61
20
98
172
246
316
375
436
488
533
583
621
652
677
696
701
697
694
683
678
668
659
644
630
611
593
564
537
503
463
414
362
300
230
142
50
-50
-162
-270
-375
-480
-586
-680
-775
-855
-928
-987
-1037
-1064
-1073
-1074
-1057
-1026
-982
-926
-856
-783
-693
-600
-510
-412
-314
-217
-132
-36
56
140
213
268
324
380
432
479
523
562
589
616
642
655
675
685
698
695
687
671
650
609
560
504
436
368
283
191
101
13
-72
-178
-265
-354
-431
-496
-565
-614
-660
-688
-705
-711
-704
-683
-663
-623
-578
-528
-466
-396
-316
-244
-161
-78
4
84
160
240
305
372
442
508
564
624
683
738
801
854
919
978
1032
1089
1131
1171
1200
1217
1209
1178
1122
1049
949
822
673
509
324
122
-71
-279
-489
-688
-875
-1056
-1221
-1367
-1484
-1580
-1655
-1705
-1736
-1734
-1712
-1669
-1612
-1535
-1438
-1342
-1221
-1095
-966
-836
-701
-570
-438
-291
-154
-21
110
244
378
516
651
769
888
1001
1094
1180
1252
1327
1376
1403
1409
1396
1366
1317
1253
1176
1086
976
852
727
599
462
331
182
31
-113
-243
-371
-485
-580
-671
-757
-829
-889
-934
-963
-981
-981
-971
-948
-910
-876
-831
-776
-710
-641
-569
-488
-407
-319
-238
-146
-57
43
149
236
330
406
480
552
605
655
697
732
760
762
749
736
709
678
625
566
507
434
360
285
208
129
56
-18
-89
-142
-189
-220
-247
-261
-257
-244
-221
-194
-150
-102
-38
19
73
122
162
205
234
258
280
284
284
279
259
224
181
135
84
33
-30
-100
-159
-227
-296
-356
-419
-469
-527
-576
-617
-655
-688
-708
-723
-737
-739
-732
-725
-710
-694
-670
-627
-588
-539
-486
-428
-374
-306
-235
-158
-78
-3
74
148
232
318
395
473
547
616
672
730
780
818
852
875
881
879
874
858
831
787
737
677
593
505
411
314
205
95
-19
-129
-229
-330
-424
-502
-565
-618
-663
-691
-704
-700
-701
-693
-672
-635
-595
-555
-509
-468
-411
-350
-296
-219
-148
-75
-9
61
128
192
256
306
365
417
468
524
573
621
676
724
783
849
906
969
1016
1054
1083
1096
1105
1089
1048
989
905
792
673
515
350
169
-12
-195
-381
-565
-748
-915
-1078
-1217
-1341
-1443
-1528
-1585
-1615
-1614
-1592
-1549
-1478
-1397
-1300
-1189
-1072
-945
-824
-696
-571
-446
-333
-224
-104
4
115
211
314
415
498
585
664
729
790
848
896
931
966
978
990
987
974
957
927
895
846
791
725
658
585
503
423
345
262
168
92
2
-85
-176
-262
-348
-434
-513
-584
-649
-699
-750
-787
-808
-813
-816
-805
-777
-736
-683
-632
-561
-494
-419
-346
-273
-201
-134
-59
4
69
127
188
240
275
316
343
382
410
432
457
478
498
520
537
551
569
586
604
627
647
672
697
738
764
789
819
846
870
871
868
849
813
761
683
589
468
327
173
10
-163
-332
-506
-679
-844
-998
-1142
-1262
-1365
-1453
-1513
-1554
-1570
-1561
-1533
-1475
-1407
-1314
-1213
-1106
-990
-876
-754
-626
-499
-376
-269
-157
-43
63
173
278
376
469
559
638
717
799
873
939
994
1040
1075
1096
1115
1115
1097
1065
1025
979
926
859
776
681
590
483
367
256
144
27
-93
-218
-341
-469
-584
-699
-805
-900
-985
-1049
-1098
-1122
-1139
-1136
-1114
-1069
-1003
-922
-825
-725
-609
-483
-352
-221
-94
46
166
277
382
483
588
675
750
815
866
907
935
945
947
935
919
912
886
858
812
765
735
698
678
658
640
624
620
612
608
612
600
586
559
508
443
364
275
163
31
-123
-294
-468
-639
-808
-964
-1112
-1253
-1370
-1471
-1542
-1589
-1606
-1580
-1542
-1479
-1415
-1310
-1189
-1064
-927
-790
-652
-517
-375
-241
-122
-15
91
175
247
309
366
419
469
511
554
589
619
649
689
720
743
765
774
783
784
785
773
755
728
699
650
607
562
518
460
399
324
252
176
88
-4
-105
-208
-312
-408
-505
-593
-679
-743
-794
-831
-856
-870
-870
-860
-832
-784
-722
-646
-572
-486
-397
-297
-204
-116
-25
60
130
198
272
336
394
439
486
529
563
587
602
616
628
635
635
625
611
607
616
621
634
667
702
746
804
852
883
924
967
1007
1018
1013
984
934
854
730
583
416
231
32
-183
-397
-614
-817
-1013
-1197
-1360
-1502
-1620
-1718
-1786
-1812
-1814
-1795
-1750
-1674
-1574
-1466
-1337
-1201
-1055
-918
-786
-654
-530
-400
-279
-162
-57
39
132
229
319
406
489
575
651
730
815
894
975
1043
1105
1160
1188
1218
1245
1245
1234
1201
1161
1106
1043
966
863
757
636
501
359
201
28
-140
-312
-490
-674
-840
-991
-1133
-1252
-1348
-1406
-1449
-1458
-1443
-1405
-1340
-1253
-1153
-1036
-896
-762
-602
-453
-301
-147
-8
140
278
417
542
662
775
872
969
1037
1100
1151
1186
1225
1250
1260
1257
1240
1216
1198
1172
1152
1130
1107
1100
1079
1052
1026
985
946
903
838
762
667
544
402
240
65
-128
-345
-566
-780
-1002
-1218
-1426
-1621
-1787
-1931
-2038
-2126
-2169
-2178
-2153
-2093
-2005
-1894
-1755
-1595
-1422
-1240
-1052
-853
-659
-456
-274
-86
81
242
379
508
629
747
852
948
1018
1075
1129
1158
1188
1212
1236
1248
1251
1234
1204
1165
1128
1076
1025
961
892
815
726
647
544
434
321
188
48
-110
-263
-405
-566
-712
-871
-1025
-1158
-1278
-1363
-1424
-1459
-1484
-1471
-1442
-1379
-1299
-1192
-1063
-913
-758
-600
-426
-244
-69
100
267
422
572
713
841
955
1046
1125
1195
1244
1274
1302
1301
1288
1268
1238
1195
1147
1075
994
933
870
822
769
726
689
665
642
617
598
580
552
517
460
384
292
185
58
-98
-263
-445
-634
-824
-1007
-1183
-1348
-1497
-1634
-1750
-1839
-1905
-1945
-1945
-1908
-1843
-1746
-1623
-1482
-1313
-1146
-970
-776
-595
-409
-227
-57
91
238
364
474
573
650
727
785
842
875
889
922
938
953
956
971
983
993
978
955
928
910
897
873
839
801
755
701
640
563
478
375
273
149
14
-141
-294
-451
-614
-772
-930
-1080
-1208
-1306
-1381
-1433
-1466
-1469
-1444
-1378
-1304
-1195
-1065
-931
-761
-593
-425
-244
-69
115
275
431
578
710
834
930
1033
1102
1177
1222
1254
1265
1264
1261
1243
1213
1179
1129
1077
1033
965
905
855
826
799
766
745
719
699
676
652
614
568
493
405
298
153
-9
-191
-372
-562
-755
-954
-1149
-1339
-1506
-1673
-1806
-1912
-1986
-2022
-2027
-2004
-1944
-1851
-1726
-1580
-1423
-1252
-1065
-875
-674
-470
-292
-112
47
199
335
458
559
655
740
809
866
901
925
941
952
970
978
989
999
1009
1011
1001
987
979
981
971
960
930
893
842
786
719
629
530
417
297
153
-3
-172
-348
-529
-700
-867
-1034
-1170
-1305
-1400
-1468
-1515
-1536
-1524
-1490
-1426
-1323
-1206
-1061
-923
-778
-614
-440
-268
-100
72
237
390
533
666
788
900
984
1055
1116
1157
1197
1217
1232
1232
1209
1186
1143
1104
1061
1043
1013
988
972
959
959
949
952
938
927
913
886
839
763
652
523
365
172
-24
-245
-468
-698
-929
-1152
-1366
-1561
-1736
-1891
-2018
-2121
-2184
-2203
-2185
-2130
-2056
-1935
-1802
-1636
-1465
-1285
-1093
-882
-681
-488
-289
-109
77
241
389
517
636
743
846
927
986
1041
1086
1125
1164
1187
1205
1217
1219
1233
1234
1234
1215
1188
1149
1103
1053
1001
944
874
801
696
583
457
307
148
-12
-187
-360
-549
-760
-956
-1136
-1306
-1445
-1576
-1688
-1751
-1793
-1784
-1751
-1674
-1570
-1450
-1311
-1158
-969
-785
-590
-395
-201
-21
167
349
525
694
839
971
1089
1194
1274
1330
1372
1407
1414
1403
1377
1342
1296
1247
1209
1171
1135
1102
1088
1073
1069
1057
1041
1028
1008
979
936
868
769
645
500
324
118
-107
-342
-583
-822
-1060
-1292
-1524
-1718
-1895
-2046
-2170
-2265
-2321
-2335
-2302
-2240
-2136
-2002
-1836
-1646
-1444
-1228
-1008
-785
-563
-352
-144
45
232
395
528
654
758
859
952
1021
1079
1118
1156
1196
1226
1244
1249
1262
1258
1250
1229
1191
1156
1108
1064
996
932
854
772
691
599
509
396
281
150
4
-154
-324
-508
-682
-855
-1025
-1187
-1345
-1483
-1590
-1669
-1713
-1716
-1699
-1644
-1552
-1437
-1295
-1141
-964
-788
-594
-401
-208
-15
179
368
550
707
857
993
1111
1204
1282
1337
1378
1417
1420
1397
1364
1312
1240
1169
1086
1008
941
886
836
791
761
749
750
748
748
758
767
764
732
677
595
488
364
206
21
-185
-404
-628
-857
-1064
-1276
-1470
-1649
-1792
-1914
-2011
-2055
-2083
-2055
-2004
-1922
-1816
-1680
-1517
-1348
-1162
-973
-784
-583
-401
-230
-69
82
225
339
442
520
595
661
721
780
812
847
873
899
922
930
956
981
992
1000
1014
1019
1016
1010
989
971
932
884
840
777
722
643
545
436
299
169
19
-142
-319
-513
-685
-858
-1026
-1178
-1314
-1419
-1492
-1529
-1532
-1511
-1459
-1382
-1270
-1150
-1010
-848
-683
-509
-343
-171
-16
146
303
451
594
709
819
917
1000
1062
1106
1148
1164
1181
1166
1143
1111
1052
989
929
881
852
832
820
831
854
889
931
971
1012
1050
1065
1044
994
905
802
654
478
269
35
-209
-466
-718
-970
-1219
-1453
-1670
-1863
-2030
-2153
-2251
-2304
-2316
-2290
-2232
-2126
-1985
-1823
-1647
-1464
-1269
-1067
-849
-654
-459
-282
-104
62
206
339
458
572
673
767
845
918
982
1042
1097
1139
1173
1212
1247
1284
1306
1312
1322
1318
1299
1281
1252
1209
1171
1097
1011
910
781
640
496
324
152
-45
-254
-462
-680
-886
-1104
-1297
-1466
-1616
-1714
-1795
-1833
-1835
-1798
-1747
-1649
-1517
-1364
-1189
-1014
-823
-621
-406
-192
17
222
417
591
769
908
1044
1164
1257
1339
1396
1446
1467
1477
1463
1430
1375
1292
1195
1096
1014
946
906
870
849
851
855
868
876
893
904
903
881
812
720
603
449
261
41
-194
-436
-685
-938
-1192
-1432
-1651
-1854
-2031
-2180
-2286
-2354
-2381
-2353
-2309
-2214
-2085
-1925
-1742
-1542
-1347
-1129
-899
-670
-456
-248
-57
122
279
421
544
640
733
816
881
939
988
1033
1084
1116
1164
1186
1220
1255
1288
1322
1314
1321
1303
1278
1259
1221
1165
1103
1030
930
821
693
557
407
236
50
-143
-343
-553
-769
-989
-1204
-1390
-1548
-1681
-1792
-1863
-1890
-1884
-1844
-1774
-1662
-1527
-1359
-1178
-989
-782
-563
-345
-125
94
292
493
674
852
1013
1162
1285
1389
1468
1530
1564
1574
1561
1527
1486
1414
1328
1214
1117
1026
957
892
833
808
790
780
777
776
777
789
782
748
672
593
483
335
153
-69
-303
-532
-770
-1014
-1251
-1491
-1712
-1903
-2061
-2185
-2281
-2333
-2336
-2314
-2249
-2147
-2000
-1821
-1615
-1391
-1174
-942
-723
-487
-256
-41
153
326
493
624
729
829
912
974
1025
1062
1084
1101
1122
1128
1136
1122
1119
1116
1107
1091
1066
1045
1018
997
957
925
869
814
745
678
582
485
374
245
117
-49
-234
-421
-613
-810
-1003
-1188
-1359
-1498
-1604
-1700
-1755
-1773
-1746
-1681
-1595
-1486
-1348
-1192
-1020
-827
-619
-412
-198
19
228
430
622
805
981
1140
1279
1389
1470
1532
1551
1551
1516
1466
1400
1307
1195
1070
934
828
737
666
628
600
600
603
633
665
687
723
743
753
740
698
620
518
371
198
5
-217
-439
-667
-896
-1133
-1349
-1564
-1737
-1893
-2014
-2095
-2151
-2159
-2138
-2081
-1995
-1874
-1719
-1549
-1368
-1170
-971
-763
-564
-372
-193
-11
141
287
420
526
607
681
741
789
834
864
906
940
978
1014
1046
1086
1117
1146
1162
1176
1180
1171
1173
1152
1133
1107
1068
1020
954
858
759
631
496
344
162
-33
-250
-460
-696
-922
-1153
-1366
-1542
-1696
-1804
-1881
-1930
-1923
-1892
-1832
-1729
-1606
-1450
-1273
-1078
-873
-655
-425
-187
48
275
479
681
875
1071
1234
1362
1469
1537
1577
1589
1586
1565
1523
1465
1370
1265
1166
1087
1021
989
955
926
926
932
949
961
973
980
980
945
889
791
669
516
325
83
-163
-420
-681
-939
-1219
-1474
-1704
-1908
-2093
-2246
-2368
-2439
-2457
-2433
-2375
-2300
-2157
-1997
-1812
-1600
-1389
-1165
-940
-711
-496
-275
-72
117
286
437
571
684
787
879
945
1002
1042
1077
1113
1150
1180
1213
1234
1251
1270
1278
1274
1262
1247
1219
1181
1144
1103
1056
1005
939
848
757
646
521
384
220
34
-169
-379
-599
-826
-1051
-1280
-1481
-1645
-1778
-1875
-1942
-1959
-1940
-1877
-1780
-1668
-1504
-1328
-1135
-937
-729
-502
-273
-29
182
372
565
762
947
1105
1256
1377
1470
1542
1565
1575
1549
1500
1442
1357
1245
1155
1078
1015
979
949
947
962
983
1010
1029
1064
1089
1108
1093
1042
960
835
691
497
269
7
-262
-541
-830
-1109
-1382
-1631
-1868
-2072
-2247
-2386
-2479
-2533
-2543
-2512
-2429
-2313
-2160
-1974
-1775
-1552
-1337
-1114
-895
-675
-457
-241
-47
134
287
423
529
637
741
838
912
963
1037
1090
1166
1221
1268
1306
1344
1384
1383
1377
1372
1363
1347
1313
1281
1248
1193
1146
1067
977
872
750
605
444
270
58
-167
-389
-619
-850
-1070
-1295
-1481
-1650
-1778
-1876
-1942
-1960
-1945
-1893
-1806
-1679
-1524
-1344
-1151
-957
-744
-516
-273
-28
192
426
634
846
1041
1200
1338
1441
1513
1564
1572
1567
1544
1497
1432
1328
1228
1128
1040
977
937
902
874
874
879
894
909
928
952
968
944
899
809
688
545
367
164
-70
-318
-576
-840
-1108
-1369
-1613
-1834
-2030
-2199
-2334
-2412
-2460
-2453
-2408
-2326
-2216
-2077
-1892
-1675
-1455
-1218
-991
-754
-532
-319
-124
58
233
388
516
612
712
799
875
937
989
1046
1088
1125
1158
1180
1213
1236
1262
1269
1256
1243
1229
1218
1199
1180
1150
1107
1060
991
914
824
720
594
448
277
93
-114
-333
-560
-788
-1009
-1224
-1399
-1557
-1684
-1783
-1844
-1874
-1858
-1809
-1727
-1610
-1470
-1305
-1134
-932
-730
-504
-278
-33
198
406
609
798
987
1141
1264
1342
1413
1442
1438
1407
1366
1308
1220
1128
1043
959
897
859
826
823
825
850
893
943
984
1034
1072
1101
1098
1060
984
878
744
553
333
88
-164
-442
-725
-1002
-1274
-1529
-1766
-1977
-2154
-2294
-2378
-2427
-2422
-2396
-2331
-2215
-2084
-1897
-1703
-1489
-1270
-1055
-833
-617
-412
-225
-37
130
278
413
514
611
704
774
846
920
986
1046
1101
1147
1193
1235
1267
1304
1323
1329
1315
1306
1289
1265
1233
1195
1149
1090
1020
925
816
708
587
445
279
83
-128
-349
-576
-806
-1024
-1243
-1429
-1586
-1715
-1798
-1859
-1880
-1872
-1825
-1754
-1646
-1520
-1363
-1183
-985
-772
-553
-305
-81
155
378
601
818
1008
1174
1290
1385
1444
1478
1477
1451
1406
1330
1251
1148
1065
981
917
878
852
852
842
882
924
956
998
1032
1064
1082
1071
1015
921
799
628
424
191
-63
-317
-574
-837
-1111
-1376
-1608
-1830
-2019
-2186
-2319
-2402
-2440
-2436
-2377
-2292
-2160
-2003
-1820
-1614
-1401
-1170
-950
-728
-515
-305
-107
64
222
357
480
583
667
753
830
904
962
1017
1085
1126
1165
1212
1242
1287
1317
1330
1349
1349
1333
1317
1284
1251
1206
1152
1093
1020
917
796
670
534
395
212
23
-197
-416
-645
-875
-1099
-1321
-1503
-1655
-1790
-1885
-1950
-1971
-1937
-1881
-1790
-1683
-1524
-1347
-1153
-920
-683
-446
-206
25
262
499
722
935
1131
1282
1402
1486
1529
1559
1558
1512
1447
1362
1258
1141
1039
952
888
852
827
826
837
873
906
952
998
1034
1051
1059
1024
952
842
698
514
293
44
-216
-486
-750
-1022
-1299
-1550
-1785
-1988
-2171
-2316
-2419
-2472
-2474
-2448
-2369
-2266
-2118
-1932
-1732
-1512
-1286
-1044
-816
-572
-356
-158
15
195
357
480
602
702
808
885
964
1022
1074
1139
1189
1229
1251
1279
1312
1339
1360
1351
1336
1314
1280
1244
1185
1132
1073
1017
944
846
727
593
456
313
162
-20
-220
-429
-642
-868
-1082
-1286
-1477
-1643
-1770
-1859
-1905
-1928
-1911
-1860
-1778
-1658
-1513
-1344
-1151
-932
-706
-467
-214
45
302
562
812
1054
1266
1436
1570
1664
1703
1713
1688
1622
1545
1445
1335
1217
1094
995
925
883
839
817
830
848
879
910
940
970
978
979
942
885
783
653
472
256
3
-263
-514
-782
-1061
-1336
-1604
-1835
-2049
-2221
-2358
-2461
-2511
-2535
-2509
-2447
-2342
-2192
-2008
-1803
-1572
-1353
-1111
-872
-628
-396
-201
1
176
351
509
636
751
838
926
992
1047
1094
1131
1185
1218
1250
1275
1304
1332
1355
1368
1362
1330
1296
1260
1213
1165
1104
1039
955
860
742
615
493
349
203
41
-140
-328
-532
-736
-950
-1161
-1348
-1505
-1632
-1739
-1822
-1867
-1883
-1855
-1780
-1686
-1549
-1400
-1222
-1026
-816
-584
-346
-92
156
408
635
861
1068
1245
1394
1498
1572
1617
1624
1591
1540
1458
1362
1258
1131
1029
937
874
825
796
781
785
812
851
882
915
949
972
975
942
882
779
645
465
254
4
-258
-525
-799
-1058
-1320
-1587
-1816
-2021
-2195
-2331
-2436
-2486
-2502
-2461
-2387
-2271
-2120
-1944
-1750
-1538
-1304
-1076
-838
-612
-397
-194
0
182
333
462
579
672
765
840
912
970
1022
1075
1106
1148
1199
1243
1286
1325
1342
1358
1365
1358
1346
1306
1278
1232
1174
1120
1049
976
866
736
601
458
296
113
-86
-319
-548
-785
-1021
-1237
-1445
-1607
-1743
-1840
-1898
-1924
-1909
-1866
-1787
-1671
-1536
-1356
-1165
-955
-718
-492
-249
-9
240
482
720
947
1150
1318
1445
1520
1565
1563
1524
1471
1387
1322
1217
1117
1013
933
877
829
814
809
839
868
899
942
967
999
1031
1035
1001
924
823
687
512
299
51
-202
-460
-725
-995
-1271
-1535
-1771
-1986
-2165
-2316
-2423
-2496
-2528
-2502
-2446
-2346
-2207
-2044
-1855
-1642
-1418
-1181
-947
-701
-462
-242
-36
150
327
484
620
740
857
955
1043
1103
1150
1209
1250
1287
1316
1342
1366
1392
1394
1390
1378
1348
1310
1284
1246
1197
1154
1097
1029
949
855
731
603
461
297
119
-83
-304
-534
-774
-1002
-1236
-1436
-1610
-1764
-1869
-1943
-1977
-1977
-1931
-1868
-1759
-1622
-1455
-1265
-1060
-826
-576
-299
-27
257
524
770
1008
1219
1395
1521
1599
1638
1639
1599
1526
1436
1342
1236
1123
1016
937
895
863
845
837
838
867
907
945
978
1010
1042
1049
1031
979
878
751
578
367
121
-135
-400
-675
-950
-1242
-1513
-1768
-1984
-2168
-2323
-2441
-2524
-2573
-2561
-2512
-2431
-2303
-2153
-1973
-1773
-1555
-1314
-1071
-829
-597
-385
-172
32
222
389
546
679
803
911
996
1082
1144
1223
1280
1329
1379
1415
1441
1455
1473
1460
1441
1413
1389
1375
1344
1302
1231
1151
1079
986
882
757
605
449
266
69
-155
-387
-614
-854
-1079
-1300
-1497
-1662
-1799
-1896
-1951
-1991
-2000
-1951
-1879
-1762
-1614
-1427
-1218
-983
-729
-470
-187
113
409
684
945
1171
1372
1524
1625
1680
1695
1672
1613
1530
1434
1320
1202
1075
971
900
858
830
819
823
845
877
900
934
969
1003
1021
1013
971
899
784
642
452
227
-26
-297
-562
-843
-1115
-1381
-1646
-1872
-2069
-2242
-2375
-2481
-2544
-2560
-2521
-2449
-2345
-2198
-2032
-1844
-1629
-1421
-1205
-992
-761
-536
-342
-153
40
227
380
527
645
767
899
997
1087
1160
1241
1307
1362
1412
1445
1480
1501
1510
1507
1482
1444
1406
1355
1312
1253
1185
1098
1009
913
801
687
558
423
270
99
-97
-300
-524
-760
-994
-1227
-1435
-1622
-1769
-1884
-1976
-2037
-2038
-2002
-1926
-1821
-1676
-1497
-1286
-1057
-822
-553
-269
25
323
605
888
1149
1369
1528
1640
1694
1698
1678
1621
1560
1472
1378
1249
1131
1019
937
896
877
879
872
901
937
992
1034
1064
1100
1120
1121
1066
998
883
727
537
306
42
-232
-502
-790
-1054
-1334
-1596
-1824
-2036
-2221
-2376
-2493
-2559
-2588
-2581
-2515
-2424
-2285
-2131
-1950
-1742
-1531
-1307
-1080
-847
-630
-417
-207
-20
145
307
449
573
693
804
919
1005
1101
1190
1274
1341
1406
1463
1501
1539
1558
1580
1585
1571
1545
1511
1473
1414
1328
1228
1122
999
860
712
538
342
142
-70
-309
-547
-788
-1033
-1257
-1471
-1636
-1779
-1901
-1989
-2033
-2043
-2024
-1959
-1855
-1723
-1564
-1365
-1142
-895
-628
-354
-61
245
544
831
1079
1293
1483
1605
1688
1734
1723
1699
1629
1558
1458
1349
1230
1127
1046
982
945
922
934
946
978
1010
1045
1072
1097
1101
1098
1054
967
845
693
511
281
29
-245
-529
-808
-1082
-1371
-1635
-1890
-2096
-2285
-2437
-2543
-2613
-2633
-2611
-2541
-2439
-2302
-2133
-1940
-1740
-1530
-1311
-1080
-858
-643
-440
-246
-54
118
275
427
557
686
818
931
1031
1139
1221
1319
1401
1452
1505
1555
1602
1628
1653
1649
1640
1615
1565
1505
1429
1354
1252
1138
994
854
703
540
359
157
-51
-294
-527
-767
-1006
-1243
-1456
-1643
-1817
-1950
-2052
-2110
-2130
-2116
-2056
-1980
-1862
-1703
-1513
-1292
-1054
-789
-513
-208
107
425
726
1019
1267
1474
1628
1724
1783
1796
1778
1740
1683
1600
1500
1400
1292
1206
1140
1112
1094
1082
1093
1110
1136
1159
1200
1227
1242
1231
1176
1086
957
801
600
361
82
-233
-530
-838
-1137
-1442
-1732
-1991
-2217
-2403
-2562
-2668
-2736
-2741
-2716
-2649
-2537
-2388
-2208
-2011
-1807
-1599
-1381
-1149
-921
-701
-486
-286
-103
70
237
393
530
659
799
906
1010
1101
1191
1284
1368
1446
1510
1582
1624
1663
1677
1670
1668
1643
1599
1542
1468
1398
1307
1220
1102
961
807
637
460
254
45
-178
-405
-667
-915
-1162
-1392
-1592
-1767
-1901
-2011
-2082
-2111
-2114
-2078
-2007
-1902
-1752
-1575
-1379
-1145
-872
-589
-286
22
332
645
925
1193
1421
1586
1702
1771
1798
1797
1757
1686
1598
1495
1379
1269
1171
1093
1045
1010
999
998
1000
1041
1071
1107
1145
1161
1180
1159
1099
1007
886
724
514
244
-36
-335
-628
-934
-1241
-1530
-1817
-2066
-2279
-2453
-2601
-2683
-2724
-2722
-2667
-2582
-2450
-2294
-2104
-1884
-1671
-1453
-1229
-990
-771
-557
-357
-180
-4
154
308
430
551
662
760
850
939
1022
1112
1203
1287
1357
1423
1494
1545
1586
1614
1626
1623
1615
1589
1547
1487
1422
1335
1236
1103
967
814
635
455
250
30
-208
-462
-705
-967
-1211
-1427
-1625
-1785
-1911
-2004
-2070
-2074
-2052
-2006
-1908
-1790
-1623
-1426
-1207
-967
-727
-457
-173
112
409
696
964
1202
1397
1551
1654
1709
1735
1714
1661
1576
1475
1355
1229
1111
1026
967
927
905
909
923
955
1015
1060
1126
1165
1197
1205
1158
1097
989
840
655
405
130
-173
-478
-785
-1080
-1379
-1658
-1924
-2154
-2336
-2491
-2603
-2672
-2680
-2656
-2579
-2464
-2313
-2129
-1915
-1694
-1472
-1234
-1005
-758
-542
-341
-147
36
194
326
456
558
680
780
870
940
1009
1066
1121
1186
1244
1310
1361
1426
1478
1507
1521
1524
1503
1495
1481
1447
1396
1323
1237
1125
995
855
697
536
344
126
-112
-358
-586
-837
-1094
-1337
-1561
-1735
-1878
-1992
-2056
-2084
-2074
-2033
-1958
-1846
-1707
-1526
-1313
-1096
-850
-570
-289
0
285
581
851
1101
1322
1487
1603
1670
1701
1695
1660
1588
1498
1386
1269
1151
1041
962
909
880
863
847
860
901
944
1008
1062
1109
1142
1146
1111
1038
938
787
606
368
106
-171
-455
-752
-1064
-1360
-1645
-1902
-2127
-2312
-2468
-2572
-2632
-2627
-2578
-2493
-2376
-2232
-2050
-1845
-1622
-1397
-1160
-923
-699
-485
-286
-93
82
242
380
497
607
692
774
859
929
993
1045
1109
1169
1220
1278
1347
1407
1451
1482
1494
1508
1514
1506
1470
1424
1371
1306
1218
1105
973
828
670
489
284
64
-181
-425
-679
-922
-1170
-1404
-1597
-1769
-1896
-2006
-2066
-2098
-2080
-2016
-1924
-1782
-1627
-1446
-1235
-1008
-752
-488
-206
80
358
642
912
1160
1364
1515
1623
1691
1710
1687
1632
1556
1462
1359
1245
1120
1018
929
894
856
832
838
845
886
931
981
1034
1071
1101
1096
1052
972
852
698
484
236
-51
-329
-615
-902
-1195
-1491
-1765
-2011
-2221
-2380
-2498
-2588
-2616
-2597
-2527
-2437
-2297
-2125
-1927
-1708
-1484
-1250
-1005
-756
-515
-298
-94
88
260
403
525
623
722
804
876
938
982
1028
1080
1137
1175
1202
1231
1286
1326
1360
1362
1368
1357
1341
1323
1297
1255
1198
1132
1046
952
819
697
558
400
223
24
-193
-409
-645
-878
-1123
-1343
-1535
-1704
-1830
-1913
-1961
-1974
-1949
-1882
-1802
-1685
-1536
-1357
-1147
-934
-687
-427
-154
122
391
637
879
1100
1297
1455
1563
1629
1647
1636
1599
1533
1440
1333
1200
1076
956
874
837
795
780
778
779
809
863
922
989
1033
1067
1074
1030
957
836
692
498
252
-16
-309
-593
-886
-1180
-1465
-1730
-1967
-2172
-2328
-2446
-2529
-2565
-2553
-2498
-2404
-2270
-2092
-1888
-1678
-1441
-1206
-956
-713
-486
-264
-72
100
260
404
516
612
695
777
850
910
967
1014
1064
1111
1160
1198
1248
1303
1347
1385
1395
1398
1380
1364
1343
1294
1254
1187
1108
1001
892
766
637
499
329
153
-53
-257
-476
-702
-912
-1132
-1330
-1511
-1654
-1767
-1852
-1891
-1914
-1895
-1832
-1738
-1606
-1454
-1281
-1079
-869
-632
-384
-123
136
384
625
866
1082
1261
1393
1487
1549
1567
1559
1516
1445
1359
1260
1150
1035
930
849
784
739
718
716
723
764
810
849
906
948
992
1008
987
923
816
702
538
327
88
-184
-451
-720
-1000
-1273
-1538
-1775
-1985
-2159
-2287
-2376
-2433
-2440
-2412
-2328
-2215
-2060
-1873
-1675
-1457
-1233
-999
-765
-544
-321
-122
48
201
332
455
546
628
698
760
822
873
925
969
1010
1055
1078
1120
1162
1212
1254
1265
1285
1270
1252
1233
1208
1176
1125
1078
1001
923
815
702
573
440
282
100
-82
-274
-478
-703
-906
-1111
-1294
-1453
-1586
-1691
-1752
-1781
-1789
-1757
-1681
-1584
-1455
-1300
-1131
-927
-724
-515
-296
-63
160
376
591
800
989
1140
1253
1334
1386
1400
1382
1338
1263
1189
1091
978
880
787
724
674
644
643
637
666
714
794
873
932
996
1045
1082
1067
1029
941
818
647
426
178
-79
-343
-634
-918
-1200
-1455
-1686
-1892
-2062
-2202
-2302
-2364
-2369
-2319
-2234
-2103
-1961
-1786
-1587
-1381
-1164
-957
-746
-533
-335
-174
-32
116
242
354
443
514
596
666
711
766
815
866
917
976
1032
1083
1145
1201
1242
1245
1263
1263
1258
1250
1202
1166
1101
1041
970
875
787
680
563
426
281
125
-45
-239
-427
-646
-850
-1051
-1240
-1394
-1532
-1647
-1730
-1763
-1779
-1742
-1673
-1580
-1458
-1325
-1145
-964
-769
-548
-340
-107
116
329
528
730
925
1080
1204
1308
1366
1382
1367
1315
1260
1184
1095
990
882
793
723
676
646
645
664
696
761
827
894
962
1020
1072
1100
1098
1048
958
835
658
442
199
-70
-340
-616
-896
-1174
-1440
-1674
-1877
-2038
-2172
-2269
-2316
-2309
-2267
-2184
-2064
-1925
-1759
-1575
-1366
-1157
-947
-738
-543
-348
-186
-29
115
236
336
407
468
517
582
641
695
752
814
878
939
996
1061
1121
1176
1226
1251
1276
1273
1263
1251
1233
1199
1137
1075
1005
931
836
736
615
482
328
157
-21
-209
-403
-611
-808
-1017
-1197
-1355
-1493
-1588
-1665
-1702
-1700
-1664
-1598
-1511
-1386
-1247
-1092
-907
-724
-530
-327
-125
85
281
483
672
847
1005
1128
1210
1261
1277
1267
1234
1178
1105
1010
919
822
731
667
626
615
618
636
671
725
805
886
970
1037
1083
1103
1089
1028
932
799
624
417
170
-92
-357
-617
-896
-1149
-1400
-1625
-1829
-1995
-2114
-2209
-2257
-2259
-2199
-2123
-2014
-1883
-1720
-1546
-1356
-1163
-973
-771
-578
-401
-238
-85
51
174
284
374
452
525
591
658
708
767
828
897
957
1011
1071
1125
1186
1217
1258
1278
1288
1279
1252
1206
1159
1107
1051
987
907
818
713
593
449
306
147
-35
-217
-403
-594
-796
-995
-1178
-1327
-1462
-1569
-1654
-1702
-1721
-1691
-1627
-1542
-1429
-1285
-1123
-951
-761
-559
-356
-148
68
268
483
672
837
991
1111
1198
1262
1276
1269
1236
1182
1115
1025
942
850
763
722
695
688
707
736
790
844
910
977
1030
1095
1128
1139
1109
1037
936
785
606
383
144
-120
-386
-650
-913
-1176
-1429
-1644
-1839
-1993
-2109
-2197
-2237
-2240
-2194
-2124
-2021
-1887
-1721
-1540
-1354
-1154
-958
-759
-572
-414
-252
-109
15
137
235
335
421
505
582
651
715
777
834
879
931
989
1054
1106
1152
1203
1228
1232
1233
1225
1202
1169
1142
1091
1046
974
891
796
682
559
414
255
90
-91
-276
-477
-678
-877
-1054
-1225
-1373
-1492
-1588
-1638
-1659
-1646
-1600
-1538
-1443
-1328
-1181
-1021
-838
-647
-456
-257
-61
157
350
542
718
881
1024
1138
1223
1259
1274
1263
1229
1172
1085
988
895
807
735
687
659
644
652
677
731
792
860
927
990
1039
1067
1083
1067
1000
893
753
564
354
115
-124
-367
-617
-862
-1105
-1329
-1542
-1727
-1870
-1976
-2058
-2095
-2109
-2084
-2008
-1924
-1806
-1654
-1493
-1316
-1138
-957
-777
-611
-452
-300
-173
-39
77
183
278
353
430
503
579
639
699
759
826
887
957
1022
1083
1138
1175
1204
1219
1227
1226
1216
1195
1160
1106
1056
986
909
817
702
571
422
269
112
-70
-254
-441
-630
-823
-1018
-1205
-1353
-1469
-1574
-1638
-1676
-1675
-1639
-1570
-1483
-1365
-1223
-1050
-876
-687
-491
-288
-88
109
308
493
679
852
993
1100
1168
1204
1225
1212
1178
1134
1070
998
923
853
804
762
740
738
751
785
823
875
921
972
1024
1058
1073
1070
1029
952
847
702
535
315
85
-163
-420
-669
-928
-1160
-1394
-1592
-1772
-1923
-2048
-2129
-2166
-2171
-2132
-2063
-1963
-1837
-1691
-1530
-1350
-1170
-982
-800
-624
-458
-304
-159
-17
111
221
313
405
486
559
643
711
785
855
932
1007
1054
1100
1148
1182
1213
1244
1251
1252
1249
1222
1202
1168
1131
1078
1014
929
823
724
594
464
307
133
-63
-278
-480
-689
-896
-1104
-1285
-1442
-1559
-1651
-1714
-1732
-1714
-1664
-1586
-1485
-1352
-1205
-1034
-841
-639
-434
-239
-14
191
391
587
767
932
1061
1158
1208
1225
1219
1182
1138
1083
1023
965
894
833
774
742
735
748
773
814
864
905
973
1005
1039
1073
1080
1061
1012
911
783
615
409
192
-56
-307
-564
-809
-1052
-1296
-1519
-1710
-1871
-2007
-2102
-2174
-2188
-2178
-2128
-2049
-1950
-1814
-1658
-1488
-1311
-1121
-925
-734
-552
-379
-215
-60
73
188
285
382
471
552
631
709
772
837
901
970
1037
1098
1167
1222
1271
1310
1335
1351
1353
1351
1347
1305
1266
1225
1157
1077
962
840
690
545
380
186
-20
-242
-456
-671
-888
-1096
-1280
-1446
-1581
-1686
-1764
-1800
-1791
-1757
-1691
-1600
-1478
-1331
-1152
-952
-752
-530
-302
-81
140
344
553
748
924
1068
1158
1221
1243
1252
1238
1199
1146
1072
1010
946
873
824
792
781
779
782
810
856
902
944
990
1022
1048
1047
1014
962
888
767
609
427
212
-24
-264
-517
-763
-1012
-1252
-1469
-1660
-1824
-1951
-2060
-2149
-2175
-2160
-2127
-2062
-1964
-1837
-1680
-1512
-1333
-1161
-974
-793
-619
-451
-286
-141
-5
120
226
322
413
514
594
683
755
814
892
964
1024
1075
1131
1190
1236
1265
1270
1268
1265
1269
1259
1241
1212
1162
1123
1067
987
888
759
634
477
292
91
-134
-349
-572
-797
-1006
-1215
-1382
-1521
-1635
-1705
-1756
-1756
-1734
-1669
-1561
-1439
-1299
-1137
-949
-750
-541
-315
-93
146
380
584
781
952
1094
1204
1264
1292
1281
1251
1197
1120
1045
967
884
805
757
735
728
742
758
798
849
903
954
1002
1049
1064
1077
1033
974
877
751
581
368
131
-116
-363
-617
-860
-1127
-1355
-1567
-1761
-1928
-2070
-2166
-2224
-2230
-2211
-2157
-2067
-1955
-1815
-1669
-1493
-1309
-1131
-941
-763
-591
-427
-281
-132
21
151
260
371
460
571
668
761
857
925
998
1070
1133
1188
1241
1288
1332
1363
1370
1374
1363
1337
1312
1264
1217
1158
1096
1023
935
812
688
547
404
235
62
-122
-320
-523
-730
-942
-1154
-1327
-1484
-1607
-1702
-1750
-1766
-1747
-1705
-1625
-1516
-1369
-1199
-1032
-831
-621
-405
-176
51
282
498
701
883
1043
1161
1235
1286
1293
1275
1236
1180
1111
1028
944
857
797
768
753
745
740
749
787
833
868
906
940
960
971
973
931
864
753
617
440
231
5
-243
-475
-716
-956
-1202
-1412
-1608
-1775
-1920
-2045
-2128
-2181
-2171
-2145
-2072
-1981
-1858
-1699
-1532
-1363
-1186
-1007
-820
-641
-473
-315
-162
-6
128
244
344
440
530
627
714
787
849
924
999
1066
1129
1173
1222
1270
1304
1319
1337
1331
1336
1331
1300
1255
1201
1150
1075
985
870
753
622
469
291
105
-99
-299
-506
-710
-916
-1113
-1288
-1437
-1555
-1647
-1709
-1745
-1736
-1709
-1647
-1551
-1431
-1269
-1108
-919
-707
-493
-270
-43
194
424
627
814
984
1112
1198
1244
1256
1250
1227
1183
1115
1049
974
889
815
776
767
758
771
789
813
857
901
932
956
987
996
982
941
863
760
633
462
261
35
-196
-424
-648
-889
-1122
-1334
-1542
-1709
-1863
-1980
-2069
-2127
-2147
-2141
-2082
-2007
-1896
-1760
-1611
-1444
-1262
-1074
-882
-701
-531
-352
-201
-53
95
209
335
434
533
630
716
798
863
934
1006
1070
1112
1167
1208
1255
1299
1320
1322
1317
1314
1290
1261
1209
1155
1101
1033
957
863
753
627
502
353
184
9
-189
-383
-581
-785
-985
-1191
-1366
-1499
-1603
-1668
-1717
-1733
-1718
-1664
-1580
-1467
-1324
-1165
-993
-813
-604
-375
-150
72
293
501
699
884
1039
1155
1228
1260
1256
1231
1192
1138
1066
982
900
827
775
762
753
755
764
779
813
850
902
947
983
1004
1003
986
934
852
740
599
429
219
-1
-222
-460
-691
-934
-1162
-1377
-1572
-1733
-1874
-1991
-2089
-2140
-2160
-2140
-2076
-1996
-1876
-1748
-1600
-1438
-1262
-1089
-906
-721
-544
-367
-223
-62
75
194
306
399
499
595
684
770
843
925
992
1066
1120
1165
1221
1269
1309
1317
1308
1313
1316
1315
1301
1279
1246
1193
1134
1062
975
859
734
588
415
237
40
-174
-385
-597
-808
-1018
-1211
-1379
-1513
-1616
-1694
-1741
-1748
-1716
-1648
-1558
-1435
-1300
-1131
-950
-763
-550
-332
-112
101
311
520
714
879
1019
1120
1171
1212
1214
1197
1164
1101
1044
985
917
863
808
768
751
738
739
741
770
803
838
864
887
896
902
890
849
796
699
577
422
241
25
-190
-420
-630
-843
-1074
-1282
-1477
-1643
-1779
-1912
-2019
-2077
-2097
-2076
-2028
-1952
-1858
-1722
-1581
-1425
-1254
-1083
-881
-705
-524
-366
-201
-49
79
207
320
414
501
585
657
732
791
848
906
967
1015
1058
1110
1159
1209
1238
1261
1257
1242
1226
1207
1170
1137
1089
1032
967
871
786
661
526
388
232
67
-119
-317
-527
-730
-925
-1107
-1275
-1412
-1523
-1598
-1636
-1645
-1617
-1556
-1471
-1362
-1231
-1086
-921
-750
-544
-332
-136
61
265
471
663
821
958
1047
1113
1151
1153
1146
1105
1071
1011
949
883
804
752
721
704
700
705
717
750
786
827
860
881
895
909
901
885
820
739
628
490
332
143
-50
-268
-476
-696
-917
-1122
-1328
-1503
-1670
-1808
-1926
-2009
-2055
-2065
-2033
-1978
-1891
-1775
-1639
-1491
-1321
-1155
-975
-785
-611
-449
-294
-141
2
116
223
307
410
503
579
654
706
779
849
909
967
1024
1073
1108
1139
1170
1198
1210
1216
1206
1192
1164
1137
1103
1050
998
922
837
748
625
505
355
186
-2
-202
-407
-622
-832
-1019
-1182
-1328
-1439
-1538
-1578
-1607
-1607
-1561
-1493
-1397
-1283
-1140
-985
-815
-632
-437
-244
-56
156
365
562
735
891
1012
1074
1143
1151
1162
1143
1107
1052
988
935
868
820
766
745
737
741
746
762
783
818
845
875
898
906
912
884
831
756
660
538
380
198
-5
-217
-420
-639
-863
-1091
-1304
-1490
-1655
-1808
-1921
-2013
-2070
-2086
-2072
-2024
-1943
-1836
-1697
-1544
-1377
-1210
-1027
-831
-656
-480
-319
-162
-24
112
215
310
397
480
564
629
692
756
834
912
971
1021
1077
1121
1167
1208
1223
1241
1252
1267
1249
1230
1195
1155
1116
1064
996
903
794
677
539
384
218
32
-155
-352
-555
-755
-942
-1116
-1257
-1381
-1471
-1541
-1564
-1552
-1532
-1472
-1384
-1287
-1167
-1030
-870
-707
-521
-328
-157
29
202
387
560
721
855
956
1028
1065
1086
1070
1040
1005
973
916
858
797
753
718
700
693
693
702
723
743
770
798
816
850
868
877
866
811
734
625
491
337
141
-47
-251
-435
-639
-864
-1074
-1292
-1473
-1639
-1778
-1887
-1973
-2020
-2032
-2007
-1950
-1845
-1727
-1589
-1438
-1280
-1103
-927
-746
-580
-411
-278
-128
2
118
236
326
417
496
572
632
690
749
818
902
966
1010
1053
1097
1146
1189
1214
1230
1231
1223
1214
1185
1149
1114
1062
999
910
820
712
579
430
257
79
-107
-297
-492
-693
-879
-1061
-1207
-1339
-1441
-1518
-1562
-1574
-1561
-1507
-1426
-1329
-1213
-1082
-936
-780
-619
-434
-256
-72
119
309
490
656
805
915
997
1056
1087
1092
1081
1052
1017
987
936
877
834
797
782
763
766
760
771
788
792
825
842
875
905
915
899
867
806
716
599
451
273
72
-117
-345
-561
-774
-1004
-1209
-1406
-1579
-1724
-1847
-1944
-2012
-2038
-2026
-1970
-1883
-1772
-1639
-1491
-1336
-1180
-1007
-831
-656
-500
-347
-207
-84
48
157
257
343
434
517
585
653
719
781
853
911
952
1004
1048
1096
1131
1155
1167
1176
1168
1171
1143
1127
1097
1053
1011
947
869
778
663
528
378
213
41
-153
-349
-558
-758
-940
-1112
-1250
-1370
-1454
-1519
-1538
-1531
-1497
-1430
-1357
-1269
-1166
-1029
-901
-747
-574
-389
-211
-29
161
338
526
684
827
940
1019
1077
1112
1124
1117
1108
1069
1017
966
891
845
810
781
768
754
758
763
781
807
835
854
877
898
904
888
841
781
676
548
393
196
-10
-213
-439
-648
-871
-1096
-1309
-1499
-1643
-1788
-1894
-1972
-2010
-2021
-1982
-1926
-1844
-1725
-1594
-1439
-1276
-1111
-936
-749
-575
-416
-269
-134
-3
118
211
305
383
469
546
615
688
753
821
867
915
963
1011
1057
1090
1118
1142
1146
1153
1157
1163
1160
1133
1106
1052
1012
936
839
721
581
445
284
114
-84
-273
-463
-661
-859
-1035
-1192
-1315
-1424
-1502
-1544
-1564
-1545
-1508
-1437
-1356
-1240
-1105
-965
-815
-671
-495
-310
-142
34
214
400
584
746
875
986
1073
1128
1156
1175
1152
1126
1081
1015
950
875
824
781
756
741
738
734
748
770
798
834
864
895
917
912
878
811
731
621
473
290
95
-111
-316
-528
-753
-981
-1198
-1399
-1582
-1724
-1852
-1949
-2024
-2055
-2045
-2008
-1936
-1836
-1707
-1555
-1387
-1218
-1039
-855
-679
-525
-368
-224
-80
48
169
284
374
460
539
621
693
762
817
880
929
977
1024
1074
1125
1154
1181
1199
1211
1219
1222
1207
1189
1154
1103
1038
964
879
778
650
510
351
176
4
-181
-368
-568
-761
-926
-1082
-1210
-1314
-1411
-1473
-1518
-1523
-1497
-1449
-1381
-1296
-1185
-1064
-915
-759
-597
-420
-235
-43
141
337
525
697
845
959
1044
1098
1130
1139
1124
1103
1064
998
927
855
794
745
717
693
678
685
691
713
731
757
792
814
834
846
830
801
735
645
538
387
210
11
-180
-402
-627
-852
-1069
-1277
-1463
-1631
-1777
-1888
-1952
-1984
-2002
-1976
-1912
-1814
-1695
-1560
-1413
-1260
-1099
-932
-758
-602
-442
-291
-152
-20
100
199
305
400
488
581
662
743
793
848
903
948
994
1038
1083
1121
1140
1150
1151
1150
1157
1160
1154
1127
1098
1066
1003
932
849
746
635
500
351
193
12
-189
-380
-570
-762
-935
-1095
-1234
-1339
-1424
-1495
-1534
-1538
-1514
-1460
-1382
-1284
-1169
-1043
-912
-751
-586
-410
-210
-17
179
377
568
739
897
1007
1095
1156
1171
1172
1142
1094
1043
970
893
817
746
682
640
616
608
610
622
634
686
732
769
821
853
861
845
804
740
648
524
372
195
9
-199
-418
-646
-864
-1076
-1263
-1438
-1605
-1744
-1860
-1937
-1972
-1975
-1951
-1894
-1796
-1668
-1527
-1368
-1191
-1023
-856
-683
-530
-379
-241
-107
15
121
213
303
389
472
549
614
677
740
796
839
890
926
978
1019
1070
1107
1135
1146
1155
1159
1137
1117
1089
1066
1024
962
885
800
705
601
479
338
191
26
-143
-321
-509
-669
-846
-990
-1136
-1261
-1356
-1426
-1464
-1474
-1463
-1431
-1362
-1291
-1189
-1082
-956
-810
-656
-492
-304
-114
77
284
475
663
817
945
1032
1085
1124
1115
1095
1059
999
924
840
752
684
629
596
585
569
567
583
618
663
713
756
803
856
893
907
896
857
796
693
552
375
190
-2
-217
-437
-658
-876
-1082
-1280
-1459
-1620
-1751
-1853
-1916
-1939
-1928
-1878
-1807
-1706
-1581
-1446
-1298
-1132
-958
-785
-610
-457
-312
-185
-62
54
165
252
345
421
491
567
613
661
695
747
796
827
870
907
958
994
1015
1039
1059
1079
1068
1074
1052
1032
1009
963
927
858
779
687
574
440
296
137
-16
-185
-367
-549
-732
-898
-1038
-1156
-1282
-1365
-1407
-1433
-1438
-1423
-1385
-1313
-1228
-1133
-1001
-861
-718
-561
-398
-218
-22
171
366
540
705
858
964
1036
1072
1091
1090
1056
1008
943
859
791
711
641
581
545
527
523
546
571
620
680
742
808
876
929
957
969
936
885
806
695
539
360
165
-38
-252
-481
-713
-938
-1155
-1358
-1530
-1667
-1777
-1865
-1911
-1919
-1899
-1835
-1746
-1633
-1496
-1346
-1177
-1007
-842
-675
-528
-365
-229
-92
21
118
210
289
369
423
479
524
568
614
649
679
720
751
800
849
888
938
964
1007
1020
1051
1073
1065
1046
1031
1010
982
926
852
774
675
574
440
294
121
-50
-241
-426
-617
-797
-958
-1103
-1216
-1310
-1367
-1418
-1438
-1429
-1396
-1349
-1269
-1175
-1065
-939
-818
-671
-525
-366
-202
-31
153
332
509
666
793
900
975
1001
1019
989
947
895
824
754
676
608
541
492
478
483
508
547
601
650
722
796
874
932
981
1009
1000
986
934
842
727
578
399
209
-1
-207
-419
-645
-860
-1059
-1260
-1440
-1583
-1696
-1781
-1830
-1842
-1819
-1770
-1691
-1582
-1437
-1311
-1158
-992
-832
-662
-508
-364
-230
-97
6
96
160
239
305
354
416
460
499
534
571
612
662
694
736
771
819
866
910
949
978
1005
1008
1006
997
992
979
958
920
862
791
696
587
473
336
186
13
-157
-351
-536
-700
-875
-1024
-1158
-1262
-1336
-1377
-1399
-1405
-1382
-1346
-1272
-1190
-1082
-972
-854
-706
-567
-425
-275
-113
45
207
368
507
649
770
855
912
934
935
927
895
858
808
758
715
664
635
619
622
640
662
704
754
815
882
940
997
1031
1059
1053
1028
975
894
789
642
461
259
51
-172
-397
-627
-850
-1050
-1250
-1420
-1574
-1695
-1778
-1841
-1858
-1849
-1811
-1747
-1654
-1538
-1389
-1245
-1095
-933
-768
-609
-460
-319
-192
-78
41
127
206
272
330
386
432
475
510
544
574
625
656
704
739
780
823
876
922
966
1005
1039
1065
1074
1068
1060
1032
997
949
873
783
674
546
416
255
81
-107
-295
-472
-654
-830
-988
-1122
-1244
-1328
-1382
-1405
-1408
-1395
-1340
-1270
-1185
-1092
-996
-881
-753
-626
-484
-334
-170
-30
110
242
388
517
634
731
805
876
911
933
923
907
862
835
796
752
718
698
689
701
718
738
780
825
866
908
950
973
1004
1015
978
944
867
768
638
485
322
132
-51
-249
-458
-671
-874
-1061
-1236
-1384
-1509
-1618
-1696
-1751
-1774
-1759
-1728
-1660
-1555
-1443
-1307
-1178
-1032
-881
-722
-571
-431
-298
-186
-70
14
94
169
236
286
326
371
411
446
480
516
559
601
637
688
741
798
841
882
921
957
979
982
998
1005
995
989
955
905
819
722
608
480
356
200
40
-142
-327
-509
-681
-849
-993
-1118
-1223
-1288
-1327
-1332
-1320
-1294
-1229
-1158
-1068
-979
-868
-759
-643
-499
-390
-256
-141
-25
103
216
331
449
561
660
741
816
861
884
914
919
908
879
850
839
815
791
776
784
804
813
828
836
857
872
881
894
890
882
850
794
725
646
534
395
238
64
-107
-287
-476
-669
-853
-1031
-1194
-1337
-1473
-1568
-1650
-1704
-1718
-1710
-1665
-1620
-1517
-1398
-1276
-1135
-984
-843
-683
-532
-393
-274
-165
-55
43
109
179
239
289
353
393
436
484
517
559
605
644
679
717
778
821
851
885
907
933
949
948
953
940
926
892
853
801
720
636
519
392
253
93
-69
-237
-398
-562
-722
-862
-988
-1085
-1158
-1217
-1248
-1254
-1239
-1192
-1136
-1061
-977
-889
-783
-671
-548
-437
-328
-218
-124
-33
74
181
298
392
484
574
662
740
800
845
868
892
901
897
898
874
855
823
799
776
757
757
741
742
754
755
780
780
777
765
747
718
654
587
490
387
255
109
-37
-196
-364
-538
-707
-858
-1021
-1147
-1274
-1374
-1459
-1518
-1522
-1524
-1481
-1445
-1374
-1269
-1164
-1044
-926
-796
-667
-548
-438
-334
-235
-143
-58
15
86
149
207
273
316
363
409
459
516
568
607
647
692
729
766
804
830
848
854
866
876
881
866
844
805
761
702
621
533
431
328
200
80
-64
-203
-354
-502
-636
-776
-888
-988
-1061
-1129
-1167
-1171
-1155
-1123
-1085
-1021
-939
-861
-758
-660
-552
-443
-347
-239
-128
-23
84
184
289
398
492
593
670
746
797
833
861
886
889
879
854
822
788
752
728
697
680
664
652
645
640
639
653
666
671
668
668
635
597
539
459
357
242
125
-23
-173
-333
-502
-657
-793
-935
-1066
-1166
-1249
-1328
-1387
-1416
-1415
-1398
-1356
-1287
-1209
-1108
-1012
-896
-778
-664
-554
-439
-317
-220
-124
-42
31
104
170
237
300
357
415
460
501
535
571
617
645
689
715
730
748
767
765
765
759
754
745
729
706
656
606
552
487
401
315
214
111
-5
-132
-265
-412
-538
-663
-777
-862
-934
-1000
-1032
-1053
-1056
-1050
-1009
-965
-895
-813
-716
-607
-500
-385
-277
-158
-46
71
190
304
405
496
581
650
707
744
771
776
794
800
801
795
778
752
720
692
667
646
622
605
583
571
558
567
565
570
575
565
559
525
493
446
373
284
185
57
-83
-218
-367
-509
-637
-771
-885
-997
-1091
-1172
-1240
-1279
-1283
-1272
-1246
-1190
-1134
-1065
-986
-899
-798
-695
-587
-484
-393
-290
-200
-101
-28
43
116
195
258
310
368
411
471
505
539
575
594
632
648
652
650
653
654
645
637
614
604
576
556
516
478
433
376
340
278
206
131
34
-63
-159
-259
-355
-456
-546
-636
-713
-781
-829
-850
-870
-851
-834
-800
-749
-693
-623
-526
-439
-336
-234
-132
-23
75
175
270
356
429
496
542
589
620
643
660
661
651
652
643
625
608
584
552
535
511
487
474
456
454
446
433
436
429
432
437
409
402
374
336
283
210
148
53
-34
-131
-232
-328
-420
-534
-626
-710
-791
-869
-931
-974
-1006
-1005
-997
-982
-956
-913
-863
-797
-733
-659
-584
-500
-412
-333
-251
-159
-83
-5
51
116
186
249
308
362
409
441
474
499
526
545
552
550
544
519
491
458
422
379
334
287
264
237
207
175
145
115
80
37
-8
-50
-108
-158
-218
-277
-337
-388
-438
-489
-514
-550
-568
-557
-543
-516
-480
-435
-386
-327
-254
-174
-96
-16
66
146
219
286
337
369
407
428
452
470
482
484
489
489
497
513
512
516
507
500
502
487
476
466
453
449
431
410
384
370
351
328
311
267
232
192
141
77
-3
-81
-159
-232
-328
-398
-481
-551
-619
-680
-715
-768
-796
-817
-823
-828
-829
-825
-821
-792
-762
-707
-663
-605
-546
-480
-406
-343
-260
-175
-98
-22
49
123
182
248
311
361
419
460
493
526
541
552
562
557
538
528
514
494
479
444
415
381
350
329
295
253
216
165
120
62
1
-42
-115
-172
-235
-294
-345
-399
-450
-491
-527
-552
-565
-581
-569
-553
-521
-472
-429
-372
-297
-232
-152
-75
-1
73
140
201
257
306
355
390
415
430
461
474
480
491
495
496
487
489
480
469
457
441
436
424
414
400
386
366
340
334
313
300
268
242
206
160
114
64
9
-57
-123
-181
-242
-308
-365
-435
-502
-554
-604
-641
-679
-708
-721
-727
-714
-699
-680
-656
-635
-593
-560
-521
-473
-424
-371
-315
-256
-202
-152
-91
-40
19
70
129
186
250
298
339
379
408
443
453
468
482
484
480
468
444
416
393
367
340
309
292
266
225
193
167
121
74
22
-17
-69
-117
-169
-224
-260
-304
-351
-384
-409
-429
-432
-432
-420
-401
-371
-330
-278
-233
-183
-146
-104
-58
-12
26
70
102
149
187
211
239
265
286
300
334
345
355
365
382
384
378
368
349
323
304
280
269
256
238
234
222
216
204
199
194
186
177
163
148
126
95
49
8
-40
-100
-137
-202
-256
-308
-351
-393
-426
-465
-511
-524
-553
-553
-558
-549
-539
-519
-505
-484
-445
-417
-369
-332
-278
-216
-164
-118
-72
-20
24
65
108
143
188
233
275
302
327
344
359
360
360
362
363
356
334
313
293
265
241
224
197
177
161
135
117
93
71
45
6
-26
-73
-111
-150
-185
-217
-256
-288
-310
-325
-326
-323
-301
-276
-253
-220
-204
-177
-145
-124
-105
-80
-59
-27
-3
35
70
101
134
174
216
267
302
327
350
360
376
389
384
364
344
309
281
247
211
189
147
121
97
77
58
52
46
47
48
47
66
76
70
64
45
14
-4
-38
-82
-117
-157
-193
-235
-264
-287
-322
-355
-377
-397
-404
-407
-416
-416
-416
-404
-382
-348
-321
-286
-265
-244
-200
-156
-102
-63
-15
32
63
99
131
163
186
205
222
228
230
236
235
231
224
198
174
159
135
124
112
101
95
88
73
72
72
78
71
57
44
24
7
2
-17
-38
-57
-64
-76
-76
-81
-83
-75
-73
-70
-70
-56
-53
-53
-55
-51
-41
-32
-26
-20
-8
7
9
27
40
72
87
105
137
159
187
213
215
220
226
221
222
220
215
186
180
169
154
151
133
119
93
75
66
72
66
70
74
74
78
57
44
22
-5
-31
-58
-99
-126
-175
-218
-260
-307
-328
-358
-380
-396
-419
-429
-418
-415
-410
-398
-382
-357
-331
-300
-265
-233
-190
-144
-97
-52
-16
30
84
117
152
190
222
246
267
285
290
297
282
262
246
214
198
174
148
141
110
99
76
51
45
32
19
-7
-16
-25
-30
-32
-40
-43
-50
-52
-55
-50
-50
-53
-52
-58
-56
-50
-59
-58
-63
-54
-50
-49
-47
-50
-48
-47
-43
-39
-29
-14
0
14
26
59
80
106
130
147
180
205
214
232
235
250
242
228
218
212
197
179
163
135
127
109
98
79
65
50
30
26
23
24
9
-6
-26
-34
-43
-57
-76
-98
-108
-137
-158
-174
-202
-218
-233
-246
-251
-268
-268
-274
-258
-251
-243
-236
-234
-220
-209
-179
-172
-160
-140
-114
-85
-67
-38
3
28
65
87
116
146
159
173
168
170
156
140
128
113
98
79
58
36
17
-11
-21
-44
-68
-81
-96
-108
-110
-110
-111
-91
-82
-58
-31
-10
16
41
60
76
89
107
128
128
128
113
109
100
82
87
82
73
60
61
51
49
53
47
55
57
56
56
68
63
65
71
70
79
76
77
81
73
65
74
87
87
78
73
77
76
73
72
60
53
36
30
14
9
-7
-19
-30
-40
-49
-62
-65
-81
-87
-95
-109
-127
-131
-139
-141
-164
-181
-179
-168
-174
-176
-175
-175
-175
-171
-164
-153
-140
-134
-125
-121
-107
-86
-81
-74
-60
-47
-21
-1
22
32
49
68
84
110
128
142
146
153
146
133
137
136
107
90
67
49
27
4
-10
-36
-45
-70
-82
-85
-91
-75
-65
-56
-39
-20
-5
12
27
45
68
87
99
116
108
118
116
119
127
118
113
106
113
104
91
89
87
93
96
92
84
85
74
75
68
63
76
66
72
72
65
79
89
85
76
77
68
47
36
15
-2
-22
-37
-52
-55
-70
-84
-81
-90
-91
-108
-114
-120
-123
-134
-153
-163
-172
-181
-188
-203
-206
-203
-212
-213
-189
-178
-169
-148
-137
-125
-107
-80
-60
-49
-44
-40
-22
-12
-1
6
9
16
23
39
36
47
56
63
68
71
77
85
90
84
87
80
70
60
48
36
22
13
14
10
13
7
0
-2
0
0
-6
-10
-19
-19
-36
-32
-39
-36
-20
-16
0
14
27
44
57
65
79
94
116
121
139
145
134
136
127
124
118
112
109
104
93
86
69
60
72
70
69
63
62
46
40
50
46
45
35
27
8
-14
-25
-38
-54
-59
-67
-60
-69
-79
-79
-94
-91
-84
-89
-80
-85
-83
-90
-92
-90
-98
-107
-119
-118
-118
-112
-106
-102
-99
-104
-103
-103
-96
-93
-87
-75
-68
-48
-44
-27
-19
-9
4
3
16
17
31
33
31
29
31
35
29
24
12
18
13
4
3
0
6
8
12
21
36
46
56
64
75
77
88
83
82
76
63
67
43
43
44
38
32
28
25
23
26
31
25
30
38
34
44
43
52
73
76
76
83
86
84
91
86
80
71
69
56
38
34
21
15
10
5
-6
-10
-10
-18
-26
-23
-26
-23
-23
-29
-29
-30
-33
-45
-54
-69
-77
-72
-69
-75
-85
-84
-85
-86
-79
-75
-74
-75
-58
-55
-56
-49
-45
-43
-49
-57
-65
-68
-71
-65
-79
-83
-84
-96
-92
-88
-83
-74
-68
-62
-50
-38
-30
-7
3
27
42
48
60
57
62
71
71
67
71
70
69
57
49
40
41
39
28
34
38
41
48
44
48
63
62
68
83
82
95
92
89
88
68
72
68
62
60
49
47
35
31
20
14
10
7
12
0
9
12
17
13
9
9
9
17
17
11
10
16
7
-4
-7
-12
-9
-8
-10
-13
-13
-11
-14
-7
-1
-14
-15
-27
-38
-57
-67
-74
-85
-98
-103
-107
-117
-117
-126
-116
-114
-114
-110
-108
-95
-83
-81
-87
-70
-66
-47
-37
-40
-35
-43
-33
-28
-25
-17
-5
-6
-6
-3
0
0
0
5
0
8
12
18
26
25
39
42
55
67
92
96
94
111
118
119
134
145
136
130
130
126
111
112
95
82
73
65
63
61
55
48
55
45
41
34
28
19
5
-1
-11
-15
-28
-34
-38
-48
-52
-58
-61
-67
-75
-75
-67
-74
-67
-63
-60
-51
-50
-41
-45
-41
-34
-25
-23
-26
-23
-19
-12
-6
-1
1
6
12
19
21
20
19
13
20
14
14
19
11
13
5
7
-5
-9
-20
-32
-33
-50
-49
-57
-62
-77
-77
-87
-97
-97
-92
-95
-88
-89
-86
-76
-68
-55
-48
-38
-37
-21
-16
-17
-15
-12
-12
-2
-1
5
14
9
23
20
24
30
38
50
51
53
61
80
83
93
104
110
110
104
109
122
131
134
138
137
128
122
116
111
102
96
88
75
57
54
40
33
30
7
5
-3
-9
-18
-23
-30
-44
-56
-63
-72
-74
-77
-78
-79
-78
-81
-77
-71
-70
-66
-68
-70
-70
-64
-53
-49
-44
-42
-31
-21
-8
-3
1
11
16
25
32
37
28
30
34
34
27
32
30
23
25
25
19
9
11
9
6
-6
-18
-16
-25
-44
-41
-43
-51
-56
-65
-74
-76
-82
-92
-80
-94
-78
-81
-81
-72
-75
-59
-54
-33
-22
-21
-7
-3
8
13
14
22
28
32
37
39
43
41
36
36
29
36
40
47
47
55
51
56
63
67
68
78
86
85
82
84
94
84
89
85
81
80
65
61
53
45
47
30
30
24
9
3
-4
-15
-21
-22
-33
-33
-37
-42
-43
-43
-44
-46
-44
-46
-52
-49
-53
-65
-60
-62
-62
-61
-63
-69
-71
-69
-61
-61
-62
-58
-48
-37
-26
-16
-15
-9
9
16
21
27
33
43
37
44
52
51
53
44
42
42
46
47
42
38
31
22
17
7
-9
-24
-26
-35
-37
-34
-38
-39
-46
-47
-54
-52
-51
-54
-61
-64
-62
-55
-52
-47
-37
-32
-21
-24
-18
-8
-6
0
-3
-3
-5
-1
1
1
-9
-10
-9
-2
-1
3
5
12
14
15
25
33
47
56
65
72
83
93
101
101
95
103
104
108
113
110
102
94
86
82
70
62
51
38
33
19
13
0
-9
-12
-17
-21
-31
-40
-46
-50
-55
-57
-69
-76
-85
-90
-104
-111
-115
-111
-112
-104
-99
-91
-85
-75
-73
-65
-50
-45
-34
-27
-20
-5
2
16
18
17
27
28
36
43
49
46
48
50
57
47
44
49
60
61
57
52
49
36
30
27
22
2
-15
-16
-27
-25
-43
-37
-34
-40
-36
-41
-42
-42
-39
-39
-24
-20
-25
-20
-20
-13
-7
-2
1
5
3
0
2
1
0
2
-5
-6
-5
-2
-3
-6
0
1
11
19
24
32
43
49
62
71
78
79
91
87
89
94
94
96
94
95
80
77
70
56
56
48
39
30
16
11
8
-2
-11
-19
-22
-28
-35
-34
-39
-46
-48
-52
-53
-67
-71
-73
-77
-83
-90
-94
-101
-97
-101
-99
-86
-93
-85
-74
-71
-60
-55
-45
-39
-32
-27
-17
-8
3
17
28
34
45
59
57
52
57
57
61
69
68
61
60
60
58
47
39
30
18
10
3
-4
-10
-20
-30
-37
-48
-54
-70
-75
-71
-71
-65
-59
-46
-37
-25
-21
-9
-4
-1
1
6
-3
3
-3
1
-1
-6
-9
-14
-4
-8
-8
-12
-14
-15
-6
4
9
14
21
20
28
41
48
57
68
71
88
86
91
98
100
106
104
108
100
92
79
68
67
48
43
32
29
17
3
-10
-19
-23
-37
-39
-49
-56
-59
-53
-59
-54
-63
-69
-72
-79
-72
-80
-82
-92
-90
-90
-86
-86
-80
-79
-74
-69
-68
-54
-54
-48
-47
-29
-19
3
12
20
39
42
52
52
65
59
68
68
66
67
54
58
48
49
36
26
30
19
15
15
14
11
10
3
-3
-4
-12
-11
-15
-14
-7
-7
-11
-8
-5
-7
-12
-10
-5
-8
-5
4
2
-12
-8
-17
-18
-23
-29
-35
-42
-42
-48
-46
-48
-52
-52
-50
-50
-40
-38
-22
-23
-5
13
32
37
47
64
69
83
83
92
97
97
100
100
91
86
79
78
65
62
57
47
32
23
16
7
0
-6
-7
-9
-16
-10
-18
-18
-18
-21
-21
-25
-16
-23
-25
-30
-40
-47
-53
-61
-62
-68
-68
-75
-72
-69
-65
-62
-68
-52
-40
-34
-38
-31
-28
-19
-7
-5
-1
1
4
10
20
24
34
44
45
53
52
50
51
49
45
43
33
31
34
21
23
18
17
12
7
3
-4
2
-4
2
-3
2
7
-2
1
3
1
0
3
9
3
-3
-2
-12
-18
-21
-23
-27
-38
-44
-56
-52
-54
-57
-52
-50
-56
-48
-45
-41
-39
-31
-20
-3
5
21
41
46
65
67
79
84
86
90
91
96
85
82
74
73
65
56
49
34
23
16
11
9
-1
-5
-16
-22
-29
-34
-26
-34
-36
-33
-43
-38
-48
-49
-52
-60
-60
-65
-60
-65
-61
-57
-54
-61
-58
-58
-56
-49
-50
-46
-35
-34
-31
-24
-10
-5
-3
10
19
28
28
32
42
44
43
50
48
55
49
54
45
47
49
48
49
35
32
33
32
23
20
15
8
-2
1
-1
-8
-8
-16
-19
-20
-18
-19
-26
-18
-15
-21
-20
-11
-7
-3
-2
-7
-6
-3
-14
-18
-17
-30
-34
-42
-49
-52
-46
-52
-61
-49
-38
-25
-25
-14
5
15
26
35
51
61
65
66
64
75
67
56
48
40
39
34
25
25
22
19
16
10
7
5
-7
-5
-9
-13
-8
-12
-18
-23
-22
-25
-23
-28
-30
-35
-35
-28
-31
-27
-23
-21
-29
-31
-38
-40
-36
-33
-27
-22
-25
-17
-18
-19
-19
-18
-21
-25
-20
-15
-8
-1
5
10
15
23
33
38
46
53
51
53
58
54
54
55
53
51
44
43
38
32
25
20
17
16
9
-1
-2
0
-5
-1
-7
-14
-15
-18
-9
-8
-6
-5
-4
-6
-3
-1
-5
-4
-8
-15
-11
-11
-9
-8
-16
-17
-23
-20
-23
-23
-21
-26
-18
-11
-4
-3
0
10
13
23
24
25
27
34
30
34
42
36
41
42
41
36
28
31
31
22
16
0
-5
-15
-22
-23
-31
-23
-25
-26
-29
-38
-33
-42
-41
-42
-41
-35
-33
-33
-29
-28
-26
-21
-16
-16
-17
-15
-19
-22
-32
-36
-34
-31
-30
-32
-29
-23
-22
-21
-14
-6
3
16
26
38
45
47
53
59
60
64
58
50
45
42
41
29
32
23
17
14
8
6
-2
-2
-6
-17
-10
-11
-21
-18
-21
-21
-21
-23
-22
-27
-24
-20
-28
-25
-19
-22
-24
-21
-18
-17
-15
-4
-4
4
0
-1
-6
-2
-1
-2
1
6
4
2
5
6
12
8
20
21
29
38
40
44
48
52
55
55
49
52
48
46
41
39
31
26
30
29
29
17
16
3
2
-10
-14
-21
-28
-30
-37
-39
-45
-43
-49
-51
-54
-52
-48
-46
-59
-50
-51
-47
-44
-52
-53
-58
-62
-64
-63
-59
-58
-58
-54
-47
-43
-37
-29
-21
-10
-4
2
7
9
10
15
21
30
35
35
34
40
45
44
42
46
52
50
52
52
57
49
51
46
44
38
25
29
29
24
21
17
14
14
9
4
6
10
6
-3
-4
-1
-7
-5
-14
-16
-10
-8
-8
-13
-12
-18
-17
-17
-11
-8
-11
-12
-14
-19
-14
-22
-24
-14
-12
-2
2
8
14
20
25
30
37
39
45
45
51
50
57
53
48
47
42
40
30
28
20
21
10
12
15
4
-2
-11
-19
-20
-27
-26
-31
-36
-46
-48
-43
-54
-44
-54
-57
-62
-63
-57
-61
-59
-61
-47
-53
-52
-43
-45
-40
-36
-37
-35
-33
-27
-28
-25
-19
-21
-5
-11
-8
3
1
10
13
18
28
34
38
41
41
43
51
58
62
55
62
57
54
54
48
50
45
47
41
39
38
35
32
29
28
30
27
27
17
18
17
19
21
13
10
3
8
-2
3
1
-3
-5
-10
-12
-14
-17
-20
-23
-27
-24
-32
-37
-28
-29
-25
-26
-32
-30
-28
-26
-25
-14
-17
-16
-12
-10
-6
-4
7
6
14
20
19
16
11
10
11
10
9
2
-3
-7
-3
-6
-18
-16
-20
-22
-25
-22
-24
-27
-31
-34
-32
-35
-36
-34
-35
-38
-33
-38
-37
-41
-36
-35
-33
-27
-24
-25
-22
-18
-17
-12
-15
-13
-10
-8
-8
-11
-10
-5
4
14
19
18
26
32
40
43
52
60
59
66
62
62
62
56
52
47
44
37
31
29
28
25
28
18
19
15
9
8
13
19
11
13
8
6
5
5
7
4
9
7
8
6
4
5
4
5
0
-2
-9
-13
-15
-19
-21
-25
-18
-13
-16
-17
-18
-17
-24
-29
-29
-23
-11
-8
-3
2
5
7
8
5
14
17
7
10
8
2
-1
-3
-11
-18
-22
-22
-25
-26
-22
-30
-31
-28
-32
-26
-28
-23
-24
-27
-20
-18
-8
-15
-9
-12
-15
-16
-17
-12
-17
-13
-12
-12
-15
-16
-18
-7
-13
-18
-6
-10
-4
-10
-6
-3
3
9
11
10
14
13
12
17
14
20
21
27
28
29
34
41
40
42
40
36
26
22
22
19
16
18
12
14
12
8
6
9
12
10
3
2
3
2
10
12
15
16
17
14
20
23
18
17
17
13
10
12
9
12
2
-1
-4
-3
-7
-7
-9
-10
-4
-7
-5
-12
-7
-2
1
6
7
7
14
15
11
15
13
16
12
11
11
-1
6
2
-6
-9
-17
-20
-23
-23
-26
-31
-35
-36
-42
-37
-33
-30
-30
-36
-32
-33
-33
-35
-33
-29
-29
-22
-25
-28
-33
-28
-24
-24
-22
-14
-16
-14
-11
-14
-12
-10
-9
-8
-5
-6
-6
-3
5
8
7
8
14
15
18
19
32
34
39
40
36
39
34
34
35
39
42
30
26
23
23
20
15
14
10
6
7
6
6
2
-2
6
5
5
7
12
14
10
10
17
19
16
17
12
13
13
12
8
6
7
-1
1
-12
-8
-8
-6
-5
-8
-4
-2
-7
-5
-1
-5
-4
-2
-7
-9
2
4
4
6
8
9
8
6
10
0
0
-6
-10
-15
-23
-28
-27
-30
-30
-28
-31
-28
-21
-20
-23
-26
-24
-16
-21
-18
-19
-21
-17
-18
-18
-20
-22
-23
-24
-23
-18
-22
-16
-17
-19
-13
-17
-12
-12
-10
-9
-12
-13
-14
-13
-10
7
4
0
10
7
8
14
14
19
20
26
28
30
29
27
26
32
31
33
38
33
35
32
29
21
20
19
21
17
15
12
17
24
17
14
15
15
18
17
17
17
13
13
12
12
12
15
1
1
-5
-10
-11
-13
-10
-14
-13
-16
-19
-26
-24
-33
-29
-24
-19
-14
-12
-5
-4
2
3
5
1
2
0
9
13
15
12
10
11
5
4
5
3
4
-3
-5
-4
-8
-4
-8
-12
-16
-22
-24
-24
-22
-21
-23
-19
-19
-14
-17
-19
-21
-23
-26
-26
-28
-27
-24
-26
-24
-21
-20
-23
-19
-22
-18
-15
-13
-9
-11
-2
-5
-1
6
1
5
13
18
25
22
19
22
24
24
21
22
23
23
18
23
23
20
24
18
19
14
18
15
14
8
14
19
13
14
7
16
17
22
15
19
20
21
32
30
33
29
29
29
29
25
20
18
19
15
12
8
7
4
-3
-4
-7
-3
-2
0
0
7
7
6
5
-3
0
0
2
5
3
1
1
-4
-6
-4
-12
-14
-16
-17
-21
-15
-17
-17
-11
-11
-13
-11
-13
-12
-18
-22
-26
-26
-25
-25
-25
-28
-19
-23
-31
-29
-31
-33
-28
-28
-24
-21
-26
-27
-29
-35
-31
-30
-27
-32
-27
-24
-23
-25
-21
-21
-14
-10
-4
6
3
15
18
17
15
7
6
13
12
12
10
11
16
16
15
21
22
20
18
18
17
12
9
9
10
14
10
9
15
13
14
18
15
18
24
20
22
33
37
31
29
28
29
30
29
31
29
29
29
28
20
23
15
16
9
8
16
12
10
14
14
14
16
10
9
5
7
8
12
6
1
0
-4
-6
-11
-15
-14
-20
-19
-27
-34
-37
-36
-31
-41
-42
-43
-39
-40
-40
-39
-42
-46
-42
-44
-44
-43
-48
-42
-43
-40
-35
-35
-35
-34
-36
-33
-34
-32
-32
-26
-26
-16
-13
-11
-3
1
0
2
13
12
10
15
18
22
30
28
29
28
32
24
26
24
22
23
16
19
15
15
16
11
6
7
8
12
6
9
7
6
12
10
13
11
6
9
11
15
22
17
24
21
24
20
20
28
25
36
34
35
41
38
38
32
33
32
27
29
23
20
5
12
8
10
14
6
7
5
12
6
9
13
17
22
20
17
18
23
20
17
13
12
4
-2
-3
-8
-7
-12
-21
-20
-22
-24
-27
-30
-35
-29
-36
-32
-33
-37
-38
-37
-34
-34
-34
-43
-38
-43
-36
-35
-35
-35
-35
-35
-37
-37
-43
-39
-37
-33
-33
-23
-23
-21
-17
-16
-13
-6
0
-2
3
4
7
12
11
16
16
13
20
15
18
18
24
24
19
22
18
15
12
9
12
11
7
10
8
6
10
9
11
13
9
8
7
17
20
12
12
10
11
9
13
13
5
10
16
17
16
13
11
12
16
19
15
8
14
8
12
14
17
18
15
9
4
9
10
11
9
11
14
20
24
22
20
26
25
29
26
19
17
14
5
3
4
-2
-8
-14
-22
-24
-25
-24
-32
-31
-38
-33
-35
-39
-35
-43
-39
-44
-41
-36
-35
-33
-32
-38
-37
-39
-36
-33
-33
-21
-25
-18
-25
-24
-18
-19
-12
-8
-6
1
2
3
8
7
8
7
4
9
12
12
12
5
6
7
9
14
14
11
17
18
12
16
18
25
20
14
16
9
7
8
4
4
2
-5
2
1
2
-1
-1
1
4
7
-2
1
2
2
7
3
4
1
4
7
2
0
4
4
4
0
10
14
12
11
1
6
3
-2
1
2
5
10
9
12
17
22
25
27
31
25
29
29
28
23
23
27
16
13
5
4
-2
-6
-8
-12
-16
-19
-15
-20
-18
-13
-20
-18
-23
-24
-28
-23
-26
-27
-26
-37
-28
-33
-28
-28
-26
-23
-26
-23
-18
-19
-10
-5
-12
-6
-5
-4
-2
3
4
5
4
5
10
6
8
9
17
18
18
24
23
24
26
27
28
25
30
29
23
23
20
22
16
15
16
13
11
10
14
9
11
7
3
-4
0
1
-3
-3
-5
0
-5
-3
-7
-4
-1
-7
-4
-4
-10
-11
-12
-13
-15
-13
-13
-14
-17
-14
-10
-18
-15
-12
-15
-8
-3
2
3
1
7
6
7
6
7
8
14
17
12
13
15
17
15
17
17
12
14
7
5
12
9
9
9
7
3
8
5
8
4
1
6
1
-7
-13
-14
-7
-8
-12
-12
-14
-15
-22
-22
-23
-19
-15
-19
-21
-26
-24
-28
-23
-21
-15
-20
-14
-13
-21
-14
-18
-14
-20
-18
-15
-15
-11
-8
-3
-1
4
-1
1
3
8
5
5
9
7
9
11
12
12
8
8
11
16
11
12
9
12
10
9
10
6
8
9
18
12
13
10
7
11
13
14
5
3
6
4
4
5
9
9
2
6
7
6
5
7
8
4
0
4
4
8
11
17
17
19
12
12
14
13
13
12
14
14
13
12
6
3
-3
-4
-4
-2
-3
-4
-14
-15
-8
-14
-12
-17
-17
-19
-22
-18
-16
-13
-23
-21
-25
-23
-30
-30
-27
-35
-39
-40
-39
-45
-34
-34
-25
-30
-23
-20
-20
-16
-20
-9
-8
-4
-5
0
2
3
7
9
11
17
17
21
15
18
17
15
13
21
21
14
17
12
20
22
24
26
19
17
22
17
15
15
11
11
9
6
6
6
3
0
-5
-3
-1
-3
2
3
2
-4
-5
-2
-6
-4
-8
-6
-2
-4
-4
-9
-12
-6
-1
-2
1
1
1
8
3
6
8
4
12
17
18
23
18
20
20
26
23
25
25
23
22
19
23
17
17
20
17
14
12
6
6
6
8
7
0
4
1
1
4
-9
-11
-6
-9
-10
-16
-21
-19
-19
-25
-21
-18
-21
-24
-25
-23
-26
-29
-23
-24
-25
-27
-26
-22
-15
-17
-13
-12
-14
-9
-8
-5
-7
3
6
8
12
5
9
9
15
16
14
17
10
8
8
11
9
7
3
7
-1
0
4
-3
0
-8
-8
-4
-7
-4
-4
-10
-4
-3
-4
0
4
6
8
8
6
4
3
2
4
-5
-3
-4
-6
-4
-3
-4
1
4
10
10
15
11
9
11
13
12
4
6
2
1
4
5
3
6
4
2
1
4
3
4
2
4
4
-4
2
5
3
1
-1
-2
3
1
5
12
5
1
1
2
-3
3
0
-6
-6
-12
-10
-17
-19
-16
-19
-16
-20
-19
-22
-26
-17
-22
-22
-23
-20
-15
-16
-16
-17
-10
-14
-10
-14
-11
-11
-5
-4
-4
0
-1
4
4
8
8
16
10
13
16
11
20
16
18
21
19
15
16
19
18
19
17
17
15
12
9
8
7
1
2
-1
-3
-6
-5
1
-3
3
-1
-2
-2
-4
-2
-4
-6
-7
-7
-12
-9
-12
-15
-11
-14
-18
-10
-11
-11
-2
-6
-2
0
-1
1
5
13
6
11
15
15
18
20
14
19
20
23
18
17
20
12
16
12
15
12
10
14
12
10
4
7
-1
-9
-10
-13
-11
-14
-20
-25
-24
-22
-24
-24
-30
-30
-28
-32
-38
-28
-28
-23
-24
-23
-20
-21
-19
-20
-16
-18
-17
-12
-9
-10
0
0
1
7
5
10
6
7
7
13
13
12
14
7
12
15
21
17
19
23
22
21
19
21
25
25
28
23
22
26
20
25
23
21
22
21
22
19
14
20
16
15
20
8
8
3
4
6
8
5
-2
-1
-3
-2
-3
-5
-2
2
6
3
8
3
5
1
2
-3
-4
-6
-9
-4
-5
-2
-5
-5
-4
-1
-3
-3
-2
0
0
-5
-5
-5
-5
-6
-9
-9
-14
-16
-22
-22
-21
-21
-18
-21
-17
-20
-20
-18
-18
-15
-15
-16
-15
-15
-14
-16
-17
-21
-19
-20
-23
-16
-13
-16
-9
-4
-8
-4
-3
-3
-2
-2
0
2
2
-2
6
4
4
6
-1
6
5
6
9
12
12
12
15
12
9
12
13
7
15
9
5
7
10
5
3
13
10
15
11
9
6
8
5
7
5
2
5
-1
6
4
4
6
12
11
4
5
6
8
6
11
4
12
13
12
10
-1
-1
1
5
10
0
2
3
3
7
-1
2
1
1
5
0
-4
-2
-4
0
0
-2
-3
-5
1
-1
1
0
-7
-9
-13
-14
-19
-17
-22
-25
-23
-25
-24
-20
-24
-25
-20
-20
-20
-17
-13
-12
-16
-20
-22
-21
-13
-21
-17
-12
-13
-3
-1
2
2
1
5
1
6
2
1
2
-2
-4
0
6
15
18
11
14
15
19
17
15
12
16
18
15
13
16
12
13
8
15
12
11
14
11
13
10
12
10
10
10
9
8
8
9
5
4
6
7
2
-1
0
4
-1
-9
-3
-2
-1
-2
6
4
7
7
6
5
2
-4
-5
-4
-10
-9
-11
-5
-3
-1
-7
-2
-8
-2
-5
-7
-7
-8
-7
-14
-11
-8
0
4
3
6
5
6
8
10
12
9
9
5
7
4
5
13
10
4
4
1
3
-1
-3
-1
-3
-5
-2
-4
-2
-4
-5
-7
-11
-3
-5
-5
-6
-12
-10
-9
-7
-8
-17
-11
-15
-13
-7
-11
-11
-10
-6
-10
-4
-6
-2
-3
3
7
9
11
15
18
16
21
19
22
23
18
11
6
5
5
7
2
1
4
3
1
4
0
3
0
5
9
2
6
-2
3
0
1
3
5
5
5
4
2
3
-3
2
-2
4
-4
-3
1
-2
-1
-11
-6
-7
-7
-9
-10
-7
-11
-3
-5
-8
-4
-5
0
-3
-4
2
3
8
5
3
5
8
3
6
2
3
-2
-3
-3
-4
-6
-5
-4
-9
-8
-14
-11
-15
-9
-13
-17
-13
-12
-16
-19
-11
-14
-11
-11
-9
-11
-12
-12
-14
-13
-10
-8
-8
-2
-4
-5
-1
2
1
9
11
6
5
7
5
7
7
7
5
5
7
7
7
10
8
6
11
14
19
19
14
14
13
11
10
7
8
5
4
5
5
3
1
-1
2
0
1
-3
0
2
-2
7
4
2
2
2
3
-3
-4
-2
0
0
-8
-5
-7
-5
1
-3
-1
1
0
-2
-6
-7
1
-4
-9
-7
-8
2
-1
-2
3
3
3
1
2
5
7
10
9
17
9
6
11
7
8
9
8
10
3
-4
-3
-12
-6
-5
-9
-12
-13
-13
-9
-9
-11
-12
-9
-2
-4
-2
-2
-2
-2
-5
-4
-5
-11
-7
-6
0
-1
-10
-11
-3
-8
-4
-7
-8
-10
-10
-12
-18
-8
-13
-13
-13
-19
-16
-14
-9
-5
1
4
7
13
11
7
4
8
8
7
3
4
9
6
9
6
6
10
12
12
14
12
7
11
4
6
3
14
15
9
12
10
6
11
15
13
18
19
16
20
13
16
16
14
11
6
9
6
8
6
5
13
12
9
8
11
9
6
10
8
9
5
4
4
-3
-2
4
7
7
3
0
0
1
-2
-4
-4
-1
-5
-5
-10
-13
-12
-12
-13
-9
-12
-19
-15
-14
-15
-10
-13
-15
-17
-20
-18
-16
-12
-9
-8
-6
-12
-8
-13
-9
-8
-11
-6
-15
-15
-16
-20
-17
-17
-17
-12
-7
-6
-5
-5
-2
-6
-8
-10
-7
-5
-7
6
3
7
3
5
7
5
4
1
3
8
7
7
7
12
12
10
8
6
-2
-2
1
0
2
5
5
10
13
13
14
12
9
7
12
13
12
10
14
13
12
17
9
8
5
4
2
0
-5
2
1
2
-6
-8
0
-8
-3
-2
2
2
2
3
-1
-1
3
3
0
-1
1
3
-4
-3
1
2
7
3
1
-1
-4
-1
0
-2
1
-1
-7
-6
-3
-2
-10
-16
-15
-17
-13
-16
-17
-13
-13
-16
-17
-15
-14
-9
-8
-8
-11
-11
-11
-11
-12
-14
-14
-13
-9
-12
-5
-9
-10
-5
-9
-3
-8
-4
-4
3
6
4
7
3
10
10
17
14
12
14
12
17
16
13
14
12
8
12
11
8
11
4
2
4
5
6
2
0
0
3
3
7
4
9
8
4
6
2
3
3
7
4
6
8
4
12
4
6
8
8
15
8
6
5
7
5
5
8
8
3
9
3
4
6
7
8
3
4
0
1
-2
-9
-7
-7
-8
-9
-7
-6
-8
-9
-10
-8
-7
-7
-12
-16
-16
-10
-8
-10
-12
-10
-9
-4
-3
0
-3
-1
1
3
-2
-4
-3
-2
2
-3
-2
0
0
3
-3
-2
-1
2
5
7
6
9
5
5
1
-2
-4
-5
-5
-5
-8
-6
-6
-4
1
2
3
7
9
7
5
4
8
7
7
3
4
7
-1
2
3
10
10
7
4
9
5
6
7
6
7
4
6
6
11
6
9
9
5
9
8
11
3
3
3
3
-2
-1
-3
-6
-3
-5
0
-4
-1
-3
-3
-2
-5
-2
-1
-6
0
-4
0
-3
-1
-4
-4
-1
-4
-1
-4
-3
2
-4
-2
-5
-4
-3
-4
-4
-6
-6
-6
-8
-8
-13
-12
-11
-14
-19
-23
-20
-21
-20
-13
-12
-6
