SAMPLES:	15363
BITSPERSAMPLE:	16
CHANNELS:	1
SAMPLERATE:	16000
NORMALIZED:	FALSE
6
5
5
2
6
4
3
4
0
1
-3
-3
-7
-4
-4
-4
0
-7
-4
1
1
1
1
-1
2
-1
-2
-5
-7
-6
-10
-9
-14
-17
-13
-15
-12
-9
-13
-9
-10
-8
-5
-9
-9
-11
-12
-13
-12
-13
-11
-10
-11
-14
-15
-13
-8
-8
-8
-3
1
2
-1
4
4
6
9
4
4
4
2
6
4
5
1
7
4
5
8
10
10
5
10
4
5
5
8
6
8
10
7
9
12
6
11
10
12
11
10
11
6
5
4
7
2
5
3
6
1
0
1
-4
-2
0
-4
5
-1
0
3
-1
-2
-3
-1
-2
-7
-5
-6
-6
-9
-6
-5
-9
-9
-9
-5
-8
-7
-7
-8
-8
-9
-13
-17
-17
-14
-13
-10
-8
-8
-5
-6
-2
-7
0
-1
-3
0
-5
-4
-7
-4
-5
-2
-2
-1
1
1
-1
0
1
-4
-2
-5
-10
-4
-9
-4
-2
-1
-2
-4
2
0
3
1
0
5
2
5
6
6
4
4
1
1
7
6
5
6
9
5
12
8
7
8
3
7
6
8
4
3
8
5
4
5
3
8
9
8
6
3
2
-2
-1
-3
-1
1
0
3
3
0
-2
-4
1
2
2
6
5
2
1
2
1
6
4
2
3
3
2
-2
-3
-3
-6
0
-1
-2
0
0
-4
-8
-4
-5
-9
-7
-5
-9
-9
-14
-8
-5
-6
-7
-8
-8
-9
-6
-7
-7
-5
-6
-7
-6
-7
-4
-10
-3
-4
-1
0
5
5
7
6
4
7
9
7
7
11
8
9
10
13
12
15
16
18
14
13
10
14
12
11
11
7
12
11
8
6
13
16
15
13
10
13
13
7
6
4
0
1
1
3
-2
1
1
5
-3
4
2
0
2
0
3
-5
-1
-5
-5
-7
-4
-4
-9
-8
-8
-5
-5
-8
-7
-12
-5
-10
-7
-9
-8
-2
-10
-2
-5
-3
-9
-7
-2
-4
-7
-4
-6
-8
-2
-9
-9
-12
-7
-10
-7
-7
-6
-8
-14
-13
-11
-11
-7
-12
-11
-9
-15
-13
-8
-6
-6
-2
-8
-1
-6
0
1
4
4
4
6
2
5
4
9
6
6
4
4
9
14
11
12
5
9
7
8
11
11
11
6
12
8
10
8
5
5
5
8
3
5
1
1
2
0
1
-3
3
3
-3
-1
-2
0
-6
-3
-2
-6
-4
-11
-8
-14
-17
-17
-14
-13
-13
-15
-16
-14
-13
-11
-8
-10
-7
-9
-8
-8
-15
-13
-6
-13
-6
-8
-6
-2
-5
-2
0
1
1
1
5
10
7
9
4
7
8
9
5
12
8
10
8
7
8
6
10
4
7
5
3
5
1
3
4
6
10
8
11
6
9
6
8
10
8
10
10
8
7
5
7
8
7
7
9
8
6
6
2
5
3
1
2
-6
-1
1
-3
0
-6
-8
-11
-4
-5
-7
-6
-4
-2
-3
-2
0
-1
-1
-5
-3
0
-4
-3
-6
-4
-6
-5
-5
-6
-3
-4
-4
-6
-9
-9
-6
-1
-3
-2
-3
2
7
3
3
6
2
8
5
7
9
9
9
4
0
-2
-1
-2
-4
-10
-7
-8
-8
-8
-5
-4
-4
-2
-2
-4
-3
-1
-3
-4
-5
-1
3
-1
-2
-1
0
2
5
7
4
5
2
2
6
2
1
3
-2
1
6
6
8
9
12
5
7
11
4
8
8
5
2
-1
6
4
6
6
8
12
9
9
7
6
6
5
7
3
9
6
5
2
3
0
1
0
-5
-3
-7
-6
-5
-8
-4
-5
-6
-4
-8
-6
-6
-11
-10
-13
-12
-10
-14
-10
-12
-11
-10
-12
-10
-9
-9
-6
-7
-6
-4
-6
-1
1
5
7
6
5
2
5
3
3
6
8
14
10
11
13
12
10
10
7
10
7
3
3
3
3
2
4
1
1
-1
0
-1
1
0
-3
0
-2
1
0
-1
-3
-3
-2
-5
-6
-7
-6
-7
-9
-12
-9
-11
-11
-11
-12
-7
-9
-7
-8
-8
-5
-6
-2
-5
-3
-7
-10
-4
-5
-2
-5
-1
-2
-9
-4
-7
-9
-5
-1
0
-4
3
2
6
5
0
2
3
5
0
-4
2
2
-2
-2
0
1
-1
-2
-2
-3
1
2
4
4
4
3
2
5
5
5
2
3
5
1
7
5
7
10
10
11
6
8
4
5
2
4
7
1
5
0
2
4
-2
0
-4
-2
-8
-6
-5
-6
-4
-7
-2
-3
-3
-3
-6
-9
-7
-5
-2
-1
2
3
-2
-1
-1
1
-2
2
5
4
6
5
7
5
7
6
2
7
7
6
6
6
7
2
3
1
0
1
-3
2
3
6
5
3
-1
2
-1
-1
1
-4
0
1
2
-1
-1
4
2
0
-3
-6
-5
-11
-6
-5
-9
-6
-8
-8
-9
-10
-4
-3
-4
-4
2
2
3
5
3
-3
2
-2
0
3
2
7
2
3
3
7
8
10
7
8
8
8
4
8
7
6
5
6
6
4
6
10
10
8
12
8
9
10
7
2
0
3
3
1
0
1
2
2
1
2
5
5
2
9
6
4
8
1
6
2
4
2
0
4
-1
0
-1
-3
-3
-1
0
-1
2
-1
-2
0
-7
-7
-8
-9
-7
-12
-11
-11
-9
-7
-6
0
-4
-3
-8
-5
-7
-6
-9
-11
-10
-8
-6
-9
-9
-13
-6
-13
-14
-13
-12
-15
-16
-16
-10
-13
-13
-9
-13
-8
-8
-6
-2
-3
1
1
3
3
1
-3
-4
-1
-2
-2
0
-2
-2
2
5
3
5
4
7
2
4
1
-1
3
1
4
-2
5
1
3
5
3
5
8
9
11
12
9
16
11
15
13
15
17
12
10
8
11
5
6
4
5
2
2
0
-3
-3
-3
0
-4
-6
-5
-5
-4
-3
-5
-2
-2
1
-1
-6
-5
-6
-7
-10
-12
-6
-3
-6
-3
-9
-10
-9
-10
-9
-8
-7
-6
-3
-2
-3
0
-5
-5
1
-3
-5
-3
1
-2
-6
-3
-3
-1
1
-1
-1
-2
-1
3
3
3
6
6
8
6
9
9
6
1
2
4
5
8
5
4
3
4
2
0
2
-1
-4
5
1
1
3
2
0
0
2
5
2
-1
5
4
5
3
12
7
8
5
3
5
3
2
2
3
1
-2
0
-1
-2
0
0
1
-2
5
8
9
10
5
11
8
11
12
10
10
6
5
2
3
0
-1
-1
-4
-2
-3
-3
0
-4
-3
-8
-5
-9
-5
-3
-5
-10
-11
-10
-6
-12
-9
-7
-8
-4
-9
-9
-6
-6
-7
-9
-7
-10
-9
-4
-8
-6
-4
-3
-2
0
-4
-1
-3
-3
-1
-4
-3
0
2
4
5
8
11
8
12
9
9
12
10
8
5
2
3
3
0
3
0
3
2
5
9
3
9
9
9
8
10
10
10
10
14
8
7
6
7
4
4
3
3
1
4
-2
1
0
-1
-1
-6
-1
-3
6
2
0
3
0
-1
-8
-7
-7
-5
-4
-6
-3
-4
-3
-3
-5
-5
-10
-13
-10
-11
-13
-14
-14
-12
-10
-11
-6
-6
-9
-8
-5
-7
-4
-4
-1
-1
-3
-3
-3
4
1
7
4
7
9
7
9
4
0
4
4
4
7
6
6
5
6
1
3
1
1
-4
-6
-5
-4
-7
-11
-8
-9
-8
-5
-10
-7
-6
-6
-4
-8
-8
-8
-3
-6
-7
-9
-4
-8
-11
-7
-11
-4
-5
1
0
-1
3
-3
1
-4
-3
2
1
1
-1
1
7
9
5
1
7
4
7
1
0
4
0
-1
-2
-1
-2
2
-3
1
2
4
5
4
7
8
6
4
8
1
1
5
-1
5
0
6
0
2
-3
-1
-2
0
4
1
4
0
1
0
0
0
4
3
1
-5
-2
-5
-4
-8
-4
-2
-1
0
0
-3
-3
0
0
2
0
5
4
6
7
8
4
1
7
2
3
2
2
4
5
4
3
3
3
8
9
10
8
12
13
14
8
8
9
3
2
-1
4
0
2
3
7
8
4
6
1
2
1
3
-3
-4
-2
-3
-6
-6
-4
-5
-4
-4
-5
-5
-2
-1
1
0
3
6
2
5
3
-3
-1
-6
-6
-5
-8
-6
-4
-5
-2
-1
-2
0
2
2
1
-3
-5
-6
-9
-7
-12
-9
-9
-9
-11
-9
-6
-4
-8
-7
-2
-4
3
1
4
4
0
0
-2
-2
-3
-2
0
-2
0
2
4
2
2
1
7
4
7
5
2
3
2
5
1
0
2
-1
0
-2
0
0
2
6
1
8
5
7
6
7
6
10
7
4
4
4
2
2
8
4
14
15
12
10
13
9
14
9
4
9
3
2
2
1
-1
0
-1
-1
-2
1
0
3
-3
-6
-5
-6
-7
-6
-6
-10
-12
-16
-13
-16
-13
-17
-18
-18
-18
-16
-16
-16
-16
-16
-17
-13
-10
-14
-13
-15
-17
-10
-13
-11
-11
-10
-6
-9
-6
-3
-4
-3
-1
-1
0
-4
5
1
8
7
5
6
4
9
5
9
7
9
8
3
4
3
2
9
7
6
4
8
5
9
12
8
12
9
12
13
10
8
9
7
4
7
7
10
10
5
9
8
6
7
0
4
2
-1
-3
-4
-3
-2
0
-4
-2
-1
1
1
1
0
-1
-2
3
3
-6
-3
-6
-4
-5
-4
-4
-7
-5
-6
-5
-2
-1
0
-8
-6
-9
-5
-5
-3
0
-5
-5
-1
2
-2
-1
-6
-4
-8
-8
-4
-7
-5
-5
-7
-4
-3
-5
-6
-1
-2
2
1
2
1
0
4
-2
2
-4
0
-6
-6
-1
1
5
3
4
7
13
13
10
10
9
7
8
8
9
8
3
7
5
1
8
8
10
12
13
14
16
22
14
15
14
14
13
14
13
10
11
10
6
4
8
0
3
2
0
3
-6
-13
-13
-10
-15
-14
-5
15
20
20
9
22
45
49
44
18
7
18
28
13
-25
-35
-35
-43
-60
-72
-71
-75
-85
-95
-93
-85
-74
-80
-89
-83
-69
-60
-50
-36
-32
-30
-27
-18
-5
3
6
9
18
32
42
49
60
68
71
68
68
87
104
112
111
93
106
127
137
137
128
121
122
126
119
111
104
97
84
67
59
51
52
36
11
-18
-33
-46
-58
-73
-102
-123
-138
-146
-162
-176
-193
-203
-211
-213
-217
-216
-221
-220
-222
-216
-207
-193
-183
-175
-164
-148
-123
-93
-65
-40
-12
15
44
68
96
114
133
154
169
172
183
187
194
188
188
180
176
172
156
148
123
105
91
82
74
76
67
57
65
81
107
128
121
124
162
193
208
210
209
205
218
196
169
148
129
97
47
13
-20
-40
-77
-123
-156
-176
-197
-215
-233
-231
-240
-257
-278
-276
-269
-275
-286
-303
-297
-296
-297
-297
-292
-276
-272
-264
-257
-227
-203
-187
-185
-162
-122
-87
-60
-37
-4
25
46
69
104
132
150
160
173
192
219
248
278
295
289
295
324
363
383
384
371
370
384
376
351
310
276
244
202
153
107
69
13
-51
-108
-150
-181
-231
-269
-300
-329
-350
-379
-388
-397
-400
-405
-414
-399
-386
-365
-349
-334
-317
-293
-272
-255
-221
-202
-177
-136
-74
23
119
210
272
327
421
549
674
737
783
841
913
973
962
924
901
880
816
711
610
549
475
349
202
91
27
-64
-189
-309
-389
-449
-516
-596
-629
-654
-703
-772
-829
-826
-823
-853
-896
-895
-865
-850
-845
-805
-745
-708
-702
-675
-585
-467
-403
-358
-287
-183
-74
-3
82
166
246
306
353
410
481
541
567
573
576
608
617
635
628
612
596
567
562
573
592
596
573
531
491
472
472
477
437
341
265
213
176
97
-10
-114
-205
-266
-331
-382
-423
-474
-542
-603
-642
-636
-643
-673
-690
-684
-657
-620
-574
-545
-502
-456
-408
-327
-240
-168
-104
-61
5
54
74
103
125
165
200
235
321
447
577
643
664
721
845
974
1045
1061
1065
1103
1125
1097
1021
940
871
772
628
490
389
302
178
17
-136
-243
-320
-423
-559
-668
-748
-808
-864
-911
-928
-963
-1018
-1073
-1073
-1051
-1049
-1068
-1063
-1019
-986
-958
-912
-826
-752
-711
-683
-588
-453
-315
-225
-172
-74
52
172
253
345
445
524
571
617
684
757
804
799
775
770
767
760
736
724
703
685
678
662
640
600
557
515
500
449
365
292
235
160
51
-74
-185
-265
-340
-446
-558
-630
-690
-753
-816
-857
-853
-847
-840
-816
-769
-704
-651
-593
-522
-431
-330
-252
-174
-66
15
101
186
255
332
366
390
403
427
466
500
563
656
776
857
880
884
941
1080
1172
1161
1106
1083
1121
1107
995
840
727
637
500
294
123
28
-82
-260
-482
-618
-672
-755
-873
-1015
-1074
-1082
-1125
-1171
-1183
-1157
-1143
-1164
-1159
-1089
-1014
-986
-987
-947
-853
-780
-736
-654
-548
-456
-414
-358
-212
-45
63
100
155
274
412
506
549
599
666
701
697
700
750
789
764
716
655
631
601
581
558
527
516
493
473
468
457
447
405
356
312
281
248
179
90
-35
-147
-235
-304
-378
-464
-553
-648
-705
-738
-745
-756
-777
-790
-789
-743
-660
-587
-524
-446
-377
-295
-192
-78
29
110
185
242
314
411
450
453
433
435
463
507
551
630
761
834
840
823
902
1093
1191
1158
1058
1054
1137
1151
1018
825
727
646
483
259
97
37
-60
-292
-547
-655
-674
-748
-940
-1107
-1127
-1101
-1141
-1221
-1206
-1170
-1186
-1270
-1290
-1181
-1075
-1090
-1151
-1108
-973
-886
-866
-799
-660
-549
-538
-504
-326
-95
27
24
51
224
426
528
567
647
776
844
838
871
962
1022
991
900
820
832
863
808
749
723
759
800
773
736
685
684
671
570
489
386
300
240
119
-83
-299
-424
-524
-635
-776
-943
-1054
-1103
-1135
-1157
-1158
-1178
-1172
-1160
-1119
-981
-836
-718
-623
-517
-397
-249
-107
36
143
202
306
386
467
506
508
513
553
653
720
822
965
1037
1013
1036
1176
1354
1426
1367
1269
1298
1400
1363
1167
973
854
750
527
278
134
64
-88
-386
-622
-703
-740
-867
-1080
-1208
-1221
-1246
-1340
-1385
-1337
-1298
-1354
-1461
-1419
-1287
-1187
-1209
-1259
-1147
-995
-914
-867
-761
-589
-482
-479
-398
-186
83
196
175
254
465
670
741
785
871
1003
1050
1030
1061
1153
1197
1106
940
882
922
932
872
792
841
877
801
670
634
714
700
540
343
238
233
178
-57
-335
-510
-625
-781
-929
-1058
-1172
-1281
-1387
-1419
-1356
-1288
-1282
-1307
-1288
-1155
-992
-863
-735
-597
-437
-293
-166
16
225
347
415
481
570
665
713
723
746
821
885
913
1016
1190
1284
1240
1203
1319
1520
1611
1517
1387
1369
1452
1377
1151
935
838
719
444
120
-76
-118
-272
-593
-888
-996
-994
-1093
-1348
-1475
-1444
-1445
-1535
-1622
-1535
-1420
-1437
-1555
-1567
-1376
-1216
-1229
-1276
-1170
-979
-883
-863
-727
-511
-388
-381
-295
-33
242
376
359
421
646
829
889
893
1020
1154
1163
1098
1106
1194
1238
1119
949
900
937
955
920
903
879
830
701
657
704
702
598
394
227
198
150
-34
-312
-549
-683
-817
-970
-1122
-1238
-1318
-1419
-1498
-1506
-1448
-1369
-1329
-1340
-1247
-1078
-901
-731
-613
-464
-301
-132
43
214
354
509
611
652
725
771
820
843
879
897
925
1030
1221
1334
1330
1235
1248
1457
1612
1626
1459
1354
1461
1515
1315
1038
865
798
609
248
-37
-160
-209
-467
-846
-1108
-1145
-1138
-1341
-1591
-1661
-1600
-1613
-1713
-1743
-1644
-1578
-1642
-1720
-1610
-1384
-1302
-1318
-1299
-1137
-942
-867
-787
-589
-388
-318
-296
-157
162
436
466
454
618
883
1035
1075
1110
1268
1403
1364
1261
1277
1383
1396
1267
1098
1084
1165
1232
1193
1080
976
897
917
908
815
668
468
321
232
109
-108
-370
-591
-786
-986
-1140
-1278
-1375
-1506
-1644
-1688
-1662
-1636
-1608
-1595
-1534
-1399
-1246
-1092
-920
-749
-615
-466
-328
-95
79
218
390
512
639
721
755
781
854
916
902
889
1008
1233
1380
1373
1250
1255
1496
1675
1689
1522
1413
1515
1600
1449
1163
985
923
788
440
119
-20
-42
-272
-682
-972
-1046
-1055
-1223
-1525
-1657
-1641
-1636
-1708
-1788
-1708
-1628
-1661
-1766
-1690
-1484
-1356
-1365
-1376
-1222
-1010
-921
-867
-682
-485
-370
-348
-232
65
361
428
378
500
797
1001
1030
1042
1155
1352
1374
1281
1245
1352
1408
1286
1129
1096
1258
1376
1311
1153
1042
1091
1131
1070
906
731
607
477
328
127
-103
-330
-552
-772
-932
-1109
-1236
-1352
-1519
-1623
-1684
-1714
-1674
-1680
-1657
-1593
-1476
-1344
-1201
-1048
-871
-723
-582
-383
-174
7
157
277
414
559
644
686
723
784
802
806
867
1004
1202
1339
1355
1265
1276
1502
1721
1755
1630
1533
1621
1741
1658
1388
1152
1046
949
678
350
144
58
-108
-477
-786
-918
-922
-1060
-1376
-1602
-1588
-1527
-1611
-1738
-1734
-1653
-1674
-1760
-1754
-1581
-1424
-1430
-1505
-1414
-1191
-1022
-971
-888
-680
-530
-477
-376
-117
194
341
291
338
617
905
960
912
982
1181
1251
1176
1125
1222
1329
1242
1090
1071
1287
1444
1346
1135
1039
1174
1225
1129
940
770
676
568
393
143
-68
-291
-510
-736
-927
-1064
-1199
-1341
-1467
-1579
-1644
-1674
-1642
-1636
-1595
-1491
-1382
-1233
-1077
-913
-771
-625
-480
-280
-98
83
241
389
528
639
717
738
799
878
876
847
895
1073
1274
1377
1298
1195
1339
1598
1731
1642
1506
1503
1592
1611
1412
1146
1017
918
722
403
122
25
-52
-363
-769
-988
-1019
-1046
-1259
-1562
-1677
-1622
-1620
-1736
-1806
-1738
-1686
-1764
-1855
-1750
-1546
-1432
-1479
-1503
-1329
-1089
-970
-905
-739
-521
-405
-353
-189
146
428
469
434
579
896
1081
1080
1048
1182
1354
1358
1227
1208
1351
1398
1241
1094
1165
1394
1448
1281
1056
1069
1195
1152
995
811
712
617
460
229
5
-215
-435
-661
-891
-1088
-1231
-1363
-1469
-1563
-1666
-1697
-1675
-1621
-1583
-1536
-1409
-1278
-1129
-970
-845
-676
-479
-291
-113
69
240
408
563
694
803
834
867
932
974
954
975
1038
1202
1361
1386
1276
1195
1369
1574
1630
1496
1364
1385
1491
1435
1180
924
804
673
449
128
-109
-193
-346
-639
-986
-1158
-1204
-1245
-1476
-1721
-1789
-1724
-1720
-1797
-1842
-1794
-1710
-1734
-1763
-1669
-1482
-1373
-1368
-1358
-1188
-952
-803
-687
-527
-347
-228
-120
54
325
562
623
640
789
1023
1178
1205
1204
1287
1393
1381
1328
1319
1381
1376
1247
1137
1184
1343
1383
1221
1036
1013
1117
1103
953
758
615
513
391
156
-103
-326
-534
-729
-941
-1104
-1235
-1367
-1489
-1580
-1638
-1675
-1678
-1649
-1597
-1489
-1370
-1237
-1072
-913
-766
-633
-470
-253
-76
97
243
391
556
667
726
742
806
902
936
903
891
990
1212
1374
1380
1255
1239
1478
1655
1668
1529
1404
1458
1543
1458
1161
924
789
666
421
89
-140
-241
-369
-680
-1000
-1163
-1175
-1243
-1496
-1744
-1777
-1694
-1687
-1774
-1818
-1778
-1750
-1782
-1766
-1654
-1516
-1436
-1444
-1381
-1194
-1016
-899
-753
-577
-436
-362
-224
22
317
489
492
563
818
1067
1148
1145
1199
1341
1423
1358
1293
1330
1392
1357
1210
1111
1261
1428
1417
1248
1076
1097
1196
1160
1014
837
711
616
514
316
46
-198
-441
-653
-849
-1035
-1205
-1358
-1471
-1573
-1621
-1663
-1620
-1602
-1603
-1538
-1434
-1276
-1111
-949
-829
-685
-526
-316
-113
45
205
325
475
603
676
690
734
831
857
814
832
1004
1230
1333
1277
1150
1234
1499
1640
1605
1438
1371
1466
1531
1382
1141
955
842
684
423
144
-20
-124
-346
-651
-910
-1042
-1078
-1207
-1453
-1628
-1684
-1657
-1675
-1711
-1739
-1745
-1763
-1784
-1727
-1634
-1549
-1517
-1491
-1389
-1232
-1096
-947
-772
-628
-548
-454
-277
4
266
367
383
518
781
977
1040
1047
1146
1265
1303
1245
1228
1303
1335
1260
1116
1081
1242
1411
1403
1264
1150
1146
1265
1276
1163
993
804
717
658
483
181
-98
-336
-543
-729
-911
-1068
-1210
-1354
-1502
-1592
-1607
-1578
-1565
-1581
-1547
-1428
-1278
-1139
-998
-862
-728
-590
-408
-209
-46
92
212
337
460
538
574
628
726
743
690
716
924
1169
1274
1196
1099
1218
1490
1640
1587
1457
1434
1515
1549
1424
1217
1041
886
707
474
233
54
-75
-298
-569
-797
-922
-966
-1070
-1277
-1457
-1532
-1519
-1521
-1568
-1633
-1688
-1695
-1703
-1673
-1603
-1533
-1476
-1446
-1395
-1288
-1142
-958
-785
-688
-632
-506
-267
-3
208
296
370
527
736
900
964
1023
1137
1219
1222
1194
1221
1281
1285
1206
1078
1064
1184
1300
1318
1230
1115
1054
1146
1181
1131
974
742
624
572
472
198
-140
-396
-598
-768
-933
-1118
-1246
-1376
-1518
-1596
-1623
-1575
-1544
-1567
-1533
-1400
-1225
-1074
-944
-802
-624
-480
-330
-153
32
184
308
409
523
630
710
751
810
877
841
826
919
1136
1306
1293
1149
1142
1369
1568
1581
1425
1285
1355
1449
1341
1073
863
735
631
418
94
-98
-182
-321
-623
-926
-1068
-1079
-1127
-1331
-1545
-1608
-1576
-1542
-1585
-1632
-1627
-1633
-1632
-1612
-1507
-1378
-1324
-1332
-1297
-1137
-954
-796
-658
-557
-461
-373
-190
61
304
437
448
547
750
946
1027
1051
1085
1190
1252
1213
1182
1235
1274
1201
1044
954
1034
1170
1212
1125
1004
919
959
1010
963
845
664
511
411
353
194
-89
-369
-600
-757
-924
-1087
-1228
-1349
-1482
-1587
-1616
-1620
-1526
-1507
-1535
-1438
-1284
-1100
-941
-792
-638
-500
-329
-158
35
210
367
480
552
670
772
805
807
806
803
782
817
963
1136
1231
1185
1077
1148
1391
1581
1521
1324
1216
1297
1394
1254
977
778
703
597
329
-2
-135
-183
-377
-723
-1012
-1069
-1020
-1141
-1426
-1591
-1567
-1485
-1503
-1590
-1589
-1499
-1495
-1566
-1528
-1353
-1193
-1199
-1270
-1176
-932
-736
-655
-599
-451
-299
-180
-62
160
427
531
494
560
787
1022
1108
1046
1070
1185
1267
1224
1188
1221
1245
1137
948
873
966
1090
1090
971
848
819
855
923
875
769
618
444
347
296
164
-119
-457
-682
-829
-958
-1084
-1252
-1390
-1493
-1585
-1597
-1575
-1496
-1452
-1494
-1428
-1256
-1064
-892
-767
-646
-510
-330
-141
60
245
380
503
606
724
839
861
830
841
828
801
791
866
1020
1132
1117
983
937
1172
1431
1458
1285
1137
1178
1287
1268
1031
784
636
500
292
65
-81
-181
-396
-731
-960
-1016
-996
-1089
-1310
-1510
-1541
-1454
-1446
-1460
-1449
-1418
-1438
-1478
-1413
-1235
-1100
-1126
-1191
-1146
-922
-729
-664
-600
-446
-314
-244
-165
62
349
486
446
407
611
901
1028
988
953
1048
1167
1151
1097
1111
1135
1069
894
776
845
974
1011
927
848
844
836
885
899
829
719
538
382
354
321
119
-244
-556
-700
-762
-871
-1075
-1276
-1400
-1484
-1529
-1502
-1440
-1394
-1409
-1436
-1283
-1044
-858
-716
-620
-495
-321
-131
69
237
332
448
548
661
756
777
762
746
759
720
697
753
881
1038
1117
1083
994
1043
1263
1435
1413
1263
1142
1170
1310
1278
1033
756
570
461
325
92
-129
-326
-519
-729
-976
-1117
-1176
-1251
-1455
-1636
-1648
-1576
-1514
-1551
-1590
-1599
-1557
-1528
-1493
-1350
-1246
-1210
-1214
-1121
-920
-721
-625
-551
-442
-313
-180
-29
180
386
506
515
581
790
1020
1116
1118
1104
1179
1270
1286
1246
1209
1168
1079
969
900
940
1047
1103
1021
904
848
893
962
926
797
624
448
354
308
165
-141
-476
-713
-837
-915
-1081
-1303
-1457
-1543
-1583
-1599
-1607
-1551
-1527
-1534
-1460
-1271
-1035
-851
-748
-646
-467
-249
-41
122
252
378
544
654
744
857
905
904
867
842
816
809
832
909
1061
1180
1149
1046
1064
1284
1500
1505
1342
1221
1256
1380
1312
1046
779
616
502
300
35
-180
-327
-499
-775
-987
-1099
-1155
-1258
-1491
-1627
-1616
-1567
-1605
-1641
-1636
-1574
-1548
-1603
-1537
-1356
-1215
-1207
-1261
-1170
-937
-743
-682
-607
-429
-275
-197
-102
96
368
551
499
498
702
976
1113
1063
1030
1140
1249
1260
1183
1203
1237
1186
1014
883
985
1123
1173
1067
949
890
895
960
947
855
682
449
323
322
207
-85
-458
-720
-826
-952
-1139
-1348
-1467
-1553
-1635
-1667
-1662
-1562
-1504
-1536
-1478
-1294
-1049
-871
-753
-630
-430
-243
-97
106
290
432
532
591
688
844
908
856
849
863
835
804
835
937
1092
1184
1123
1052
1079
1294
1495
1521
1411
1276
1263
1375
1420
1183
867
623
482
383
183
-88
-348
-515
-732
-935
-1086
-1186
-1242
-1419
-1629
-1695
-1652
-1592
-1600
-1635
-1660
-1671
-1652
-1569
-1436
-1305
-1246
-1283
-1223
-1046
-823
-704
-622
-487
-375
-277
-137
80
324
477
458
453
630
903
1067
1054
1000
1045
1167
1221
1208
1219
1191
1131
1007
920
1008
1157
1234
1131
972
884
926
1053
1023
889
673
454
335
336
254
-53
-419
-728
-835
-878
-1017
-1222
-1397
-1501
-1549
-1544
-1526
-1456
-1401
-1417
-1353
-1206
-984
-791
-674
-576
-441
-276
-100
107
273
418
499
536
618
762
847
797
775
747
726
738
745
845
1029
1129
1028
894
942
1258
1513
1497
1280
1148
1267
1446
1416
1123
791
618
519
372
145
-99
-292
-514
-769
-949
-1032
-1103
-1223
-1440
-1614
-1648
-1575
-1555
-1591
-1610
-1629
-1620
-1590
-1487
-1317
-1206
-1203
-1246
-1152
-930
-719
-631
-563
-448
-341
-222
-86
140
347
451
413
419
646
903
1028
973
928
1002
1126
1178
1142
1129
1124
1051
933
884
996
1162
1188
1047
908
871
983
1094
1031
858
628
455
401
418
265
-87
-482
-752
-817
-863
-1024
-1271
-1447
-1533
-1542
-1531
-1520
-1431
-1374
-1363
-1275
-1116
-896
-695
-577
-494
-360
-182
22
223
333
432
512
574
654
766
786
765
726
703
682
683
768
911
1049
1053
926
851
1039
1339
1471
1330
1103
1096
1271
1391
1199
869
651
522
414
197
-46
-239
-444
-702
-958
-1067
-1121
-1200
-1398
-1629
-1675
-1614
-1581
-1604
-1606
-1568
-1559
-1569
-1512
-1333
-1142
-1100
-1152
-1114
-907
-687
-611
-558
-415
-278
-213
-142
21
293
498
486
451
574
879
1067
1074
1024
1075
1190
1234
1210
1199
1225
1176
1036
918
972
1121
1205
1108
962
869
892
993
1009
895
705
470
310
288
224
-58
-436
-755
-888
-936
-1087
-1297
-1478
-1557
-1587
-1615
-1620
-1529
-1402
-1382
-1358
-1208
-990
-745
-571
-483
-365
-173
30
209
343
471
584
677
728
804
900
871
863
831
774
771
801
877
1034
1125
1054
932
977
1251
1494
1485
1266
1111
1182
1365
1314
1025
738
555
449
269
-3
-224
-401
-611
-878
-1107
-1216
-1244
-1367
-1607
-1775
-1772
-1692
-1675
-1693
-1702
-1672
-1667
-1653
-1551
-1379
-1236
-1216
-1213
-1086
-858
-687
-589
-482
-331
-230
-161
-32
204
476
553
482
518
754
1027
1134
1094
1099
1217
1313
1280
1221
1247
1281
1206
1030
976
1132
1315
1289
1077
907
910
1069
1085
957
760
527
395
320
203
-44
-374
-679
-899
-994
-1096
-1276
-1467
-1590
-1635
-1619
-1627
-1587
-1494
-1456
-1383
-1245
-1091
-905
-711
-574
-469
-332
-114
99
248
388
501
644
757
818
821
815
861
855
784
719
779
915
1088
1189
1104
982
1035
1325
1549
1544
1379
1221
1315
1468
1398
1105
812
647
520
284
-11
-226
-367
-579
-889
-1147
-1240
-1241
-1341
-1589
-1768
-1737
-1644
-1598
-1644
-1650
-1620
-1605
-1609
-1512
-1337
-1203
-1166
-1159
-1033
-829
-678
-614
-454
-282
-218
-170
-53
215
485
555
479
553
825
1042
1103
1051
1089
1239
1270
1180
1127
1196
1275
1174
983
936
1141
1336
1260
1028
896
996
1119
1032
871
694
539
417
260
74
-160
-421
-704
-929
-1055
-1150
-1295
-1465
-1585
-1626
-1631
-1637
-1608
-1553
-1482
-1359
-1231
-1095
-888
-684
-542
-420
-273
-55
170
273
394
530
659
777
811
780
797
886
858
796
750
819
1040
1208
1186
1029
973
1187
1456
1568
1438
1278
1288
1427
1439
1188
878
720
631
421
119
-134
-249
-382
-680
-981
-1149
-1185
-1232
-1412
-1644
-1726
-1663
-1637
-1650
-1661
-1619
-1595
-1609
-1540
-1403
-1261
-1198
-1196
-1121
-927
-769
-711
-621
-419
-229
-183
-147
56
381
571
523
494
676
959
1087
1021
997
1144
1279
1230
1092
1070
1196
1220
1032
885
959
1177
1273
1100
883
853
1004
1030
903
754
587
476
361
216
-14
-308
-579
-814
-981
-1109
-1254
-1417
-1534
-1594
-1597
-1617
-1595
-1538
-1512
-1427
-1276
-1106
-928
-775
-646
-514
-345
-146
89
270
384
494
615
755
897
924
841
848
902
900
851
806
872
1099
1242
1182
1037
1034
1326
1563
1536
1352
1225
1312
1441
1330
1028
764
643
543
331
37
-185
-319
-511
-808
-1051
-1197
-1260
-1344
-1558
-1714
-1739
-1672
-1646
-1657
-1652
-1625
-1623
-1629
-1526
-1391
-1261
-1242
-1231
-1101
-868
-704
-636
-526
-366
-192
-113
-20
155
435
573
521
563
745
992
1082
1036
1043
1172
1297
1255
1133
1120
1191
1179
1038
934
1047
1252
1272
1081
895
928
1105
1073
887
690
522
461
373
167
-128
-435
-683
-845
-957
-1113
-1312
-1478
-1562
-1576
-1564
-1599
-1585
-1524
-1476
-1383
-1250
-1100
-911
-720
-599
-495
-303
-56
175
316
407
518
667
802
893
860
797
831
856
847
830
826
933
1127
1213
1154
1036
1143
1420
1592
1500
1267
1223
1380
1469
1249
886
664
605
504
202
-117
-291
-412
-634
-935
-1136
-1196
-1209
-1386
-1654
-1739
-1671
-1619
-1660
-1711
-1676
-1626
-1651
-1644
-1526
-1372
-1283
-1306
-1251
-1027
-814
-730
-682
-515
-288
-190
-139
26
300
525
562
517
643
933
1094
1060
1008
1127
1295
1339
1222
1134
1167
1200
1122
1006
1039
1213
1322
1241
1051
946
1037
1133
1089
915
647
457
371
342
123
-269
-638
-892
-929
-994
-1185
-1412
-1578
-1598
-1564
-1553
-1585
-1536
-1494
-1462
-1343
-1209
-1020
-818
-664
-579
-464
-275
-24
228
341
407
491
652
854
923
870
797
796
829
807
801
826
982
1112
1156
1061
1005
1202
1450
1552
1426
1241
1197
1352
1423
1213
836
594
521
456
226
-71
-309
-460
-662
-914
-1088
-1176
-1214
-1395
-1647
-1731
-1644
-1549
-1548
-1604
-1632
-1612
-1572
-1491
-1358
-1257
-1236
-1253
-1144
-919
-736
-667
-627
-454
-268
-169
-98
61
315
489
444
402
607
906
1074
986
904
1014
1200
1233
1108
1048
1088
1110
1011
923
973
1185
1253
1091
924
902
1061
1107
984
800
590
444
368
298
102
-205
-560
-825
-882
-905
-1068
-1321
-1508
-1550
-1474
-1470
-1502
-1480
-1453
-1371
-1260
-1131
-937
-742
-599
-535
-429
-213
73
252
324
389
523
713
839
892
861
830
849
822
807
813
855
930
1042
1069
1019
972
1082
1318
1411
1349
1202
1148
1229
1313
1135
787
560
433
353
185
-90
-336
-483
-663
-864
-1032
-1163
-1219
-1358
-1585
-1674
-1606
-1548
-1555
-1617
-1646
-1623
-1559
-1474
-1376
-1268
-1205
-1170
-1045
-858
-663
-579
-523
-383
-231
-158
-86
73
283
479
484
460
620
889
1034
987
931
1017
1186
1234
1123
1028
1071
1111
1015
897
932
1135
1241
1120
936
854
984
1103
1008
813
599
455
385
295
87
-246
-594
-866
-930
-939
-1062
-1330
-1531
-1564
-1481
-1424
-1481
-1452
-1412
-1335
-1214
-1082
-903
-707
-570
-505
-396
-191
87
279
344
397
531
705
852
911
842
830
890
891
829
799
834
955
1101
1105
1025
933
1051
1292
1420
1346
1169
1112
1199
1284
1134
826
559
414
324
162
-95
-361
-529
-696
-894
-1083
-1194
-1233
-1348
-1562
-1697
-1654
-1556
-1543
-1618
-1690
-1654
-1550
-1496
-1419
-1328
-1226
-1150
-1103
-966
-786
-633
-543
-438
-267
-143
-45
114
300
502
590
568
667
878
1045
1100
1047
1075
1207
1272
1220
1120
1112
1137
1059
946
915
1077
1259
1185
1002
890
983
1099
1030
870
691
509
406
308
139
-144
-472
-770
-920
-963
-1062
-1279
-1501
-1595
-1566
-1508
-1534
-1543
-1529
-1478
-1357
-1213
-1052
-878
-738
-652
-542
-359
-98
90
188
288
411
552
683
784
805
817
829
803
792
801
798
839
977
1079
1091
1055
1001
1154
1386
1481
1385
1202
1182
1316
1374
1158
826
599
512
410
188
-93
-302
-439
-637
-868
-1042
-1116
-1193
-1401
-1613
-1639
-1562
-1554
-1609
-1682
-1659
-1569
-1554
-1550
-1460
-1307
-1230
-1206
-1122
-940
-725
-609
-555
-408
-224
-110
-33
95
321
534
590
570
668
909
1076
1066
1011
1065
1205
1228
1148
1107
1156
1171
1061
921
957
1168
1302
1198
1011
938
1033
1151
1066
892
674
466
355
285
90
-244
-601
-866
-963
-996
-1151
-1386
-1562
-1611
-1580
-1570
-1586
-1550
-1503
-1450
-1356
-1204
-1019
-845
-748
-644
-495
-291
-46
129
253
368
503
589
710
808
812
809
796
790
787
783
798
876
1030
1115
1086
981
1001
1274
1475
1481
1295
1140
1176
1340
1325
1057
751
550
445
325
115
-151
-350
-543
-764
-936
-1063
-1158
-1240
-1461
-1627
-1621
-1553
-1551
-1596
-1627
-1611
-1545
-1513
-1473
-1352
-1224
-1159
-1146
-1056
-843
-666
-567
-473
-327
-173
-88
27
188
429
604
552
509
674
934
1068
1031
956
1019
1150
1170
1100
1089
1130
1101
968
879
967
1148
1211
1068
927
868
973
1035
952
826
636
434
317
286
140
-147
-501
-780
-885
-918
-1058
-1293
-1468
-1528
-1500
-1505
-1519
-1443
-1396
-1399
-1303
-1147
-939
-761
-686
-606
-456
-231
-67
70
217
361
490
544
620
764
853
849
799
695
690
748
755
762
857
954
994
958
905
1042
1266
1372
1292
1131
1069
1199
1322
1169
811
509
386
360
230
-80
-357
-511
-659
-831
-979
-1119
-1182
-1316
-1486
-1534
-1489
-1480
-1541
-1594
-1544
-1447
-1426
-1457
-1370
-1162
-1055
-1036
-1040
-875
-626
-499
-517
-440
-250
-118
-59
27
242
480
520
388
442
716
981
1030
895
877
1043
1163
1119
1049
1060
1064
985
863
855
1037
1165
1129
1009
930
892
915
961
898
793
550
291
255
288
135
-324
-749
-910
-847
-861
-1102
-1366
-1489
-1458
-1432
-1433
-1437
-1345
-1276
-1282
-1205
-1008
-797
-655
-570
-464
-314
-173
-21
152
300
382
415
472
624
811
797
667
626
640
693
690
661
684
821
911
884
835
867
1080
1259
1243
1154
1093
1108
1257
1268
1001
671
485
458
434
223
-126
-380
-469
-576
-746
-967
-1133
-1138
-1231
-1410
-1471
-1446
-1433
-1437
-1475
-1471
-1430
-1365
-1306
-1186
-1041
-1009
-1005
-950
-733
-511
-453
-451
-358
-202
-106
-4
90
268
451
436
386
503
754
928
917
822
880
1036
1125
1075
986
987
971
895
809
811
931
1015
958
852
747
743
835
874
807
600
347
275
339
279
-51
-485
-744
-766
-748
-925
-1186
-1345
-1351
-1349
-1380
-1378
-1276
-1195
-1222
-1193
-1035
-816
-664
-603
-541
-417
-283
-144
10
177
315
361
392
498
696
812
753
684
666
699
731
700
668
758
891
929
894
892
952
1126
1261
1275
1190
1103
1125
1216
1202
958
670
508
464
393
143
-201
-389
-460
-606
-832
-1051
-1128
-1151
-1309
-1492
-1534
-1469
-1436
-1447
-1493
-1455
-1367
-1332
-1299
-1186
-1062
-1028
-1041
-948
-715
-537
-520
-535
-384
-219
-122
-94
9
260
431
389
302
496
827
988
886
759
875
1110
1174
1034
949
991
1024
925
800
874
1020
1060
911
746
752
873
921
811
668
527
441
362
279
113
-164
-466
-665
-722
-794
-969
-1185
-1322
-1324
-1328
-1354
-1357
-1294
-1253
-1244
-1183
-1048
-826
-673
-616
-546
-415
-231
-78
71
219
330
399
451
569
712
783
739
656
641
660
686
687
686
713
798
877
953
984
973
1056
1184
1271
1269
1144
1074
1143
1176
991
681
489
428
366
117
-242
-457
-492
-602
-793
-1040
-1168
-1179
-1297
-1431
-1473
-1429
-1401
-1413
-1428
-1376
-1298
-1288
-1275
-1142
-1002
-984
-1018
-937
-722
-548
-562
-582
-435
-243
-137
-129
-35
210
386
365
337
515
805
949
867
812
958
1139
1147
1009
964
1026
1027
911
761
785
915
968
897
831
817
795
821
797
775
693
466
297
284
243
5
-367
-669
-745
-743
-865
-1097
-1263
-1317
-1318
-1323
-1348
-1290
-1202
-1229
-1178
-1023
-815
-650
-596
-556
-415
-252
-115
29
163
296
353
412
519
654
725
671
610
592
625
656
636
629
700
833
905
916
894
944
1142
1266
1295
1204
1085
1123
1243
1206
907
607
447
412
318
33
-281
-425
-493
-646
-881
-1089
-1122
-1137
-1291
-1464
-1497
-1415
-1359
-1372
-1404
-1340
-1264
-1260
-1216
-1083
-1002
-990
-1023
-918
-684
-544
-554
-527
-385
-223
-146
-88
41
293
466
395
371
571
854
983
900
840
991
1146
1147
1033
994
1034
1015
889
793
900
1046
1000
842
747
799
860
824
718
614
517
392
285
213
62
-179
-462
-660
-710
-778
-949
-1143
-1253
-1265
-1300
-1346
-1322
-1257
-1211
-1209
-1131
-978
-794
-684
-644
-547
-387
-226
-123
-32
110
265
356
396
481
615
717
710
632
587
613
669
657
624
651
759
858
939
919
917
1054
1233
1340
1261
1125
1126
1245
1224
995
680
510
469
364
65
-245
-382
-471
-624
-852
-1046
-1098
-1136
-1276
-1396
-1398
-1330
-1324
-1354
-1344
-1253
-1206
-1271
-1246
-1089
-976
-979
-1036
-948
-701
-548
-592
-600
-440
-266
-165
-133
-12
266
423
373
363
555
843
945
857
795
927
1098
1072
970
939
975
962
849
798
907
986
905
737
707
790
846
785
655
569
489
421
284
161
32
-176
-416
-596
-678
-757
-919
-1089
-1156
-1195
-1238
-1278
-1289
-1259
-1198
-1191
-1136
-1009
-861
-752
-697
-591
-441
-281
-160
8
185
300
373
437
563
699
743
664
592
618
691
698
666
651
722
866
936
978
954
990
1142
1279
1312
1218
1145
1165
1229
1167
912
632
475
425
308
51
-243
-397
-455
-600
-822
-1048
-1145
-1167
-1244
-1344
-1399
-1410
-1358
-1335
-1317
-1283
-1294
-1284
-1195
-1050
-986
-1023
-1032
-895
-700
-596
-610
-584
-415
-234
-141
-95
30
260
395
375
406
612
846
916
859
857
999
1131
1099
1011
997
1007
963
856
816
902
971
882
735
734
831
890
844
700
596
541
474
348
176
-15
-238
-437
-588
-696
-823
-1010
-1174
-1266
-1306
-1324
-1337
-1320
-1290
-1263
-1209
-1131
-998
-871
-763
-701
-608
-450
-280
-164
-44
89
205
299
399
515
613
694
657
613
613
669
712
723
716
744
847
964
1030
1000
1009
1143
1310
1372
1274
1188
1221
1302
1211
928
715
601
531
351
31
-234
-336
-415
-612
-839
-1016
-1064
-1104
-1207
-1306
-1321
-1308
-1305
-1300
-1277
-1254
-1277
-1287
-1214
-1076
-1041
-1097
-1081
-908
-726
-664
-719
-661
-445
-293
-237
-200
-36
215
321
307
391
608
800
845
796
831
975
1033
976
896
914
954
908
849
854
948
973
862
797
831
920
925
809
691
642
597
492
321
135
-18
-199
-393
-556
-685
-833
-995
-1140
-1204
-1268
-1310
-1326
-1343
-1320
-1270
-1193
-1076
-963
-867
-806
-722
-567
-383
-254
-150
-22
109
237
341
446
543
634
636
579
579
603
678
707
690
696
768
903
1018
1022
988
1070
1229
1356
1368
1258
1188
1242
1273
1134
888
693
594
490
286
4
-201
-306
-434
-611
-833
-1004
-1061
-1118
-1209
-1283
-1345
-1360
-1344
-1300
-1283
-1312
-1324
-1287
-1157
-1060
-1066
-1090
-1031
-892
-755
-681
-653
-541
-399
-313
-242
-106
47
203
246
283
437
618
750
793
806
871
933
957
930
922
926
867
805
793
868
946
933
827
796
863
926
896
795
717
673
608
489
345
182
-8
-213
-390
-527
-675
-820
-968
-1082
-1159
-1240
-1297
-1316
-1310
-1259
-1223
-1168
-1060
-949
-847
-761
-643
-508
-356
-229
-87
54
179
291
385
491
557
626
634
601
609
612
619
632
613
634
729
855
941
914
907
1017
1192
1313
1272
1144
1103
1182
1229
1066
774
580
501
416
195
-86
-267
-366
-497
-693
-875
-974
-1019
-1102
-1222
-1300
-1319
-1312
-1316
-1279
-1260
-1263
-1279
-1260
-1145
-1034
-1018
-1068
-998
-843
-681
-634
-635
-525
-375
-255
-148
-46
125
263
294
365
497
705
823
827
807
847
947
982
965
953
951
904
864
861
930
968
900
820
815
875
934
911
808
734
669
584
457
326
138
-63
-228
-423
-576
-740
-907
-1043
-1149
-1232
-1301
-1334
-1329
-1277
-1251
-1227
-1170
-1041
-875
-766
-683
-600
-450
-273
-123
-11
85
191
317
420
484
539
578
569
564
559
563
596
623
602
602
682
788
887
901
901
975
1129
1233
1226
1130
1078
1125
1126
993
756
599
515
395
163
-85
-260
-333
-465
-651
-830
-973
-1020
-1105
-1204
-1257
-1266
-1274
-1280
-1259
-1247
-1227
-1241
-1233
-1124
-1038
-1012
-1014
-972
-820
-672
-632
-602
-488
-325
-191
-121
-44
109
295
359
383
495
655
780
796
820
880
974
989
941
919
924
923
866
821
867
948
932
836
831
880
915
891
790
686
620
547
412
230
55
-130
-325
-502
-671
-795
-932
-1069
-1148
-1218
-1283
-1312
-1313
-1283
-1269
-1228
-1133
-1021
-903
-806
-714
-596
-443
-277
-166
-58
87
210
324
406
480
539
570
565
558
563
565
577
566
572
616
719
825
911
916
913
1024
1163
1272
1253
1165
1144
1186
1203
1050
829
646
524
417
199
-36
-211
-323
-471
-645
-830
-930
-979
-1084
-1212
-1263
-1272
-1286
-1289
-1296
-1283
-1258
-1268
-1269
-1201
-1114
-1057
-1043
-995
-862
-726
-635
-554
-437
-306
-208
-88
34
205
365
402
422
531
685
804
821
807
832
907
951
933
914
907
913
918
912
954
1016
983
916
872
872
897
838
692
561
487
414
299
121
-93
-252
-402
-558
-706
-844
-942
-1036
-1139
-1220
-1253
-1251
-1238
-1214
-1179
-1122
-1025
-908
-802
-704
-600
-476
-368
-215
-80
20
115
206
328
429
501
521
537
530
515
511
501
529
552
581
654
749
836
882
896
995
1137
1243
1243
1165
1144
1182
1182
1043
819
635
552
464
287
40
-157
-272
-414
-571
-757
-891
-969
-1050
-1127
-1193
-1227
-1266
-1279
-1257
-1219
-1232
-1268
-1247
-1160
-1044
-1007
-992
-955
-813
-656
-564
-516
-445
-326
-220
-118
14
163
271
327
384
509
646
737
769
783
854
928
963
953
951
961
896
860
852
890
929
897
814
760
759
771
768
677
553
452
368
294
166
-28
-237
-422
-560
-674
-818
-972
-1087
-1162
-1211
-1240
-1265
-1243
-1205
-1164
-1134
-1054
-930
-799
-691
-601
-481
-351
-200
-89
6
121
224
313
417
495
570
613
610
594
583
580
605
606
599
624
662
744
807
825
844
931
1037
1116
1121
1063
1054
1084
1056
936
752
591
495
365
176
-26
-205
-329
-475
-642
-791
-911
-989
-1076
-1146
-1179
-1220
-1262
-1247
-1216
-1198
-1185
-1179
-1118
-1019
-923
-900
-890
-777
-638
-503
-434
-390
-294
-185
-70
35
127
238
340
396
475
568
661
730
750
781
816
848
863
851
846
802
745
710
719
751
770
729
682
651
646
634
570
494
380
272
205
151
45
-131
-311
-441
-547
-641
-765
-885
-945
-973
-1018
-1065
-1063
-1027
-998
-986
-956
-859
-727
-626
-548
-468
-343
-231
-115
-40
46
162
218
277
340
418
486
485
462
433
425
430
442
446
457
504
580
665
725
754
799
878
962
1064
1052
1007
989
987
959
830
676
547
458
364
208
19
-118
-279
-433
-562
-691
-794
-924
-1053
-1104
-1114
-1130
-1187
-1238
-1222
-1156
-1101
-1066
-1033
-945
-863
-813
-751
-633
-492
-384
-320
-227
-102
8
123
201
284
380
434
458
507
582
640
631
600
618
666
708
693
669
653
625
595
571
567
570
531
487
463
448
436
402
345
278
209
142
78
18
-74
-204
-323
-428
-489
-546
-646
-732
-766
-773
-776
-788
-783
-777
-744
-715
-664
-564
-457
-392
-361
-294
-199
-99
-33
21
72
147
192
240
303
371
417
386
361
367
384
369
332
323
377
465
544
575
583
603
675
763
826
861
841
799
804
825
774
634
484
386
310
212
46
-121
-229
-308
-414
-578
-691
-764
-804
-855
-890
-907
-912
-885
-869
-842
-818
-805
-785
-719
-654
-585
-544
-496
-411
-307
-209
-160
-102
-51
35
106
168
236
263
277
317
353
401
438
421
417
436
462
450
425
396
389
380
337
308
287
287
298
281
221
176
163
180
195
189
115
42
20
17
-6
-96
-197
-277
-310
-332
-394
-449
-468
-472
-498
-496
-472
-436
-414
-412
-382
-296
-215
-169
-154
-126
-90
-47
-14
12
59
93
115
140
186
237
248
221
188
197
200
188
176
201
298
362
379
380
394
508
607
662
692
670
680
699
748
714
580
447
344
309
251
120
-58
-190
-247
-268
-374
-486
-575
-626
-652
-657
-665
-685
-702
-691
-653
-635
-613
-589
-544
-510
-463
-440
-408
-328
-254
-181
-130
-122
-78
-8
59
130
191
224
227
246
304
369
403
388
355
353
382
360
338
310
274
243
194
165
163
175
154
102
76
85
113
104
68
42
2
-11
-25
-31
-79
-154
-225
-247
-217
-251
-300
-373
-394
-345
-336
-343
-359
-330
-297
-290
-261
-220
-166
-119
-100
-77
-19
50
81
99
132
177
197
194
191
231
268
246
196
151
144
154
147
133
164
226
272
271
249
316
398
486
523
515
524
548
603
582
495
387
288
264
231
139
-6
-146
-204
-220
-269
-394
-493
-554
-542
-516
-544
-567
-583
-563
-536
-519
-510
-470
-410
-368
-355
-340
-315
-254
-167
-111
-56
-32
-8
24
65
128
175
199
204
195
221
234
240
223
177
188
182
184
159
140
139
125
101
89
89
93
87
82
70
77
94
108
112
105
114
84
50
34
12
-8
-72
-131
-136
-127
-135
-177
-217
-199
-173
-163
-198
-211
-211
-193
-191
-178
-165
-152
-133
-124
-106
-77
-37
-11
10
29
79
95
115
159
184
190
163
124
131
142
123
108
105
147
201
224
219
234
288
351
391
400
392
390
414
424
386
314
233
176
146
104
22
-78
-168
-169
-178
-238
-309
-372
-390
-371
-365
-385
-386
-373
-358
-345
-335
-325
-297
-272
-238
-223
-203
-185
-139
-109
-77
-41
-31
-36
-22
14
66
86
73
59
46
64
64
63
37
37
44
74
62
57
49
33
45
55
54
75
97
102
124
138
172
177
176
161
174
157
128
101
88
83
43
-2
-39
-39
-43
-73
-116
-127
-117
-129
-158
-197
-210
-190
-158
-151
-150
-131
-99
-60
-47
-18
13
49
79
101
124
126
133
128
133
149
158
133
100
79
71
65
76
100
121
125
127
168
197
216
224
211
220
219
224
220
202
172
105
27
10
-14
-47
-110
-184
-206
-202
-207
-247
-286
-308
-293
-271
-273
-281
-257
-254
-253
-233
-211
-180
-192
-184
-163
-137
-124
-114
-67
-26
3
2
1
13
47
94
90
80
62
46
58
78
92
74
61
56
68
67
64
54
43
58
71
80
75
86
108
100
91
91
104
131
124
101
87
86
72
53
44
38
8
-10
-27
-32
-32
-71
-110
-125
-129
-134
-144
-179
-159
-139
-127
-116
-94
-68
-29
-15
-3
26
62
81
92
101
99
98
71
61
56
66
85
66
42
44
56
56
53
50
53
59
84
125
148
165
153
160
166
182
167
136
127
125
115
95
62
38
18
-19
-58
-97
-101
-125
-130
-163
-179
-176
-182
-168
-166
-152
-153
-166
-160
-141
-126
-129
-126
-129
-128
-110
-107
-77
-74
-64
-63
-48
-17
-14
-13
-17
-26
-25
-17
-13
-14
-5
8
17
33
58
67
59
60
53
60
73
79
93
91
100
111
90
104
121
131
130
112
123
127
101
76
60
39
26
12
4
-5
-34
-55
-91
-105
-105
-100
-110
-123
-121
-107
-93
-96
-71
-55
-29
-28
-17
-10
-4
13
9
15
13
18
9
7
15
26
29
13
11
37
46
63
71
53
42
52
76
80
68
51
40
47
61
62
48
35
48
67
78
56
40
33
24
14
-6
-10
-5
-16
-40
-64
-77
-82
-93
-90
-95
-104
-95
-99
-91
-84
-89
-79
-73
-60
-43
-54
-40
-31
-24
-9
0
3
3
2
7
14
26
31
35
42
40
33
42
28
23
31
18
23
9
4
2
6
5
7
17
16
24
25
31
30
24
5
6
3
15
17
-3
-3
-7
-6
-26
-38
-43
-42
-46
-51
-60
-62
-45
-42
-54
-40
-33
-28
-28
-16
-4
7
3
-7
-2
17
7
-15
-30
-31
-19
-14
-31
-23
9
24
25
11
20
27
57
65
60
57
48
71
78
77
78
75
76
81
81
75
75
70
70
61
33
36
27
23
12
-7
-21
-27
-31
-46
-58
-51
-42
-33
-19
-21
-23
-22
-6
-17
-28
-26
-14
-14
-28
-31
-29
-22
-7
-6
-13
-15
-13
-9
-6
0
-1
1
-8
-6
4
20
15
-6
-2
7
18
12
11
17
28
25
21
17
6
14
7
11
18
25
10
-4
-12
-11
-17
-27
-35
-34
-26
-29
-43
-67
-73
-81
-66
-76
-84
-73
-69
-57
-60
-60
-51
-47
-24
-20
-18
-12
-13
-5
9
14
6
8
9
18
22
11
13
28
36
57
46
40
52
42
45
39
32
42
29
34
39
37
40
29
40
45
46
43
35
26
30
37
15
19
23
15
25
17
25
28
27
23
13
2
-10
-7
-12
-18
-19
-25
-31
-29
-27
-31
-35
-25
-23
-28
-23
-19
5
25
33
40
40
60
57
60
49
35
25
28
49
50
31
21
26
39
34
25
21
9
34
34
27
12
3
18
21
26
9
-3
-13
-10
-12
-16
-41
-54
-58
-76
-79
-93
-111
-125
-137
-136
-138
-148
-152
-151
-125
-110
-103
-97
-104
-83
-66
-49
-60
-67
-67
-63
-40
-37
-33
-26
-19
-15
-6
0
13
1
21
29
37
35
37
41
50
59
61
50
43
64
73
80
72
70
84
85
90
93
86
74
66
62
57
56
53
48
44
42
44
40
26
23
28
36
38
35
32
44
66
57
47
46
40
45
48
42
45
28
21
26
36
50
42
28
16
18
22
20
4
-4
0
-4
-7
3
-7
-1
-7
-17
-26
-28
-17
-21
-27
-43
-47
-41
-51
-49
-50
-58
-54
-46
-27
-21
-24
-27
-34
-31
-31
-33
-58
-61
-53
-59
-44
-55
-71
-89
-98
-92
-101
-97
-101
-98
-103
-108
-102
-86
-75
-58
-44
-40
-48
-49
-37
-34
-34
-29
-19
-11
-1
10
14
14
12
17
13
12
23
24
31
32
31
37
44
53
66
79
81
91
103
113
102
95
98
93
103
84
86
73
44
31
26
39
46
51
40
33
33
36
51
38
39
34
24
25
21
35
34
25
12
4
-10
-9
-16
-20
-17
-16
0
3
6
10
8
19
17
12
21
16
13
15
17
10
7
12
23
16
-2
-9
7
26
26
19
30
32
29
23
30
28
30
15
-16
-18
-29
-24
-34
-49
-53
-53
-48
-51
-57
-78
-79
-77
-77
-86
-90
-93
-97
-98
-93
-90
-83
-82
-78
-70
-83
-76
-62
-46
-41
-44
-33
-24
-26
-21
-23
-19
2
7
17
7
-11
-14
-12
2
12
11
10
21
29
20
15
15
6
13
15
7
-10
-18
0
8
6
9
17
14
4
16
28
39
31
27
20
19
31
35
23
25
13
13
19
10
20
6
5
4
1
-8
-4
7
28
33
35
44
51
62
67
69
67
71
83
96
88
88
83
80
84
84
93
93
77
59
58
59
45
34
22
21
26
25
16
4
4
9
1
-6
-8
-5
9
-1
-17
-20
-4
-6
-11
-31
-49
-63
-70
-81
-91
-80
-89
-106
-116
-115
-115
-109
-112
-105
-95
-98
-95
-83
-80
-89
-73
-77
-69
-56
-56
-53
-44
-34
-30
-24
-28
-25
-20
-10
8
17
16
10
18
26
38
43
32
30
29
43
53
43
31
13
12
17
24
29
26
19
22
20
21
26
11
-3
-22
-24
-24
-31
-22
-29
-31
-31
-37
-31
-26
-13
-11
-11
-2
12
11
7
26
21
31
33
50
70
70
61
60
65
76
72
71
59
52
62
55
67
67
69
68
75
80
81
82
79
92
77
72
63
61
63
54
42
23
28
21
29
7
-4
-1
-7
-8
-15
-26
-41
-33
-38
-45
-58
-71
-80
-86
-83
-85
-84
-79
-66
-60
-68
-83
-80
-81
-75
-83
-82
-65
-63
-57
-69
-78
-60
-57
-49
-50
-60
-52
-43
-30
-39
-41
-30
-16
-6
-12
-15
-18
-21
-9
-3
4
11
3
2
3
22
26
27
25
26
29
36
36
29
23
11
15
10
4
8
15
11
-1
4
0
1
10
9
16
17
26
20
27
18
22
37
31
36
40
49
53
48
40
53
47
49
49
41
54
53
57
59
60
52
53
48
58
64
76
86
83
81
68
71
62
54
47
46
31
29
29
23
10
-9
-14
-13
-10
-15
-18
-37
-52
-51
-51
-62
-64
-70
-71
-71
-75
-71
-69
-74
-79
-86
-94
-97
-97
-89
-97
-99
-106
-101
-92
-77
-75
-71
-59
-53
-42
-35
-29
-23
-23
-20
-17
-14
-2
-2
22
25
27
28
27
24
23
22
20
15
10
13
0
-6
-8
-7
-9
-1
-6
1
-2
7
6
-2
-3
-3
1
-4
-6
-5
-4
2
6
6
6
4
9
13
24
36
50
58
61
66
64
72
69
70
74
77
82
80
83
77
63
62
56
55
61
51
54
49
37
40
36
33
36
42
40
32
22
10
3
0
-6
-16
-19
-16
-17
-16
-24
-41
-28
-25
-32
-55
-56
-66
-67
-59
-69
-68
-71
-51
-51
-52
-49
-53
-52
-43
-36
-45
-49
-41
-36
-37
-49
-46
-50
-54
-41
-52
-55
-54
-45
-41
-46
-37
-23
-12
-6
1
2
9
9
21
25
25
31
29
33
31
25
24
23
17
26
27
31
33
40
40
29
28
21
18
16
9
12
0
2
-5
-4
-6
-14
-15
-16
-11
-1
12
9
30
34
30
28
36
42
41
40
29
44
47
45
35
38
43
39
46
54
57
58
58
54
66
58
44
37
36
53
48
39
32
14
12
10
2
-5
-14
-21
-32
-37
-36
-29
-38
-41
-46
-50
-50
-52
-56
-54
-65
-63
-65
-77
-83
-91
-92
-91
-80
-80
-77
-69
-65
-62
-57
-56
-46
-39
-41
-33
-35
-24
-8
-2
6
7
13
27
34
35
39
35
40
51
50
53
57
56
55
58
60
58
48
59
54
40
38
29
32
21
11
10
-8
-11
-7
-12
-14
-26
-26
-29
-30
-35
-30
-15
-18
-29
-23
-22
-25
-20
-16
-18
-12
-3
0
15
16
3
4
18
29
29
18
12
21
19
16
10
18
20
9
11
5
7
18
10
9
13
9
13
16
11
9
9
16
13
7
13
28
23
29
23
15
10
8
2
-1
-10
-15
-30
-34
-26
-36
-49
-53
-59
-48
-46
-49
-43
-55
-33
-37
-38
-25
-32
-18
-24
-24
-20
-21
-25
-24
-16
1
13
14
12
14
18
23
30
39
43
46
47
40
46
48
41
46
48
44
49
52
44
44
38
25
13
12
7
5
6
0
0
-4
-12
-15
-17
-14
-27
-24
-32
-36
-32
-37
-34
-38
-29
-27
-30
-33
-34
-39
-32
-26
-16
-8
-1
7
4
5
5
6
15
3
4
7
9
9
2
12
9
17
21
9
18
10
12
7
5
10
9
12
8
16
8
10
9
-4
-10
-9
-5
-23
-28
-30
-33
-43
-40
-45
-35
-30
-28
-32
-31
-21
-22
-19
-26
-25
-19
-8
-17
-20
-23
-18
-17
-16
-5
-4
10
12
19
19
11
17
18
24
35
32
35
37
43
38
31
37
41
52
51
45
54
54
62
65
67
49
48
50
45
42
37
27
24
25
28
25
14
17
13
9
3
7
8
-2
-4
-12
-19
-36
-44
-44
-53
-54
-50
-48
-43
-40
-43
-30
-24
-27
-24
-16
-11
-18
-19
-31
-35
-39
-38
-35
-37
-24
-23
-8
-4
-6
2
12
15
14
8
18
24
28
31
24
31
26
21
21
18
19
13
6
0
-7
-7
3
2
-3
-7
-16
-20
-13
-22
-33
-39
-37
-29
-33
-33
-40
-49
-44
-34
-26
-28
-28
-25
-22
-20
-27
-31
-34
-36
-30
-36
-30
-27
-19
-21
-12
-9
-11
-5
-6
9
13
14
29
41
50
60
59
64
65
76
75
80
84
86
82
83
74
60
56
55
57
47
47
34
30
16
10
7
8
5
0
-13
-25
-20
-28
-32
-34
-35
-33
-45
-36
-31
-33
-30
-38
-43
-40
-40
-41
-32
-34
-26
-22
-21
-22
-20
-27
-31
-32
-31
-22
-18
-20
-12
-11
-12
-11
-4
2
7
24
25
43
43
50
58
48
48
38
33
23
26
24
24
31
21
12
0
0
-5
-15
-18
-15
-19
-20
-30
-39
-41
-48
-41
-50
-44
-45
-54
-38
-36
-35
-30
-25
-33
-25
-18
-28
-21
-19
-12
-20
-20
-13
-16
-8
-8
-5
12
1
2
0
8
15
22
33
26
29
31
40
44
44
45
39
35
39
33
30
39
36
37
36
30
33
30
32
32
23
20
9
8
0
0
-1
-10
-14
-19
-16
-19
-16
-24
-18
-13
-9
-11
-13
-17
-11
-19
-26
-19
-26
-13
-13
-7
-2
1
7
6
6
5
5
6
20
22
15
18
20
21
25
30
32
32
33
25
29
27
28
38
31
24
25
23
22
18
15
11
1
-8
-5
-10
-15
-13
-17
-26
-37
-40
-33
-34
-34
-20
-22
-27
-34
-37
-34
-30
-34
-29
-24
-34
-22
-23
-18
-15
-21
-22
-32
-26
-34
-30
-35
-46
-39
-34
-38
-33
-27
-20
-19
-13
-16
-13
-6
3
12
7
12
9
8
21
26
30
25
22
21
27
32
25
30
34
31
29
27
18
17
14
17
14
8
7
5
13
4
5
-3
-1
4
13
22
15
23
19
27
21
18
22
15
22
16
15
14
17
25
23
26
26
26
25
20
26
27
21
28
24
11
20
15
16
22
13
17
9
14
12
15
8
-5
-1
0
1
1
-3
-12
-18
-32
-36
-46
-49
-49
-54
-62
-62
-62
-58
-55
-42
-38
-38
-42
-44
-37
-36
-32
-40
-51
-54
-47
-50
-51
-54
-48
-47
-43
-37
-29
-17
-6
-11
-11
-7
-4
3
0
8
12
18
24
29
38
44
48
49
55
56
56
48
47
45
51
53
47
39
22
25
20
28
25
16
14
4
0
-3
-6
6
6
-7
-7
-8
-13
-7
-5
-3
-11
-8
-13
-1
-6
1
1
5
6
-4
-2
-6
-8
-11
-12
-4
3
7
17
11
17
10
7
17
19
24
26
28
46
44
57
56
51
43
27
32
25
17
13
11
12
5
-3
-6
-10
-13
-15
-17
-20
-31
-27
-34
-35
-39
-37
-43
-37
-34
-36
-38
-44
-47
-45
-54
-53
-45
-47
-45
-40
-39
-39
-36
-38
-27
-24
-29
-23
-20
-19
-16
-17
-27
-18
-15
-7
-6
3
14
19
25
30
31
34
34
35
27
27
38
33
45
42
42
40
37
32
35
33
29
30
25
18
12
14
9
8
10
14
12
5
13
3
-2
-3
-14
-8
-13
-11
-12
-7
-9
-4
5
16
12
14
12
9
2
-6
0
-1
6
4
12
7
5
9
9
15
18
18
23
25
23
22
20
20
19
20
18
22
19
16
9
1
-3
-9
-17
-23
-19
-29
-30
-36
-40
-29
-24
-3
3
-1
-4
-25
-40
-50
-53
-35
-16
1
9
-5
-20
-46
-58
-55
-46
-27
-14
-11
-15
-29
-48
-53
-51
-38
-14
3
16
12
-3
-1
-9
-7
7
14
12
22
19
10
10
15
29
44
40
35
31
15
20
27
30
43
43
30
20
12
3
7
1
5
13
16
17
6
4
4
3
-4
-5
3
9
3
6
9
18
21
25
14
5
6
-8
-5
-10
-9
-3
8
14
9
10
8
4
0
-6
1
2
2
1
5
-4
-1
2
14
19
8
7
2
11
10
6
2
-3
-1
-7
-8
-4
-22
-28
-27
-30
-23
-31
-26
-27
-19
-12
-17
-7
-11
-8
-9
-16
-24
-19
-20
-33
-25
-22
-23
-29
-31
-30
-37
-41
-40
-36
-37
-33
-27
-20
-19
-19
-20
-16
-16
-15
-13
-3
-3
-10
-3
-4
1
8
6
15
21
22
27
15
21
22
31
27
32
31
34
37
25
30
24
23
28
30
26
33
27
29
21
26
28
24
30
26
25
23
24
16
22
25
21
12
7
7
13
7
4
0
-3
-6
-9
-6
-10
-12
-2
3
1
-6
-14
-10
-4
-6
-6
-5
-11
-6
-14
-8
-5
-5
-2
-9
4
3
2
3
3
4
3
8
11
6
1
7
-1
-2
-3
-12
-11
-18
-24
-37
-29
-28
-20
-25
-29
-20
-20
-12
-11
-3
-5
4
-1
-4
-10
-10
-10
-10
-7
-10
-14
-11
-10
-10
-8
-8
-5
-1
3
11
10
6
6
7
15
14
7
6
2
7
7
1
2
-2
5
-4
-9
5
13
12
7
13
17
22
17
14
17
15
17
8
0
-10
-1
-8
-5
-1
-5
-7
-5
-4
-8
-5
-12
-3
6
10
1
-1
9
10
17
13
6
14
16
19
22
13
18
22
23
24
16
13
21
15
10
16
16
19
14
14
11
4
0
-2
-7
-5
-5
1
2
1
-1
-8
-18
-12
-5
-8
-12
-6
3
-3
2
-2
-2
-4
1
3
-3
-5
-6
-10
-23
-19
-26
-28
-36
-40
-36
-35
-31
-23
-25
-29
-30
-30
-22
-22
-20
-16
-7
-9
-9
-4
-13
-14
-20
-23
-19
-20
-20
-16
-20
-17
-7
-8
1
9
10
18
16
10
8
9
2
6
7
9
14
11
15
12
8
16
15
13
13
13
17
8
11
8
12
10
7
3
-5
-4
-1
2
0
6
2
4
8
2
6
-7
-7
-7
-7
-1
-6
-5
2
9
7
24
28
28
33
37
35
33
21
18
23
15
25
20
21
28
20
21
16
23
27
18
19
18
23
18
16
14
9
6
1
3
2
0
-10
-25
-25
-22
-24
-28
-35
-47
-50
-50
-53
-46
-48
-51
-48
-51
-57
-52
-53
-59
-60
-53
-53
-49
-50
-49
-38
-36
-22
-17
-15
-11
-10
-2
10
10
7
6
5
16
17
18
23
24
27
25
31
30
48
47
43
49
42
45
43
48
43
35
38
35
36
37
39
41
34
28
29
30
29
21
28
20
18
14
11
10
17
13
16
25
27
20
2
1
1
-2
0
4
-1
2
5
9
2
1
-4
-4
-8
-10
-8
-12
-5
-6
-3
-7
-14
-13
-10
-11
-19
-25
-27
-36
-42
-40
-36
-39
-35
-40
-44
-40
-31
-26
-25
-22
-21
-26
-25
-19
-20
-15
-8
-14
-16
-18
-16
-20
-17
-18
-16
-13
-10
-14
-6
-9
-4
-2
1
12
4
11
5
8
9
9
13
8
11
4
10
6
4
8
14
16
21
23
25
17
16
18
17
31
30
26
20
22
23
28
31
24
17
17
24
23
25
24
23
26
17
18
14
17
25
22
26
19
14
12
4
7
7
7
8
7
7
5
2
-2
-9
-6
-9
-8
-13
-12
-8
-14
-15
-15
-14
-11
-6
-6
-15
-12
-13
-12
-12
-19
-17
-17
-25
-18
-16
-18
-19
-17
-14
-4
-7
1
4
0
-2
-8
-3
-6
-8
-11
-13
-16
-15
-30
-25
-23
-27
-20
-20
-19
-23
-25
-18
-7
-10
-16
-18
-14
-17
-22
-31
-32
-35
-33
-34
-37
-38
-38
-30
-26
-21
-15
-15
-17
-18
-8
-6
-6
-7
-10
-5
-5
-5
-2
8
6
5
16
10
8
8
12
19
21
32
26
32
32
38
45
55
52
48
56
50
46
43
40
36
35
34
29
28
31
26
30
24
27
21
22
22
18
21
24
28
26
27
23
10
3
1
-5
-9
-10
-5
-13
-19
-16
-19
-13
-8
-9
1
0
-3
-2
-12
-14
-9
-14
-13
-10
-10
-14
-18
-20
-22
-16
-22
-20
-15
-19
-10
-16
-12
-9
-8
-10
-14
-10
-15
-15
-13
-16
-17
-17
-10
-5
-5
-5
-5
-11
-8
-4
-10
-5
-8
-5
-4
-4
4
0
4
8
-3
2
-5
-8
-12
-15
-9
-9
2
2
4
1
3
1
2
10
9
8
4
8
12
8
7
13
15
11
17
22
18
24
28
27
28
31
26
24
25
26
31
23
29
22
14
11
8
-3
0
7
2
6
-1
3
2
-4
5
-4
-5
4
0
12
6
5
4
0
4
4
1
-2
-10
-16
-14
-10
-9
-14
-13
-12
-12
-10
-9
-3
2
-6
-15
-10
-9
-9
-5
-7
-9
-6
-8
-6
-5
-13
-18
-13
-16
-16
-8
-6
-8
-8
-8
-19
-17
-16
-8
-5
-4
-1
-7
-8
-5
-9
-9
-18
-13
-13
-13
-19
-28
-27
-28
-22
-24
-27
-16
-16
-14
-8
-1
-4
-5
4
4
3
-3
0
-4
-7
-6
-1
1
-13
-18
-12
-12
-10
-2
-2
1
9
14
14
13
19
14
25
17
18
21
19
19
17
23
18
19
23
16
28
26
30
33
24
27
23
28
27
25
23
25
18
15
8
4
4
6
5
3
3
-6
-1
-1
-1
-2
0
9
8
10
2
-3
0
-5
-4
-10
-11
-16
-16
-5
-6
-1
-20
-22
-24
-28
-30
-35
-30
-31
-24
-24
-20
-17
-16
-14
-10
-7
-8
-4
-10
-7
-7
-11
-9
-19
-15
-15
-11
-3
-11
-9
-13
-18
-15
-15
-12
-7
-2
5
9
5
-5
-4
-4
-2
1
3
0
-1
-4
-11
-6
-7
-6
-1
3
5
2
8
6
12
17
17
20
18
25
16
20
16
15
17
16
18
18
23
23
30
29
32
29
26
30
24
29
21
16
15
13
11
9
18
12
14
12
6
13
13
18
19
17
23
23
26
21
18
19
12
13
22
13
10
7
1
-2
-7
-4
-8
-6
-5
-2
-1
-1
-6
-11
-7
-13
-12
-9
-10
-14
-19
-21
-27
-31
-31
-35
-31
-30
-27
-26
-28
-25
-23
-15
-20
-11
-17
-13
-14
-19
-16
-26
-16
-20
-19
-26
-29
-31
-30
-23
-22
-30
-27
-20
-20
-16
-12
-14
-10
-9
-4
-1
3
7
2
0
-4
-3
-7
-3
3
7
3
1
5
-4
-3
1
3
13
16
20
11
6
7
10
17
19
24
26
26
29
28
27
28
26
17
23
22
22
24
21
31
31
23
25
24
20
22
14
24
26
22
23
15
13
4
4
3
7
4
6
3
-1
-8
-6
-3
-7
-3
-11
-14
-15
-17
-26
-28
-23
-22
-23
-28
-24
-22
-26
-30
-17
-14
-13
-5
-3
6
-2
-1
-2
-2
-3
-4
-5
-2
-5
-3
-2
-1
3
-1
-8
-10
-11
-10
-8
-17
-15
-21
-21
-14
-14
-10
-13
-9
-7
-9
-5
-13
-21
-27
-24
-26
-25
-22
-30
-28
-28
-21
-16
-13
-9
-6
-2
-2
4
4
5
12
9
3
9
13
13
9
10
12
12
18
24
30
30
36
32
32
26
29
33
30
33
30
29
31
37
34
33
23
16
22
15
11
1
5
12
5
18
7
10
20
11
12
12
5
5
5
0
-6
-14
-16
-17
-12
-11
-7
-2
0
-1
3
0
0
0
-5
2
1
0
-1
0
0
-8
-10
-15
-15
-20
-15
-12
-17
-12
-17
-12
-7
-12
-16
-17
-14
-19
-19
-17
-12
-12
-10
-10
-12
-4
-10
-3
2
-3
-2
-5
-1
-10
-9
-14
-22
-16
-12
-2
-3
1
9
9
9
2
2
-5
-5
-2
-1
2
-2
-6
-4
-12
0
-4
-9
-1
0
-2
-6
2
0
2
3
6
1
12
11
11
14
11
19
13
17
16
17
17
13
12
18
15
13
12
15
25
22
21
19
15
13
19
10
11
13
12
10
0
0
5
5
6
19
15
15
12
17
22
15
6
4
5
2
5
3
-5
-5
-10
-17
-13
-14
-14
-18
-16
-12
-10
-6
-4
0
4
-1
-4
-9
-14
-21
-17
-12
-20
-24
-24
-25
-23
-23
-20
-25
-18
-14
-11
-8
-11
-14
-26
-23
-23
-19
-15
-14
-15
-23
-21
-22
-21
-16
-20
-11
-17
-13
-14
-13
-10
-9
-5
-4
0
3
5
2
13
3
5
13
8
8
6
7
-1
0
3
5
3
10
14
17
16
18
18
6
11
9
4
13
14
20
15
15
13
16
23
22
19
15
11
10
18
10
11
13
12
10
10
16
18
17
17
19
23
21
17
18
13
5
4
4
2
2
-2
-3
-1
0
4
-1
4
1
1
7
0
0
-6
-16
-19
-16
-17
-13
-22
-17
-23
-22
-17
-23
-20
-21
-12
-7
5
6
8
6
1
-1
-6
0
0
-6
1
-3
-1
1
-7
-11
-14
-14
-13
-17
-16
-11
-9
-8
-12
-11
-9
-17
-13
-17
-14
-14
-12
-12
-10
-5
-12
-9
-6
-9
-11
-19
-15
-13
-15
-14
-9
-1
-2
7
14
13
12
12
9
13
14
19
20
19
21
20
19
21
22
16
18
26
37
35
30
31
35
34
24
21
22
19
20
19
9
7
3
-2
-2
-2
-2
-4
-5
-5
-6
-11
-7
-7
1
-5
-5
-1
4
2
-1
2
1
1
0
-6
-6
4
2
3
2
3
-1
1
0
2
7
9
8
7
3
1
1
4
8
8
4
3
-2
-8
-5
-7
-9
-10
-14
-19
-20
-20
-21
-22
-22
-26
-19
-22
-23
-22
-26
-24
-27
-31
-32
-33
-33
-28
-36
-33
-33
-28
-23
-21
-16
-17
-7
-13
-8
-7
-11
-4
-1
-3
-2
-2
4
3
8
3
-2
6
1
7
16
23
20
27
34
37
36
40
37
39
36
37
39
34
35
34
31
26
28
29
25
21
26
19
18
17
20
21
20
23
20
14
6
4
6
4
3
6
4
-1
-3
-8
-9
-12
-8
-14
-9
-9
-16
-16
-12
-4
-5
-6
-7
-7
-11
-12
-11
-10
-9
-12
-13
-9
-9
-12
-14
-10
-9
-4
-12
-4
-5
-3
-2
-10
0
-11
-9
-9
-18
-14
-16
-21
-22
-16
-19
-15
-11
-13
-23
-23
-18
-21
-15
-21
-25
-21
-21
-18
-22
-18
-19
-15
-15
-18
-20
-19
-17
-16
-15
-15
-14
-17
-9
-17
-7
-9
-1
2
8
13
11
20
18
20
16
18
18
20
12
15
13
18
19
18
30
25
30
32
29
34
32
37
25
21
15
10
17
10
9
12
10
8
11
5
4
8
12
19
12
18
15
15
13
7
9
1
6
2
1
6
1
7
7
7
6
5
9
10
10
1
2
6
9
5
3
-1
5
4
-4
-2
-9
-5
-7
-8
-8
-10
-7
-7
-10
-11
-10
-10
-8
-8
-6
-8
-13
-12
-14
-13
-12
-25
-24
-26
-32
-27
-27
-23
-27
-23
-18
-20
-18
-22
-13
-11
-6
-6
-7
-9
-7
-7
-12
-10
-10
-8
-4
-6
-1
6
8
13
7
0
-3
-4
-3
0
2
7
5
2
4
1
8
11
14
9
10
9
5
-1
-3
5
5
1
4
-4
3
5
6
10
13
13
12
16
16
14
19
23
16
18
18
17
16
16
11
13
13
12
11
7
2
-4
1
1
2
6
4
4
7
10
12
17
18
19
15
18
21
16
13
11
5
2
0
5
7
5
4
2
2
4
4
5
6
4
2
1
2
-11
-5
-10
-5
-5
-17
-13
-17
-15
-16
-21
-19
-19
-23
-27
-31
-31
-27
-34
-27
-29
-28
-29
-37
-37
-34
-26
-23
-25
-26
-26
-25
-23
-16
-13
-10
-12
-9
-9
-11
-6
-4
-1
1
6
5
8
9
15
13
15
17
23
24
21
23
21
23
14
18
13
19
17
14
17
13
15
12
16
16
17
18
12
11
11
12
14
10
14
9
8
3
7
8
6
9
2
10
7
5
3
3
1
-1
3
2
3
5
7
4
12
10
4
9
7
1
9
11
12
16
6
6
1
-4
2
-2
1
-3
-9
-2
-6
-12
-13
-17
-14
-12
-16
-14
-17
-18
-18
-25
-27
-34
-22
-27
-39
-29
-27
-27
-30
-25
-24
-25
-18
-19
-18
-17
-14
-12
-12
-12
-13
-15
-11
-10
-5
-6
-6
-3
-6
-3
-10
-11
-7
-9
-5
-12
-9
-3
-4
2
4
4
14
15
19
14
23
21
17
15
14
23
18
17
26
26
29
33
26
25
26
23
28
33
35
32
28
25
18
20
18
16
18
18
17
20
17
16
17
11
13
12
10
5
1
4
-2
3
-3
-5
-11
-8
-7
-1
-1
0
8
5
7
3
2
2
-2
-5
-6
-11
-10
-15
-8
-10
1
2
-2
1
2
4
-1
0
-2
1
-9
-4
-10
-9
-12
-15
-17
-17
-15
-17
-18
-20
-20
-23
-26
-30
-25
-24
-20
-15
-16
-15
-12
-8
-7
-8
-8
-6
-7
-9
-12
-11
-9
-10
-8
-5
0
-1
0
1
1
4
8
5
5
10
7
8
4
9
2
4
7
2
-1
-2
-3
-4
2
-2
-1
5
3
6
9
7
7
9
6
6
4
0
1
4
5
0
6
3
3
0
-2
2
4
12
16
16
13
15
15
18
16
15
11
11
7
7
8
4
7
5
7
10
6
6
15
15
22
22
18
15
11
10
2
2
-3
1
-4
-4
-6
-7
-9
-9
-10
-7
-4
-3
4
0
2
-6
-10
-10
-16
-24
-20
-25
-27
-25
-25
-21
-19
-15
-16
-9
-12
-7
-7
-1
1
-3
-3
-8
-11
-11
-12
-14
-10
-11
-6
2
-1
-8
-7
-4
-5
0
-2
-6
-6
-9
-9
-3
-3
-3
-4
-9
-4
-3
-4
-5
-1
-7
-2
-6
-11
1
-7
1
-6
-6
-7
2
6
7
13
7
9
9
18
18
17
18
9
6
4
8
4
2
3
2
6
10
6
9
13
12
16
16
15
16
14
14
11
12
16
10
11
5
8
5
3
8
8
15
6
4
5
0
-3
-8
-5
-1
-1
5
7
6
8
4
-1
-9
-5
-7
-5
-4
-7
-14
-11
-15
-13
-16
-16
-15
-12
-10
-10
-4
-6
-2
-8
-14
-10
-11
-10
-10
-11
-10
-12
-15
-14
-16
-11
-5
-7
-7
-3
0
2
9
1
8
12
20
20
14
11
14
17
12
10
4
-1
1
0
0
5
6
5
6
8
6
6
10
4
11
11
8
12
5
9
9
6
1
3
4
4
12
12
9
2
-1
0
-2
1
3
1
2
3
5
4
1
3
5
4
-2
-1
1
-2
0
-7
-10
-12
-15
-16
-15
-12
-14
-8
-4
-1
-1
2
2
3
4
10
7
1
3
-5
-5
-16
-14
-13
-10
-3
-4
1
-2
-5
-7
-7
-6
-2
-7
-6
-5
-1
4
2
-1
3
5
-1
4
-1
-3
-2
-2
1
-2
4
4
3
8
15
15
7
7
2
3
7
1
3
1
1
3
-3
-1
-6
-6
-4
1
4
6
2
4
12
3
8
2
3
-2
1
0
-1
-3
0
2
1
2
1
-1
0
3
-6
-1
-3
-10
-10
-7
-6
-3
-2
-5
-7
-11
-7
-10
-13
-16
-22
-21
-17
-21
-19
-8
-7
-5
-6
1
1
2
5
6
5
2
-1
-3
-4
-8
-6
-4
-3
-4
-1
4
1
5
3
5
9
9
11
11
13
9
13
7
2
0
-5
-9
-5
-5
-5
-7
-1
2
4
4
3
9
8
12
7
16
22
22
16
10
11
4
-5
-8
-9
-8
-13
-10
-8
-10
-2
-1
1
2
6
10
4
10
11
13
7
4
0
-5
-4
-8
-5
-5
-7
-9
-11
-8
-9
-9
-6
0
1
-1
3
-3
-2
-2
-5
-1
-4
0
-2
1
-2
-1
-2
-8
-6
-9
-1
-1
-4
-5
-1
3
4
3
5
13
15
15
14
7
8
5
5
6
3
3
-4
-5
-4
-9
-7
-6
-3
-5
-10
-8
-3
4
7
7
11
13
17
19
14
11
8
7
10
10
13
11
6
7
6
4
1
0
1
4
6
2
-2
-7
-6
0
-3
2
3
7
10
5
2
2
2
3
1
3
-3
-11
-1
-2
1
1
-3
1
-1
1
-4
-5
-7
-9
-2
-12
-12
-8
-8
-4
-4
-6
-3
-9
-8
-16
-13
-15
-17
-17
-14
-14
-11
-7
-1
-1
1
-3
2
7
8
15
7
8
5
4
-1
-2
-2
-1
-3
2
4
5
8
6
10
6
10
7
8
1
5
1
4
8
3
8
3
9
10
7
5
6
1
2
0
1
0
3
3
2
-2
-2
3
-3
2
-3
1
-1
-4
-1
-2
-4
-5
-7
-7
-12
-7
-5
-6
-9
-3
-5
-2
-4
-4
-6
-5
-9
-10
-5
-10
-9
-10
-11
-7
-9
-10
-12
-11
-9
-15
-6
-7
-9
-10
-7
-12
-12
-9
-4
3
0
6
3
3
2
2
1
5
8
6
4
8
7
4
7
2
7
7
11
14
12
14
18
19
18
16
14
15
19
20
18
13
10
4
1
2
-2
-4
-9
-10
-4
-5
-3
-7
-11
-12
-11
-10
-11
-6
-6
-4
2
1
3
0
-1
7
2
-1
0
-2
-1
-4
-8
-6
-12
-7
-9
-5
0
2
1
3
1
-2
2
-6
3
0
1
2
1
4
-1
-2
-6
-1
-4
0
0
0
6
2
4
-4
0
-3
-7
-5
-7
-6
-7
-2
-3
-4
-6
-9
-9
-8
-4
-7
-1
2
4
5
7
3
5
3
6
7
9
6
2
1
-2
5
-2
-8
-10
-7
-6
-1
-4
-1
5
0
3
6
8
6
7
3
6
-3
1
3
10
13
13
14
12
13
11
9
4
10
7
5
4
3
-1
-4
-5
-9
-7
-8
-3
-3
-4
-4
2
3
10
11
16
11
6
11
5
4
2
-1
3
-1
-4
0
-2
0
0
-1
-3
1
-3
1
2
-1
0
-3
3
2
2
4
0
0
-4
-2
-10
-7
-5
-6
-6
-8
-3
-3
-5
-8
-4
-5
-1
-1
-4
-5
-12
-12
-11
-11
-14
-18
-14
-12
-16
-12
-15
-8
-5
-6
-3
-6
2
0
-1
0
5
1
-2
0
3
6
5
12
8
12
11
11
9
8
13
9
11
11
9
11
11
9
12
16
11
10
10
8
7
3
1
-1
-1
2
3
1
4
-1
-3
1
2
7
13
14
12
7
7
4
3
6
8
7
12
10
7
10
12
11
9
8
10
10
4
0
-5
-5
-4
-8
-9
-9
-12
-9
-15
-13
-13
-18
-21
-19
-22
-21
-19
-15
-13
-15
-14
-13
-15
-18
-18
-17
-24
-23
-19
-19
-18
-22
-18
-25
-20
-15
-12
-10
-13
-5
-5
1
-4
-5
-3
-2
2
-6
2
-2
0
1
0
2
3
8
-1
4
5
6
9
8
10
13
17
12
13
12
16
20
17
13
13
7
9
10
10
6
1
6
-1
0
0
0
-1
-3
-3
3
6
5
6
8
13
14
12
13
11
8
9
7
9
6
9
8
11
12
7
7
5
10
13
13
14
7
5
0
-6
-4
-10
-4
0
-1
-4
-7
-8
-2
-1
3
-3
-2
1
0
5
1
-2
4
2
4
-1
-3
-3
-6
-4
-11
-15
-18
-16
-15
-16
-15
-17
-11
-9
-10
-9
-5
1
4
4
4
-7
-3
0
-3
-2
-6
0
-2
-5
1
0
0
-4
3
6
9
7
7
7
5
3
0
8
8
12
6
2
6
2
7
4
7
8
10
7
9
10
6
4
8
9
9
9
10
10
6
6
7
1
2
1
-4
-6
-15
-11
-21
-16
-17
-19
-12
-14
-7
-9
-10
-12
-11
-17
-10
-11
-16
-10
-13
-12
-18
-12
-12
-10
-6
0
-2
1
2
0
11
7
14
10
14
7
7
8
6
14
2
8
7
0
2
6
3
4
4
7
6
5
6
10
10
10
11
14
9
6
8
4
6
-1
-1
-1
-2
-1
-1
0
-8
-5
-2
-6
-3
3
5
5
7
5
6
1
1
-1
-7
-3
-3
-8
-8
-6
-4
-6
-8
-7
-8
-6
-7
-3
-6
-4
-1
2
2
3
10
8
10
4
3
1
-1
0
-2
-4
-7
-6
-1
4
5
12
11
15
12
13
14
10
9
6
4
2
7
5
2
0
0
-3
-3
-5
-3
-3
-9
-9
-9
-13
-15
-7
-2
4
1
1
-1
1
1
-1
-3
-7
-9
-8
-10
-9
-11
-7
-8
-12
-4
-9
-4
-2
1
3
2
9
1
7
-1
2
5
6
0
-4
-5
-3
-3
-4
1
-4
1
-8
-4
-6
-5
-6
-9
-7
-11
-9
-5
-5
-13
-13
-14
-7
-7
-7
-3
-5
-5
-12
-8
-9
-2
-4
3
6
6
8
4
3
12
12
5
7
5
4
9
4
1
8
3
1
1
5
5
7
7
8
4
2
2
2
3
2
8
8
10
9
8
9
7
9
3
-2
-1
0
-4
-8
-5
1
4
3
2
2
8
4
4
0
6
9
2
1
-6
-2
-5
-3
-5
-5
-3
-7
-9
-3
-5
-5
4
3
7
4
7
-1
-1
1
1
3
1
-1
-3
-4
-3
-2
-4
-1
-3
-8
1
-3
4
6
12
14
10
15
14
16
11
9
5
6
10
2
1
2
6
2
-1
-1
-3
6
3
7
10
8
8
6
4
5
7
5
4
2
-4
-11
-7
-13
-8
-6
-6
-5
-5
-8
-5
-9
-8
-8
-9
-3
-15
-7
-9
-9
-4
-10
-8
-11
-12
-12
-15
-13
-16
-16
-13
-4
-6
-7
3
-1
6
9
13
11
8
7
5
7
1
4
6
6
2
3
1
-3
-3
-3
-3
-2
-3
1
0
5
5
4
11
6
11
12
9
11
3
6
8
8
3
1
-2
2
1
-5
-2
5
9
9
12
10
9
9
8
5
2
4
-3
-4
-3
-5
-3
-2
3
1
2
-4
-6
-7
-9
-5
-11
-9
-3
-9
-2
-5
-5
-1
-7
-7
-7
1
4
4
-1
-6
-3
-7
-8
-13
-14
-9
-14
-10
-10
-10
-6
-8
-4
-5
-11
-9
-11
-5
-1
-7
-8
-12
-8
-12
-12
-9
-8
-11
-4
-4
-4
-4
-7
-2
-3
2
9
6
7
3
4
9
9
9
7
10
5
4
5
2
-1
1
-1
3
4
8
12
9
12
11
19
17
22
17
11
9
8
9
5
6
3
3
4
6
5
7
12
12
17
12
7
11
10
12
7
4
0
-1
3
-3
-4
-1
-5
-2
0
-4
-2
-6
-3
-9
-8
-6
-7
-4
-9
-7
-6
-2
-4
-1
-4
-5
-13
-14
-15
-17
-20
-24
-22
-19
-13
-12
-13
-8
-14
-8
-6
-7
2
0
0
-1
1
5
5
5
4
5
7
5
10
8
9
12
16
15
17
11
12
13
4
6
4
7
7
6
8
7
5
3
7
5
4
6
6
0
-5
-1
2
2
-3
-4
-5
-5
-3
-3
-6
-1
-6
-5
-4
-3
-3
