SAMPLES:	14465
BITSPERSAMPLE:	16
CHANNELS:	1
SAMPLERATE:	16000
NORMALIZED:	FALSE
0
5
-1
1
-2
2
4
3
7
6
7
2
8
2
6
1
2
-1
-1
-4
-3
-1
-3
-2
-6
-4
-9
-11
-11
-12
-6
-10
-5
-5
-1
4
1
2
3
5
5
8
15
10
8
5
1
-3
-3
-6
-12
-7
-6
-5
-4
-6
4
9
9
6
11
12
6
4
-1
8
10
10
7
6
7
10
6
4
8
8
10
0
2
0
-6
-4
-9
-9
-11
-11
-12
-8
0
-2
3
5
4
4
5
9
2
3
-1
2
-4
-3
3
-5
1
-5
1
3
1
4
0
0
-1
3
4
6
4
8
8
-1
8
0
7
5
4
7
0
1
1
3
9
14
16
21
13
10
12
5
3
4
3
1
-4
-1
-6
-2
-4
-7
-4
-4
-3
-2
-4
-6
1
-3
-1
-11
-18
-13
-17
-16
-14
-13
-15
-15
-16
-13
-12
-5
-5
-4
2
-2
-4
-7
-5
-4
-1
-4
-6
-3
-1
-3
-1
0
1
4
3
5
4
2
-4
-1
-4
-6
-2
-4
0
-1
4
6
2
5
3
4
3
9
6
7
4
9
8
7
4
-3
1
-3
4
1
-4
-9
-5
1
-4
-2
0
3
4
5
4
-5
-1
-11
-8
-6
-8
-7
-3
-8
-2
-3
-7
0
-6
2
0
7
6
7
11
7
2
5
7
7
7
13
8
9
10
4
-2
1
2
2
11
0
10
3
5
2
-5
-7
-11
-6
-8
-6
-7
-9
-8
-15
-11
-12
-10
-1
-4
-3
-7
-8
-12
-11
-14
-21
-15
-6
-7
-3
-9
-8
-3
-3
4
5
10
14
13
15
15
13
11
5
6
3
10
13
11
12
9
17
12
15
12
15
15
19
12
17
13
7
4
-2
-1
-8
-7
-5
-2
0
-1
-2
-1
-11
-7
-4
-6
-2
-2
-5
-5
-11
-15
-15
-15
-11
-7
-7
-10
-2
-6
-1
-2
3
0
-3
-1
-5
-7
-8
-13
-14
-15
-14
-13
-19
-15
-15
-11
-12
-6
-10
-9
-6
-9
-9
-7
0
0
6
2
2
2
0
-3
-4
0
4
1
0
-3
5
5
11
14
16
17
19
21
17
20
12
16
11
8
10
11
19
14
21
21
17
19
16
18
18
21
13
15
10
7
4
6
4
4
3
3
10
0
3
3
-2
1
0
8
5
0
1
-2
-2
-10
-12
-11
-10
-8
-1
-1
0
-5
-2
2
-1
2
-3
2
5
5
4
-3
-1
-5
-3
-4
-4
2
1
4
1
-5
3
1
-3
-5
-8
-11
-16
-15
-22
-16
-15
-19
-16
-14
-6
-12
-8
-8
-11
-6
-10
-12
-15
-13
-12
-8
-11
-7
-3
-8
-3
-5
-1
8
3
4
0
7
-1
-3
-6
-7
-2
-7
-5
-8
-9
-9
-3
0
4
1
2
10
11
13
15
12
8
11
5
8
5
9
10
9
9
10
8
6
6
8
11
7
8
7
5
2
0
-1
-4
-2
0
2
7
0
9
3
4
-1
-8
-6
-11
-8
-6
-12
-8
-3
-4
-8
-10
-7
-7
-13
-10
-5
-3
-1
-7
-5
0
-1
3
0
5
3
4
5
0
-1
-2
2
-3
-6
-9
-4
1
6
5
2
6
9
15
9
15
19
11
14
-2
-2
0
2
-2
1
-1
1
3
-3
-1
4
-2
-6
-4
-7
-8
-5
-4
1
-1
-1
-9
-8
-8
-4
3
1
9
4
8
11
12
11
10
12
12
10
11
12
7
6
1
1
-4
-3
-4
-5
-2
-3
-4
-8
-11
-14
-13
-10
-5
-9
-8
-10
-13
-6
-13
-13
-11
-10
-10
-9
-9
-7
-10
-9
-16
-19
-12
-11
-8
-12
-8
-9
-3
-6
-11
-6
-9
-1
-1
-3
3
2
3
0
3
5
9
10
7
4
0
-2
-3
-1
5
5
8
12
13
14
11
9
13
14
13
19
17
16
16
15
12
10
17
10
8
16
13
19
20
21
19
14
18
18
17
9
7
12
5
2
5
1
0
-3
-2
-7
-6
-1
-8
-3
-8
-6
0
-2
6
0
3
1
1
-1
-8
-7
-10
-14
-19
-17
-22
-12
-14
-9
-3
-5
-7
-7
-3
-5
-8
-4
-7
-6
-1
-6
-3
1
0
-5
-2
-6
-6
-9
-9
-8
-13
-11
-11
-18
-13
-10
-3
1
3
7
-1
7
3
6
10
3
9
7
10
8
6
10
7
9
10
9
9
6
3
5
-1
-7
-3
-1
-1
-1
1
-2
0
-1
-2
-3
-1
-2
-1
-3
-2
-2
-5
-4
-5
-7
-5
-1
-10
-2
3
1
-4
-4
-4
-4
-9
-3
-6
-3
-1
-6
-1
-4
-2
3
5
3
8
3
3
3
9
10
8
4
4
6
2
3
7
4
0
4
5
1
0
-1
-2
-2
1
-2
0
-6
-7
-3
-6
0
-5
0
1
-3
4
3
-3
-1
3
-1
-1
-9
-3
-5
-2
1
-5
-3
-6
-11
-8
-1
0
2
-2
0
0
7
8
4
3
6
5
5
4
4
-4
-3
-6
-12
-6
2
-1
-4
-4
-4
0
-5
-6
-7
-3
-10
-2
-7
-9
-6
-9
7
2
4
5
2
5
4
11
2
4
2
0
3
3
6
1
1
1
2
0
1
10
3
6
5
7
14
8
7
-2
3
1
4
6
1
5
3
5
2
6
2
7
1
3
1
1
-1
-3
-4
-3
-1
-4
-8
-4
-8
-14
-12
-12
-15
-14
-18
-16
-8
-9
-7
-8
-7
-6
-5
-3
-9
0
5
7
5
0
5
6
3
3
0
5
5
7
3
3
5
3
4
-4
1
2
-1
0
-5
-3
-1
0
6
-5
-3
-7
1
-1
-6
0
-6
1
-3
-1
5
-1
7
6
4
8
11
14
13
11
12
15
11
15
15
14
18
18
18
11
13
12
12
14
14
16
8
13
8
7
10
-1
10
0
5
2
-4
2
-6
1
-5
1
0
-3
-5
-4
-3
-5
-5
-5
-3
-2
-3
-1
-8
-4
-7
-4
-4
-8
-1
-1
4
4
5
1
-6
-8
-7
-6
-10
-12
-14
-11
-14
-16
-18
-17
-14
-16
-8
-16
-15
-12
-15
-15
-15
-12
-15
-12
-13
-8
-13
-14
-13
-13
-9
-15
-7
-5
1
-3
2
1
0
2
3
7
10
3
9
9
2
10
6
5
6
9
11
13
12
9
14
10
10
19
17
16
17
17
15
12
13
9
7
12
4
5
7
8
8
3
0
3
1
-3
-4
-7
-5
-9
-5
-4
-9
-11
-14
-9
-10
-11
-8
-10
-10
-5
-12
-8
-7
-10
-10
-11
-9
-2
-1
-4
-5
2
2
-1
5
-1
4
0
3
-1
-9
-5
0
-3
-9
2
7
4
1
7
5
10
6
5
7
6
5
0
2
-2
1
1
0
1
-3
-3
-3
-3
-1
4
2
5
4
6
5
6
6
8
11
-1
6
2
3
6
0
3
3
-3
-8
-3
1
1
-5
-1
-3
-2
-4
-3
-2
-13
-7
-7
-6
-3
2
0
-9
-4
-7
-9
-16
-17
-12
-13
-7
-10
-12
-10
-9
-9
-6
-7
-10
-4
-9
-7
-6
-9
-11
-12
-5
-4
2
-1
-1
0
-2
3
8
5
2
-2
3
5
3
4
5
0
4
9
9
11
9
11
15
11
11
16
6
7
10
11
12
15
17
17
15
14
17
14
10
9
11
11
8
4
8
10
12
9
2
-4
0
3
5
7
13
17
14
11
5
7
5
3
4
4
7
9
3
10
5
6
8
2
2
2
4
0
3
-2
-5
-6
-10
-9
-11
-7
-4
-6
-2
0
-5
-3
-7
-7
-4
-5
-9
-8
-12
-17
-10
-17
-17
-16
-9
-8
-8
-11
-14
-9
-10
-8
-8
-2
-2
0
-5
-2
1
-3
0
-4
1
-1
1
0
-4
1
4
2
4
1
-2
1
-1
0
1
3
3
0
0
0
0
-1
1
-3
-5
-4
-9
-8
-4
-4
-5
-7
-2
3
-2
4
1
1
-1
0
0
-6
-2
-8
-10
-11
-13
-10
-15
-9
-12
-7
-3
-2
3
3
11
6
9
7
7
10
8
8
5
11
10
9
18
9
5
8
7
8
5
12
6
6
4
1
6
2
3
1
4
1
6
3
-5
-1
-7
-4
-5
-2
-4
-5
-8
-9
-6
-10
-7
-9
-11
-4
-5
-6
-4
-12
-9
-7
-11
-13
-14
-14
-9
-2
-9
-4
-6
-2
4
2
4
2
1
6
0
5
8
2
11
6
3
4
-1
-4
0
-4
2
-1
1
3
4
3
5
1
0
-3
-1
-3
-2
1
-3
-2
-3
-6
-7
-6
-8
-10
-5
-1
3
-1
-7
-2
-2
-1
-1
-1
1
2
-3
-7
-8
-5
-2
0
-5
-1
3
6
5
4
5
10
6
3
5
1
2
0
-7
-3
-5
-3
-7
-3
-7
-2
0
3
6
4
3
7
6
7
12
6
6
2
7
9
4
10
5
2
7
2
6
6
9
12
10
9
17
14
11
17
20
22
19
23
21
18
16
15
19
12
10
11
12
9
9
7
2
4
1
4
6
5
4
2
0
-2
-3
0
4
5
-3
-6
-8
-7
-8
-8
-5
-10
-9
-14
-13
-16
-11
-8
-10
-3
-3
3
-3
0
0
-4
-5
-12
-12
-16
-8
-8
-8
-6
-8
0
-3
-4
-10
-10
-5
-5
3
-5
-4
-7
-16
-15
-16
-9
-14
-14
-6
-7
-1
-2
-4
-2
-2
-5
-3
-3
2
3
4
6
8
6
2
8
8
6
7
1
-1
2
-2
10
3
7
5
2
4
1
-2
1
-3
-1
3
-5
-5
-4
-7
-7
-7
-2
1
-7
-11
-12
-11
-12
-11
-12
-11
-13
-12
-13
-15
-13
-14
-15
-9
-12
-3
-7
-3
5
5
9
7
3
3
4
1
9
4
10
11
13
9
6
9
7
10
0
3
-1
2
-1
6
9
8
7
3
-1
0
3
4
12
10
5
4
3
3
6
8
6
6
-1
1
0
-5
-6
-6
-6
-6
-7
-7
-7
-5
0
2
0
-6
-6
-10
-4
-1
-3
-4
-3
2
3
3
4
1
5
9
6
3
2
4
2
4
1
2
9
8
3
4
2
4
5
0
-1
6
-3
-1
-1
0
7
2
6
5
6
3
4
3
3
2
2
4
8
-2
-4
9
-3
-1
-1
0
3
-1
5
-6
-1
-2
0
-1
-3
-10
-3
-3
-5
-4
-10
-7
-7
-4
-10
-4
-5
-8
-14
-17
-16
-15
-12
-13
-11
-8
-13
-10
-6
-12
-7
-4
-3
0
3
0
5
4
5
2
2
9
0
6
13
9
6
4
3
9
0
3
7
7
7
8
5
14
14
8
9
6
10
3
6
6
10
13
15
18
15
9
7
7
10
5
7
8
6
11
3
6
7
7
5
1
2
2
-1
1
-2
1
3
5
4
6
8
7
8
1
4
1
-3
-2
-3
-3
-2
-10
-8
-10
-10
-6
-9
-3
2
8
3
4
3
-3
-6
-4
-4
-6
-1
-6
0
-5
-9
-6
-6
-4
-9
-3
-10
-10
-6
-11
-9
-11
-9
-11
-9
-3
-5
-9
-7
-11
-10
-7
-6
-1
-3
-3
-4
-6
-7
-9
-9
-9
-15
-12
-13
-16
-15
-11
-8
-2
-3
1
3
-3
0
2
1
3
2
3
4
0
8
6
10
6
7
4
4
9
9
9
10
15
8
10
7
6
7
4
0
2
2
0
-1
-3
-1
-2
-1
4
-1
1
1
1
1
-1
0
-3
-4
-2
3
-2
4
1
3
7
6
9
6
9
3
-3
3
-4
2
7
1
6
4
6
-1
0
3
-2
0
0
3
-2
-6
-6
-1
-3
4
1
-5
-9
-7
-15
-14
-16
-12
-9
-9
-4
-2
3
3
7
7
4
4
8
1
6
5
6
6
5
5
-6
-4
-5
-9
-8
-5
-8
-7
-7
1
-1
-4
-6
-10
-10
-16
-10
-13
-8
-8
-4
-1
-3
4
2
1
0
4
-1
-3
0
-1
-4
-7
-3
-5
0
4
5
12
10
15
18
19
15
17
20
17
24
21
19
16
13
11
16
12
12
14
11
9
2
7
1
-2
-2
0
2
0
2
-6
0
-5
-3
0
-3
1
-2
1
3
3
3
-7
-10
-10
-11
-11
-11
-11
-13
-9
-8
-10
-8
-12
-9
-12
-13
-11
-7
-10
-9
-10
-4
3
0
2
1
-4
0
1
1
4
-1
2
5
3
8
4
6
5
8
8
7
13
10
9
9
8
10
3
5
8
7
3
5
-1
3
7
8
9
4
7
4
-2
-3
-7
-9
-10
-13
-18
-13
-13
-14
-12
-12
-12
-9
-5
-7
-4
5
1
-2
2
-4
-2
5
2
1
6
3
5
7
4
9
4
5
0
-1
-4
-1
-1
1
5
0
1
-2
1
0
-1
-1
2
-6
-3
-7
-10
-1
-6
-2
0
-1
-1
-2
-2
1
-3
1
-2
-3
0
-1
2
-2
-1
-4
-2
-2
2
4
1
-1
0
-3
-5
-2
-3
-3
-7
0
-4
-1
-2
-3
-5
-9
-9
-11
-3
-4
4
-2
3
0
2
8
6
10
5
7
8
12
12
15
18
15
14
10
12
9
8
12
12
15
9
3
6
14
13
15
14
7
9
7
6
5
2
1
-1
-2
-3
-11
-12
-9
-11
-9
-8
-9
-10
-10
-11
-13
-13
-10
-6
-10
-11
-11
-13
-11
-10
-18
-14
-21
-14
-14
-15
-15
-24
-21
-18
-13
-9
-8
-16
-10
-15
-13
-12
-9
-1
0
5
4
7
4
9
7
5
3
5
8
8
12
9
20
18
15
18
17
16
16
16
10
16
14
15
16
8
8
12
13
12
12
13
10
12
6
0
-2
-5
-1
-1
-2
-1
-2
-2
-1
3
5
3
3
5
1
-1
-4
-5
-3
-3
-5
-9
-9
-16
-7
-10
-9
-11
-12
-8
-14
-10
-12
-11
-6
-6
-5
-4
-2
-6
-9
-14
-8
-9
-10
-2
-8
-5
-12
-10
-5
-3
-2
-1
-2
2
1
1
0
2
0
-4
0
0
3
2
6
1
5
9
12
11
11
8
7
13
8
8
9
8
6
5
4
6
0
6
8
5
7
8
6
10
10
11
14
7
5
4
10
8
2
11
10
11
13
6
2
5
0
2
6
-5
-3
-6
-4
-3
-4
-2
0
-1
-5
-3
-4
-7
-2
0
5
7
4
3
0
-8
-7
-11
-6
-11
-12
-3
-8
-3
-1
4
4
1
3
4
7
6
5
8
6
9
7
4
4
0
1
0
4
3
2
4
-6
0
-4
-2
-3
-8
-8
-6
-5
-10
-12
-13
-4
-5
-4
-5
-7
-7
-11
-14
-10
-17
-16
-15
-14
-9
-11
0
11
35
59
93
146
240
364
346
204
28
-123
-174
-265
-447
-589
-603
-549
-512
-438
-284
-56
96
87
58
84
184
271
236
161
167
212
294
405
434
455
471
401
262
115
17
-44
-110
-219
-329
-310
-232
-96
23
59
110
149
147
136
102
72
88
78
22
-13
50
131
169
138
26
-48
-116
-220
-309
-407
-471
-483
-516
-473
-387
-258
-147
-91
-82
-94
-66
-46
-41
-49
-48
-36
12
84
129
193
211
203
161
90
47
8
-19
-38
-58
-65
-12
51
138
204
248
273
261
248
219
218
201
187
170
143
155
170
185
187
155
100
43
-6
-71
-92
-133
-161
-157
-160
-135
-102
-57
-19
-10
-13
-32
-35
-35
-40
-50
-65
-56
-55
-53
-36
-52
-67
-84
-128
-170
-196
-191
-191
-196
-180
-161
-127
-86
-54
-29
-10
-4
-4
-5
-16
-18
-26
-43
-66
-82
-88
-110
-122
-143
-151
-119
-78
-32
21
81
145
240
374
492
576
604
619
609
576
529
501
495
499
520
549
541
486
362
203
55
-134
-336
-577
-787
-884
-910
-885
-833
-728
-551
-382
-246
-178
-98
20
81
90
60
50
123
202
228
209
184
151
73
-73
-244
-376
-488
-613
-739
-791
-751
-632
-472
-304
-156
5
162
272
352
390
425
447
451
456
456
456
466
448
400
312
205
106
10
-95
-200
-243
-186
-35
224
604
1129
1431
1285
929
467
92
-220
-809
-1402
-1752
-1852
-1769
-1567
-1170
-648
-176
19
37
47
99
208
195
21
-93
-120
-3
275
452
468
469
438
264
59
-62
-82
-60
-87
-181
-144
48
323
525
575
735
928
1100
1278
1359
1461
1667
1878
1985
2046
2207
2153
1766
1159
326
-369
-890
-1506
-2164
-2717
-2966
-2918
-2718
-2406
-1990
-1480
-999
-669
-496
-311
80
465
632
709
730
878
1141
1284
1190
955
637
157
-379
-959
-1463
-1792
-2009
-2164
-2230
-2124
-1763
-1239
-737
-306
-19
226
472
712
887
1039
1180
1286
1383
1454
1473
1479
1435
1229
845
313
-230
-628
-921
-1175
-1387
-1477
-1383
-1120
-786
-447
-92
232
484
610
642
713
849
978
1045
1039
1064
1170
1287
1338
1297
1254
1282
1454
1319
644
-199
-1078
-1620
-1945
-2369
-2675
-2629
-2291
-1865
-1395
-759
-33
622
881
823
720
681
763
633
321
28
-236
-303
-162
-53
-17
-18
-139
-371
-565
-572
-442
-269
-181
-204
-91
209
630
1047
1395
1732
1995
2104
2113
2068
2019
2000
1980
1911
1835
1715
1528
1235
826
255
-522
-1311
-1957
-2437
-2830
-3131
-3256
-3036
-2518
-1927
-1419
-935
-396
83
388
471
501
622
774
796
643
517
575
669
542
155
-279
-685
-1056
-1526
-2024
-2338
-2399
-2293
-2141
-1873
-1447
-792
-144
347
688
918
1164
1342
1427
1388
1364
1355
1313
1261
1131
994
851
623
279
-148
-606
-944
-1153
-1276
-1325
-1275
-1078
-712
-273
149
512
814
1057
1198
1233
1155
1099
1105
1100
1071
973
921
1016
1228
1690
2148
1949
1171
30
-1055
-1566
-2020
-2563
-2940
-2997
-2677
-2149
-1379
-432
492
1056
1079
874
588
518
535
231
-155
-582
-906
-695
-275
73
306
251
-67
-477
-727
-762
-613
-518
-578
-542
-326
119
671
1066
1473
1744
1842
1895
1885
1870
1860
1792
1657
1664
2126
2766
2955
2518
1497
539
30
-517
-1447
-2607
-3427
-3678
-3587
-3405
-3035
-2195
-1107
-324
-214
-429
-218
396
798
644
134
-101
277
800
1026
1019
1005
925
486
-328
-1241
-1809
-2040
-2344
-2891
-3354
-3274
-2594
-1674
-893
-362
70
491
818
1002
1084
1205
1333
1386
1337
1280
1379
1704
1998
1970
1508
814
210
-177
-528
-998
-1491
-1787
-1742
-1440
-1052
-577
19
613
983
962
835
887
1123
1274
1170
939
947
1404
2383
3294
3287
2466
1147
-194
-1036
-1874
-2784
-3479
-3836
-3866
-3598
-2741
-1392
52
976
1132
996
834
919
1019
675
192
-272
-660
-517
-63
431
885
966
531
-98
-569
-680
-628
-819
-1084
-1231
-1037
-457
240
788
1225
1580
1606
1621
1747
1701
1729
1693
1470
1324
1546
2534
3662
4052
3403
1878
644
193
-323
-1470
-3093
-4214
-4518
-4327
-3972
-3553
-2423
-862
1
-217
-762
-502
499
1194
907
1
-287
451
1379
1764
1720
1796
1753
1186
-16
-1358
-2007
-2100
-2505
-3409
-4191
-4121
-3125
-1857
-952
-531
-168
246
571
716
770
936
1134
1217
1167
1118
1455
2175
2760
2734
2044
1075
278
-151
-579
-1277
-2016
-2447
-2398
-1961
-1438
-834
-27
762
1183
1090
851
997
1482
1779
1659
1531
2236
3531
4022
3402
2057
755
63
-957
-2427
-3629
-4151
-4050
-3909
-3587
-2706
-1183
327
1036
1044
800
950
1245
982
405
-178
-470
-124
203
374
821
1292
1356
743
-235
-772
-754
-734
-1100
-1687
-1665
-1012
-179
444
796
1319
1812
2051
2012
1786
1796
1950
1767
1409
1261
1960
3401
4335
4155
2919
1461
760
268
-806
-2529
-4137
-4908
-5001
-4804
-4536
-3696
-2082
-703
-246
-654
-806
-17
979
1217
508
-228
44
1099
1891
2071
2040
2082
1858
1035
-378
-1607
-2060
-2374
-3106
-4144
-4717
-4166
-2857
-1576
-859
-505
-136
403
789
843
860
1017
1241
1372
1340
1443
2077
2903
3304
2939
1955
921
282
-210
-961
-1944
-2773
-3053
-2800
-2330
-1754
-938
3
770
1047
892
914
1364
1896
2154
2364
3080
3841
3920
3167
1813
866
242
-900
-2390
-3690
-4212
-4061
-3697
-3192
-2359
-1125
26
721
878
853
1146
1222
870
295
-298
-259
381
760
870
1068
1278
1319
911
179
-369
-603
-839
-1367
-1753
-1609
-989
-269
112
527
1036
1517
1884
1794
1617
1687
1755
1621
1440
1476
2176
3564
4381
4086
3002
1640
948
471
-715
-2520
-4196
-5065
-5077
-4850
-4593
-3833
-2371
-1028
-526
-811
-938
-124
858
992
341
-306
52
1216
2071
2208
2157
2191
2028
1320
-30
-1288
-1853
-2243
-3082
-4105
-4698
-4185
-2921
-1804
-1177
-825
-376
243
714
753
743
924
1157
1371
1443
1592
2259
3086
3463
3131
2235
1262
658
97
-793
-1887
-2762
-3071
-2846
-2444
-1970
-1236
-278
556
944
906
975
1586
2487
3580
4023
3559
2869
2061
1504
1054
154
-993
-2072
-2983
-3627
-3758
-3253
-2392
-1605
-1220
-979
-481
163
899
1059
716
421
51
-40
318
678
1046
1276
1142
859
687
675
739
530
-125
-820
-1172
-1125
-777
-543
-391
-138
168
538
912
1326
1626
1844
1829
1608
1544
1609
1904
2509
3457
4237
4162
3285
1873
989
654
-196
-1835
-3823
-5059
-5168
-4835
-4619
-4256
-3270
-1975
-1248
-1309
-1393
-589
580
1030
521
-198
16
1253
2262
2473
2267
2119
2039
1521
445
-732
-1412
-1904
-2758
-3842
-4548
-4257
-3222
-2228
-1670
-1402
-1016
-389
225
570
751
876
1032
1234
1481
1822
2418
3121
3502
3357
2659
1773
1132
652
-63
-1148
-2319
-2975
-2928
-2533
-2133
-1667
-1019
-208
385
604
920
1874
3481
4446
3975
2785
1687
1507
1554
743
-554
-1657
-2186
-2563
-2951
-2937
-2355
-1499
-1131
-1342
-1522
-1011
84
605
351
-115
-364
33
639
857
983
1188
1249
1006
700
591
841
1026
622
-86
-590
-493
1
199
42
-188
-331
-188
147
516
927
1291
1431
1392
1433
1704
2237
2908
3765
4507
4485
3673
2411
1398
1046
436
-1139
-3213
-4710
-5056
-4833
-4680
-4649
-4136
-3089
-2397
-2339
-2405
-1660
-281
561
375
-176
25
1298
2529
2896
2612
2410
2318
1889
955
-145
-833
-1283
-2124
-3358
-4259
-4195
-3377
-2558
-2156
-2048
-1723
-1121
-431
96
466
838
1146
1372
1637
2013
2644
3334
3672
3452
2797
2031
1375
921
310
-681
-1772
-2583
-2791
-2585
-2302
-1979
-1517
-926
-418
-44
563
2032
3686
4129
3471
2259
1589
1849
1659
699
-480
-1339
-1727
-2068
-2248
-2042
-1459
-1034
-1192
-1660
-1751
-964
-164
-24
-353
-808
-683
123
781
1105
1342
1413
1261
898
665
780
1047
1015
343
-240
-357
98
547
371
181
-45
-191
-167
-315
-257
219
749
991
1059
1311
1793
2552
3336
4141
4856
4727
3851
2449
1348
958
312
-1200
-3031
-4274
-4638
-4472
-4414
-4488
-3942
-3079
-2748
-2918
-2965
-2146
-752
101
70
-146
349
1663
2759
3054
2840
2678
2375
1676
646
-395
-961
-1325
-2173
-3246
-3909
-3846
-3164
-2533
-2284
-2221
-2019
-1639
-1142
-640
-141
423
906
1325
1808
2313
2942
3615
3910
3708
3033
2149
1457
1028
446
-467
-1430
-2113
-2273
-2124
-2005
-1846
-1476
-1027
-642
-362
407
2093
3475
3597
2764
1638
1400
1679
1264
272
-754
-1401
-1751
-2026
-2047
-1607
-933
-664
-1035
-1583
-1475
-657
-96
-154
-670
-1122
-824
-81
495
855
1123
1283
1170
852
688
917
1369
1268
502
-160
-210
413
867
731
418
42
-47
-90
-164
159
769
1296
1339
1116
1137
1752
2917
3971
4573
4498
3723
2694
1776
1315
810
-303
-1962
-3508
-4403
-4536
-4385
-4140
-3803
-3326
-3138
-3270
-3188
-2458
-1216
-273
-183
-439
-173
896
2128
2783
2855
2684
2384
1747
880
64
-455
-840
-1682
-2905
-3753
-3821
-3219
-2567
-2324
-2307
-2195
-1854
-1434
-974
-452
123
595
831
1071
1544
2344
3212
3674
3549
3015
2399
1895
1494
962
177
-687
-1450
-1893
-1971
-1814
-1514
-1180
-902
-786
-577
72
1613
3236
3607
2880
1682
1054
1303
1206
441
-518
-1277
-1651
-1933
-1879
-1371
-581
-175
-519
-1167
-1373
-760
-103
-64
-546
-1118
-1127
-469
225
761
1109
1206
1028
613
347
627
1133
1210
699
83
-102
279
578
476
229
57
51
172
180
161
483
785
1035
1156
1204
1555
2133
2888
3756
4411
4444
3825
2831
1847
1229
433
-960
-2451
-3650
-4255
-4398
-4495
-4378
-3853
-3208
-2926
-3022
-2932
-2261
-1189
-515
-382
-282
232
1250
2184
2625
2791
2802
2522
1872
975
75
-566
-1157
-2086
-3054
-3648
-3716
-3291
-2850
-2574
-2360
-2115
-1816
-1446
-1017
-550
-37
396
774
1248
1773
2437
3133
3538
3534
3135
2511
1945
1482
864
70
-745
-1368
-1676
-1756
-1748
-1534
-1195
-882
-578
-139
1071
2509
3074
2710
1654
974
1108
1124
676
-39
-644
-1005
-1289
-1322
-1003
-389
-36
-325
-978
-1347
-920
-359
-218
-512
-1045
-1203
-739
-222
278
721
868
612
202
-92
94
639
831
493
-29
-163
181
677
922
940
919
832
730
563
629
980
1305
1408
1223
1105
1378
1983
2892
3930
4525
4219
3100
1803
1061
754
36
-1442
-3101
-4080
-4271
-4165
-4065
-3724
-2981
-2365
-2405
-2862
-2812
-1823
-682
-250
-460
-568
140
1410
2358
2717
2826
2769
2339
1410
300
-454
-830
-1380
-2398
-3417
-3867
-3538
-2869
-2336
-2049
-1883
-1709
-1519
-1300
-957
-448
69
415
669
1011
1577
2365
3108
3465
3352
2760
1992
1415
969
451
-205
-955
-1508
-1682
-1622
-1384
-1019
-616
-356
-270
-37
1042
2666
3204
2593
1270
334
588
733
280
-396
-964
-1191
-1445
-1539
-1172
-339
276
19
-739
-1286
-787
-16
140
-201
-841
-1028
-572
-85
323
661
825
614
143
-235
-21
639
939
583
-4
-218
257
773
878
900
821
840
861
736
911
1366
1802
1852
1584
1396
1501
2038
2693
3611
4182
3793
2690
1287
627
557
-7
-1432
-3138
-4118
-4235
-4079
-3986
-3776
-2991
-2313
-2364
-2819
-2822
-1736
-410
14
-318
-560
52
1287
2214
2559
2619
2604
2193
1308
268
-410
-643
-1138
-2203
-3318
-3888
-3594
-2895
-2342
-2081
-1914
-1722
-1510
-1203
-769
-208
313
531
641
882
1368
2161
2869
3193
3054
2506
1813
1315
971
529
-143
-926
-1518
-1672
-1568
-1273
-862
-462
-168
72
789
2088
2927
2792
1790
579
256
228
-19
-478
-908
-1066
-1195
-1237
-983
-286
426
464
-102
-798
-865
-370
-59
-81
-483
-836
-643
-230
197
604
829
706
255
-277
-436
9
471
512
32
-367
-211
309
879
1039
979
895
832
803
870
1209
1679
1942
1888
1668
1565
1861
2384
3105
3925
4089
3399
2036
750
314
74
-769
-2340
-3809
-4401
-4261
-3974
-3805
-3309
-2456
-1966
-2137
-2553
-2255
-1102
-138
0
-400
-447
379
1542
2207
2428
2496
2385
1870
957
-1
-504
-782
-1453
-2534
-3492
-3756
-3297
-2625
-2171
-1939
-1723
-1481
-1218
-939
-552
-48
381
645
800
1033
1564
2295
2848
3032
2773
2198
1590
1141
691
125
-549
-1225
-1612
-1697
-1535
-1184
-691
-239
54
310
999
2357
3182
2925
1848
621
234
137
-240
-814
-1284
-1457
-1571
-1593
-1273
-533
252
405
-51
-692
-690
-155
148
82
-340
-648
-483
-77
292
646
907
851
396
-140
-350
42
570
528
54
-343
-221
359
711
877
818
727
732
652
746
1055
1605
1937
1859
1730
1611
1907
2548
3268
4131
4174
3357
1956
737
413
114
-834
-2442
-3902
-4437
-4367
-4143
-4004
-3466
-2536
-2138
-2364
-2689
-2236
-941
52
119
-257
-211
724
1769
2416
2575
2618
2469
1796
829
-89
-495
-724
-1442
-2581
-3513
-3797
-3300
-2699
-2301
-2090
-1903
-1679
-1432
-1057
-586
6
463
657
804
1068
1642
2369
2913
3060
2695
2079
1495
1098
741
207
-503
-1201
-1612
-1710
-1600
-1242
-747
-287
7
292
1165
2556
3255
2938
1755
634
338
152
-220
-770
-1173
-1343
-1508
-1481
-1086
-279
398
346
-216
-803
-690
-241
-103
-247
-632
-784
-497
-118
305
786
1097
958
441
-117
-208
193
555
397
-119
-325
-165
292
664
708
809
798
679
580
657
1018
1458
1695
1648
1589
1707
2067
2565
3224
4071
4321
3626
2258
956
464
184
-750
-2346
-3703
-4283
-4243
-4110
-3996
-3568
-2721
-2246
-2449
-2792
-2423
-1273
-293
-76
-305
-183
705
1783
2431
2698
2794
2647
2065
1091
167
-369
-709
-1381
-2447
-3364
-3691
-3353
-2786
-2385
-2172
-1999
-1810
-1587
-1278
-851
-327
159
493
767
1069
1607
2292
2892
3114
2816
2234
1597
1170
763
237
-465
-1067
-1406
-1520
-1477
-1249
-824
-386
-57
129
654
1916
3033
3082
2241
1060
578
620
343
-223
-853
-1177
-1349
-1497
-1358
-798
-44
258
-103
-726
-867
-390
-41
-90
-479
-880
-796
-438
-18
418
793
908
628
161
-111
162
650
736
275
-279
-363
-5
415
694
794
708
578
483
602
1003
1452
1729
1679
1605
1651
1862
2256
2738
3573
4265
3999
2949
1585
805
638
-22
-1415
-3058
-4046
-4213
-4124
-4109
-3975
-3265
-2511
-2347
-2654
-2734
-1887
-727
-180
-305
-480
90
1166
2047
2453
2618
2690
2456
1775
819
32
-390
-897
-1838
-2868
-3562
-3561
-3085
-2633
-2345
-2147
-1933
-1705
-1413
-1087
-699
-207
217
547
850
1205
1866
2592
3061
3073
2617
2013
1504
1085
589
-92
-750
-1196
-1460
-1535
-1507
-1177
-698
-275
-50
353
1444
2543
2909
2381
1365
762
532
217
-266
-715
-968
-1140
-1254
-1188
-701
16
426
231
-345
-624
-408
-189
-205
-436
-755
-779
-525
-215
211
645
847
689
258
-146
-42
375
587
324
-118
-244
50
345
571
667
687
717
546
425
647
1135
1503
1644
1492
1452
1754
2076
2408
2984
3841
4231
3613
2312
1082
688
454
-548
-2072
-3502
-4001
-4016
-4002
-4009
-3616
-2771
-2218
-2346
-2686
-2368
-1274
-368
-168
-406
-310
509
1498
2144
2450
2607
2562
2115
1288
390
-164
-555
-1277
-2267
-3181
-3574
-3354
-2936
-2592
-2331
-2165
-1983
-1757
-1444
-1068
-596
-120
250
600
928
1435
2139
2797
3148
2996
2478
1909
1471
1064
475
-213
-818
-1162
-1339
-1442
-1345
-953
-459
-187
-113
195
1389
2745
3080
2469
1307
790
919
701
171
-469
-834
-1031
-1303
-1389
-950
-104
343
67
-632
-936
-453
-21
-1
-395
-816
-804
-511
-203
169
576
792
563
89
-273
-42
506
658
292
-281
-369
12
378
500
397
564
566
453
387
453
1105
1594
1647
1377
1181
1579
2052
2381
2631
3228
3897
3686
2737
1456
808
696
-97
-1568
-3168
-4025
-3966
-3893
-3982
-3912
-3202
-2395
-2161
-2325
-2266
-1410
-359
-16
-177
-251
324
1334
2004
2340
2461
2545
2339
1706
838
93
-394
-1024
-1967
-2907
-3494
-3526
-3200
-2843
-2515
-2309
-2093
-1846
-1510
-1095
-669
-231
127
471
833
1220
1851
2532
3010
3065
2655
2122
1706
1358
849
170
-537
-1072
-1315
-1412
-1378
-1117
-711
-365
-175
1
448
1218
1876
2046
1710
1235
1005
980
872
588
215
-130
-421
-696
-792
-620
-352
-293
-599
-881
-911
-616
-322
-312
-432
-520
-447
-291
-110
94
268
344
219
27
-28
134
354
402
216
43
94
278
446
507
434
438
507
506
610
697
924
1180
1303
1358
1380
1495
1612
1769
2085
2699
3412
3518
3008
2041
1149
746
146
-934
-2206
-3249
-3767
-3961
-4095
-3981
-3373
-2520
-2096
-2060
-2091
-1569
-660
-91
16
-16
222
859
1480
1847
2146
2402
2386
1902
1066
197
-332
-814
-1533
-2439
-3201
-3512
-3377
-3088
-2758
-2428
-2121
-1844
-1586
-1289
-917
-406
47
353
629
962
1520
2187
2703
2911
2809
2491
2060
1614
1125
544
-50
-585
-1048
-1332
-1441
-1276
-938
-593
-376
-215
100
705
1451
1924
1995
1702
1400
1248
1116
854
497
115
-265
-624
-903
-925
-724
-497
-463
-620
-731
-645
-385
-198
-197
-282
-372
-400
-320
-169
33
171
158
14
-150
-76
116
327
367
253
182
203
349
479
583
653
666
666
651
728
881
1054
1201
1174
1218
1262
1291
1401
1572
2101
2960
3532
3397
2659
1717
1122
678
-197
-1456
-2679
-3448
-3764
-3947
-4004
-3626
-2775
-2063
-1835
-1940
-1789
-1078
-338
-64
-148
-136
269
941
1449
1773
2070
2217
1984
1360
525
-122
-576
-1199
-2052
-2911
-3434
-3511
-3284
-2997
-2645
-2258
-1933
-1669
-1415
-1134
-738
-260
130
477
812
1227
1805
2422
2849
3011
2872
2518
2099
1610
1064
456
-138
-650
-1049
-1310
-1375
-1141
-800
-478
-231
36
488
1099
1611
1852
1858
1650
1334
957
565
293
98
-183
-526
-846
-911
-719
-447
-282
-297
-361
-376
-331
-266
-246
-269
-354
-421
-468
-423
-247
-108
-50
-61
-157
-146
24
176
285
316
320
332
384
492
642
854
935
963
907
833
880
958
1023
1042
984
919
949
1069
1303
1740
2444
3191
3466
3013
2129
1265
761
178
-825
-2079
-3121
-3624
-3764
-3757
-3525
-2926
-2140
-1740
-1806
-1899
-1523
-765
-241
-168
-324
-155
442
1081
1508
1782
1973
1991
1583
838
72
-441
-860
-1486
-2317
-3042
-3350
-3215
-2866
-2501
-2194
-1938
-1710
-1546
-1339
-994
-521
-52
306
572
874
1388
2052
2653
2993
2928
2605
2207
1785
1341
796
195
-368
-872
-1235
-1426
-1314
-1007
-627
-368
-223
67
577
1318
2003
2276
2043
1505
977
619
361
93
-261
-639
-951
-1099
-1007
-632
-193
96
87
-112
-249
-220
-114
-133
-306
-529
-672
-669
-514
-240
31
178
129
-24
-77
32
296
420
410
377
362
497
708
814
917
1009
899
843
681
602
716
784
857
811
854
1005
1216
1614
2120
2951
3576
3513
2868
1757
1015
553
-167
-1271
-2518
-3324
-3617
-3680
-3626
-3334
-2592
-1961
-1785
-1936
-1942
-1364
-661
-318
-358
-396
-13
633
1153
1520
1810
1998
1802
1208
411
-188
-532
-1026
-1785
-2572
-3068
-3112
-2883
-2602
-2304
-2035
-1814
-1679
-1505
-1214
-753
-278
45
291
572
1038
1692
2336
2813
3001
2874
2523
2099
1677
1156
583
-18
-628
-1090
-1379
-1426
-1201
-881
-559
-326
-96
334
954
1549
1830
1681
1377
1135
960
720
367
10
-241
-460
-693
-759
-591
-261
-61
-141
-330
-368
-235
-121
-182
-404
-598
-687
-661
-576
-393
-136
55
82
-17
-52
119
402
523
450
356
428
641
892
948
916
945
925
926
784
545
499
544
602
686
623
754
1069
1504
2058
2829
3554
3753
3327
2342
1413
856
133
-879
-2106
-3121
-3543
-3696
-3691
-3454
-2855
-2163
-1856
-1953
-2065
-1674
-1056
-671
-621
-685
-423
197
836
1302
1684
1910
1875
1451
748
98
-373
-840
-1495
-2204
-2804
-3018
-2901
-2633
-2273
-1951
-1752
-1634
-1510
-1324
-1016
-611
-238
104
458
875
1491
2189
2816
3188
3172
2859
2442
1964
1421
830
176
-428
-910
-1249
-1389
-1268
-962
-624
-345
-165
43
436
1101
1808
2139
1936
1385
880
603
410
148
-200
-548
-807
-956
-904
-599
-170
117
81
-173
-370
-361
-299
-370
-590
-811
-944
-895
-696
-335
34
253
213
76
29
120
428
609
604
507
478
661
874
1008
1073
1052
890
699
459
282
315
409
500
598
681
906
1335
1847
2618
3565
4090
3868
3005
1937
1289
756
-146
-1395
-2581
-3319
-3585
-3674
-3658
-3214
-2466
-1990
-2024
-2358
-2284
-1633
-1051
-878
-974
-856
-291
460
1016
1473
1900
2106
1861
1194
419
-72
-382
-938
-1722
-2465
-2891
-2841
-2592
-2311
-2047
-1839
-1749
-1755
-1706
-1503
-1066
-604
-246
98
526
1140
1986
2744
3237
3399
3188
2805
2320
1788
1216
609
-34
-604
-1032
-1280
-1240
-990
-712
-494
-394
-261
22
480
1000
1394
1480
1352
1250
1208
1099
841
476
124
-232
-572
-811
-819
-617
-438
-423
-540
-578
-447
-294
-310
-476
-684
-827
-880
-831
-650
-427
-223
-131
-86
105
369
591
753
731
691
752
701
806
811
752
806
637
572
460
412
470
463
557
644
839
1075
1297
1678
2110
2880
3744
4073
3756
2859
1950
1329
609
-439
-1694
-2741
-3341
-3669
-3828
-3762
-3199
-2479
-2109
-2210
-2419
-2174
-1575
-1135
-1048
-1065
-788
-185
456
1009
1462
1950
2086
1810
1164
451
21
-423
-1043
-1827
-2504
-2821
-2796
-2605
-2369
-2118
-1919
-1807
-1748
-1679
-1455
-1018
-549
-149
259
715
1400
2210
2925
3363
3440
3253
2847
2345
1740
1112
486
-138
-673
-1084
-1283
-1192
-920
-652
-469
-407
-299
-33
416
929
1404
1650
1659
1552
1413
1270
1045
671
178
-337
-765
-1006
-1055
-930
-761
-656
-638
-602
-484
-348
-314
-447
-703
-929
-1072
-1059
-904
-656
-390
-169
16
230
487
762
934
916
847
702
705
719
621
596
460
457
449
464
531
518
590
637
800
1019
1218
1475
1753
2320
3135
3937
4202
3728
2864
2019
1332
510
-647
-1879
-2825
-3401
-3742
-3902
-3678
-3037
-2365
-2136
-2288
-2409
-2071
-1543
-1223
-1221
-1156
-798
-167
444
961
1520
1965
2069
1739
1078
457
-2
-518
-1203
-1997
-2597
-2868
-2840
-2663
-2419
-2142
-1941
-1832
-1756
-1632
-1343
-911
-456
-68
352
884
1607
2391
3058
3435
3472
3243
2808
2286
1666
1026
375
-218
-707
-1063
-1180
-1041
-785
-558
-433
-363
-256
-14
328
810
1338
1726
1873
1784
1664
1512
1215
738
107
-477
-958
-1310
-1439
-1375
-1180
-958
-806
-692
-560
-406
-384
-516
-774
-1035
-1210
-1214
-1036
-759
-386
-40
272
523
725
929
1025
1054
914
643
515
426
441
544
533
545
526
572
723
789
923
1006
1148
1290
1332
1532
1892
2598
3542
4197
4203
3494
2595
1890
1267
354
-977
-2266
-3202
-3714
-3971
-4013
-3602
-2860
-2258
-2156
-2368
-2295
-1787
-1263
-1100
-1226
-1182
-741
-79
538
1110
1700
2083
2031
1513
809
323
-94
-721
-1626
-2519
-3083
-3210
-3044
-2767
-2426
-2076
-1848
-1737
-1614
-1414
-1034
-627
-292
16
410
1026
1837
2639
3238
3506
3446
3104
2665
2137
1540
867
185
-440
-956
-1199
-1178
-959
-659
-455
-298
-202
-24
254
614
1123
1714
2160
2125
1719
1300
1057
868
444
-178
-770
-1149
-1336
-1354
-1205
-915
-612
-507
-588
-695
-637
-562
-654
-953
-1257
-1356
-1218
-912
-535
-131
230
504
629
682
756
845
875
743
518
405
366
477
574
601
758
802
866
819
725
841
1066
1302
1422
1511
1730
2337
3241
4049
4303
3893
3055
2179
1377
454
-640
-1813
-2826
-3521
-3990
-4128
-3843
-3094
-2336
-2066
-2184
-2282
-1960
-1468
-1148
-1145
-1114
-809
-271
298
861
1499
2050
2206
1814
1066
375
-104
-647
-1408
-2295
-2954
-3226
-3185
-2938
-2547
-2125
-1781
-1613
-1598
-1537
-1252
-780
-341
-24
286
744
1465
2289
2975
3384
3446
3234
2788
2224
1612
985
403
-184
-727
-1116
-1244
-1070
-740
-460
-309
-240
-101
160
536
1051
1573
1871
1835
1616
1464
1389
1188
729
130
-455
-896
-1173
-1297
-1207
-1035
-902
-904
-944
-851
-672
-573
-675
-920
-1138
-1204
-1104
-856
-536
-213
59
238
414
560
708
853
876
764
598
470
548
627
664
696
644
667
718
731
826
1000
1186
1340
1473
1550
1789
2307
3089
3963
4284
3896
3024
2157
1543
859
-213
-1515
-2627
-3339
-3783
-4023
-3908
-3321
-2551
-2215
-2320
-2422
-2058
-1406
-1025
-1048
-1143
-873
-300
298
814
1354
1868
2063
1702
1015
378
-55
-550
-1317
-2220
-2892
-3164
-3125
-2911
-2595
-2197
-1867
-1673
-1587
-1453
-1151
-716
-338
-63
232
701
1360
2128
2797
3215
3346
3173
2815
2319
1763
1193
568
-63
-631
-1061
-1215
-1115
-885
-637
-493
-385
-212
73
444
941
1499
1925
2002
1802
1574
1413
1240
793
157
-484
-965
-1247
-1414
-1398
-1236
-1042
-924
-940
-922
-796
-642
-631
-831
-1049
-1153
-1073
-811
-507
-190
106
332
477
536
645
803
864
775
601
535
674
756
827
819
824
951
874
725
679
838
1137
1252
1255
1309
1656
2309
3072
3935
4350
4137
3349
2341
1585
905
-3
-1264
-2514
-3359
-3757
-3870
-3776
-3285
-2570
-2158
-2207
-2442
-2272
-1690
-1203
-1116
-1206
-1032
-456
238
874
1401
1891
2099
1791
1076
325
-137
-619
-1316
-2172
-2907
-3216
-3144
-2880
-2534
-2176
-1877
-1727
-1694
-1634
-1380
-931
-512
-223
65
493
1217
2030
2760
3250
3391
3244
2870
2350
1801
1225
632
20
-549
-958
-1139
-1023
-785
-539
-373
-269
-163
62
453
1004
1525
1813
1753
1538
1404
1349
1150
698
124
-418
-828
-1097
-1203
-1137
-960
-869
-921
-979
-890
-716
-594
-664
-904
-1106
-1136
-1004
-745
-435
-136
67
169
308
469
665
826
855
713
563
555
613
786
747
783
824
829
916
778
724
794
1044
1275
1318
1355
1500
2073
2944
3849
4321
4009
3281
2374
1683
939
-79
-1263
-2359
-3125
-3673
-3957
-3864
-3258
-2477
-2122
-2249
-2472
-2239
-1672
-1225
-1145
-1169
-911
-402
211
770
1382
1929
2158
1798
1078
389
-79
-522
-1219
-2047
-2745
-3096
-3104
-2898
-2585
-2162
-1819
-1674
-1695
-1649
-1405
-967
-571
-284
3
435
1114
1908
2636
3154
3366
3232
2885
2376
1835
1280
713
128
-426
-863
-1066
-976
-716
-494
-339
-242
-124
118
515
1018
1477
1652
1497
1270
1133
1119
964
572
63
-417
-750
-979
-1048
-962
-835
-801
-897
-954
-868
-672
-567
-669
-895
-1077
-1090
-976
-746
-474
-208
-16
69
188
376
632
851
822
755
713
649
758
700
735
871
848
882
726
680
690
797
950
1081
1301
1405
1626
1973
2678
3743
4370
4235
3371
2409
1755
1150
209
-1073
-2229
-2989
-3458
-3828
-3948
-3473
-2663
-2194
-2329
-2658
-2477
-1846
-1299
-1169
-1217
-974
-417
221
762
1308
1897
2222
1913
1223
458
6
-387
-1037
-1857
-2592
-2967
-2994
-2849
-2586
-2208
-1907
-1755
-1764
-1763
-1552
-1151
-723
-352
-38
375
1035
1836
2608
3129
3348
3245
2942
2500
1960
1425
882
349
-172
-655
-936
-949
-754
-523
-401
-341
-247
-15
412
983
1406
1492
1278
1027
917
904
782
454
18
-381
-687
-859
-866
-711
-567
-568
-728
-850
-771
-644
-574
-731
-977
-1167
-1191
-1057
-808
-475
-213
-66
-10
53
270
531
806
888
759
702
683
806
914
975
1019
985
950
821
676
628
755
1021
1141
1224
1274
1502
2088
2949
3936
4347
4013
3105
2198
1606
936
2
-1200
-2279
-3014
-3518
-3791
-3731
-3137
-2442
-2229
-2488
-2744
-2433
-1767
-1284
-1205
-1191
-892
-342
245
848
1458
2026
2162
1698
946
351
-19
-436
-1119
-1953
-2551
-2822
-2837
-2696
-2399
-2053
-1819
-1834
-1928
-1899
-1599
-1152
-768
-449
-115
411
1130
1929
2652
3133
3300
3153
2790
2363
1928
1461
925
367
-158
-588
-786
-755
-612
-472
-466
-499
-466
-264
116
642
1159
1455
1412
1223
1194
1262
1188
828
216
-345
-738
-964
-1019
-935
-761
-668
-705
-795
-726
-546
-442
-564
-884
-1158
-1263
-1144
-925
-691
-415
-193
-18
113
292
533
719
761
649
518
638
798
925
948
869
962
1027
1004
873
734
736
785
827
902
1090
1388
1774
2278
2965
3814
4253
4050
3252
2330
1619
886
-155
-1393
-2405
-3035
-3429
-3673
-3672
-3197
-2537
-2270
-2381
-2575
-2361
-1888
-1507
-1419
-1331
-945
-290
348
896
1434
1923
2103
1766
1102
439
-65
-575
-1235
-1988
-2537
-2785
-2795
-2664
-2438
-2177
-1953
-1893
-1915
-1906
-1692
-1308
-915
-494
-55
523
1253
2035
2750
3211
3401
3294
2981
2518
1955
1386
837
353
-113
-472
-689
-694
-609
-506
-488
-511
-452
-307
-11
447
960
1328
1349
1196
1143
1196
1211
884
313
-222
-626
-875
-990
-938
-777
-659
-680
-784
-773
-614
-475
-552
-835
-1120
-1254
-1197
-1010
-756
-485
-212
-17
140
346
584
794
891
823
738
716
848
976
1026
995
946
1004
1021
936
764
746
865
960
1014
1066
1314
1826
2412
3120
3852
4225
4005
3216
2257
1501
804
-193
-1482
-2610
-3232
-3503
-3604
-3574
-3160
-2547
-2241
-2391
-2599
-2411
-1914
-1539
-1477
-1458
-1108
-450
253
822
1333
1798
1970
1652
975
340
-104
-597
-1288
-2031
-2564
-2765
-2723
-2571
-2334
-2098
-1920
-1864
-1907
-1865
-1623
-1242
-841
-453
-1
604
1358
2150
2846
3289
3415
3266
2908
2445
1930
1382
851
332
-151
-485
-656
-639
-520
-421
-380
-308
-107
284
670
700
452
170
114
236
345
385
389
397
330
209
156
233
366
297
-33
-431
-641
-611
-608
-719
-911
-1049
-1085
-1089
-1022
-904
-766
-657
-646
-639
-474
-156
165
371
441
529
794
988
1072
1123
1150
1145
1029
904
835
889
919
834
725
772
967
1222
1420
1523
1726
2054
2528
3117
3602
3589
3037
2192
1442
842
161
-776
-1727
-2476
-2930
-3243
-3432
-3265
-2752
-2286
-2242
-2457
-2465
-2041
-1536
-1266
-1194
-986
-552
-38
339
732
1185
1552
1480
963
326
-123
-437
-838
-1452
-2056
-2419
-2558
-2563
-2463
-2251
-1997
-1816
-1805
-1798
-1623
-1241
-784
-335
55
463
1036
1663
2278
2772
3052
3064
2823
2446
2007
1606
1145
709
244
-167
-457
-602
-568
-477
-408
-421
-430
-342
-72
376
902
1414
1652
1447
1047
696
544
436
162
-290
-712
-924
-940
-770
-514
-260
-151
-279
-535
-768
-827
-813
-915
-1130
-1384
-1423
-1223
-815
-372
-6
221
299
294
309
398
551
676
672
671
647
821
1032
1167
1282
1191
1078
905
790
707
707
835
990
1218
1391
1575
1986
2607
3374
3984
3964
3364
2492
1668
1024
295
-658
-1646
-2441
-2912
-3194
-3222
-3003
-2546
-2185
-2220
-2515
-2651
-2394
-1979
-1664
-1542
-1361
-927
-319
286
859
1362
1662
1559
1107
486
-19
-387
-811
-1346
-1894
-2291
-2424
-2362
-2207
-2015
-1886
-1846
-1910
-1966
-1873
-1558
-1112
-637
-176
292
880
1615
2314
2870
3140
3092
2827
2432
2005
1573
1136
710
320
-31
-302
-408
-365
-269
-257
-319
-262
-76
288
592
590
401
202
158
236
305
316
297
254
118
-42
-64
91
231
171
-125
-459
-596
-588
-626
-765
-943
-1090
-1174
-1179
-1051
-837
-617
-481
-452
-386
-179
138
425
584
582
596
653
784
913
939
1052
1067
1049
1030
965
1061
1091
1044
869
671
810
1060
1386
1542
1630
1882
2282
2864
3389
3574
3292
2573
1686
865
148
-563
-1342
-2080
-2665
-3019
-3206
-3129
-2777
-2334
-2154
-2341
-2620
-2632
-2320
-1908
-1614
-1387
-1059
-594
-82
418
946
1376
1523
1265
657
59
-341
-680
-1045
-1525
-1964
-2195
-2260
-2186
-2022
-1782
-1602
-1584
-1662
-1713
-1515
-1121
-609
-135
318
820
1382
1972
2489
2849
2965
2810
2445
1969
1514
1141
822
501
167
-136
-307
-294
-209
-148
-170
-251
-296
-192
99
528
930
1155
1053
768
545
412
362
186
-169
-526
-770
-833
-729
-514
-304
-206
-293
-481
-615
-655
-612
-674
-868
-1095
-1190
-1051
-717
-305
15
201
265
281
310
397
527
612
626
546
507
619
816
1078
1201
1212
1188
1089
1022
908
810
802
876
1038
1239
1430
1661
2083
2642
3270
3752
3763
3232
2357
1485
764
28
-855
-1750
-2430
-2832
-3029
-3089
-2956
-2614
-2311
-2349
-2633
-2842
-2716
-2347
-2040
-1863
-1591
-1098
-460
171
726
1219
1549
1543
1108
496
-37
-409
-791
-1259
-1700
-2013
-2097
-2045
-1937
-1787
-1650
-1607
-1681
-1787
-1757
-1505
-1079
-577
-97
389
962
1594
2203
2644
2864
2861
2648
2287
1820
1387
1042
747
508
241
20
-58
-34
8
-37
-159
-306
-353
-189
95
465
852
982
823
566
386
384
300
50
-317
-661
-833
-865
-710
-492
-261
-151
-234
-368
-449
-427
-439
-598
-838
-1044
-1070
-881
-548
-202
78
240
324
383
435
529
545
477
418
335
459
629
883
1092
1153
1239
1218
1236
1182
1048
857
752
826
1002
1254
1474
1723
2099
2556
3103
3529
3573
3087
2239
1326
530
-196
-988
-1740
-2348
-2743
-2974
-3081
-3004
-2704
-2429
-2437
-2701
-2964
-2894
-2552
-2206
-1910
-1571
-1040
-414
194
739
1204
1551
1551
1181
568
3
-393
-743
-1120
-1500
-1779
-1882
-1879
-1841
-1720
-1601
-1550
-1591
-1706
-1708
-1489
-1074
-591
-82
406
943
1533
2057
2458
2694
2699
2504
2174
1750
1400
1107
848
615
370
189
83
40
29
-26
-152
-318
-301
19
501
839
779
459
202
126
150
89
-73
-250
-475
-669
-746
-554
-189
90
84
-161
-359
-384
-308
-321
-458
-650
-829
-890
-818
-558
-199
77
139
35
-14
85
277
404
367
289
288
404
572
829
1051
1274
1373
1232
1112
1056
1145
1132
948
686
648
956
1352
1651
1805
2043
2398
2840
3199
3252
2961
2320
1436
532
-260
-930
-1539
-2087
-2585
-2959
-3205
-3211
-2995
-2698
-2568
-2666
-2870
-2888
-2611
-2206
-1790
-1388
-940
-459
5
429
885
1277
1419
1197
715
167
-197
-460
-734
-1066
-1374
-1569
-1735
-1827
-1771
-1611
-1483
-1487
-1614
-1662
-1492
-1090
-597
-101
372
833
1286
1742
2158
2467
2594
2518
2226
1839
1475
1211
997
788
543
274
100
-26
-51
-89
-145
-203
-160
-32
166
359
430
442
303
108
-40
-127
-210
-354
-540
-634
-625
-506
-309
-142
-4
37
-3
-114
-213
-275
-346
-437
-577
-683
-666
-517
-286
-97
39
104
98
60
47
115
226
383
433
436
585
802
1073
1271
1366
1402
1366
1301
1177
1042
913
785
756
924
1196
1481
1670
1859
2177
2635
3098
3242
2950
2320
1493
713
-16
-693
-1348
-1975
-2512
-2926
-3141
-3155
-2938
-2672
-2526
-2622
-2809
-2837
-2600
-2250
-1858
-1521
-1139
-671
-158
361
822
1195
1341
1196
785
316
-60
-352
-658
-1000
-1353
-1584
-1717
-1764
-1724
-1638
-1573
-1582
-1636
-1679
-1516
-1176
-740
-292
150
618
1114
1616
2037
2341
2466
2419
2207
1884
1563
1260
1030
790
544
326
167
97
68
14
-54
-60
-1
86
205
315
313
215
60
-53
-103
-139
-233
-362
-481
-525
-487
-326
-130
58
155
152
108
46
37
-14
-124
-291
-454
-570
-590
-480
-308
-154
-76
-84
-68
-33
69
174
229
264
304
429
588
812
1005
1218
1299
1251
1220
1126
1134
1051
884
762
637
819
1148
1496
1762
1889
2153
2501
2954
3120
2808
2178
1321
574
-146
-862
-1512
-2069
-2455
-2839
-3124
-3176
-2956
-2612
-2480
-2612
-2826
-2836
-2586
-2262
-1932
-1570
-1125
-626
-157
290
776
1197
1410
1254
821
343
-46
-343
-653
-965
-1275
-1480
-1595
-1654
-1581
-1452
-1341
-1339
-1421
-1456
-1352
-1041
-630
-196
232
650
1131
1588
2009
2294
2414
2358
2140
1805
1466
1190
987
781
558
341
168
78
24
38
141
349
471
268
-124
-391
-444
-332
-393
-518
-542
-440
-297
-233
-120
103
338
364
191
68
111
220
178
5
-156
-226
-237
-257
-254
-240
-209
-253
-337
-393
-298
-137
-73
-68
-68
44
229
386
477
547
715
814
945
1025
1077
1218
1236
1158
1052
964
933
885
749
742
909
1155
1385
1531
1685
2012
2409
2657
2608
2263
1648
975
228
-479
-1078
-1677
-2185
-2617
-2893
-2992
-2922
-2734
-2547
-2488
-2555
-2633
-2547
-2313
-2011
-1683
-1311
-890
-411
60
536
946
1244
1288
1036
642
237
-102
-407
-725
-1024
-1241
-1363
-1431
-1409
-1327
-1212
-1148
-1207
-1265
-1255
-1104
-806
-439
-52
342
760
1173
1553
1882
2102
2192
2058
1780
1473
1185
954
755
552
371
234
149
112
84
174
408
500
296
-62
-371
-439
-426
-483
-564
-569
-474
-373
-328
-228
25
256
310
190
47
104
200
177
80
-24
-55
-67
-123
-147
-95
-23
-34
-164
-285
-272
-126
-37
-59
-117
-53
148
395
596
601
639
726
826
922
816
904
1013
1020
960
789
827
958
982
893
734
803
1000
1220
1365
1532
1920
2356
2654
2633
2267
1769
1196
681
149
-684
-1583
-2463
-3030
-3342
-3534
-3517
-3325
-3075
-2984
-2997
-2861
-2430
-1821
-1461
-1313
-1132
-757
-169
358
809
1202
1478
1501
1218
873
671
473
85
-515
-1088
-1485
-1677
-1754
-1772
-1709
-1620
-1559
-1519
-1435
-1192
-847
-509
-233
22
356
765
1229
1676
2028
2234
2270
2169
1998
1801
1584
1277
933
545
190
-59
-191
-265
-352
-344
-220
-3
75
-56
-178
-250
-259
-322
-429
-389
-249
-64
-5
33
169
365
507
461
340
258
206
131
-10
-82
-120
-141
-185
-256
-215
-141
-82
-127
-226
-312
-325
-303
-306
-272
-142
49
248
436
600
785
900
944
947
984
1061
1079
1048
976
943
942
911
874
837
769
728
752
855
1073
1281
1545
1857
2110
2161
1918
1459
977
505
-95
-858
-1549
-2016
-2304
-2493
-2588
-2455
-2227
-2065
-2049
-2115
-2056
-1942
-1863
-1841
-1748
-1489
-1160
-785
-441
-4
410
624
627
458
313
115
-166
-515
-852
-1020
-1109
-1112
-1057
-929
-761
-636
-571
-567
-556
-508
-464
-379
-282
-105
161
461
760
1033
1252
1408
1431
1331
1158
961
782
594
396
249
171
169
200
224
255
284
465
677
744
658
488
388
289
127
-76
-217
-320
-433
-532
-578
-478
-286
-154
-80
-40
73
194
248
259
254
233
157
77
7
40
110
132
109
59
32
11
-33
-94
-86
-8
94
158
205
337
455
517
538
576
645
729
721
662
659
690
780
827
861
894
841
753
686
808
1069
1411
1758
2025
2186
2071
1763
1341
867
337
-398
-1170
-1820
-2225
-2419
-2476
-2422
-2276
-2048
-1884
-1781
-1660
-1561
-1470
-1478
-1517
-1454
-1275
-946
-564
-206
90
332
435
418
277
100
-117
-413
-732
-1037
-1161
-1139
-1036
-915
-822
-679
-580
-510
-492
-523
-483
-458
-410
-340
-185
115
466
791
995
1113
1184
1172
1126
949
764
575
384
258
116
124
223
298
348
495
810
1106
1117
798
401
107
-116
-340
-536
-609
-574
-560
-537
-395
-68
250
351
249
148
130
174
182
129
94
90
112
110
220
405
542
513
297
58
-92
-134
-153
-150
-55
111
287
410
479
573
614
589
489
403
435
496
561
626
690
761
818
836
858
845
749
591
379
363
588
1046
1532
1746
1784
1647
1459
1195
732
124
-518
-1119
-1652
-2028
-2174
-2091
-1880
-1683
-1598
-1505
-1350
-1201
-1155
-1223
-1316
-1347
-1320
-1160
-899
-563
-215
42
164
183
166
90
-99
-356
-658
-916
-1076
-1120
-1075
-961
-805
-658
-533
-472
-433
-369
-350
-405
-431
-439
-311
-118
116
363
540
745
882
940
925
839
748
605
478
386
305
293
324
474
647
702
656
499
292
82
-156
-349
-501
-558
-519
-461
-320
-106
133
325
458
489
466
436
346
290
212
154
179
192
273
363
427
461
394
295
162
58
-10
-31
16
102
199
284
372
452
489
505
530
579
583
477
444
462
553
646
655
717
751
746
669
513
441
336
222
133
385
948
1376
1475
1288
1216
1196
945
411
-160
-588
-978
-1472
-1859
-1884
-1596
-1365
-1332
-1334
-1169
-950
-917
-995
-1093
-1103
-1154
-1201
-1138
-867
-515
-258
-147
-100
-18
20
-96
-334
-599
-792
-915
-1006
-973
-867
-709
-595
-525
-422
-325
-258
-265
-299
-349
-313
-231
-120
78
265
407
542
653
782
808
729
598
395
238
93
-2
37
124
204
273
259
285
288
219
129
-31
-156
-201
-229
-179
-75
44
177
287
350
429
459
423
355
253
187
135
94
128
147
173
216
226
267
249
214
229
281
370
446
508
589
667
727
750
701
620
538
452
351
296
276
331
406
465
582
660
670
614
473
344
198
40
-60
-118
-47
321
762
1049
1167
1094
1064
971
607
202
-217
-589
-934
-1307
-1452
-1368
-1229
-1094
-994
-887
-766
-765
-861
-897
-971
-998
-1038
-1046
-911
-762
-590
-422
-307
-216
-188
-228
-307
-444
-578
-630
-702
-734
-715
-663
-573
-514
-440
-348
-279
-272
-282
-231
-155
-83
-21
91
218
326
398
420
479
508
484
403
278
225
181
160
189
202
186
127
36
-18
-46
-79
-134
-181
-160
-119
-48
45
169
273
366
430
453
463
417
350
263
167
125
91
41
50
75
136
158
133
122
173
259
328
420
528
623
664
664
644
650
630
588
511
426
376
351
343
351
364
414
417
395
372
377
358
296
223
146
136
103
98
143
229
422
527
578
563
532
489
326
147
-40
-184
-340
-504
-612
-661
-655
-687
-742
-725
-684
-609
-652
-722
-735
-765
-726
-768
-761
-700
-633
-570
-559
-523
-463
-423
-441
-495
-513
-478
-487
-476
-476
-441
-434
-481
-506
-500
-443
-393
-370
-361
-277
-163
-90
-44
40
125
193
210
239
282
305
319
289
307
317
282
207
148
137
118
49
-29
-75
-90
-74
-55
-37
-8
32
68
106
132
197
228
230
224
209
231
235
227
215
202
173
141
89
101
166
237
313
379
473
504
493
457
455
428
379
312
269
273
314
360
410
502
597
677
658
615
577
520
405
255
148
102
81
85
102
189
284
326
302
243
220
245
236
193
147
106
115
81
48
49
29
-17
-131
-237
-307
-402
-505
-594
-627
-632
-626
-630
-614
-582
-559
-511
-518
-527
-548
-545
-511
-544
-553
-546
-518
-495
-489
-440
-387
-351
-359
-354
-362
-377
-424
-465
-463
-454
-425
-383
-308
-236
-172
-113
-71
-40
6
62
85
105
126
99
81
81
95
101
91
86
69
84
94
82
76
39
30
38
22
11
6
36
43
32
39
47
51
62
70
97
131
134
130
146
215
332
433
521
565
568
548
474
398
319
258
214
165
137
159
231
316
396
490
554
590
581
564
525
464
437
388
379
367
384
400
393
398
351
296
237
181
149
90
51
51
54
72
83
74
82
78
49
-9
-83
-155
-210
-246
-284
-322
-322
-295
-261
-255
-260
-265
-288
-354
-449
-510
-533
-540
-564
-567
-528
-469
-432
-406
-387
-370
-374
-388
-422
-426
-420
-431
-435
-421
-363
-304
-278
-263
-239
-218
-226
-289
-332
-340
-309
-294
-279
-230
-169
-101
-64
-41
1
71
117
102
85
83
95
97
79
68
82
81
36
14
6
34
19
0
-15
-14
-9
-20
-7
5
21
29
63
117
219
334
388
407
419
407
369
341
326
323
310
298
295
283
312
341
372
414
416
406
370
330
313
284
241
221
227
288
362
417
476
501
526
528
484
432
374
306
225
151
90
47
26
-2
-10
-17
-19
-16
-23
-32
-43
-52
-76
-76
-70
-73
-80
-102
-104
-113
-170
-202
-224
-246
-282
-337
-368
-386
-406
-406
-414
-407
-392
-361
-356
-360
-356
-335
-320
-331
-327
-335
-315
-304
-283
-274
-254
-227
-212
-194
-203
-215
-235
-244
-245
-266
-287
-322
-324
-307
-276
-238
-205
-151
-134
-104
-73
-39
1
38
53
54
64
79
83
87
88
69
48
13
-15
-22
12
38
49
73
97
135
172
185
191
174
134
66
17
-6
0
20
61
111
167
252
315
368
409
441
425
370
301
244
194
174
153
150
163
187
229
252
296
316
328
301
270
249
229
216
213
227
249
276
296
327
321
309
261
187
109
43
-12
-33
-29
-31
-1
44
61
63
65
41
21
6
-29
-70
-103
-128
-142
-161
-161
-133
-141
-168
-201
-245
-261
-289
-313
-339
-369
-375
-381
-354
-317
-290
-262
-260
-280
-280
-282
-281
-268
-272
-248
-232
-209
-188
-146
-132
-119
-103
-112
-151
-179
-203
-223
-227
-239
-217
-196
-143
-93
-51
-48
-30
-5
6
32
31
49
61
87
124
158
191
205
220
208
195
157
121
74
27
-6
-36
-46
-43
-43
-29
-10
-8
-20
-16
-17
6
16
30
39
67
114
156
184
221
244
248
225
203
174
151
124
94
65
58
63
63
94
114
139
156
183
198
223
227
237
236
215
234
238
254
272
258
262
238
216
202
162
135
97
63
32
16
7
24
22
18
21
11
17
8
-1
-7
-26
-35
-60
-78
-92
-98
-97
-122
-119
-145
-154
-165
-175
-189
-199
-222
-234
-232
-236
-238
-237
-220
-228
-219
-198
-169
-144
-149
-143
-140
-110
-104
-92
-87
-98
-99
-122
-117
-123
-124
-122
-128
-132
-136
-143
-130
-113
-112
-101
-83
-71
-55
-41
-15
13
30
55
70
71
72
58
49
14
-20
-35
-62
-76
-88
-71
-81
-69
-61
-71
-77
-65
-45
-42
-32
-34
-13
23
67
107
129
139
143
152
167
173
160
146
130
111
105
103
109
108
112
123
136
144
152
148
146
143
163
187
200
226
225
232
247
247
234
221
202
186
179
172
160
143
126
109
98
91
85
73
59
25
13
-2
-7
-9
-3
5
-4
4
1
-13
-43
-39
-62
-70
-93
-127
-139
-158
-161
-175
-186
-188
-215
-216
-218
-226
-220
-207
-187
-177
-172
-159
-144
-137
-124
-118
-95
-81
-74
-73
-87
-91
-107
-120
-120
-116
-107
-133
-142
-144
-147
-155
-151
-121
-104
-92
-87
-80
-71
-63
-35
-1
21
30
29
58
71
68
58
46
26
14
-8
-24
-18
-19
-29
-39
-47
-41
-29
-21
-12
-6
-8
1
29
38
60
74
88
115
121
139
131
137
141
149
157
150
167
157
152
137
117
113
112
101
103
116
136
141
138
146
157
167
171
174
174
190
189
178
171
155
148
122
104
92
84
73
49
44
37
29
9
-5
-5
-19
-3
-10
13
25
10
25
4
-18
-35
-46
-72
-91
-109
-128
-148
-173
-172
-182
-185
-196
-193
-181
-179
-180
-164
-162
-127
-118
-123
-121
-111
-99
-104
-115
-129
-120
-113
-111
-108
-102
-105
-100
-106
-97
-108
-112
-111
-112
-109
-101
-92
-90
-83
-63
-42
-32
5
34
56
71
70
70
58
68
67
69
59
42
46
28
31
16
6
-2
-24
-41
-54
-70
-68
-64
-66
-47
-14
2
19
39
68
98
95
112
101
99
115
108
123
116
111
117
117
124
122
121
122
118
115
104
106
116
116
122
122
130
137
156
155
168
164
170
168
153
152
126
112
92
68
62
69
51
24
10
-2
-18
-20
-33
-21
-17
-26
-11
-15
-5
-10
-2
-19
-41
-49
-76
-85
-105
-112
-137
-154
-156
-165
-174
-174
-173
-175
-163
-159
-148
-128
-117
-100
-88
-82
-70
-66
-54
-37
-38
-55
-78
-87
-103
-120
-120
-118
-114
-132
-141
-143
-142
-127
-134
-131
-129
-117
-93
-80
-46
-32
-22
-1
18
35
45
52
60
78
69
60
49
54
54
48
34
27
14
7
4
-7
-21
-24
-36
-30
-25
-16
-4
15
37
50
77
91
118
123
113
121
117
117
115
115
122
134
131
135
122
119
123
115
110
94
97
99
92
97
100
111
114
126
138
144
153
151
152
142
133
122
98
76
54
52
33
16
17
15
2
-14
-23
-16
-5
-5
-2
5
3
-7
-5
-22
-27
-46
-73
-86
-106
-122
-130
-146
-158
-152
-165
-155
-149
-148
-137
-132
-120
-113
-107
-100
-83
-93
-87
-97
-109
-96
-114
-101
-108
-94
-97
-110
-94
-97
-99
-111
-127
-136
-140
-131
-121
-118
-112
-97
-72
-56
-47
-39
-32
-10
3
14
19
33
58
66
77
78
82
76
76
80
67
68
57
47
39
40
26
21
18
3
4
-10
2
17
24
43
70
89
97
105
113
126
126
131
134
125
133
118
109
99
73
65
47
42
59
64
83
78
79
94
97
110
103
112
114
126
130
137
137
138
128
111
105
99
93
73
55
30
13
-11
-28
-28
-29
-21
-37
-40
-54
-55
-55
-64
-64
-61
-47
-59
-54
-57
-70
-91
-103
-104
-113
-123
-141
-149
-155
-157
-140
-145
-133
-134
-132
-126
-116
-109
-102
-98
-98
-87
-94
-80
-64
-48
-33
-35
-36
-27
-34
-32
-31
-47
-54
-66
-61
-65
-64
-50
-65
-68
-67
-60
-60
-47
-33
-7
9
23
24
37
48
44
41
32
40
34
42
47
55
49
47
45
31
37
30
25
18
17
18
8
23
23
25
35
33
47
71
86
94
94
98
102
114
112
105
102
100
83
66
66
47
43
39
38
46
49
59
45
61
72
77
96
90
86
82
84
83
89
75
74
55
44
42
33
34
25
15
10
10
12
9
-5
12
9
2
5
-17
-22
-23
-29
-28
-40
-43
-45
-52
-62
-75
-80
-102
-107
-108
-118
-129
-125
-121
-103
-100
-93
-96
-103
-101
-93
-95
-80
-85
-84
-74
-79
-69
-64
-66
-63
-58
-49
-54
-47
-51
-50
-44
-54
-65
-67
-77
-69
-71
-65
-40
-44
-24
-8
-4
3
21
30
45
37
46
37
41
50
35
47
40
43
41
50
58
55
62
63
63
50
37
36
32
42
42
42
48
48
53
56
55
51
59
51
48
35
47
40
42
43
28
29
22
18
16
16
6
12
9
15
34
45
60
63
64
82
83
92
91
80
70
60
64
51
45
27
22
19
11
-1
-9
-7
3
-1
-6
-3
-4
7
9
8
13
4
5
12
10
4
-7
-2
-21
-31
-44
-62
-66
-82
-86
-100
-103
-96
-100
-96
-100
-96
-89
-95
-83
-79
-79
-76
-74
-62
-61
-47
-31
-24
-24
-19
-15
-15
-13
-31
-39
-45
-43
-57
-57
-63
-67
-64
-59
-47
-38
-48
-44
-20
-11
7
5
31
41
62
71
61
67
47
50
39
40
51
38
46
56
47
62
52
45
54
46
32
14
17
24
33
37
36
41
47
52
58
54
64
52
54
55
51
50
36
38
33
28
18
15
12
13
20
13
-3
6
-4
5
13
25
35
37
40
41
36
33
21
11
17
13
16
14
-5
-10
-17
-36
-34
-29
-21
-9
-8
6
6
12
12
15
14
7
17
17
15
8
-7
-12
-10
-24
-33
-39
-36
-50
-52
-58
-62
-78
-90
-88
-93
-82
-88
-75
-74
-64
-53
-40
-30
-25
-31
-29
-22
-22
-29
-42
-63
-66
-74
-82
-84
-86
-71
-75
-61
-66
-42
-49
-51
-35
-34
-32
-20
-4
1
7
11
22
17
35
23
14
26
22
33
40
46
50
46
51
44
40
34
21
18
30
49
44
48
60
44
53
46
54
69
78
85
74
76
58
64
72
83
91
95
81
75
74
58
50
43
36
26
27
19
16
25
32
26
24
19
21
27
30
31
13
15
17
16
8
4
4
-14
-19
-14
-12
-8
-7
-11
-19
-25
-28
-13
-7
-6
-6
-13
-6
-9
-22
-26
-26
-31
-41
-46
-45
-46
-51
-64
-68
-81
-80
-72
-80
-75
-84
-76
-80
-74
-57
-46
-34
-41
-43
-52
-54
-59
-59
-64
-72
-72
-77
-73
-66
-48
-55
-45
-60
-61
-59
-65
-46
-41
-25
-17
-1
0
1
9
21
29
30
34
33
36
40
36
34
35
31
38
36
54
63
71
81
88
99
94
88
89
82
87
72
78
76
74
79
69
75
78
83
72
78
59
56
50
52
61
50
43
41
44
39
23
24
20
7
8
10
14
11
16
16
-2
7
-5
-7
-13
-30
-34
-34
-34
-39
-45
-39
-42
-39
-27
-29
-31
-32
-37
-45
-37
-35
-34
-22
-15
-13
-7
-10
11
7
11
18
3
1
-7
-13
-9
-14
-19
-27
-25
-23
-22
-27
-31
-33
-42
-31
-46
-31
-23
-16
-2
-6
10
-15
-25
-33
-39
-58
-72
-84
-89
-89
-99
-87
-78
-72
-72
-74
-73
-72
-71
-60
-60
-57
-41
-37
-32
-18
1
1
2
-10
-21
-19
-19
-23
-24
-13
-4
4
14
22
22
23
16
21
27
37
57
55
61
66
69
79
89
102
96
98
94
90
90
81
83
83
83
83
82
79
85
81
87
91
83
74
62
58
50
40
32
23
15
22
34
31
40
25
36
33
21
15
14
5
-12
-21
-38
-34
-36
-42
-48
-43
-60
-68
-74
-77
-70
-65
-52
-51
-40
-48
-25
-14
-1
4
2
-4
-8
1
-4
-2
-11
-6
-7
3
3
-9
-3
-3
-15
-22
-24
-39
-36
-17
-16
-10
-17
-10
-16
-24
-20
-27
-31
-43
-46
-56
-72
-78
-83
-78
-78
-72
-85
-78
-71
-69
-61
-62
-53
-61
-56
-62
-58
-57
-57
-59
-55
-59
-54
-46
-42
-38
-33
-24
-14
-9
5
15
30
40
39
43
54
66
69
74
77
73
72
91
94
101
97
91
93
99
106
99
113
110
122
126
121
121
111
104
91
92
80
71
72
54
55
41
43
42
37
30
25
27
13
10
7
13
2
-7
-11
-10
-17
-23
-32
-38
-38
-35
-35
-43
-45
-50
-56
-51
-50
-40
-32
-26
-10
-12
-17
-17
-23
-26
-22
-26
-24
-28
-29
-27
-31
-26
-27
-28
-17
-15
-1
-2
1
5
3
-2
-8
-12
-17
-28
-43
-44
-50
-50
-39
-45
-48
-50
-59
-67
-62
-68
-65
-58
-51
-59
-45
-48
-61
-61
-56
-62
-59
-60
-64
-54
-56
-53
-50
-34
-29
-15
-25
-21
-13
-7
1
-6
-3
-6
-5
5
15
26
34
39
44
36
36
45
55
58
62
68
84
86
93
99
99
103
111
114
113
110
119
112
118
106
91
86
73
64
51
50
41
37
26
24
16
14
11
13
10
-2
3
-1
-11
-19
-20
-30
-26
-45
-50
-50
-52
-46
-49
-43
-56
-50
-53
-53
-56
-50
-52
-45
-36
-44
-32
-39
-29
-27
-29
-29
-22
-27
-20
-24
-26
-28
-26
-22
-14
-11
-7
2
-1
1
8
11
8
9
5
8
8
4
4
-4
0
-7
-12
-21
-28
-23
-15
-8
-8
-5
-3
-4
-8
-10
-20
-17
-27
-32
-35
-42
-41
-51
-51
-51
-57
-55
-47
-37
-36
-35
-30
-32
-33
-41
-39
-32
-34
-29
-17
-1
-1
7
16
22
23
24
35
46
53
54
58
51
59
63
73
90
99
99
99
103
105
102
107
105
99
82
77
69
71
74
62
50
42
35
23
17
11
-6
4
2
1
-5
-11
-6
-9
-23
-27
-20
-24
-25
-25
-19
-16
-22
-25
-24
-28
-29
-35
-41
-34
-41
-42
-47
-48
-44
-36
-24
-14
-13
-7
-17
-13
-7
-14
-8
-13
-10
-8
-4
-2
-3
4
3
0
0
-4
-7
-7
-11
-11
-16
-24
-40
-47
-44
-32
-41
-45
-40
-42
-33
-33
-35
-31
-26
-19
-13
-21
-17
-21
-21
-26
-31
-27
-25
-22
-25
-37
-40
-42
-37
-21
-19
-18
-20
-24
-20
-20
-18
-26
-15
-19
-21
-12
-8
5
12
25
33
47
42
43
34
43
47
54
48
62
68
74
78
70
88
79
96
91
96
94
87
89
92
102
101
110
100
97
91
78
65
55
56
39
27
18
14
9
4
-4
-6
-8
-12
-18
-33
-36
-42
-41
-45
-44
-48
-49
-47
-61
-70
-71
-77
-77
-84
-88
-92
-93
-77
-83
-86
-85
-77
-62
-55
-45
-51
-35
-22
-19
-21
-17
-16
-18
-8
-9
3
6
10
9
9
9
4
4
6
5
8
6
4
-3
-12
-16
-22
-22
-22
-17
-21
-19
-21
-17
-14
-17
-14
-7
-11
-2
-9
-12
-1
-11
-7
-18
-23
-17
-24
-20
-27
-29
-20
-20
-13
-11
-9
-4
5
-3
1
7
5
9
10
11
24
26
28
25
30
32
33
32
28
40
35
33
35
45
60
64
63
71
77
76
85
89
92
89
84
84
70
73
74
71
71
64
64
60
48
47
38
34
28
33
35
30
36
32
29
29
26
13
-3
-21
-29
-30
-27
-33
-34
-39
-51
-54
-66
-68
-67
-78
-78
-75
-68
-68
-73
-74
-73
-71
-62
-53
-62
-61
-65
-62
-64
-56
-51
-44
-43
-51
-51
-53
-51
-51
-40
-45
-53
-56
-52
-52
-42
-41
-35
-22
-25
-24
-25
-20
-14
-10
-13
-16
-11
-9
-13
-13
-9
-13
-15
-20
-14
-11
-11
-11
-21
-3
10
16
25
32
33
32
33
40
37
40
48
49
45
52
49
46
50
41
43
49
60
56
59
59
57
54
52
57
64
66
76
71
68
67
79
80
77
75
70
73
69
68
60
57
44
48
49
39
32
32
22
25
18
14
8
6
11
-3
-2
-6
-3
-12
-16
-23
-32
-29
-20
-17
-19
-30
-24
-25
-23
-26
-34
-37
-44
-42
-49
-55
-60
-55
-64
-65
-68
-64
-70
-72
-66
-75
-70
-77
-73
-65
-57
-42
-40
-27
-22
-24
-30
-25
-32
-31
-36
-33
-26
-36
-34
-35
-33
-30
-21
-16
-16
-17
-26
-34
-26
-24
-23
-15
-12
-18
-17
-21
-20
-19
-13
-11
-17
-8
-9
-15
-18
-17
-13
1
-3
0
0
-1
6
0
8
19
27
32
42
47
43
41
41
44
42
44
49
48
46
44
51
57
55
54
49
59
55
58
62
75
92
91
91
90
91
88
82
89
86
81
76
72
67
58
46
40
35
28
22
18
18
13
7
0
1
-2
-10
-17
-12
-13
-16
-22
-27
-30
-28
-33
-38
-30
-26
-37
-42
-52
-52
-53
-57
-63
-69
-65
-76
-73
-68
-74
-72
-69
-70
-72
-73
-65
-65
-70
-58
-51
-45
-38
-34
-26
-23
-26
-34
-39
-41
-42
-39
-40
-41
-39
-41
-42
-26
-28
-23
-13
-21
-19
-18
-17
-16
-16
-13
-12
-12
-6
1
7
10
12
9
3
1
5
1
5
5
0
1
2
11
9
9
17
25
27
26
33
37
43
43
50
57
50
51
50
47
52
46
48
47
51
49
51
50
54
59
64
75
72
75
69
67
67
61
63
70
59
61
61
56
53
45
50
34
40
39
34
30
18
17
11
3
-2
-4
-11
-14
-17
-11
-12
-27
-33
-28
-26
-24
-24
-22
-12
-15
-9
-18
-26
-31
-28
-28
-32
-43
-48
-51
-64
-58
-64
-59
-75
-76
-69
-64
-67
-61
-50
-47
-44
-48
-37
-36
-30
-32
-35
-29
-36
-26
-41
-53
-54
-53
-55
-49
-44
-42
-45
-48
-43
-42
-34
-26
-26
-18
-10
2
3
8
15
6
19
19
18
20
18
17
15
21
17
12
7
16
17
22
26
16
13
10
18
18
22
30
37
40
42
42
41
39
45
47
44
42
39
47
39
42
40
36
45
37
42
36
40
42
49
49
54
54
53
55
37
49
52
50
55
49
43
34
38
38
26
26
23
20
21
10
9
9
1
-2
2
-6
-6
-9
-12
-14
-23
-26
-21
-22
-26
-27
-30
-33
-38
-42
-49
-48
-51
-50
-50
-44
-48
-47
-54
-53
-53
-65
-61
-62
-68
-59
-62
-59
-48
-44
-37
-38
-38
-40
-29
-25
-28
-26
-33
-25
-29
-39
-41
-56
-51
-43
-43
-35
-28
-26
-18
-19
-24
-16
-17
-9
-15
-5
1
-2
3
4
6
17
24
20
24
20
19
23
19
18
17
11
16
13
20
20
19
20
14
25
28
33
32
38
35
43
38
55
57
49
50
46
50
40
44
44
47
43
44
51
49
48
47
58
58
61
64
67
63
58
56
53
47
42
36
21
17
16
13
11
12
9
9
16
10
5
-3
-2
-7
-18
-11
-10
-14
-19
-22
-20
-17
-24
-21
-31
-37
-35
-38
-34
-47
-42
-44
-40
-54
-61
-52
-58
-53
-58
-54
-53
-51
-59
-60
-55
-52
-55
-53
-57
-50
-41
-45
-46
-49
-40
-40
-34
-34
-33
-24
-26
-31
-31
-22
-20
-18
-17
-21
-22
-23
-17
-15
-11
-14
-7
-5
1
4
13
24
30
39
40
29
30
22
21
25
18
19
13
23
20
18
15
23
27
28
32
34
37
45
55
55
57
61
62
59
58
56
61
60
55
50
47
47
35
29
26
18
28
22
23
17
26
32
39
38
41
37
35
40
36
38
37
28
23
19
20
16
16
20
16
21
4
-3
-3
-6
-7
-7
-5
-7
-4
-15
-7
-13
-14
-10
-15
-19
-23
-27
-33
-31
-33
-35
-42
-41
-44
-54
-52
-57
-54
-54
-53
-56
-65
-57
-62
-62
-58
-58
-44
-50
-59
-56
-58
-56
-60
-59
-51
-50
-49
-50
-49
-46
-49
-45
-46
-40
-39
-36
-35
-44
-33
-22
-26
-28
-29
-19
-14
-5
-3
-3
5
6
16
10
17
19
27
34
35
41
37
32
23
32
34
36
37
31
43
40
42
47
45
43
42
46
51
59
55
60
60
61
65
58
64
59
53
52
50
44
40
36
42
38
38
42
36
37
33
29
28
37
37
46
45
38
34
31
33
22
20
9
16
12
14
9
-2
2
-9
-19
-24
-18
-30
-31
-31
-36
-30
-37
-25
-19
-19
-27
-33
-33
-42
-41
-43
-47
-51
-49
-57
-51
-61
-64
-57
-55
-58
-64
-67
-60
-51
-50
-49
-52
-46
-51
-47
-45
-47
-33
-40
-35
-36
-35
-37
-29
-28
-24
-18
-20
-17
-16
-8
-3
1
0
-7
-13
-13
-9
-11
-8
-12
-8
6
11
15
15
21
27
28
33
38
42
50
47
43
41
45
42
49
38
42
39
37
38
34
30
35
39
43
38
44
54
48
48
45
51
48
43
44
44
46
41
38
32
24
33
26
31
30
27
28
25
23
18
23
20
19
21
15
8
6
5
12
11
14
13
2
5
4
-7
-2
-1
-12
-13
-19
-19
-25
-24
-27
-25
-18
-24
-19
-25
-22
-22
-32
-21
-24
-22
-25
-34
-26
-37
-36
-35
-31
-42
-45
-50
-49
-47
-54
-44
-46
-55
-56
-50
-46
-45
-52
-58
-53
-46
-46
-43
-40
-34
-31
-31
-29
-24
-12
-16
-15
-15
-6
-5
-5
-3
-5
6
5
11
2
9
9
11
19
17
21
17
26
18
21
25
23
27
27
26
22
23
21
19
24
31
26
30
27
26
30
35
28
23
17
28
30
25
26
24
27
29
27
30
40
39
36
34
32
27
27
21
21
22
24
24
24
21
23
19
25
25
26
19
14
16
19
19
19
24
17
18
13
8
8
1
-10
-8
-10
-15
-8
-12
-2
-7
-15
-19
-17
-14
-21
-21
-23
-26
-30
-28
-30
-22
-28
-30
-33
-30
-28
-33
-34
-37
-33
-37
-37
-45
-48
-48
-51
-40
-47
-41
-45
-55
-49
-58
-49
-43
-43
-41
-48
-45
-44
-39
-32
-36
-32
-29
-36
-34
-37
-39
-30
-28
-28
-23
-13
-8
-8
3
10
14
15
18
23
24
25
25
24
22
27
27
32
39
40
45
43
37
44
43
55
55
57
57
56
63
49
50
51
56
52
57
53
52
53
48
47
46
48
40
43
41
38
31
34
39
32
24
20
15
8
3
13
13
13
10
3
3
1
0
-6
-3
-5
-7
-12
-12
-7
-5
-9
-7
1
-4
-12
-22
-21
-14
-14
-17
-24
-25
-27
-32
-32
-29
-23
-29
-19
-19
-19
-18
-12
-2
-8
-12
-17
-17
-28
-28
-36
-34
-37
-31
-35
-42
-42
-48
-44
-36
-37
-32
-26
-21
-28
-27
-24
-24
-20
-29
-27
-26
-27
-21
-20
-18
-22
-13
-14
-21
-13
-12
-17
-14
-12
-13
0
5
5
6
13
10
14
25
28
33
39
36
33
38
43
40
40
41
39
28
27
29
29
26
26
25
25
23
26
26
32
42
41
34
34
36
34
31
26
24
22
23
23
19
11
11
8
16
18
22
20
23
23
12
7
2
3
-8
-12
-11
-9
-16
-6
-8
-6
-1
-4
-3
-11
-17
-17
-15
-22
-26
-29
-32
-38
-43
-38
-35
-29
-29
-25
-30
-18
-12
-20
-17
-23
-22
-23
-18
-17
-18
-23
-34
-32
-33
-28
-24
-24
-18
-18
-13
-14
-3
-4
-15
-10
-12
-13
-20
-19
-11
-24
-19
-18
-22
-19
-17
-19
-21
-17
-10
-10
-11
-9
-9
-13
-16
-4
-2
5
4
7
15
11
12
13
8
13
11
10
16
15
8
2
3
7
7
14
12
18
22
26
27
27
27
31
26
22
24
23
25
26
23
24
32
31
33
33
34
33
26
26
26
20
27
29
31
32
25
21
23
15
13
6
8
5
1
4
2
13
13
14
19
12
12
24
11
10
7
9
11
11
11
1
-2
-10
-12
-16
-5
-7
-8
-11
-3
0
-5
-13
-12
-13
-13
-16
-23
-14
-20
-15
-20
-16
-13
-14
-7
-13
-11
-17
-22
-16
-24
-27
-30
-32
-33
-40
-42
-51
-52
-58
-59
-59
-53
-46
-36
-32
-32
-26
-31
