SAMPLES:	8177
BITSPERSAMPLE:	16
CHANNELS:	1
SAMPLERATE:	16000
NORMALIZED:	FALSE
-7
-14
-23
-27
-24
-20
-28
-17
-11
-9
-5
-11
-3
-6
-4
-10
-9
-7
-3
0
-10
-11
-11
-9
-10
-7
-6
-8
-10
-14
-13
-4
-5
-9
-11
-6
-1
-1
-3
-1
1
-4
0
1
-6
-6
-7
-8
-8
-6
-3
-11
-16
-13
-5
-8
-6
-11
-6
-4
-4
-6
-3
-12
-5
-7
-19
-9
-16
-10
-4
-6
-2
0
-2
-4
2
2
3
-2
-3
11
13
11
20
18
20
22
18
18
27
28
37
37
31
44
37
45
43
48
42
42
43
41
49
40
43
42
42
35
27
19
18
10
-2
-10
-21
-23
-23
-35
-39
-50
-59
-64
-66
-69
-63
-72
-65
-68
-57
-47
-52
-44
-37
-30
-19
-14
-9
6
6
20
20
23
25
33
36
30
16
-5
-17
-30
-45
-55
-66
-79
-88
-93
-101
-107
-97
-102
-90
-86
-81
-65
-55
-41
-39
-41
-37
-32
-13
-4
-5
-3
-5
0
7
16
24
15
19
32
31
36
32
38
40
42
42
39
40
43
48
49
56
65
83
93
114
144
181
223
256
288
326
354
383
402
402
401
376
350
311
246
201
141
71
-5
-83
-150
-205
-257
-303
-343
-362
-367
-380
-374
-370
-350
-331
-320
-312
-302
-274
-254
-220
-191
-160
-118
-80
-41
-1
47
96
135
166
180
190
187
178
148
120
81
28
-21
-72
-118
-170
-195
-216
-230
-230
-206
-178
-132
-78
-19
28
71
127
180
220
256
270
279
272
253
232
190
161
118
72
30
-14
-56
-100
-147
-186
-221
-252
-267
-287
-289
-288
-274
-262
-245
-213
-187
-142
-108
-73
-28
18
69
103
142
171
204
235
256
256
265
269
273
268
253
251
229
214
191
174
146
115
97
85
92
96
123
159
212
301
402
512
607
689
781
836
868
849
792
703
568
393
181
-26
-237
-439
-656
-861
-1027
-1143
-1219
-1273
-1284
-1249
-1173
-1100
-1013
-908
-796
-666
-554
-439
-338
-240
-131
-35
52
127
220
302
362
419
455
498
518
519
491
435
366
281
176
64
-58
-181
-298
-406
-498
-554
-572
-568
-527
-469
-375
-252
-104
42
183
316
449
568
662
740
795
823
804
762
685
605
509
395
266
142
13
-117
-231
-349
-448
-530
-579
-605
-618
-603
-578
-517
-443
-362
-266
-168
-63
41
134
222
305
378
438
483
515
540
567
569
558
543
508
472
416
348
272
183
88
-17
-105
-172
-219
-247
-260
-234
-162
-28
134
328
497
666
824
970
1064
1078
1032
931
797
560
272
-31
-321
-592
-895
-1175
-1387
-1522
-1603
-1633
-1626
-1542
-1399
-1245
-1083
-921
-741
-549
-375
-233
-110
26
154
259
351
439
535
624
697
740
775
800
793
738
650
534
387
225
43
-145
-356
-554
-728
-877
-968
-1024
-1033
-991
-921
-801
-640
-433
-205
10
235
436
627
789
919
1025
1092
1121
1105
1056
971
874
752
608
443
278
125
-30
-187
-331
-465
-576
-657
-721
-738
-720
-658
-578
-479
-375
-259
-123
19
157
285
405
509
585
628
665
692
697
674
626
582
525
462
373
258
148
21
-98
-213
-328
-430
-495
-547
-566
-545
-477
-351
-157
93
332
563
781
995
1171
1281
1298
1241
1150
971
703
384
43
-268
-592
-936
-1250
-1483
-1615
-1695
-1727
-1715
-1619
-1466
-1300
-1135
-955
-743
-538
-367
-227
-93
56
212
330
440
537
652
734
806
850
889
909
878
788
669
522
338
138
-86
-297
-515
-703
-868
-992
-1080
-1121
-1108
-1040
-926
-777
-580
-346
-111
121
338
559
767
941
1069
1148
1200
1198
1144
1049
918
763
599
405
186
-36
-237
-413
-583
-735
-860
-945
-998
-995
-946
-848
-707
-554
-406
-243
-60
123
307
470
589
696
785
838
858
867
857
824
763
687
611
527
428
314
183
55
-76
-214
-348
-468
-564
-621
-630
-631
-595
-483
-297
-60
215
488
737
983
1210
1387
1473
1470
1389
1250
1033
717
346
-9
-345
-711
-1085
-1407
-1621
-1744
-1815
-1845
-1783
-1637
-1451
-1254
-1049
-806
-571
-335
-142
22
167
312
452
560
652
737
820
873
895
894
904
872
790
665
521
351
163
-53
-292
-525
-748
-943
-1105
-1226
-1303
-1335
-1301
-1211
-1074
-893
-661
-377
-103
171
426
664
914
1101
1244
1333
1367
1365
1282
1142
969
790
569
308
29
-230
-458
-662
-840
-977
-1062
-1099
-1067
-1008
-895
-754
-586
-405
-204
-21
166
345
477
609
702
780
820
838
834
823
803
766
699
626
540
463
350
231
100
-41
-173
-310
-446
-552
-644
-697
-706
-689
-614
-461
-233
64
384
673
945
1219
1464
1660
1737
1717
1619
1445
1201
826
409
4
-377
-760
-1170
-1507
-1726
-1855
-1911
-1909
-1855
-1698
-1484
-1273
-1053
-806
-542
-291
-90
100
263
404
534
624
681
745
792
827
838
820
793
732
628
488
339
157
-35
-227
-437
-662
-854
-1020
-1168
-1279
-1331
-1336
-1293
-1207
-1076
-890
-679
-411
-120
150
419
676
932
1132
1289
1386
1439
1449
1388
1259
1079
866
627
345
51
-231
-500
-730
-926
-1070
-1165
-1200
-1169
-1066
-928
-752
-545
-325
-107
86
295
483
625
727
789
827
857
844
820
785
727
657
587
507
428
351
251
133
12
-101
-223
-349
-491
-606
-692
-747
-754
-731
-639
-495
-255
66
400
711
995
1264
1519
1715
1809
1776
1661
1487
1211
844
403
-18
-414
-807
-1214
-1544
-1757
-1864
-1927
-1943
-1854
-1660
-1429
-1203
-949
-671
-386
-127
94
265
429
555
661
731
770
777
799
810
790
750
672
605
503
371
209
21
-167
-373
-585
-770
-951
-1112
-1245
-1334
-1382
-1381
-1329
-1224
-1066
-862
-622
-343
-40
261
539
793
1037
1247
1396
1500
1535
1507
1413
1240
1035
797
517
197
-113
-405
-662
-890
-1067
-1182
-1223
-1208
-1146
-1010
-850
-640
-444
-205
32
227
416
580
699
784
827
853
887
863
835
761
702
627
527
441
342
269
163
53
-78
-207
-331
-472
-569
-669
-751
-781
-784
-710
-604
-459
-251
35
373
731
1064
1331
1589
1807
1957
1974
1854
1687
1458
1129
668
167
-272
-682
-1097
-1515
-1843
-2027
-2107
-2121
-2082
-1936
-1682
-1400
-1112
-807
-482
-147
138
371
555
724
869
962
1003
997
984
949
893
821
702
586
459
312
131
-57
-234
-427
-606
-819
-997
-1165
-1303
-1397
-1453
-1451
-1410
-1288
-1135
-913
-689
-414
-79
246
568
860
1120
1367
1564
1669
1705
1666
1565
1397
1154
846
509
162
-193
-557
-888
-1160
-1371
-1516
-1586
-1570
-1480
-1316
-1087
-832
-547
-242
83
360
592
791
959
1093
1119
1136
1106
1055
975
874
768
635
524
406
278
172
63
-46
-172
-281
-378
-477
-596
-692
-757
-810
-837
-805
-713
-586
-406
-172
126
488
893
1258
1534
1813
2059
2227
2244
2100
1901
1636
1279
773
221
-304
-781
-1234
-1708
-2096
-2331
-2439
-2449
-2400
-2233
-1973
-1635
-1274
-902
-533
-159
199
480
699
875
1027
1123
1184
1154
1108
1062
989
894
755
630
490
326
125
-90
-291
-502
-696
-914
-1135
-1334
-1522
-1627
-1679
-1679
-1638
-1526
-1342
-1094
-797
-486
-108
290
656
994
1318
1591
1805
1928
1980
1945
1826
1629
1336
990
615
203
-235
-645
-1012
-1327
-1562
-1741
-1819
-1782
-1672
-1493
-1250
-955
-627
-285
54
358
629
844
1048
1190
1264
1292
1279
1246
1170
1069
978
850
717
577
424
289
151
-12
-165
-315
-472
-607
-737
-846
-940
-972
-1001
-978
-903
-761
-552
-329
-33
323
745
1173
1531
1824
2080
2321
2442
2410
2229
1966
1652
1203
662
70
-473
-977
-1479
-1960
-2323
-2524
-2618
-2582
-2506
-2299
-1986
-1633
-1237
-844
-450
-68
281
565
779
939
1082
1168
1207
1198
1155
1103
1022
931
821
697
566
388
195
-35
-252
-481
-748
-1001
-1279
-1511
-1721
-1861
-1919
-1936
-1881
-1730
-1493
-1173
-825
-425
12
462
879
1257
1605
1913
2152
2258
2257
2163
1982
1725
1386
968
529
75
-377
-802
-1187
-1483
-1710
-1843
-1898
-1884
-1775
-1575
-1315
-1014
-693
-379
-41
270
534
784
1009
1181
1277
1334
1352
1356
1314
1237
1138
1014
853
690
522
349
159
-59
-256
-454
-648
-827
-950
-1040
-1097
-1138
-1129
-1044
-889
-709
-473
-220
78
455
859
1304
1681
1996
2234
2450
2599
2602
2450
2179
1867
1465
940
328
-285
-834
-1345
-1848
-2295
-2582
-2715
-2735
-2645
-2485
-2232
-1889
-1507
-1108
-714
-333
32
365
614
815
959
1099
1173
1174
1160
1137
1115
1036
930
824
697
533
326
85
-155
-419
-710
-1019
-1316
-1597
-1853
-2032
-2155
-2200
-2150
-2022
-1781
-1450
-1057
-619
-134
366
845
1268
1672
2027
2293
2420
2428
2333
2154
1907
1558
1145
714
251
-209
-646
-1033
-1339
-1597
-1778
-1868
-1889
-1823
-1672
-1466
-1216
-952
-644
-331
-24
273
546
803
1036
1210
1334
1427
1490
1504
1472
1407
1305
1161
962
773
567
328
52
-230
-467
-702
-925
-1094
-1229
-1298
-1346
-1327
-1244
-1088
-856
-604
-319
-4
363
768
1208
1641
1997
2271
2485
2664
2739
2668
2456
2138
1774
1313
739
106
-495
-1032
-1537
-2026
-2436
-2696
-2795
-2791
-2710
-2538
-2282
-1948
-1560
-1174
-789
-413
-42
276
536
752
930
1102
1216
1267
1304
1307
1271
1219
1132
1000
835
635
381
94
-216
-542
-901
-1249
-1576
-1861
-2093
-2266
-2316
-2297
-2188
-1994
-1688
-1292
-857
-392
99
618
1071
1469
1811
2104
2337
2437
2420
2297
2109
1849
1522
1124
693
254
-178
-585
-967
-1298
-1550
-1742
-1863
-1931
-1893
-1774
-1590
-1372
-1113
-792
-451
-87
229
543
847
1113
1342
1517
1649
1720
1722
1705
1606
1455
1266
1028
783
480
179
-109
-386
-636
-886
-1096
-1246
-1341
-1378
-1379
-1319
-1182
-1000
-784
-519
-222
129
467
838
1251
1682
2058
2317
2499
2641
2747
2720
2524
2218
1829
1392
862
260
-343
-914
-1405
-1896
-2316
-2630
-2796
-2810
-2764
-2655
-2456
-2161
-1791
-1402
-1039
-667
-279
89
405
685
916
1107
1258
1360
1397
1400
1374
1326
1234
1076
868
621
334
22
-321
-682
-1043
-1380
-1690
-1952
-2177
-2326
-2361
-2313
-2200
-2007
-1709
-1319
-871
-409
65
557
1015
1429
1774
2073
2305
2414
2428
2369
2226
2024
1728
1366
981
566
140
-287
-680
-1049
-1357
-1623
-1830
-1951
-1981
-1919
-1793
-1614
-1369
-1065
-719
-342
42
401
755
1083
1362
1589
1759
1865
1893
1833
1709
1516
1296
1024
710
388
59
-238
-557
-833
-1057
-1238
-1370
-1426
-1446
-1397
-1309
-1165
-988
-777
-521
-257
76
409
728
1071
1439
1819
2126
2358
2508
2617
2671
2611
2381
2075
1713
1266
754
153
-440
-997
-1488
-1945
-2352
-2662
-2834
-2870
-2836
-2727
-2518
-2214
-1835
-1449
-1066
-639
-227
174
519
800
1053
1252
1421
1500
1512
1506
1432
1317
1143
934
681
421
111
-210
-554
-902
-1218
-1503
-1747
-1962
-2103
-2197
-2187
-2091
-1954
-1714
-1406
-1035
-638
-212
229
672
1087
1449
1764
2021
2218
2327
2350
2306
2182
1971
1702
1355
985
582
164
-283
-694
-1074
-1410
-1700
-1906
-2025
-2060
-2008
-1880
-1685
-1401
-1043
-657
-227
180
574
937
1286
1573
1768
1890
1926
1898
1789
1608
1371
1100
776
442
97
-214
-502
-766
-997
-1190
-1296
-1351
-1361
-1319
-1247
-1137
-965
-784
-582
-344
-81
193
504
780
1050
1376
1719
2054
2300
2455
2566
2611
2611
2475
2203
1867
1472
999
430
-187
-771
-1302
-1791
-2261
-2654
-2903
-3016
-3001
-2922
-2754
-2477
-2104
-1682
-1253
-802
-345
99
502
836
1089
1311
1489
1584
1594
1518
1417
1263
1063
826
557
276
8
-302
-624
-912
-1169
-1393
-1604
-1770
-1891
-1931
-1929
-1869
-1753
-1561
-1304
-1017
-674
-308
55
426
804
1148
1453
1726
1932
2099
2204
2223
2156
2026
1824
1545
1215
841
444
11
-402
-807
-1171
-1471
-1697
-1861
-1943
-1932
-1843
-1646
-1385
-1085
-735
-341
77
474
832
1158
1433
1617
1720
1741
1701
1595
1446
1211
934
655
372
83
-217
-461
-670
-857
-1006
-1115
-1153
-1166
-1144
-1089
-991
-856
-703
-525
-340
-117
125
380
637
877
1145
1407
1681
1933
2178
2341
2396
2419
2398
2305
2078
1737
1329
896
412
-137
-709
-1235
-1688
-2099
-2494
-2790
-2938
-2982
-2897
-2757
-2530
-2204
-1798
-1352
-920
-485
-55
359
687
951
1171
1310
1395
1398
1311
1174
1015
820
595
365
127
-129
-388
-627
-848
-1041
-1189
-1341
-1451
-1540
-1600
-1608
-1580
-1489
-1369
-1212
-1003
-753
-470
-146
183
510
850
1156
1428
1656
1859
2016
2066
2072
1997
1851
1647
1391
1091
759
400
50
-307
-661
-966
-1236
-1432
-1567
-1636
-1617
-1544
-1385
-1166
-901
-597
-261
81
418
723
966
1170
1315
1389
1403
1357
1243
1098
914
687
473
241
8
-182
-379
-565
-700
-801
-863
-897
-900
-866
-792
-686
-558
-406
-233
-54
126
325
527
751
964
1159
1327
1499
1693
1881
2047
2103
2096
2067
1993
1875
1639
1316
934
539
105
-392
-913
-1381
-1779
-2156
-2488
-2752
-2873
-2849
-2746
-2573
-2322
-1985
-1575
-1141
-715
-322
72
425
698
898
1024
1113
1137
1076
962
800
639
454
277
73
-127
-312
-490
-651
-815
-950
-1080
-1178
-1279
-1350
-1411
-1434
-1402
-1343
-1241
-1102
-926
-673
-383
-74
252
593
926
1234
1488
1725
1925
2064
2117
2112
2056
1922
1742
1501
1226
912
564
210
-140
-488
-797
-1072
-1293
-1455
-1555
-1583
-1535
-1403
-1211
-964
-683
-369
-62
239
547
787
977
1138
1234
1255
1257
1188
1067
917
731
520
310
117
-85
-269
-430
-544
-621
-689
-739
-749
-708
-641
-576
-490
-355
-200
-34
116
272
446
622
818
1002
1169
1321
1461
1618
1766
1901
1974
1953
1892
1778
1614
1376
1031
642
226
-201
-688
-1183
-1618
-1981
-2292
-2559
-2749
-2818
-2751
-2604
-2391
-2119
-1776
-1380
-968
-576
-190
150
467
705
837
933
960
949
854
713
545
369
205
31
-160
-332
-498
-655
-803
-920
-1037
-1153
-1229
-1302
-1355
-1369
-1384
-1330
-1243
-1121
-921
-704
-437
-132
192
551
892
1231
1548
1797
2023
2186
2283
2292
2224
2078
1894
1654
1349
1019
673
335
-17
-358
-671
-924
-1137
-1289
-1383
-1430
-1409
-1340
-1202
-1026
-783
-532
-294
-30
220
472
697
875
1007
1103
1158
1159
1105
1002
874
716
541
351
147
-51
-214
-361
-502
-616
-696
-752
-772
-726
-660
-582
-459
-321
-157
31
205
393
576
742
901
1046
1186
1312
1406
1448
1472
1517
1551
1547
1453
1311
1140
949
735
435
100
-260
-602
-956
-1322
-1680
-1953
-2151
-2313
-2414
-2427
-2322
-2139
-1891
-1622
-1313
-976
-641
-299
-30
215
418
573
661
663
619
532
440
310
164
2
-157
-262
-387
-497
-599
-676
-740
-811
-879
-932
-972
-994
-996
-1000
-965
-881
-743
-556
-349
-105
189
475
779
1063
1340
1570
1749
1876
1923
1918
1873
1774
1599
1392
1165
935
702
469
281
82
-109
-271
-425
-546
-640
-720
-791
-845
-874
-867
-840
-761
-665
-539
-395
-212
-14
179
372
523
665
759
822
852
836
784
677
558
404
231
65
-108
-260
-387
-493
-566
-591
-576
-534
-460
-368
-249
-111
27
162
288
432
545
653
722
786
818
817
850
841
827
785
748
755
779
789
756
703
654
590
508
366
182
-25
-238
-466
-725
-977
-1205
-1370
-1527
-1670
-1759
-1752
-1702
-1610
-1480
-1326
-1144
-949
-749
-571
-410
-262
-151
-75
-39
-34
-35
-53
-80
-131
-186
-219
-260
-267
-273
-279
-261
-258
-251
-264
-275
-280
-267
-267
-268
-252
-223
-175
-112
-32
71
180
320
471
611
754
872
987
1058
1107
1144
1156
1136
1089
1018
943
882
813
745
644
567
481
396
315
195
52
-100
-247
-394
-540
-672
-786
-871
-903
-907
-856
-756
-605
-441
-260
-61
134
317
457
571
637
653
643
606
540
426
300
189
97
8
-79
-143
-160
-172
-150
-126
-102
-67
-35
-3
8
13
17
11
11
21
12
35
46
70
115
184
289
379
493
622
758
914
1042
1120
1163
1158
1131
1040
885
676
405
132
-186
-525
-881
-1200
-1480
-1715
-1928
-2084
-2149
-2136
-2073
-1951
-1791
-1610
-1382
-1151
-917
-716
-500
-291
-133
15
127
230
319
403
458
490
527
540
557
547
498
459
393
286
162
3
-136
-256
-390
-504
-586
-636
-647
-622
-539
-428
-282
-102
95
305
525
747
959
1159
1299
1419
1510
1561
1577
1556
1510
1413
1309
1159
995
805
604
379
144
-91
-343
-593
-816
-994
-1158
-1273
-1346
-1349
-1289
-1160
-1006
-794
-552
-281
-12
225
483
659
825
931
986
1012
984
923
809
668
520
366
204
36
-101
-239
-371
-508
-625
-712
-801
-851
-910
-938
-906
-862
-772
-659
-494
-295
-81
142
361
585
801
1014
1196
1339
1423
1478
1500
1509
1491
1432
1310
1132
914
693
447
158
-167
-510
-840
-1158
-1467
-1756
-1988
-2144
-2246
-2295
-2272
-2175
-1992
-1740
-1451
-1160
-836
-515
-228
66
307
526
696
800
856
872
870
842
791
713
606
489
377
241
105
-75
-235
-383
-531
-681
-811
-899
-954
-958
-917
-831
-683
-490
-255
2
266
552
828
1089
1296
1461
1590
1661
1680
1629
1528
1397
1244
1061
845
647
444
275
102
-73
-213
-347
-469
-572
-651
-715
-781
-841
-859
-856
-812
-736
-637
-483
-318
-128
82
291
494
655
793
891
924
909
837
726
570
387
159
-76
-290
-496
-690
-856
-989
-1068
-1097
-1106
-1071
-1006
-912
-786
-622
-465
-274
-52
146
365
560
742
922
1062
1160
1228
1250
1218
1163
1050
909
749
562
380
188
22
-91
-168
-223
-281
-337
-360
-387
-441
-495
-566
-643
-720
-809
-903
-965
-993
-974
-939
-888
-778
-634
-460
-286
-134
7
126
214
263
244
201
133
40
-65
-201
-295
-357
-403
-438
-441
-413
-353
-272
-208
-147
-98
-39
13
65
96
129
182
239
291
354
423
487
552
617
658
675
667
642
590
517
450
363
285
212
167
127
131
141
166
239
289
342
369
399
424
425
395
339
285
212
158
102
40
-14
-52
-91
-119
-133
-159
-175
-176
-206
-226
-263
-289
-329
-354
-399
-419
-436
-475
-476
-478
-445
-410
-371
-321
-262
-194
-110
-31
44
127
188
245
303
333
365
369
338
304
254
198
156
73
-4
-73
-145
-194
-256
-302
-324
-318
-300
-227
-161
-69
36
145
276
414
562
694
777
803
787
752
679
557
399
225
55
-128
-301
-460
-569
-640
-689
-736
-752
-757
-748
-725
-733
-732
-721
-733
-744
-754
-740
-684
-614
-494
-353
-176
36
228
413
571
696
806
845
826
753
658
536
365
193
23
-129
-231
-306
-366
-380
-366
-352
-280
-220
-148
-85
-26
42
91
160
223
294
368
443
529
607
702
772
825
845
844
812
752
692
576
458
316
167
25
-110
-206
-309
-389
-457
-502
-535
-552
-560
-567
-540
-509
-475
-423
-368
-305
-233
-154
-89
-22
47
100
145
175
191
187
174
143
94
52
-9
-75
-136
-185
-232
-297
-362
-420
-466
-495
-521
-535
-519
-481
-406
-336
-263
-159
-24
101
210
310
406
491
559
601
645
682
703
709
701
693
697
722
747
753
738
695
646
584
466
336
173
21
-140
-307
-470
-615
-707
-802
-875
-943
-973
-981
-946
-922
-882
-839
-764
-683
-601
-500
-374
-215
-78
55
177
291
387
438
456
452
401
349
249
153
47
-36
-105
-165
-205
-223
-232
-226
-216
-193
-185
-170
-165
-173
-185
-198
-179
-161
-101
-33
46
156
288
420
548
658
763
831
864
863
820
770
702
608
521
422
340
285
239
201
138
91
29
-39
-127
-238
-342
-459
-542
-630
-691
-709
-707
-655
-579
-483
-364
-237
-122
-21
48
105
144
143
119
85
34
6
-54
-122
-171
-223
-244
-269
-279
-306
-310
-324
-331
-322
-311
-289
-248
-182
-130
-59
23
110
196
272
356
437
502
559
604
650
691
758
814
868
902
941
984
1000
1018
1001
962
874
778
624
434
257
64
-117
-312
-481
-648
-764
-847
-882
-918
-943
-955
-967
-958
-942
-918
-890
-861
-811
-746
-671
-555
-432
-266
-113
9
127
212
265
288
275
242
167
57
-68
-180
-282
-376
-455
-512
-534
-552
-514
-473
-416
-338
-263
-174
-88
-19
54
145
221
318
395
468
562
642
726
802
858
904
913
905
876
821
766
687
593
515
431
334
239
137
38
-51
-144
-244
-339
-423
-470
-514
-557
-559
-548
-518
-468
-407
-338
-255
-186
-121
-76
-43
-16
-12
-8
-24
-42
-83
-99
-110
-144
-157
-171
-194
-199
-206
-214
-218
-220
-243
-246
-234
-222
-191
-168
-113
-57
23
105
190
288
382
463
521
592
642
674
695
693
690
676
697
714
729
750
755
775
788
803
840
850
823
750
634
506
350
185
-1
-186
-365
-550
-736
-881
-987
-1083
-1163
-1236
-1277
-1288
-1300
-1292
-1266
-1221
-1165
-1087
-983
-873
-753
-611
-457
-338
-208
-99
-18
48
84
124
144
152
143
118
115
95
76
72
68
70
59
44
29
14
0
-25
-32
-34
-39
-25
-5
46
119
193
281
372
479
580
676
754
815
866
878
872
842
798
752
657
568
462
359
278
183
88
-6
-92
-176
-241
-313
-351
-387
-411
-424
-445
-433
-426
-384
-354
-321
-286
-260
-221
-188
-147
-111
-70
-31
-1
32
52
63
67
63
53
55
10
-28
-57
-91
-111
-141
-168
-193
-185
-172
-148
-103
-42
32
125
214
317
430
541
646
740
807
859
882
884
873
837
786
721
655
570
498
430
360
289
234
198
160
99
29
-71
-174
-271
-399
-514
-647
-758
-848
-927
-973
-1020
-1043
-1056
-1065
-1062
-1043
-1021
-986
-947
-916
-863
-814
-745
-672
-587
-481
-387
-288
-196
-117
-28
34
74
117
151
162
165
176
183
205
228
249
283
314
317
330
332
338
337
312
301
276
244
216
197
194
202
233
251
277
319
356
410
453
492
518
553
576
575
580
578
562
553
537
521
498
476
439
368
294
205
114
8
-110
-236
-352
-474
-579
-652
-706
-722
-725
-702
-669
-617
-551
-471
-388
-294
-211
-143
-65
14
83
142
192
228
258
280
285
284
289
272
264
239
198
152
126
83
36
-3
-59
-89
-119
-143
-148
-139
-107
-81
-42
3
46
95
161
225
293
348
404
465
515
552
590
615
617
633
626
596
543
452
353
227
78
-82
-253
-400
-550
-692
-831
-964
-1053
-1131
-1199
-1254
-1295
-1309
-1315
-1307
-1273
-1210
-1107
-972
-826
-669
-482
-281
-66
125
284
425
520
585
599
580
546
489
413
340
263
195
137
90
51
12
1
-8
-17
-11
-5
20
44
76
126
182
247
322
399
461
520
573
625
673
693
708
726
734
729
709
689
653
608
571
516
440
343
259
164
58
-50
-164
-259
-355
-447
-532
-578
-589
-569
-534
-480
-416
-341
-256
-183
-108
-39
14
49
70
70
65
60
49
29
9
-22
-58
-89
-115
-152
-197
-234
-267
-301
-343
-367
-383
-383
-350
-323
-283
-221
-156
-93
-28
42
104
176
236
289
330
354
387
417
417
430
438
454
449
439
432
418
415
409
399
367
356
339
332
339
326
287
227
141
66
-34
-137
-247
-361
-459
-567
-673
-770
-851
-910
-950
-984
-1022
-1036
-1037
-1015
-987
-950
-883
-806
-727
-625
-514
-387
-229
-84
60
184
318
439
539
622
679
743
782
782
759
715
638
559
467
363
252
138
46
-37
-99
-162
-188
-190
-190
-152
-116
-47
29
103
177
232
304
367
431
481
541
592
642
691
717
720
733
714
649
597
506
406
293
192
77
-47
-185
-315
-430
-532
-620
-690
-721
-776
-796
-797
-788
-753
-706
-632
-549
-454
-334
-225
-114
-6
81
159
220
268
301
295
290
259
207
167
97
39
-29
-94
-154
-217
-257
-305
-322
-345
-360
-345
-328
-289
-234
-167
-73
31
140
261
390
506
598
676
728
769
772
762
721
660
591
505
418
333
261
175
109
31
-16
-54
-77
-106
-137
-177
-243
-302
-362
-431
-490
-537
-575
-616
-651
-667
-660
-632
-609
-574
-556
-534
-494
-465
-423
-379
-319
-274
-219
-169
-108
-47
17
77
116
170
188
220
248
260
287
302
334
356
370
382
386
398
391
377
358
315
273
210
164
118
86
60
30
23
10
18
41
61
77
101
120
150
164
177
184
187
194
193
198
189
182
154
143
110
80
48
4
-29
-68
-104
-137
-185
-239
-282
-323
-371
-420
-461
-496
-517
-539
-515
-483
-425
-340
-268
-173
-88
-5
73
148
207
249
262
271
266
264
244
208
172
131
97
61
49
19
1
-10
-37
-46
-64
-73
-72
-64
-57
-28
-13
24
62
86
121
141
187
245
289
316
346
373
413
433
430
424
417
414
376
319
265
200
133
46
-36
-81
-122
-135
-150
-158
-144
-129
-122
-136
-154
-180
-215
-263
-316
-371
-417
-472
-506
-539
-539
-526
-512
-489
-461
-403
-360
-309
-248
-181
-116
-41
20
87
154
217
271
302
330
350
343
328
292
252
222
180
143
98
61
12
-27
-52
-79
-109
-139
-157
-183
-189
-195
-188
-172
-148
-121
-93
-70
-39
-10
18
32
49
60
61
71
87
110
126
150
187
195
201
216
225
226
210
196
182
149
119
88
42
-10
-41
-77
-124
-159
-204
-227
-246
-261
-264
-248
-215
-183
-144
-97
-42
4
48
101
131
159
175
185
174
176
182
168
164
151
140
148
138
125
115
105
83
68
57
48
46
32
19
0
-5
-28
-47
-57
-63
-68
-61
-60
-52
-29
0
37
74
104
144
190
222
238
246
269
270
248
232
202
189
167
134
108
88
84
81
89
85
69
37
-19
-94
-165
-235
-314
-380
-436
-476
-498
-505
-501
-477
-436
-400
-364
-334
-296
-278
-237
-203
-156
-120
-87
-56
-33
4
15
31
21
3
-16
-49
-95
-132
-168
-188
-185
-183
-178
-171
-165
-137
-129
-108
-97
-90
-78
-66
-34
-18
17
45
92
137
174
214
238
245
249
248
242
239
241
244
248
270
272
277
279
279
269
256
226
201
177
146
119
99
97
78
73
82
88
99
100
105
94
84
69
66
56
33
36
16
18
-9
-35
-42
-68
-75
-97
-112
-113
-109
-110
-106
-93
-81
-67
-51
-30
-15
3
15
26
32
38
48
58
74
69
67
49
46
35
31
26
16
-7
-11
-9
-13
-8
-11
-15
-18
-16
-32
-43
-59
-56
-57
-57
-48
-37
-16
-3
34
69
98
124
130
170
171
176
197
203
220
235
265
267
269
244
200
143
64
-23
-122
-203
-275
-338
-391
-436
-470
-499
-516
-542
-566
-600
-619
-628
-636
-637
-606
-549
-487
-415
-331
-234
-142
-63
-3
44
74
95
104
125
136
135
145
157
160
160
172
161
144
121
85
62
45
30
32
36
54
87
126
164
201
230
253
280
294
315
331
341
373
399
432
455
476
484
480
456
436
386
329
271
200
141
68
15
-36
-68
-96
-115
-134
-154
-172
-187
-203
-215
-229
-222
-209
-190
-170
-150
-124
-99
-75
-56
-28
-28
-21
-23
-26
-8
7
24
24
32
30
10
5
-27
-44
-68
-102
-120
-136
-162
-174
-182
-199
-198
-200
-187
-173
-162
-140
-112
-67
-32
25
76
123
183
208
239
266
258
239
209
182
153
117
98
74
56
33
18
4
-20
-39
-57
-67
-84
-101
-123
-141
-140
-136
-117
-100
-78
-51
-18
5
23
42
47
49
34
2
-26
-54
-92
-120
-150
-168
-185
-203
-214
-222
-242
-264
-277
-293
-296
-292
-274
-254
-223
-204
-186
-167
-137
-110
-78
-31
10
57
104
147
191
224
260
294
305
313
309
286
262
249
226
214
209
202
194
187
180
174
158
142
119
95
73
44
30
12
2
11
14
27
49
60
77
78
83
85
68
64
54
41
28
11
4
-14
-31
-44
-74
-87
-113
-129
-139
-162
-162
-179
-177
-165
-131
-106
-88
-61
-43
-1
23
60
81
97
108
128
145
157
162
152
148
134
119
102
89
74
76
74
79
76
65
72
61
50
22
-9
-17
-28
-47
-47
-58
-71
-76
-90
-105
-127
-131
-141
-155
-165
-195
-207
-197
-192
-194
-199
-191
-178
-173
-159
-136
-124
-113
-96
-87
-62
-50
-19
10
48
74
91
116
133
146
158
155
150
155
161
162
158
163
158
155
134
123
106
79
53
34
10
2
-17
-36
-68
-91
-92
-101
-86
-84
-72
-58
-19
-11
3
4
-3
-16
-30
-53
-85
-110
-131
-143
-164
-170
-180
-170
-155
-150
-140
-119
-104
-102
-95
-90
-77
-72
-71
-69
-58
-44
-23
-9
14
42
70
107
120
145
158
168
188
196
205
199
193
172
153
137
114
92
78
67
62
62
62
64
59
56
74
75
73
78
73
83
79
77
76
78
85
93
113
119
126
122
115
102
85
47
10
-24
-50
-69
-101
-119
-141
-152
-156
-155
-162
-164
-164
-159
-149
-137
-133
-122
-100
-103
-86
-80
-78
-73
-59
-33
-16
12
9
13
2
-1
-3
7
19
15
20
17
20
14
16
2
-9
-20
-36
-38
-49
-38
-34
-23
-18
4
13
21
31
29
47
62
80
86
79
73
75
58
51
34
20
14
-4
-20
-45
-66
-93
-125
-156
-176
-185
-187
-172
-169
-155
-146
-118
-97
-83
-67
-57
-49
-33
-13
-8
2
20
47
50
62
75
81
97
105
106
110
105
106
95
79
68
60
59
57
65
77
92
104
101
115
126
147
168
191
198
198
191
177
171
163
151
153
143
130
111
87
57
25
6
-10
-32
-47
-66
-72
-84
-114
-133
-144
-167
-180
-203
-207
-190
-187
-172
-154
-138
-123
-102
-94
-79
-71
-71
-69
-86
-75
-83
-85
-83
-89
-62
-52
-15
1
14
15
14
24
33
31
19
14
-5
7
7
11
19
15
19
16
24
15
21
19
24
36
62
78
89
91
86
91
80
65
47
29
23
21
15
0
0
20
13
16
14
12
8
5
8
-5
-18
-39
-49
-62
-54
-54
-68
-69
-64
-53
-53
-64
-78
-84
-83
-83
-81
-59
-37
-13
11
14
36
30
34
42
45
53
57
74
89
95
109
105
97
105
108
121
117
107
105
95
90
89
74
73
70
60
61
54
45
36
43
40
47
52
71
74
68
66
56
51
28
17
-19
-47
-71
-85
-103
-133
-144
-153
-155
-166
-170
-159
-158
-155
-153
-145
-140
-139
-129
-136
-130
-123
-118
-106
-100
-91
-72
-68
-54
-35
-17
-7
-3
6
-7
9
8
10
6
-5
-1
-11
-13
-21
-19
-6
2
2
-1
-9
-14
-11
-17
-10
3
16
47
63
82
96
110
109
122
121
113
113
126
133
121
98
59
44
16
6
1
0
0
6
9
5
5
-7
-26
-29
-37
-56
-56
-45
-39
-27
-5
-1
19
41
55
60
58
64
65
73
82
90
91
97
85
80
67
51
46
26
25
14
4
12
15
5
11
7
-7
-12
-19
-11
-9
6
20
38
58
68
78
82
80
75
65
58
46
22
11
6
-11
-28
-35
-43
-46
-57
-77
-86
-98
-109
-120
-137
-146
-148
-141
-143
-127
-121
-115
-111
-107
-95
-94
-84
-75
-57
-54
-41
-26
-23
-23
-24
-23
-38
-44
-55
-66
-75
-84
-92
-116
-126
-131
-133
-133
-118
-119
-102
-79
-62
-39
-19
12
36
68
100
132
150
155
160
173
171
176
178
178
165
163
161
133
113
89
73
46
17
4
-3
-2
-3
8
6
18
26
36
52
58
72
77
86
110
120
124
122
135
141
143
155
148
139
127
119
102
81
65
42
32
13
-3
-35
-51
-69
-92
-99
-109
-103
-96
-93
-74
-62
-51
-44
-37
-20
-18
-11
-4
2
1
7
5
3
-1
-15
-19
-25
-35
-61
-73
-84
-97
-82
-96
-104
-104
-123
-127
-132
-129
-123
-127
-118
-107
-100
-76
-68
-54
-30
-19
-9
-5
10
27
23
22
22
20
18
11
8
-19
-37
-61
-76
-91
-105
-108
-110
-116
-115
-119
-121
-102
-89
-67
-56
-33
-23
-8
4
25
39
43
49
46
52
58
58
56
61
62
63
64
59
45
43
37
36
28
28
24
26
33
25
29
20
19
13
25
29
28
28
35
45
47
54
58
68
71
73
83
88
97
103
111
130
141
147
154
154
170
182
177
177
173
172
156
134
131
115
102
96
92
81
68
63
42
25
3
-17
-37
-54
-68
-87
-98
-101
-100
-103
-91
-88
-95
-93
-94
-98
-87
-85
-77
-72
-58
-54
-61
-67
-73
-83
-98
-98
-95
-94
-102
-102
-107
-102
-109
-118
-126
-152
-164
-192
-201
-206
-206
-205
-199
-177
-159
-136
-114
-92
-77
-43
-20
-1
12
36
58
71
76
86
99
91
92
83
66
60
40
33
7
2
-14
-32
-36
-43
-32
-34
-24
-20
-20
-17
-13
-3
13
31
51
63
92
94
106
126
139
158
156
163
164
157
142
134
119
102
86
70
60
49
27
11
-4
-17
-30
-44
-50
-39
-39
-28
-14
-1
11
31
55
78
94
116
123
131
126
122
127
131
129
127
128
126
108
91
84
71
59
41
29
16
9
13
0
-8
-16
-12
-19
-24
-39
-56
-57
-60
-43
-36
-24
-26
-16
-16
-16
-24
-30
-35
-42
-45
-54
-57
-71
-80
-103
-122
-127
-147
-156
-172
-180
-180
-188
-191
-193
-181
-180
-167
-151
-137
-128
-115
-98
-86
-74
-54
-44
-22
-15
-9
-3
-4
-1
5
12
7
11
1
-3
3
-4
1
-4
7
7
14
21
26
27
31
27
21
9
9
15
9
17
21
35
52
52
54
64
71
75
67
65
63
52
50
46
46
50
60
62
61
71
63
65
61
54
46
39
40
47
50
54
50
60
61
69
79
75
76
63
62
38
38
28
15
12
-1
-10
-21
-27
-22
-27
-29
-28
-15
-2
8
5
18
35
36
32
17
18
22
26
27
30
31
36
34
31
25
18
15
6
-1
-4
-8
-1
-12
-19
-23
-38
-41
-56
-58
-70
-77
-83
-101
-107
-109
-107
-109
-102
-106
-91
-80
-72
-71
-66
-62
-60
-59
-57
-51
-46
-47
-56
-57
-55
-51
-42
-41
-39
-37
-27
-20
-11
5
17
23
29
30
29
50
46
54
47
40
48
41
47
45
52
49
60
59
53
54
45
46
47
54
53
62
61
63
50
48
58
55
70
63
67
64
72
67
61
57
46
35
35
38
26
17
12
12
-3
-1
-12
-20
-30
-36
-39
-52
-55
-57
-70
-73
-83
-83
-69
-72
-66
-62
-56
-61
-52
-51
-54
-52
-41
-40
-40
-31
-38
-35
-32
-32
-25
-26
-26
-19
-23
-15
-18
-19
-15
-17
-18
-24
-18
-15
-8
1
1
0
12
12
19
20
23
30
26
39
36
42
44
35
45
49
57
56
57
60
54
47
45
52
53
49
47
51
52
61
63
61
56
54
48
43
36
28
20
16
16
12
13
7
12
12
3
0
0
3
0
7
8
-6
1
-2
3
2
-2
-5
-11
-10
-16
-15
-13
-14
-18
-20
-17
-15
-20
-11
-20
-23
-21
-16
-11
-4
-4
4
5
6
2
-6
-3
-3
-8
-6
-17
-23
-24
-32
-36
-39
-45
-47
-38
-49
-40
-37
-35
-27
-36
-27
-28
-35
-42
-43
-31
-40
-52
-53
-53
-56
-67
-76
-78
-85
-90
-87
-94
-103
-107
-108
-112
-107
-110
-114
-113
-109
-95
-96
-84
-75
-60
-42
-20
-1
10
28
42
59
75
88
97
107
110
122
115
114
111
111
112
101
88
90
83
76
68
56
66
61
60
59
49
55
58
65
65
59
56
56
61
64
72
74
85
75
85
84
82
77
67
68
49
53
41
44
43
38
38
35
31
20
17
11
10
12
13
13
11
2
7
5
14
8
2
12
3
8
6
6
1
-10
-19
-24
-32
-42
-43
-35
-54
-53
-62
-77
-77
-80
-76
-70
-67
-64
-60
-46
-45
-43
-40
-39
-29
-27
-34
-36
-39
-43
-46
-48
-65
-75
-71
-74
-68
-79
-80
-88
-90
-87
-98
-98
-98
-87
-85
-87
-83
-80
-70
-63
-53
-50
-42
-24
-28
-20
-20
-24
-17
-15
-10
-16
-17
-16
-17
-15
-11
-18
-16
-13
-9
8
11
18
28
33
45
54
66
77
86
95
101
98
102
106
107
103
99
104
95
103
102
99
88
86
93
97
96
91
90
84
78
65
71
68
64
54
45
46
49
55
51
53
54
62
62
68
65
66
66
55
53
48
47
42
31
23
9
10
2
-5
-7
-15
-9
-12
-3
-8
-11
-13
-14
-25
-27
-21
-20
-16
-23
-19
-22
-21
-27
-31
-42
-45
-57
-67
-70
-70
-75
-82
-90
-98
-108
-114
-115
-121
-118
-120
-114
-121
-122
-110
-111
-103
-94
-85
-84
-74
-69
-71
-45
-53
-50
-55
-56
-51
-56
-57
-58
-63
-66
-61
-61
-61
-56
-56
-56
-45
-45
-33
-31
-29
-17
-20
-7
-9
-1
8
17
12
27
30
42
50
52
64
68
75
73
72
75
82
78
74
69
66
63
64
60
62
59
62
66
57
58
61
58
54
53
59
53
54
52
41
48
51
52
60
70
69
69
69
69
63
61
57
55
52
58
61
60
57
45
45
41
28
30
32
34
24
26
20
28
26
24
28
24
32
21
18
10
17
18
10
6
5
-10
-13
-15
-23
-33
-36
-40
-47
-49
-43
-40
-45
-43
-49
-45
-56
-52
-64
-71
-71
-80
-82
-92
-93
-103
-106
-95
-101
-95
-90
-89
-83
-77
-74
-71
-73
-71
-60
-60
-52
-49
-33
-36
-32
-24
-22
-11
-14
-3
-13
-12
-10
-9
-13
-22
-14
-14
-16
-22
-16
-9
-2
-7
-7
3
-9
-7
-8
-1
4
8
10
14
18
15
20
26
36
37
48
54
45
52
55
60
66
72
73
69
71
69
72
65
58
47
51
40
30
30
27
34
25
28
27
33
30
36
44
45
46
50
57
57
59
60
60
58
50
52
52
51
43
34
35
35
38
43
36
31
25
21
17
9
12
5
1
-4
-9
-14
-21
-23
-27
-29
-31
-34
-31
-35
-33
-38
-37
-42
-46
-49
-52
-47
-53
-56
-56
-50
-55
-48
-42
-46
-47
-52
-49
-49
-56
-54
-47
-47
-38
-39
-34
-31
-28
-21
-19
-24
-15
-15
-18
-21
-28
-36
-39
-39
-40
-40
-44
-50
-48
-50
-57
-48
-44
-45
-37
-38
-32
-23
-28
-19
-15
-1
7
5
17
21
20
26
35
32
39
41
48
52
50
51
44
49
48
45
42
41
33
37
25
14
11
8
17
11
4
9
12
12
20
22
36
39
43
47
49
47
53
50
47
47
44
48
42
41
35
25
21
18
3
-3
-14
-16
-21
-23
-24
-28
-27
-32
-34
-31
-31
-23
-28
-22
-24
-16
-13
-12
-4
1
1
1
-2
-1
3
0
4
-2
1
-3
-3
-4
-16
-25
-28
-33
-29
-32
-32
-25
-25
-22
-18
-19
-14
-8
-8
4
8
13
23
26
36
36
38
36
30
31
23
17
22
19
15
5
-2
-3
-6
-11
-14
-23
-19
-21
-24
-23
-24
-21
-18
-21
-15
-21
-21
-16
-18
-14
-20
-21
-15
-13
-9
-2
-3
0
5
6
16
12
14
11
3
9
10
13
6
9
11
17
16
17
19
21
24
28
33
29
41
43
48
41
40
34
31
27
21
20
9
11
-2
-4
-8
-17
-17
-14
-16
-23
-26
-28
-31
-28
-34
-30
-26
-26
-28
-39
-41
-43
-35
-32
-36
-40
-39
-39
-37
-34
-29
-33
-28
-33
-35
-43
-44
-41
-36
-38
-43
-38
-35
-21
-20
-16
-9
-1
5
8
16
29
39
47
61
58
61
73
73
85
78
76
81
73
72
64
68
66
60
58
53
48
52
49
46
48
43
45
40
32
31
25
24
34
35
30
25
14
16
13
13
11
4
-7
-11
-10
-14
-15
-14
-30
-33
-45
-45
-49
-52
-60
-66
-62
-64
-59
-56
-57
-56
-54
-58
-44
-42
-36
-35
-30
-21
-11
-5
-3
-4
-6
-1
-4
5
-11
-15
-16
-25
-21
-31
-31
-30
-38
-39
-35
-29
-25
-27
-29
-24
-25
-23
-23
-21
-16
-14
-11
-10
-7
-1
-3
-8
-12
-12
-14
-11
-18
-26
-19
-24
-26
-31
-42
-37
-39
-47
-51
-49
-44
-43
-40
-36
-26
-16
-11
-2
6
16
18
31
39
51
56
66
78
79
80
75
86
80
77
81
79
79
76
71
61
61
56
58
59
53
53
44
43
42
40
45
41
41
44
44
46
44
46
37
38
40
42
44
35
31
20
15
7
7
-4
-6
-12
-11
-17
-25
-31
-36
-44
-48
-48
-48
-49
-47
-42
-49
-41
-39
-34
-31
-23
-17
-11
-11
-15
-16
-15
-18
-27
-33
-31
-31
-31
-38
-34
-37
-37
-37
-38
-43
-39
-35
-41
-39
-40
-40
-37
-36
-34
-34
-28
-27
-28
-25
-28
-15
-19
-18
-16
-18
-13
-14
-15
-14
-14
-15
-19
-15
-12
-17
-17
-19
-9
-11
-6
0
-2
10
9
5
12
6
14
19
15
19
23
29
30
29
30
33
27
33
28
35
44
44
41
38
44
42
44
47
50
58
50
50
43
42
39
43
40
37
40
39
42
34
39
35
38
39
38
32
30
29
28
35
27
18
11
8
8
4
0
1
-6
-7
-14
-20
-28
-27
-31
-26
-18
-19
-9
-7
-1
-11
-8
-6
-14
-8
-14
-15
-14
-13
-13
-23
-19
-14
-20
-16
-21
-24
-19
-20
-21
-27
-28
-33
-27
-36
-34
-35
-34
-27
-31
-33
-39
-38
-37
-42
-43
-36
-41
-41
-38
-36
-32
-33
-32
-32
-29
-27
-30
-29
-30
-27
-25
-30
-25
-17
-14
-15
-14
-19
-13
-11
-13
-2
-7
0
-2
-7
0
0
5
1
1
3
5
13
16
20
20
25
25
22
25
30
31
33
33
38
37
47
47
49
51
56
61
53
55
49
45
47
40
39
36
26
27
16
15
7
0
-4
-3
-4
-8
-12
-10
-10
-13
-11
-10
-15
-13
-10
-13
-2
2
6
4
-2
-2
-7
0
-9
-10
-9
-16
-9
-16
-15
-17
-16
-13
-19
-17
-13
-12
-15
-9
-6
-4
-5
-3
7
11
13
20
20
27
30
28
26
23
33
34
38
36
40
40
32
32
30
28
14
13
10
-6
1
-7
-6
-11
-19
-21
-26
-24
-24
-21
-24
-25
-31
-22
-19
-25
-15
-26
-22
-24
-27
-26
-30
-22
-29
-25
-26
-28
-31
-39
-35
-34
-38
-32
-35
-30
-19
-24
-18
-20
-16
-12
-7
3
4
5
5
11
18
17
16
15
26
26
30
19
18
26
25
28
31
28
19
25
19
20
17
17
16
9
4
7
1
7
-1
-3
-7
-7
-6
-3
3
0
7
1
7
2
9
11
9
13
5
16
10
9
1
4
5
4
6
2
6
17
15
14
17
16
9
14
8
7
7
7
5
0
-3
-2
-1
-2
-5
-1
-7
-1
-3
-10
-3
-1
-3
-1
-5
-5
-4
-10
-3
-9
-8
-3
3
6
-1
1
3
7
4
10
2
-2
-11
-8
-4
-8
-3
-7
-1
-2
2
3
-7
-5
-5
-4
-6
-12
-14
-18
-19
-21
-15
-14
-11
-10
-14
-12
-12
-15
-10
-15
-18
-15
-15
-18
-21
-13
-10
-10
-8
-8
-7
-8
-2
-5
0
3
1
7
-1
2
2
-7
-5
-9
-4
-3
0
3
2
-4
-7
-2
-2
4
2
8
1
13
10
6
11
5
11
7
11
7
7
1
-2
-11
-7
-6
-15
-12
-22
-19
-21
-19
-10
-11
-7
-5
-5
-6
-2
1
6
8
11
11
7
11
5
7
11
10
13
9
19
15
14
11
8
12
11
7
5
6
6
-4
0
-4
-2
-7
3
10
9
15
12
14
11
7
8
14
19
21
18
17
14
13
11
16
22
21
14
17
11
9
6
2
7
-1
-3
4
3
1
4
6
12
9
8
8
7
12
13
10
5
8
11
14
9
12
11
10
9
5
8
0
2
3
-2
-6
-12
-18
-16
-16
-11
-21
-23
-14
-19
-13
-15
-12
-14
-15
-12
-20
-18
-19
-25
-25
-30
-21
-21
-19
-15
-15
-19
-13
-11
-15
-8
-7
-4
-11
-13
-18
-17
-21
-20
-18
-18
-19
-23
-17
-17
-15
-8
-7
0
-12
-2
5
1
6
-5
1
-5
-7
-2
-2
-2
5
1
1
7
2
7
4
-2
-4
-3
3
