SAMPLES:	17394
BITSPERSAMPLE:	16
CHANNELS:	1
SAMPLERATE:	16000
NORMALIZED:	FALSE
-4
-11
-10
-5
-5
-6
-9
-11
-10
-9
-11
-9
-6
-6
-7
-6
-4
-6
-5
-6
-7
-6
-7
-5
-1
-2
1
-6
-5
-1
-7
-2
-8
-2
-4
-1
2
3
3
1
1
1
8
8
6
2
9
11
12
12
9
13
6
10
11
12
5
6
6
3
2
0
-1
-2
-2
-1
5
0
1
0
-1
3
0
-2
-3
-3
-2
-3
-5
-5
-3
-4
-2
-2
-2
-1
-2
-2
-2
1
2
5
2
1
1
7
7
3
2
5
7
7
4
4
5
8
4
2
4
3
5
2
1
4
0
1
-2
-8
-5
-5
-4
1
-3
-2
-3
-6
-6
-6
-6
-6
-8
-5
-5
-8
-4
-2
-3
-8
-4
-6
-7
-5
-10
-5
-5
-7
-4
-2
-2
0
0
-1
-5
-2
-4
-2
4
3
4
0
6
5
4
7
1
3
2
1
-2
-1
0
-3
-1
-1
-4
3
-3
-1
2
1
-1
6
0
3
1
1
3
2
2
2
4
0
2
2
0
-4
3
5
3
3
4
7
4
6
8
4
4
5
5
5
7
6
5
6
10
6
8
3
6
5
2
1
1
-4
-8
-5
-1
2
-5
0
-1
-2
1
-4
-6
0
-5
-4
-2
1
3
3
1
-4
-6
-3
2
-3
-1
-1
1
-5
-3
1
1
2
-2
3
3
3
2
6
8
5
6
5
9
8
8
9
6
6
7
4
4
2
-1
3
-3
5
-1
0
5
-1
3
-2
-2
-4
-2
-3
-2
1
-7
-3
-6
-5
-8
-8
-6
-2
-7
-8
-6
-5
-5
-9
-5
-2
-2
-3
-1
1
3
0
3
-1
0
3
-2
3
5
2
-3
0
-2
0
-2
-7
-4
-4
-7
-7
-10
-7
-10
-10
-13
-12
-11
-7
-2
-2
-4
-6
-6
-3
-4
-6
-7
-5
-7
-6
-9
-6
-5
-3
-3
-4
3
-3
-1
-3
-4
2
4
1
4
5
11
9
5
5
3
4
3
3
5
3
0
6
2
11
7
6
7
10
9
6
7
7
6
12
14
12
13
9
12
11
8
7
3
6
3
3
3
1
0
-3
2
-1
-2
-4
-4
-5
-5
-8
-12
-12
-11
-10
-11
-7
-13
-5
-12
-8
-13
-10
-7
-12
-4
-8
-3
-4
1
-1
-2
-1
1
1
1
4
2
2
-3
6
7
7
-2
2
4
2
3
4
-3
2
3
2
6
-1
5
6
5
2
3
2
1
2
3
-1
5
2
1
-1
1
2
1
-3
-7
-5
-3
-3
-4
-7
-5
0
-2
-1
-4
1
-2
2
-2
-2
-2
-3
-1
-4
0
-6
4
-2
2
-1
-4
0
1
3
2
3
1
6
4
6
5
3
3
1
2
2
-4
1
0
3
-1
-1
3
2
-1
2
3
3
2
8
5
3
10
6
5
6
8
10
13
14
12
11
12
9
11
11
11
6
7
2
1
-1
0
2
2
4
-1
1
-2
-4
-8
-5
-10
-10
-10
-10
-11
-9
-12
-10
-9
-13
-5
-3
-4
-6
-9
-3
-9
-8
-4
-6
-4
-6
0
-4
-4
-1
-4
-5
-4
-2
-5
-4
2
1
2
3
5
8
3
3
5
1
4
1
1
7
5
6
5
8
8
8
8
4
7
7
8
5
12
7
2
6
-1
0
0
-3
0
0
0
-3
-2
0
3
-3
1
-4
-3
-5
-9
-10
-9
-5
-8
-7
-7
-6
-1
-4
0
1
0
2
0
-1
1
1
0
1
-1
5
-5
-1
-6
-7
-9
-12
-6
-11
-4
-9
-8
-10
-8
-9
-7
-13
-12
-10
-12
-8
-10
-9
-7
-9
-9
-8
-5
-3
-4
-2
-3
-1
-1
3
-2
0
0
1
6
10
8
5
4
2
2
4
4
7
8
10
7
9
10
9
13
7
9
7
9
8
10
9
10
12
5
10
10
13
9
16
9
1
8
3
4
0
3
5
3
2
-3
-3
-3
-6
-3
-3
-3
-2
0
-5
-4
-6
-7
-1
0
-3
-1
-1
-2
4
-1
1
2
-3
-2
-3
-2
-1
-5
-2
-7
-7
-1
-5
-4
-7
-5
-1
-1
-3
1
-1
1
-2
-5
-3
-6
-5
-5
-4
-6
-5
-7
-4
-6
-9
-9
-5
-2
-7
0
-1
3
6
0
5
3
1
2
6
3
2
2
6
4
3
1
4
1
1
1
2
-1
2
2
5
7
4
10
3
3
7
5
5
6
5
9
5
5
3
3
3
-4
-3
-5
-5
-4
-4
-1
-6
-3
-4
-4
-1
-8
-1
-5
-5
-8
-8
-3
-3
-2
-3
-3
-4
-2
0
-3
-3
-4
-3
-4
-2
-1
6
3
1
0
2
5
3
6
-1
-1
5
-4
3
3
4
1
6
7
0
7
1
3
0
2
-2
-4
-5
-2
5
1
-1
1
-2
-1
-4
2
1
-1
2
0
1
-1
2
2
2
5
6
4
5
8
9
6
7
7
12
6
6
8
4
5
5
4
2
6
5
8
6
3
3
3
0
-1
-1
0
4
-3
0
2
3
3
-1
-1
-3
-4
-3
-6
-3
-3
-8
-2
-2
0
-1
-4
-4
-2
-7
-6
-3
-5
-8
-6
-12
-10
-10
-12
-9
-10
-10
-7
-7
-9
-6
-7
-7
-8
-6
-5
-6
-3
-2
-6
-7
-11
-7
-7
-10
-8
-8
-4
-2
5
1
4
4
0
2
3
8
6
6
4
4
1
0
3
5
7
9
6
9
13
12
9
9
11
11
9
3
4
2
1
4
3
0
1
-1
1
-1
3
1
2
-4
-3
-3
-4
-4
-2
2
0
0
-9
-3
-9
-3
-4
-4
-7
-5
-7
-7
0
-4
-4
1
4
3
0
2
3
3
6
3
3
1
4
4
3
4
2
1
4
4
7
5
6
6
5
6
4
3
3
-1
-3
-3
-7
-6
-9
-9
-2
-2
-4
-6
-6
0
-3
-7
-10
-7
-7
-14
-10
-14
-12
-15
-11
-12
-8
-4
-7
-1
-4
-2
4
1
3
0
-1
5
2
2
1
3
5
3
4
2
7
4
5
7
5
3
-1
1
-2
1
1
-1
3
3
0
-2
-1
-1
-1
2
1
2
5
0
3
5
5
3
6
4
9
5
4
6
3
5
7
7
11
8
9
11
8
4
4
7
6
9
7
4
7
5
3
6
8
9
8
6
1
-3
0
-2
-6
-7
-3
-11
-9
-7
-10
-6
-3
-9
-3
0
3
7
4
4
-6
-1
-2
-5
0
5
8
3
6
8
5
2
3
4
3
5
4
4
7
3
4
5
4
3
2
5
0
5
4
8
6
5
4
-1
1
-3
1
0
-2
-6
-8
-7
-8
-10
-6
-10
-8
-7
-12
-7
-12
-11
-13
-12
-9
-11
-12
-12
-11
-9
-6
-4
-1
-6
-1
1
1
-2
-5
-1
0
0
-2
-4
-2
-4
-2
-2
-3
-7
-8
-9
-7
-5
-8
-7
4
15
20
22
16
16
1
-5
6
10
9
10
10
-1
-6
-1
-2
6
3
6
-3
-5
-4
-3
2
-5
-2
-9
-9
-6
-11
-6
-4
0
0
-3
-6
2
2
2
1
1
-3
-4
-1
-2
-1
0
0
-1
1
3
9
9
3
0
1
-4
5
4
2
1
0
11
7
8
5
10
7
7
8
7
9
8
8
-1
4
1
4
3
-1
-1
-3
-3
-9
-3
-5
-1
0
-3
1
-1
-6
-6
-10
-6
-7
-3
-7
-13
-12
-11
-7
-1
-8
-7
-9
-9
-5
-8
-4
-2
6
-1
1
-3
0
-3
-2
1
-1
-1
-7
-4
-3
-4
-6
-10
-9
-3
-4
-1
4
0
2
-2
-1
-9
-9
-7
-11
-3
-3
-6
-3
0
1
-1
-2
-7
-8
-4
-2
0
3
9
3
3
4
3
6
3
-1
3
12
14
13
7
10
9
14
17
12
13
10
9
18
17
14
12
9
12
10
14
10
5
6
7
15
12
15
12
5
3
1
9
5
2
-1
-1
-2
-2
-2
3
7
3
0
-4
-1
2
0
1
-1
2
0
3
1
4
6
0
7
-1
2
-1
3
3
0
8
2
5
-4
-5
-7
-7
-13
-14
-12
-10
-11
-11
-11
-17
-4
-11
-10
-12
-11
-7
-9
-3
-8
-12
-7
-8
-7
-7
-2
-2
-6
0
-1
-1
0
2
0
0
6
7
5
3
6
6
9
8
6
6
13
12
6
4
-2
6
3
1
8
3
5
0
1
1
5
1
-7
-6
-2
-3
1
-2
2
-7
-6
-6
-7
2
1
3
-4
0
0
0
0
0
-2
-1
-5
-6
-4
-7
-8
-5
-1
-2
-2
-4
-4
-1
-5
-8
-7
-8
-6
-3
-2
-8
-11
-4
-2
-7
-2
2
1
-1
0
-3
0
4
0
3
-3
-6
0
-2
0
-1
-3
-2
-6
-6
-6
-5
1
6
1
0
-3
-4
4
2
7
-1
-3
1
-1
5
3
2
0
-5
-5
-9
-1
-2
-1
-2
-1
2
1
9
3
0
-1
1
-1
3
0
3
1
5
11
9
11
9
3
-4
4
7
3
12
3
3
1
2
4
3
-1
-3
2
1
0
-2
0
-5
-2
-1
-4
-4
-3
-6
5
4
1
-4
-6
-1
-3
4
7
5
1
-5
-7
-6
-3
-3
-4
-2
-3
-3
-4
-7
0
3
0
-1
-4
-3
1
-1
-1
2
1
0
-2
3
2
-1
4
2
0
-1
-2
-9
1
0
3
2
-2
2
2
1
4
-1
4
4
6
8
4
9
5
9
8
3
6
2
4
5
13
11
12
6
8
5
4
13
5
1
1
3
7
7
3
-4
-3
-5
0
-2
3
1
-2
3
-1
1
-4
-4
-6
-4
-4
-7
1
5
3
-2
-2
3
4
0
-4
-5
-2
4
3
3
-4
1
-4
5
6
5
4
3
5
5
10
5
2
-3
-7
-7
-1
-2
-1
-4
0
3
9
8
-1
-2
-2
1
3
0
2
-1
-4
-5
3
-3
-4
-7
-8
-2
-8
-4
-2
-5
-7
-3
-2
2
-3
-1
4
-1
5
5
0
5
5
0
1
-3
-3
2
2
0
0
-2
2
9
33
55
70
64
58
62
73
63
29
-6
-41
-75
-118
-149
-171
-182
-194
-207
-208
-178
-136
-95
-52
-34
-13
9
38
63
71
72
70
67
59
62
65
86
106
117
122
139
159
181
192
188
174
150
115
85
46
10
-19
-68
-101
-131
-137
-127
-106
-91
-80
-58
-47
-17
6
19
24
22
21
18
4
2
5
-9
-31
-43
-41
-29
-18
-17
-24
-40
-53
-67
-90
-101
-108
-129
-153
-166
-164
-153
-120
-95
-70
-34
-7
38
81
101
129
140
150
166
169
168
157
151
128
102
93
72
56
45
28
10
-6
-12
-10
-17
-27
-49
-62
-72
-74
-68
-65
-63
-64
-63
-64
-50
-41
-39
-47
-47
-48
-48
-47
-43
-38
-32
-13
-2
21
45
67
102
118
139
146
155
171
175
179
190
199
201
205
185
174
165
159
137
91
44
-1
-61
-136
-198
-257
-300
-342
-381
-415
-408
-384
-347
-304
-256
-198
-153
-94
-36
19
64
91
113
134
138
138
144
145
124
102
84
84
89
62
37
9
0
-14
-47
-83
-119
-142
-169
-188
-198
-202
-181
-148
-73
17
112
205
285
373
443
503
523
512
479
408
323
219
102
-9
-120
-217
-307
-375
-425
-444
-440
-427
-396
-368
-321
-272
-230
-190
-165
-149
-127
-111
-79
-30
17
72
125
184
248
307
358
392
393
368
329
270
208
134
52
-26
-104
-153
-194
-211
-212
-198
-160
-97
-22
71
177
285
386
482
580
686
784
855
919
944
945
914
829
714
564
379
169
-73
-322
-564
-796
-1022
-1221
-1380
-1490
-1522
-1520
-1470
-1366
-1216
-1038
-835
-621
-409
-200
-13
179
328
455
557
639
695
725
736
715
686
623
535
437
315
193
47
-115
-273
-432
-572
-695
-803
-877
-919
-920
-879
-778
-644
-466
-271
-55
174
379
587
773
934
1057
1143
1197
1204
1188
1126
1026
911
778
640
479
352
292
266
210
77
-108
-261
-379
-511
-706
-931
-1127
-1284
-1399
-1458
-1416
-1305
-1137
-947
-712
-378
0
381
713
938
1076
1150
1168
1127
998
787
538
288
26
-210
-377
-475
-503
-551
-570
-524
-424
-292
-181
-104
-71
-36
0
41
78
122
163
203
273
395
574
808
1048
1281
1480
1634
1775
1875
1906
1809
1569
1223
844
433
-48
-562
-1057
-1468
-1851
-2189
-2426
-2506
-2420
-2275
-2131
-1926
-1636
-1277
-929
-624
-371
-158
42
190
333
454
548
643
713
762
815
875
962
1025
1018
925
798
646
466
227
-95
-439
-774
-1067
-1348
-1555
-1671
-1679
-1624
-1517
-1317
-1025
-662
-271
118
478
780
1057
1292
1462
1567
1577
1530
1444
1329
1198
1062
937
807
691
555
428
337
244
121
-59
-241
-407
-493
-550
-622
-692
-777
-777
-720
-619
-485
-340
-194
-57
47
141
250
366
439
431
359
300
270
242
213
101
-34
-172
-321
-422
-524
-607
-696
-783
-860
-905
-864
-784
-682
-596
-505
-382
-218
-8
184
340
474
581
662
751
834
927
979
1005
1017
1032
1101
1188
1284
1340
1381
1381
1371
1372
1342
1221
980
692
410
96
-284
-696
-1051
-1350
-1639
-1932
-2144
-2192
-2116
-2018
-1920
-1741
-1455
-1122
-814
-550
-294
-67
98
232
321
398
461
477
467
443
412
368
380
389
354
281
188
121
44
-104
-283
-464
-625
-781
-946
-1088
-1167
-1157
-1121
-1038
-910
-683
-386
-85
212
502
775
1013
1229
1401
1510
1547
1518
1452
1332
1173
1004
826
673
498
304
144
7
-84
-188
-314
-411
-420
-352
-303
-296
-334
-313
-222
-162
-159
-201
-206
-174
-178
-237
-241
-177
-80
-25
-18
12
122
224
284
261
161
47
-74
-195
-345
-528
-676
-791
-887
-954
-948
-869
-725
-568
-447
-269
-64
187
390
485
534
575
612
632
636
645
663
696
723
758
858
1025
1245
1449
1589
1664
1745
1819
1838
1716
1429
1113
726
324
-136
-640
-1058
-1421
-1746
-2063
-2275
-2319
-2237
-2081
-1903
-1684
-1441
-1111
-645
-250
-83
-57
10
82
20
-53
-27
81
170
169
188
216
280
409
417
290
204
136
77
-16
-243
-492
-708
-924
-1148
-1372
-1471
-1473
-1417
-1301
-1083
-785
-440
-65
297
650
949
1206
1422
1567
1650
1646
1617
1558
1426
1252
1094
942
807
663
474
312
200
109
-5
-149
-299
-398
-417
-393
-419
-506
-586
-559
-489
-441
-422
-398
-316
-235
-214
-164
-51
100
222
250
281
350
438
489
459
341
209
76
-52
-195
-382
-541
-676
-786
-881
-928
-891
-774
-617
-520
-427
-240
-43
174
327
409
466
517
556
603
642
658
708
738
778
877
995
1173
1375
1547
1662
1712
1748
1762
1727
1544
1219
862
464
55
-416
-899
-1312
-1655
-1966
-2248
-2397
-2388
-2246
-2082
-1905
-1671
-1388
-1036
-708
-464
-258
-94
51
148
207
273
313
360
379
362
363
369
426
465
407
301
181
67
-56
-235
-460
-700
-924
-1127
-1295
-1417
-1454
-1401
-1302
-1153
-946
-657
-294
105
461
792
1073
1324
1545
1685
1760
1751
1683
1567
1398
1209
1020
838
683
498
291
121
-18
-112
-206
-307
-374
-388
-330
-325
-370
-409
-356
-306
-271
-314
-313
-257
-222
-175
-154
-67
52
172
247
328
426
499
551
519
400
263
91
-75
-267
-489
-697
-853
-977
-1061
-1099
-1053
-918
-769
-609
-448
-231
15
213
347
432
498
536
543
546
558
598
610
622
678
795
945
1126
1345
1546
1688
1756
1822
1879
1840
1661
1333
953
525
29
-490
-997
-1423
-1792
-2123
-2362
-2476
-2444
-2302
-2119
-1871
-1599
-1297
-980
-660
-381
-184
-21
89
157
213
245
267
323
326
304
291
310
379
410
393
341
240
128
-19
-224
-456
-722
-972
-1187
-1369
-1483
-1504
-1451
-1340
-1157
-915
-606
-221
197
574
907
1193
1422
1633
1781
1836
1821
1731
1610
1440
1246
1069
906
777
618
455
293
174
70
-7
-54
-94
-140
-268
-393
-471
-504
-546
-629
-730
-794
-785
-742
-663
-514
-342
-172
4
181
380
566
711
762
720
629
484
324
136
-90
-330
-565
-746
-879
-950
-962
-915
-826
-710
-572
-409
-212
-18
116
192
232
265
291
297
306
329
379
439
524
653
818
1015
1196
1379
1608
1789
1912
1993
2026
1966
1763
1441
1052
618
126
-414
-959
-1447
-1841
-2181
-2434
-2554
-2559
-2465
-2299
-2084
-1793
-1465
-1156
-857
-570
-299
-62
94
217
339
414
480
532
563
600
620
641
672
692
652
571
424
251
33
-227
-502
-775
-1035
-1302
-1517
-1665
-1707
-1671
-1552
-1375
-1125
-795
-410
-19
396
803
1130
1410
1627
1765
1820
1820
1758
1651
1482
1299
1116
947
794
626
461
305
175
62
-11
-59
-67
-116
-247
-375
-462
-502
-554
-672
-766
-801
-797
-754
-677
-516
-301
-83
117
337
572
785
941
993
963
847
663
465
231
-48
-351
-622
-841
-995
-1083
-1105
-1034
-924
-806
-672
-483
-267
-45
102
165
183
163
160
156
173
184
231
279
363
509
709
971
1249
1545
1835
2037
2160
2221
2201
2071
1813
1415
947
429
-143
-697
-1234
-1717
-2085
-2387
-2589
-2642
-2558
-2368
-2100
-1816
-1492
-1163
-836
-542
-296
-92
55
139
201
270
317
380
438
492
559
621
663
719
745
704
568
374
142
-126
-420
-750
-1059
-1359
-1623
-1830
-1937
-1943
-1828
-1642
-1374
-1035
-630
-157
307
753
1136
1449
1663
1812
1906
1922
1877
1758
1602
1393
1200
1051
906
771
643
493
349
257
226
218
167
59
-141
-328
-475
-614
-760
-966
-1093
-1179
-1205
-1153
-1030
-797
-530
-257
16
318
633
928
1143
1214
1188
1093
922
722
468
151
-157
-445
-693
-866
-956
-951
-882
-789
-693
-553
-369
-150
36
118
139
139
109
67
20
-5
6
35
82
163
339
588
866
1173
1534
1877
2113
2251
2304
2274
2169
1879
1428
873
272
-300
-892
-1458
-1960
-2335
-2600
-2767
-2801
-2668
-2403
-2087
-1762
-1428
-1075
-726
-412
-165
10
125
191
235
276
315
376
439
522
610
693
784
882
953
949
835
614
361
92
-243
-626
-1041
-1438
-1754
-2009
-2156
-2169
-2064
-1853
-1577
-1199
-739
-241
295
786
1223
1558
1805
1976
2079
2110
2015
1843
1614
1398
1193
995
830
681
561
425
304
272
307
332
267
47
-181
-353
-530
-745
-1015
-1266
-1448
-1553
-1582
-1498
-1281
-954
-603
-248
147
582
1026
1386
1608
1671
1609
1462
1259
977
614
219
-160
-514
-824
-1029
-1100
-1081
-1014
-935
-791
-597
-340
-103
36
124
145
117
67
17
-51
-72
-45
-8
55
184
423
745
1116
1506
1904
2239
2419
2485
2473
2408
2189
1737
1103
419
-217
-874
-1567
-2157
-2585
-2879
-3078
-3167
-3056
-2723
-2292
-1889
-1509
-1099
-677
-308
-20
190
321
370
362
349
374
427
454
508
601
698
788
899
1038
1115
1046
817
551
284
-41
-458
-937
-1399
-1800
-2146
-2380
-2461
-2386
-2187
-1902
-1527
-1033
-457
143
714
1228
1637
1922
2113
2226
2269
2190
1991
1732
1455
1185
927
720
549
409
270
138
126
194
282
246
67
-148
-327
-502
-738
-1038
-1284
-1457
-1598
-1653
-1574
-1336
-995
-631
-248
184
675
1153
1575
1846
1928
1882
1719
1508
1211
841
404
-43
-470
-823
-1090
-1223
-1198
-1137
-1062
-900
-669
-407
-158
37
128
186
212
146
85
30
33
50
57
108
208
408
708
1087
1525
1934
2246
2407
2460
2482
2437
2175
1595
902
218
-416
-1126
-1860
-2424
-2799
-3073
-3325
-3392
-3132
-2656
-2170
-1768
-1360
-831
-339
66
362
580
687
664
570
482
443
416
386
368
376
414
508
663
836
902
801
615
436
216
-77
-473
-932
-1356
-1745
-2066
-2297
-2339
-2244
-2067
-1812
-1441
-929
-336
281
872
1359
1709
1973
2158
2280
2283
2144
1904
1618
1319
1018
726
524
367
215
49
-44
-3
129
236
191
47
-88
-188
-320
-536
-815
-1063
-1261
-1415
-1486
-1439
-1215
-920
-601
-289
113
605
1059
1443
1628
1699
1677
1545
1347
1036
658
227
-198
-578
-902
-1101
-1172
-1153
-1101
-1000
-821
-548
-260
4
188
297
363
383
387
327
262
219
216
201
206
318
545
912
1346
1740
2018
2203
2330
2423
2446
2250
1781
1163
501
-167
-874
-1617
-2229
-2653
-3014
-3322
-3467
-3285
-2833
-2325
-1910
-1511
-1008
-447
25
336
548
693
713
627
491
408
363
331
278
212
225
326
517
726
812
756
627
511
386
147
-223
-654
-1071
-1488
-1854
-2121
-2229
-2179
-2060
-1880
-1594
-1139
-552
82
642
1121
1499
1808
2065
2219
2250
2133
1915
1660
1372
1055
771
555
388
219
18
-119
-68
57
164
129
21
-51
-130
-225
-400
-631
-842
-1053
-1240
-1358
-1338
-1180
-984
-772
-510
-174
245
698
1089
1349
1474
1508
1473
1377
1173
873
542
161
-192
-520
-726
-831
-836
-787
-745
-654
-479
-237
-19
130
191
264
297
275
240
230
221
197
168
107
225
494
937
1406
1749
1964
2100
2274
2420
2408
2083
1554
961
316
-408
-1181
-1846
-2342
-2764
-3197
-3540
-3555
-3200
-2711
-2284
-1926
-1462
-883
-319
158
489
716
812
789
686
613
559
529
481
357
241
237
383
641
815
802
679
571
523
379
106
-311
-716
-1140
-1587
-1973
-2209
-2227
-2180
-2096
-1945
-1622
-1111
-496
155
696
1120
1493
1830
2106
2267
2243
2081
1856
1593
1292
997
761
581
379
142
-67
-114
10
154
223
136
23
-34
-98
-237
-449
-680
-913
-1145
-1352
-1435
-1344
-1139
-905
-685
-415
-6
493
955
1288
1463
1534
1532
1476
1302
1035
720
345
-34
-383
-625
-747
-781
-786
-782
-712
-536
-286
-17
192
302
355
341
306
257
218
176
116
30
-3
63
289
707
1157
1568
1813
1976
2185
2413
2516
2306
1801
1195
600
-72
-866
-1612
-2198
-2682
-3136
-3577
-3688
-3414
-2950
-2500
-2145
-1689
-1093
-476
40
432
694
819
832
765
684
610
523
463
360
248
201
328
614
837
897
809
736
711
620
359
-30
-453
-897
-1366
-1792
-2079
-2211
-2247
-2231
-2130
-1864
-1380
-774
-116
471
944
1338
1704
2048
2281
2310
2170
1953
1685
1380
1059
799
607
411
200
-13
-93
-42
113
196
164
112
13
-31
-125
-274
-507
-788
-1058
-1279
-1427
-1447
-1322
-1129
-900
-680
-345
114
593
988
1247
1391
1451
1439
1319
1116
820
477
80
-292
-549
-743
-850
-863
-824
-728
-566
-331
-19
226
392
490
536
564
533
500
440
378
339
303
320
466
822
1270
1657
1928
2076
2267
2480
2546
2372
1869
1265
632
-94
-918
-1739
-2385
-2894
-3365
-3804
-3982
-3776
-3326
-2837
-2420
-1929
-1305
-651
-47
409
715
884
916
871
775
681
586
510
430
298
237
312
563
832
920
853
782
743
685
484
107
-304
-754
-1244
-1682
-2030
-2211
-2263
-2259
-2177
-1947
-1522
-956
-302
293
809
1216
1573
1919
2167
2257
2164
1967
1717
1426
1085
800
596
423
208
-9
-93
-5
193
302
258
138
16
-68
-177
-381
-673
-1019
-1286
-1500
-1644
-1634
-1461
-1190
-924
-612
-210
356
937
1374
1665
1757
1791
1761
1614
1346
973
542
107
-291
-583
-752
-826
-820
-793
-721
-563
-304
-2
272
427
479
519
526
515
461
401
340
273
207
265
535
941
1426
1840
2080
2246
2444
2668
2702
2398
1825
1140
450
-279
-1084
-1890
-2632
-3268
-3807
-4196
-4268
-3987
-3471
-2956
-2539
-2026
-1369
-681
-94
343
643
816
845
798
742
665
624
581
476
380
329
453
759
1017
1071
952
859
848
756
495
99
-353
-843
-1372
-1810
-2089
-2234
-2260
-2219
-2092
-1797
-1320
-695
-27
574
1078
1488
1840
2157
2342
2333
2169
1933
1661
1324
996
727
529
360
135
-56
-130
-56
91
197
205
149
53
-46
-172
-329
-591
-936
-1254
-1505
-1636
-1677
-1580
-1390
-1148
-829
-434
91
657
1151
1487
1662
1748
1729
1619
1408
1102
701
277
-141
-487
-733
-856
-880
-851
-757
-597
-339
-39
261
448
535
575
588
569
517
416
365
332
295
355
594
1037
1537
1933
2161
2360
2601
2832
2847
2489
1935
1322
614
-242
-1172
-2012
-2683
-3278
-3853
-4276
-4329
-4045
-3582
-3129
-2668
-2063
-1405
-731
-132
340
664
824
842
788
716
633
561
494
390
299
287
468
742
960
984
918
907
896
772
458
36
-422
-907
-1405
-1820
-2113
-2251
-2293
-2255
-2094
-1754
-1223
-570
114
705
1206
1619
2009
2345
2493
2452
2292
2064
1755
1378
998
724
505
284
32
-156
-159
22
194
273
189
55
-28
-155
-337
-673
-1067
-1446
-1817
-2096
-2249
-2215
-2001
-1722
-1383
-945
-353
316
947
1447
1761
1971
2076
2032
1845
1499
1062
588
98
-318
-632
-826
-869
-832
-767
-624
-358
31
391
646
774
822
819
738
588
432
359
312
303
343
528
963
1548
2035
2284
2446
2727
3040
3136
2857
2315
1709
1007
114
-883
-1797
-2525
-3200
-3947
-4506
-4644
-4392
-3947
-3516
-3070
-2453
-1758
-1049
-396
144
540
746
819
793
738
646
582
561
494
366
284
435
774
1025
1084
1041
1023
1022
898
574
129
-362
-916
-1484
-1989
-2326
-2496
-2548
-2537
-2423
-2087
-1536
-797
-17
662
1220
1686
2165
2568
2794
2802
2630
2376
2024
1603
1183
877
634
366
65
-125
-95
117
331
408
309
199
115
-54
-338
-780
-1235
-1682
-2151
-2533
-2718
-2647
-2436
-2164
-1832
-1322
-593
272
1080
1686
2104
2353
2407
2279
1989
1654
1303
829
192
-409
-731
-864
-892
-816
-621
-404
-168
146
439
621
782
899
914
794
634
468
336
241
134
107
308
808
1412
1925
2248
2550
2925
3298
3442
3139
2580
1977
1262
337
-740
-1724
-2551
-3351
-4143
-4747
-4918
-4659
-4204
-3735
-3254
-2651
-1933
-1187
-508
80
484
713
783
753
684
562
492
437
332
207
181
408
824
1158
1277
1285
1315
1362
1249
900
428
-109
-712
-1371
-1993
-2428
-2671
-2803
-2840
-2732
-2387
-1799
-1024
-219
538
1164
1705
2230
2674
2937
2960
2802
2554
2201
1762
1328
983
753
484
204
7
89
327
550
613
473
339
197
-32
-400
-901
-1414
-1929
-2429
-2829
-3016
-2922
-2656
-2278
-1834
-1237
-490
364
1153
1735
2090
2283
2342
2246
1992
1571
1067
482
-91
-605
-915
-998
-988
-930
-837
-644
-329
88
470
756
888
895
884
813
728
611
433
300
197
248
573
1107
1725
2173
2472
2806
3215
3553
3559
3199
2653
2006
1161
128
-910
-1829
-2647
-3487
-4325
-4837
-4906
-4634
-4249
-3834
-3292
-2640
-1926
-1199
-493
60
431
614
676
703
653
596
561
496
372
284
364
642
1012
1225
1280
1292
1317
1314
1119
732
248
-332
-992
-1658
-2224
-2599
-2817
-2928
-2919
-2748
-2326
-1685
-871
-21
686
1300
1857
2386
2787
2964
2980
2833
2587
2173
1677
1251
928
733
524
424
473
670
862
895
851
748
705
494
-184
-1024
-1790
-2414
-2573
-2645
-2873
-2931
-2842
-2560
-2082
-1613
-966
-115
666
1327
1878
2189
2374
2431
2181
1736
1218
644
51
-523
-936
-1070
-1009
-949
-921
-837
-621
-262
74
357
537
630
677
678
612
556
489
407
348
324
485
909
1512
2132
2571
2860
3216
3580
3765
3608
3112
2503
1813
937
-116
-1165
-2054
-2846
-3663
-4394
-4772
-4739
-4417
-4021
-3607
-3063
-2395
-1699
-1004
-415
16
279
412
461
461
445
415
447
468
429
427
577
938
1280
1418
1396
1349
1322
1180
821
300
-261
-863
-1506
-2128
-2625
-2898
-3018
-3043
-2932
-2598
-2037
-1270
-431
341
1000
1537
2056
2512
2821
2894
2787
2596
2311
1935
1538
1262
1108
968
799
674
736
914
1023
936
740
502
218
-191
-715
-1286
-1827
-2330
-2795
-3112
-3171
-2967
-2597
-2093
-1482
-769
32
856
1558
2073
2345
2432
2346
2087
1671
1172
639
103
-422
-864
-1091
-1138
-1052
-927
-749
-478
-190
105
314
453
537
516
440
286
135
18
-53
-69
-41
172
645
1307
1985
2484
2875
3338
3814
4103
3983
3479
2879
2149
1227
122
-991
-1941
-2757
-3573
-4320
-4717
-4684
-4377
-3994
-3589
-3064
-2413
-1706
-1002
-434
-15
238
341
329
255
199
181
266
335
349
406
613
1015
1397
1591
1652
1607
1534
1361
986
448
-155
-855
-1605
-2294
-2856
-3167
-3271
-3243
-3080
-2707
-2128
-1341
-481
337
1019
1583
2101
2521
2761
2806
2685
2441
2152
1778
1412
1156
998
881
730
638
717
982
1214
1219
1024
782
499
91
-479
-1156
-1769
-2338
-2862
-3265
-3399
-3206
-2805
-2291
-1666
-906
-24
896
1716
2304
2639
2741
2655
2412
1960
1399
780
169
-423
-928
-1244
-1297
-1200
-1057
-882
-615
-239
141
458
612
645
597
479
317
119
-52
-199
-287
-281
-130
300
963
1701
2305
2731
3166
3608
3988
4033
3651
3048
2289
1384
310
-836
-1824
-2669
-3470
-4206
-4658
-4680
-4356
-3865
-3415
-2879
-2251
-1558
-863
-276
126
330
385
336
249
127
50
39
72
108
183
412
843
1316
1629
1751
1745
1744
1638
1312
771
86
-656
-1455
-2211
-2845
-3254
-3416
-3455
-3343
-3032
-2489
-1667
-745
159
939
1544
2056
2502
2793
2875
2770
2508
2156
1729
1309
998
834
776
752
768
886
1058
1201
1228
1126
892
495
-75
-752
-1421
-2067
-2659
-3148
-3483
-3537
-3296
-2837
-2148
-1347
-459
478
1341
2093
2673
3029
3114
2944
2569
2050
1441
834
197
-385
-863
-1155
-1265
-1222
-1036
-798
-496
-180
118
387
541
594
521
344
128
-131
-331
-466
-504
-408
-79
479
1145
1776
2290
2822
3368
3836
4033
3810
3345
2737
1897
835
-340
-1386
-2291
-3157
-4014
-4642
-4786
-4574
-4171
-3757
-3227
-2498
-1743
-1051
-457
40
407
582
599
514
419
284
185
134
105
133
324
715
1178
1529
1669
1750
1828
1799
1556
1099
506
-190
-967
-1785
-2520
-3040
-3353
-3497
-3486
-3267
-2788
-2087
-1182
-313
504
1231
1863
2417
2772
2935
2906
2734
2447
2019
1538
1140
863
677
577
553
656
856
977
1023
939
788
495
19
-594
-1258
-1881
-2469
-2993
-3367
-3543
-3453
-3096
-2535
-1813
-970
-24
913
1733
2373
2809
3059
3075
2827
2360
1797
1234
633
5
-510
-845
-1030
-1115
-1076
-905
-622
-312
4
297
508
652
663
581
405
192
-18
-208
-285
-264
-9
422
963
1515
1942
2394
2933
3437
3678
3530
3153
2671
2015
1079
-9
-1034
-1940
-2809
-3686
-4376
-4621
-4507
-4258
-3945
-3500
-2848
-2117
-1388
-736
-182
235
490
619
651
624
550
501
439
373
329
395
667
1044
1337
1484
1551
1641
1681
1520
1142
620
4
-709
-1450
-2142
-2712
-3096
-3298
-3354
-3261
-2942
-2340
-1537
-688
124
849
1542
2163
2644
2901
2956
2862
2634
2267
1798
1380
1077
860
650
474
438
564
748
786
688
564
349
24
-491
-1093
-1661
-2206
-2725
-3177
-3404
-3368
-3102
-2653
-2077
-1356
-510
397
1230
1903
2397
2709
2855
2790
2504
2071
1566
1008
454
-85
-495
-743
-851
-855
-812
-667
-409
-82
229
403
525
587
606
566
430
270
131
45
20
129
446
952
1504
1936
2276
2679
3152
3485
3459
3107
2634
2052
1274
279
-731
-1602
-2393
-3224
-4000
-4434
-4473
-4251
-3991
-3657
-3164
-2537
-1877
-1211
-619
-147
155
307
397
437
427
401
391
371
347
370
544
896
1241
1427
1510
1529
1560
1468
1193
745
198
-434
-1145
-1802
-2410
-2813
-3042
-3143
-3091
-2885
-2412
-1704
-887
-111
582
1232
1864
2414
2779
2931
2926
2791
2511
2100
1691
1348
1089
842
612
484
531
712
823
819
701
555
337
-8
-478
-1064
-1659
-2251
-2788
-3223
-3393
-3291
-3019
-2614
-2089
-1357
-498
399
1204
1828
2257
2518
2596
2507
2268
1872
1383
810
224
-319
-687
-863
-944
-932
-839
-653
-379
-17
286
518
657
704
701
651
578
449
326
187
136
173
437
933
1500
1962
2251
2565
2943
3316
3390
3087
2615
2037
1312
379
-616
-1473
-2226
-3017
-3796
-4331
-4428
-4208
-3890
-3572
-3159
-2610
-1956
-1305
-751
-274
46
199
231
208
164
138
148
186
195
188
335
677
1119
1405
1480
1478
1497
1492
1275
873
361
-212
-905
-1626
-2212
-2608
-2804
-2924
-2940
-2785
-2353
-1701
-907
-91
607
1221
1774
2285
2677
2870
2870
2761
2524
2168
1763
1427
1236
1076
891
712
719
859
1014
1021
853
627
303
-106
-636
-1217
-1739
-2301
-2837
-3254
-3421
-3310
-2991
-2515
-1949
-1255
-475
327
1075
1662
2064
2273
2301
2139
1831
1455
1001
498
-18
-471
-762
-879
-846
-788
-683
-488
-257
15
288
490
623
650
585
476
381
314
217
171
149
240
552
1036
1645
2150
2510
2824
3181
3487
3536
3245
2751
2160
1405
465
-545
-1413
-2123
-2834
-3568
-4071
-4178
-3996
-3672
-3349
-2938
-2417
-1855
-1279
-802
-380
-109
-17
-36
-66
-95
-102
-67
-38
-8
63
244
583
988
1303
1424
1436
1444
1395
1149
728
231
-342
-980
-1621
-2208
-2583
-2762
-2839
-2786
-2608
-2208
-1600
-861
-99
591
1187
1695
2122
2432
2625
2642
2547
2344
2013
1687
1413
1281
1205
1102
1001
979
1086
1202
1241
1115
862
524
87
-469
-1087
-1686
-2251
-2778
-3201
-3440
-3376
-3073
-2620
-2034
-1367
-616
166
898
1471
1870
2100
2122
1965
1670
1296
895
423
-41
-445
-700
-785
-780
-689
-541
-313
-64
174
384
569
689
700
606
456
313
196
105
57
59
178
500
989
1574
2082
2447
2823
3245
3542
3585
3269
2807
2247
1482
534
-473
-1331
-2035
-2762
-3466
-3932
-4013
-3811
-3525
-3194
-2751
-2194
-1661
-1170
-720
-343
-76
11
-14
-129
-272
-325
-254
-120
-89
-106
-47
264
731
1118
1343
1423
1426
1292
1022
630
186
-349
-1009
-1696
-2269
-2623
-2791
-2843
-2793
-2577
-2151
-1539
-819
-86
571
1172
1689
2130
2419
2524
2506
2405
2211
1911
1596
1311
1143
1046
932
888
948
1086
1233
1288
1252
1117
850
422
-86
-661
-1254
-1833
-2424
-2891
-3164
-3195
-3012
-2672
-2197
-1614
-916
-161
552
1152
1587
1858
1937
1834
1607
1278
897
450
-18
-426
-724
-877
-866
-769
-597
-364
-134
120
374
576
699
715
650
520
367
195
82
9
-3
24
215
650
1227
1816
2270
2648
3069
3446
3626
3493
3088
2581
1933
1060
51
-892
-1666
-2360
-3072
-3637
-3867
-3756
-3471
-3178
-2810
-2323
-1757
-1218
-769
-418
-192
-90
-103
-189
-278
-364
-402
-381
-336
-276
-119
201
640
1016
1211
1299
1372
1369
1198
826
352
-215
-858
-1513
-2136
-2569
-2814
-2922
-2928
-2776
-2419
-1835
-1095
-344
352
937
1473
1929
2271
2461
2496
2411
2234
1945
1610
1335
1153
1077
994
960
968
1092
1279
1402
1425
1312
1085
742
310
-191
-760
-1331
-1898
-2404
-2776
-2965
-2918
-2699
-2341
-1870
-1279
-599
106
718
1227
1571
1752
1759
1587
1286
940
546
96
-305
-646
-838
-890
-844
-728
-556
-320
-51
213
429
589
630
611
524
370
208
77
-18
-115
-143
-66
177
669
1265
1849
2308
2658
3040
3409
3608
3495
3045
2469
1805
1000
88
-819
-1569
-2241
-2898
-3470
-3714
-3607
-3275
-2918
-2602
-2174
-1655
-1141
-699
-365
-180
-116
-171
-295
-407
-467
-469
-428
-370
-291
-133
175
620
1013
1227
1292
1335
1335
1184
802
307
-246
-844
-1482
-2066
-2492
-2699
-2769
-2765
-2631
-2312
-1748
-1042
-314
329
891
1347
1781
2136
2324
2326
2211
2034
1812
1532
1271
1136
1072
1039
996
999
1092
1242
1358
1387
1268
1070
775
365
-94
-581
-1122
-1649
-2035
-2322
-2583
-2642
-2499
-2180
-1757
-1296
-696
-30
625
1125
1403
1493
1498
1386
1113
763
416
20
-397
-744
-949
-1017
-966
-813
-639
-433
-190
104
373
538
613
621
517
332
125
-27
-112
-188
-234
-204
-29
362
929
1545
2131
2580
2894
3187
3417
3486
3256
2756
2153
1487
693
-212
-1045
-1727
-2304
-2868
-3343
-3498
-3316
-3005
-2693
-2381
-1971
-1488
-1057
-704
-456
-325
-298
-370
-467
-514
-513
-455
-340
-216
-87
120
446
890
1228
1385
1419
1372
1281
1038
621
103
-435
-1034
-1622
-2125
-2453
-2601
-2624
-2538
-2338
-1965
-1443
-809
-150
430
890
1280
1622
1887
2033
2040
1957
1808
1589
1372
1207
1162
1167
1147
1131
1159
1252
1352
1409
1360
1222
967
602
145
-320
-777
-1268
-1748
-2164
-2437
-2546
-2481
-2270
-1952
-1547
-1054
-494
75
570
930
1179
1312
1289
1160
949
705
426
118
-188
-426
-560
-603
-567
-475
-332
-172
-11
151
283
359
377
297
152
22
-124
-218
-300
-319
-281
-148
116
508
1029
1589
2174
2644
2979
3245
3440
3489
3269
2778
2141
1427
589
-283
-1073
-1736
-2299
-2806
-3249
-3409
-3255
-2979
-2691
-2414
-2072
-1635
-1244
-938
-712
-584
-553
-568
-599
-599
-560
-479
-328
-144
56
318
665
1090
1413
1540
1519
1417
1281
1024
629
113
-458
-1042
-1609
-2087
-2402
-2526
-2530
-2442
-2239
-1882
-1390
-801
-185
357
809
1166
1456
1686
1835
1854
1789
1686
1542
1380
1272
1246
1276
1307
1322
1354
1409
1498
1535
1451
1208
882
494
63
-390
-893
-1381
-1837
-2234
-2502
-2584
-2479
-2198
-1839
-1433
-988
-473
78
585
991
1235
1334
1305
1202
1037
825
526
229
-11
-215
-345
-405
-369
-282
-182
-87
-2
105
185
207
186
73
-79
-245
-381
-450
-460
-405
-322
-180
120
561
1183
1824
2396
2785
3072
3379
3581
3548
3175
2573
1927
1197
337
-528
-1295
-1875
-2415
-2978
-3383
-3470
-3279
-2984
-2753
-2499
-2134
-1763
-1388
-1103
-903
-764
-736
-724
-720
-634
-498
-321
-115
85
303
605
1009
1409
1670
1723
1631
1492
1334
1038
592
42
-593
-1228
-1748
-2118
-2354
-2452
-2479
-2425
-2207
-1825
-1277
-661
-76
434
832
1186
1511
1732
1813
1815
1727
1602
1471
1344
1300
1336
1384
1381
1366
1393
1480
1539
1510
1359
1096
757
311
-157
-618
-1108
-1588
-1996
-2354
-2566
-2593
-2449
-2131
-1731
-1253
-700
-189
319
765
1073
1304
1391
1370
1237
1034
826
534
192
-81
-270
-356
-360
-315
-245
-178
-80
34
139
197
159
74
-65
-215
-375
-499
-580
-584
-515
-371
-151
220
799
1471
2116
2626
2980
3280
3553
3665
3518
3065
2442
1713
893
-8
-899
-1633
-2272
-2875
-3424
-3700
-3631
-3381
-3085
-2799
-2463
-2068
-1645
-1278
-993
-766
-632
-603
-593
-568
-477
-298
-86
139
352
609
950
1361
1726
1882
1871
1780
1655
1417
1011
488
-111
-721
-1344
-1919
-2317
-2535
-2593
-2567
-2429
-2157
-1721
-1142
-505
67
530
919
1251
1538
1706
1785
1768
1686
1565
1426
1309
1257
1267
1274
1265
1278
1340
1440
1461
1406
1233
937
557
98
-368
-847
-1337
-1819
-2243
-2542
-2674
-2602
-2395
-2072
-1659
-1188
-624
-47
508
981
1288
1482
1539
1474
1345
1152
887
556
244
1
-181
-276
-295
-268
-215
-146
-81
20
111
163
139
35
-62
-211
-354
-433
-470
-445
-380
-237
30
419
979
1604
2229
2740
3067
3309
3505
3603
3423
2913
2236
1497
730
-142
-1054
-1821
-2445
-2995
-3493
-3798
-3783
-3513
-3191
-2907
-2581
-2179
-1722
-1322
-1006
-792
-628
-556
-526
-471
-370
-195
9
219
423
657
992
1379
1731
1898
1871
1772
1641
1404
999
478
-116
-730
-1328
-1853
-2246
-2457
-2510
-2458
-2311
-2027
-1589
-1018
-422
138
591
968
1310
1586
1772
1815
1760
1681
1563
1430
1290
1218
1219
1220
1200
1181
1229
1299
1317
1231
1041
781
442
19
-464
-964
-1450
-1932
-2356
-2640
-2762
-2700
-2482
-2168
-1736
-1213
-631
-16
553
1013
1348
1560
1624
1588
1438
1214
951
636
322
52
-124
-226
-278
-269
-208
-114
-2
103
190
229
188
116
43
-80
-224
-332
-382
-379
-293
-115
165
550
1028
1595
2189
2701
3050
3265
3432
3508
3360
2909
2239
1504
737
-129
-1063
-1870
-2492
-3009
-3483
-3839
-3887
-3665
-3348
-3056
-2742
-2346
-1901
-1483
-1141
-887
-702
-596
-519
-428
-303
-123
69
293
514
745
1014
1345
1707
1912
1950
1837
1667
1430
1053
538
-63
-673
-1238
-1742
-2153
-2383
-2459
-2412
-2270
-2014
-1613
-1066
-486
80
534
901
1248
1535
1744
1822
1800
1714
1603
1453
1312
1225
1216
1243
1241
1222
1242
1304
1344
1291
1087
788
416
-17
-511
-1053
-1602
-2105
-2530
-2833
-2970
-2922
-2653
-2289
-1817
-1261
-651
26
623
1112
1467
1692
1785
1730
1580
1343
1057
721
390
124
-52
-144
-169
-146
-94
-25
73
173
259
292
231
144
45
-68
-188
-289
-312
-256
-160
-2
245
644
1194
1815
2398
2831
3108
3315
3471
3495
3253
2710
2030
1294
460
-469
-1404
-2198
-2794
-3344
-3848
-4121
-4060
-3755
-3415
-3127
-2778
-2298
-1844
-1416
-1101
-851
-649
-507
-422
-339
-179
7
223
421
623
821
1104
1483
1795
1912
1876
1761
1600
1352
936
404
-187
-797
-1360
-1852
-2192
-2365
-2398
-2331
-2188
-1880
-1439
-863
-251
299
748
1108
1426
1709
1899
1960
1929
1824
1686
1515
1384
1293
1271
1231
1122
1014
1008
1084
1183
1179
1015
715
315
-101
-519
-977
-1513
-2078
-2584
-2930
-3108
-3075
-2855
-2497
-2028
-1503
-862
-145
577
1193
1610
1839
1896
1863
1746
1531
1191
783
393
87
-132
-256
-292
-270
-212
-151
-35
124
292
409
430
359
238
128
18
-55
-96
-111
-73
35
267
669
1258
1885
2423
2769
3002
3249
3442
3448
3100
2487
1766
990
114
-856
-1724
-2438
-3072
-3687
-4148
-4283
-4097
-3750
-3424
-3055
-2614
-2108
-1589
-1135
-764
-506
-373
-307
-241
-185
-88
72
240
411
568
810
1187
1602
1868
1919
1831
1729
1590
1322
880
336
-264
-886
-1465
-1955
-2242
-2371
-2398
-2339
-2167
-1806
-1269
-623
7
529
956
1341
1703
1967
2082
2069
1978
1828
1637
1412
1216
1123
1058
996
945
967
1065
1158
1166
1027
789
490
128
-344
-897
-1476
-2049
-2565
-2992
-3255
-3289
-3091
-2727
-2273
-1684
-978
-196
554
1186
1631
1901
2020
1977
1817
1562
1224
835
406
45
-198
-320
-316
-285
-197
-85
76
269
439
556
553
490
366
227
111
14
-63
-78
-53
55
279
720
1340
1983
2479
2791
3085
3389
3594
3508
3053
2442
1760
931
-46
-1035
-1877
-2572
-3245
-3890
-4296
-4326
-4081
-3765
-3436
-3045
-2550
-1993
-1478
-1059
-723
-511
-399
-341
-311
-264
-170
-7
166
304
477
750
1180
1588
1817
1851
1820
1766
1611
1257
749
171
-435
-1031
-1607
-2059
-2297
-2391
-2398
-2307
-2081
-1634
-1031
-343
280
768
1181
1580
1922
2129
2159
2084
1958
1748
1499
1269
1125
1059
1001
917
855
917
1099
1218
1194
1056
800
502
92
-432
-981
-1578
-2141
-2644
-3047
-3239
-3224
-2980
-2601
-2134
-1548
-839
-48
684
1253
1647
1886
1974
1894
1669
1377
1046
667
255
-101
-303
-380
-376
-299
-222
-76
129
319
484
561
569
542
439
290
116
-21
-89
-115
-78
31
251
702
1315
1978
2508
2869
3181
3486
3703
3603
3156
2539
1841
1039
67
-969
-1841
-2544
-3211
-3851
-4268
-4303
-4057
-3712
-3394
-3025
-2524
-1964
-1487
-1093
-795
-594
-474
-424
-407
-354
-259
-84
103
245
427
707
1148
1574
1793
1848
1842
1802
1627
1247
712
137
-447
-1056
-1657
-2131
-2387
-2515
-2542
-2422
-2141
-1697
-1086
-390
239
763
1196
1605
1949
2132
2165
2092
1942
1734
1499
1255
1099
1052
976
892
835
880
1030
1182
1216
1110
898
585
207
-268
-779
-1347
-1921
-2454
-2897
-3153
-3194
-3014
-2680
-2247
-1693
-1004
-238
510
1110
1572
1834
1956
1901
1733
1480
1159
776
335
-41
-302
-402
-424
-368
-281
-144
57
265
474
605
652
628
524
391
242
112
4
-79
-111
-40
159
533
1104
1736
2331
2738
3051
3377
3637
3663
3309
2704
2028
1277
363
-667
-1576
-2338
-3009
-3681
-4196
-4325
-4134
-3781
-3462
-3082
-2617
-2100
-1552
-1096
-789
-602
-522
-465
-429
-402
-339
-261
-113
82
275
523
940
1385
1684
1789
1783
1769
1637
1327
879
322
-297
-942
-1552
-2057
-2393
-2560
-2594
-2478
-2218
-1776
-1173
-488
194
761
1210
1597
1931
2164
2221
2143
1979
1777
1526
1239
1050
979
949
919
884
950
1103
1259
1300
1211
1030
761
362
-144
-694
-1290
-1888
-2447
-2874
-3128
-3157
-2980
-2638
-2179
-1577
-874
-126
584
1169
1600
1881
1986
1912
1696
1381
1039
645
220
-159
-425
-523
-524
-460
-323
-134
85
295
452
543
568
533
419
245
57
-107
-232
-319
-347
-256
-25
341
864
1486
2161
2717
3105
3423
3662
3782
3584
3038
2332
1571
716
-278
-1295
-2138
-2797
-3385
-3927
-4197
-4128
-3806
-3429
-3074
-2634
-2123
-1620
-1200
-853
-630
-508
-474
-472
-475
-443
-342
-170
29
253
504
839
1278
1662
1868
1905
1838
1718
1462
1023
454
-179
-817
-1443
-1995
-2392
-2610
-2679
-2590
-2349
-1974
-1442
-778
-76
554
1044
1443
1780
2032
2130
2057
1907
1716
1500
1265
1049
946
920
924
941
996
1153
1319
1384
1334
1187
905
502
-10
-568
-1167
-1796
-2369
-2849
-3157
-3241
-3124
-2800
-2338
-1756
-1076
-332
412
1071
1560
1892
2035
2008
1842
1553
1222
835
389
-5
-295
-456
-500
-438
-304
-127
102
328
510
622
667
634
495
321
89
-133
-315
-436
-490
-436
-254
35
512
1121
1809
2481
2965
3315
3583
3776
3728
3320
2659
1923
1111
155
-886
-1846
-2571
-3154
-3701
-4087
-4124
-3874
-3481
-3108
-2718
-2251
-1753
-1324
-980
-737
-592
-551
-593
-612
-616
-565
-422
-214
43
318
618
1055
1525
1833
1958
1930
1852
1638
1268
719
84
-550
-1202
-1813
-2290
-2582
-2696
-2620
-2433
-2109
-1636
-1003
-290
361
914
1329
1659
1922
2058
2033
1922
1755
1569
1325
1094
936
898
944
1005
1093
1214
1350
1455
1463
1307
1032
597
76
-502
-1139
-1770
-2333
-2792
-3116
-3264
-3166
-2849
-2333
-1740
-1058
-318
421
1085
1588
1936
2111
2086
1874
1582
1227
841
441
54
-228
-388
-464
-386
-240
-34
158
337
496
585
628
565
430
219
-20
-259
-451
-589
-638
-577
-410
-135
266
841
1552
2275
2840
3222
3476
3664
3717
3459
2868
2125
1317
443
-559
-1544
-2321
-2915
-3423
-3868
-4061
-3918
-3552
-3145
-2766
-2352
-1904
-1453
-1084
-830
-667
-582
-582
-624
-631
-592
-458
-215
48
321
619
996
1464
1851
2054
2054
1936
1717
1374
878
274
-381
-1037
-1672
-2211
-2564
-2708
-2652
-2469
-2169
-1761
-1187
-510
167
748
1185
1515
1763
1927
1948
1862
1703
1513
1300
1081
936
923
1006
1110
1196
1275
1396
1534
1571
1421
1108
670
156
-434
-1103
-1773
-2362
-2837
-3190
-3390
-3304
-2980
-2434
-1791
-1103
-364
383
1076
1607
1987
2164
2166
1974
1663
1291
885
460
62
-232
-426
-472
-400
-224
2
199
384
526
620
659
610
461
250
-13
-274
-508
-673
-715
-695
-553
-260
186
830
1589
2345
2902
3300
3617
3851
3891
3558
2929
2185
1359
394
-677
-1648
-2409
-3017
-3590
-4033
-4167
-3951
-3538
-3125
-2720
-2287
-1799
-1328
-964
-721
-573
-511
-550
-624
-676
-631
-485
-259
-29
210
530
959
1458
1832
2007
2010
1911
1727
1362
829
203
-447
-1114
-1769
-2337
-2686
-2810
-2758
-2554
-2233
-1773
-1134
-404
289
871
1304
1635
1904
2042
2026
1898
1726
1513
1245
983
810
832
952
1061
1134
1200
1344
1504
1531
1332
991
543
-5
-620
-1298
-1933
-2472
-2896
-3208
-3354
-3204
-2750
-2122
-1447
-759
-19
756
1436
1950
2244
2344
2257
2023
1645
1208
790
382
-9
-348
-537
-550
-407
-213
-14
188
378
555
670
720
651
490
248
-32
-299
-530
-664
-721
-674
-502
-190
305
978
1753
2456
2952
3308
3608
3826
3761
3298
2597
1814
949
-86
-1173
-2091
-2780
-3352
-3888
-4248
-4205
-3852
-3404
-2977
-2559
-2059
-1534
-1073
-728
-513
-403
-394
-445
-537
-600
-540
-384
-172
38
271
610
1082
1556
1869
1964
1924
1834
1610
1190
620
-23
-687
-1349
-1957
-2435
-2700
-2735
-2636
-2404
-2011
-1475
-773
-32
654
1205
1590
1905
2117
2201
2116
1895
1671
1394
1107
847
701
726
830
900
928
1014
1195
1345
1338
1090
698
239
-286
-906
-1558
-2145
-2617
-2992
-3214
-3201
-2904
-2378
-1703
-999
-284
477
1214
1849
2255
2450
2439
2245
1924
1482
984
522
90
-316
-635
-767
-699
-549
-336
-112
125
367
560
698
739
668
508
264
-24
-293
-508
-627
-650
-584
-379
-25
540
1264
2023
2647
3064
3401
3709
3858
3647
3075
2326
1519
584
-493
-1535
-2378
-3004
-3581
-4089
-4325
-4181
-3762
-3274
-2835
-2358
-1802
-1252
-827
-554
-362
-268
-286
-370
-460
-473
-410
-274
-94
86
314
696
1166
1569
1801
1852
1796
1635
1349
860
253
-398
-1040
-1683
-2269
-2668
-2840
-2812
-2652
-2342
-1858
-1180
-402
366
1037
1573
1984
2288
2459
2477
2332
2072
1764
1411
1057
805
691
702
727
718
745
888
1051
1088
944
670
314
-142
-685
-1256
-1804
-2300
-2724
-3055
-3162
-2990
-2573
-1996
-1350
-651
105
878
1548
2038
2342
2446
2353
2097
1714
1257
782
315
-160
-581
-835
-894
-794
-632
-459
-251
16
304
537
647
668
615
490
305
94
-101
-259
-364
-420
-329
-98
280
861
1527
2212
2771
3172
3488
3734
3820
3533
2920
2147
1316
396
-640
-1665
-2513
-3158
-3705
-4157
-4323
-4131
-3696
-3226
-2791
-2275
-1692
-1114
-676
-379
-204
-141
-139
-222
-299
-329
-293
-201
-73
85
305
670
1086
1385
1546
1522
1466
1315
982
536
-63
-723
-1389
-1998
-2481
-2775
-2891
-2840
-2621
-2237
-1660
-956
-155
626
1325
1866
2267
2570
2733
2715
2498
2178
1834
1485
1138
875
722
659
622
588
617
712
815
809
655
353
-9
-435
-948
-1478
-1982
-2393
-2726
-2908
-2865
-2590
-2126
-1548
-906
-212
521
1232
1822
2219
2429
2458
2299
1980
1567
1103
626
124
-353
-757
-992
-1044
-969
-846
-676
-429
-146
117
339
471
528
522
434
322
179
55
-38
-115
-137
-80
147
501
933
1459
2052
2641
3116
3394
3516
3546
3387
2930
2202
1381
561
-321
-1305
-2237
-2973
-3464
-3823
-4069
-4061
-3776
-3315
-2827
-2324
-1797
-1253
-765
-430
-219
-97
-39
-41
-73
-117
-128
-95
4
146
316
487
722
991
1151
1206
1103
908
596
175
-337
-892
-1435
-1910
-2320
-2622
-2737
-2698
-2456
-2045
-1527
-897
-222
500
1210
1802
2232
2528
2701
2737
2605
2309
1992
1667
1354
1065
828
725
676
639
601
559
522
417
259
-27
-365
-742
-1159
-1572
-1957
-2249
-2422
-2460
-2344
-2063
-1626
-1064
-447
186
772
1327
1774
2090
2221
2187
2046
1771
1389
923
458
28
-365
-687
-911
-995
-956
-844
-688
-528
-306
-69
128
266
322
347
323
278
206
173
165
164
174
227
395
662
1001
1397
1827
2307
2724
2973
3086
3081
2988
2698
2121
1372
616
-156
-986
-1834
-2564
-3078
-3442
-3703
-3797
-3648
-3289
-2829
-2396
-1929
-1427
-945
-534
-229
-34
78
108
79
23
-35
-59
18
141
211
295
385
530
663
692
641
492
261
-52
-437
-851
-1264
-1667
-2029
-2266
-2314
-2225
-2023
-1698
-1230
-692
-104
528
1112
1642
2033
2322
2485
2546
2493
2317
2076
1807
1490
1183
930
734
589
406
249
124
54
-25
-163
-321
-539
-790
-1047
-1311
-1492
-1632
-1700
-1674
-1571
-1344
-1020
-574
-112
356
782
1170
1509
1750
1835
1814
1677
1441
1095
693
338
21
-269
-556
-788
-900
-906
-840
-764
-647
-469
-277
-63
104
246
338
413
423
391
379
373
369
365
368
417
517
627
791
988
1213
1508
1818
2081
2211
2218
2161
2044
1796
1355
771
171
-443
-1091
-1767
-2326
-2677
-2887
-3011
-3038
-2860
-2521
-2086
-1651
-1218
-811
-449
-164
49
158
181
136
26
-140
-326
-440
-488
-514
-577
-597
-535
-408
-314
-269
-248
-205
-222
-334
-474
-625
-741
-856
-968
-1015
-969
-826
-621
-360
-15
377
734
1085
1360
1564
1751
1827
1799
1678
1494
1283
1060
824
594
387
243
167
133
148
171
188
188
167
130
44
-95
-260
-440
-612
-737
-826
-829
-804
-742
-601
-364
-79
161
370
562
775
918
959
946
814
632
405
135
-102
-258
-402
-543
-635
-644
-549
-409
-235
-50
111
260
397
498
570
622
608
532
445
362
325
291
226
155
133
178
244
295
359
415
446
449
435
447
497
598
630
596
598
624
652
610
530
434
303
106
-161
-400
-566
-710
-892
-1083
-1235
-1307
-1327
-1276
-1189
-1143
-1075
-1022
-962
-906
-845
-789
-749
-761
-796
-763
-677
-581
-570
-562
-527
-426
-322
-271
-263
-290
-344
-354
-335
-311
-263
-257
-224
-182
-130
-47
35
85
108
129
188
271
366
415
433
467
508
557
627
730
841
937
960
978
1001
1045
1042
971
846
676
499
334
163
-76
-264
-451
-558
-595
-605
-553
-473
-368
-270
-161
-7
147
297
406
464
482
453
394
324
268
197
123
70
71
139
195
246
338
429
496
518
491
417
325
214
91
-8
-101
-183
-265
-340
-361
-296
-155
5
141
254
369
468
542
562
560
516
449
362
232
146
111
124
109
110
131
179
227
243
252
213
116
-47
-230
-390
-543
-700
-874
-1062
-1161
-1193
-1183
-1111
-1024
-921
-802
-644
-511
-378
-285
-237
-225
-237
-250
-281
-298
-339
-397
-447
-498
-572
-635
-663
-621
-584
-572
-530
-453
-356
-266
-190
-136
-91
-61
-22
15
39
38
46
44
56
118
163
218
307
412
527
632
738
845
910
932
897
848
778
676
554
413
267
131
-20
-117
-156
-173
-187
-185
-144
-60
63
176
292
386
434
472
480
466
438
400
379
338
290
252
261
301
337
366
397
458
539
587
546
461
384
303
206
79
-63
-197
-293
-367
-408
-386
-323
-226
-112
12
132
242
341
413
451
426
361
292
197
103
21
-51
-142
-206
-272
-329
-366
-376
-343
-337
-313
-319
-309
-289
-300
-336
-406
-447
-495
-570
-638
-675
-636
-579
-560
-520
-435
-337
-211
-110
-64
-34
7
44
37
23
-48
-116
-208
-327
-397
-419
-448
-469
-473
-450
-400
-327
-242
-203
-185
-146
-99
-46
-25
-15
-49
-126
-223
-288
-283
-261
-231
-228
-206
-137
0
132
249
347
387
435
451
427
394
344
307
256
176
70
-29
-72
-79
-53
-60
-57
35
147
267
323
363
427
521
639
673
665
595
453
320
316
416
478
471
504
538
554
583
596
592
588
589
590
550
472
364
238
93
-39
-129
-212
-265
-285
-233
-153
-65
26
135
248
346
436
479
494
455
384
295
196
120
11
-118
-245
-352
-422
-435
-427
-472
-528
-561
-612
-655
-698
-724
-767
-806
-818
-836
-849
-831
-740
-652
-553
-438
-318
-170
-16
107
164
183
200
238
255
193
100
-6
-106
-195
-245
-291
-338
-370
-362
-313
-270
-218
-158
-104
-65
-13
41
91
114
137
134
96
45
-3
-15
-23
-16
-25
-11
8
24
47
54
48
36
7
-47
-101
-110
-130
-169
-254
-354
-378
-408
-418
-408
-351
-282
-227
-156
-89
43
199
376
495
558
602
619
643
611
545
531
486
434
395
360
359
361
386
421
471
450
416
379
343
361
389
408
391
357
306
237
199
175
172
230
279
304
326
344
419
460
477
465
429
389
345
296
243
168
78
-37
-160
-248
-329
-399
-432
-461
-517
-546
-540
-533
-538
-563
-583
-575
-568
-586
-586
-593
-595
-552
-509
-456
-375
-258
-128
-50
-31
0
40
56
72
42
2
-18
-39
-113
-224
-321
-368
-368
-393
-399
-387
-305
-230
-168
-87
10
88
152
196
204
271
278
262
222
191
136
103
55
8
-5
-25
-23
-7
9
-1
-24
-67
-95
-119
-133
-156
-190
-239
-309
-369
-413
-451
-466
-422
-348
-287
-193
-82
29
126
211
289
333
357
398
404
373
367
334
271
196
144
105
121
145
177
229
258
302
317
340
343
307
267
252
248
232
243
241
262
273
275
277
305
365
417
474
516
547
518
500
468
417
368
305
225
128
28
-34
-67
-94
-126
-143
-193
-243
-256
-284
-299
-310
-341
-363
-364
-381
-396
-442
-478
-491
-497
-483
-468
-425
-339
-265
-185
-77
6
60
62
10
-53
-84
-92
-136
-209
-282
-320
-343
-370
-354
-335
-319
-244
-227
-213
-157
-100
-16
42
87
136
178
216
220
204
206
202
202
155
127
139
145
147
169
181
175
144
92
31
-38
-83
-128
-194
-293
-377
-453
-424
-380
-366
-331
-299
-222
-128
-37
8
56
124
197
244
240
232
230
207
213
194
167
139
108
141
159
174
177
213
238
247
231
210
200
159
99
54
18
32
73
69
54
69
125
196
255
307
366
433
465
452
437
448
430
358
209
32
-39
-76
-102
-111
-152
-164
-222
-268
-226
-188
-184
-193
-179
-157
-179
-221
-246
-259
-270
-314
-368
-399
-394
-354
-319
-289
-243
-157
-38
40
86
115
156
155
91
24
-35
-66
-113
-189
-251
-269
-275
-260
-301
-332
-308
-248
-136
-45
43
107
155
171
190
214
247
286
280
279
285
255
209
161
128
155
210
244
249
235
237
216
141
26
-96
-161
-220
-273
-316
-354
-380
-395
-407
-391
-363
-274
-144
-53
26
80
136
209
230
241
217
186
176
167
166
129
80
41
50
26
14
31
38
86
109
99
101
91
82
70
65
102
100
82
48
-7
-47
-39
8
56
103
155
217
263
320
344
336
334
319
260
185
93
9
-47
-144
-233
-280
-274
-269
-297
-299
-273
-259
-224
-187
-168
-139
-110
-100
-93
-97
-108
-126
-128
-146
-145
-122
-88
-46
-30
-12
42
56
79
99
91
70
22
-47
-137
-222
-306
-355
-353
-349
-360
-386
-360
-265
-164
-37
48
102
150
180
199
248
278
283
257
234
236
220
183
153
124
126
163
193
220
207
193
147
103
60
-1
-63
-119
-169
-222
-279
-314
-318
-319
-285
-227
-151
-83
-29
32
110
167
214
235
216
191
170
158
129
85
62
38
31
42
31
31
8
-4
5
17
46
78
103
123
106
70
60
59
52
49
33
53
99
129
148
159
163
168
189
212
219
214
230
189
142
82
0
-41
-87
-124
-151
-200
-256
-285
-285
-276
-232
-202
-192
-186
-153
-125
-73
-41
-61
-43
-42
-63
-74
-83
-111
-108
-84
-52
-17
-15
-22
-33
-30
-15
-21
-31
-67
-85
-90
-123
-167
-197
-235
-266
-283
-286
-244
-182
-125
-69
-10
67
147
202
225
224
208
184
155
149
152
115
73
38
22
3
11
6
6
5
11
16
7
-8
-18
-57
-93
-131
-173
-218
-245
-207
-192
-147
-126
-87
-41
11
110
182
212
241
260
267
260
215
193
164
134
98
88
83
61
71
73
93
103
67
47
53
79
128
134
132
117
130
144
153
140
140
148
124
120
103
133
149
141
155
157
166
128
105
99
71
52
14
-47
-89
-138
-172
-181
-198
-184
-159
-154
-137
-117
-73
-50
-59
-71
-78
-55
-63
-80
-88
-77
-66
-85
-92
-99
-103
-109
-105
-126
-167
-200
-214
-201
-193
-149
-134
-146
-184
-230
-213
-214
-195
-192
-177
-150
-112
-70
-61
-44
-18
35
84
110
120
126
147
158
166
165
125
97
65
26
18
-2
-11
-33
-31
-23
-2
30
86
102
71
41
14
-6
-49
-89
-148
-145
-144
-150
-127
-95
-33
8
20
-17
27
72
105
187
229
234
223
147
92
88
67
72
93
114
105
75
63
87
100
102
91
99
116
151
170
170
164
144
150
140
130
118
122
89
41
32
39
58
56
48
50
57
45
31
22
-1
-25
-76
-137
-147
-110
-84
-69
-83
-125
-135
-140
-113
-93
-69
-33
-29
-42
-77
-78
-112
-94
-49
-44
-37
-54
-59
-90
-120
-132
-149
-141
-122
-98
-78
-90
-80
-56
-55
-54
-75
-114
-138
-156
-154
-157
-141
-101
-51
28
107
144
121
82
58
59
78
69
47
8
-40
-60
-57
-16
15
-6
-41
-61
-40
-27
-4
3
7
39
58
61
50
37
35
11
-50
-107
-133
-126
-98
-92
-110
-77
-53
-50
-29
39
125
169
180
170
166
174
171
149
135
120
107
79
31
35
45
86
113
82
81
113
145
158
151
147
159
150
118
59
39
33
26
10
0
15
15
-11
-45
-46
-17
20
71
99
92
77
53
29
14
-30
-52
-56
-81
-97
-98
-109
-108
-97
-117
-100
-87
-64
-59
-61
-50
-32
-25
-44
-70
-69
-50
-19
13
-17
-45
-50
-54
-34
-14
2
-30
-90
-93
-102
-93
-53
-33
-53
-71
-72
-79
-87
-117
-75
-47
-47
0
-2
30
78
70
71
68
64
57
72
66
43
19
-12
-24
-31
-17
-24
-15
11
1
-29
-28
-26
-18
5
-3
-43
-63
-87
-105
-100
-92
-75
-73
-89
-93
-65
-18
16
39
46
48
41
55
105
155
161
162
133
105
98
61
45
28
44
62
48
6
4
50
85
89
94
77
63
62
56
64
95
88
27
-2
-22
0
-25
-45
-44
-40
-8
29
56
82
94
95
68
42
41
28
14
-12
-16
-38
-61
-67
-67
-39
-37
-41
-45
-67
-59
-27
-12
-21
-24
-37
-41
-43
-45
-57
-36
-21
-1
29
35
18
-23
-34
-33
-41
-22
-30
-34
-21
-24
-13
-20
-36
-53
-75
-93
-115
-118
-108
-84
-47
-42
-26
-10
2
21
29
44
48
37
4
-5
14
9
26
31
17
-13
-35
-62
-57
-63
-62
-76
-113
-113
-124
-116
-106
-117
-147
-128
-74
-41
-15
3
13
1
30
52
69
95
123
133
132
150
160
160
133
126
104
102
99
87
87
83
67
71
81
82
80
70
64
67
84
97
86
58
42
17
-10
-9
-8
4
15
27
25
4
-17
-6
-21
-21
-23
-42
-31
-47
-35
-27
-28
-29
-24
-28
-37
-48
-42
-26
-25
-18
-25
-14
-26
-36
-40
-36
-24
0
2
-18
-3
-10
4
-2
7
9
29
45
29
27
22
10
-14
-32
-45
-58
-76
-76
-83
-92
-92
-90
-93
-94
-76
-59
-38
-16
-5
11
10
-5
-5
-14
-25
-28
-30
-35
-22
-11
-9
0
3
0
3
8
14
14
-15
-40
-63
-76
-94
-95
-92
-91
-85
-79
-51
-49
-43
-25
-11
2
15
49
78
101
128
155
172
178
174
181
185
171
145
115
101
93
98
126
143
141
106
41
20
36
77
115
77
49
35
39
60
57
37
6
-9
-28
-48
-70
-83
-76
-69
-37
-28
-34
-43
-44
-69
-106
-98
-90
-74
-79
-74
-79
-73
-52
-41
-39
-38
-28
-30
-30
-37
-38
-37
-16
7
14
4
12
2
0
-21
-39
-16
15
25
-19
-52
-56
-6
56
112
119
57
-17
-84
-102
-85
-54
-36
-33
-32
-54
-44
-32
-39
-1
10
12
5
-3
-8
-1
12
23
18
-6
-29
-54
-64
-42
-24
-9
33
38
33
13
-9
-5
2
0
-8
-30
-40
-50
-63
-79
-99
-98
-108
-103
-93
-73
-48
-53
-41
-2
42
75
83
77
74
68
82
74
83
114
112
107
88
82
76
83
102
105
115
113
118
114
114
121
120
108
94
84
67
58
53
32
9
-5
-20
-25
-20
-25
-33
-30
-37
-68
-77
-73
-69
-78
-78
-68
-75
-78
-83
-87
-96
-85
-70
-66
-77
-65
-48
-21
-24
-57
-76
-80
-50
-46
-43
-46
-51
-36
-26
-4
38
58
63
56
65
72
59
55
64
88
79
47
39
38
15
-3
-12
-23
-10
-12
-11
-3
-10
-14
-30
-40
-34
-30
-13
-3
-4
-25
-36
-33
-42
-55
-59
-63
-64
-51
-55
-45
-19
13
13
7
-3
-2
2
-21
-29
-32
-29
-41
-40
-35
-39
-26
-6
-2
-6
0
14
17
27
47
65
62
61
57
71
74
72
73
79
68
61
67
65
78
80
97
102
110
113
103
93
80
77
67
60
49
44
38
17
24
17
5
4
10
6
5
0
-1
-20
-36
-40
-57
-68
-88
-103
-108
-100
-92
-89
-90
-86
-62
-56
-57
-53
-43
-46
-47
-60
-69
-67
-55
-48
-46
-52
-51
-39
-29
-31
-39
-35
-8
27
46
55
55
63
64
60
36
36
33
35
35
31
35
34
27
22
32
26
25
20
26
13
-2
-11
-16
-17
-28
-31
-38
-45
-46
-44
-28
-17
-20
-21
-28
-25
-38
-35
-29
-20
-21
-30
-26
-38
-45
-51
-42
-39
-47
-45
-46
-42
-42
-32
-8
-5
5
15
22
46
53
51
50
48
56
56
60
64
81
93
90
102
94
97
96
96
93
88
81
70
70
56
35
23
13
-2
12
15
4
9
9
19
17
27
21
20
29
16
11
0
-16
-20
-20
-30
-45
-47
-54
-54
-57
-58
-45
-32
-17
-24
-29
-31
-41
-47
-48
-72
-88
-97
-111
-124
-129
-129
-119
-111
-107
-90
-76
-61
-51
-25
-19
-11
-1
-1
6
6
7
7
-3
-1
2
0
10
14
18
13
18
28
31
36
31
31
29
23
20
8
3
6
-3
3
2
19
35
46
55
61
59
68
77
53
53
33
29
25
13
-4
-25
-32
-34
-40
-38
-32
-29
-20
-13
-3
0
6
1
3
14
18
26
23
30
28
30
41
53
77
74
82
91
100
101
96
98
89
85
83
71
56
40
33
15
5
-8
-10
-23
-23
-19
-14
-5
2
5
1
3
1
7
9
-2
-12
-21
-22
-37
-45
-49
-53
-50
-48
-55
-53
-45
-42
-39
-39
-34
-36
-46
-59
-79
-95
-105
-105
-118
-121
-132
-117
-104
-97
-73
-71
-57
-56
-41
-28
-21
-24
-11
-5
-18
-19
-27
-21
-22
-12
-7
5
5
16
29
31
46
45
54
51
56
56
51
42
38
38
39
45
53
54
72
81
94
103
104
113
115
107
93
75
64
51
36
13
-5
-24
-38
-37
-43
-44
-45
-34
-35
-28
-23
-20
-14
-12
-13
-12
-5
-3
4
15
16
18
21
27
38
51
60
69
76
60
60
48
44
43
26
22
2
-6
-18
-37
-33
-39
-32
-28
-26
-15
-5
6
13
7
27
32
28
40
34
36
16
15
7
-5
-10
-13
-16
-15
-19
-24
-11
-17
-6
-10
-21
-35
-49
-53
-56
-60
-69
-71
-87
-95
-101
-95
-95
-74
-70
-66
-43
-45
-28
-31
-24
-27
-38
-33
-41
-50
-54
-63
-70
-62
-71
-69
-59
-39
-22
-17
-12
-4
-2
9
12
16
15
12
13
2
14
11
17
26
34
60
63
69
63
72
81
83
81
75
64
46
33
22
19
3
7
-3
-15
2
9
7
22
28
28
31
34
29
38
42
45
41
39
47
47
41
37
37
40
43
44
42
50
58
47
47
31
19
-2
-5
-13
-18
-20
-31
-34
-25
-21
-26
-17
-21
-6
1
13
15
28
37
40
41
36
26
17
24
25
19
5
3
-1
5
8
0
-3
9
2
7
2
-7
3
-10
-22
-31
-34
-41
-50
-58
-55
-61
-58
-59
-51
-51
-45
-41
-55
-40
-52
-61
-67
-77
-87
-93
-104
-94
-103
-114
-119
-110
-109
-102
-96
-99
-85
-83
-61
-43
-40
-31
-19
-19
-13
-4
2
7
9
19
34
36
52
58
64
74
73
75
70
65
63
69
65
61
56
49
58
59
67
65
73
73
67
71
81
95
101
97
93
86
90
93
89
86
79
70
73
71
70
75
65
62
57
43
29
25
20
7
2
-12
-17
-24
-40
-46
-49
-51
-46
-43
-39
-43
-37
-28
-28
-12
-17
-18
-12
-25
-25
-28
-27
-24
-26
-19
-28
-22
-22
-19
-15
-16
-5
0
5
12
19
14
14
7
-1
6
-1
-4
-11
-16
-24
-20
-19
-21
-27
-23
-27
-22
-23
-33
-29
-33
-38
-46
-51
-65
-67
-66
-75
-79
-87
-86
-88
-91
-82
-88
-84
-77
-77
-79
-79
-77
-71
-63
-74
-70
-61
-54
-45
-47
-22
-11
0
7
4
17
29
39
37
37
41
38
37
30
32
33
29
39
42
46
62
68
77
90
99
112
115
120
127
122
125
109
98
91
85
79
83
83
93
88
77
85
80
66
64
59
47
35
23
16
2
-12
-25
-28
-43
-45
-46
-42
-30
-24
-26
-21
-19
-17
-22
-28
-24
-40
-32
-41
-55
-59
-70
-61
-64
-56
-57
-45
-35
-23
-13
-3
5
17
10
9
15
15
18
14
19
13
11
4
-2
13
9
24
21
28
24
13
26
8
4
4
-5
-13
-18
-20
-28
-42
-45
-52
-57
-57
-59
-66
-58
-59
-60
-63
-68
-68
-76
-79
-77
-80
-94
-95
-100
-97
-91
-95
-92
-83
-70
-56
-54
-42
-28
-22
-8
-1
-1
4
2
3
15
8
9
15
17
22
38
45
54
70
83
92
98
102
105
109
108
109
106
100
104
103
103
103
97
101
99
100
92
90
85
74
73
65
53
48
41
32
17
15
9
1
-2
-14
-15
-20
-20
-21
-19
-19
-23
-14
-16
-11
-19
-27
-42
-44
-46
-51
-55
-60
-56
-55
-59
-46
-40
-32
-29
-13
-4
-2
6
0
3
-5
11
5
11
6
2
6
1
-2
2
1
0
6
7
18
7
-2
-10
-14
-15
-19
-26
-29
-32
-43
-35
-40
-41
-37
-38
-33
-38
-27
-29
-31
-24
-32
-34
-34
-41
-38
-46
-61
-68
-65
-63
-57
-53
-62
-54
-46
-40
-36
-30
-17
-21
-16
-6
-12
-3
2
-2
-5
0
0
2
13
25
25
35
50
46
62
76
73
79
89
99
104
103
108
97
99
99
95
98
94
90
89
95
95
90
82
71
62
49
37
32
27
13
2
2
-8
-8
-10
-9
-9
-14
-4
-3
-14
-16
-25
-29
-35
-40
-53
-67
-75
-84
-90
-95
-101
-102
-101
-94
-91
-81
-73
-55
-43
-43
-39
-29
-22
-28
-25
-21
-23
-16
-18
-18
-13
-12
-5
-1
8
16
25
31
32
27
24
26
16
19
16
11
3
-9
-3
-11
-4
-11
-2
-9
-10
-1
-6
5
4
7
9
-1
-3
-13
-11
-26
-34
-29
-35
-28
-38
-35
-33
-36
-36
-35
-24
-27
-34
-33
-28
-16
-17
-17
-14
-17
-16
-10
-2
8
14
18
24
34
45
45
58
66
65
64
54
65
68
75
77
63
74
70
82
77
82
83
84
82
73
64
64
70
54
59
47
27
26
20
17
17
2
5
8
2
10
12
6
1
-5
-9
-20
-35
-50
-56
-64
-80
-83
-88
-97
-89
-90
-88
-81
-73
-67
-72
-59
-42
-38
-35
-38
-38
-37
-33
-28
-33
-29
-32
-25
-26
-15
-15
-14
-4
0
1
-3
-1
-3
-6
-5
0
2
-5
-8
-13
-11
-11
-11
0
3
9
18
18
21
32
27
30
27
20
20
10
17
16
13
7
0
2
1
1
-7
-11
-11
-13
-11
0
-6
-12
-16
-18
-16
-21
-17
-18
-12
-6
-8
-2
12
14
15
11
16
23
31
39
33
42
40
44
47
42
52
58
57
64
64
68
69
70
77
81
82
85
75
77
70
60
64
55
46
39
35
28
23
24
29
22
20
7
3
3
-4
-10
-13
-26
-39
-43
-58
-52
-57
-58
-63
-70
-67
-71
-74
-74
-72
-61
-52
-56
-57
-57
-60
-54
-58
-74
-68
-67
-69
-69
-73
-68
-65
-57
-54
-53
-46
-44
-44
-34
-37
-25
-25
-20
-19
-17
-21
-24
-18
-14
-9
-13
-11
-10
1
8
22
28
25
28
28
25
28
26
25
26
28
20
12
19
24
34
38
42
33
28
34
29
27
20
19
17
12
5
8
1
0
4
5
5
9
11
17
28
35
39
37
37
38
37
37
34
35
36
30
37
33
37
40
46
44
46
46
50
57
58
52
52
48
46
43
39
32
19
19
11
15
15
12
19
4
4
-1
4
8
2
-4
-12
-15
-24
-24
-32
-40
-35
-43
-53
-51
-49
-55
-57
-50
-47
-57
-49
-49
-39
-40
-48
-51
-46
-46
-49
-47
-49
-46
-53
-48
-48
-54
-51
-52
-63
-49
-45
-43
-39
-38
-31
-37
-35
-32
-38
-29
-34
-20
-18
-22
-8
-11
-6
0
5
10
10
9
8
6
9
5
6
3
-2
7
11
22
28
27
28
25
28
26
29
28
27
30
33
32
29
25
22
20
25
22
20
26
22
30
32
29
30
31
33
29
27
27
31
27
29
23
29
32
42
43
39
41
41
46
43
48
47
54
58
47
45
49
45
48
42
40
33
20
21
14
14
8
-3
8
10
6
1
6
-4
-2
3
-7
-5
-12
-3
-11
-18
-14
-25
-27
-28
-35
-40
-41
-44
-43
-41
-42
-38
-36
-39
-37
-34
-31
-34
-30
-38
-41
-50
-52
-53
-48
-54
-46
-47
-49
-44
-47
-38
-33
-33
-35
-26
-26
-36
-38
-36
-36
-38
-35
-34
-32
-29
-18
-14
-6
-4
-7
-5
-7
-13
-9
-6
-4
4
1
0
22
18
18
20
18
30
30
29
29
33
31
28
27
25
21
21
14
18
16
19
13
16
23
24
28
26
26
26
30
28
27
24
28
32
35
25
21
24
24
28
31
40
42
42
38
37
48
46
44
34
30
27
24
22
19
24
16
15
19
24
9
13
14
19
23
20
18
16
16
5
5
4
-1
-4
-6
-14
-14
-17
-17
-18
-21
-18
-23
-25
-23
-24
-31
-36
-34
-41
-42
-43
-47
-45
-42
-38
-51
-44
-48
-47
-43
-45
-36
-39
-32
-38
-42
-43
-52
-52
-50
-58
-54
-52
-55
-51
-51
-48
-53
-54
-48
-43
-34
-29
-26
-25
-20
-15
-19
-18
-19
-19
-19
-16
-20
-9
-13
-8
9
8
31
23
35
35
45
55
44
49
47
43
47
42
39
38
37
39
36
43
47
51
57
58
66
69
63
55
54
55
48
54
50
47
44
40
39
36
36
28
28
32
28
18
24
18
15
11
8
14
2
4
10
3
8
9
3
10
3
2
0
-6
-12
-2
-4
-2
-1
1
2
0
3
-2
-1
-17
-22
-15
-13
-9
-16
-16
-22
-29
-26
-33
-29
-20
-28
-28
-26
-29
-26
-26
-26
-22
-23
-20
-19
-25
-22
-36
-37
-37
-47
-42
-41
-35
-44
-41
-41
-48
-48
-50
-50
-49
-42
-49
-31
-34
-26
-20
-24
-13
-15
-10
-5
-9
-12
-10
-5
-3
0
-3
3
5
5
15
11
23
27
33
38
33
33
29
34
31
39
35
32
30
29
34
31
32
38
36
50
50
59
52
52
59
52
50
49
47
37
28
18
21
24
23
12
20
13
19
22
14
21
13
16
9
11
-1
-5
0
3
-2
-8
-1
-7
0
2
2
1
0
9
8
2
8
6
6
-6
-6
-10
-16
-12
-16
-22
-25
-26
-26
-24
-22
-17
-18
-19
-16
-18
-15
-7
-17
-22
-21
-23
-24
-23
-24
-25
-21
-28
-26
-25
-26
-27
-38
-41
-40
-47
-47
-51
-52
-52
-55
-57
-54
-61
-57
-56
-55
-58
-49
-48
-46
-42
-41
-29
-26
-14
-13
-9
-11
-2
-2
4
4
3
8
5
8
8
11
15
29
31
39
43
52
55
60
65
69
66
59
55
54
55
54
58
45
48
46
48
54
54
54
58
64
57
58
55
44
39
31
26
18
11
14
8
11
13
10
10
7
9
10
10
6
8
8
1
1
-5
-5
-9
-11
-10
-14
-15
-10
-10
-8
-10
-8
-11
-12
-11
-14
-8
-16
-19
-23
-33
-41
-43
-45
-40
-36
-38
-32
-24
-20
-13
-14
-10
-3
-4
5
0
-10
-11
-13
-13
-15
-15
-12
-15
-19
-15
-19
-21
-27
-24
-21
-26
-25
-31
-34
-34
-41
-44
-41
-47
-44
-37
-33
-29
-31
-31
-22
-21
-16
-14
-24
-14
-20
-11
-9
-10
-17
-12
-16
-19
-12
-13
-4
-7
4
11
10
16
28
27
26
27
29
27
30
42
40
38
43
42
44
49
56
68
64
73
78
75
72
74
73
67
54
40
39
32
34
27
28
29
28
19
23
21
23
23
17
24
28
25
16
17
13
11
5
13
4
4
3
-7
0
-9
-15
-16
-16
-12
-11
-3
-13
-21
-19
-21
-23
-21
-15
-22
-19
-20
-20
-19
-21
-20
-15
-15
-12
-7
-7
-5
-7
-2
-4
-7
-13
-19
-11
-16
-27
-26
-21
-26
-30
-28
-26
-26
-27
-34
-42
-40
-39
-43
-41
-45
-40
-46
-41
-42
-43
-42
-49
-47
-48
-52
-49
-39
-41
-34
-41
-35
-35
-27
-24
-28
-26
-26
-24
-23
-17
-15
-8
-5
-9
-5
-4
-7
3
9
13
17
21
30
39
46
47
49
59
58
65
70
64
68
65
66
72
69
69
63
55
57
59
62
57
49
50
46
50
47
37
33
39
39
31
28
22
27
22
26
22
19
13
15
14
10
9
8
-1
-9
-6
-11
-14
-13
-15
-18
-19
-26
-26
-40
-37
-37
-39
-38
-34
-37
-36
-33
-38
-41
-40
-37
-34
-36
-31
-35
-38
-26
-25
-17
-22
-12
-13
-9
-12
-11
-13
-15
-11
-12
-17
-21
-27
-24
-23
-23
-23
-23
-21
-24
-20
-20
-19
-21
-22
-20
-8
-13
-11
-9
-6
-18
-14
-14
-13
-11
-17
-12
-13
-5
-8
-1
-2
-1
0
1
6
7
7
11
6
10
11
10
7
14
17
15
22
19
28
33
44
39
37
42
43
39
35
34
28
31
31
27
27
27
27
25
31
20
26
25
24
21
18
15
12
10
8
14
6
2
6
5
8
13
15
18
22
11
7
4
2
1
-6
0
-5
-10
-12
-15
-17
-13
-16
-10
-8
-11
-3
-12
-5
-11
-3
-5
-7
-3
-9
-6
0
-1
-2
5
4
-1
4
5
4
6
6
10
9
0
-3
-11
-9
-13
-12
-10
-13
-10
-13
-13
-19
-22
-22
-27
-27
-23
-34
-34
-35
-29
-25
-22
-20
-25
-19
-20
-11
-12
-12
-15
-13
-9
-16
-13
-20
-19
-17
-26
-26
-35
-25
-25
-21
-20
-19
-11
-8
-1
-8
-3
-6
-2
6
6
9
16
21
20
26
23
21
28
26
27
35
28
26
32
32
31
29
30
26
27
23
32
30
35
31
25
26
29
30
22
24
31
30
23
17
12
18
14
16
14
16
13
16
15
15
15
13
8
6
8
5
4
-1
1
-8
-16
-13
-14
-25
-28
-30
-26
-17
-16
-14
-15
-15
-15
-10
-9
-14
-12
-7
0
-6
-11
-7
-6
-7
-7
-8
-14
-7
-6
-10
-16
-22
-17
-20
-24
-24
-20
-19
-24
-24
-27
-22
-17
-19
-12
-18
-19
-13
-9
-10
-11
-7
-16
-14
-11
-15
-19
-18
-22
-18
-13
-21
-17
-17
-13
-6
-10
-6
-5
3
3
-5
-11
-14
-16
-20
-16
-24
-16
-18
-17
-3
-3
5
16
14
16
29
20
32
35
36
32
37
41
33
33
35
29
34
33
30
33
30
38
39
37
39
32
33
38
40
46
32
35
27
25
16
16
24
20
22
13
6
9
5
0
0
-8
-4
-1
-7
-7
-20
-20
-20
-22
-26
-27
-20
-30
-23
-29
-29
-30
-29
-27
-34
-31
-32
-29
-28
-21
-19
-26
-31
-32
-28
-27
-26
-19
-18
-22
-13
-16
-7
-5
-14
-5
3
-8
-13
-6
-8
-15
-15
-21
-10
-7
-8
-4
-4
5
0
8
12
10
19
15
19
15
10
11
10
9
11
11
10
14
10
12
9
4
0
7
4
4
10
2
9
7
10
10
10
14
11
17
18
18
25
26
24
23
21
29
23
16
9
8
3
6
2
11
17
16
16
11
14
19
15
15
10
17
16
12
13
2
11
7
9
8
4
4
10
9
10
12
15
17
18
17
11
9
11
11
10
6
5
-7
-9
-11
-12
-11
-4
-12
-16
-17
-22
-27
-26
-23
-30
-26
-31
-28
-24
-29
-35
-35
-34
-29
-35
-31
-23
-23
-26
-30
-28
-26
-29
-35
-27
-35
-31
-24
-26
-22
-19
-15
-22
-19
-13
-13
-10
-3
4
-4
-2
-4
-3
-4
-7
-6
-9
-2
-5
2
-4
12
2
4
1
6
13
5
11
12
15
16
20
19
14
15
16
13
10
8
16
15
21
20
24
28
28
29
34
37
33
32
22
20
21
26
25
30
18
18
20
14
13
9
7
10
5
6
12
6
16
10
17
17
13
17
12
11
6
9
3
5
8
7
4
2
6
11
6
5
-1
0
4
0
1
-5
-3
-5
-2
-4
-6
-12
-8
-5
-9
-18
-23
-24
-14
-29
-36
-32
-39
-43
-41
-36
-33
-27
-39
-29
-38
-31
-34
-28
-29
-30
-29
-31
-23
-25
-28
-28
-30
-31
-31
-35
-33
-33
-33
-39
-35
-33
-25
-18
-21
-13
-15
-3
1
0
5
6
10
12
14
16
18
19
20
24
19
18
28
29
35
37
42
36
33
31
35
36
33
37
33
28
27
25
26
34
32
38
37
29
39
38
36
39
34
39
28
33
23
22
17
11
12
7
11
2
2
-2
-1
0
-3
-1
3
9
8
6
2
-8
-10
-14
-15
-13
-13
-7
-8
-7
-8
-4
-5
-2
-1
7
12
9
9
7
16
6
3
-8
-15
-6
-12
-10
-1
1
-1
2
3
2
1
7
-1
-8
-9
-12
-6
-4
-7
-18
-15
-21
-26
-32
-36
-33
-30
-29
-28
-25
-27
-24
-25
-27
-24
-27
-29
-25
-33
-30
-34
-36
-37
-34
-25
-26
-13
-11
-7
-1
-8
-6
-2
-3
1
0
2
-1
2
1
-1
5
3
9
16
13
22
27
24
27
26
22
17
23
19
23
15
8
10
10
17
16
15
10
17
16
18
20
22
23
21
15
10
10
4
8
-4
-5
-12
-6
-12
-8
-2
-4
0
-1
8
2
-4
-4
-2
0
2
4
7
3
8
16
11
6
-3
-3
0
-2
0
5
16
15
17
17
19
14
19
22
14
18
22
20
24
24
18
20
15
10
7
7
5
4
0
-3
-2
-3
-7
-9
-7
-8
-8
-11
-16
-19
-16
-24
-30
-32
-29
-30
-37
-39
-45
-41
-37
-33
-36
-35
-37
-42
-34
-36
-32
-32
-36
-29
-25
-23
-18
-13
-17
-11
-8
-6
-8
-13
-12
-16
-14
-10
-10
-10
-1
-3
4
3
10
13
11
14
10
9
14
15
15
15
15
18
15
19
23
28
30
24
30
20
20
20
15
20
21
28
24
22
15
11
13
5
-2
5
-1
4
11
9
7
13
6
-2
0
5
11
6
11
7
15
18
16
15
16
17
15
9
11
13
12
13
8
12
9
5
3
3
4
6
5
-1
4
12
12
13
16
15
17
20
14
16
10
5
4
1
-4
-6
-4
-6
-16
-17
-14
-14
-18
-13
-17
-13
-11
-13
-14
-17
-18
-22
-24
-28
-31
-27
-25
-28
-28
-32
-29
-31
-36
-29
-27
-25
-21
-18
-16
-19
-19
-14
-17
-11
-12
-10
-10
-9
-10
-11
-7
-8
-7
-4
-2
2
7
10
12
7
11
15
15
19
13
19
17
21
28
25
32
35
29
36
38
34
35
35
36
33
31
23
25
14
22
16
13
10
5
14
6
11
8
3
3
-1
-1
-8
-7
-1
-11
-10
-12
-8
-10
-8
-6
-12
-9
-8
-13
-17
-15
-19
-12
-8
-8
-11
-8
-8
-3
-5
-8
-13
-4
-7
-11
-3
-6
0
-6
0
0
1
1
3
4
9
9
12
17
11
7
1
3
-2
-4
-1
-5
-4
-8
-9
-10
-5
-6
-7
-9
-13
-14
-16
-13
-20
-23
-16
-23
-18
-15
-14
-13
-16
-18
-15
-19
-18
-19
-15
-16
-20
-19
-17
-13
-14
-14
-20
-14
-12
-10
-7
-14
-10
-5
1
7
2
4
17
19
18
23
19
22
29
28
31
20
23
20
14
13
16
19
23
23
22
26
22
30
24
23
24
18
22
14
13
10
11
7
10
12
5
8
10
6
4
6
7
11
1
6
0
-3
0
-4
2
-3
-7
-6
-5
-4
-8
-7
-17
-17
-16
-25
-24
-27
-27
-23
-23
-13
-21
-15
-15
-15
-13
-12
-3
0
-5
-2
-2
-1
4
9
2
3
2
-3
4
0
-5
-4
-2
-6
-4
3
-3
0
-1
3
0
8
3
3
4
5
-1
-6
-5
-5
-3
-6
-11
-11
-10
-12
-10
-6
-8
-8
-3
-5
-4
-3
-1
-1
-3
-4
-11
-9
-13
-13
-14
-14
-10
-5
-1
-3
4
3
-3
3
6
10
12
9
10
15
21
15
17
16
18
21
25
24
20
26
25
20
23
19
21
25
15
18
16
18
13
13
17
13
14
12
10
12
13
11
9
2
5
5
2
-3
-2
3
0
-1
3
2
2
2
5
1
-3
-4
-1
-5
0
-3
-11
-16
-14
-7
-8
-9
-13
-12
-19
-16
-14
-12
-8
-13
-13
-7
-8
-10
-14
-12
-7
0
-2
-8
-10
-11
-6
-8
-6
-8
-11
-7
-10
-2
-1
-1
-1
-1
-6
-2
-10
0
-2
-7
-5
-3
-3
-5
-1
-1
-7
-10
-13
-8
-2
-6
-4
-11
-9
-10
-13
-15
-11
-11
-9
-10
-13
-11
-15
-12
-16
-9
-10
-15
-9
-13
-7
-7
-4
-6
-6
1
-2
-1
1
2
5
15
16
17
23
20
21
24
27
25
19
23
17
26
22
18
19
17
15
13
11
13
13
13
8
6
8
11
9
10
11
6
4
6
6
3
-6
-6
-5
-5
-7
-3
1
3
1
-3
5
2
2
7
-2
0
-2
-8
-8
-9
-6
-6
-2
-7
-9
-6
-5
-7
-8
-6
-3
-7
-5
-5
-3
-7
-3
-6
-8
-8
-16
-15
-19
-14
-18
-18
-14
-11
-8
-8
-6
-3
-1
-6
-1
0
-1
0
-3
-2
0
-8
-2
-2
-5
-5
-8
0
-3
-1
1
-1
0
3
6
0
-3
-3
-5
-7
-1
2
2
-5
-5
3
3
4
0
0
-4
-4
-7
-12
-5
-3
-2
0
-2
8
7
8
8
7
4
7
2
11
8
9
13
11
17
13
13
13
10
14
6
8
11
12
18
8
15
16
16
22
20
20
17
15
8
6
6
3
3
2
-2
4
3
4
1
3
7
7
3
-1
1
-2
-2
-2
-4
-2
-3
3
3
0
3
-1
0
-2
4
2
3
-2
1
4
1
0
-1
-1
-8
-1
5
6
5
0
-3
-5
-7
-8
-10
-6
-11
-11
-17
-14
-16
-11
-9
-10
-7
-14
-10
-10
-12
-10
-7
-8
-8
-5
-7
0
-3
1
-1
-4
-1
-6
-6
-6
-7
-4
1
3
4
5
0
-5
-6
-8
-7
-7
-4
-2
2
-4
2
1
-5
-1
-3
-4
-5
-2
-5
-7
-9
-8
-11
-12
-6
-13
-8
-9
-1
5
4
5
8
12
9
9
7
7
9
9
15
15
14
19
21
14
12
15
13
14
14
10
6
12
9
9
6
8
12
7
8
8
5
5
4
2
3
-2
-2
-9
-6
-2
-14
-7
-17
-10
-8
-13
-11
-22
-14
-12
-17
-13
-13
-12
-13
-9
-8
-9
-13
-11
-10
-11
-17
-13
-9
-4
-4
-5
1
-3
0
-1
0
-2
5
5
4
5
-3
1
0
-5
-5
0
2
11
15
16
16
12
15
11
13
8
9
8
7
7
3
7
4
6
7
2
3
-2
-3
-3
-8
-2
-1
-1
-6
-8
-11
-8
-5
-12
-6
-11
-10
-7
-7
-5
-8
-1
1
-4
-9
-7
-8
-7
-12
-8
-10
-4
-3
-3
-1
-1
2
-5
0
-5
1
8
10
16
14
17
22
16
22
20
14
17
13
13
11
7
12
6
5
7
7
7
6
8
7
7
8
12
11
5
1
5
-6
-5
-7
-8
-6
-6
-3
-8
-3
3
-1
2
4
1
1
-3
-7
-8
-14
-19
-15
-20
-21
-18
-18
-19
-17
-13
-12
-12
-8
-8
-5
1
-2
-2
-3
-5
0
1
-2
0
2
3
9
10
7
5
10
4
4
3
3
3
11
9
11
13
8
11
5
13
12
13
11
10
8
10
13
14
9
8
5
9
13
8
14
13
10
9
4
0
0
-3
-3
-4
-4
-1
-5
-6
-9
-9
-9
-12
-8
-9
-10
-8
-8
-14
-10
-11
-5
-7
0
4
4
6
8
9
2
12
7
12
12
17
14
12
12
9
9
8
8
8
7
1
5
-5
-10
-9
-10
-10
-13
-17
-13
-16
-11
-9
-11
-11
-11
-6
-6
-5
-10
-13
-10
-14
-20
-18
-21
-20
-19
-21
-20
-23
-17
-18
-14
-16
-15
-13
-11
-14
-18
-5
-14
-5
-8
-9
-8
-5
0
-4
6
5
11
10
12
12
18
20
22
16
17
22
20
17
14
10
8
8
3
6
5
12
13
19
18
24
24
15
18
13
14
9
9
8
3
7
5
6
8
6
13
8
8
5
-2
5
1
-3
-3
-10
-4
-7
-11
-7
-12
-6
-14
-18
-17
-10
-11
-14
-11
-9
0
-6
-7
-12
-11
-12
-9
-15
-10
-12
-15
-12
-7
-3
-1
0
4
5
4
9
3
6
1
2
4
1
-1
0
-2
-6
-2
-4
-2
1
0
1
7
5
8
6
9
6
2
3
5
0
-3
1
2
1
-3
0
-3
-1
1
1
3
2
3
-4
-2
-1
-3
-6
-13
-6
-9
-2
-5
-7
-7
-4
-1
3
4
5
8
5
5
1
5
-5
-7
-6
-7
-10
-4
1
3
6
1
4
8
7
8
4
7
9
8
12
9
15
11
9
9
5
10
9
8
8
4
3
-1
-5
4
-1
-2
-5
-8
-4
-8
-9
-6
-8
-1
-5
-6
-3
-5
0
3
5
2
3
2
-1
3
2
2
6
5
9
3
7
6
3
8
3
7
13
17
12
10
19
19
18
15
13
8
8
8
8
8
8
8
8
6
13
6
8
8
11
9
0
0
3
6
-2
-1
-6
-7
-11
-15
-18
-16
-12
-14
-5
-14
-16
-12
-14
-18
-18
-17
-19
-15
-19
-18
-22
-17
-19
-21
-21
-24
-25
-29
-28
-24
-26
-24
-25
-25
-21
-23
-21
-18
-13
-11
-10
-3
-2
-5
0
-5
-5
-1
-7
2
4
9
5
10
11
8
13
17
18
16
19
20
21
22
23
23
20
23
21
20
14
14
16
17
12
13
11
9
7
5
11
6
7
4
6
6
14
10
4
4
4
4
5
3
8
2
1
3
0
8
3
2
-1
4
1
0
1
3
6
4
5
2
3
1
-2
-3
1
-3
-2
-5
-2
0
3
-2
4
2
-3
1
-5
-1
0
1
6
6
4
8
0
-5
-5
-5
-6
-7
-9
-7
-10
-12
-15
-14
-17
-17
-9
-12
-2
-5
-3
0
-3
-1
-7
-6
-11
-8
-10
-11
-11
-10
-14
-17
-13
-7
-9
-13
-13
-13
-12
-12
-11
-10
-12
-5
-5
-7
-3
-5
2
3
-5
-3
0
-3
3
0
-1
-1
-5
-3
-5
1
3
2
3
8
10
7
9
13
17
16
14
14
18
18
12
10
10
14
16
12
4
6
12
3
5
-2
-1
-6
-5
3
-2
1
-1
1
-4
1
-1
5
-1
-2
1
-4
0
-7
-8
-10
-10
-3
-3
2
1
7
5
5
6
6
13
18
12
9
2
5
4
4
9
7
6
5
9
14
13
11
14
10
13
12
14
9
11
14
10
7
3
1
0
3
2
0
0
-1
-7
-7
-1
-1
-1
-2
-5
-9
-9
-9
-11
-12
-10
-6
-10
-15
-11
-11
-10
-13
-13
-17
-15
-17
-14
-17
-17
-13
-10
-3
-7
-7
-3
5
-2
2
1
0
0
-2
5
0
-2
1
-3
-4
-3
-3
-2
-2
-1
-2
0
3
2
3
4
5
4
6
10
8
7
10
8
4
4
0
2
-2
-2
-6
-7
2
-5
0
-9
-5
-6
-1
0
-4
3
-2
0
-2
4
-2
0
-5
-6
-8
-2
-2
0
0
-3
1
3
4
8
9
12
7
7
5
3
8
1
7
6
9
2
7
9
6
5
7
7
5
1
1
0
-3
3
-3
2
3
3
4
3
4
7
6
4
1
2
4
3
4
-2
1
0
-3
-4
-8
-5
-7
-2
-2
-3
-4
-1
-6
-5
-2
-5
-7
-12
-10
-13
-9
-11
-12
-10
-11
-10
-10
-7
-6
-4
0
-4
-2
-16
-9
-9
-13
-9
-13
-4
-5
-2
-1
-4
-4
0
-1
5
8
6
9
6
7
8
6
4
6
8
9
9
9
8
7
9
8
5
8
7
7
6
1
1
6
-3
-3
-4
-5
1
-6
-6
-8
-1
-3
-4
-1
-3
0
-2
-5
-3
-3
-2
-4
-4
-7
-7
0
-7
-6
-5
1
-3
-4
-3
1
2
-6
-1
-2
-3
3
6
-4
2
0
4
4
1
-1
1
3
8
7
6
6
4
8
4
6
4
1
-1
1
-1
-4
1
-3
-2
-1
1
2
5
3
3
1
2
6
1
3
1
0
-1
2
-1
-1
-2
-3
-5
-3
1
0
0
2
-1
2
1
4
3
2
3
5
4
1
5
4
3
8
10
9
12
8
13
13
11
10
7
10
5
12
8
10
3
7
10
8
8
1
7
1
5
3
2
3
2
3
6
6
-2
5
-1
7
0
4
1
-4
4
-1
2
-1
0
-7
-4
-8
-8
-6
-6
-9
-13
-11
-15
-16
-20
-21
-15
-14
-17
-14
-16
-9
-15
-9
-8
-13
-12
-10
-17
-13
-19
-15
-11
-18
-13
-19
-15
-12
-13
-8
-5
-3
-3
-4
2
2
8
8
7
11
13
16
16
12
15
11
12
10
7
6
9
6
7
5
3
1
1
5
4
1
3
2
-1
-4
-1
3
1
8
2
1
-1
2
3
-4
0
3
7
3
9
7
4
3
-5
-4
7
2
8
1
7
5
3
4
3
7
8
3
3
9
10
12
8
12
12
10
6
2
6
5
7
10
6
-1
-3
-3
0
-2
-6
-2
-3
-4
-3
-9
3
0
-3
-1
-8
-4
-6
-8
-10
-10
-9
-9
-10
-14
-13
-12
-7
-6
-10
-5
-4
-13
-13
-14
-8
-6
-10
-12
-14
-6
-8
-6
-5
-8
-8
-6
-8
-9
-11
-7
-8
-11
-6
-14
-8
-10
-9
-4
-6
-6
-8
-7
-3
-6
-6
-2
-6
2
2
10
4
7
8
5
10
7
12
3
8
6
5
10
9
13
12
8
7
9
14
15
10
18
9
15
16
8
17
13
17
15
14
11
8
7
7
6
0
1
-1
0
-1
6
-3
0
-3
-3
0
-1
-3
-3
1
-5
-3
-8
-6
-3
3
1
1
4
3
2
-2
1
-2
-3
-5
-5
-2
-1
4
-3
1
2
-1
8
6
6
8
8
9
7
6
1
5
1
0
3
-2
8
3
7
6
-2
-1
-1
0
1
1
-5
-3
-8
-5
-9
-7
-2
-11
-4
-11
-5
-6
-9
-3
-8
-5
-3
-4
-1
1
0
4
2
3
2
3
0
-2
4
1
1
-4
-2
-4
-2
-2
0
0
2
-2
-8
-1
0
-3
-3
-2
-2
-2
-4
-4
-2
5
3
2
0
-4
-8
-3
3
0
1
1
-5
-3
-4
-7
-8
-9
-8
-4
-5
-5
-8
-2
4
1
2
-1
0
0
2
3
2
-2
-1
-4
-3
-7
-1
-5
-3
2
-1
7
1
6
6
9
3
4
6
4
11
2
8
14
13
17
9
14
15
17
19
11
14
12
8
6
7
3
5
6
3
3
2
5
6
-1
-2
1
5
3
2
-4
-2
-8
-9
-7
-17
