SAMPLES:	16018
BITSPERSAMPLE:	16
CHANNELS:	1
SAMPLERATE:	16000
NORMALIZED:	FALSE
-5
-6
2
-8
-4
2
3
3
0
-6
-5
0
4
2
3
7
8
7
8
6
0
4
5
2
-8
-6
-2
-1
-4
-8
-6
-5
3
-1
-3
-1
-1
2
-10
-6
-9
-4
-4
-11
-6
-8
-4
-4
-4
3
7
3
1
-2
0
1
0
-8
-10
-7
-2
-2
-3
-5
0
6
0
-3
-11
0
-1
-7
-3
11
17
11
2
0
3
4
3
0
3
3
-3
-4
1
6
0
-2
-1
-4
3
10
6
2
-2
-5
-5
-4
9
10
6
-7
0
7
9
10
-1
1
-2
7
7
10
15
16
10
1
11
12
19
14
14
9
4
9
4
1
4
7
10
8
7
13
9
8
6
10
3
7
6
6
-3
-1
19
10
-1
-18
-13
-3
-4
0
6
0
1
-2
-6
-7
1
-1
-10
-13
-12
-3
-2
-6
-15
-14
-19
-19
-13
-19
-16
-6
-5
-9
-7
-6
-7
-11
-10
-6
-10
-10
-16
-15
-15
-8
-9
-14
-14
-16
-13
-9
-9
-6
-9
-15
-12
-11
1
-6
-3
2
1
9
11
10
13
12
11
12
11
13
5
6
12
16
16
13
16
13
14
20
12
13
11
6
6
6
11
10
8
7
2
-6
-10
-6
-3
-3
-1
0
-4
-3
-2
-4
-1
4
0
6
5
6
5
1
1
-3
-3
4
1
2
-2
-5
-6
-8
-11
-13
-15
-10
-6
-5
-4
-5
-1
-4
-1
-8
-4
-9
-8
-5
-7
-1
-4
-4
2
-1
-1
0
-2
0
-3
1
5
1
1
-4
-6
-8
-11
-11
-10
-3
-3
-5
-2
-2
-1
0
-2
7
6
8
12
12
10
11
13
5
4
4
6
3
2
-4
3
2
3
-9
-8
12
6
-10
-17
20
13
-21
-16
4
6
-17
-14
-5
6
-5
-24
-21
-4
10
-8
-20
-3
10
-1
-6
13
9
-4
5
17
10
-3
9
21
8
-6
12
19
8
1
8
17
9
8
10
16
12
-1
7
2
-2
-3
-5
-3
-3
-3
-5
-1
-6
-9
-10
2
6
-1
-1
12
12
4
0
2
8
-3
-3
3
3
0
-5
-5
-8
-10
-5
-8
-7
-11
-9
-7
-3
-3
-1
3
8
8
5
8
4
4
4
2
1
1
2
0
1
-3
-5
1
2
4
1
5
2
10
9
7
12
8
3
-2
-3
-2
-4
-1
1
-5
-8
-1
5
0
10
12
7
6
6
6
3
6
0
1
1
-4
-1
-2
-6
-3
-7
-9
-6
-1
-3
2
0
-1
9
4
7
3
-1
-6
-10
-16
-12
-8
-7
-5
-9
1
-5
-10
-4
-6
0
0
4
6
8
8
-3
-5
-6
-13
-13
-10
-2
-4
-6
-3
-4
-2
-1
0
6
9
5
1
5
10
7
6
1
3
-1
-5
-4
2
8
-4
-3
1
1
0
-1
0
2
2
9
5
-1
1
-4
-4
-12
-13
-14
-13
-8
-5
-10
-6
-2
-1
-1
-5
1
-3
5
5
7
9
-1
4
-1
-3
-1
1
-1
5
4
0
1
2
5
0
5
11
12
14
10
9
12
4
1
1
2
-1
2
3
5
8
4
0
3
-1
1
-2
-4
-5
-1
3
0
1
-3
3
-3
-11
-13
-19
-19
-22
-23
-18
-13
-13
-12
-10
-13
-15
-6
-3
1
2
8
8
2
0
-4
0
-8
-12
-9
-8
1
4
0
3
2
4
6
1
9
5
8
11
7
10
6
9
8
10
12
11
13
19
20
24
19
19
13
10
10
2
6
1
3
8
1
1
-5
-2
-7
-9
-7
-8
-2
-3
-1
-10
-9
-11
-10
-5
-1
-2
-4
-11
-7
-9
-6
-6
-6
-1
-7
-6
-8
-2
-9
-2
-6
-6
-2
-2
6
7
4
5
2
4
3
-2
7
1
3
6
2
2
-3
2
0
5
8
6
6
5
5
-4
-6
1
2
-1
1
0
0
-3
-5
-7
-7
-4
-2
3
3
4
0
-1
-1
2
6
6
4
7
2
3
7
6
8
2
1
1
0
2
-8
-5
-2
-3
-2
0
2
0
1
6
2
2
3
5
4
6
6
0
-1
1
-4
1
-1
5
7
7
10
9
7
4
6
10
11
12
9
9
9
4
5
8
5
2
-1
-2
0
-4
-4
-11
-6
-9
-7
-4
-7
-7
-14
-12
-14
-15
-9
-8
-6
-9
-12
-13
-16
-18
-22
-23
-19
-19
-11
-15
-11
-9
-11
-6
-5
-3
-7
0
1
-1
-4
-7
-9
-3
-5
-2
4
-3
2
2
5
13
10
22
18
13
20
17
17
15
11
9
10
2
2
-4
1
5
-1
7
5
13
9
5
7
3
4
6
9
8
10
5
4
3
0
1
-1
3
2
4
5
6
11
8
4
1
2
0
3
1
-6
-3
-12
-10
-16
-15
-12
-10
-13
-12
-11
-12
-13
-13
-11
-10
-6
-2
-1
-3
-7
-7
2
1
0
-6
-8
-12
-11
-15
-7
-12
-12
-10
-9
-1
1
0
4
7
2
1
2
5
9
6
11
9
8
9
5
9
6
8
7
5
6
8
13
8
8
5
-1
-8
-5
-3
-4
-7
-8
-8
-6
2
1
-2
-8
-4
-5
-7
-6
-3
2
3
-2
1
-1
3
4
1
4
3
5
4
14
10
10
16
15
18
12
11
11
4
1
-3
-3
-5
-13
-13
-11
-15
-15
-12
-12
-11
-9
-4
-4
-6
2
6
7
11
9
6
3
-7
-10
-9
-11
-17
-12
-11
-14
-12
-16
-11
-11
-7
-6
6
6
9
10
13
16
12
12
7
6
3
6
3
8
8
11
17
18
21
23
24
21
24
13
12
9
-1
3
5
2
-1
-1
-2
-7
-12
-8
-8
-6
-7
-2
0
1
4
6
5
5
6
7
8
-1
3
-2
-6
-7
-10
-8
-11
-6
-8
-5
-11
-10
-16
-14
-8
-11
-10
-10
-6
-7
-3
-2
6
4
1
3
2
10
10
11
9
8
15
7
9
5
-1
1
0
1
-3
0
0
-3
-4
-3
1
2
1
2
3
5
6
3
8
-1
5
-2
-3
-4
-11
-6
-6
-7
-10
-11
-8
-8
-8
-2
-2
-3
-4
-4
-7
-9
-12
-7
-8
-5
-6
0
-2
1
1
4
1
0
5
3
6
5
9
5
11
14
7
9
8
0
-2
-5
0
2
2
0
1
-2
-3
-2
-4
-4
-2
3
-1
6
9
10
11
12
8
4
7
4
-4
-4
-5
-5
-1
-6
-2
-5
0
4
-3
-6
-11
-9
-6
-4
-4
-1
1
-4
-2
-5
-7
-3
-10
-5
-5
-5
-3
-6
-1
-2
0
0
-4
-1
0
0
-5
-6
-2
-9
-3
-11
-11
-10
-10
0
-8
-3
-11
-7
-8
-8
-7
-8
1
2
-3
1
-2
-1
2
0
4
1
6
5
12
13
12
13
11
9
8
10
6
6
2
0
-3
0
-3
-3
-2
-3
0
0
3
0
3
-2
0
4
1
8
5
6
8
3
5
2
4
3
4
1
-1
4
5
7
14
12
8
5
0
2
1
1
0
-1
-9
-5
-10
-10
-10
-10
-10
-10
-8
-4
-3
2
2
-2
2
3
10
8
8
6
2
-2
-2
-6
-5
-6
-3
-3
-3
-6
-6
-7
-9
-3
-4
0
1
3
4
3
8
7
3
10
2
7
6
6
6
3
0
3
5
5
6
4
2
5
9
9
13
9
9
2
6
1
4
3
1
3
4
6
3
5
0
0
4
5
8
5
6
0
-2
-4
-5
-2
3
5
6
7
7
2
1
-1
-7
-7
-12
-9
-15
-10
1
-3
-1
-7
1
-7
-6
-3
-6
-5
1
-3
-4
-2
-5
0
0
-3
-4
-7
-7
-6
-6
-6
-10
-7
-5
-5
-6
-6
-5
-7
-8
-3
-6
4
-3
3
4
3
3
2
3
0
-2
4
2
5
11
4
5
4
1
1
4
5
9
8
6
11
8
7
5
3
2
5
7
-1
2
-1
3
2
-2
3
5
5
3
5
4
6
7
8
4
6
1
2
4
-1
2
-10
-6
-6
-9
-12
-13
-5
-9
-9
-11
-5
-9
-11
-9
-11
-6
-6
-7
-9
-12
-6
-7
-11
-13
-14
-15
-15
-15
-8
-13
-6
-15
-9
-7
-13
-10
-11
-6
-11
-3
-4
1
1
0
-5
-3
-1
0
0
-1
1
0
3
3
11
5
8
10
3
8
6
12
12
10
17
13
17
14
12
9
6
2
1
-1
2
3
8
5
5
10
11
7
4
1
4
1
0
3
1
0
-6
-4
-8
-10
-13
-12
-7
-9
-10
-6
-5
-4
0
0
4
-3
-2
2
0
-1
-2
3
-4
2
2
0
9
-1
6
3
0
6
7
10
5
9
8
8
11
12
8
2
1
-4
-5
-4
-2
-2
-4
0
1
-3
2
-1
4
7
5
8
2
3
6
4
-1
1
2
1
-2
-6
-6
-6
-7
-3
-1
-2
-2
4
0
-2
1
4
6
4
2
3
7
4
7
5
4
3
8
9
8
9
10
7
10
6
5
5
3
2
2
6
2
1
2
3
0
6
4
3
0
1
7
2
4
-6
-2
-5
-4
1
-6
0
-4
-5
2
3
1
2
0
0
-7
1
-3
1
0
-6
-3
-5
-4
-7
-9
-7
-4
-5
-3
-3
-2
-5
-4
-3
-4
3
5
3
4
2
3
-1
-2
-6
-8
-6
-9
-7
-8
-6
-10
-14
-12
-13
-12
-11
-4
-6
0
0
1
9
1
-1
3
2
7
0
-2
-3
-9
-9
-8
-6
-6
-2
2
3
6
4
1
7
9
5
3
4
3
6
-2
1
5
1
2
-1
1
-2
-2
-1
-1
5
4
11
6
6
5
-2
2
-1
-2
1
1
2
1
-3
-4
-5
-1
-7
-3
-7
-12
-7
-6
-5
0
-10
-5
3
2
-2
-4
-9
-7
-11
-9
-9
-4
-4
-6
-2
-3
-4
-3
4
-4
4
1
1
-2
-2
1
-1
0
-8
-11
-6
-4
-6
-3
1
1
-1
-1
-6
1
6
6
3
2
6
3
2
5
7
4
8
3
4
2
1
9
8
10
7
3
1
2
1
1
2
-2
0
-1
-3
3
7
7
7
9
10
13
9
5
8
8
6
-1
3
-2
2
1
2
0
-1
5
2
3
-1
1
1
2
-6
-7
-6
-5
-8
-2
-2
-4
-2
-10
-4
-8
-3
-1
0
-2
0
-1
-4
-2
-3
0
-1
2
2
0
1
4
2
6
9
9
11
8
12
8
6
4
2
1
2
6
5
8
15
18
19
18
16
13
18
10
12
8
2
3
-4
-1
-8
-7
-9
-11
-12
-11
-10
-12
-10
-8
-5
-10
-9
-14
-13
-11
-9
-5
-10
-4
-4
-4
-1
-1
-1
-2
-1
0
2
-1
-5
4
1
3
3
-4
0
-1
5
4
9
10
5
12
9
8
10
11
8
7
3
4
6
7
7
10
6
5
2
7
4
8
2
2
1
-1
-4
-7
-7
-9
-6
-11
-10
-9
-6
-9
-4
-9
-9
-6
-6
-3
-5
-6
0
0
1
-1
-1
-4
-3
-3
-7
-8
-8
-4
-10
-10
-7
-7
-12
-10
-13
-14
-13
-9
-11
-10
-5
-3
-4
0
-2
2
-3
0
1
-3
4
0
1
-2
4
2
-5
1
0
-3
1
-1
2
4
3
6
2
5
8
5
6
4
3
4
5
3
7
7
7
10
8
7
6
5
1
3
5
6
7
7
8
12
13
7
13
9
7
7
5
3
-5
-1
-3
-3
-2
0
1
0
0
5
5
2
0
0
0
-4
-8
-6
-8
-5
-9
-11
-10
-15
-14
-19
-17
-17
-16
-12
-12
-10
-8
-3
-7
-11
-11
-13
-9
-6
-4
-6
-4
-9
-3
-2
-9
-1
4
7
7
4
5
5
4
0
2
4
4
1
1
4
-1
8
6
3
6
-1
7
4
4
3
0
4
8
12
7
10
7
2
5
5
5
3
5
3
6
4
2
1
-2
-3
-1
0
1
2
2
1
3
3
4
5
3
5
7
4
4
2
10
10
5
3
2
3
-1
-1
-1
4
3
0
0
-2
-4
-6
-7
0
-6
-5
-4
-1
-1
0
4
3
2
1
3
8
6
11
8
9
8
2
7
-2
2
1
1
0
-3
0
-2
-2
1
-2
-4
1
-2
-2
1
-4
2
-2
-6
-2
-3
1
0
4
3
4
9
4
7
4
2
7
2
9
5
-1
-2
-10
-9
-10
-11
-12
-8
-8
-9
-7
-7
-5
-4
1
0
5
1
11
6
5
2
1
9
4
6
6
5
3
2
0
-1
-1
1
-2
-2
-3
-7
-5
-13
-11
-10
-8
-10
-8
-10
-5
-6
-9
-5
-7
-1
-3
0
1
2
1
-3
1
-3
0
-2
-2
-5
-4
-4
-2
-4
-5
-7
-6
-3
-11
-7
-10
-6
-9
-6
-2
-3
2
0
2
3
6
13
5
6
9
6
0
3
2
5
11
8
8
11
8
6
-1
-1
6
-1
5
0
2
4
3
2
3
5
9
9
9
14
13
8
8
11
7
6
0
-3
-2
-3
-6
-7
-8
-10
-7
-5
-4
3
4
-3
-1
-3
-6
-6
-3
-1
-3
-7
-1
0
-7
-4
-5
-1
1
1
-4
-1
1
1
5
1
6
7
0
-3
-3
-6
-4
-11
-13
-12
-12
-14
-14
-16
-18
-15
-6
-7
-2
-1
3
4
3
6
9
7
10
6
6
5
9
15
4
9
3
5
2
0
1
-2
0
-1
-4
0
-3
1
2
1
8
3
11
6
6
11
6
7
2
-6
-4
-8
-6
-6
-6
-5
-7
-1
1
2
15
53
182
295
276
175
78
85
43
-108
-240
-288
-305
-388
-456
-378
-188
-97
-162
-188
-123
-21
8
-6
92
199
202
153
199
311
381
318
182
107
58
11
-49
-75
-54
-43
-73
-120
-75
6
61
47
0
21
65
90
112
188
264
283
233
180
191
190
122
25
-56
-98
-136
-189
-200
-173
-153
-180
-238
-246
-200
-171
-170
-177
-144
-99
-64
-40
3
46
52
12
-38
-45
-51
-65
-82
-95
-81
-69
-65
-43
-31
1
-6
-29
-26
9
57
88
116
148
164
173
172
166
155
122
76
12
-20
-24
-24
-41
-49
-51
-34
-36
-30
-26
-22
-11
-24
-22
-7
16
32
24
1
-17
-40
-68
-100
-121
-137
-149
-154
-142
-106
-64
-28
26
108
206
292
361
400
429
442
403
375
352
361
389
430
465
469
377
233
108
-22
-170
-343
-505
-592
-620
-631
-603
-503
-356
-252
-226
-217
-162
-69
-18
-2
44
113
179
202
205
233
220
114
-59
-233
-331
-417
-499
-564
-566
-515
-458
-389
-312
-204
-117
-62
-32
30
119
211
308
406
478
503
493
465
418
326
215
76
-36
-133
-198
-221
-196
-150
-126
-92
-27
66
206
472
1086
1592
1516
1043
424
104
-230
-805
-1159
-1217
-1283
-1420
-1453
-1065
-353
0
-156
-247
-247
-150
-38
35
311
546
450
229
223
286
376
194
-249
-577
-697
-625
-461
-300
-45
263
357
255
259
429
574
441
225
295
563
870
1038
1300
1680
1851
1730
1598
1706
1847
1696
1101
470
23
-423
-878
-1217
-1406
-1555
-1835
-2144
-2131
-1800
-1459
-1221
-1044
-857
-552
-286
22
508
917
1028
915
741
666
640
426
104
-223
-644
-1090
-1434
-1561
-1457
-1380
-1501
-1606
-1504
-1277
-989
-682
-313
97
354
495
716
1125
1493
1625
1486
1293
1169
970
709
477
331
110
-235
-581
-722
-661
-614
-632
-683
-599
-455
-279
-15
334
692
907
948
1009
1132
1209
1168
1035
832
576
313
93
24
-11
-117
-255
-51
680
1121
941
348
-214
-457
-931
-1467
-1486
-1230
-1045
-1055
-984
-402
365
562
326
127
-65
-199
-368
-432
-182
-35
-253
-468
-526
-357
-80
-108
-322
-511
-627
-516
-308
-31
353
637
649
523
563
738
848
719
602
658
767
866
960
1180
1422
1412
1202
1043
1075
1359
1645
1738
1532
1014
402
-84
-399
-729
-1177
-1681
-2045
-2214
-2236
-2026
-1585
-1083
-837
-923
-1052
-891
-465
-96
59
129
254
382
442
465
569
602
294
-342
-981
-1264
-1248
-1271
-1407
-1508
-1468
-1355
-1216
-1007
-672
-307
-121
-136
-108
171
581
927
1111
1197
1203
1146
1061
997
937
772
447
80
-224
-383
-376
-295
-228
-236
-275
-255
-100
124
319
400
462
516
586
686
848
1051
1126
1009
773
612
587
560
460
405
752
1538
1741
1252
403
-317
-665
-1377
-2092
-2158
-1906
-1754
-1681
-1391
-595
268
392
175
87
-19
-120
-360
-449
-234
-169
-360
-409
-265
49
253
35
-336
-628
-773
-692
-610
-412
-32
241
410
495
709
1039
1131
904
805
916
1061
1211
1299
1530
1799
1740
1508
1365
1407
1580
1699
1694
1506
1035
348
-213
-530
-820
-1314
-1868
-2212
-2267
-2214
-2124
-1822
-1335
-990
-1014
-1147
-985
-484
-40
84
79
223
421
461
328
288
273
40
-568
-1220
-1469
-1430
-1422
-1588
-1714
-1624
-1394
-1207
-1013
-629
-230
-12
51
132
422
804
1094
1238
1341
1351
1279
1173
1082
978
754
429
64
-176
-330
-396
-392
-322
-298
-337
-322
-155
119
303
355
424
565
701
780
829
976
1100
1033
846
680
693
830
1267
1957
2000
1366
300
-555
-909
-1502
-2093
-2207
-2173
-2090
-1886
-1428
-485
347
410
191
114
33
62
-32
-83
-15
-154
-389
-341
-113
194
344
35
-361
-709
-838
-670
-623
-458
-204
-10
250
290
518
795
822
639
569
758
1023
1289
1399
1582
1787
1741
1638
1513
1424
1555
2113
2671
2631
1873
708
251
181
-390
-1385
-2243
-2440
-2299
-2507
-2829
-2246
-1117
-662
-1063
-1730
-1481
-508
-89
-306
-360
111
644
734
434
570
1034
825
-157
-1234
-1685
-1580
-1630
-2059
-2344
-2212
-1930
-1718
-1545
-1150
-630
-333
-301
-325
-111
345
916
1359
1529
1498
1488
1633
1723
1542
1131
702
409
65
-413
-661
-479
-213
-244
-582
-661
-252
211
241
96
190
481
671
562
611
1076
1522
1444
1055
921
1367
2356
2660
1874
865
-69
-571
-1217
-2101
-2269
-2040
-2135
-2377
-2152
-1146
104
514
166
138
279
319
245
204
403
408
-83
-494
-295
160
508
294
-209
-510
-650
-602
-536
-497
-215
-50
-70
-66
203
692
854
536
69
124
374
603
919
1176
1556
1703
1448
1443
1637
1711
1556
1477
2010
2631
2508
1585
766
582
287
-654
-1885
-2528
-2419
-2379
-2817
-2989
-2221
-1182
-875
-1308
-1522
-953
-316
-319
-561
-333
322
741
714
648
958
1231
813
-92
-828
-1244
-1548
-1934
-2329
-2408
-2290
-2167
-1922
-1562
-1175
-900
-641
-400
-235
-93
118
671
1229
1472
1465
1503
1800
1939
1593
1056
708
519
112
-540
-888
-681
-345
-368
-599
-466
49
362
276
183
427
783
885
763
887
1355
1694
1737
1945
2866
3381
2638
1187
15
-281
-826
-1992
-2697
-2615
-2340
-2306
-2213
-1413
-129
383
58
-156
-62
308
387
221
259
363
248
2
-50
184
456
200
-459
-1013
-1061
-701
-575
-627
-410
-28
235
208
220
604
904
584
181
94
229
477
574
872
1423
1724
1666
1581
1686
1826
1786
1654
2064
2673
2585
1762
754
437
340
-350
-1570
-2441
-2595
-2633
-2969
-3255
-2601
-1495
-1045
-1339
-1584
-1091
-280
-36
-306
-236
282
644
661
638
939
1350
1046
198
-586
-1032
-1320
-1719
-2213
-2461
-2456
-2470
-2251
-1820
-1330
-900
-657
-419
-145
46
256
698
1267
1574
1578
1557
1832
2108
1947
1457
989
737
342
-343
-902
-942
-708
-755
-981
-966
-436
92
202
150
319
703
933
886
935
1440
2131
3063
3615
3226
2373
1279
508
-264
-1399
-2204
-2587
-2891
-3060
-2848
-2049
-861
-199
-207
-73
170
367
467
395
530
638
409
234
381
647
867
591
-9
-531
-893
-925
-885
-951
-762
-435
-203
46
261
640
932
732
378
222
314
249
94
23
315
877
1151
1486
1791
1984
1992
1733
1738
2324
2904
2728
1922
916
345
97
-536
-1351
-2012
-2483
-2825
-3246
-3447
-2919
-1992
-1522
-1520
-1648
-1413
-632
-48
236
464
644
770
842
874
1109
1416
1274
706
-127
-894
-1268
-1468
-1690
-2051
-2441
-2651
-2520
-2218
-1842
-1395
-947
-568
-398
-383
-76
636
1317
1636
1585
1558
1794
2053
1970
1716
1412
1063
545
-221
-766
-833
-751
-870
-1191
-1348
-1017
-493
-191
-24
193
499
752
811
1021
1659
2800
3905
3825
3011
2018
1297
647
-634
-1810
-2346
-2676
-3015
-3152
-2660
-1483
-490
-323
-310
4
310
593
537
554
710
587
396
410
675
961
931
422
-142
-550
-701
-746
-962
-930
-652
-385
-110
115
494
927
833
431
303
368
426
204
3
49
446
830
1137
1633
1951
2052
1992
1789
1988
2625
2928
2598
1702
597
19
-247
-819
-1458
-2154
-2714
-3032
-3359
-3439
-2835
-2022
-1582
-1576
-1763
-1439
-552
191
534
665
762
941
1073
1025
1086
1239
1059
427
-543
-1274
-1523
-1584
-1800
-2246
-2634
-2708
-2466
-2146
-1783
-1355
-919
-577
-448
-320
160
888
1524
1741
1643
1630
1880
2052
1964
1688
1260
881
363
-261
-645
-682
-652
-791
-1095
-1199
-870
-435
-114
54
277
547
784
1015
1659
3050
3945
3630
2644
1688
1396
782
-463
-1394
-1974
-2481
-3032
-3264
-2598
-1403
-692
-655
-624
-305
273
629
679
740
780
696
524
493
829
1151
984
358
-327
-492
-354
-451
-618
-668
-525
-269
-214
164
688
977
840
405
363
547
710
596
577
668
824
1029
1151
1472
1744
1622
1420
1240
1738
2569
2815
2292
1181
243
-238
-739
-1523
-2177
-2669
-2977
-3308
-3576
-3327
-2423
-1655
-1480
-1726
-1858
-1360
-587
-55
288
582
838
1060
1172
1336
1601
1666
1205
322
-657
-1304
-1537
-1686
-1966
-2348
-2612
-2594
-2304
-1926
-1510
-1071
-733
-554
-495
-343
244
1026
1581
1730
1626
1742
2037
2149
1963
1568
1150
680
65
-508
-719
-607
-575
-796
-1043
-946
-547
-192
-42
77
243
447
565
857
1790
3288
3929
3378
2290
1428
1217
481
-677
-1385
-1832
-2275
-2702
-2740
-1896
-772
-438
-656
-676
-362
189
399
410
544
573
439
311
480
952
1199
799
6
-676
-757
-582
-656
-785
-735
-433
-141
59
435
974
1173
841
481
324
509
666
635
652
756
961
1196
1443
1711
1851
1693
1335
1081
1190
1877
2519
2497
1772
646
14
-269
-689
-1480
-2314
-2957
-3307
-3575
-3667
-3041
-2023
-1391
-1440
-1791
-1696
-992
-284
-17
7
143
392
656
868
1269
1689
1691
1012
-1
-772
-1102
-1223
-1554
-2027
-2429
-2655
-2501
-2086
-1570
-1057
-721
-580
-588
-507
-119
520
1110
1423
1446
1474
1762
2133
2279
2085
1618
1082
501
-99
-523
-654
-632
-751
-1005
-1141
-845
-370
-35
79
106
219
353
537
1075
2423
3621
3569
2687
1603
1228
932
-107
-1064
-1624
-2017
-2368
-2592
-2157
-1029
-269
-380
-598
-510
-73
289
260
264
303
245
147
254
668
1127
1047
404
-269
-549
-475
-472
-664
-738
-533
-284
-57
269
822
1267
1142
650
480
604
781
758
594
690
877
1075
1266
1597
1861
1853
1562
1236
1436
2239
2800
2663
1730
559
-22
-398
-959
-1659
-2353
-2845
-3212
-3662
-3717
-2989
-2059
-1565
-1677
-1978
-1686
-991
-370
-42
165
377
612
738
780
1059
1375
1327
705
-316
-1092
-1348
-1397
-1543
-1979
-2355
-2443
-2268
-1998
-1626
-1143
-671
-396
-436
-414
-2
699
1300
1522
1467
1531
1811
1982
1966
1799
1495
1079
422
-247
-579
-560
-532
-655
-894
-907
-593
-263
0
155
339
462
497
664
1467
2934
3699
3285
2140
1160
886
369
-556
-1228
-1728
-2149
-2593
-2702
-1909
-713
-176
-362
-547
-390
137
399
394
384
292
136
25
184
682
1069
869
176
-479
-631
-400
-352
-475
-566
-513
-185
2
370
831
996
895
505
368
583
858
1004
1038
1024
1030
1219
1479
1790
2006
1825
1621
1540
1949
2745
3048
2658
1550
506
-169
-777
-1485
-2208
-2745
-3143
-3564
-3871
-3578
-2672
-1838
-1603
-1859
-1975
-1595
-1018
-544
-212
148
417
590
706
1033
1512
1730
1341
473
-402
-1057
-1390
-1639
-1918
-2177
-2496
-2636
-2477
-2053
-1514
-1073
-821
-734
-625
-380
184
918
1514
1793
1845
1968
2228
2392
2347
2027
1528
905
154
-437
-700
-758
-812
-1040
-1239
-1114
-763
-415
-122
79
223
325
425
957
2332
3603
3653
2769
1644
1174
833
-68
-878
-1398
-1880
-2419
-2845
-2440
-1258
-392
-410
-632
-592
-158
290
415
508
569
470
265
270
646
1171
1239
686
-65
-449
-374
-275
-327
-401
-343
-226
-149
67
613
1041
1005
593
222
364
605
710
811
823
937
1030
1112
1578
1989
2064
1937
1802
2320
3200
3429
2812
1699
708
48
-792
-1768
-2460
-2831
-3219
-3760
-4178
-3864
-2876
-2193
-2122
-2300
-2228
-1662
-1066
-627
-77
530
870
1011
1113
1410
1869
1881
1372
549
-331
-1005
-1456
-1776
-2024
-2282
-2626
-2797
-2663
-2326
-1856
-1454
-1141
-941
-822
-564
48
907
1584
1928
2032
2238
2541
2650
2566
2268
1829
1181
344
-369
-666
-708
-812
-1101
-1319
-1200
-890
-604
-367
-61
196
336
480
1130
2659
3774
3733
2844
1765
1358
807
-144
-790
-1279
-1792
-2405
-2791
-2275
-1105
-428
-478
-660
-657
-281
36
191
407
473
319
149
198
665
1166
1145
582
-178
-530
-480
-404
-424
-492
-450
-239
-80
179
703
981
996
711
341
434
631
736
786
619
574
803
1195
1673
2042
2091
1997
1937
2363
3184
3520
3063
1858
701
-15
-699
-1482
-2226
-2722
-3119
-3597
-4060
-3847
-2930
-2200
-2078
-2416
-2518
-2029
-1363
-784
-247
359
751
935
1056
1363
1913
2086
1595
664
-275
-933
-1346
-1663
-1969
-2224
-2578
-2841
-2820
-2501
-1987
-1561
-1314
-1212
-1131
-873
-239
634
1446
1951
2136
2335
2617
2839
2849
2589
2148
1486
643
-88
-461
-546
-658
-961
-1291
-1316
-1080
-785
-483
-173
29
126
280
967
2501
3660
3748
2932
1841
1353
803
-48
-747
-1395
-2020
-2603
-2886
-2347
-1197
-424
-350
-529
-583
-262
39
200
304
282
127
-62
91
606
1152
1198
643
-7
-374
-315
-242
-288
-269
-233
-168
5
306
780
1152
1002
706
536
465
660
741
713
735
758
990
1347
1769
2042
2152
2089
2167
2820
3441
3515
2768
1481
583
-96
-924
-1873
-2610
-2992
-3277
-3759
-4084
-3590
-2687
-2156
-2225
-2537
-2337
-1725
-1240
-880
-391
252
744
940
1075
1520
2008
1999
1351
418
-365
-901
-1393
-1842
-2143
-2401
-2655
-2836
-2783
-2428
-1991
-1631
-1414
-1300
-1155
-830
-178
633
1350
1802
2094
2446
2781
2977
2908
2609
2191
1517
638
-70
-449
-606
-803
-1188
-1428
-1363
-1105
-815
-537
-226
75
324
627
1647
3155
3899
3610
2507
1676
1285
538
-359
-1152
-1753
-2211
-2684
-2698
-1885
-778
-291
-340
-485
-297
147
324
362
326
260
104
28
271
813
1169
971
355
-208
-271
-124
-109
-170
-200
-110
54
208
542
905
979
731
460
320
419
634
575
531
481
631
1049
1557
1919
2031
2126
2219
2783
3502
3591
3125
2010
939
181
-756
-1648
-2385
-2901
-3313
-3768
-4152
-3853
-3000
-2438
-2359
-2538
-2480
-1950
-1451
-1061
-506
119
632
874
1025
1415
1962
2100
1629
867
98
-484
-1026
-1551
-1931
-2254
-2573
-2846
-2920
-2663
-2283
-1946
-1713
-1547
-1361
-1040
-459
293
1054
1581
1915
2289
2641
2955
3027
2854
2512
1977
1246
545
59
-259
-585
-1013
-1398
-1518
-1370
-1142
-834
-492
-171
127
482
1522
3101
3904
3667
2618
1697
1259
499
-417
-1106
-1634
-2119
-2594
-2635
-1781
-649
-157
-285
-497
-410
-40
133
218
288
215
45
-73
147
689
1053
838
241
-331
-471
-342
-303
-228
-130
-59
10
181
590
1168
1214
996
719
477
624
595
524
549
507
677
1023
1473
2002
2321
2411
2493
3023
3506
3523
2814
1621
786
57
-832
-1798
-2550
-2918
-3172
-3676
-4027
-3691
-2917
-2476
-2516
-2711
-2388
-1697
-1198
-784
-248
408
940
1122
1206
1535
1871
1800
1275
571
-67
-542
-1080
-1495
-1815
-2129
-2442
-2725
-2779
-2591
-2361
-2119
-1864
-1622
-1328
-960
-356
425
1146
1568
1854
2145
2463
2664
2617
2456
2187
1739
1109
530
161
-58
-357
-808
-1158
-1293
-1268
-1106
-754
-159
433
840
951
1044
1255
1401
1484
1348
1072
774
422
75
-105
-172
-261
-410
-677
-828
-791
-691
-589
-557
-541
-502
-437
-319
-134
116
302
335
209
123
127
198
243
171
82
9
40
144
321
430
518
498
421
500
514
662
826
921
1079
988
895
782
755
925
1144
1342
1432
1537
1776
2246
2991
3563
3538
2792
1642
687
-55
-857
-1779
-2608
-3197
-3564
-3838
-3831
-3310
-2549
-2187
-2292
-2522
-2348
-1786
-1257
-852
-435
27
469
806
1177
1663
1981
1825
1157
354
-309
-733
-1169
-1614
-1968
-2286
-2505
-2601
-2450
-2119
-1798
-1669
-1646
-1589
-1348
-890
-290
379
967
1392
1753
2118
2476
2722
2652
2343
1883
1308
766
368
116
-86
-351
-646
-848
-853
-722
-530
-308
-21
251
395
455
580
840
1130
1281
1153
966
790
543
318
49
-157
-263
-458
-642
-700
-594
-447
-382
-421
-469
-447
-439
-391
-295
-146
19
94
129
198
292
403
404
301
180
135
214
254
259
266
348
449
595
569
618
757
813
959
846
723
737
679
815
1051
1225
1485
1616
1745
2070
2624
3311
3562
3096
2044
1019
324
-410
-1248
-2187
-2853
-3232
-3572
-3756
-3556
-2886
-2295
-2219
-2516
-2575
-2090
-1479
-1009
-662
-196
365
760
1015
1357
1791
1881
1374
525
-201
-660
-1003
-1414
-1819
-2072
-2270
-2448
-2486
-2247
-1890
-1642
-1599
-1634
-1433
-1054
-484
193
827
1342
1698
1997
2317
2611
2687
2494
2080
1544
977
487
178
-15
-185
-455
-782
-869
-742
-544
-372
-229
-10
219
311
384
555
877
1117
1070
876
738
667
571
323
86
-26
-151
-317
-495
-534
-419
-362
-455
-549
-544
-479
-438
-418
-354
-200
-74
-5
81
235
377
423
356
266
292
327
301
277
260
323
396
424
584
636
698
649
570
605
566
509
422
559
891
1261
1539
1644
1918
2289
2912
3612
3732
3217
2146
1091
349
-362
-1222
-2086
-2733
-3138
-3436
-3635
-3447
-2763
-2313
-2337
-2674
-2744
-2219
-1568
-1110
-709
-151
422
900
1197
1565
1996
2040
1482
637
-102
-579
-910
-1361
-1784
-2092
-2357
-2508
-2598
-2464
-2182
-1951
-1855
-1796
-1607
-1221
-573
149
861
1394
1773
2132
2491
2720
2747
2563
2205
1695
1104
559
233
76
-91
-402
-726
-845
-787
-622
-481
-329
-89
185
330
504
705
846
858
675
535
504
475
375
189
20
-57
-124
-184
-204
-208
-248
-346
-478
-534
-494
-475
-464
-491
-475
-384
-207
-21
135
208
250
266
263
302
406
503
524
475
473
559
599
674
565
564
550
448
517
480
440
363
243
479
934
1343
1579
1685
1977
2542
3347
3804
3738
3048
1977
979
86
-748
-1533
-2272
-2885
-3341
-3702
-3738
-3262
-2605
-2291
-2378
-2622
-2508
-2016
-1481
-981
-427
105
598
949
1290
1805
2187
2043
1393
535
-169
-636
-1051
-1467
-1832
-2125
-2388
-2601
-2611
-2337
-2046
-1884
-1905
-1890
-1644
-1121
-426
295
961
1450
1838
2192
2521
2789
2845
2594
2146
1552
1008
564
227
-56
-338
-680
-973
-1036
-937
-710
-509
-363
-185
61
298
449
637
882
1080
1103
912
750
644
488
246
-12
-156
-212
-272
-379
-377
-280
-262
-316
-469
-514
-503
-492
-481
-444
-328
-193
-74
30
155
301
381
407
410
472
598
663
630
588
594
666
712
629
618
575
521
435
338
242
143
178
418
827
1228
1479
1724
2085
2757
3545
3898
3581
2681
1647
744
-93
-1026
-1870
-2544
-3028
-3430
-3778
-3693
-3089
-2531
-2339
-2532
-2667
-2342
-1830
-1355
-865
-257
340
809
1128
1521
2005
2221
1882
1155
324
-295
-742
-1210
-1569
-1823
-2062
-2316
-2510
-2479
-2234
-1971
-1867
-1883
-1836
-1580
-1040
-356
386
1036
1551
1933
2284
2631
2825
2797
2522
2089
1529
1013
577
287
64
-267
-643
-920
-1028
-975
-807
-654
-482
-269
-20
253
497
743
981
1166
1131
856
614
414
248
74
-142
-260
-285
-313
-332
-276
-193
-169
-286
-449
-557
-583
-564
-537
-493
-393
-241
-105
43
205
310
338
280
273
340
482
622
673
760
777
874
896
881
926
809
713
553
348
266
104
119
377
747
1116
1316
1577
1981
2679
3419
3798
3531
2769
1832
986
184
-700
-1617
-2382
-2958
-3395
-3679
-3633
-3153
-2668
-2502
-2660
-2737
-2402
-1834
-1315
-865
-359
190
675
1071
1448
1867
2070
1761
1110
392
-192
-625
-1058
-1502
-1855
-2110
-2331
-2457
-2420
-2243
-2052
-1916
-1880
-1795
-1512
-1043
-389
265
874
1382
1794
2186
2500
2713
2709
2534
2166
1686
1184
731
443
169
-175
-561
-857
-1016
-1021
-920
-714
-454
-167
104
265
403
597
839
1044
1000
762
531
316
166
19
-101
-114
-162
-275
-359
-335
-232
-184
-296
-446
-538
-588
-568
-530
-413
-261
-155
-115
-58
77
248
333
286
298
349
486
563
639
830
922
1033
917
876
933
895
856
645
516
397
246
213
414
850
1211
1386
1477
1779
2396
3139
3621
3403
2672
1691
886
200
-574
-1395
-2160
-2785
-3321
-3688
-3670
-3202
-2619
-2408
-2599
-2772
-2535
-1947
-1370
-899
-440
80
482
869
1254
1711
2006
1797
1147
381
-185
-581
-917
-1347
-1734
-2074
-2347
-2483
-2454
-2268
-2031
-1898
-1863
-1775
-1520
-1032
-379
264
852
1306
1689
2062
2418
2671
2737
2574
2227
1775
1310
935
638
364
41
-326
-627
-781
-834
-790
-689
-494
-230
8
190
283
458
679
880
927
779
628
415
241
53
-83
-152
-225
-338
-491
-515
-459
-386
-412
-510
-578
-626
-667
-643
-552
-406
-275
-192
-155
-27
165
303
403
424
442
526
586
693
807
897
976
997
935
1018
974
894
844
637
544
372
303
478
771
1119
1331
1465
1806
2355
3164
3718
3668
2968
1960
1109
362
-404
-1252
-2040
-2709
-3217
-3626
-3752
-3349
-2773
-2515
-2672
-2880
-2689
-2129
-1557
-1101
-642
-133
347
747
1164
1654
2000
1842
1238
468
-132
-524
-921
-1338
-1745
-2089
-2353
-2491
-2466
-2249
-2022
-1907
-1914
-1901
-1674
-1201
-518
177
763
1217
1655
2089
2504
2803
2876
2733
2407
1945
1441
1071
788
533
189
-231
-544
-688
-740
-698
-613
-478
-269
-77
78
190
329
564
764
861
816
683
537
343
125
-44
-152
-208
-300
-437
-519
-503
-456
-487
-564
-655
-726
-755
-759
-715
-582
-433
-301
-248
-199
-74
88
262
360
435
556
659
788
821
971
1107
1211
1186
1084
1029
884
812
672
568
415
313
435
721
1123
1355
1476
1689
2103
2841
3485
3600
3114
2210
1292
567
-180
-998
-1744
-2380
-2922
-3403
-3679
-3431
-2832
-2497
-2586
-2821
-2768
-2275
-1695
-1260
-770
-249
207
560
870
1298
1738
1789
1308
604
-73
-500
-844
-1238
-1615
-1936
-2235
-2475
-2526
-2376
-2131
-1942
-1898
-1870
-1741
-1372
-738
-54
601
1084
1471
1873
2242
2584
2745
2697
2483
2060
1570
1156
866
663
408
39
-325
-541
-609
-573
-428
-262
-47
160
293
397
432
528
667
718
668
643
613
496
293
75
-60
-117
-210
-359
-469
-521
-557
-619
-675
-704
-705
-732
-791
-758
-641
-496
-420
-393
-360
-308
-165
-35
92
260
395
561
659
725
933
1007
1072
1096
1023
1009
922
904
883
752
577
420
526
761
1017
1193
1269
1610
2040
2666
3345
3688
3453
2591
1583
801
142
-658
-1545
-2294
-2798
-3140
-3439
-3362
-2834
-2333
-2308
-2620
-2765
-2412
-1830
-1419
-1055
-576
8
464
769
1143
1599
1758
1395
677
-23
-497
-850
-1261
-1626
-1877
-2133
-2379
-2489
-2368
-2106
-1931
-1913
-1922
-1827
-1523
-1010
-360
329
918
1322
1714
2130
2520
2732
2698
2476
2118
1672
1218
896
702
517
209
-175
-441
-531
-519
-413
-227
12
272
429
526
611
721
844
892
841
693
481
244
18
-134
-231
-290
-335
-407
-445
-431
-400
-417
-462
-547
-684
-783
-830
-777
-657
-552
-467
-399
-346
-275
-185
-119
-43
46
163
288
400
516
695
903
1002
1088
1004
1039
1010
935
935
802
667
475
480
742
1111
1409
1518
1675
1925
2434
3108
3502
3442
2732
1744
953
331
-338
-1098
-1871
-2475
-2897
-3294
-3388
-2970
-2400
-2186
-2421
-2707
-2484
-1901
-1406
-1025
-661
-202
240
507
785
1200
1532
1368
747
12
-489
-744
-1100
-1491
-1819
-2109
-2343
-2535
-2501
-2241
-1983
-1877
-1898
-1840
-1578
-1093
-470
192
749
1179
1520
1886
2265
2550
2615
2474
2179
1782
1343
975
754
605
310
-71
-380
-532
-530
-497
-359
-127
179
449
682
938
1107
1163
1087
985
915
728
433
86
-169
-316
-412
-488
-454
-419
-433
-485
-527
-505
-516
-589
-696
-776
-803
-734
-603
-465
-334
-242
-216
-219
-204
-133
-22
36
75
221
362
527
613
734
968
963
941
867
774
813
705
562
432
434
648
922
1185
1401
1631
1833
2132
2702
3382
3661
3297
2370
1471
834
205
-564
-1415
-2105
-2571
-2983
-3322
-3180
-2611
-2170
-2187
-2493
-2560
-2112
-1601
-1223
-824
-359
88
439
693
1081
1538
1621
1212
514
-154
-561
-886
-1265
-1643
-1995
-2310
-2566
-2634
-2481
-2236
-2078
-2006
-1985
-1869
-1526
-973
-267
401
871
1231
1619
2050
2429
2599
2535
2322
1952
1475
1042
755
586
355
-26
-382
-560
-580
-537
-486
-332
-10
295
598
1001
1456
1848
1813
1434
1033
720
479
124
-231
-437
-551
-616
-638
-507
-280
-141
-245
-425
-549
-599
-622
-686
-734
-706
-647
-567
-424
-223
-51
-13
-87
-183
-183
-153
-63
57
245
362
460
646
750
924
891
819
724
566
539
466
434
417
508
724
1032
1414
1626
1815
2031
2391
3073
3550
3530
2923
1990
1213
587
-122
-970
-1732
-2290
-2713
-3133
-3365
-3060
-2463
-2198
-2337
-2551
-2386
-1837
-1350
-981
-556
-85
366
631
865
1266
1617
1545
1022
310
-272
-640
-1044
-1471
-1817
-2153
-2457
-2652
-2679
-2495
-2234
-2077
-2000
-1932
-1728
-1284
-677
9
624
1069
1445
1841
2236
2547
2627
2467
2186
1731
1231
805
529
340
59
-315
-617
-728
-696
-622
-546
-404
-156
204
678
1313
2005
2335
2146
1627
1126
839
503
72
-328
-604
-756
-845
-788
-509
-175
-86
-273
-516
-617
-585
-592
-653
-706
-710
-682
-551
-310
-7
183
125
-59
-228
-233
-126
-14
111
189
288
475
598
843
916
788
701
551
506
459
366
322
335
321
508
921
1333
1734
1898
2016
2381
2976
3539
3563
3027
2126
1366
664
-103
-869
-1603
-2163
-2622
-3096
-3350
-3124
-2608
-2248
-2291
-2500
-2419
-1964
-1501
-1086
-674
-168
270
575
794
1141
1502
1542
1179
498
-114
-552
-924
-1306
-1687
-2016
-2299
-2543
-2619
-2505
-2296
-2088
-1973
-1929
-1764
-1390
-777
-66
556
1072
1498
1909
2306
2581
2692
2610
2324
1870
1332
892
551
307
-7
-373
-656
-803
-818
-765
-641
-469
-256
-8
411
1029
1667
2036
1986
1727
1496
1348
1140
699
201
-294
-692
-940
-1010
-869
-628
-566
-705
-814
-778
-613
-493
-516
-591
-631
-634
-498
-271
-16
158
146
8
-49
-29
109
206
201
198
150
264
380
603
733
704
587
406
380
426
522
496
373
249
317
739
1263
1676
1895
2001
2217
2652
3333
3683
3512
2767
1740
862
88
-624
-1303
-1938
-2473
-2940
-3331
-3360
-2898
-2363
-2190
-2335
-2495
-2286
-1820
-1340
-863
-327
137
496
712
986
1439
1711
1571
946
205
-390
-810
-1200
-1559
-1848
-2148
-2467
-2688
-2662
-2420
-2158
-2000
-1918
-1812
-1549
-1060
-387
339
1003
1520
1903
2225
2557
2771
2757
2502
2040
1481
923
489
178
-48
-334
-656
-883
-973
-921
-800
-633
-451
-254
21
503
1198
1980
2560
2628
2247
1687
1164
708
191
-326
-777
-1138
-1356
-1360
-1104
-696
-417
-407
-529
-587
-563
-500
-480
-499
-483
-441
-330
-108
197
469
517
362
186
58
37
52
62
92
176
304
471
600
753
756
647
443
293
369
413
404
324
301
567
984
1353
1717
1948
2181
2373
2640
3069
3418
3225
2427
1418
596
-41
-712
-1494
-2146
-2576
-2952
-3328
-3464
-3128
-2590
-2329
-2459
-2521
-2216
-1658
-1163
-739
-254
255
570
746
972
1346
1562
1380
829
155
-386
-863
-1288
-1629
-1890
-2168
-2489
-2667
-2602
-2368
-2099
-1947
-1750
-1511
-1202
-765
-142
611
1241
1657
1947
2256
2568
2713
2624
2356
1964
1463
893
401
93
-87
-364
-702
-941
-955
-867
-732
-562
-333
-61
207
578
1168
1897
2522
2721
2490
2056
1518
962
342
-266
-790
-1239
-1576
-1691
-1516
-1153
-813
-671
-652
-632
-605
-548
-496
-451
-370
-328
-258
-95
162
437
557
484
317
169
69
42
31
74
115
166
273
357
526
615
604
547
468
460
445
455
430
434
581
883
1341
1723
2013
2170
2310
2573
3015
3391
3250
2603
1625
766
83
-624
-1333
-1993
-2477
-2898
-3284
-3499
-3247
-2723
-2435
-2488
-2621
-2411
-1884
-1360
-910
-415
95
495
722
911
1230
1506
1405
914
240
-322
-745
-1127
-1495
-1791
-2044
-2308
-2517
-2545
-2364
-2095
-1886
-1706
-1526
-1257
-811
-169
560
1209
1677
2000
2307
2546
2682
2642
2411
2031
1519
974
507
200
-12
-292
-629
-889
-962
-876
-730
-564
-381
-169
31
305
840
1615
2432
2889
2738
2219
1579
1022
463
-176
-794
-1323
-1711
-1930
-1839
-1437
-940
-632
-591
-632
-593
-481
-355
-285
-260
-278
-284
-168
128
503
738
701
491
232
51
-8
-39
-56
-49
39
109
272
473
656
780
611
484
386
380
515
504
509
617
840
1289
1675
2005
2150
2190
2244
2436
2851
3135
2981
2285
1325
536
-84
-676
-1361
-2029
-2583
-3072
-3459
-3604
-3269
-2731
-2395
-2409
-2460
-2226
-1675
-1141
-664
-246
115
376
517
745
1099
1377
1287
802
164
-402
-826
-1157
-1511
-1815
-2135
-2463
-2644
-2561
-2254
-1912
-1617
-1428
-1218
-907
-472
146
812
1361
1720
1940
2140
2357
2501
2436
2168
1780
1278
751
311
21
-168
-428
-723
-922
-926
-767
-564
-396
-210
-36
160
447
969
1740
2437
2704
2419
1926
1536
1188
699
-62
-820
-1395
-1842
-2064
-1960
-1546
-1070
-867
-864
-779
-518
-208
-62
-82
-129
-118
-73
71
337
625
766
615
360
183
104
104
-6
-157
-172
-129
18
231
434
715
723
636
600
594
712
764
727
648
604
750
1136
1624
1996
2143
2121
2129
2383
2799
3129
2969
2294
1276
400
-244
-772
-1315
-1952
-2547
-3058
-3467
-3600
-3296
-2740
-2379
-2397
-2541
-2396
-1897
-1273
-749
-347
8
267
478
682
1039
1346
1276
776
69
-511
-865
-1146
-1434
-1713
-2019
-2317
-2503
-2454
-2176
-1780
-1478
-1314
-1158
-879
-398
245
899
1431
1741
1894
2047
2248
2417
2395
2132
1735
1219
696
272
23
-132
-339
-594
-778
-771
-634
-458
-278
-111
58
223
454
919
1671
2487
2909
2604
1884
1185
613
17
-663
-1229
-1612
-1891
-2039
-1877
-1352
-732
-380
-383
-415
-316
-99
22
28
71
88
64
80
313
644
845
704
324
-22
-212
-288
-318
-322
-206
-67
57
307
523
816
873
756
615
555
651
718
786
795
861
994
1280
1675
1924
2002
1913
1841
1975
2299
2632
2587
2130
1301
491
-137
-673
-1238
-1901
-2514
-3035
-3401
-3555
-3311
-2766
-2331
-2199
-2253
-2156
-1732
-1186
-712
-336
-8
231
417
615
921
1226
1259
901
257
-345
-777
-1085
-1419
-1742
-2044
-2321
-2455
-2383
-2074
-1659
-1286
-1074
-922
-693
-342
178
719
1180
1481
1651
1808
2003
2185
2220
2039
1679
1177
664
233
-48
-218
-427
-639
-803
-794
-626
-380
-146
33
152
258
414
845
1676
2524
2837
2382
1604
948
459
-67
-686
-1192
-1574
-1883
-2029
-1815
-1139
-473
-200
-253
-283
-85
143
275
286
281
192
62
38
273
614
745
547
119
-171
-259
-262
-289
-330
-261
-126
52
290
688
973
1045
830
594
611
682
795
830
814
788
744
913
1320
1694
1899
1800
1678
1676
1873
2264
2526
2338
1618
614
-140
-610
-996
-1572
-2212
-2740
-3132
-3395
-3419
-2957
-2341
-2011
-2113
-2245
-1981
-1369
-781
-390
-107
165
369
496
681
1020
1275
1071
437
-289
-755
-985
-1221
-1528
-1827
-2086
-2277
-2308
-2073
-1641
-1225
-1000
-903
-743
-430
53
576
1045
1378
1527
1612
1795
2027
2142
2020
1658
1209
754
332
18
-165
-292
-484
-673
-713
-545
-272
-37
109
227
433
717
1161
1740
2093
1931
1387
794
472
217
-159
-530
-888
-1155
-1346
-1354
-1031
-544
-255
-248
-287
-196
34
213
275
282
209
91
57
131
310
462
381
152
-82
-194
-194
-202
-243
-293
-262
-126
74
334
585
821
805
711
701
727
894
902
870
820
678
607
645
924
1271
1463
1424
1350
1441
1640
2025
2378
2347
1861
952
147
-306
-656
-1165
-1832
-2434
-2825
-3058
-3196
-2945
-2416
-2028
-2013
-2196
-2097
-1560
-976
-580
-314
-46
254
477
679
966
1223
1142
635
-12
-523
-809
-1063
-1381
-1658
-1900
-2026
-2051
-1899
-1566
-1229
-1022
-927
-797
-568
-222
192
608
971
1232
1407
1602
1832
2008
1935
1642
1253
842
477
170
-42
-196
-324
-473
-539
-422
-230
-88
-36
-15
73
210
443
910
1584
2283
2438
1948
1238
617
164
-398
-1017
-1450
-1660
-1762
-1682
-1310
-640
-21
216
193
194
324
436
374
251
164
77
-13
15
245
528
598
345
-33
-257
-319
-332
-357
-299
-144
111
350
629
978
1154
1189
915
641
612
566
547
521
457
492
543
790
1220
1614
1721
1600
1504
1677
2139
2399
2222
1673
945
295
-299
-842
-1299
-1772
-2288
-2842
-3258
-3350
-3017
-2583
-2306
-2245
-2232
-1991
-1544
-1028
-504
-64
241
430
556
771
1030
1204
1076
653
102
-397
-733
-986
-1225
-1520
-1811
-2005
-2082
-1968
-1713
-1421
-1148
-986
-857
-657
-286
192
663
998
1228
1422
1604
1770
1872
1820
1591
1211
773
359
67
-130
-266
-403
-537
-567
-503
-359
-207
-21
313
792
1098
1173
1042
964
963
821
564
303
135
-49
-309
-508
-488
-340
-290
-347
-349
-205
-32
48
127
237
320
280
156
145
243
298
255
122
40
42
39
7
-30
-28
-9
-27
-21
74
271
379
454
472
487
640
622
645
627
652
703
633
582
552
523
450
529
788
1073
1304
1278
1296
1573
2021
2383
2238
1684
974
311
-332
-958
-1517
-1971
-2375
-2771
-3096
-3094
-2782
-2318
-2076
-2078
-2057
-1881
-1547
-1161
-742
-323
78
353
567
829
1117
1260
1096
655
128
-348
-721
-1021
-1261
-1475
-1649
-1765
-1780
-1644
-1457
-1271
-1156
-1075
-983
-806
-476
-4
476
872
1186
1434
1684
1883
1942
1836
1555
1154
722
329
30
-110
-209
-307
-397
-396
-321
-228
-144
-87
-4
226
771
1336
1613
1469
1157
1001
796
485
147
-131
-357
-641
-871
-813
-449
-96
7
-23
25
149
223
244
304
339
252
71
13
168
350
392
249
69
-27
-101
-203
-284
-284
-242
-212
-122
62
413
670
730
692
604
650
584
474
410
362
426
380
397
386
403
559
746
1025
1198
1284
1348
1583
2009
2304
2171
1610
982
430
-120
-742
-1396
-1893
-2282
-2625
-2940
-2973
-2670
-2258
-2041
-2061
-2008
-1758
-1382
-1054
-757
-392
-36
236
461
768
1085
1232
1058
654
210
-198
-541
-874
-1156
-1417
-1609
-1732
-1759
-1636
-1467
-1309
-1187
-1086
-976
-788
-485
-65
375
764
1062
1331
1602
1781
1820
1705
1447
1092
690
310
43
-127
-248
-382
-465
-430
-322
-211
-115
80
436
762
894
826
793
866
869
732
566
428
344
133
-123
-241
-230
-200
-244
-270
-161
30
129
170
215
291
309
278
247
289
302
245
139
46
39
42
13
-34
-87
-122
-131
-147
-116
-26
96
235
322
404
520
616
627
534
451
457
447
424
388
349
327
266
287
523
846
1138
1201
1203
1416
1774
2103
2108
1717
1134
503
-115
-681
-1173
-1589
-1975
-2335
-2645
-2729
-2564
-2226
-1978
-1908
-1913
-1842
-1584
-1212
-792
-387
-38
247
511
753
990
1144
1072
747
257
-211
-562
-800
-1035
-1293
-1483
-1629
-1682
-1616
-1485
-1315
-1180
-1110
-1049
-869
-542
-102
323
686
999
1234
1446
1607
1694
1609
1376
1006
583
231
-4
-135
-222
-328
-398
-406
-372
-245
-124
164
534
794
881
775
759
827
833
700
483
327
206
46
-111
-128
-47
-42
-105
-163
-40
144
256
301
326
350
333
302
286
333
349
261
117
21
-13
1
-20
-74
-122
-172
-148
-109
-12
97
208
326
388
487
511
547
474
375
358
311
335
326
311
303
274
208
301
571
955
1221
1273
1353
1652
2002
2198
1976
1466
912
316
-303
-912
-1374
-1701
-2025
-2399
-2637
-2558
-2288
-2019
-1950
-1959
-1862
-1682
-1413
-1097
-690
-276
70
320
570
846
1061
1085
864
501
66
-335
-676
-920
-1141
-1356
-1551
-1663
-1638
-1538
-1395
-1280
-1169
-1089
-984
-774
-429
27
445
785
1077
1345
1535
1618
1585
1462
1216
826
426
105
-80
-191
-286
-372
-383
-337
-281
-189
-14
324
694
934
987
936
952
891
737
509
273
92
-101
-295
-381
-295
-157
-104
-91
-23
133
247
289
316
335
343
289
270
329
380
390
323
208
130
82
13
-57
-131
-183
-203
-178
-101
36
178
271
365
441
482
493
463
442
400
358
329
322
345
384
392
379
419
610
881
1112
1286
1510
1815
2064
2121
1823
1362
843
277
-387
-1064
-1583
-1932
-2205
-2441
-2507
-2364
-2098
-1912
-1871
-1802
-1649
-1443
-1234
-968
-611
-219
120
389
664
900
1018
916
641
299
-104
-487
-859
-1155
-1353
-1528
-1633
-1637
-1532
-1406
-1289
-1196
-1079
-939
-802
-598
-323
27
379
704
1012
1275
1452
1502
1445
1288
1050
718
337
20
-186
-295
-383
-399
-344
-246
-170
-94
187
637
1046
1229
1158
1032
914
754
562
376
210
41
-180
-324
-276
-100
42
37
-6
63
169
229
276
338
410
396
325
319
404
470
427
287
140
39
-39
-123
-202
-257
-327
-362
-275
-105
108
236
282
325
357
427
438
435
414
380
344
285
313
352
418
364
299
330
464
747
1031
1310
1699
2055
2251
2109
1747
1253
702
49
-692
-1340
-1839
-2147
-2348
-2433
-2336
-2088
-1857
-1716
-1642
-1502
-1355
-1250
-1117
-899
-582
-222
105
435
723
917
929
759
482
127
-241
-564
-798
-1020
-1312
-1617
-1728
-1635
-1513
-1465
-1389
-1228
-1021
-886
-707
-375
71
451
674
853
1128
1379
1461
1399
1316
1216
1006
687
399
195
22
-203
-377
-392
-326
-246
-88
263
684
958
968
888
833
737
525
263
113
54
-23
-139
-131
30
181
221
199
213
266
226
118
74
108
165
159
186
294
414
428
337
237
156
77
-105
-275
-343
-319
-303
-273
-153
10
107
140
177
270
366
340
298
255
253
247
248
288
346
394
400
408
522
712
992
1346
1445
1118
677
527
711
827
512
118
-169
-360
-594
-821
-850
-734
-845
-1212
-1382
-1192
-862
-762
-809
-741
-567
-502
-531
-459
-247
-200
-419
-627
-641
-523
-491
-649
-705
-653
-653
-717
-803
-765
-719
-792
-894
-859
-709
-606
-572
-523
-325
-120
-15
26
77
178
215
192
188
241
292
263
178
147
176
190
174
121
107
108
85
175
310
464
600
741
950
1098
1106
978
826
644
418
161
-48
-157
-227
-284
-282
-176
-19
97
162
204
268
295
263
258
248
247
263
301
351
397
424
395
311
201
101
-29
-172
-264
-299
-296
-244
-119
-31
34
39
73
145
192
256
319
412
508
576
605
633
637
594
491
367
256
133
14
-68
-121
-63
196
673
1177
1434
1472
1402
1256
963
517
22
-369
-721
-1042
-1258
-1266
-1069
-906
-850
-797
-709
-673
-752
-882
-915
-902
-909
-904
-808
-609
-423
-323
-282
-279
-307
-448
-648
-822
-902
-941
-962
-940
-849
-733
-655
-572
-499
-424
-419
-454
-492
-447
-347
-210
-65
53
234
387
490
540
557
525
432
288
177
128
66
21
24
139
326
434
500
540
600
620
515
436
413
420
389
341
370
444
476
436
369
337
336
247
130
63
58
70
65
116
196
292
341
351
361
362
306
198
104
41
83
152
214
299
323
332
288
223
181
115
33
-22
-31
17
89
195
352
498
636
607
516
418
348
219
58
-42
-116
-122
-132
40
473
858
1013
929
835
794
563
201
-161
-381
-544
-753
-875
-822
-675
-625
-681
-658
-565
-531
-676
-775
-777
-773
-810
-843
-769
-674
-606
-593
-534
-475
-449
-546
-677
-759
-771
-762
-791
-764
-692
-618
-590
-565
-497
-422
-381
-406
-378
-276
-139
-8
53
143
218
223
168
130
144
138
115
102
126
157
218
292
341
410
415
376
328
280
305
305
339
384
422
489
525
590
628
662
651
562
445
342
267
207
153
119
130
142
178
199
230
228
183
131
93
110
195
344
496
607
638
629
590
498
373
249
130
18
-58
-107
-106
-59
15
100
133
184
222
242
241
207
174
135
129
143
132
159
160
153
152
225
342
374
329
265
256
196
85
-36
-116
-149
-249
-392
-484
-523
-521
-580
-609
-596
-583
-571
-578
-531
-470
-454
-475
-523
-525
-534
-539
-525
-516
-505
-529
-562
-553
-542
-557
-601
-639
-624
-596
-576
-547
-467
-387
-333
-311
-262
-179
-134
-110
-130
-99
-35
20
47
68
109
161
145
93
58
50
37
-20
-21
25
71
85
123
197
286
330
341
354
370
396
377
365
394
432
452
455
462
494
465
400
318
259
218
165
109
80
101
132
214
325
456
540
561
568
557
552
543
515
504
470
426
392
356
337
305
270
208
140
71
34
25
25
23
13
24
57
118
186
246
272
259
219
186
183
183
151
109
60
51
5
-36
-79
-152
-191
-260
-345
-387
-414
-427
-435
-431
-438
-443
-449
-454
-464
-477
-475
-492
-487
-491
-470
-435
-418
-416
-442
-454
-463
-467
-488
-495
-510
-526
-546
-570
-553
-546
-545
-509
-475
-454
-419
-378
-323
-277
-188
-98
6
105
164
201
226
231
206
154
111
67
44
20
-7
1
6
28
39
50
49
66
75
89
132
188
246
283
324
364
403
438
452
440
422
388
373
326
285
272
285
315
332
357
378
392
384
359
329
290
255
244
246
275
318
353
384
414
442
430
413
384
350
317
277
230
196
172
157
125
88
54
16
-14
-56
-72
-86
-59
-15
39
102
142
157
154
143
91
46
-12
-102
-152
-219
-249
-266
-254
-229
-226
-217
-236
-255
-284
-311
-298
-306
-312
-315
-316
-308
-299
-305
-317
-322
-344
-363
-380
-395
-407
-431
-452
-455
-442
-447
-465
-447
-410
-379
-381
-368
-369
-375
-357
-347
-361
-310
-268
-217
-156
-92
-31
-2
23
52
110
131
132
114
107
104
70
50
26
45
24
-35
-46
-54
-30
-18
-2
51
107
154
178
209
235
272
289
319
382
456
522
550
548
505
438
333
259
212
176
150
105
109
148
211
268
329
372
383
362
347
326
306
275
257
254
275
327
380
412
435
416
349
272
185
117
26
-27
-80
-106
-97
-78
-49
-8
25
48
43
31
19
10
8
-10
2
13
-6
-6
-14
-24
-60
-109
-158
-206
-263
-315
-375
-412
-406
-393
-367
-340
-291
-291
-297
-294
-284
-288
-299
-305
-299
-283
-283
-281
-268
-275
-302
-353
-388
-394
-384
-356
-346
-332
-333
-331
-339
-324
-285
-246
-225
-216
-198
-173
-111
-31
18
46
100
144
174
204
209
208
191
166
102
56
41
28
15
14
8
-7
-1
33
89
133
154
188
209
241
262
277
303
322
343
318
305
311
301
275
259
261
257
234
201
170
133
96
52
39
44
56
65
83
122
154
212
251
257
273
303
293
272
261
246
232
193
158
132
111
105
73
45
20
-4
-26
-44
-54
-53
-53
-51
-32
-9
13
37
61
69
75
55
30
5
-45
-59
-80
-108
-140
-166
-171
-173
-172
-181
-198
-226
-243
-262
-264
-275
-282
-294
-285
-271
-259
-246
-246
-226
-199
-184
-177
-180
-204
-226
-254
-278
-292
-296
-300
-308
-295
-300
-275
-275
-266
-237
-205
-174
-142
-115
-75
5
50
80
93
121
120
133
162
192
221
203
194
171
160
155
139
123
83
54
35
47
67
94
116
130
151
185
232
271
311
318
315
286
250
234
186
166
157
136
121
88
69
42
0
-35
-45
-59
-67
-54
-49
-27
-6
10
55
78
92
107
111
116
113
105
95
100
87
58
33
0
-17
-27
-21
-20
-42
-60
-61
-57
-45
-31
-27
-18
4
31
61
96
127
139
141
138
134
135
120
111
85
50
20
-15
-41
-71
-85
-98
-118
-131
-140
-129
-122
-131
-131
-139
-136
-118
-122
-105
-88
-66
-86
-114
-118
-146
-156
-170
-159
-185
-210
-210
-216
-218
-218
-218
-217
-207
-211
-204
-197
-176
-158
-132
-105
-87
-66
-37
1
44
84
119
137
133
132
128
108
84
67
66
53
30
8
-6
-9
12
36
65
76
73
93
115
134
157
152
153
134
114
126
123
110
112
108
87
62
37
26
16
-1
-19
-38
-57
-56
-53
-41
-25
-27
-2
24
44
66
79
89
107
116
107
103
97
108
112
104
96
88
73
74
45
38
37
31
29
45
67
84
100
111
139
159
173
166
177
184
170
136
99
70
48
26
6
-16
-46
-66
-84
-97
-99
-104
-109
-123
-132
-136
-153
-161
-173
-168
-160
-143
-136
-124
-110
-113
-102
-107
-120
-133
-150
-175
-203
-211
-213
-217
-218
-210
-215
-214
-204
-190
-192
-176
-174
-161
-133
-95
-66
-40
0
21
48
66
83
103
114
111
107
101
83
73
56
41
27
15
24
20
24
44
58
64
80
101
118
131
147
148
164
169
172
161
145
125
106
108
96
92
65
30
13
-8
-18
-13
-21
-16
-10
-17
-14
5
24
42
34
43
47
58
67
59
72
60
48
45
37
24
22
26
27
37
41
37
35
39
54
59
59
79
69
69
63
68
73
73
80
88
89
84
81
70
43
13
-6
-25
-54
-63
-84
-97
-99
-111
-105
-89
-98
-106
-120
-116
-116
-106
-111
-110
-110
-122
-121
-134
-131
-140
-167
-182
-198
-216
-228
-245
-240
-228
-218
-199
-177
-149
-123
-117
-113
-110
-113
-89
-74
-57
-34
0
43
63
69
89
88
103
108
104
93
90
114
107
118
126
130
135
141
137
143
136
149
154
139
130
117
101
91
92
106
127
128
131
115
91
81
76
59
41
23
20
17
4
-4
3
-2
-8
-14
-31
-31
-32
-20
0
8
22
18
31
30
41
36
18
9
-14
-29
-19
-10
-1
1
8
13
5
17
25
24
22
18
16
34
53
57
58
70
78
82
79
66
78
72
56
47
23
9
-14
-23
-30
-37
-58
-66
-73
-78
-83
-93
-110
-109
-115
-124
-124
-103
-86
-91
-93
-109
-119
-129
-131
-144
-160
-151
-170
-180
-181
-191
-178
-167
-159
-145
-140
-132
-116
-103
-82
-63
-57
-38
-15
3
13
46
67
85
93
84
85
82
89
84
89
100
110
118
121
119
120
119
130
137
140
137
136
131
119
107
106
99
96
82
67
56
41
50
42
29
24
30
39
39
34
20
17
7
1
-5
-7
0
-9
-18
-13
-10
-6
-5
4
15
26
40
47
47
48
42
29
17
20
12
9
12
14
17
23
25
25
37
33
24
27
10
17
22
24
31
14
21
18
17
11
-4
-8
-24
-45
-64
-87
-88
-97
-105
-108
-120
-125
-128
-115
-112
-109
-107
-102
-100
-98
-96
-102
-108
-121
-128
-147
-156
-166
-168
-171
-184
-159
-151
-137
-110
-103
-72
-57
-45
-33
-21
-13
2
-9
-12
-9
0
11
16
26
46
80
96
107
109
99
105
104
107
121
138
151
170
185
199
200
201
202
199
181
160
161
148
136
108
88
66
47
25
3
6
-1
6
13
14
25
19
26
11
5
9
-6
-1
-8
-21
-30
-48
-53
-65
-71
-58
-44
-35
-25
-19
-12
-17
-24
-21
-16
-6
-12
-18
-2
9
13
-1
-12
-16
-1
11
9
19
26
19
25
21
21
12
11
13
6
20
19
20
12
3
12
-18
-20
-30
-42
-53
-49
-58
-70
-71
-90
-93
-91
-96
-98
-96
-98
-87
-85
-76
-70
-81
-88
-86
-78
-76
-79
-83
-96
-95
-102
-105
-87
-77
-58
-66
-51
-44
-44
-50
-40
-36
-28
-24
-25
-7
6
31
50
72
76
85
98
100
105
90
94
89
91
96
110
130
146
158
167
162
159
159
143
125
111
107
103
79
69
63
53
57
41
34
31
2
5
-9
-8
-24
-40
-42
-41
-36
-49
-51
-57
-38
-33
-23
-17
-26
-20
-26
-18
-11
-11
-18
-25
-22
-32
-41
-48
-42
-41
-38
-33
-19
-6
14
24
26
26
27
33
39
36
41
47
52
51
35
40
40
35
31
27
25
28
14
7
-8
-24
-35
-39
-41
-45
-49
-55
-61
-65
-69
-66
-65
-69
-64
-60
-65
-61
-52
-56
-62
-69
-64
-82
-98
-107
-113
-114
-118
-120
-119
-116
-106
-94
-69
-59
-42
-42
-28
-18
-9
-12
-20
-6
-9
-5
1
20
33
40
42
58
62
64
49
48
56
61
89
101
114
125
132
149
144
151
141
123
103
86
85
69
83
76
75
63
61
47
39
25
21
9
2
4
-12
-10
-14
-14
-3
9
4
8
-8
-18
-24
-30
-34
-42
-44
-40
-24
-29
-32
-38
-29
-21
-14
-6
-20
0
-1
5
18
24
18
14
19
27
27
21
16
7
7
3
14
21
21
22
22
37
28
19
14
3
6
-14
-9
-24
-33
-46
-57
-66
-80
-94
-93
-90
-77
-72
-80
-74
-71
-64
-56
-62
-72
-71
-75
-80
-87
-90
-93
-79
-77
-73
-65
-56
-54
-41
-31
-28
-12
-4
-1
-1
-12
-11
-5
3
12
11
15
12
20
35
51
65
71
73
67
54
53
56
59
67
74
87
108
110
116
114
105
116
111
103
101
100
83
75
68
59
52
42
38
20
9
6
6
0
0
-13
0
-8
-18
-16
-14
-13
-4
1
-21
-25
-27
-17
-25
-29
-28
-35
-43
-43
-39
-26
-31
-36
-31
-27
-30
-34
-31
-32
-26
-22
-19
-10
-2
5
8
7
9
21
21
24
28
21
28
29
29
30
27
22
21
13
23
18
10
4
-18
-13
-28
-32
-38
-45
-40
-50
-59
-51
-43
-32
-39
-44
-33
-42
-37
-44
-55
-65
-70
-71
-78
-64
-68
-74
-59
-57
-62
-63
-60
-55
-56
-50
-39
-27
-15
-8
17
14
25
24
23
30
39
49
49
48
42
39
32
40
37
39
38
45
52
51
68
73
82
97
87
84
85
88
92
84
80
72
70
62
59
49
42
36
26
24
21
17
14
2
-3
-8
-9
-14
-18
-22
-16
-17
-23
-29
-34
-31
-33
-42
-43
-36
-29
-35
-44
-31
-32
-33
-33
-31
-31
-31
-37
-48
-45
-36
-34
-31
-36
-31
-20
-19
-9
-10
-11
-13
-3
9
27
41
34
42
32
24
27
26
18
10
6
-2
4
-15
-21
-24
-30
-29
-28
-26
-36
-26
-17
-14
-10
-8
3
-7
-12
-8
-5
4
1
-9
-9
-17
-38
-41
-40
-45
-50
-45
-42
-40
-43
-43
-50
-41
-27
-24
-23
-18
-12
-1
8
11
22
26
27
25
20
20
16
13
15
10
15
8
8
23
23
30
49
54
60
49
55
52
47
59
59
53
50
47
44
44
46
53
40
31
23
24
30
23
22
17
8
4
12
4
7
2
-1
-2
-8
-12
-19
-14
-22
-20
-26
-25
-25
-19
-15
-13
0
1
-6
7
2
-3
-6
-3
-12
-21
-25
-26
-30
-28
-31
-24
-5
-8
10
3
13
7
2
10
9
7
10
24
16
21
15
15
2
0
-3
-16
-17
-31
-41
-48
-50
-50
-50
-42
-37
-35
-19
-19
-11
-10
-8
-8
-6
-11
-24
-23
-27
-25
-32
-45
-44
-45
-46
-47
-54
-46
-36
-27
-25
-25
-12
1
11
21
26
33
31
32
29
24
19
26
18
8
-1
-3
2
5
14
22
38
41
50
54
60
60
57
58
50
57
46
49
57
61
53
54
52
49
61
42
47
52
44
40
38
27
23
23
20
15
10
0
-4
-5
-8
-24
-32
-22
-19
-26
-22
-7
-4
-4
-5
-5
-7
0
-8
-4
-13
-24
-33
-40
-39
-50
-52
-58
-69
-72
-75
-76
-77
-69
-62
-48
-30
-20
-7
-12
-14
-16
-11
-7
-3
3
-4
4
3
7
-2
-14
-8
-12
-25
-22
-20
-14
-21
-11
-6
1
4
8
22
16
15
25
14
7
5
10
0
1
3
3
-1
-12
-12
-21
-12
-24
-22
-31
-25
-18
-9
3
6
5
8
18
20
26
11
15
9
1
-1
-8
-5
-3
0
1
-1
1
4
6
9
16
15
11
18
31
26
30
39
37
39
33
38
42
46
50
39
50
47
43
34
24
26
29
22
20
25
30
29
30
24
15
11
8
3
1
7
0
1
2
7
13
15
10
5
4
0
4
-4
-16
-17
-27
-28
-36
-45
-41
-54
-57
-61
-67
-69
-67
-62
-54
-42
-37
-34
-29
-15
-23
-23
-23
-20
-19
-24
-11
-16
-18
-22
-24
-27
-32
-42
-47
-43
-34
-34
-27
-20
-19
-10
-4
10
12
25
14
15
21
15
23
11
16
18
28
17
8
1
-7
1
-11
-11
-21
-21
-14
-21
-10
-13
-6
-2
0
1
-2
10
16
21
16
33
29
25
31
28
29
26
25
26
27
29
33
28
35
34
32
31
36
40
43
48
55
69
68
78
77
76
70
73
73
72
71
75
52
38
32
23
23
17
15
4
6
-2
-14
-8
-15
-11
-14
-17
-11
-1
2
5
7
5
0
-4
-17
-17
-28
-34
-37
-47
-46
-63
-68
-77
-91
-88
-86
-85
-69
-68
-66
-66
-63
-62
-49
-52
-44
-27
-34
-34
-36
-23
-25
-19
-20
-18
-17
-24
-22
-21
-22
-24
-28
-36
-31
-23
-22
-15
-3
10
8
9
8
11
25
24
23
29
32
39
40
31
34
28
30
23
10
17
7
4
0
2
-5
1
5
4
17
17
21
13
10
8
6
5
-3
5
-2
4
11
-10
-8
-16
-21
-16
-11
-5
-3
5
11
9
16
23
22
22
24
29
33
45
49
51
53
48
47
51
48
44
35
32
35
16
15
9
13
7
7
16
5
12
12
10
15
15
16
9
9
10
3
9
3
0
-5
-11
-16
-21
-27
-40
-34
-41
-46
-49
-42
-48
-52
-49
-51
-41
-36
-30
-33
-27
-29
-24
-19
-17
-21
-13
-16
-20
-15
-15
-8
-17
-21
-19
-27
-29
-33
-27
-28
-27
-20
-22
-20
-14
1
-4
4
7
19
21
16
22
20
18
17
22
31
21
14
10
4
8
-2
-15
-20
-27
-32
-36
-39
-35
-35
-26
-30
-23
-25
-20
-18
-17
-5
-3
4
7
0
2
5
-4
9
16
15
6
-2
5
-1
-3
-2
8
18
17
25
30
47
56
57
68
69
80
84
97
97
94
87
88
93
83
75
72
66
64
59
44
40
36
42
25
27
21
22
27
24
21
8
7
13
12
6
7
-7
-5
-12
-13
-14
-17
-24
-26
-35
-47
-44
-56
-65
-67
-68
-75
-78
-76
-74
-69
-61
-59
-49
-50
-44
-46
-41
-44
-46
-41
-46
-52
-42
-43
-49
-50
-49
-49
-51
-38
-39
-34
-31
-26
-23
-12
1
6
7
18
20
14
24
16
27
26
21
29
20
23
15
15
18
15
10
-2
-4
-4
-11
-10
-11
-12
-6
-3
-3
-5
4
6
2
11
14
22
17
16
13
10
5
4
-1
-10
-9
-18
-8
-11
-12
-9
-7
-5
9
19
31
33
43
53
58
63
68
71
63
69
71
63
62
63
57
40
33
41
24
31
24
26
24
10
13
3
11
10
4
2
9
11
10
18
18
21
14
8
6
-2
-9
-9
-10
-17
-25
-41
-44
-46
-46
-57
-58
-65
-63
-56
-66
-62
-57
-56
-60
-52
-46
-43
-30
-33
-39
-40
-42
-31
-31
-21
-20
-18
-21
-22
-23
-29
-30
-29
-24
-23
-19
-19
-13
-10
-14
-11
-7
4
9
11
11
11
13
13
14
15
20
18
13
18
19
10
4
-1
4
-8
-6
-5
-4
-1
-1
5
5
8
18
18
27
28
22
20
11
16
11
13
14
7
3
-4
-10
-14
-21
-8
-1
1
3
10
16
24
30
42
55
54
63
57
68
65
72
66
60
56
48
49
39
40
28
33
23
24
24
17
19
16
19
15
14
15
18
26
22
23
14
11
2
-4
-1
-7
-11
-24
-29
-28
-34
-39
-41
-44
-53
-55
-63
-64
-59
-60
-50
-51
-41
-45
-37
-28
-34
-28
-32
-29
-28
-25
-21
-27
-26
-28
-26
-34
-34
-39
-36
-30
-36
-32
-34
-26
-22
-15
-16
-5
0
3
8
1
9
16
20
17
23
21
23
21
17
15
13
22
19
7
4
-2
2
1
-2
6
0
3
1
7
11
3
4
7
8
13
17
17
13
2
5
7
0
0
1
4
11
3
3
1
1
5
-1
14
17
30
40
38
44
45
52
61
56
53
51
52
48
56
56
53
57
45
47
35
38
32
24
16
16
16
4
5
6
5
8
0
0
0
-1
-2
-11
-6
-5
-11
-12
-14
-26
-30
-32
-36
-33
-43
-57
-70
-72
-74
-76
-70
-76
-79
-75
-73
-69
-66
-62
-60
-53
-46
-42
-40
-37
-29
-24
-25
-17
-12
-14
-15
-16
-22
-13
-13
-8
-9
-13
-13
-7
-11
-9
-7
0
11
11
11
8
19
27
31
28
28
30
36
33
26
26
27
33
27
21
14
15
15
12
13
6
7
7
17
16
18
22
27
31
33
30
22
28
21
20
20
17
10
8
-1
1
-4
-7
-4
-3
-1
0
-4
8
18
23
34
30
35
33
35
36
39
32
28
35
32
31
39
37
25
26
28
29
25
23
12
17
14
7
10
20
19
6
19
12
0
1
-1
-2
-6
-8
-6
-10
-11
-23
-29
-37
-45
-49
-49
-52
-61
-60
-58
-55
-59
-59
-58
-60
-59
-66
-60
-53
-49
-52
-54
-50
-43
-45
-46
-42
-38
-42
-39
-35
-32
-29
-30
-18
-22
-25
-12
-10
-10
-1
0
7
6
11
12
16
22
24
33
34
37
27
26
30
27
25
21
16
15
13
10
8
10
12
8
11
9
20
27
24
24
19
20
22
23
26
25
30
34
22
21
23
25
24
20
22
18
23
16
18
18
11
19
17
20
22
22
28
35
35
42
43
48
41
36
41
34
36
32
29
28
32
26
27
22
20
27
21
31
26
30
22
20
20
20
14
9
10
1
-1
-7
-5
-8
-15
-18
-26
-29
-29
-37
-33
-40
-48
-51
-60
-61
-64
-58
-65
-67
-68
-74
-77
-83
-82
-72
-70
-69
-72
-62
-57
-63
-47
-54
-49
-40
-46
-42
-41
-42
-34
-34
-25
-27
-28
-25
-29
-13
-17
-6
-5
-3
6
9
7
15
17
21
13
15
24
20
25
27
21
22
23
18
22
29
33
30
28
30
32
38
36
34
36
39
41
36
38
43
48
40
38
36
32
42
35
33
25
23
29
30
31
38
40
47
45
41
41
44
42
43
49
36
39
38
39
46
33
35
27
22
23
21
19
12
17
10
4
3
0
-5
-1
-9
-12
-14
-21
-17
-14
-17
-21
-17
-15
-11
-11
-12
-16
-15
-19
-18
-24
-25
-31
-38
-42
-49
-54
-57
-59
-62
-65
-75
-69
-74
-72
-77
-76
-70
-68
-56
-52
-45
-49
-39
-43
-33
-36
-39
-35
-34
-25
-33
-31
-40
-42
-38
-43
-40
-32
-26
-24
-25
-14
-2
1
4
9
15
19
19
26
25
26
32
40
43
51
44
42
38
30
36
35
28
21
26
29
30
23
33
22
19
5
7
17
17
28
26
27
32
32
32
22
32
32
31
36
33
37
30
37
36
35
32
36
34
40
40
46
45
41
43
43
35
36
41
39
40
31
27
26
26
14
14
14
10
18
9
-1
-4
-1
3
6
3
2
0
-3
-4
-2
-8
-10
-11
-11
-19
-29
-28
-30
-36
-42
-42
-47
-46
-54
-60
-63
-64
-65
-65
-67
-68
-56
-59
-67
-55
-56
-53
-48
-47
-45
-42
-43
-40
-43
-43
-47
-45
-37
-42
-35
-39
-41
-39
-38
-27
-23
-16
-12
-12
3
2
7
6
13
24
23
32
31
27
33
34
32
38
37
40
40
35
36
39
38
38
38
33
31
39
42
41
48
46
52
41
40
39
38
34
40
39
36
30
31
28
27
28
23
26
18
17
13
17
20
16
19
20
18
17
16
21
14
14
12
14
15
25
22
18
26
22
24
17
15
16
15
12
14
3
-2
-7
-16
-14
-25
-15
-20
-20
-22
-22
-25
-21
-11
-28
-20
-16
-23
-27
-35
-36
-33
-35
-38
-45
-48
-57
-59
-59
-57
-58
-48
-55
-51
-49
-52
-53
-48
-44
-40
-40
-37
-30
-33
-30
-33
-25
-26
-27
-28
-30
-25
-31
-29
-25
-21
-14
-6
-5
-7
-4
-4
1
-2
-1
-5
4
6
9
16
15
14
14
22
24
28
24
26
30
27
34
32
37
34
32
34
29
33
35
43
41
34
35
34
34
33
30
29
29
35
34
27
27
28
30
26
19
16
16
20
22
12
10
11
12
14
9
16
16
17
17
14
6
8
8
2
15
12
11
17
17
19
22
15
9
5
2
2
4
2
0
-3
-4
-5
-12
-11
-17
-20
-22
-22
-18
-24
-22
-20
-17
-19
-18
-15
-18
-19
-25
-30
-27
-27
-35
-32
-34
-31
-33
-33
-38
-37
-40
-40
-34
-38
-31
-37
-33
-35
-36
-37
-35
-42
-39
-35
-30
-30
-25
-20
-24
-24
-16
-12
-11
-9
-8
6
4
8
11
11
14
20
19
18
29
33
36
30
23
24
23
14
19
18
21
25
24
27
21
28
24
25
32
30
31
36
39
37
39
33
36
25
28
22
20
32
31
36
39
39
32
34
28
24
27
25
28
37
36
32
30
30
29
22
11
17
13
22
27
16
18
8
7
2
4
-2
0
-3
-16
-12
-16
-14
-12
-9
-15
-13
-16
-14
-15
-14
-20
-13
-18
-19
-27
-31
-25
-29
-29
-24
-20
-22
-29
-28
-25
-38
-39
-47
-47
-48
-51
-56
-61
-56
-59
-57
-61
-51
-51
-47
-52
-47
-39
-34
-34
-36
-26
-28
-26
-27
-27
-24
-17
-17
-19
-24
-17
-13
-8
-10
-10
-11
-1
0
3
3
8
7
9
15
16
15
19
29
28
34
37
42
50
52
46
51
50
46
52
42
42
46
34
40
41
46
41
48
53
47
44
44
49
45
38
34
30
19
20
25
19
20
12
15
14
9
14
6
10
7
12
14
9
14
9
10
5
7
3
1
5
6
6
-11
-8
-18
-20
-15
-24
-28
-27
-24
-22
-22
-21
-29
-26
-34
-37
-34
-37
-35
-34
-38
-34
-35
-35
-41
-28
-32
-33
-30
-27
-24
-32
-27
-33
-35
-35
-27
-32
-26
-34
-28
-28
-26
-28
-31
-26
-27
-18
-18
-18
-21
-17
-19
-17
-17
-18
-15
-12
-10
-13
-3
-4
-2
3
-6
0
-4
2
2
11
10
11
14
20
28
35
36
39
39
43
45
37
39
40
38
35
38
31
32
32
30
29
31
36
36
44
43
45
40
42
42
45
51
47
44
45
49
45
46
44
44
40
35
30
29
30
21
14
13
9
10
5
6
-1
-14
-17
-15
-20
-17
-17
-20
-20
-25
-20
-32
-26
-22
-26
-17
-15
-18
-20
-18
-18
-21
-27
-25
-29
-30
-29
-29
-25
-21
-17
-21
-24
-24
-21
-16
-19
-21
-20
-19
-23
-22
-25
-25
-22
-22
-27
-34
-27
-33
-38
-37
-36
-31
-32
-26
-25
-17
-20
-13
-9
-12
0
-1
2
5
10
11
2
2
6
7
5
-1
2
3
5
-2
-8
-4
0
-1
-11
-9
-4
-1
-2
3
9
16
17
19
22
22
25
23
31
24
23
27
23
27
31
26
27
20
23
16
22
26
21
26
20
24
27
20
24
21
19
23
19
24
21
29
26
20
16
11
13
7
8
7
-3
-4
-7
-9
-13
-7
-13
-8
-10
-10
-13
-11
-10
-11
-13
-7
-7
-14
-15
-21
-24
-25
-27
-26
-26
-29
-28
-26
-29
-24
-21
-21
-24
-16
-14
-15
-9
-4
-1
0
4
5
7
2
0
2
2
4
6
-2
-5
-6
-4
-8
-15
-14
-18
-16
-13
-15
-13
-10
-15
-13
-15
-12
-13
-15
-18
-16
-15
-13
-12
-15
-16
-18
-14
-15
-10
-3
-4
0
2
1
7
5
0
6
8
14
10
15
7
8
9
12
14
9
13
6
10
12
17
18
20
21
21
24
31
21
18
23
22
19
21
18
18
23
24
24
32
36
37
30
30
28
29
26
27
31
25
29
22
18
14
14
17
17
13
15
7
2
8
-3
-4
-15
-5
-5
-8
-7
-9
-10
-12
-8
-8
-9
-14
-15
-18
-19
-19
-22
-27
-25
-33
-28
-30
-30
-28
-26
-26
-27
-20
-21
-17
-10
-6
-7
-4
-2
-2
-8
-6
-3
-9
-10
-12
-13
-17
-11
-14
-10
-17
-18
-19
-19
-14
-20
-18
-18
-12
-11
-5
-8
-9
-12
-7
-6
-7
-3
-3
-5
1
-9
-4
-9
-13
-8
-9
-3
-4
3
1
5
10
11
16
15
20
23
23
31
24
36
28
27
33
33
32
26
33
30
34
31
26
25
28
26
18
12
11
18
11
3
11
9
7
7
11
11
13
16
23
20
9
5
1
7
1
6
7
11
11
1
4
7
1
-3
-7
-14
-7
-17
-20
-19
-18
-13
-19
-22
-24
-28
-29
-33
-34
-29
-28
-31
-28
-26
-27
-29
-27
-28
-24
-24
-23
-23
-19
-15
-16
-18
-18
-10
-7
-4
-8
-7
-6
-4
-4
-6
-4
-2
5
8
15
13
11
12
8
9
1
1
8
3
4
6
-1
-4
-6
-2
-3
-3
1
-4
-5
-5
1
-1
0
-1
-2
5
3
-2
-3
6
7
6
5
1
2
2
-5
1
0
3
2
-1
0
6
4
3
7
11
23
26
33
27
30
32
32
43
39
31
33
30
33
21
17
21
17
21
18
15
13
14
12
2
-4
-1
1
0
-6
-2
-4
-2
-7
-5
-13
-19
-16
-13
-10
-14
-8
-11
-9
-17
-14
-14
-17
-15
-16
-13
-16
-14
-19
-24
-23
-29
-27
-23
-21
-19
-17
-16
-22
-22
-20
-13
-15
-8
-10
-4
0
-4
3
-3
4
-3
3
5
2
5
3
-2
-3
-6
-5
-6
-6
-2
-6
-2
1
7
8
5
6
8
8
8
7
5
1
3
3
-6
-9
-7
-2
-2
-4
-2
4
7
9
4
9
16
12
14
14
18
18
19
20
17
12
14
9
11
14
8
14
14
20
21
16
22
19
19
14
7
8
8
5
7
2
2
-2
0
6
2
3
7
4
10
7
4
9
12
11
10
5
2
-6
-9
-8
-5
-6
-11
-6
-7
-8
-11
-7
-10
-11
-8
-8
-4
-7
-9
-8
-6
-14
-13
-8
-5
-7
0
2
-5
-2
-11
-11
-13
-8
-9
-6
-8
-12
-4
-8
-3
-5
-8
-11
-12
-12
-6
-2
-3
2
4
4
4
-1
0
4
3
-2
-2
-3
-6
-12
-9
-6
-3
-11
-6
-3
1
-4
-6
-5
-8
-7
-9
-7
-11
-13
-8
-6
-13
-14
-14
-12
-17
-15
-19
-17
-15
-24
-21
-21
-17
-16
-18
-14
-14
-18
-9
-4
-5
-2
-4
-5
-11
-5
-5
-3
7
10
16
17
24
26
29
30
33
39
44
49
49
47
52
49
46
42
41
38
40
35
32
25
30
24
26
26
20
19
20
22
19
16
14
19
16
15
7
4
3
1
-1
-9
-15
-18
-25
-22
-27
-30
-30
-32
-30
-34
-30
-35
-30
-28
-23
-21
-21
-22
-24
-26
-30
-30
-34
-29
-24
-18
-15
-15
-10
-18
-15
-16
-14
-11
-5
-7
-6
2
2
3
0
7
8
9
10
13
14
19
11
10
6
8
12
4
7
4
8
3
1
-13
-11
-10
-21
-10
-15
-11
-8
-11
-13
-19
-17
-15
-18
-14
-14
-13
-13
-9
-4
-1
2
-1
2
-6
-5
1
-1
5
1
0
2
2
3
4
6
4
10
8
19
16
23
22
12
17
22
20
16
19
20
19
18
21
23
17
25
19
16
19
18
20
22
22
21
27
25
21
16
17
15
9
6
3
1
4
1
-2
0
1
-6
-4
-7
-11
-10
-10
-9
-10
-5
-10
-9
-9
-14
-10
-11
-10
-10
-12
-12
-12
-6
-15
-14
-14
-10
-11
-11
-14
-9
-10
-6
-9
-8
-11
-10
-13
-20
-7
-13
-5
-7
0
1
2
3
-4
6
2
7
10
8
7
1
-1
7
2
7
6
4
6
3
4
3
1
4
5
1
3
1
2
0
-1
-4
-6
-3
-2
-5
-9
-11
-6
-5
-5
-10
-5
-5
1
-4
-4
-1
-7
-5
-1
-3
-6
1
4
3
3
3
0
0
-3
-8
-4
-14
-9
-11
-12
-5
0
2
-3
2
5
8
8
12
10
13
13
11
13
6
8
6
5
5
2
5
5
8
7
0
7
12
10
7
6
5
5
1
-4
2
-7
-2
1
-2
-4
-5
3
2
-1
-1
-7
-12
-12
-6
0
-6
-4
-5
1
-2
0
-3
0
2
1
9
2
0
2
1
0
3
5
7
9
11
15
14
12
13
5
7
3
6
2
-5
-5
-11
-15
-13
-11
-13
-10
-8
-9
-13
-5
-7
-7
-17
-20
-18
-16
-11
-14
-7
-13
-14
-16
-16
-11
-10
-8
-8
-13
-10
-7
-10
-10
-10
-9
-7
-11
-11
-14
-12
-9
-6
-8
-7
1
5
11
9
20
17
18
20
12
22
21
19
18
20
20
23
21
19
20
18
20
15
19
22
16
17
11
13
10
6
8
11
7
10
9
6
10
9
9
3
-4
0
-1
-3
-5
-10
-8
-5
-5
-3
-6
-8
-8
-8
-8
-7
-5
-3
-5
-3
-3
-9
-8
-5
-5
-5
-8
-8
-12
-11
-14
-10
-10
-7
-9
-6
-2
-3
8
5
3
0
2
1
0
2
1
-6
-5
-3
-8
-6
-7
-8
-8
-10
-2
0
5
11
9
10
10
12
12
6
9
0
2
2
2
4
-5
0
-11
-8
-9
-3
-4
-8
-4
-5
-1
-3
-2
0
2
1
1
-1
-3
-1
5
1
-6
3
-1
-4
1
-2
5
-1
1
1
5
3
-3
4
2
0
-4
-2
2
-2
1
4
5
3
4
8
10
16
13
19
16
16
22
13
11
11
15
8
2
9
5
-1
-4
-8
3
-3
-1
-2
-8
-5
-7
-4
-4
-9
-7
-9
-6
-3
-11
-1
-5
-2
-6
-14
-13
-17
-11
-21
-18
-19
-20
-19
-21
-21
-12
-10
-14
-10
-11
-6
-7
-7
-6
-3
-1
-3
-7
-1
-4
1
5
5
13
12
10
10
6
11
14
14
19
17
15
19
15
9
10
12
15
13
10
10
11
12
15
8
8
8
9
11
7
10
8
8
3
2
-6
-8
-6
-8
-6
-7
-7
-14
-8
-7
-11
-12
-5
-5
-4
1
0
4
3
3
9
3
0
4
-3
0
-1
-3
-3
-4
-6
-3
-4
-5
-7
-8
-3
-7
-2
4
2
-2
1
-2
-4
5
0
4
6
-3
2
-4
-2
-6
-8
-10
-13
-14
-8
-5
-2
-1
-2
-7
-7
-5
-13
-11
-11
-8
-9
-10
-8
-8
-8
-5
-7
-10
-8
-7
-8
-9
-7
-4
-1
-1
5
8
4
6
5
4
7
12
10
7
2
1
0
2
5
6
4
10
8
10
11
8
15
10
10
10
7
9
11
5
5
4
4
-5
-4
-7
-8
-3
-4
-5
-7
1
0
3
1
1
1
3
0
0
-1
-2
-3
-3
-3
-3
4
4
8
6
9
9
11
12
14
7
10
11
7
7
3
2
5
9
5
7
13
5
5
7
2
1
0
-4
-4
2
0
1
3
5
-1
3
3
9
5
2
-1
-1
-4
0
2
-5
0
-3
3
0
1
3
1
5
7
4
4
5
3
2
4
2
0
2
-6
-10
-12
-17
-11
-16
-16
-17
-17
-15
-15
-10
-7
-7
-11
-12
-14
-18
-15
-14
-8
-2
-2
5
3
2
1
-1
-3
-10
-3
-4
1
5
3
6
7
4
5
4
-3
-1
2
-3
-5
-6
-4
-3
-6
-8
-3
-11
-6
-2
-7
-1
-1
2
5
5
7
4
3
0
-4
-6
-10
-2
-3
1
-7
-2
-2
3
2
-3
0
1
7
-1
2
7
9
8
9
7
6
7
11
12
13
15
11
8
5
6
8
-1
0
3
7
13
9
9
10
11
18
19
17
19
19
17
19
18
16
8
3
6
7
3
3
0
-2
-4
-7
1
-6
-6
1
0
-2
-8
-5
-7
-13
-12
-12
-14
-18
-21
-22
-31
-32
-32
-29
-26
-29
-29
-26
-29
-29
-23
-18
-18
-11
-11
-11
-4
-6
2
4
5
4
-2
4
1
7
1
4
3
0
6
-1
7
2
2
3
-2
-2
1
-2
3
2
8
11
12
17
13
15
18
19
17
14
14
10
10
9
3
-1
-1
1
3
4
-1
3
2
2
-3
-5
-7
-14
-12
-5
-1
-1
0
-2
4
-1
3
6
6
9
5
6
9
2
4
1
4
11
14
9
10
6
4
10
5
12
13
15
6
10
12
13
13
6
6
2
3
4
8
-1
-6
-2
0
-1
-3
-5
-4
1
-2
-3
-8
-9
-10
-7
-13
-9
0
-8
-7
-16
-12
-9
-11
-9
-10
-10
-13
-9
-10
-6
-4
-4
-9
-8
-8
-7
-6
-4
-6
-6
-4
-7
-8
-12
-10
-10
-5
-11
-9
-13
-12
-6
-5
0
-1
4
2
11
10
19
19
20
22
16
19
15
20
21
19
19
20
18
15
11
12
13
10
7
8
4
4
6
7
5
5
2
-8
-9
-6
-7
-3
-5
-11
-18
-15
-6
-4
0
-3
-2
-1
0
2
1
4
-1
0
-1
-9
-14
-6
-12
-11
-11
-5
-1
-2
-4
-4
-2
-8
-5
-6
-2
1
3
11
4
1
2
-1
-7
-8
-3
-3
4
9
4
8
5
7
9
7
1
7
7
7
11
5
12
4
2
-2
-3
2
-6
-8
-10
-9
-4
-5
-8
-8
-8
-4
-4
-1
-2
-4
3
5
4
5
1
6
5
5
2
-1
-7
-6
-4
-6
-4
-8
-7
-6
-7
-6
-5
-3
-2
-5
-3
0
-3
4
-2
1
1
-5
-1
-6
-4
1
-1
-2
-2
1
-3
2
0
1
2
-3
3
2
0
2
-4
-4
-5
-8
-3
-3
-2
-5
-3
-4
-4
-6
-7
-3
-7
-4
-10
-4
4
2
-1
-4
-1
-12
-6
-6
-6
-2
1
4
5
3
7
0
5
7
10
11
12
11
12
12
9
2
4
5
