SAMPLES:	13527
BITSPERSAMPLE:	16
CHANNELS:	1
SAMPLERATE:	16000
NORMALIZED:	FALSE
-3
2
-1
3
0
1
0
-4
3
0
-1
0
-5
-6
-4
-1
-7
-7
2
8
2
5
4
3
7
2
6
4
5
-3
-3
-1
-9
-10
-6
-6
-4
-5
-4
0
2
5
6
4
7
13
10
10
8
7
4
0
2
4
-4
4
-3
0
-4
-3
0
0
1
-1
4
-4
2
0
1
-4
-2
-5
-6
-4
-6
-6
-8
-4
-13
-4
-4
-10
-11
-11
-7
-12
-8
-6
-12
-4
-4
-4
2
-3
-1
1
-5
-3
-3
-5
-5
-4
0
0
0
5
7
9
8
15
19
16
15
16
22
17
16
17
13
12
9
16
9
7
5
3
7
3
6
3
2
7
-1
-7
-2
-2
-4
-2
-1
-3
0
-5
-5
-9
-2
-2
-2
-5
-10
-9
-6
-4
-2
-8
-8
-6
-2
-3
-5
-3
-11
-6
-10
-10
-7
-10
-4
-1
-1
-4
-1
3
4
0
-3
-5
-2
-3
-1
-2
-3
6
6
8
1
4
1
-4
-4
-8
-5
-6
-8
-7
-8
-1
-6
-5
-1
-3
2
-2
2
-1
6
3
-1
1
-6
-5
-3
4
5
6
4
7
3
8
11
7
8
10
10
9
10
3
3
13
5
7
6
2
1
6
6
5
5
5
3
0
11
6
1
5
-2
3
1
4
4
1
-1
1
2
5
3
-1
-3
-5
0
-4
-2
-9
0
0
0
6
0
1
2
4
3
4
4
0
2
0
0
-4
-4
-6
-8
-7
-12
-9
-8
-12
-6
-8
-2
-2
-5
0
-1
1
4
-4
-1
-1
-5
-4
-4
-6
-5
-7
-5
-2
-1
-4
-4
-2
1
1
-5
-5
-1
-5
-6
0
-6
-4
-4
-4
-4
-5
0
-7
-9
-2
-7
-3
-7
-1
0
7
5
0
3
4
4
5
4
1
1
-1
-7
1
-4
-2
-1
0
0
-2
-1
-4
1
-4
1
-3
5
4
4
13
6
13
7
10
9
3
11
10
3
5
5
11
8
8
10
0
9
7
4
6
4
9
6
-2
1
3
3
6
-1
7
2
1
-3
-5
1
-1
1
-4
-2
2
-1
-5
-1
-8
-9
-7
-14
-10
-10
-11
-12
-11
-10
-13
-13
-9
-10
-8
-11
-7
0
-9
-3
-3
-3
-6
-5
-2
1
3
0
0
-1
-1
-4
-6
-3
-4
-5
-8
-6
-1
5
4
5
8
6
9
13
7
12
12
9
11
10
9
14
8
12
12
10
16
19
11
13
16
11
18
8
16
11
7
3
-1
1
1
-2
-3
-3
-6
-1
-4
-4
-1
3
-2
1
-2
-5
3
-5
-4
-6
-6
-3
-7
-9
-10
-7
-6
-8
-3
-6
-4
-2
6
2
0
2
1
4
6
2
-3
4
-7
2
-3
-5
-8
-10
-2
-2
0
-4
-3
-5
-2
-5
1
-2
-8
-9
-12
-10
-10
-10
-10
-14
-9
-3
-1
-2
-5
-10
-7
0
-1
2
-7
-2
-1
-12
-6
1
1
-2
-4
-2
-7
-2
0
-6
-2
-3
2
3
6
11
5
11
8
10
12
13
13
13
16
17
9
9
17
14
9
6
4
3
-4
-9
-11
-4
-3
-6
-2
-3
-2
-4
-3
-8
-5
-7
-5
-4
-2
2
-1
1
-5
-5
-6
-4
-1
-6
-5
-7
-2
-6
1
3
1
2
-1
2
2
2
1
0
3
3
3
6
5
9
9
5
3
3
4
8
12
5
9
8
5
4
3
0
-3
-4
0
-3
-1
-3
-5
-2
-2
-5
-15
-9
-9
-6
-6
-6
-4
-3
0
-6
-1
-5
-6
1
-6
1
-2
-3
-1
-5
-3
4
0
4
4
-9
0
-2
-2
4
-2
2
1
-4
0
-7
-4
0
-4
-3
-7
-8
-7
-6
-2
1
0
4
-2
2
3
1
2
-1
2
-1
4
-1
4
3
4
7
0
3
7
4
4
1
-1
0
0
-5
-1
3
0
-1
3
3
-1
11
11
5
6
-1
-2
-3
-8
-2
-2
1
2
4
5
7
11
11
11
9
10
7
11
11
8
11
14
6
7
8
14
9
14
17
11
5
8
6
7
12
6
6
3
9
4
3
1
6
3
2
-3
-8
-7
-8
-4
-9
-5
-4
-12
-15
-19
-13
-10
-17
-15
-19
-11
-14
-10
-8
-10
-8
-10
-13
-11
-7
-6
-7
-6
-9
-6
-5
-10
-8
-5
-8
-5
-4
-6
1
3
3
-2
6
3
-2
-1
1
-4
-3
-12
-5
-4
-4
1
-1
3
-2
2
8
3
1
8
4
8
2
4
3
2
3
10
14
8
8
1
4
5
8
4
1
3
-3
2
3
-1
-3
-4
-6
-7
-9
-10
-11
-7
-5
-1
-8
-8
-6
-3
-6
-10
-3
-8
-2
-3
-1
5
9
5
2
5
0
0
4
1
5
3
2
4
9
5
8
6
12
6
2
8
3
8
5
7
0
8
6
1
1
-1
-6
5
2
4
4
-2
2
5
-2
0
-4
-1
1
5
1
-1
-4
-7
-9
-13
3
7
4
-7
-7
-2
0
-1
-4
1
-9
-1
-4
1
4
-6
-10
-16
-14
-13
-9
-13
-10
-15
-8
-7
-8
-8
-4
-4
-5
-9
-7
0
2
7
2
5
6
-1
6
1
0
6
2
11
9
7
3
0
-2
-4
7
1
1
0
1
5
4
7
4
11
8
8
13
17
17
18
16
13
18
12
15
11
8
10
7
4
4
5
8
11
4
5
-1
1
1
-4
-3
-8
-3
-7
-11
-5
-5
-2
-2
1
-1
-6
-3
-6
-2
5
8
10
4
3
-1
-2
1
-3
-4
-1
-2
5
6
11
9
0
3
6
5
1
-3
0
0
-2
0
5
-1
0
9
4
4
-2
2
0
1
1
0
0
-8
-3
-9
-9
-12
-13
-11
-17
-12
-17
-17
-14
-18
-18
-17
-16
-15
-12
-14
-16
-13
-12
-5
-3
1
-1
-6
0
-5
-2
-6
4
4
0
-1
-2
9
7
4
0
3
6
10
7
3
0
1
-1
3
2
1
3
1
5
6
-2
0
3
0
1
1
6
7
4
4
3
-1
5
1
4
4
2
1
-5
-6
-5
0
3
-3
-3
-7
-4
0
0
5
12
10
8
6
5
1
0
1
-3
-3
-6
-10
-7
-6
-4
-4
-7
-5
-3
-8
-13
-11
-11
-8
-6
-7
-6
-8
-5
-3
1
5
15
13
7
6
-4
-5
-4
-9
1
1
1
1
3
13
6
4
-1
2
-2
2
-2
-5
-5
-1
7
-2
8
7
6
12
16
17
11
14
10
13
14
8
7
0
0
-1
6
2
-2
4
3
0
5
8
5
7
6
5
0
2
0
1
-3
-2
4
3
-1
4
6
5
3
3
8
1
4
4
-1
6
-5
-6
2
-2
-4
4
1
-4
-4
-2
-2
-2
-4
-9
-2
-1
0
-4
-6
0
-9
-10
-7
-3
-3
-4
-7
-10
-9
-3
-8
-6
-6
-13
-12
-11
-11
0
-2
2
0
-10
-6
-9
-11
-4
-5
-7
1
0
1
7
7
2
1
-6
-3
6
1
3
0
1
5
0
-1
-7
1
5
5
6
7
18
13
6
10
9
13
7
7
16
18
9
9
5
5
13
12
9
6
0
-1
1
-4
-1
-4
-11
-16
-11
-9
-10
-9
-11
-5
-5
-9
-4
1
1
0
-12
-8
4
-3
3
7
1
11
6
7
8
0
3
7
9
8
13
5
-5
-1
0
-7
-3
-4
-2
-3
-16
-9
-12
-6
-6
-18
-13
-14
2
-10
-5
-5
-13
-11
-13
-7
-14
-9
-1
1
-5
-1
0
-13
-7
-6
8
4
-2
-2
-7
-11
-10
-7
-15
-4
-2
-5
6
2
4
13
11
13
11
13
5
1
3
3
7
4
0
-2
-13
-6
2
-6
11
14
16
12
12
19
23
23
27
21
16
14
14
10
-4
17
5
-11
-4
-22
-8
-11
-7
-9
-13
-4
-7
-8
-14
-5
-9
-1
-1
-7
-2
-15
-9
-11
-22
-15
-13
-11
-5
3
-2
-1
-1
2
3
0
12
3
17
2
-1
14
8
11
-8
-9
-8
-12
-9
-2
-6
-4
2
7
3
13
17
19
9
5
14
15
14
18
13
12
4
8
-7
9
6
9
21
15
4
6
1
-6
3
-1
10
13
11
10
18
6
-4
-4
-18
-20
-24
-20
-17
-29
-14
-8
-11
-5
-6
-5
-3
18
20
22
19
11
9
-9
3
-3
-10
-5
-23
-16
-11
-8
-4
-1
-2
5
0
7
12
4
10
-6
-11
-7
2
-2
-13
-9
-15
-9
3
-4
-9
-10
-12
-8
-18
-25
-5
-2
-1
22
14
26
15
19
24
24
18
13
13
-10
-20
-25
-35
-33
-20
-20
-14
5
-11
8
9
4
16
17
15
10
7
-8
-14
-19
-1
-2
-1
2
-10
1
-11
-5
-4
19
23
14
16
-4
22
2
8
5
0
0
5
3
-3
22
10
5
-7
-4
-3
1
-6
-17
-2
-26
-10
8
-15
18
13
5
24
2
9
-5
17
-2
-6
-2
-17
-8
-29
-12
-22
-20
-6
-10
-7
-12
-6
-9
2
2
-13
0
-20
-11
-17
-25
-16
-17
10
-11
10
15
-2
16
0
13
-5
18
16
17
14
7
11
-15
33
-2
9
18
-16
8
-3
5
-1
13
28
-1
30
-3
2
14
-2
4
14
20
5
33
-10
18
0
-6
13
13
-1
-6
-26
-28
-14
-16
-22
3
-1
9
22
15
25
15
11
-36
-8
-29
-11
-10
-40
-11
-21
-26
-14
-17
-2
-1
2
14
11
24
17
13
-4
-10
-8
-14
-22
5
-15
3
8
-22
3
-22
7
-1
5
11
14
-6
13
-5
-3
14
-2
2
19
-2
-4
32
-1
20
13
-3
-11
2
11
-11
13
6
11
1
-3
9
-10
15
10
-4
10
-3
4
-17
12
-25
-21
3
-21
6
-31
2
-8
-16
7
6
29
14
27
9
6
11
-12
5
-2
2
-8
21
1
-5
-8
5
6
11
5
27
19
5
-1
-23
1
-22
-23
21
-5
-4
7
14
4
-15
3
-9
-4
-5
-14
20
4
-10
21
-26
10
7
-6
7
-17
5
8
14
-18
-18
-8
-5
-24
-16
17
-3
3
-21
20
-29
-1
18
-11
34
-3
17
16
-7
7
-28
10
-24
-2
-20
2
-10
-41
13
-4
7
10
9
8
21
-2
10
8
-26
-22
8
-17
-21
6
-32
-12
-26
-16
30
49
35
25
18
-6
24
5
11
1
-8
-16
26
-22
-2
-10
-41
-1
-26
5
20
2
-4
-10
-10
-38
-15
-1
-34
-1
-28
8
4
13
4
2
15
1
18
-8
9
-21
1
-1
-3
19
9
16
-19
0
29
20
46
-2
35
21
-4
27
-7
6
-27
2
-16
-24
-27
-15
-39
-41
3
22
10
16
-19
12
2
19
19
4
32
-16
17
-14
10
12
-1
-1
-3
4
7
-9
-8
-15
-11
22
4
-13
-13
-11
-9
-4
7
2
6
6
-21
13
-10
20
-11
13
-18
-4
0
-43
19
-48
4
4
13
6
28
21
-21
7
-10
13
-5
11
1
-25
9
-3
-20
-9
13
-5
11
27
1
13
-24
16
-26
17
-4
-8
35
-17
36
-14
27
-10
-1
16
9
18
24
15
30
2
2
35
-23
-7
-13
-33
-34
11
-6
-5
-5
-3
-9
-13
-8
0
3
5
16
-19
6
27
-15
0
0
-23
-12
3
-1
-10
37
-44
8
-12
-15
6
-9
25
-24
42
-2
21
7
11
7
9
7
31
-23
0
24
-25
-1
-16
-21
27
-9
11
5
0
17
-13
18
7
22
16
21
-4
-44
10
-23
-22
11
-5
-22
-14
-25
-19
-3
-12
-19
-9
-8
-9
29
17
9
-3
3
24
-11
-21
28
-34
15
1
-22
23
-33
10
-7
17
12
2
35
-11
2
-15
-12
-9
-3
-1
-12
-1
0
-10
-7
-5
15
-38
24
-14
-15
27
42
-10
20
28
-50
8
11
-14
22
11
-17
8
-8
-31
21
-14
-4
5
-15
4
18
29
-3
-3
-1
-15
-5
3
25
-33
26
27
-47
-30
25
-34
-15
-17
-16
27
-5
39
35
8
2
-35
-23
-8
-30
-9
-4
6
-27
9
-1
-42
10
-25
0
19
60
10
29
37
-29
38
-21
12
5
13
35
16
28
-8
-3
-33
-2
13
-10
38
-16
12
30
-17
-23
-12
-20
-19
6
-28
21
16
-3
26
-9
8
-6
-23
-11
6
-23
24
7
-13
-12
-1
-41
-44
11
-27
29
-31
12
-8
-7
-14
-2
22
-7
-12
-24
-4
2
-1
-12
9
2
3
-1
13
35
-7
-2
46
-8
6
36
-5
-15
0
-8
-1
62
-13
31
10
-5
-9
3
-2
-17
27
-29
33
-17
1
-6
-2
-19
19
1
7
18
-25
36
19
-2
-12
9
-19
-7
-20
-12
-4
10
-6
0
10
23
6
-12
1
-31
-27
9
-4
11
33
0
-3
21
-2
-7
44
-30
-1
8
6
-1
1
24
-3
4
14
-3
12
-15
15
-6
30
-11
17
16
-4
19
-28
37
5
-35
-2
16
-10
7
6
10
-27
-18
-14
-23
-4
-7
6
-24
-49
24
-59
41
-21
-3
16
-13
1
-33
48
-24
-2
-10
-19
-5
-35
-20
-7
10
0
65
0
7
1
-8
-5
10
-27
1
18
-25
35
-25
9
20
-45
-11
17
19
5
33
-19
-3
23
-41
41
-38
-9
4
-26
-6
9
8
4
30
-40
36
7
-23
42
6
12
30
-8
-39
16
-22
-22
43
14
20
56
-21
25
8
-56
9
-5
-64
-9
18
-29
9
-24
-25
-13
18
-16
34
15
-23
18
-17
-13
37
8
-11
12
-63
36
16
-25
27
-43
-6
29
-45
33
4
5
22
12
19
-43
-10
-27
-45
-34
-18
22
5
8
59
-24
14
1
-39
14
-32
-21
0
47
-4
57
-21
-3
4
-38
43
-1
26
-35
55
1
26
29
-35
48
-34
2
24
14
4
-8
4
-45
50
-60
29
-23
-22
3
-3
3
-20
30
-27
34
-69
37
-6
-4
1
13
25
28
7
-14
-13
-27
18
-18
-3
0
-7
14
-2
13
19
44
15
8
13
0
-11
25
5
5
-24
-6
36
-25
12
-2
-3
25
-1
42
-46
19
-50
-7
-20
-18
0
-12
53
-43
24
-26
-13
-4
-30
31
-26
-11
62
-48
30
-22
-21
-27
-11
8
18
28
10
2
0
-3
-6
34
33
-35
-16
-3
-16
9
42
-5
1
25
-44
25
-13
10
8
-13
0
-11
-33
29
-24
-56
33
-43
6
44
11
-10
2
-28
-23
0
-15
39
-34
42
-38
-16
-11
-18
-21
-3
81
-25
83
-14
-41
-1
2
0
1
33
-24
18
19
-23
45
-17
36
-3
3
44
-35
43
-42
12
2
24
21
-28
18
-62
6
12
-2
-1
-26
6
-22
19
-24
42
-12
-6
9
-23
56
-30
-9
-12
0
15
25
60
-61
1
-58
-26
3
-2
-14
-19
-20
1
44
-8
11
25
-26
7
2
4
15
-16
-40
9
-4
-61
32
-3
-6
-8
-11
-17
-7
15
2
16
-7
10
17
2
-8
-12
-2
12
5
-2
9
-10
-36
10
-4
-26
10
3
-24
13
1
42
1
56
28
47
74
-67
23
-31
-68
2
-21
-15
36
7
6
-2
19
-1
22
-34
25
-19
50
-1
-18
42
-92
71
-10
3
-34
-21
-29
-63
-4
9
26
38
0
-4
18
-26
17
-26
26
52
-25
14
27
-82
-5
-19
-22
-57
53
-16
-27
-27
6
15
-4
31
0
43
-34
50
-2
-7
76
-44
65
-13
0
12
-40
19
-26
12
54
11
24
-4
-39
7
-20
49
20
33
28
17
-54
-20
-44
-7
-12
36
42
-37
-39
5
-13
2
-32
-65
1
-38
-1
39
-8
44
-26
48
31
29
-6
-21
35
-97
13
20
6
63
5
0
-44
-20
25
21
2
46
6
-24
21
1
-3
1
-19
-58
0
17
-36
-7
1
-26
10
8
19
-19
-1
33
1
16
33
-20
-16
-32
3
49
-37
-4
-1
-1
32
-4
65
-25
-47
-10
-12
-3
20
37
-18
7
-35
37
-8
18
-16
-83
-7
-18
18
15
14
18
-58
-41
8
-22
30
16
-58
-14
-41
36
46
20
67
-49
29
22
-14
11
1
-44
-16
13
20
9
-60
2
3
-50
41
37
35
54
-52
-22
-59
12
19
11
66
-20
-17
35
-12
-10
-27
-1
-2
4
25
-14
-12
19
-32
33
24
-9
13
-37
-10
15
15
64
-56
5
4
-31
-24
36
4
-59
16
-9
-8
21
36
-12
-71
-9
7
32
42
-5
28
-66
-30
18
25
37
-30
-6
31
-28
-18
21
31
-25
8
53
-60
32
3
-48
21
-34
-8
16
-8
-68
52
-9
18
-2
48
43
6
13
-20
43
-28
12
5
30
-30
21
-37
-3
-38
-19
1
-19
-6
14
-10
26
4
-3
10
-36
11
-39
78
-15
18
40
-66
-71
-46
-25
22
-18
28
-6
-1
32
-25
-22
-34
11
40
22
26
38
-17
32
-21
35
50
24
46
-22
18
5
-30
27
36
-74
9
-41
11
-52
-24
27
-17
15
27
31
33
25
-38
19
-52
11
-41
4
-15
-67
24
-15
-14
42
-56
6
19
-56
39
23
24
14
-1
-22
-24
9
20
25
49
10
35
31
-26
-14
-35
-59
-4
6
-1
29
-11
-50
-32
25
8
-16
15
37
21
38
59
9
-19
-13
-40
-36
0
13
-7
10
-7
-102
55
-21
35
13
44
13
-33
75
2
50
-37
-15
-38
14
-32
-9
7
-33
25
-15
68
70
-8
34
-43
1
-32
16
-2
-30
-58
-47
89
-2
19
-18
48
-39
4
55
-6
-4
-87
-17
6
-10
-19
30
-9
-38
-50
24
32
5
-32
-13
-5
-69
-27
50
17
-128
40
34
39
14
0
-8
19
15
29
100
40
-66
-18
18
2
-31
-44
16
-1
-33
47
82
-61
-17
-3
25
41
28
50
-2
-56
-87
-22
-10
-6
-42
-3
-4
-36
21
41
17
-20
11
35
-16
-26
-19
-26
-29
-26
16
31
21
-22
-11
-59
47
-26
29
30
-69
-5
4
-1
27
-3
-43
15
15
7
76
13
16
34
19
36
-38
10
34
-49
-107
19
1
-63
-11
-39
-44
-52
23
42
119
27
-13
18
-16
5
-7
43
53
14
-39
66
30
-8
19
56
32
16
49
13
-22
-65
-80
5
-1
2
8
29
12
19
15
21
42
-6
-5
47
30
-14
43
-12
-55
-33
20
31
58
45
-37
8
28
62
126
113
93
26
37
47
9
22
9
-16
-26
-10
-34
-13
-64
-44
-52
-66
-37
-58
-52
-85
-145
-132
-112
-109
-99
-130
-88
-104
-100
-99
-88
-72
-91
-81
-69
-67
-72
-30
-95
-93
-119
-75
-18
-20
-25
-11
26
11
16
43
21
37
45
35
77
37
45
58
64
72
82
117
115
66
68
75
80
91
124
109
89
66
58
142
207
254
232
296
286
270
298
331
346
342
318
321
288
209
158
91
71
43
56
44
14
-54
-116
-201
-223
-266
-241
-217
-225
-253
-325
-371
-454
-465
-463
-453
-435
-395
-370
-371
-410
-370
-355
-280
-227
-207
-160
-139
-127
-103
-43
-17
29
83
101
126
146
178
222
211
249
290
316
291
256
255
235
191
209
181
136
72
24
-33
-114
-132
-129
-123
-115
-135
-176
-209
-219
-277
-256
-211
-221
-186
-237
-239
-267
-303
-309
-231
-167
-130
-102
-60
-40
-5
76
128
173
158
147
205
225
201
158
194
218
422
763
971
1144
1072
1057
1050
1107
1220
1406
1506
1409
1181
974
840
683
491
418
297
128
-82
-184
-336
-596
-879
-1122
-1124
-1198
-1207
-1218
-1259
-1414
-1582
-1611
-1467
-1405
-1295
-1184
-1110
-1052
-1006
-841
-661
-519
-372
-231
-34
124
158
241
274
392
501
623
698
635
531
424
341
331
415
384
321
192
152
163
175
231
235
184
145
104
175
208
186
61
0
7
-51
-56
-75
-132
-258
-271
-243
-144
-134
-195
-283
-374
-386
-374
-313
-285
-320
-419
-390
-347
-343
-316
-234
-160
-95
18
122
237
273
264
310
401
465
535
619
810
1235
1675
2019
2163
2095
2009
1903
1953
2139
2337
2285
1931
1425
989
675
387
125
-116
-412
-743
-1055
-1269
-1503
-1889
-2247
-2380
-2358
-2309
-2284
-2286
-2319
-2466
-2466
-2230
-1863
-1550
-1403
-1317
-1165
-969
-706
-336
3
223
329
515
712
809
842
903
1018
1212
1343
1360
1252
989
734
605
576
570
435
238
20
-226
-296
-262
-236
-233
-141
3
126
217
288
357
359
385
463
590
622
458
269
137
30
-36
-11
0
-98
-310
-515
-614
-680
-780
-827
-860
-856
-854
-937
-949
-965
-1002
-925
-730
-529
-352
-231
-135
-72
30
196
388
621
736
855
1105
1670
2330
2794
2977
2861
2769
2711
2813
2977
3100
2949
2462
1822
1291
872
399
-46
-419
-834
-1216
-1619
-1938
-2234
-2631
-2983
-3124
-3003
-2888
-2859
-2906
-2902
-2906
-2771
-2402
-1934
-1603
-1441
-1337
-1086
-706
-383
29
422
671
784
888
1027
1175
1186
1246
1385
1509
1553
1380
1178
899
654
563
582
587
430
91
-234
-498
-591
-533
-424
-363
-365
-371
-199
47
285
540
682
801
953
1124
1286
1308
1196
1022
863
795
743
587
288
-77
-420
-666
-830
-941
-1090
-1284
-1498
-1646
-1697
-1709
-1681
-1682
-1626
-1485
-1320
-1112
-866
-659
-463
-207
73
390
670
872
1022
1189
1315
1503
1796
2179
2744
3222
3482
3387
3127
2902
2821
2818
2823
2783
2429
1745
896
212
-234
-682
-1096
-1466
-1849
-2279
-2733
-3046
-3234
-3421
-3586
-3537
-3330
-3091
-3043
-2919
-2717
-2543
-2307
-1918
-1420
-1007
-743
-539
-208
157
450
768
1100
1310
1402
1470
1575
1679
1634
1577
1547
1520
1450
1244
1030
853
651
465
284
122
-87
-315
-530
-633
-547
-466
-467
-512
-512
-322
-2
358
673
866
953
958
1075
1212
1362
1371
1248
1073
863
658
461
222
-112
-466
-759
-951
-1099
-1273
-1489
-1697
-1866
-1939
-1944
-1842
-1706
-1615
-1547
-1364
-1118
-818
-532
-283
-23
239
547
813
1063
1282
1421
1565
1793
2040
2272
2450
2746
3150
3373
3375
3081
2820
2613
2480
2346
2206
1889
1253
407
-331
-780
-1177
-1576
-1950
-2329
-2721
-3135
-3397
-3440
-3484
-3571
-3598
-3396
-3129
-2965
-2821
-2543
-2235
-1954
-1654
-1208
-749
-448
-197
124
539
919
1181
1384
1563
1625
1643
1712
1814
1796
1673
1569
1514
1464
1279
1054
811
549
390
233
87
-70
-318
-552
-670
-689
-593
-529
-582
-544
-343
6
320
559
660
733
780
940
1204
1377
1363
1181
937
747
634
493
286
-49
-410
-719
-923
-1030
-1195
-1456
-1666
-1777
-1797
-1708
-1646
-1566
-1465
-1377
-1186
-878
-555
-266
-106
120
351
621
911
1107
1267
1318
1442
1623
1842
2014
2124
2241
2582
2874
2984
2841
2535
2300
2098
1954
1857
1672
1205
454
-344
-887
-1156
-1422
-1761
-2082
-2481
-2890
-3214
-3318
-3275
-3208
-3249
-3192
-2950
-2741
-2600
-2433
-2149
-1840
-1538
-1134
-621
-206
-12
121
397
771
1075
1319
1500
1610
1610
1587
1714
1785
1717
1582
1458
1487
1415
1226
958
681
444
274
172
50
-125
-386
-635
-721
-665
-533
-490
-562
-545
-427
-199
112
384
622
729
730
816
936
1089
1104
1016
941
814
635
462
263
7
-246
-498
-657
-721
-908
-1092
-1296
-1436
-1503
-1541
-1467
-1337
-1237
-1159
-1016
-817
-613
-481
-286
-82
171
416
616
824
910
914
961
1091
1247
1433
1555
1665
1781
1910
2193
2384
2395
2162
1896
1737
1661
1567
1388
1124
585
-6
-503
-780
-969
-1289
-1643
-2012
-2325
-2578
-2689
-2711
-2722
-2808
-2878
-2756
-2538
-2312
-2167
-2005
-1800
-1545
-1260
-937
-599
-330
-105
139
452
776
947
1056
1173
1322
1450
1540
1651
1654
1588
1503
1478
1528
1522
1334
1053
801
671
544
399
227
65
-157
-339
-428
-456
-483
-521
-556
-500
-379
-250
-67
136
262
327
395
487
569
574
557
570
548
470
357
207
98
-56
-214
-335
-469
-621
-795
-925
-996
-1057
-1086
-1109
-1136
-1151
-1091
-1017
-892
-724
-601
-483
-291
-72
108
316
475
630
779
883
991
1087
1151
1240
1354
1487
1598
1789
2053
2232
2217
1999
1799
1672
1614
1586
1502
1288
902
316
-245
-598
-805
-991
-1262
-1578
-1924
-2298
-2586
-2686
-2698
-2677
-2694
-2663
-2584
-2548
-2475
-2310
-2007
-1687
-1427
-1170
-869
-642
-426
-151
161
479
760
963
1134
1254
1355
1462
1604
1694
1716
1717
1712
1712
1630
1468
1273
1107
1017
961
820
631
375
102
-87
-190
-187
-160
-246
-364
-472
-531
-521
-457
-340
-154
9
63
100
43
12
74
151
285
340
253
63
-175
-322
-343
-342
-408
-508
-716
-907
-979
-945
-841
-802
-824
-822
-822
-765
-687
-559
-368
-193
-10
141
269
380
486
614
775
911
1001
1025
1041
1042
1037
1098
1189
1304
1484
1700
1804
1766
1577
1431
1389
1392
1399
1318
1095
689
167
-254
-435
-560
-731
-989
-1358
-1738
-2034
-2180
-2165
-2086
-2132
-2246
-2346
-2350
-2246
-2113
-1842
-1566
-1356
-1262
-1183
-1027
-805
-530
-286
-38
128
248
321
449
608
762
931
1041
1173
1245
1282
1346
1408
1403
1334
1282
1296
1312
1280
1152
945
808
705
617
605
609
520
307
32
-159
-250
-260
-263
-287
-341
-467
-524
-489
-423
-371
-339
-320
-315
-298
-305
-306
-370
-449
-531
-582
-551
-554
-567
-600
-630
-670
-618
-514
-371
-252
-216
-198
-175
-149
-69
40
197
357
436
484
497
506
524
590
660
735
743
705
636
527
430
373
371
425
464
541
677
794
889
859
788
743
809
913
958
923
742
452
107
-109
-148
-121
-169
-390
-722
-1009
-1156
-1163
-1087
-1047
-1166
-1368
-1544
-1562
-1475
-1410
-1333
-1290
-1279
-1301
-1287
-1212
-1067
-915
-804
-659
-547
-427
-290
-119
72
234
374
513
652
809
993
1183
1353
1434
1421
1407
1405
1484
1550
1512
1358
1143
957
841
767
678
553
328
99
-121
-238
-316
-423
-554
-684
-777
-818
-793
-755
-718
-680
-655
-631
-615
-547
-442
-342
-307
-292
-284
-270
-292
-261
-160
-72
3
-18
-46
-49
3
126
292
412
414
327
265
285
328
446
500
458
313
146
110
139
192
217
199
131
31
-13
6
74
46
-50
-125
-153
-168
-184
-244
-289
-287
-227
-93
51
138
112
58
35
94
210
345
450
455
356
235
206
224
283
307
313
311
224
145
110
99
100
79
96
101
87
51
-26
-58
-88
-116
-166
-188
-216
-254
-299
-332
-361
-388
-419
-441
-429
-447
-478
-515
-565
-609
-633
-602
-542
-491
-508
-547
-570
-560
-492
-406
-366
-346
-343
-337
-280
-156
-33
37
85
104
127
194
294
357
399
410
425
464
488
479
467
474
493
544
618
662
692
678
660
641
658
677
676
646
583
537
496
457
372
279
205
138
81
40
-8
-54
-137
-209
-258
-286
-312
-388
-448
-508
-558
-617
-696
-747
-787
-807
-808
-823
-820
-849
-917
-912
-860
-788
-725
-658
-571
-476
-409
-325
-215
-103
18
162
293
422
522
580
642
711
829
925
1005
1065
1083
1107
1120
1154
1195
1224
1225
1178
1125
1086
1055
995
929
838
740
628
507
395
264
103
-47
-154
-250
-321
-415
-530
-688
-865
-979
-1038
-1054
-1076
-1111
-1145
-1190
-1230
-1241
-1222
-1172
-1111
-1052
-992
-958
-944
-949
-915
-822
-728
-636
-544
-507
-475
-476
-420
-324
-241
-157
-97
-42
18
104
158
228
298
376
452
513
585
625
633
642
691
749
806
850
877
873
850
859
891
911
896
838
769
710
647
605
563
519
456
358
283
168
52
-44
-112
-153
-208
-275
-338
-422
-491
-510
-520
-496
-472
-435
-418
-419
-411
-383
-348
-284
-208
-157
-152
-167
-167
-128
-55
-12
27
36
32
28
38
61
79
88
75
86
110
132
115
66
67
76
93
103
108
116
78
48
35
25
12
-16
-24
-47
-70
-103
-95
-75
-49
-49
-73
-75
-69
-38
28
96
142
171
171
202
247
305
357
379
387
351
315
312
322
333
299
237
167
109
73
70
79
72
16
-49
-117
-174
-195
-237
-254
-283
-321
-357
-418
-478
-546
-564
-564
-560
-554
-546
-555
-588
-597
-600
-526
-458
-371
-334
-323
-326
-325
-278
-216
-112
-55
-50
-55
-78
-63
-27
39
120
161
161
154
152
163
182
182
225
261
265
253
235
214
190
197
230
256
247
228
221
221
207
212
237
281
257
219
199
195
218
238
265
280
265
223
225
266
325
346
323
254
179
156
164
176
176
118
7
-102
-149
-164
-155
-141
-159
-196
-225
-238
-225
-203
-168
-117
-77
-38
-33
-25
-1
13
66
114
160
207
206
192
156
177
204
210
245
238
252
228
188
167
119
81
56
56
39
2
-81
-170
-246
-285
-288
-272
-291
-336
-370
-418
-440
-440
-423
-414
-409
-414
-395
-375
-365
-352
-348
-325
-283
-248
-236
-204
-158
-132
-93
-66
-35
6
0
11
38
71
101
141
144
144
137
127
130
145
162
127
91
98
100
82
60
28
-14
-36
-52
-48
-26
-21
-29
-44
-5
25
37
58
114
146
173
222
247
260
274
277
298
312
320
332
309
294
258
240
245
253
258
241
207
180
152
136
139
142
137
106
18
-45
-94
-95
-67
-78
-87
-136
-180
-233
-265
-276
-260
-236
-232
-247
-295
-346
-362
-329
-286
-249
-217
-202
-193
-200
-184
-134
-86
-72
-46
-25
0
15
45
86
77
95
120
138
149
176
177
176
191
192
212
219
206
185
164
173
183
172
146
97
63
30
19
11
18
-17
-54
-82
-113
-106
-115
-113
-123
-138
-149
-163
-152
-155
-157
-163
-197
-199
-191
-217
-216
-203
-203
-209
-223
-210
-188
-168
-184
-181
-145
-110
-69
-22
9
34
41
71
108
133
152
159
176
203
224
242
255
258
233
253
314
344
344
294
301
312
327
325
334
355
322
277
231
213
206
204
186
145
79
3
-77
-111
-131
-131
-168
-233
-286
-330
-357
-367
-369
-366
-356
-377
-365
-351
-341
-328
-305
-273
-232
-207
-196
-160
-158
-137
-98
-64
-26
21
43
71
97
121
157
199
213
208
216
206
200
185
184
179
153
133
97
76
51
38
19
5
-34
-61
-87
-89
-66
-51
-41
-55
-63
-68
-58
-40
-6
6
17
23
34
30
20
40
54
48
33
39
30
26
30
33
27
16
1
2
-33
-30
-22
-27
-33
-68
-110
-125
-127
-112
-85
-88
-95
-134
-135
-138
-115
-94
-35
2
-12
-10
7
42
90
155
185
198
202
200
191
198
204
196
190
188
174
160
137
114
83
31
33
38
24
-2
-50
-67
-99
-91
-89
-89
-91
-109
-114
-93
-75
-44
-36
-39
-24
-17
16
39
62
99
115
115
128
137
152
124
119
102
94
86
62
50
19
-13
-67
-91
-107
-134
-171
-215
-253
-281
-313
-336
-353
-363
-355
-345
-311
-301
-302
-290
-265
-235
-207
-155
-111
-76
-69
-15
35
64
107
125
175
215
256
273
307
335
343
332
352
375
382
393
369
354
297
255
246
227
191
152
113
89
52
-10
-72
-103
-94
-109
-131
-148
-174
-207
-226
-221
-212
-207
-221
-221
-224
-216
-220
-223
-223
-230
-214
-200
-136
-120
-108
-88
-89
-60
-26
18
44
55
58
42
56
81
123
141
158
163
167
163
157
170
179
220
219
223
223
220
218
204
209
219
231
228
206
173
144
122
101
100
125
99
63
10
-38
-69
-89
-88
-81
-114
-157
-183
-206
-213
-225
-213
-221
-232
-249
-283
-285
-284
-284
-277
-285
-264
-263
-271
-259
-237
-211
-196
-170
-126
-102
-93
-66
-44
-23
4
47
101
146
165
176
190
206
227
241
276
300
290
278
257
240
233
232
223
201
171
137
126
89
74
41
14
-10
-35
-24
-53
-76
-122
-162
-175
-181
-175
-180
-185
-206
-219
-224
-219
-208
-182
-149
-148
-135
-124
-112
-77
-54
-33
9
44
53
58
66
73
107
148
175
172
179
182
182
210
216
215
203
189
157
151
136
114
113
102
102
78
65
58
54
44
47
62
54
40
24
33
27
42
32
32
18
0
-6
-26
-36
-42
-47
-53
-74
-95
-107
-126
-142
-144
-143
-172
-203
-221
-234
-235
-215
-214
-209
-193
-184
-183
-191
-170
-143
-111
-84
-54
-21
4
4
4
18
29
67
100
115
108
93
80
84
103
129
125
134
102
79
49
42
41
19
28
24
20
-1
-34
-40
-39
-30
0
10
-4
-20
-26
-20
-20
7
17
26
9
-15
-8
-8
33
46
60
50
48
43
63
90
95
109
96
97
78
76
85
99
112
127
130
103
82
57
41
53
56
51
37
27
-3
-3
-8
-10
-9
-17
-9
-1
0
-14
-21
-35
-42
-44
-54
-61
-83
-116
-136
-140
-144
-143
-151
-180
-194
-207
-204
-179
-160
-151
-160
-149
-147
-134
-98
-59
-38
-2
5
21
56
74
104
133
161
185
206
212
229
253
251
260
255
247
235
215
188
159
131
93
60
27
-3
-40
-88
-138
-174
-203
-207
-231
-250
-252
-260
-264
-255
-245
-220
-220
-212
-188
-157
-132
-98
-66
-52
-49
-33
-21
16
50
73
107
124
130
119
119
131
139
154
160
158
148
124
101
101
95
85
77
70
57
46
49
47
56
48
48
51
61
77
71
62
64
70
72
79
72
72
64
42
33
28
18
8
-9
-22
-37
-70
-86
-108
-130
-151
-170
-195
-218
-235
-253
-256
-254
-234
-223
-202
-174
-142
-108
-83
-59
-18
21
70
108
153
186
206
223
258
274
293
319
326
329
319
294
257
238
235
213
164
127
71
3
-49
-74
-113
-145
-175
-206
-244
-267
-281
-302
-304
-302
-289
-269
-262
-260
-234
-219
-186
-149
-107
-73
-37
-21
2
19
50
77
75
102
112
109
109
87
78
61
57
47
55
60
26
2
-18
-29
-23
-15
4
2
-9
-20
-19
4
16
52
77
95
93
87
108
144
158
159
164
179
199
194
181
181
187
161
144
121
89
57
23
-14
-41
-54
-105
-145
-174
-189
-209
-218
-220
-233
-256
-245
-237
-227
-199
-187
-148
-150
-123
-87
-63
-25
13
54
84
121
125
148
170
207
234
248
237
238
230
189
173
157
141
129
106
65
27
-26
-44
-56
-70
-90
-125
-151
-169
-185
-200
-192
-207
-200
-183
-184
-163
-149
-136
-126
-83
-67
-28
-4
-1
23
34
62
89
108
115
120
106
96
113
117
118
102
94
83
78
65
58
34
9
9
-7
-2
-18
-25
-40
-33
-46
-54
-46
-42
-33
-26
-27
-23
-16
-16
-5
14
12
7
10
7
12
3
-3
-10
-16
-22
-36
-32
-41
-59
-81
-86
-81
-69
-68
-67
-67
-76
-64
-42
-29
-8
-4
3
34
43
73
96
110
137
156
157
181
183
190
197
202
212
206
193
174
160
148
135
124
102
65
30
-7
-37
-62
-95
-132
-155
-191
-203
-214
-220
-233
-252
-251
-263
-255
-250
-231
-198
-193
-180
-155
-140
-122
-93
-54
-35
-10
-4
8
14
38
52
63
92
95
107
101
110
108
109
103
111
114
100
82
71
64
61
61
77
92
82
76
68
70
71
81
90
97
104
96
83
75
67
63
62
64
48
29
18
-9
-24
-37
-52
-72
-85
-114
-132
-139
-162
-166
-180
-175
-171
-173
-166
-151
-156
-152
-139
-130
-102
-91
-55
-38
-5
30
58
85
109
140
164
184
200
225
245
245
255
255
256
250
240
224
198
179
147
125
90
61
24
-16
-52
-77
-103
-133
-161
-195
-202
-218
-222
-227
-228
-233
-226
-205
-182
-172
-174
-157
-137
-116
-90
-67
-47
-17
-2
16
43
57
74
79
81
87
84
80
84
84
81
69
67
46
18
-3
-17
-15
-30
-40
-57
-54
-60
-74
-63
-67
-65
-51
-39
-29
-26
-19
-7
10
26
39
49
58
62
58
61
67
74
79
69
65
66
69
59
46
38
25
10
-6
1
-3
-5
-11
-13
1
-16
-36
-27
-24
-21
4
11
29
26
32
34
52
93
111
140
137
143
138
145
157
168
166
144
146
123
107
71
58
47
27
7
-19
-58
-90
-125
-146
-144
-167
-170
-203
-223
-234
-240
-240
-240
-218
-217
-212
-202
-177
-144
-115
-91
-62
-34
3
20
38
57
52
50
16
-1
-28
-27
-22
18
88
157
219
265
247
219
184
132
97
76
69
58
55
39
24
5
8
-36
-69
-100
-118
-133
-142
-134
-126
-99
-75
-84
-79
-102
-100
-99
-93
-78
-83
-60
-62
-54
-28
-21
8
8
-7
1
-4
1
28
32
36
57
76
97
106
123
122
134
133
122
114
101
93
87
87
87
103
123
144
143
137
123
116
104
92
151
202
256
336
333
305
205
48
-98
-228
-291
-306
-266
-184
-95
-43
-17
-44
-121
-201
-279
-311
-298
-261
-199
-167
-132
-113
-115
-116
-114
-112
-111
-112
-91
-66
-24
23
41
55
56
59
58
60
74
76
85
109
135
172
192
210
266
219
200
136
23
-47
-196
-209
-243
-192
-153
-133
-81
-82
-45
-54
-50
-82
-94
-76
-70
-23
-36
4
-14
-20
-9
-32
4
5
33
37
88
99
85
85
64
69
27
2
-4
-22
-8
1
15
36
33
20
19
79
122
174
129
80
-15
-113
-134
-136
-85
-5
76
112
176
183
170
130
91
39
4
-35
-23
-48
-70
-77
-94
-83
-95
-66
-52
-44
-25
-32
-34
-43
-30
-21
-10
35
66
119
128
152
156
155
169
151
172
131
95
83
76
55
35
23
14
24
7
-10
-54
-86
-106
-143
-129
-141
-176
-175
-190
-197
-186
-152
-141
-153
-159
-193
-178
-180
-154
-156
-102
-21
12
74
96
128
121
141
139
108
95
75
35
1
-3
-6
-8
-12
7
30
42
74
55
20
-8
-37
-27
-17
1
-9
-2
-38
-67
-104
-107
-109
-140
-96
-66
-26
14
35
13
-21
-5
-7
-2
7
13
56
88
95
123
110
91
98
73
98
93
105
105
108
79
46
4
-42
-3
-41
9
38
38
62
-2
23
-10
-3
4
-5
-39
-56
-20
-24
18
2
28
17
22
31
-4
48
51
90
74
80
81
65
67
55
58
32
42
36
74
68
90
99
5
37
-20
-24
-38
-23
-21
-85
-50
-146
-117
-150
-104
-116
-88
-51
-114
-53
-94
-77
-120
-121
-128
-142
-132
-118
-74
-52
-20
-31
9
-2
-21
-27
-24
1
38
64
43
35
53
31
33
30
29
-15
9
-4
1
17
27
0
-27
-20
-69
-9
-49
-35
-55
-49
-64
-31
-5
-37
-21
-37
22
2
81
85
46
56
0
-38
40
31
64
86
72
34
11
18
-43
21
36
32
47
69
48
19
28
6
-50
-30
-36
-17
-7
19
43
57
88
17
-17
12
79
26
91
92
48
40
77
60
90
74
87
75
97
114
54
150
36
82
21
64
35
23
24
-87
-64
-112
-35
-82
4
-12
-66
-34
-83
-50
-99
-71
-46
-85
-23
-10
1
-53
-18
-60
-24
10
25
7
-16
6
-4
31
-14
18
-18
-27
5
13
-12
-9
-12
-128
-118
-159
-129
-104
-123
-95
-128
-106
-125
-115
-127
-119
-107
-136
-127
-125
-77
-107
-14
32
25
53
57
61
0
26
46
36
77
125
162
123
178
113
91
74
68
80
103
196
147
114
106
37
-1
-15
-2
-54
-50
-26
-6
0
-43
-31
-100
-113
-120
-84
-52
-26
-22
-27
1
-17
30
87
31
73
27
13
23
6
58
-1
62
68
67
88
118
118
56
97
55
69
79
118
99
42
54
-27
-39
-19
17
24
56
59
21
-20
-28
-21
-23
-17
29
-4
57
102
17
-21
-6
-45
-71
-33
-7
3
10
34
-42
-105
-123
-127
-113
-46
8
-39
-53
-58
-105
-146
-65
-111
-139
-118
-95
-83
-74
-96
-98
-91
-171
-68
-126
-83
-33
-61
-102
-61
-53
-43
18
26
46
33
7
49
70
77
118
119
107
54
95
54
73
78
100
97
53
88
36
67
74
41
-28
-41
38
-33
98
65
59
36
-50
-46
-82
-11
-20
36
0
18
17
32
62
-2
46
-9
24
38
106
138
121
161
56
65
52
74
53
97
96
32
41
27
-41
-36
-32
-61
-101
-89
-87
-91
-65
-14
-13
-46
-27
-78
-78
-19
-33
-28
-28
26
0
-20
-18
-23
-51
-103
-16
-33
9
8
53
8
11
-14
-104
-37
-37
2
54
63
82
15
-35
-58
-57
-104
-24
-68
6
10
24
-19
-86
-57
-113
-57
-71
-4
10
-34
-13
-27
13
0
-5
2
-11
-18
-15
30
1
15
-16
-81
-92
-47
-58
-6
11
-20
-24
7
-15
53
43
35
68
-5
19
11
37
-4
60
-1
53
14
8
86
17
104
68
46
37
48
52
67
125
53
76
-24
-2
6
14
74
99
126
42
140
40
14
88
-20
20
18
32
-18
-51
-53
-60
-9
-53
103
-25
5
6
-109
-77
-42
-42
-73
50
-22
-39
-34
-66
-62
-86
-32
-24
-41
-7
-17
-6
-42
-16
-33
-43
-28
-44
-51
-33
-20
-12
46
-58
7
37
-12
-5
24
2
27
18
23
29
3
-20
-64
-92
16
-29
24
81
-1
81
-3
-23
-2
19
23
23
60
70
3
75
7
-20
-27
-37
-36
-25
11
-26
24
-8
-16
-42
-97
-57
-170
-43
-84
-109
-73
-86
-12
-64
-25
-23
-7
10
24
69
49
22
3
41
18
80
40
91
75
57
83
9
100
39
117
85
122
70
78
108
38
69
61
126
61
67
96
-4
43
-22
4
25
3
72
-11
-32
-61
-46
-30
-14
31
-2
-4
16
-69
-18
-65
-38
-103
-73
-85
-116
-36
-140
13
-93
-72
-83
-73
-56
-85
2
-57
-25
-16
3
-41
-68
-26
-54
-36
-43
-32
-19
22
71
62
101
142
73
57
68
73
66
68
120
48
36
-1
10
-34
6
55
-35
0
-57
-16
-80
-62
-29
-77
-35
-62
-17
-35
9
-10
-31
-4
-27
-29
-94
-52
-81
-61
-39
-16
-20
-34
-16
-53
-63
-46
-56
-7
-6
43
60
35
80
58
57
-6
6
-31
-41
25
35
93
26
79
12
-29
-2
-9
29
39
150
75
113
102
-1
-31
-5
-7
-29
102
96
64
79
18
25
-29
42
2
-24
81
57
-22
16
-15
-80
-31
-29
38
-27
15
26
-4
19
-17
8
-17
-23
-46
8
-7
80
2
-68
-30
12
-8
2
21
-25
-63
-32
-18
-88
-30
-56
-23
-53
-27
-38
38
79
31
57
67
-17
-4
4
-37
-49
-53
-53
-87
8
-18
-60
-33
-85
-75
-26
21
14
43
13
16
-29
-45
0
-18
-23
29
-14
21
-1
23
-32
-52
-20
-45
5
-30
50
32
-2
-4
-4
-66
1
21
-42
-25
13
46
0
1
16
-31
-77
-40
-13
-26
46
50
-19
-23
7
-6
9
86
74
81
99
52
46
-22
11
-7
34
48
40
35
-5
-29
-26
-39
57
-1
78
35
46
68
48
91
37
102
43
126
100
113
79
18
21
-3
25
-19
66
22
6
57
4
-2
25
-14
-28
-1
-42
-19
-59
-33
-53
-70
-118
-75
-52
-103
-8
-68
-77
-38
-92
-91
-75
-23
-53
-14
-49
-41
-36
-31
17
-60
51
-67
-23
-60
-59
-39
-48
-12
-43
-28
-58
-29
-84
-52
-41
-14
2
55
72
59
32
58
6
14
0
-14
14
53
67
115
43
59
95
-21
70
22
85
36
124
67
19
38
-27
24
-47
40
-26
-35
27
-18
0
-40
8
-40
2
-8
-52
-17
-14
-34
-23
-21
-91
-65
-72
-62
-33
14
46
-18
-12
-33
-23
-32
41
26
-10
124
4
59
38
38
36
23
38
22
35
37
39
-10
34
27
-17
-6
-5
-18
-16
38
-11
-16
55
-46
-5
-9
-11
-14
3
10
-25
-24
-37
3
-21
-7
22
-50
3
-6
-9
-27
20
-44
-21
-8
-46
37
18
-30
-1
0
-7
29
-4
54
12
36
4
3
33
23
25
-32
13
-4
-40
-23
-20
-55
-21
-16
14
7
-22
-28
-3
-60
10
54
27
5
-29
-32
-64
-92
-31
-47
-26
51
3
-14
-14
9
-53
-42
4
-17
-8
42
39
-47
29
-52
-18
-5
31
99
34
87
32
16
24
65
66
29
105
22
20
4
26
33
-8
62
43
34
7
70
55
-61
36
-37
-61
38
-1
16
-15
36
-19
14
7
-27
-6
-88
-46
-19
34
5
6
-8
-50
-33
-52
-58
-37
6
-3
-28
48
25
-38
0
-70
-48
-49
79
-19
72
63
-25
-3
-26
23
-39
20
38
13
0
12
7
-25
37
21
-46
70
-23
16
36
64
28
51
13
-40
-22
-67
-49
-33
0
5
1
8
-15
-5
-38
-33
-1
-81
15
-30
-15
-3
-37
-63
-95
-44
-28
41
23
13
6
5
-23
-22
-1
-19
6
-5
-33
16
18
25
-28
-7
-54
-19
2
37
21
24
62
4
50
22
40
46
48
45
84
74
45
71
52
42
70
-8
-17
4
18
-8
-12
38
-68
-45
-60
-82
-15
17
58
-21
7
5
-63
-36
-28
-13
-52
-49
-53
-76
-29
-89
-26
-74
-38
-6
-17
67
16
36
13
13
68
-4
35
3
50
-1
-2
56
-55
35
-24
14
4
54
44
-26
33
-4
34
20
54
72
-16
34
6
8
-7
-5
1
-42
31
-43
6
-38
-37
-63
-76
-72
-45
-92
-80
-33
-78
-37
24
-20
-14
64
-13
9
56
19
-14
50
-15
50
24
48
5
1
16
16
47
11
22
27
12
48
18
31
20
-21
-5
-10
53
-6
82
-17
46
0
24
16
-23
20
-79
-22
-57
-19
-42
20
-21
-44
4
-23
-21
78
58
27
70
9
-37
-25
-20
13
-2
-7
20
-48
3
-64
-68
-73
-18
-14
-2
15
0
38
-16
9
-5
74
-9
-14
54
-21
-24
-7
19
-34
-13
73
17
23
40
28
-8
33
45
-32
84
68
16
6
58
23
-48
8
-26
-26
-36
0
-5
-31
21
-63
-37
-45
-65
-53
-54
-27
9
23
-1
-3
-41
-22
-19
13
13
7
6
44
12
18
62
0
2
69
32
19
62
21
10
-4
7
14
39
67
60
40
24
25
-30
-16
15
20
-6
48
0
-70
-36
-88
-98
-100
-77
-55
-18
-18
-34
-54
-61
-60
-70
-16
44
6
46
50
1
24
-12
3
-21
63
25
25
36
-2
8
-27
2
-9
10
37
-10
-53
-2
-25
21
43
77
63
37
-2
-35
-48
-62
-29
-52
-17
-4
-52
-3
-20
-14
13
-11
41
-16
27
15
30
41
-14
-2
-12
-32
-58
-32
-57
-50
-14
-16
5
-2
-49
14
-33
-15
-2
-8
51
44
64
22
48
-12
23
32
15
35
15
73
35
27
31
16
17
22
35
-8
21
61
-25
34
46
-11
26
14
18
-13
35
18
34
44
31
70
-24
8
-22
-41
-30
-41
-16
-34
-4
-39
-25
-15
-32
8
-52
-21
-3
-40
-17
-17
-17
-58
-10
-21
17
51
15
7
-19
-18
-12
-2
14
-15
-41
-4
-46
-41
-54
-9
-43
-1
16
12
54
12
31
12
-6
-5
32
-19
-60
-25
-65
-61
-1
-40
4
-1
16
16
-9
46
-11
12
21
44
57
37
53
-11
-36
-24
-14
-21
-16
13
-11
-31
-12
-35
-3
-3
9
-29
-14
34
-25
-8
-25
37
0
-24
26
-9
9
-28
30
7
2
49
-47
-4
3
-19
-9
26
36
22
58
46
16
13
36
35
30
59
80
30
62
24
26
-8
38
58
-1
96
4
32
12
12
9
0
32
-15
-7
-19
-11
-11
-7
37
-15
43
0
-17
7
-30
-9
-35
4
-22
-41
17
-54
-38
5
-63
-39
-29
-7
1
-35
-32
-59
-55
-21
-8
-55
28
10
-16
47
11
35
24
41
0
16
24
-1
21
17
12
-21
-33
-34
-82
-65
-24
-52
-42
5
-35
-45
-24
-24
-29
-11
-29
-33
42
-34
13
24
-30
-15
-25
-6
-34
-3
-34
-7
14
-12
29
-6
16
4
8
15
15
60
20
46
3
10
-51
-51
-37
-33
-21
-6
-25
-58
-14
-20
-43
-9
-4
28
20
-7
16
22
-15
2
9
-1
52
20
94
46
60
64
43
65
51
42
55
77
12
26
10
39
60
15
58
34
-3
21
73
33
1
33
-27
-35
-8
7
-9
-15
0
-47
2
-18
20
-17
20
107
38
65
73
12
-21
-11
-24
3
59
-27
-13
-50
-71
-56
-81
-26
-57
-16
-54
-30
-36
-79
-58
-82
-32
-49
-6
-41
-42
-72
-42
5
-35
21
-5
-17
-40
-65
-25
-12
5
-19
14
-31
-25
26
-34
26
-9
-20
30
40
14
16
27
-26
-14
11
-34
-6
-11
-17
-7
23
5
1
35
-8
-11
3
41
19
-3
33
11
15
14
16
-25
-15
39
18
29
52
33
8
46
43
11
19
42
38
2
22
41
55
43
54
10
12
32
33
20
-2
13
18
9
-5
51
-12
2
2
-20
-25
2
11
-12
25
46
48
-7
12
-5
-44
-32
33
-8
8
7
-10
-35
-26
-19
-35
-26
-1
-20
-44
18
-11
-22
-32
-14
-40
-45
-37
-23
-40
-46
-30
-40
-5
14
19
-9
-6
-23
-13
6
16
43
36
21
2
-30
-38
-23
28
48
44
67
27
-8
-32
-22
-31
1
0
6
36
-25
13
-71
-29
-26
-43
-25
37
21
29
58
6
3
-24
-21
5
40
26
43
-9
-37
-31
-37
-12
-20
-6
3
23
-1
7
11
-2
-33
-21
-23
16
-17
-28
3
-49
-45
-42
10
-23
32
16
-27
-32
-41
-59
-25
-23
-25
-3
4
27
-10
-5
0
19
-5
13
16
63
70
46
71
3
-3
-16
-35
20
-8
59
38
40
51
-13
4
3
-16
6
25
8
40
44
14
18
17
4
1
-4
34
20
45
60
59
35
41
22
-12
-2
18
-16
1
21
-17
-6
-39
-50
-74
-62
-70
-54
-16
-23
0
-15
-21
0
-18
-34
-18
11
-25
-31
10
1
-21
-24
-10
-35
-45
-11
-26
-24
16
-6
20
34
50
-7
-11
11
-33
15
32
33
-7
33
3
-22
24
-10
11
0
18
-2
-8
25
6
57
12
-4
-26
-42
-22
-49
-4
-23
1
18
13
-45
-23
-16
-53
5
-18
38
18
48
30
-15
8
-24
-7
10
57
28
35
60
14
8
-5
17
-5
28
37
42
54
12
15
6
19
25
11
-3
-5
18
-8
34
23
20
23
-6
18
-26
0
-9
26
5
35
37
-10
4
-52
-15
-60
-4
-2
-20
23
-24
-14
-49
-12
12
-18
20
-9
-15
8
-3
-3
-36
-12
-26
-16
-29
-26
2
-27
31
12
20
-33
-18
-29
-60
-1
3
-1
-15
8
-24
-70
-12
-12
-18
-8
-16
-20
-33
12
-15
-12
-10
0
-16
-1
3
-10
-2
-3
6
-13
-23
-5
-26
-30
-22
5
-5
-4
30
2
-15
-7
-5
-17
2
24
8
24
61
13
16
43
25
-5
11
25
8
26
58
45
35
27
30
6
12
37
-1
9
-9
11
-15
-3
5
-31
10
-60
-25
-9
7
20
19
19
0
36
-14
-15
10
-10
4
29
28
16
38
8
22
20
19
31
-1
10
22
27
11
27
-4
-18
-33
-21
-12
-49
-10
-13
-22
-14
-10
-9
-33
-19
-16
-42
-2
12
5
-24
-23
-30
-47
-24
-16
-26
-3
5
-19
-19
3
-34
-32
12
-25
-22
8
13
-30
-20
-15
-48
-13
-35
-8
-3
-3
57
-4
44
12
-29
-34
-27
-1
-7
51
31
42
15
-11
-1
-35
19
3
28
32
38
60
15
34
-2
3
-14
-20
29
20
42
39
8
12
40
18
-20
-1
19
0
18
44
26
22
14
13
13
17
-9
29
-14
-12
28
-27
20
11
20
-2
1
13
-45
-18
15
24
19
23
17
5
-16
-23
-53
-48
1
-8
8
26
6
3
1
0
-15
-13
3
-9
2
1
1
-10
-19
-18
-15
-30
-27
-9
-17
12
-11
9
-13
-13
-17
-3
-10
-22
-7
-1
-17
17
12
-33
13
-7
-15
-1
26
4
-26
0
-3
4
33
41
16
-10
-3
-13
-19
-51
-22
-19
-5
25
-5
0
-38
-22
-38
-40
15
-4
11
-11
-11
-9
-24
-23
-18
-17
-19
6
2
-10
7
0
-10
10
19
-15
-16
-6
-28
9
6
14
5
17
2
22
21
-4
32
25
34
14
53
39
34
31
24
22
15
41
12
34
27
24
20
-4
16
-3
10
1
8
43
-14
-1
-20
-1
-20
-21
35
-23
3
-24
15
-25
-11
16
-51
-10
-1
-16
-12
5
-1
-35
16
3
-6
28
-7
19
-16
-7
4
-6
-2
-32
-4
-37
-52
-18
-17
-31
-27
-16
-41
-22
-8
-9
1
-5
4
-16
-11
8
-11
-5
9
-11
-19
-3
4
15
5
-16
-12
-23
-5
-9
-7
24
-2
-5
22
5
7
-11
-11
-7
7
50
16
36
24
24
0
14
15
4
17
9
16
23
3
9
-19
-17
-7
-2
3
1
22
-2
-10
-16
0
-15
4
9
-9
6
6
28
8
0
36
21
5
2
15
20
27
20
-9
7
15
2
20
24
33
7
5
-11
-11
3
9
25
15
7
3
9
-4
0
0
2
2
14
30
8
-7
-9
-41
-24
-26
0
21
15
4
-15
-27
-43
-44
-20
0
-11
-6
-26
-3
-23
-31
-24
-24
-28
-3
5
-9
29
11
14
7
10
26
14
2
-8
5
-6
9
26
15
-6
-2
0
-15
16
5
15
1
5
4
-9
-5
-9
-15
-12
3
-5
0
-2
-8
-12
-7
-16
-5
-6
-3
-17
-23
-5
-43
-23
1
-7
-18
-6
-10
-23
-7
-12
-9
2
1
-19
3
13
0
8
17
10
27
28
17
27
44
29
18
21
6
1
-8
-4
-26
7
20
16
15
23
20
4
-19
14
0
-6
1
-26
4
5
24
4
6
3
17
-2
2
16
4
-2
-12
-15
-20
-2
7
-10
-18
7
-17
-26
6
-17
-25
-2
7
-8
-17
-20
-27
-52
-39
-23
-28
7
9
0
-15
15
-17
-10
11
5
41
30
48
42
15
0
18
24
4
19
-8
6
-6
-3
-1
-30
0
0
-6
6
32
-3
-12
17
6
-8
1
5
14
8
10
-10
-4
1
-1
-18
-4
-1
-23
-14
-16
-7
-11
-11
-30
-17
-2
8
-2
-1
-10
-17
-14
-41
-11
-2
-8
5
-12
9
-6
0
2
-28
-12
-12
10
-1
2
4
-9
17
-3
-7
13
19
10
13
24
4
12
23
32
26
25
38
1
16
13
-8
14
14
16
-6
-2
-13
-18
-2
-5
13
4
9
7
-3
0
2
26
11
15
22
14
20
5
7
10
15
16
5
16
16
-6
-11
4
0
4
7
11
0
-13
-3
-3
-15
-33
-36
-20
-3
-6
3
18
2
0
-11
-1
0
7
23
12
6
-23
-27
-9
-23
-20
-22
-6
-20
-8
-1
-1
-9
-23
13
1
18
19
16
15
-17
-9
-23
-19
-17
-11
0
-23
14
-4
1
16
-11
-14
2
7
-28
-11
12
-6
-4
-7
-12
-6
-16
6
13
2
2
4
-8
9
15
-4
12
3
14
-6
3
13
3
20
20
24
5
14
4
3
-4
0
7
6
16
2
-4
-13
-19
-24
-10
14
10
20
11
10
4
-15
0
-23
-1
9
19
18
3
3
-23
-15
-12
3
-21
25
20
6
7
-8
0
-11
-2
-13
1
-8
-4
-17
-22
-28
-35
-19
-13
-19
-17
-23
-7
-2
-12
3
5
5
-1
10
1
5
6
-13
-31
-7
-6
-5
-12
-8
-11
-10
-10
-10
-3
1
9
-12
0
-7
10
7
2
24
15
9
16
14
-6
13
16
5
-1
21
21
-2
18
24
-5
3
4
5
13
3
12
-7
-6
-1
9
10
9
11
2
18
16
1
18
17
19
4
-3
-2
-14
-18
-18
3
-4
2
1
-9
-10
-20
3
0
5
21
1
18
13
18
-3
-1
7
-17
12
-1
10
6
14
19
-4
7
-10
-10
4
-2
9
-5
2
8
23
8
4
11
-12
13
-11
5
6
1
-1
-40
-37
-45
-43
-21
-19
-8
-7
1
-6
-16
1
-15
-11
-14
-4
-11
10
27
-5
-8
-12
-17
-14
-13
-7
9
3
8
6
0
-4
8
5
-4
2
12
9
16
18
17
14
14
16
6
14
27
15
22
12
5
-1
-9
10
3
-2
7
4
12
27
6
-1
-5
-5
2
4
5
2
4
-13
-26
-18
-21
-19
-8
5
-12
-15
-14
-19
3
3
5
16
12
3
4
0
-16
-15
-6
-8
-18
-10
-13
-12
4
-2
-1
7
9
-4
7
17
2
11
15
6
16
-4
-11
-20
-9
-2
-16
-8
0
-13
-18
-7
-17
2
4
1
5
-4
13
-5
-6
-11
-12
-10
-9
-7
-9
0
13
-1
12
10
12
20
18
29
19
21
13
18
4
6
-1
-9
1
8
13
2
5
0
4
2
2
3
5
0
2
-10
-8
-3
6
0
-4
-8
-26
-11
-17
-3
-19
-7
-2
0
-3
-5
-9
-12
-9
-25
-9
-22
-20
-35
-23
-9
-5
-1
-16
-8
-19
-8
-3
5
11
4
11
-10
-4
-12
-10
-7
-11
14
-2
14
17
15
24
5
11
17
19
17
21
16
5
23
13
10
0
12
6
1
8
-2
29
27
17
12
7
5
-14
3
1
-12
-2
-22
-5
0
2
2
5
21
3
21
21
17
15
2
12
5
11
21
12
17
16
-1
1
-3
-3
-5
9
24
14
23
2
-9
-18
-18
-13
-13
-3
1
-5
-15
-11
-22
-23
-20
-22
-16
-4
-16
-12
-18
-9
-20
-20
3
-19
-19
-17
1
-23
-11
1
-5
4
-1
-7
-14
2
-10
-9
5
5
0
0
2
4
-4
-2
3
15
-1
10
15
-2
-2
10
-2
-11
9
5
-6
-6
-1
1
4
3
7
0
17
12
16
10
5
-4
-4
9
-4
1
-10
-8
-15
-14
-4
8
2
13
20
16
15
12
2
2
2
15
9
-1
0
-15
-6
-8
-4
-15
-6
6
9
1
24
28
11
20
13
13
4
-1
13
0
1
-5
-12
-7
2
-4
-8
6
-6
-3
5
13
16
4
-3
-10
-13
-16
0
-8
-7
-14
-15
-12
-11
-6
-7
-1
-4
-10
-2
-1
-6
-1
-10
-1
-6
-7
-3
-8
-7
-1
0
-5
-1
-5
9
8
10
-5
-5
-16
-8
-6
2
7
12
-3
-2
4
-9
3
2
5
0
1
-10
-11
-12
-21
-23
-9
-6
1
-3
5
7
6
15
13
17
13
26
9
3
14
14
-3
-2
-4
-9
6
3
-4
-3
12
-8
-10
3
11
1
8
9
-14
13
12
4
5
-3
-2
-5
1
-9
-14
0
4
-11
-6
-3
-18
-6
-12
-10
2
-1
-12
-6
-8
-10
-11
-16
-15
-13
-17
-15
-7
-8
-10
-2
-4
-14
-9
-1
14
2
11
21
14
28
18
8
9
0
2
16
26
25
20
18
16
-2
6
-1
2
5
15
26
12
13
2
-2
19
11
20
16
16
4
4
-1
-2
-2
-1
14
-2
4
1
11
5
11
5
6
20
3
7
1
-2
-5
-2
-1
-11
-5
-5
-7
-4
-8
-3
-8
-1
-13
-12
-8
-4
4
-3
1
-4
5
3
8
9
-3
-7
-6
-8
-9
-6
-6
-10
-2
-1
-7
-6
-7
-11
-7
-11
-8
1
-1
-11
-19
-21
-23
-25
-28
-23
-19
-5
-10
-12
-2
-5
-6
3
-4
-3
7
1
-9
-10
-10
-13
-12
-8
-8
-5
-3
2
-3
-7
1
-3
5
4
6
2
2
-3
-6
8
-10
0
9
16
12
9
7
16
18
19
13
13
13
5
21
23
18
7
8
5
-1
12
12
9
7
5
13
4
7
9
7
7
4
0
2
9
-7
10
18
8
7
16
7
-7
-1
-4
-3
-6
1
-6
-9
-8
-15
-13
-24
-18
-17
-6
2
11
6
0
1
-17
-9
-8
-15
-3
-14
-19
-11
-19
-17
-18
-22
-21
-16
-16
-14
-8
-11
-8
-8
-4
-10
-9
-10
-3
9
5
18
14
6
16
9
10
13
18
21
11
10
12
0
3
0
8
14
10
20
10
14
4
-7
-5
-6
-1
7
-5
-3
-6
-13
-13
-7
-1
-10
-3
-3
-6
-3
-2
-7
-7
3
1
2
-3
-2
1
-1
9
4
5
10
0
5
-1
6
-3
-1
5
-1
11
2
5
7
7
9
5
4
13
9
11
5
3
16
6
15
14
15
15
15
19
9
12
14
5
1
5
3
4
4
4
-2
-2
3
1
3
-10
0
-3
4
6
12
8
8
9
-2
2
-3
-6
-1
-1
-3
-7
6
-2
-2
-2
-7
5
-6
-1
2
-6
-3
-18
-11
-10
-9
-15
-21
-11
-17
-15
-17
-23
-22
-22
-23
-17
-23
-32
-23
-19
-11
-2
-8
-4
2
2
-1
-1
2
-9
-9
-1
4
-2
-8
7
-7
-8
-8
-8
-2
-6
-4
0
5
4
9
8
13
5
5
1
-1
0
1
-1
-6
6
9
12
5
3
12
18
18
10
14
7
7
-3
4
4
3
2
-2
6
10
8
6
9
16
16
12
19
13
7
7
5
2
8
5
4
3
2
11
2
1
-7
-7
3
-1
3
-1
0
2
-2
-2
0
-8
-8
-17
-9
-6
-6
0
-5
0
1
-5
-6
-3
-9
-12
-13
-10
-6
-2
-7
-9
-8
-12
-9
-5
-2
4
-9
-5
-10
-3
-5
-13
-5
-9
2
-7
-5
0
-6
4
-4
-10
-6
-1
0
-4
-1
0
-5
2
-1
-4
-2
-9
-7
-7
-3
-7
-1
1
-9
-4
-4
0
1
0
5
7
11
5
10
9
7
9
-3
2
-3
4
0
-3
3
-1
12
2
2
5
17
19
22
26
15
23
16
16
15
17
9
15
13
15
19
15
22
19
25
11
20
15
18
18
14
15
10
13
12
17
4
8
-2
-2
4
1
2
0
3
2
-3
-13
-14
-7
-13
-13
-10
-4
-4
-2
-6
-14
-11
-9
-8
-3
-11
-7
-16
-6
-14
-22
-17
-25
-11
-12
-6
-7
-11
-5
-16
-13
-4
-5
-3
-2
-6
-11
-4
-12
-8
-12
-11
-11
-10
-7
-6
-7
-9
-11
-3
1
-6
-4
-1
-4
-2
5
0
-4
-5
-7
-6
-3
3
1
0
-5
-9
-5
-8
-3
-17
-15
-4
-3
10
11
11
7
6
9
5
-2
-2
-1
2
-5
-2
-8
-6
-9
-6
-1
-6
-3
-5
-1
-3
8
6
13
15
6
12
12
18
17
10
24
18
17
-4
-3
2
1
11
5
11
12
6
6
8
8
4
6
3
7
10
3
2
6
10
7
12
9
12
11
7
9
8
9
1
-2
3
-2
-7
-11
-8
-8
-5
-7
-7
0
-4
1
0
-4
1
-6
-5
-5
-10
-9
-11
-13
-18
-9
-15
-18
-12
-14
-10
-6
-9
-3
-9
-13
-6
-12
-10
-6
-14
-13
-13
-20
-12
-10
-7
-7
-4
1
0
-1
-6
-3
2
7
7
11
8
10
4
9
3
6
3
1
7
5
4
7
7
11
6
13
10
6
11
-4
2
6
-2
0
-5
-3
6
8
4
5
12
11
8
11
12
10
9
12
6
4
-1
4
9
1
-9
-3
5
8
3
4
0
-3
-7
-4
0
-5
3
-6
-6
-9
-5
2
-3
-2
-3
2
9
6
13
1
7
8
2
8
8
11
5
4
8
4
12
11
12
13
7
8
4
-4
3
-2
2
1
2
-1
-7
-8
-9
-4
-11
-7
-8
-10
-6
-9
-10
-6
-16
-15
-14
-12
-9
-10
-10
-11
-11
-7
-7
-7
-7
-1
5
-8
-8
-9
-7
-3
3
5
1
4
-1
1
1
-5
-5
0
-2
3
-2
-6
-9
-5
-5
-6
3
-2
-8
0
-3
4
4
1
3
-8
8
7
1
3
1
8
9
-1
5
0
2
7
5
3
3
11
10
11
10
11
-2
14
10
6
9
7
7
2
7
4
5
4
1
6
3
4
11
9
9
9
14
6
2
3
-4
-6
-6
-6
-9
-10
-10
-8
-7
-12
-2
-3
-1
6
1
-2
-7
1
-9
-6
-3
0
0
-1
-3
-11
-15
-17
-9
-16
-10
-5
-7
-11
-14
-16
-8
-7
-11
-9
-9
-5
0
2
2
-2
-2
10
6
4
-8
11
-1
4
9
0
1
-7
-5
-1
1
5
4
-6
-2
1
7
12
5
1
1
7
9
6
9
-4
2
0
0
0
2
-4
-7
2
-2
-4
2
6
4
3
2
3
-1
-1
3
2
7
0
-6
2
0
-3
-1
4
1
-2
3
4
2
-4
-1
4
1
4
2
1
3
1
1
8
4
3
-2
2
-1
-4
-1
4
15
9
4
7
5
0
-5
-3
-4
-8
-5
-4
-1
1
-5
-4
-2
-4
-4
2
2
0
8
10
-2
6
2
6
7
5
6
8
6
9
5
-3
4
6
6
8
9
5
9
13
15
16
16
10
10
2
0
6
-7
2
-10
-12
-6
-14
-11
-21
-18
-18
-16
-18
-13
-7
-2
-4
1
-3
-4
-7
-5
-1
-9
-5
-7
-6
-13
-13
-7
-14
-14
-11
-10
-6
-5
-4
0
2
6
10
11
9
7
-1
-2
0
-4
3
4
3
6
-2
-1
6
6
8
8
10
6
14
17
10
15
11
7
10
10
12
6
2
10
6
10
4
8
15
9
9
1
10
-1
1
4
-2
2
-4
2
-2
-4
-4
-3
0
-9
-5
-9
-10
-7
-6
-9
-7
-6
-10
-6
-3
-12
-11
-8
-3
-9
-2
-7
-2
-4
-8
-8
-13
-9
-8
-7
-4
-3
-8
-6
-10
-3
-4
-4
-5
-4
-1
-4
-9
-11
-12
-5
-11
-7
-8
-2
-3
0
2
-5
-1
-1
0
-5
-4
-3
-2
-11
-5
-4
-10
-10
-9
-10
-3
-7
-5
-1
-1
-2
-3
0
-1
4
2
15
5
6
10
7
13
14
16
15
21
22
25
22
15
17
15
15
17
14
19
16
5
14
15
6
11
12
9
9
9
9
6
13
7
7
3
0
0
1
3
-7
-1
3
-2
5
4
-1
-4
2
-4
2
-2
-4
-1
-4
0
-5
-5
-6
-10
-10
-2
-7
-12
-10
-6
-1
-7
-8
-5
-8
-7
-4
-9
-12
-7
-13
-4
-5
-8
-2
-1
-9
1
0
2
-2
-5
-3
-2
1
-4
2
-3
5
4
5
3
-5
-3
-6
-4
-10
0
1
-2
-6
-12
-9
-5
-1
-9
-3
-4
-8
-4
-7
-1
-3
-1
3
0
4
-4
2
1
7
-3
-4
6
5
6
5
3
4
6
1
5
2
6
6
14
9
6
13
5
0
-1
-9
4
4
1
-5
-4
1
-11
-8
-4
-3
-5
2
-10
-1
0
-12
-2
2
11
12
15
17
11
5
2
6
4
2
3
4
10
8
5
1
-3
0
4
3
2
5
5
3
5
5
5
6
15
9
3
-3
-2
3
4
1
-5
1
1
3
0
-1
3
0
0
-3
-8
1
-10
-11
-5
-5
-7
-6
-2
-2
-5
-5
-6
-10
-8
-15
-5
-12
-15
-13
-13
-6
-6
-4
-2
3
-5
2
3
-1
-1
-7
-2
-7
-3
-6
-8
0
-5
2
-4
1
0
2
-2
-1
-2
-1
-3
-9
-5
-2
1
-4
-3
2
-5
0
-2
-6
5
1
1
7
1
-1
3
1
3
2
2
4
6
3
13
9
4
12
5
11
20
12
17
9
13
16
16
17
10
8
13
3
4
6
-4
7
-1
-1
-2
-2
2
-2
9
3
2
6
2
4
0
8
-8
-5
-2
-2
-5
-4
-4
-11
-8
-8
-4
-8
-10
-6
-4
-4
-2
-3
3
-4
-3
-3
-3
-1
5
-2
-9
-1
-5
-2
0
4
5
0
8
6
2
3
4
1
-4
4
-9
-5
-9
-8
-2
-12
-9
-11
-10
-13
-10
-9
-6
-5
4
-2
-1
3
-1
12
-2
-1
-8
-9
-3
1
-1
-1
3
0
-2
-8
-7
-10
-3
-11
-4
-3
-11
-5
-9
-4
-6
-5
0
-6
1
-2
1
0
-1
-3
4
2
4
6
3
2
2
7
4
5
3
4
6
3
1
-2
-3
-1
-4
2
7
4
5
5
-2
7
4
11
10
4
4
7
4
8
9
6
12
3
6
5
7
9
12
9
5
16
17
16
7
11
16
12
17
12
4
12
8
3
4
-6
-7
-8
-8
-1
-5
-9
-3
-5
-9
-7
-7
-1
-3
-7
-7
-8
-5
-4
-9
-10
-14
-9
-13
-10
-15
-8
-12
-12
-2
-7
-5
-7
-9
-13
-13
-12
-11
-6
-3
-8
0
-6
1
1
-3
1
1
4
0
4
1
6
1
-1
4
1
2
7
11
3
8
6
9
11
7
12
10
10
12
8
15
9
7
4
2
1
0
4
-1
-2
0
1
-2
-6
-5
1
-3
7
6
1
9
0
6
0
1
6
-3
-3
-4
-2
-9
-8
-7
-9
-11
-9
-10
-8
-4
-5
-2
-2
-2
-3
1
2
0
2
4
4
4
2
0
1
-2
-2
-2
-2
1
6
10
6
5
9
4
2
0
-5
-5
-4
-3
1
-5
5
-2
4
1
1
6
0
7
-3
0
-1
0
-3
2
4
2
5
-1
1
1
3
0
2
2
-4
-3
-3
4
2
-1
-5
-6
-5
-7
-6
-2
-10
-1
-6
-3
-5
-7
-12
-7
-3
-5
-5
-6
2
-4
-2
-7
0
-10
-10
-4
-9
-3
-8
-7
-5
-5
-4
-9
-9
-5
-4
-5
-7
0
-2
1
3
-2
6
-1
-4
2
-6
3
2
0
10
2
2
4
-3
2
-6
2
5
-4
3
-1
4
7
6
9
14
11
7
9
9
9
7
5
5
4
12
13
11
18
16
12
15
8
7
8
7
10
10
5
10
2
3
-2
-5
1
-5
-5
2
2
0
4
-1
-4
-4
-6
4
2
-2
-11
-2
-5
-5
-7
-8
-10
-6
-7
-5
-10
-9
-4
-8
-1
-7
-2
-8
-4
-5
-2
-1
5
2
8
11
12
7
-2
2
2
6
3
4
-4
3
7
5
11
8
5
9
2
4
2
2
-2
-2
5
-1
6
-2
0
-4
-10
-7
-6
-5
-7
-8
-9
-2
-4
-8
-10
-11
-6
-7
-4
-9
-8
-14
-12
-9
-5
-3
-4
-7
-3
-3
-1
-6
0
2
11
5
-1
2
3
10
7
7
5
7
5
5
3
4
7
0
11
5
7
8
10
10
8
12
8
12
3
10
2
5
7
0
5
2
8
0
-1
-2
-4
-5
-7
-2
-2
-1
-8
-1
-2
-2
-1
-5
-8
-13
-7
-9
-7
-6
-10
-10
-10
-11
-10
-9
-8
-7
-8
-10
-3
-4
-1
-4
2
8
5
5
2
3
-3
-2
1
0
-4
3
-4
-7
0
-5
-4
-6
-4
-2
5
7
5
-2
7
4
0
2
2
4
4
3
0
0
-1
4
0
-2
3
2
0
1
4
4
3
-2
1
1
2
4
4
6
-1
0
7
5
0
-3
8
10
5
5
6
0
-3
-4
1
0
-2
-3
-2
3
0
-7
-4
-3
-1
2
-2
4
3
-2
-3
1
-5
-5
-4
-7
-3
-3
-8
-8
-4
-8
-3
0
3
-1
-2
8
0
2
4
8
0
1
0
0
7
4
1
-5
-3
0
7
3
12
9
9
5
10
9
4
5
1
0
4
5
-3
-1
3
3
-3
0
-1
5
-1
1
0
3
1
-8
0
-5
-5
-8
-7
-3
-10
-5
-8
-6
-6
-4
2
-4
-3
-4
0
-5
-6
-2
-2
-1
-2
-4
1
-3
-5
-2
-8
-6
-4
-4
-11
-8
-5
-10
-5
-7
-3
-4
-7
4
-2
5
3
1
12
3
3
6
4
8
6
2
5
5
