SAMPLES:	15678
BITSPERSAMPLE:	16
CHANNELS:	1
SAMPLERATE:	16000
NORMALIZED:	FALSE
-2
-3
-4
-8
-9
-4
-1
5
5
12
14
17
19
19
20
19
18
17
13
11
10
8
5
5
4
2
0
4
5
3
1
0
2
4
10
9
8
7
7
3
6
2
1
1
-3
-2
-6
-7
-9
-8
-13
-10
-5
-6
-2
-3
-1
-2
0
1
-2
-1
-2
-3
1
-1
-2
-1
0
0
-3
-5
-5
-9
-7
-5
-3
-3
-2
-6
-4
-9
-6
-5
-1
-1
-1
-3
-5
-4
-5
-5
-7
-7
-5
-4
-9
-8
-10
-6
-6
-7
-3
-5
-2
0
0
4
15
15
16
18
12
16
16
11
16
12
10
13
7
11
10
10
13
1
5
4
4
3
4
4
4
9
6
12
7
5
3
1
7
0
4
0
-6
-1
-5
-3
-6
-8
-7
-10
-10
-9
-8
-10
-5
-10
-10
-6
-6
-2
-2
-3
3
-3
-5
-9
-11
-6
-10
-7
-11
-12
-9
-8
-10
-7
-13
-10
-9
-10
-4
1
1
-2
2
1
1
-3
-5
-8
-2
-2
-3
-2
1
-3
-5
-6
-7
-3
-1
5
10
12
10
12
7
8
5
3
2
-2
1
1
-1
-5
-4
-3
2
-2
3
1
1
0
-3
-5
-5
-8
-6
-2
-1
3
2
2
4
8
6
4
3
7
5
5
8
10
3
0
-1
-2
-4
-9
-6
-5
-3
-4
1
-3
0
4
6
9
8
6
6
12
8
8
4
4
3
2
-2
-3
0
-3
-1
-8
-2
-8
-6
-4
-4
-2
0
-3
-2
1
-1
-1
-6
-8
-7
-5
-3
-3
-7
-4
-3
-5
-6
-4
-1
-1
1
4
7
8
11
6
8
9
9
6
5
3
5
7
0
7
1
1
1
0
-2
-5
-3
0
-3
-5
-4
-3
-8
-7
-2
0
0
0
2
2
2
0
3
2
1
1
-3
1
-2
-2
2
-2
-7
-4
3
0
3
0
0
2
1
0
0
0
-2
-1
-3
2
0
2
4
3
5
2
1
-3
-5
-2
-1
3
6
6
8
7
10
9
11
10
6
4
7
10
6
8
5
5
1
0
-3
-2
-4
-4
-6
-9
-1
-2
0
1
3
2
4
-1
4
5
-1
-1
-6
-4
-7
-5
-10
-13
-11
-11
-14
-14
-8
-3
1
3
1
-2
0
1
-1
2
0
2
2
2
2
-1
1
-3
-3
-1
0
1
5
8
9
12
12
12
15
13
10
12
13
15
14
18
17
19
18
11
10
12
8
5
1
-6
-4
-6
-2
-7
-9
-13
-14
-9
-9
-9
-11
-15
-15
-8
-13
-4
-6
-11
-7
-9
-11
-5
-9
-5
-10
-10
-9
-16
-14
-21
-17
-21
-18
-15
-11
-13
-14
-8
-12
-10
-11
-8
-7
-10
-9
-4
-4
-2
0
2
4
6
10
11
10
12
13
13
12
13
13
17
15
14
14
13
23
21
20
17
16
15
10
7
7
5
7
6
4
4
5
4
2
3
6
7
7
5
2
-3
-5
-3
-9
-6
-9
-7
-12
-8
-8
-11
-8
-10
-5
-8
-8
-12
-13
-14
-13
-5
-4
-1
-3
-5
-3
0
-3
-2
-1
-3
-2
-1
-5
-2
-1
-7
-8
-13
-10
-11
-6
-6
-7
-8
-5
-3
0
1
3
6
3
6
8
5
0
2
-1
2
-1
1
-1
-3
0
-1
3
-3
-3
-2
0
0
2
4
6
9
7
9
6
4
6
4
3
-1
-6
-7
-4
-7
-2
-6
-5
-2
-3
-3
-1
0
3
1
4
10
12
13
6
8
4
1
3
3
2
-1
0
0
2
4
3
6
5
3
3
4
2
6
5
7
9
9
11
13
12
13
10
12
8
10
7
4
1
-4
-3
-8
-3
-2
-2
-1
-3
-2
-1
2
0
-2
-1
2
1
2
-3
-8
-7
-8
-7
-8
-3
-8
-4
-8
-7
-8
-8
-7
-7
-8
-9
-4
-7
0
1
5
6
8
8
4
0
-1
-3
-7
-1
-1
0
4
2
4
6
6
5
5
4
6
3
4
7
1
7
5
7
5
6
4
8
4
2
3
0
3
2
2
-1
1
2
4
0
3
1
4
5
3
8
9
5
4
5
-2
2
-3
-1
-3
-3
-2
-3
-3
-6
-9
-4
-7
-6
-6
-7
-4
-5
-4
-7
-11
-6
-10
-9
-9
-8
-8
-9
-8
-11
-6
-11
-11
-7
-9
-6
-9
-7
-3
-4
1
-4
-5
-3
-5
-3
-3
1
2
4
2
5
9
10
11
12
12
9
7
2
4
1
1
-3
-5
-4
-5
-4
0
-1
2
4
7
9
7
6
7
1
0
1
0
-1
1
0
-6
-5
-2
-2
0
0
1
4
-1
2
1
3
-1
1
-3
-2
-3
-7
-2
-1
2
-1
8
3
7
7
-2
-1
-3
0
-2
0
-1
1
0
0
-2
2
-1
1
-3
-3
1
1
2
-2
2
5
1
-4
-6
-3
-2
-5
-6
-6
-8
-10
-6
-4
-4
-9
-2
1
1
-3
-1
-1
-5
-6
-11
-6
-2
-2
-5
3
-1
0
0
-5
-1
-7
1
-1
3
2
-1
-1
3
10
8
7
9
7
9
6
6
7
7
11
11
9
4
4
3
5
5
-3
3
3
0
4
0
2
2
-2
0
4
6
7
5
2
1
-4
-6
-9
-15
-13
-12
-14
-9
-3
-9
-6
-3
-4
-4
1
1
3
5
1
2
4
2
1
2
1
2
1
-1
1
2
3
5
7
9
7
8
5
3
8
9
11
5
5
7
4
6
5
5
5
7
3
1
-4
-2
-6
-8
-9
-2
-3
-4
-1
1
2
2
0
2
3
0
5
2
5
5
3
2
0
-1
-5
-5
-5
-6
-8
-4
-2
-4
-9
-1
-7
-4
-1
-1
-2
3
4
2
4
6
6
6
5
3
-1
-2
-4
-1
-1
2
0
5
5
5
6
4
8
10
13
16
18
12
11
10
10
9
7
2
7
3
5
1
2
2
-5
-4
-2
-5
-7
-9
-12
-12
-16
-12
-12
-8
-11
-9
-8
-8
-7
-10
-8
-7
-9
-11
-12
-14
-18
-19
-19
-19
-18
-18
-18
-20
-15
-15
-13
-11
-13
-9
-4
-3
-2
-1
3
5
5
3
4
-2
-2
-1
-2
2
4
7
8
11
11
11
16
18
14
14
14
17
14
15
12
12
4
3
6
4
7
6
4
4
9
9
7
9
7
8
8
3
1
-2
3
1
1
1
-1
1
0
5
3
3
-1
-4
-5
-7
-8
-3
0
-3
-3
-4
-2
-1
-3
-3
-7
-6
-11
-11
-10
-11
-9
-10
-6
-7
0
2
3
-3
-6
-4
-6
-6
-10
-11
-8
-11
-7
-6
-7
-4
-5
-2
-7
-2
-3
-3
-3
-2
-2
-3
1
-4
-3
-1
8
4
5
5
7
4
-1
3
-3
-1
-5
-7
-6
-6
-3
2
4
2
4
0
6
3
2
6
3
11
11
6
7
5
7
2
7
2
2
4
1
5
6
9
5
9
8
9
10
7
6
6
3
5
3
7
9
6
7
6
7
10
6
10
10
4
6
4
5
2
2
3
-1
-1
-1
-1
1
1
2
2
-2
-1
1
-3
-2
-6
-8
-8
-5
-4
-7
-6
-10
-5
-8
-9
-4
-5
-3
-7
-5
-4
-8
-6
-3
-6
-8
-8
-6
-12
-7
-4
-5
1
-2
4
0
4
6
1
4
1
1
0
3
1
4
7
11
10
8
9
7
7
7
4
2
4
2
0
2
0
2
-1
1
3
1
3
1
2
3
4
3
2
2
-6
-1
-2
-3
-6
-6
-2
-5
-10
-5
-5
-9
-6
-6
-4
-5
0
2
0
4
3
4
2
2
0
-2
-5
-7
-7
-3
-5
-6
-7
-5
-3
-5
-1
-2
2
0
1
0
-2
3
2
8
8
7
8
8
7
8
7
5
10
14
13
13
15
9
5
1
3
4
3
8
7
3
1
-3
-8
-11
-11
-8
-11
-13
-16
-15
-15
-13
-15
-15
-10
-9
-10
-9
-6
-12
-11
-8
-13
-7
-13
-6
-6
-11
-5
-10
-8
2
1
6
8
6
8
5
5
4
12
12
13
14
12
13
14
14
16
10
14
14
14
15
8
11
5
10
10
7
8
8
7
4
1
-8
-6
-9
-14
-13
-15
-14
-16
-9
-13
-15
-18
-21
-21
-22
-20
-20
-22
-25
-27
-25
-26
-25
-22
-16
-15
-12
-7
-8
-6
-1
0
-1
1
2
6
5
6
7
10
7
7
9
13
17
17
18
19
19
20
23
25
24
20
22
19
22
20
16
16
17
19
20
21
12
12
9
13
10
5
8
5
5
4
5
4
5
3
4
-5
-1
-1
-8
-11
-17
-18
-21
-22
-25
-26
-23
-23
-22
-30
-23
-19
-16
-17
-19
-17
-18
-17
-19
-15
-20
-22
-17
-13
-11
-6
-7
-13
-11
-7
-5
-3
2
6
8
11
15
18
18
17
21
16
20
23
23
22
25
26
27
26
25
24
21
24
21
23
21
20
22
23
20
22
22
22
23
21
21
19
19
17
16
20
20
17
15
16
13
5
4
1
-3
-3
-8
-10
-7
-12
-16
-20
-19
-24
-27
-26
-27
-26
-28
-29
-24
-19
-21
-18
-20
-16
-15
-6
-9
-9
-12
-11
-13
-15
-20
-24
-24
-29
-27
-26
-29
-33
-33
-36
-36
-32
-33
-30
-32
-32
-35
-32
-35
-40
-40
-42
-37
-38
-38
-40
-39
-38
-28
-31
-29
-26
-22
-13
-9
-3
-1
1
1
6
9
13
21
29
51
73
95
114
124
140
171
203
220
225
228
249
268
268
254
234
224
217
191
160
136
116
84
43
4
-19
-44
-71
-109
-145
-162
-181
-207
-224
-232
-255
-278
-304
-311
-310
-321
-335
-345
-347
-339
-338
-332
-316
-294
-273
-255
-219
-177
-132
-84
-56
-22
24
72
108
139
175
205
232
257
286
314
329
340
344
345
344
345
347
346
350
345
334
318
307
299
286
262
223
192
164
140
103
55
3
-49
-94
-143
-192
-242
-296
-340
-385
-419
-439
-461
-472
-486
-491
-492
-486
-471
-454
-429
-414
-391
-352
-312
-270
-233
-202
-154
-108
-57
-14
21
55
87
124
159
192
225
257
292
326
364
415
481
554
618
662
690
732
802
854
876
857
828
822
813
770
689
599
512
418
301
188
80
-16
-125
-252
-359
-440
-508
-586
-672
-742
-790
-837
-875
-893
-898
-910
-939
-961
-937
-902
-885
-876
-852
-803
-744
-697
-639
-562
-474
-414
-362
-284
-182
-71
9
58
122
219
313
388
453
509
559
595
617
656
691
714
723
721
737
756
766
752
725
724
710
666
618
558
519
483
416
319
226
149
81
-19
-123
-218
-295
-359
-427
-485
-528
-573
-622
-645
-650
-634
-619
-606
-588
-554
-515
-475
-446
-389
-325
-294
-249
-191
-121
-57
-8
26
74
117
164
169
193
228
284
354
401
488
585
686
732
768
859
970
1035
1027
996
1002
1036
1005
888
748
651
558
420
253
100
-18
-142
-317
-486
-605
-683
-783
-893
-972
-1013
-1031
-1080
-1089
-1069
-1047
-1048
-1074
-1042
-966
-898
-889
-871
-807
-705
-637
-597
-522
-413
-313
-255
-189
-78
73
175
225
273
369
491
569
618
662
695
728
729
714
720
725
701
656
631
648
656
618
558
514
508
501
436
362
315
289
240
146
55
-34
-110
-190
-286
-372
-453
-520
-602
-663
-680
-700
-733
-744
-723
-694
-646
-622
-578
-509
-446
-383
-315
-229
-134
-38
25
73
152
244
318
361
371
409
443
470
456
457
471
494
523
542
606
714
794
782
749
828
993
1086
1031
900
893
969
973
807
597
492
427
284
55
-127
-218
-299
-484
-700
-813
-844
-907
-1045
-1161
-1185
-1179
-1227
-1272
-1229
-1155
-1162
-1225
-1217
-1065
-940
-921
-926
-856
-696
-593
-549
-489
-345
-201
-166
-145
-26
193
343
360
340
452
633
750
780
776
833
898
882
853
856
907
907
810
743
751
780
762
679
618
607
567
469
394
342
301
200
40
-87
-175
-242
-352
-483
-600
-684
-767
-841
-874
-890
-924
-979
-994
-961
-891
-845
-796
-744
-670
-564
-462
-352
-243
-122
-34
61
164
294
411
500
565
607
674
735
762
757
726
731
742
743
754
792
923
1035
1032
928
934
1121
1287
1265
1041
894
964
1075
953
640
401
333
257
32
-263
-418
-451
-580
-868
-1104
-1146
-1119
-1200
-1413
-1516
-1479
-1448
-1451
-1458
-1382
-1336
-1382
-1410
-1270
-1039
-955
-999
-1001
-818
-587
-515
-488
-351
-149
-51
-80
-20
219
474
554
459
467
682
905
975
929
951
1029
1060
1008
963
1007
1060
980
844
809
849
858
755
654
622
589
500
400
345
323
251
76
-100
-200
-257
-343
-490
-653
-775
-846
-924
-990
-1006
-1025
-1073
-1121
-1094
-1007
-930
-860
-794
-733
-627
-492
-365
-233
-126
-18
63
185
299
430
547
595
650
669
724
780
780
755
692
678
688
689
725
875
1003
1024
867
814
1045
1296
1335
1052
832
933
1161
1100
726
421
359
357
125
-225
-425
-419
-522
-875
-1151
-1183
-1068
-1144
-1397
-1536
-1480
-1394
-1420
-1440
-1341
-1230
-1269
-1361
-1247
-967
-821
-884
-959
-830
-567
-464
-476
-394
-158
-23
-93
-89
144
483
613
437
351
586
880
973
887
836
915
980
920
840
906
997
944
781
696
770
822
763
635
576
584
522
431
356
327
277
78
-129
-241
-277
-335
-502
-677
-787
-859
-921
-958
-993
-1031
-1088
-1132
-1111
-1000
-866
-804
-767
-705
-578
-445
-305
-156
-18
74
154
253
390
552
661
705
711
755
811
817
773
692
655
659
671
675
775
943
1032
971
832
931
1218
1397
1290
983
891
1070
1171
954
567
358
318
200
-80
-380
-469
-499
-707
-1023
-1223
-1201
-1143
-1276
-1511
-1565
-1506
-1454
-1464
-1424
-1317
-1286
-1370
-1377
-1172
-936
-863
-962
-945
-729
-512
-442
-452
-299
-91
-43
-87
10
320
612
622
451
493
781
1035
1048
953
961
1058
1078
979
927
1004
1059
937
759
732
835
884
778
656
604
568
502
420
381
353
203
-35
-193
-245
-314
-458
-654
-831
-912
-981
-1066
-1118
-1126
-1161
-1231
-1267
-1192
-1023
-922
-888
-830
-710
-548
-401
-279
-139
6
128
207
336
495
652
744
758
794
847
924
929
882
821
779
776
795
841
987
1101
1088
946
880
1091
1322
1404
1147
884
904
1104
1144
834
483
321
287
127
-194
-450
-553
-630
-928
-1254
-1375
-1342
-1329
-1504
-1680
-1697
-1644
-1617
-1607
-1513
-1384
-1393
-1483
-1419
-1120
-886
-908
-1016
-951
-696
-480
-428
-386
-203
17
31
13
180
498
729
670
547
655
960
1175
1163
1071
1103
1197
1179
1083
1083
1148
1115
937
795
834
946
939
763
635
587
583
526
440
388
296
135
-94
-227
-281
-382
-573
-779
-905
-985
-1068
-1157
-1230
-1262
-1327
-1397
-1390
-1268
-1119
-1041
-1033
-927
-771
-614
-479
-345
-185
-23
81
186
338
496
642
697
728
774
855
920
903
860
819
779
783
832
935
1105
1194
1132
1000
1032
1282
1520
1489
1219
1018
1135
1316
1210
837
498
391
318
89
-245
-434
-506
-676
-1006
-1263
-1313
-1269
-1360
-1609
-1754
-1746
-1690
-1673
-1642
-1518
-1435
-1502
-1578
-1437
-1151
-980
-1059
-1137
-998
-691
-507
-479
-374
-175
-39
-43
5
277
643
780
650
565
791
1115
1250
1207
1149
1218
1298
1257
1175
1180
1230
1155
944
812
889
1027
1054
864
648
564
604
623
563
430
231
39
-94
-156
-275
-462
-708
-918
-1063
-1155
-1227
-1271
-1342
-1441
-1491
-1506
-1410
-1254
-1162
-1141
-1100
-980
-790
-580
-426
-304
-202
-62
100
250
431
574
669
733
767
824
903
962
958
872
791
784
841
905
994
1102
1171
1146
1022
1093
1383
1608
1542
1206
1009
1172
1409
1271
801
441
367
333
85
-277
-476
-515
-676
-1057
-1333
-1342
-1240
-1370
-1679
-1816
-1741
-1642
-1637
-1641
-1534
-1448
-1530
-1591
-1407
-1088
-935
-1068
-1157
-941
-607
-457
-489
-417
-198
-47
-63
-24
279
668
758
558
476
759
1114
1213
1103
1027
1139
1227
1190
1095
1123
1190
1101
869
754
891
1086
1064
838
610
572
659
661
561
408
225
65
-71
-161
-271
-472
-696
-900
-1029
-1128
-1163
-1218
-1287
-1371
-1432
-1394
-1280
-1135
-1057
-1022
-978
-879
-703
-513
-352
-255
-162
-57
94
275
432
544
632
685
735
789
857
907
898
810
711
695
753
836
944
1024
1039
970
893
1057
1347
1538
1382
1058
974
1237
1419
1191
743
466
423
357
90
-259
-425
-488
-739
-1131
-1343
-1300
-1224
-1415
-1695
-1761
-1667
-1607
-1607
-1581
-1481
-1429
-1527
-1517
-1268
-959
-886
-1055
-1092
-854
-546
-438
-443
-299
-102
-55
-88
23
369
695
676
474
504
856
1175
1203
1073
1046
1174
1224
1149
1079
1157
1200
1053
827
758
946
1091
994
754
581
599
663
667
560
380
189
21
-59
-142
-313
-549
-810
-978
-1072
-1154
-1231
-1323
-1378
-1453
-1514
-1488
-1377
-1241
-1121
-1084
-1019
-881
-661
-426
-274
-141
-48
86
232
406
559
666
744
773
828
872
900
920
894
801
726
709
767
882
1046
1091
1031
893
909
1201
1463
1512
1257
1015
1072
1317
1334
995
603
400
336
172
-119
-363
-480
-639
-955
-1265
-1363
-1304
-1348
-1546
-1761
-1784
-1716
-1683
-1646
-1553
-1455
-1482
-1573
-1481
-1182
-906
-918
-1047
-1000
-717
-464
-401
-308
-151
2
20
44
247
618
830
708
533
649
996
1225
1199
1091
1123
1230
1230
1143
1152
1238
1198
994
785
810
1016
1099
944
677
532
549
600
588
469
267
30
-146
-209
-278
-447
-711
-1011
-1138
-1188
-1289
-1358
-1430
-1472
-1523
-1567
-1520
-1333
-1169
-1090
-1045
-932
-722
-515
-308
-172
-53
57
163
354
567
760
848
865
894
970
1042
1068
1042
966
902
821
784
815
866
1019
1079
1015
866
877
1153
1414
1484
1206
936
977
1229
1256
891
448
232
216
77
-242
-504
-622
-718
-1019
-1342
-1452
-1381
-1397
-1610
-1824
-1828
-1724
-1672
-1645
-1561
-1446
-1463
-1566
-1446
-1101
-851
-878
-1041
-945
-607
-359
-308
-296
-117
93
110
92
275
665
910
774
567
695
1073
1314
1255
1122
1145
1249
1258
1178
1155
1225
1198
980
757
770
950
1008
845
606
468
507
570
558
435
225
9
-165
-210
-288
-471
-721
-984
-1121
-1194
-1273
-1348
-1411
-1475
-1539
-1577
-1507
-1351
-1226
-1144
-1112
-999
-796
-547
-334
-166
-58
50
176
370
589
732
834
885
944
1026
1083
1115
1088
1004
917
829
815
846
883
973
1051
1075
1003
959
1116
1367
1476
1285
993
934
1156
1237
944
481
218
174
70
-228
-539
-701
-788
-1027
-1348
-1504
-1479
-1441
-1608
-1817
-1850
-1740
-1644
-1607
-1539
-1469
-1456
-1506
-1429
-1147
-914
-908
-1029
-952
-645
-382
-315
-305
-156
47
121
104
251
601
858
825
654
724
1049
1304
1294
1168
1147
1233
1268
1200
1146
1174
1153
982
812
805
939
1011
895
680
551
538
607
605
500
308
117
-33
-149
-245
-419
-656
-914
-1097
-1213
-1267
-1313
-1386
-1504
-1589
-1596
-1516
-1382
-1280
-1201
-1114
-1010
-850
-651
-443
-241
-118
-36
98
306
505
640
694
748
815
906
957
1006
1025
976
871
793
779
825
864
898
1014
1099
1053
913
996
1289
1536
1414
1026
870
1120
1366
1144
656
329
311
301
12
-371
-570
-604
-793
-1180
-1385
-1349
-1242
-1390
-1679
-1779
-1681
-1567
-1581
-1548
-1450
-1412
-1479
-1481
-1241
-937
-856
-997
-1019
-767
-473
-389
-404
-272
-24
63
29
103
418
794
822
610
593
897
1227
1276
1134
1081
1146
1226
1155
1078
1112
1148
1039
831
764
892
1034
963
753
583
573
676
668
533
337
154
-9
-127
-259
-429
-647
-909
-1117
-1243
-1298
-1386
-1462
-1542
-1578
-1546
-1507
-1427
-1338
-1215
-1073
-982
-892
-711
-457
-242
-140
-65
74
271
463
594
671
753
846
933
970
1001
1022
988
893
821
804
808
821
897
1056
1115
1036
882
981
1303
1541
1412
1056
933
1149
1367
1180
719
406
379
317
41
-333
-542
-596
-803
-1158
-1401
-1415
-1317
-1443
-1684
-1804
-1734
-1624
-1602
-1577
-1472
-1402
-1454
-1455
-1261
-988
-896
-979
-1003
-781
-518
-405
-384
-270
-53
54
25
96
395
737
811
639
591
855
1148
1222
1133
1038
1109
1195
1123
1056
1088
1158
1083
894
810
917
1049
1018
822
621
592
673
694
592
424
231
65
-66
-193
-361
-589
-862
-1077
-1181
-1246
-1333
-1442
-1538
-1590
-1572
-1535
-1490
-1387
-1247
-1136
-1047
-938
-752
-493
-293
-181
-110
29
251
437
554
640
735
810
856
896
925
940
908
838
795
782
822
860
979
1146
1199
1095
967
1163
1474
1636
1436
1092
1033
1270
1416
1129
668
412
384
286
-37
-378
-528
-588
-827
-1160
-1359
-1368
-1339
-1512
-1737
-1779
-1731
-1689
-1685
-1627
-1516
-1510
-1610
-1583
-1340
-1074
-1007
-1111
-1067
-800
-512
-456
-428
-268
-55
20
11
115
441
774
802
639
640
949
1227
1277
1172
1147
1220
1263
1203
1142
1184
1222
1114
951
905
1039
1117
1025
825
690
698
707
660
541
369
198
9
-155
-293
-430
-645
-926
-1127
-1224
-1256
-1328
-1433
-1530
-1546
-1521
-1497
-1433
-1332
-1182
-1065
-997
-912
-711
-471
-288
-179
-87
69
260
424
525
629
758
859
896
911
941
953
927
883
813
768
802
901
1081
1168
1130
938
981
1310
1634
1637
1277
1044
1163
1457
1401
948
538
407
397
211
-177
-465
-554
-663
-1001
-1330
-1435
-1392
-1430
-1635
-1797
-1788
-1742
-1728
-1652
-1544
-1475
-1568
-1655
-1515
-1183
-989
-1070
-1161
-1043
-734
-539
-536
-473
-268
-95
-85
-40
205
607
810
696
591
764
1107
1320
1280
1179
1197
1294
1312
1236
1222
1256
1199
997
838
894
1051
1076
941
741
666
706
732
681
537
374
185
25
-104
-214
-388
-658
-949
-1156
-1231
-1309
-1392
-1497
-1600
-1635
-1614
-1552
-1446
-1309
-1198
-1110
-1007
-854
-631
-401
-256
-143
-38
114
297
449
570
640
712
775
815
870
900
899
860
798
758
760
828
934
1098
1181
1113
977
1063
1387
1630
1588
1261
1045
1208
1430
1289
857
499
412
368
138
-262
-472
-527
-690
-1034
-1332
-1395
-1318
-1374
-1618
-1753
-1733
-1700
-1693
-1643
-1544
-1473
-1579
-1671
-1505
-1188
-1025
-1120
-1195
-1011
-655
-477
-476
-373
-150
16
32
72
314
661
789
627
557
778
1104
1248
1187
1113
1190
1259
1224
1172
1199
1243
1162
965
827
904
1062
1084
917
729
626
642
658
617
489
309
100
-46
-126
-225
-377
-623
-875
-1050
-1135
-1198
-1256
-1321
-1408
-1482
-1487
-1406
-1286
-1180
-1122
-1077
-976
-797
-613
-424
-277
-171
-62
58
237
393
509
594
650
726
769
833
883
867
832
760
719
698
685
741
861
997
1045
955
866
1060
1378
1506
1354
1057
982
1190
1318
1092
691
402
287
182
-57
-369
-534
-618
-853
-1169
-1355
-1356
-1301
-1439
-1660
-1740
-1700
-1597
-1533
-1450
-1368
-1360
-1414
-1372
-1131
-896
-851
-963
-947
-725
-478
-407
-404
-252
-64
-7
0
117
443
764
768
620
658
931
1209
1266
1164
1116
1144
1169
1099
1051
1084
1077
943
777
716
823
947
912
760
595
550
595
636
609
452
225
42
-70
-125
-261
-481
-760
-975
-1113
-1193
-1228
-1311
-1376
-1470
-1494
-1441
-1353
-1225
-1119
-1038
-970
-846
-656
-420
-218
-138
-96
6
179
363
482
554
598
681
745
791
837
861
852
777
699
668
679
728
766
869
1023
1060
932
825
1014
1356
1480
1192
835
840
1144
1268
921
420
209
244
151
-189
-492
-596
-647
-919
-1255
-1350
-1241
-1200
-1460
-1718
-1698
-1532
-1467
-1493
-1460
-1350
-1327
-1403
-1361
-1089
-821
-837
-983
-906
-589
-331
-318
-319
-128
91
93
30
196
612
863
714
504
617
1000
1247
1172
1014
1040
1178
1192
1085
1071
1145
1131
940
722
740
901
977
855
645
512
503
547
552
486
315
81
-100
-157
-201
-334
-611
-887
-1067
-1138
-1162
-1232
-1319
-1396
-1460
-1474
-1426
-1324
-1176
-1071
-1015
-987
-854
-624
-378
-234
-175
-102
45
257
428
531
601
678
732
807
865
903
915
852
748
684
679
712
748
870
1018
1050
951
817
1002
1358
1523
1349
1004
978
1257
1395
1080
617
382
357
282
-40
-356
-480
-552
-832
-1186
-1323
-1260
-1197
-1404
-1667
-1681
-1556
-1487
-1487
-1456
-1377
-1370
-1453
-1434
-1175
-912
-898
-1017
-1004
-738
-490
-469
-452
-273
-68
-47
-93
99
477
796
730
501
588
915
1181
1184
1044
1039
1121
1142
1080
1074
1158
1147
953
743
745
897
997
931
777
639
587
594
634
627
474
219
-18
-96
-100
-251
-552
-865
-1024
-1080
-1172
-1297
-1379
-1401
-1431
-1486
-1503
-1398
-1231
-1132
-1121
-1081
-935
-727
-509
-354
-256
-164
-54
107
303
472
584
640
678
758
843
910
947
940
884
814
774
800
870
947
1059
1094
1065
993
1076
1338
1507
1456
1189
1031
1137
1335
1231
846
499
355
337
162
-150
-394
-509
-656
-944
-1194
-1254
-1202
-1273
-1543
-1726
-1687
-1585
-1526
-1534
-1515
-1483
-1476
-1452
-1316
-1104
-986
-985
-1027
-907
-657
-521
-479
-361
-194
-105
-106
-39
224
560
647
487
416
656
999
1110
1027
962
1024
1123
1113
1080
1077
1104
1015
853
772
829
954
959
851
707
605
627
658
654
558
308
81
-6
-32
-134
-386
-680
-877
-975
-1063
-1186
-1277
-1335
-1381
-1436
-1447
-1379
-1234
-1137
-1104
-1056
-962
-778
-586
-416
-301
-218
-128
1
189
353
504
580
616
692
771
833
884
891
854
781
736
714
780
834
917
1035
1061
1049
995
1105
1337
1488
1380
1156
1071
1198
1336
1119
717
437
330
253
11
-294
-500
-592
-765
-1050
-1231
-1252
-1226
-1359
-1603
-1688
-1568
-1479
-1503
-1529
-1475
-1398
-1384
-1393
-1301
-1107
-985
-975
-966
-817
-610
-489
-399
-253
-119
-75
-59
104
402
635
610
482
550
828
1064
1057
985
1006
1084
1145
1076
1013
1051
1080
963
812
765
856
964
938
806
647
587
627
668
633
457
219
44
10
-45
-254
-539
-802
-920
-1007
-1119
-1234
-1307
-1331
-1366
-1418
-1416
-1315
-1187
-1103
-1078
-991
-851
-677
-494
-326
-219
-149
-72
90
275
441
539
596
654
747
837
881
915
899
882
818
802
783
800
838
932
1043
1052
960
902
1089
1347
1407
1199
967
996
1178
1197
875
501
346
345
204
-102
-380
-498
-586
-845
-1125
-1262
-1240
-1284
-1495
-1668
-1658
-1575
-1556
-1582
-1538
-1435
-1393
-1420
-1364
-1168
-963
-910
-943
-884
-678
-494
-442
-332
-169
-44
-48
-28
188
514
684
611
531
676
972
1110
1075
1012
1078
1163
1131
1066
1053
1119
1096
939
795
804
918
971
871
707
593
603
665
651
525
319
145
38
-16
-142
-381
-609
-793
-926
-1046
-1197
-1274
-1322
-1375
-1433
-1489
-1449
-1331
-1217
-1145
-1080
-978
-829
-645
-444
-305
-208
-130
-14
198
362
470
547
640
729
814
853
900
929
934
870
794
777
811
853
851
958
1067
1117
1034
977
1150
1382
1447
1205
979
1017
1210
1203
832
459
312
299
122
-219
-482
-587
-668
-938
-1229
-1365
-1319
-1361
-1597
-1744
-1712
-1607
-1608
-1642
-1585
-1451
-1375
-1437
-1404
-1198
-965
-917
-966
-888
-677
-497
-444
-349
-185
-40
-41
-22
180
511
696
597
527
692
992
1132
1080
1049
1129
1233
1225
1150
1144
1200
1153
979
838
866
990
1024
907
733
669
697
705
639
470
302
170
61
-35
-211
-422
-638
-836
-1009
-1144
-1243
-1319
-1389
-1441
-1471
-1473
-1405
-1316
-1204
-1119
-1021
-913
-780
-605
-445
-331
-246
-139
30
212
361
496
605
684
765
837
913
988
1005
959
860
830
829
826
824
851
989
1068
1056
922
953
1196
1370
1331
1074
946
1034
1180
1051
708
452
358
298
57
-253
-452
-557
-714
-1025
-1252
-1297
-1282
-1393
-1623
-1700
-1612
-1561
-1622
-1622
-1501
-1373
-1369
-1448
-1338
-1091
-921
-937
-996
-864
-641
-510
-460
-315
-154
-54
-48
24
309
604
683
561
588
827
1067
1127
1075
1074
1167
1185
1111
1061
1103
1161
1051
836
767
872
968
908
749
638
635
659
624
551
444
327
156
20
-103
-250
-452
-675
-836
-972
-1097
-1240
-1320
-1350
-1372
-1425
-1454
-1401
-1286
-1166
-1095
-1012
-887
-717
-549
-387
-266
-149
-14
108
267
413
561
645
691
769
821
883
922
887
833
797
752
751
804
873
1000
1043
1055
978
1008
1201
1374
1405
1188
1026
1069
1218
1167
843
527
369
323
162
-128
-352
-464
-611
-881
-1132
-1233
-1217
-1304
-1527
-1654
-1627
-1581
-1599
-1599
-1517
-1421
-1424
-1481
-1392
-1171
-987
-952
-990
-907
-667
-523
-477
-348
-152
-63
-78
-27
205
535
661
537
481
696
982
1076
1030
1022
1109
1166
1101
1038
1112
1200
1106
891
779
871
1025
979
830
693
651
677
636
579
470
297
103
-27
-100
-232
-440
-698
-879
-971
-1083
-1217
-1313
-1352
-1382
-1437
-1493
-1444
-1328
-1226
-1143
-1071
-952
-768
-605
-439
-289
-161
-50
64
221
375
546
653
723
796
843
891
957
1012
967
883
802
794
879
925
992
1043
1059
1031
984
1096
1281
1412
1306
1072
1016
1147
1224
996
626
363
288
188
-75
-361
-538
-655
-882
-1172
-1323
-1316
-1319
-1477
-1656
-1704
-1644
-1597
-1602
-1550
-1448
-1405
-1423
-1398
-1223
-1029
-965
-984
-943
-759
-586
-508
-393
-206
-64
-36
-23
160
475
698
654
560
676
952
1134
1136
1089
1140
1199
1169
1092
1091
1182
1153
968
798
818
956
993
875
714
668
671
661
623
524
389
202
34
-94
-221
-416
-679
-899
-1036
-1128
-1255
-1366
-1446
-1467
-1500
-1537
-1505
-1410
-1272
-1183
-1087
-986
-834
-634
-461
-293
-145
3
133
267
419
582
714
796
848
882
930
993
1046
1030
935
839
849
917
1012
1124
1175
1140
1032
1027
1214
1411
1449
1262
1028
1028
1180
1180
906
554
337
230
57
-207
-431
-557
-686
-960
-1260
-1373
-1348
-1378
-1548
-1715
-1745
-1700
-1658
-1632
-1562
-1493
-1511
-1530
-1422
-1199
-1051
-1035
-1029
-914
-683
-542
-502
-353
-143
13
13
1
190
528
723
634
538
661
937
1104
1100
1081
1142
1221
1206
1145
1163
1251
1208
1029
872
894
1025
1051
951
808
706
692
662
612
529
383
198
-9
-132
-212
-352
-617
-888
-1059
-1141
-1226
-1359
-1441
-1490
-1513
-1538
-1528
-1408
-1257
-1161
-1114
-1030
-863
-666
-499
-362
-234
-82
58
212
367
528
684
766
812
856
925
1004
1038
1015
924
859
828
865
931
1048
1158
1149
1058
996
1161
1402
1543
1384
1119
1041
1182
1277
1025
665
393
277
158
-117
-391
-569
-692
-937
-1240
-1415
-1397
-1404
-1575
-1759
-1815
-1744
-1701
-1670
-1608
-1543
-1512
-1541
-1458
-1245
-1027
-999
-1077
-1031
-784
-559
-531
-458
-259
-36
31
-6
114
439
739
745
604
662
947
1174
1220
1171
1168
1241
1272
1222
1203
1236
1226
1065
878
845
946
1013
924
758
679
667
660
630
550
434
251
48
-76
-175
-279
-505
-783
-977
-1091
-1172
-1266
-1369
-1441
-1505
-1536
-1520
-1427
-1286
-1200
-1133
-1065
-921
-728
-560
-407
-287
-157
-22
107
248
413
567
671
736
788
840
906
967
979
936
860
798
818
892
1038
1151
1149
1058
988
1136
1395
1532
1411
1153
1057
1200
1299
1108
747
472
360
243
-6
-279
-450
-560
-773
-1079
-1289
-1336
-1328
-1470
-1661
-1773
-1734
-1675
-1652
-1587
-1540
-1537
-1588
-1537
-1340
-1086
-1011
-1083
-1059
-857
-594
-514
-469
-318
-116
-8
7
110
391
669
728
619
634
871
1122
1228
1172
1142
1210
1251
1226
1212
1243
1235
1086
895
839
924
1028
976
813
695
662
672
658
582
477
291
81
-80
-173
-264
-474
-763
-1017
-1158
-1233
-1315
-1402
-1483
-1550
-1581
-1568
-1474
-1345
-1238
-1168
-1096
-954
-776
-583
-411
-282
-148
-25
105
261
410
582
671
739
795
877
937
965
995
960
927
869
841
868
979
1136
1199
1125
987
1027
1277
1501
1484
1230
1039
1108
1326
1262
937
575
386
318
116
-198
-435
-567
-735
-1020
-1292
-1392
-1360
-1413
-1620
-1781
-1788
-1723
-1671
-1625
-1562
-1507
-1532
-1530
-1392
-1147
-997
-1007
-1023
-885
-642
-498
-462
-344
-133
5
43
69
289
602
774
688
626
763
1040
1213
1181
1145
1157
1233
1230
1188
1175
1178
1112
933
796
810
918
950
839
682
583
558
559
550
455
297
93
-73
-155
-251
-413
-667
-926
-1087
-1160
-1233
-1322
-1419
-1478
-1518
-1521
-1494
-1392
-1268
-1175
-1114
-1015
-826
-609
-413
-274
-166
-45
83
232
373
534
664
731
792
848
938
997
1006
939
889
870
851
878
889
985
1129
1194
1149
1034
1093
1322
1487
1415
1164
999
1079
1208
1086
726
409
260
193
-16
-306
-520
-636
-793
-1067
-1275
-1335
-1308
-1417
-1632
-1746
-1704
-1624
-1600
-1604
-1538
-1483
-1466
-1457
-1312
-1079
-956
-976
-974
-788
-560
-440
-414
-318
-143
-1
21
59
280
575
704
606
592
785
1043
1148
1086
1027
1081
1163
1154
1092
1089
1109
1028
877
768
790
872
893
775
628
571
573
590
526
410
232
55
-59
-144
-258
-466
-714
-894
-991
-1073
-1173
-1281
-1339
-1364
-1385
-1411
-1368
-1235
-1112
-1052
-986
-873
-692
-500
-350
-242
-134
-13
119
277
420
547
644
716
792
874
926
968
969
934
885
839
824
821
838
917
1039
1109
1060
971
1028
1209
1365
1289
1042
933
1043
1183
1027
676
398
272
199
-25
-324
-518
-632
-812
-1091
-1267
-1295
-1326
-1474
-1648
-1686
-1609
-1567
-1585
-1551
-1468
-1377
-1388
-1394
-1232
-1019
-894
-932
-924
-749
-536
-429
-372
-220
-38
48
33
118
357
630
679
556
577
790
1037
1092
1020
1017
1090
1138
1046
975
991
1010
913
727
643
726
815
798
648
515
498
515
506
442
362
225
95
-16
-121
-255
-478
-677
-833
-938
-1081
-1212
-1273
-1305
-1305
-1358
-1388
-1324
-1194
-1084
-1015
-938
-812
-645
-479
-323
-181
-56
41
160
297
472
601
682
727
790
862
901
942
920
882
841
847
816
838
868
959
1088
1100
1037
948
1050
1268
1393
1292
1059
962
1074
1162
950
610
350
281
189
-63
-324
-517
-616
-810
-1060
-1220
-1242
-1266
-1428
-1599
-1624
-1567
-1560
-1590
-1543
-1419
-1371
-1447
-1458
-1264
-1015
-923
-989
-951
-752
-533
-456
-390
-233
-75
-6
-41
83
358
600
586
482
541
776
985
998
951
973
1064
1059
967
937
1006
1019
904
751
763
919
975
871
679
614
682
682
596
457
324
250
149
-19
-221
-401
-555
-690
-811
-960
-1102
-1207
-1208
-1217
-1261
-1311
-1337
-1255
-1139
-1021
-960
-877
-752
-607
-471
-354
-208
-93
19
125
260
422
549
639
719
766
800
850
906
892
848
798
774
762
761
746
801
975
1062
993
851
906
1162
1344
1255
977
862
1025
1135
937
584
369
306
213
-30
-320
-473
-569
-770
-1023
-1206
-1247
-1285
-1436
-1564
-1564
-1539
-1576
-1585
-1483
-1353
-1307
-1403
-1409
-1205
-947
-857
-921
-907
-724
-513
-441
-363
-221
-63
-6
-11
115
393
612
602
525
580
800
968
974
946
993
1051
1044
983
967
1037
1044
905
761
748
857
918
836
711
640
649
642
605
498
385
276
131
-15
-187
-359
-535
-681
-846
-1009
-1139
-1213
-1223
-1236
-1283
-1324
-1329
-1267
-1152
-1047
-966
-873
-783
-671
-502
-361
-220
-125
-25
108
260
425
543
636
698
756
808
857
891
864
816
780
761
763
782
845
957
1051
1055
954
935
1122
1327
1331
1137
963
1013
1147
1097
807
514
364
274
92
-153
-360
-476
-623
-862
-1085
-1165
-1178
-1273
-1443
-1549
-1535
-1528
-1533
-1510
-1422
-1339
-1364
-1427
-1337
-1112
-935
-915
-959
-846
-625
-489
-412
-316
-184
-76
-78
-27
183
448
578
505
484
629
860
982
968
983
1031
1067
1000
975
1033
1093
1027
881
853
931
972
895
739
695
742
712
579
433
359
322
211
-3
-228
-363
-478
-591
-729
-893
-1064
-1210
-1245
-1240
-1258
-1330
-1396
-1382
-1275
-1130
-1031
-982
-893
-768
-644
-493
-327
-181
-67
26
141
320
502
620
685
729
816
881
887
880
883
870
838
789
775
820
957
1056
1057
981
962
1101
1300
1377
1277
1081
1016
1134
1157
963
659
433
315
191
-46
-300
-453
-582
-773
-1018
-1206
-1234
-1255
-1364
-1497
-1561
-1549
-1531
-1476
-1398
-1337
-1329
-1382
-1344
-1193
-997
-914
-948
-931
-768
-586
-488
-377
-247
-147
-85
-33
118
361
534
547
501
589
797
934
969
963
988
1000
964
927
943
1015
1001
885
798
839
906
877
769
722
728
699
603
470
394
383
296
61
-155
-293
-410
-534
-676
-834
-1000
-1157
-1251
-1262
-1259
-1284
-1370
-1399
-1304
-1184
-1058
-992
-912
-776
-672
-531
-375
-214
-87
-10
90
240
423
569
647
676
727
823
882
891
910
916
923
892
863
868
952
1103
1143
1091
1010
1039
1201
1368
1368
1193
1047
1064
1159
1086
820
529
363
251
91
-158
-367
-509
-652
-868
-1090
-1221
-1239
-1274
-1423
-1547
-1597
-1582
-1567
-1528
-1487
-1407
-1410
-1403
-1294
-1125
-986
-946
-928
-837
-666
-544
-460
-330
-197
-133
-107
-33
168
398
494
469
488
653
869
956
970
993
1052
1079
1039
1001
1037
1071
1013
900
877
913
930
852
782
773
734
677
543
460
396
310
143
-63
-200
-331
-469
-634
-773
-919
-1041
-1147
-1213
-1224
-1235
-1277
-1332
-1309
-1209
-1090
-998
-928
-844
-727
-623
-479
-304
-150
-51
31
132
297
479
586
634
683
727
789
811
824
836
825
803
773
771
830
966
1062
1087
1004
994
1148
1315
1375
1273
1118
1079
1139
1104
917
668
459
332
208
-17
-253
-423
-565
-746
-937
-1110
-1185
-1217
-1325
-1418
-1485
-1488
-1487
-1455
-1386
-1340
-1337
-1349
-1312
-1191
-1032
-959
-960
-903
-766
-649
-561
-434
-302
-207
-161
-100
57
291
445
455
438
558
746
868
909
914
966
1006
973
915
933
998
981
856
788
829
867
827
752
748
732
692
598
505
484
442
311
99
-81
-206
-341
-495
-661
-798
-933
-1070
-1165
-1191
-1187
-1231
-1289
-1315
-1246
-1113
-994
-917
-834
-722
-618
-495
-347
-191
-78
-31
51
183
355
473
538
586
640
729
769
770
777
812
819
786
767
814
949
1076
1077
1009
970
1089
1265
1351
1267
1096
1050
1107
1120
961
745
543
377
240
33
-174
-339
-502
-680
-876
-1028
-1123
-1200
-1303
-1400
-1462
-1493
-1501
-1477
-1414
-1343
-1359
-1384
-1326
-1200
-1069
-996
-972
-906
-760
-636
-562
-470
-311
-193
-159
-133
-5
215
393
421
400
488
672
797
845
873
941
990
966
929
941
1025
1034
936
845
873
944
937
820
756
753
720
655
550
485
431
346
187
29
-100
-250
-411
-568
-675
-808
-944
-1060
-1099
-1108
-1151
-1226
-1262
-1232
-1139
-1054
-986
-899
-805
-687
-571
-430
-308
-205
-119
-27
92
256
402
489
553
596
671
733
753
751
738
730
732
742
719
765
882
994
1033
990
955
1061
1247
1311
1210
1046
994
1044
1048
852
596
407
274
153
-50
-241
-403
-564
-740
-917
-1039
-1114
-1171
-1268
-1376
-1408
-1412
-1411
-1406
-1344
-1263
-1241
-1247
-1212
-1093
-967
-899
-885
-818
-683
-574
-487
-360
-215
-108
-95
-55
90
301
456
457
460
549
723
854
875
905
948
990
976
918
931
983
957
861
757
747
806
806
726
632
607
583
565
519
438
338
228
123
14
-112
-262
-429
-562
-699
-809
-955
-1050
-1084
-1123
-1139
-1189
-1211
-1198
-1104
-1019
-940
-891
-824
-684
-540
-390
-277
-191
-107
28
175
315
405
486
546
603
680
740
760
756
735
727
754
761
742
700
746
872
964
969
898
894
1013
1138
1152
1047
941
923
945
873
686
482
326
199
53
-121
-305
-449
-598
-753
-888
-986
-1070
-1178
-1277
-1315
-1318
-1332
-1361
-1361
-1284
-1196
-1180
-1194
-1148
-1019
-887
-818
-792
-737
-641
-532
-435
-324
-262
-218
-145
-34
132
270
346
378
441
578
704
772
816
875
928
926
917
892
905
922
886
797
725
754
814
812
728
579
542
569
582
511
361
244
198
176
42
-133
-310
-444
-542
-639
-763
-879
-954
-1025
-1051
-1075
-1087
-1095
-1097
-1047
-946
-882
-850
-786
-643
-481
-386
-359
-289
-133
45
174
237
294
398
495
576
659
710
714
679
656
671
694
693
644
601
624
758
894
919
858
820
929
1100
1181
1131
1018
952
960
961
843
641
460
306
167
-2
-173
-319
-442
-585
-731
-864
-942
-1009
-1089
-1145
-1168
-1166
-1196
-1202
-1147
-1085
-1060
-1083
-1073
-987
-867
-778
-782
-787
-697
-563
-487
-420
-341
-240
-183
-122
-51
80
262
343
359
392
504
613
677
697
703
745
794
776
743
736
735
697
615
581
640
667
637
546
456
489
516
481
399
317
256
206
110
-7
-135
-275
-401
-513
-618
-698
-823
-937
-978
-989
-998
-1026
-1041
-1027
-958
-875
-813
-741
-629
-523
-422
-333
-212
-79
19
89
174
280
380
463
513
578
623
664
675
685
699
691
676
659
634
624
673
734
797
852
838
774
816
942
1045
1047
934
843
855
908
867
697
509
370
277
141
-33
-187
-332
-478
-637
-776
-844
-896
-974
-1077
-1160
-1150
-1162
-1176
-1187
-1149
-1058
-1073
-1088
-1052
-954
-846
-780
-768
-759
-665
-566
-476
-397
-321
-275
-218
-123
-2
116
183
204
261
379
499
552
574
619
678
711
686
666
662
703
690
616
545
526
592
636
596
479
424
451
496
472
380
253
186
169
105
21
-127
-270
-375
-466
-535
-620
-712
-778
-802
-810
-832
-856
-871
-818
-725
-648
-615
-586
-501
-390
-270
-190
-133
-43
51
180
285
363
409
453
496
562
630
639
597
548
567
592
591
547
497
477
508
567
621
680
694
665
679
761
884
944
873
770
748
796
784
661
483
348
253
126
-4
-145
-261
-374
-537
-680
-762
-821
-886
-987
-1056
-1072
-1083
-1100
-1102
-1052
-983
-973
-1016
-1011
-919
-810
-752
-733
-697
-623
-559
-499
-413
-319
-263
-231
-187
-90
73
174
199
202
276
392
473
493
493
533
568
562
536
532
544
541
510
454
449
491
537
548
506
460
433
439
455
435
372
298
247
204
134
17
-118
-216
-285
-354
-459
-559
-611
-638
-666
-699
-735
-742
-733
-674
-582
-530
-502
-451
-360
-254
-151
-100
-46
49
163
247
311
369
426
486
514
542
562
554
524
488
469
439
424
387
350
348
350
390
463
546
582
567
593
672
791
869
820
736
712
741
750
657
490
354
236
120
-10
-128
-249
-406
-557
-655
-731
-792
-877
-977
-995
-987
-996
-1030
-1028
-967
-895
-890
-931
-899
-818
-734
-707
-725
-685
-618
-559
-499
-411
-314
-240
-210
-152
-24
127
221
241
263
327
434
485
501
524
530
531
496
467
469
478
455
399
378
431
491
504
490
446
454
472
475
485
445
369
256
182
135
58
-81
-252
-366
-432
-500
-584
-673
-730
-749
-750
-732
-745
-737
-689
-623
-520
-455
-402
-343
-261
-143
-80
-13
41
126
230
303
372
397
471
550
596
607
609
603
585
556
525
495
451
400
368
370
371
442
521
584
557
547
637
787
886
855
778
731
793
833
747
587
413
306
214
91
-36
-180
-335
-512
-640
-714
-792
-902
-1031
-1091
-1076
-1071
-1088
-1131
-1098
-1014
-971
-999
-1001
-928
-809
-731
-732
-703
-649
-562
-489
-417
-331
-246
-223
-182
-70
66
152
170
195
261
359
434
465
476
537
580
569
553
533
540
543
556
535
509
463
454
514
537
508
395
327
315
354
318
186
41
-71
-135
-200
-302
-419
-526
-600
-652
-680
-692
-708
-727
-719
-665
-610
-590
-551
-448
-319
-236
-210
-131
-17
109
213
258
317
397
496
553
601
631
662
686
688
689
675
655
575
500
435
404
365
350
351
368
405
422
444
457
516
615
684
688
651
642
668
683
645
521
391
268
177
87
-51
-207
-366
-492
-586
-671
-756
-849
-951
-1023
-1079
-1077
-1064
-1070
-1070
-1058
-1037
-1001
-957
-894
-814
-734
-681
-644
-579
-506
-437
-355
-281
-205
-135
-43
92
198
257
261
279
347
449
510
497
464
445
464
467
426
381
342
308
303
311
330
334
302
266
274
269
260
247
203
174
166
147
73
-10
-87
-162
-238
-295
-360
-408
-428
-460
-480
-492
-470
-458
-430
-395
-347
-294
-256
-188
-102
-20
60
89
133
197
281
375
414
430
451
504
550
595
604
592
558
549
554
565
568
535
436
302
224
208
268
312
283
199
128
143
202
274
288
228
158
162
239
322
322
217
104
22
4
-13
-61
-174
-279
-352
-406
-419
-453
-518
-600
-645
-656
-642
-642
-641
-596
-573
-561
-559
-554
-486
-409
-366
-357
-346
-304
-238
-167
-95
-100
-124
-122
-87
2
59
82
72
63
83
110
146
168
146
103
80
63
50
73
76
65
40
20
14
41
85
127
141
98
78
86
101
102
64
13
-50
-103
-91
-114
-130
-163
-200
-208
-182
-152
-146
-131
-115
-90
-74
-46
-8
16
38
47
78
121
173
246
290
318
321
347
399
442
484
488
476
479
473
465
457
434
403
338
270
228
197
134
53
-6
-5
24
47
-17
-87
-34
29
111
122
91
79
133
234
244
225
162
120
109
100
82
18
-67
-140
-176
-203
-246
-312
-387
-427
-422
-423
-439
-471
-464
-425
-409
-410
-421
-407
-380
-337
-312
-310
-329
-343
-316
-240
-169
-156
-200
-217
-169
-67
22
-6
-55
-44
-4
43
76
59
25
15
27
48
57
71
50
42
45
28
28
33
50
53
36
0
-35
-37
-20
-15
-36
-76
-89
-74
-43
-24
-49
-90
-98
-52
-25
-21
-49
-40
-19
9
35
46
75
120
153
179
226
266
302
341
383
426
437
429
454
481
503
482
454
436
427
431
372
311
237
207
165
116
102
64
66
26
-1
1
1
13
-1
-19
-34
-21
-2
6
4
-5
-27
-53
-58
-71
-84
-97
-134
-157
-200
-240
-274
-314
-339
-346
-355
-366
-358
-354
-349
-340
-329
-312
-298
-271
-242
-225
-207
-208
-198
-176
-137
-92
-75
-71
-75
-54
-7
46
67
69
73
90
119
108
99
100
95
96
96
105
90
61
55
22
10
-2
-19
-33
-51
-65
-76
-98
-121
-107
-112
-109
-144
-163
-159
-122
-87
-92
-97
-108
-85
-89
-71
-57
-51
-48
-53
-33
-24
8
53
80
101
124
143
203
250
292
309
325
341
371
409
415
424
405
407
423
431
405
365
324
301
288
272
225
168
144
122
99
50
-4
-27
-18
-2
-36
-84
-95
-92
-102
-111
-127
-137
-135
-149
-147
-139
-138
-164
-209
-199
-184
-179
-196
-222
-237
-238
-228
-230
-228
-216
-231
-223
-215
-185
-142
-127
-118
-116
-103
-85
-69
-59
-59
-52
-38
-32
-26
-17
-8
9
20
21
21
22
40
53
51
24
12
0
3
20
15
-6
-41
-51
-66
-82
-90
-103
-112
-124
-131
-141
-144
-145
-136
-136
-138
-106
-87
-69
-51
-57
-47
-38
-30
-13
-18
-16
-9
0
21
52
77
94
128
148
164
171
191
224
227
239
252
272
291
290
285
272
285
292
292
275
250
230
227
229
207
174
143
127
118
112
89
70
50
26
-7
-26
-40
-37
-42
-67
-100
-102
-68
-38
-49
-80
-94
-94
-87
-96
-100
-97
-88
-93
-99
-99
-96
-90
-96
-129
-153
-159
-160
-158
-172
-193
-202
-195
-161
-142
-132
-104
-104
-70
-36
-19
-4
5
5
20
23
21
26
13
19
21
29
4
2
-4
-9
-12
-35
-46
-62
-64
-63
-68
-78
-101
-102
-80
-70
-99
-101
-100
-95
-86
-93
-81
-61
-48
-25
1
13
29
32
45
32
45
49
38
36
45
61
69
66
63
72
64
61
55
63
73
88
70
69
83
86
85
72
85
94
104
113
115
126
138
156
159
161
152
164
164
157
150
135
135
125
123
111
108
103
86
84
63
56
48
20
16
14
4
-3
10
1
-23
-37
-42
-43
-35
-41
-63
-68
-77
-78
-62
-74
-90
-109
-124
-117
-113
-116
-129
-152
-171
-173
-163
-144
-129
-131
-136
-112
-95
-62
-45
-42
-48
-54
-35
-21
-23
-36
-37
-46
-36
-23
-25
-18
-29
-37
-35
-54
-67
-78
-88
-83
-87
-85
-88
-80
-63
-61
-54
-41
-42
-2
9
20
24
33
47
36
38
30
28
34
32
47
55
55
55
45
51
59
49
52
37
15
7
0
8
9
-3
-4
-6
2
17
32
46
63
75
90
101
107
137
152
163
162
162
177
183
190
193
185
188
169
150
137
140
118
80
73
75
74
57
27
15
5
-15
-10
-10
0
-27
-37
-37
-46
-40
-47
-67
-94
-103
-118
-118
-120
-121
-135
-151
-148
-144
-138
-139
-130
-128
-122
-135
-135
-126
-131
-129
-126
-118
-108
-95
-75
-69
-57
-36
-44
-34
-39
-29
-25
-35
-35
-49
-57
-51
-50
-49
-49
-44
-43
-27
-20
-18
-13
-14
-14
-18
-19
-29
-5
-3
-19
-28
-9
2
14
23
34
54
63
79
91
109
113
115
109
100
85
85
85
69
46
47
45
30
20
13
13
-7
-7
-4
11
24
32
48
70
76
81
85
84
89
90
105
117
125
121
119
115
118
116
116
110
115
104
88
73
55
44
38
30
24
22
0
-17
-38
-34
-23
-31
-37
-44
-50
-53
-45
-48
-48
-50
-50
-52
-58
-46
-54
-62
-77
-95
-103
-94
-88
-81
-87
-103
-114
-124
-115
-110
-105
-99
-98
-90
-70
-53
-50
-50
-40
-27
-24
-29
-28
-31
-30
-31
-28
-25
-24
-22
-10
-16
-17
-29
-38
-26
-22
-14
-35
-27
-9
-10
5
4
24
45
59
60
65
74
89
105
107
108
113
117
117
114
110
99
81
66
58
61
47
31
16
11
11
-8
-29
-37
-25
-29
-45
-62
-68
-68
-49
-35
-29
-22
-25
-12
4
16
18
11
22
21
23
10
12
19
20
24
8
11
7
20
29
20
14
18
15
11
14
27
22
11
34
49
49
38
35
38
30
42
38
33
27
23
16
20
22
11
10
-17
-20
-24
-34
-60
-78
-80
-75
-71
-78
-82
-87
-72
-68
-68
-57
-50
-39
-26
-11
-13
-6
-6
8
19
8
13
5
-2
17
10
9
9
-2
7
2
-22
-18
-36
-38
-40
-38
-21
-14
-18
-15
-2
-11
5
1
-5
8
12
15
5
14
10
3
-2
-14
1
-13
-14
-24
-20
-23
-41
-34
-36
-37
-34
-45
-49
-40
-35
-29
-42
-44
-41
-35
-18
-16
-6
-3
4
8
22
48
53
62
68
70
80
87
93
96
85
73
68
66
64
69
53
33
27
19
9
13
17
32
32
29
28
29
28
26
31
25
21
20
17
3
1
-8
-7
-10
-15
-16
-35
-25
-36
-53
-53
-53
-55
-55
-48
-43
-42
-32
-26
-18
-16
-23
-6
15
28
39
46
44
49
54
58
49
41
41
41
28
25
10
-17
-20
-33
-36
-48
-52
-50
-49
-52
-63
-59
-58
-58
-60
-74
-74
-66
-55
-40
-35
-40
-27
-23
-11
5
14
22
24
32
24
23
16
20
20
14
4
-12
-15
-21
-6
-5
-2
-7
6
17
21
20
4
12
19
22
28
26
26
27
18
15
30
31
28
29
21
26
24
14
9
15
14
13
1
3
-9
-28
-27
-38
-36
-30
-27
-26
-18
-5
12
21
10
24
31
35
61
66
59
64
63
53
56
47
29
10
30
21
8
8
-1
-1
16
15
15
18
23
37
43
48
46
41
32
36
44
49
54
46
46
48
40
37
19
9
6
-5
-8
-20
-26
-36
-53
-61
-78
-95
-96
-98
-90
-88
-104
-117
-119
-120
-112
-105
-106
-100
-102
-90
-78
-70
-64
-51
-46
-29
-18
-15
-1
4
14
9
12
16
15
17
21
15
4
11
6
12
8
5
24
13
23
27
23
21
11
20
20
19
20
15
10
8
7
6
2
2
17
14
11
12
-6
1
-11
-10
-18
-29
-34
-28
-13
-12
-26
-34
-19
-13
1
2
6
17
20
12
10
5
11
17
13
13
17
34
47
52
57
59
61
62
65
68
68
57
61
64
68
70
76
79
86
85
77
89
88
87
80
87
85
83
73
54
47
39
22
-1
-18
-41
-54
-64
-63
-82
-94
-100
-101
-104
-113
-114
-122
-130
-133
-134
-157
-165
-151
-141
-139
-131
-123
-118
-96
-79
-61
-46
-30
-16
-14
-10
-3
8
21
20
23
16
41
44
48
56
54
66
67
76
81
91
84
87
84
84
90
93
89
81
77
82
82
70
63
53
46
34
25
10
6
-12
-25
-41
-68
-69
-69
-60
-66
-66
-79
-72
-64
-75
-79
-90
-102
-101
-80
-63
-52
-43
-42
-37
-25
-15
-3
0
7
10
18
26
39
42
42
49
42
49
53
69
80
98
112
112
114
118
124
124
129
129
129
129
123
106
107
107
105
95
82
75
64
54
29
15
-3
-26
-41
-61
-66
-73
-81
-85
-106
-110
-113
-137
-143
-155
-158
-158
-163
-161
-158
-134
-124
-118
-100
-91
-81
-64
-55
-51
-46
-21
-10
-10
7
25
26
34
39
38
47
54
68
65
79
85
89
85
90
96
98
102
88
83
81
74
62
50
32
35
21
7
-11
-21
-25
-28
-26
-39
-43
-49
-59
-60
-61
-70
-78
-94
-93
-104
-117
-121
-124
-124
-113
-102
-103
-91
-94
-80
-66
-53
-49
-44
-43
-35
-4
10
22
24
38
53
63
75
87
91
95
101
108
108
110
125
139
140
129
125
131
127
137
134
131
137
137
134
120
103
91
77
70
62
50
34
11
-1
-17
-21
-27
-50
-61
-68
-77
-88
-97
-112
-128
-133
-137
-139
-138
-143
-146
-144
-153
-151
-146
-127
-119
-117
-98
-90
-77
-66
-54
-39
-34
-19
-14
-11
-9
-6
8
23
27
43
55
58
60
69
75
87
86
87
86
85
86
87
88
84
82
69
71
69
51
34
25
21
16
15
15
4
-9
-12
-17
-19
-27
-31
-43
-59
-61
-64
-62
-67
-68
-76
-82
-73
-75
-62
-65
-59
-59
-61
-58
-62
-48
-46
-32
-32
-18
-16
-19
-18
2
14
27
39
49
61
75
88
86
99
99
111
114
115
126
130
140
136
132
132
128
124
110
108
102
94
96
90
78
59
51
42
34
19
5
-20
-31
-42
-55
-75
-84
-90
-109
-116
-132
-130
-134
-132
-138
-144
-139
-143
-142
-138
-127
-118
-110
-99
-91
-98
-85
-68
-53
-36
-32
-15
-5
6
20
28
29
46
61
65
67
78
89
89
92
89
93
91
92
83
75
79
80
76
74
58
39
32
23
22
14
14
3
-6
-8
-17
-17
-30
-46
-47
-63
-61
-60
-65
-66
-75
-87
-86
-92
-92
-84
-87
-74
-81
-82
-75
-68
-65
-51
-43
-36
-18
-14
1
7
25
39
41
52
66
69
87
96
108
112
109
112
119
122
120
126
119
120
113
109
104
99
101
106
102
86
78
65
52
36
9
3
-6
-3
-19
-28
-27
-35
-39
-50
-56
-67
-83
-89
-109
-127
-122
-127
-129
-139
-135
-139
-133
-116
-109
-99
-103
-99
-93
-83
-75
-66
-61
-50
-28
-24
-11
-3
14
20
36
33
36
44
50
65
60
72
74
81
82
71
65
66
66
63
58
57
52
45
39
26
30
21
11
9
8
-4
-17
-25
-35
-41
-54
-57
-68
-74
-77
-91
-86
-91
-82
-80
-79
-75
-77
-80
-70
-68
-61
-44
-49
-47
-40
-26
-16
3
24
42
50
60
64
73
80
79
88
93
97
95
91
96
110
115
107
103
100
108
107
110
107
103
90
90
79
66
58
44
50
41
35
29
23
11
4
-12
-22
-32
-37
-38
-47
-54
-62
-71
-73
-78
-84
-84
-94
-93
-89
-92
-84
-85
-82
-77
-64
-58
-58
-50
-45
-37
-23
-19
-22
-10
-10
-4
4
7
22
33
43
62
60
55
59
55
50
44
34
31
34
29
24
14
6
-5
-2
-10
-13
-19
-27
-25
-24
-31
-46
-51
-65
-59
-68
-70
-71
-70
-70
-64
-62
-69
-73
-85
-95
-91
-89
-87
-68
-65
-59
-56
-45
-34
-30
-17
-11
4
12
16
21
37
41
52
72
78
102
113
119
120
131
138
139
138
136
130
127
126
121
113
112
113
111
113
105
99
99
93
90
90
75
53
40
34
21
12
-7
-14
-25
-26
-35
-42
-42
-62
-56
-73
-80
-76
-89
-82
-82
-91
-90
-89
-97
-99
-107
-111
-104
-100
-92
-89
-82
-70
-66
-62
-52
-32
-27
-21
-6
5
13
6
14
19
30
40
40
37
31
34
37
41
39
43
31
26
20
16
23
22
15
1
-6
-12
-15
-25
-28
-32
-38
-35
-41
-53
-62
-62
-58
-71
-74
-81
-90
-80
-85
-76
-72
-61
-55
-60
-52
-45
-26
-24
-15
-7
5
18
26
30
30
43
54
60
67
63
74
79
86
92
95
109
105
102
116
123
127
127
113
105
98
96
98
91
82
82
78
63
64
56
47
41
38
28
13
10
1
-12
-18
-27
-31
-34
-38
-42
-56
-63
-69
-78
-89
-92
-93
-84
-94
-91
-91
-90
-84
-77
-73
-71
-68
-61
-58
-56
-44
-48
-46
-31
-26
-22
-14
-6
9
5
6
10
6
10
10
7
14
24
26
22
27
30
25
25
26
24
16
6
-5
-15
-12
-21
-25
-21
-31
-23
-21
-19
-22
-28
-29
-40
-33
-42
-58
-47
-57
-63
-55
-55
-51
-44
-41
-36
-25
-22
-13
-16
0
0
2
15
21
39
39
48
52
67
78
71
74
66
73
74
70
76
82
76
80
75
80
81
82
81
78
69
59
58
48
46
37
23
23
18
22
29
22
23
21
21
17
11
15
15
6
-5
-18
-19
-15
-25
-35
-33
-33
-32
-41
-43
-45
-41
-52
-52
-44
-41
-39
-43
-42
-39
-39
-46
-45
-43
-33
-25
-24
-15
-2
-9
-16
-13
-18
-10
-3
5
1
2
2
1
-1
5
3
-2
-7
-9
-12
-14
-14
-20
-22
-32
-35
-35
-29
-36
-28
-28
-18
-23
-38
-33
-42
-33
-32
-30
-30
-28
-27
-29
-26
-35
-23
-19
-17
-12
-18
-14
-13
2
2
2
2
11
23
36
47
54
60
62
63
57
67
68
72
71
71
64
64
64
62
65
61
63
57
63
61
58
48
50
39
29
33
29
33
33
33
24
22
17
17
18
16
3
-3
0
-6
-9
-6
-7
-13
-17
-19
-19
-38
-40
-45
-52
-46
-48
-46
-45
-50
-45
-47
-42
-34
-29
-33
-27
-28
-36
-35
-31
-29
-35
-40
-42
-34
-31
-32
-29
-20
-14
-13
-16
-12
-2
0
-6
-9
-10
-12
-20
-16
-12
-13
-13
-9
-18
-17
-24
-27
-29
-35
-34
-39
-41
-42
-48
-40
-42
-31
-15
-6
0
-8
-12
-15
-10
-9
-18
-8
-6
2
9
-1
4
18
22
31
30
34
49
48
59
67
72
82
71
78
76
76
79
67
73
76
74
74
62
64
49
52
53
46
42
38
33
25
24
18
10
-2
-8
-17
-22
-31
-33
-28
-20
-24
-24
-26
-28
-21
-25
-24
-32
-48
-43
-43
-40
-43
-42
-43
-40
-34
-36
-21
-20
-12
-6
-6
-5
-2
-4
-7
-9
-7
-6
-5
-9
-2
-2
0
9
16
22
16
20
13
17
16
8
0
-1
-4
-3
-3
-7
-10
-19
-17
-23
-28
-29
-34
-38
-38
-34
-41
-49
-46
-44
-55
-63
-65
-60
-62
-58
-55
-53
-58
-58
-61
-53
-52
-53
-46
-37
-29
-24
-19
-15
-4
10
15
24
36
44
58
65
71
66
66
77
73
79
79
81
91
89
85
89
92
93
90
81
87
82
78
73
74
70
66
71
73
66
55
53
43
43
46
40
39
23
9
6
-2
3
3
-6
-9
-8
-12
-27
-28
-41
-39
-42
-40
-38
-45
-50
-57
-51
-55
-53
-55
-57
-61
-59
-55
-51
-43
-35
-22
-16
-14
-13
-11
-8
-7
-3
-4
-7
-7
-13
-20
-25
-27
-23
-23
-24
-31
-24
-30
-35
-33
-48
-36
-34
-39
-41
-48
-45
-37
-34
-38
-39
-41
-35
-26
-23
-28
-25
-23
-12
-11
-21
-29
-39
-24
-23
-22
-10
-12
-9
-12
-13
-4
-3
9
16
19
26
32
37
39
39
38
48
45
50
57
55
59
67
73
79
80
85
90
101
98
92
95
91
90
79
72
61
50
42
36
32
22
18
12
9
2
5
7
8
4
8
-1
-8
-16
-23
-29
-39
-32
-35
-37
-36
-37
-37
-37
-45
-42
-42
-49
-40
-45
-42
-38
-39
-32
-40
-32
-33
-39
-32
-32
-26
-36
-29
-28
-31
-25
-26
-15
-18
-24
-23
-9
-8
-2
-3
-8
-11
-11
-6
-19
-17
-23
-25
-21
-30
-24
-32
-34
-40
-44
-54
-53
-52
-49
-45
-39
-35
-40
-38
-40
-38
-38
-31
-40
-36
-33
-30
-25
-32
-29
-27
-14
-7
2
8
10
27
38
43
54
62
70
70
64
68
73
74
78
83
88
89
89
87
84
88
85
79
81
87
92
85
82
72
65
63
55
51
45
43
40
42
35
30
29
33
32
23
10
-3
-5
-9
-11
-10
-7
-15
-17
-11
-20
-29
-37
-35
-44
-46
-49
-55
-58
-56
-54
-50
-42
-43
-37
-39
-42
-46
-47
-47
-56
-53
-49
-48
-46
-50
-36
-35
-27
-23
-24
-22
-22
-16
-14
-16
-22
-25
-22
-16
-19
-15
-14
-13
-10
-7
-12
-13
-15
-6
2
9
6
-6
-5
-6
-9
-15
-15
-9
-4
-15
-25
-29
-32
-20
-15
-18
-15
-18
-16
-15
-13
-5
-6
4
10
10
25
32
38
40
45
48
51
54
66
70
75
84
77
89
86
91
89
82
85
83
84
81
82
81
70
64
61
48
47
40
27
22
10
5
6
0
3
-4
-7
-12
-16
-16
-25
-25
-32
-30
-33
-40
-38
-38
-45
-41
-46
-49
-55
-64
-62
-68
-65
-64
-68
-60
-62
-55
-54
-48
-40
-41
-34
-27
-24
-21
-15
-15
-12
-5
-8
-14
-7
-15
-28
-35
-34
-26
-32
-27
-21
-22
-14
-21
-22
-34
-25
-24
-26
-25
-29
-27
-27
-25
-24
-21
-24
-18
-19
-10
-1
-1
-8
-6
-10
-6
-1
-4
3
-8
0
0
-2
-1
-5
-2
0
2
4
7
11
17
19
23
26
34
43
44
37
39
42
50
50
52
55
55
62
62
70
70
69
73
66
61
55
57
56
53
48
46
43
40
45
38
33
29
27
28
26
12
9
8
3
-1
-3
-11
-13
-15
-13
-19
-22
-18
-17
-8
-11
-16
-22
-20
-24
-21
-30
-27
-22
-24
-22
-33
-33
-36
-39
-32
-37
-35
-31
-29
-24
-28
-20
-12
-14
-14
-7
-16
-17
-15
-20
-23
-33
-30
-41
-44
-31
-29
-31
-27
-28
-33
-32
-34
-36
-41
-42
-48
-42
-41
-40
-45
-41
-32
-34
-28
-26
-24
-14
-15
-8
-7
-13
-12
-13
-12
-11
-12
-9
-7
3
7
13
14
16
23
25
31
34
35
36
39
42
44
54
57
60
59
59
66
66
75
74
70
78
70
69
75
69
64
63
63
56
48
37
41
42
44
37
33
34
26
31
33
31
36
34
36
31
25
32
23
18
11
6
9
6
5
7
-4
1
-2
-9
-10
-16
-21
-28
-28
-32
-42
-35
-38
-48
-48
-58
-52
-45
-52
-56
-66
-66
-63
-66
-65
-64
-61
-65
-68
-63
-63
-58
-63
-70
-69
-68
-67
-59
-61
-68
-66
-65
-65
-66
-62
-55
-44
-36
-29
-26
-23
-13
-10
-1
4
4
12
16
27
35
35
36
40
37
44
40
39
41
41
34
37
40
38
38
34
37
32
33
30
37
37
46
39
34
34
31
34
34
37
33
34
35
43
39
31
35
27
29
34
37
27
26
26
21
25
26
22
18
25
25
23
17
15
15
12
12
18
20
20
19
13
8
2
2
2
-6
-3
-3
-7
-11
-12
-17
-30
-24
-25
-12
-7
-10
-16
-23
-31
-29
-35
-47
-46
-54
-59
-65
-66
-66
-69
-61
-58
-55
-49
-56
-50
-53
-54
-52
-48
-49
-52
-54
-47
-50
-42
-42
-46
-36
-37
-34
-33
-21
-15
-9
0
7
4
9
13
11
22
22
28
29
30
30
29
28
34
32
35
39
40
44
43
45
41
43
48
49
49
42
42
41
44
46
44
42
38
33
23
27
27
25
33
23
24
21
22
25
23
27
22
26
24
19
20
17
22
18
21
19
11
11
7
9
3
1
-10
-12
-4
-2
4
-2
1
-7
-6
-12
-10
-7
-5
-3
-2
-6
-2
2
0
-5
-9
-14
-17
-14
-26
-25
-24
-28
-28
-29
-30
-28
-33
-38
-35
-41
-38
-46
-43
-45
-43
-39
-40
-31
-33
-26
-21
-21
-25
-23
-24
-23
-19
-22
-21
-21
-21
-12
-14
-12
-12
-6
-10
-5
3
-1
9
1
4
7
-2
10
4
6
6
8
13
10
9
12
17
14
12
4
9
11
13
15
24
21
21
23
18
24
29
31
27
30
23
22
16
15
25
13
21
14
13
21
15
18
14
12
10
17
16
12
21
16
23
22
24
18
9
14
10
6
13
12
23
21
23
25
24
22
23
27
20
19
14
15
8
13
15
15
18
13
6
17
21
14
13
2
-6
-6
-13
-13
-14
-16
-11
-11
-15
-19
-22
-25
-27
-35
-35
-35
-51
-49
-49
-48
-53
-50
-51
-48
-49
-51
-50
-44
-41
-47
-44
-42
-41
-41
-44
-40
-37
-38
-31
-31
-24
-20
-16
-12
-15
-14
-10
-8
-5
-2
1
8
13
14
11
13
16
12
20
19
21
22
17
25
20
19
17
22
25
22
18
17
23
16
18
20
20
11
13
18
14
14
12
11
18
19
20
25
26
24
22
30
27
26
24
23
22
15
18
9
18
7
3
3
2
5
7
6
9
9
7
15
16
27
21
23
19
25
25
18
18
12
8
1
0
3
4
0
4
-1
0
-2
0
-3
-10
-14
-26
-31
-36
-35
-40
-41
-43
-48
-46
-47
-47
-47
-49
-49
-47
-45
-39
-37
-35
-43
-35
-29
-30
-28
-27
-24
-22
-22
-20
-15
-18
-14
-16
-10
-12
-11
-9
-7
-7
4
7
8
8
15
11
9
5
12
25
27
30
27
33
41
43
45
48
46
43
37
37
35
34
35
37
33
25
26
25
20
20
18
12
20
25
23
25
20
28
19
14
12
10
16
12
19
14
13
18
19
18
20
19
20
17
13
12
9
8
7
11
7
6
0
3
1
6
3
8
9
11
12
8
7
4
2
-6
-7
-12
-10
-13
-9
-13
-19
-20
-19
-20
-23
-23
-16
-21
-25
-34
-36
-33
-38
-44
-47
-47
-47
-40
-45
-46
-47
-39
-42
-36
-42
-45
-37
-45
-38
-42
-38
-34
-33
-30
-31
-16
-25
-25
-18
-18
-14
-12
-11
-4
1
-3
4
2
11
14
13
16
17
22
16
19
20
28
28
19
22
26
28
29
30
22
22
21
29
31
32
30
29
33
27
24
27
28
30
22
25
25
30
23
23
24
23
28
22
27
23
24
22
18
19
20
18
16
11
6
4
4
1
-1
0
-8
-7
-3
2
8
9
6
-3
-3
0
-9
-6
-8
-13
-5
-9
-13
-14
-23
-16
-15
-7
-10
-8
-2
-10
-15
-16
-17
-18
-19
-23
-26
-24
-28
-23
-29
-30
-32
-31
-32
-32
-32
-35
-41
-38
-42
-46
-44
-45
-41
-43
-32
-36
-34
-33
-27
-22
-20
-17
-13
-12
-9
-11
-9
-3
-10
1
0
7
12
12
22
12
17
24
27
26
28
30
32
37
36
46
44
44
47
37
46
49
48
47
41
44
41
40
38
37
36
36
37
36
32
22
23
20
12
10
4
2
-3
-9
-8
-6
-12
-14
-15
-8
-6
-7
2
1
-2
-13
-19
-14
-13
-11
-7
-5
-4
-13
-12
-8
-9
-7
-6
-6
-13
-13
-12
-10
-11
-14
-17
-17
-15
-8
-9
-14
-19
-15
-15
-9
-10
-8
-11
-16
-10
-15
-10
-14
-18
-17
-21
-13
-16
-16
-17
-17
-17
-14
-13
-11
-10
-4
-5
-4
-4
-6
0
-7
-6
-4
-1
-1
6
10
10
7
13
19
19
23
15
17
19
19
23
26
23
24
30
31
34
32
29
30
21
25
22
26
19
11
10
-4
-1
-2
7
5
2
6
9
14
3
4
0
0
2
-1
-1
0
1
-1
0
-7
-8
-6
-4
-13
-15
-8
-6
-4
-6
-5
-6
-5
-3
-1
-3
-3
-1
-7
-7
-8
-6
-9
-11
-8
-6
-4
-2
-2
1
-3
-2
-4
-3
4
10
9
15
12
7
3
-8
-12
-17
-19
-19
-20
-20
-23
-25
-30
-26
-30
-25
-22
-19
-19
-14
-16
-15
-17
-21
-24
-29
-23
-26
-16
-23
-17
-14
-10
-8
-3
-4
-6
6
9
5
6
6
15
17
17
18
15
16
23
17
24
25
25
24
10
18
7
6
5
9
7
5
8
10
8
11
6
15
21
17
16
10
7
2
14
8
10
0
-5
-5
-4
-9
-9
-8
-1
2
-1
1
-3
1
0
-1
-1
-6
-3
-8
-9
-10
-14
-9
-9
-4
-3
0
-2
1
7
13
16
21
22
19
19
16
18
23
14
15
22
21
22
18
19
19
20
18
14
15
9
7
11
6
0
-2
-2
-3
-7
-7
-11
-16
-15
-26
-25
-32
-29
-25
-25
-26
-28
-29
-30
-31
-36
-35
-34
-31
-30
-29
-30
-25
-26
-20
-22
-23
-25
-22
-21
-25
-19
-18
-17
-16
-9
-2
-3
-8
-2
-4
-3
1
9
12
18
25
22
20
20
21
22
19
22
25
19
23
21
22
21
25
23
22
23
24
32
30
25
19
21
24
23
27
21
20
12
14
12
7
11
10
14
17
10
13
12
12
9
-2
1
-11
4
1
-5
-4
-9
-6
-6
-3
-3
1
6
10
5
6
5
7
9
6
7
9
4
2
-2
-2
-2
1
0
-6
-5
-7
-11
-14
-14
-17
-12
-13
-16
-18
-14
-17
-17
-9
-12
-13
-22
-21
-25
-28
-31
-35
-36
-28
-23
-28
-19
-24
-22
-16
-23
-14
-13
-10
-4
-8
-2
-3
-3
-4
-1
2
1
6
10
7
10
10
11
12
10
14
17
9
9
9
11
11
10
8
7
7
-1
7
12
11
3
-2
1
4
1
3
4
-1
2
-1
4
9
11
11
11
19
11
17
22
18
30
26
23
16
6
9
13
13
12
15
20
22
18
19
12
9
6
8
7
2
6
6
5
10
6
2
-1
-4
-3
-6
-2
2
-3
-4
-10
-5
-7
-11
-13
-13
-19
-20
-13
-19
-17
-25
-26
-24
-25
-27
-27
-31
-25
-20
-26
-25
-27
-26
-32
-33
-37
-42
-45
-45
-37
-34
-37
-32
-32
-28
-17
-16
-10
-12
-7
-4
-7
-13
-10
-12
-7
1
3
14
18
16
22
24
27
30
28
34
31
36
38
37
40
42
43
45
42
44
33
24
24
20
19
15
11
16
15
14
12
16
15
13
13
16
17
13
17
10
13
6
6
1
-6
-1
0
5
6
6
6
7
11
10
10
10
6
9
4
4
8
8
6
5
6
-5
-7
-3
-7
-10
-5
-5
-4
-5
-11
-12
-13
-15
-11
-15
-12
-13
-10
-9
-14
-16
-18
-22
-23
-31
-32
-33
-29
-28
-37
-31
-28
-30
-27
-32
-33
-27
-24
-25
-27
-27
-31
-20
-23
-25
-20
-21
-17
-18
-12
-10
-12
-13
-4
-3
-5
3
5
3
2
10
5
13
24
33
31
37
35
30
30
33
28
30
36
34
31
31
34
35
39
33
38
38
33
34
33
36
33
31
25
25
18
15
13
9
10
11
17
5
4
-3
-4
-2
-11
-6
-6
-9
-8
-15
-17
-14
-10
-10
-17
-14
-14
-12
-13
-17
-14
-11
-15
-16
-14
-17
-12
-6
-5
-9
-7
-6
-9
-4
-6
-1
-1
-6
-3
0
-2
4
4
0
3
6
8
5
7
6
2
-4
-3
-3
-4
-9
-8
-14
-13
-9
-7
-10
-13
-14
-14
-11
-15
-12
-12
-8
-13
-15
-11
-16
-17
-14
-18
-13
-14
-10
-9
-13
-7
-2
-5
-2
2
-2
2
-2
-6
-3
-2
0
3
-2
-4
-2
-3
-7
1
3
4
3
3
4
6
10
14
16
18
19
18
18
14
11
14
10
7
13
13
13
9
7
7
4
8
4
0
1
2
6
1
8
11
10
3
3
5
-2
5
7
1
2
3
7
5
2
0
-2
-6
-5
-1
-4
-12
-9
-10
-8
-10
-13
-12
-8
-4
-8
-10
-11
-9
-11
-5
-3
0
-4
-1
4
3
6
8
9
5
3
10
12
11
12
5
12
12
11
8
2
4
2
-1
-7
-1
-3
-5
-13
-20
-18
-23
-23
-23
-19
-21
-17
-13
-14
-11
-5
-6
0
-10
-10
-10
-16
-7
-7
2
2
3
9
6
7
10
6
10
18
10
18
14
12
17
10
14
8
12
15
12
18
22
19
23
21
19
12
8
11
8
7
9
11
7
11
13
9
11
6
3
-4
-9
-7
-5
-8
-10
-12
-9
-9
-9
-11
-8
-4
-7
-8
-7
-9
-8
-4
-8
-7
-6
-1
-4
-4
-2
-4
-8
-9
-9
-12
-15
-16
-8
-7
-9
-6
-7
-6
-6
-6
-2
-1
0
0
-3
0
10
5
-1
1
-2
0
1
5
3
-2
3
1
1
-2
-1
-3
-3
-7
-6
-4
-1
1
-4
1
8
6
9
3
-3
-6
-4
-7
-9
-14
-11
-11
-7
-5
-8
-2
-6
-4
-8
-9
-8
-1
-2
4
3
4
4
0
6
-4
-4
0
-1
0
1
5
10
9
18
18
18
15
15
18
21
12
16
18
17
18
12
10
7
6
4
7
4
3
2
-1
-2
-5
-3
-3
-2
-2
-2
5
3
5
2
3
5
9
11
6
3
5
3
0
0
0
3
-2
7
7
1
3
7
9
12
12
15
11
10
10
19
18
8
12
6
8
0
-3
-3
-11
-6
-13
-12
-18
-11
-13
-15
-8
-9
-10
-16
-8
-17
-15
-17
-23
-18
-22
-22
-20
-19
-15
-12
-13
-12
-14
-6
0
-2
-2
-5
-12
-12
-10
-10
-6
-7
-9
-7
-6
-6
-2
-2
-8
-8
-9
-4
-1
-2
-5
-8
-7
-6
-7
-3
-1
-3
-2
3
4
5
5
4
0
-3
-1
-11
-10
-8
-10
-2
-3
2
10
10
17
18
19
21
20
21
19
12
4
3
9
1
0
-3
-4
1
3
0
2
-2
-1
0
1
5
5
8
6
7
6
7
4
4
6
0
-5
-7
-8
-10
-5
-3
-7
-1
-4
-4
1
1
9
9
10
6
4
7
7
6
5
3
-1
5
8
11
6
3
-5
-6
-8
-4
-2
-9
-3
-11
-13
-20
-26
-24
-21
-15
-14
-12
-12
-10
-11
-11
-7
-5
-11
-10
-4
-4
-2
-5
6
9
5
7
0
2
6
13
18
19
21
23
25
28
27
28
35
29
30
28
25
26
26
27
27
25
29
31
30
27
23
20
21
21
14
12
12
3
2
-1
-14
-14
-18
-21
-21
-19
-16
-15
-19
-22
-17
-10
-18
-17
-15
-22
-15
-15
-16
-14
-13
-12
-14
-16
-17
-11
-7
-4
-5
-5
-10
-16
-14
-16
-17
-12
-13
-11
-11
-10
-4
-5
-3
-2
-5
-3
-1
0
0
1
-3
1
5
2
4
3
2
5
7
6
7
5
2
-2
-1
2
4
9
8
8
5
5
8
7
9
7
-1
-1
-4
3
2
0
-5
-6
3
0
2
4
2
5
-3
-4
-9
-11
-5
-5
-5
0
7
8
8
1
0
2
4
3
3
8
1
4
4
3
0
-1
-4
-6
-4
-4
0
2
4
7
8
7
10
8
10
5
6
0
0
-5
-11
-12
-18
-11
-4
-3
-1
-5
-3
-10
-1
-6
-11
-6
-8
-5
-11
-2
0
-3
-8
1
-1
-5
-8
-10
-10
-18
-16
-11
-13
-8
-11
-7
-4
-7
-1
3
-4
3
0
0
-3
-4
5
0
1
-2
-6
-4
-3
3
4
9
8
1
4
4
10
9
10
11
6
9
12
15
15
14
15
18
18
14
9
6
5
4
6
3
4
8
8
10
14
15
11
15
13
6
2
0
1
-3
-7
-9
-7
-8
-5
-10
-5
-4
-6
1
-5
-6
-6
-9
-3
-2
-9
-10
-11
-16
-12
-8
-9
-6
-6
-5
-7
-2
-8
-4
-7
0
-2
-7
-2
-4
-2
-1
5
1
1
-3
1
5
1
-1
-3
-8
-3
-4
-5
-3
-2
4
5
0
-3
-2
-3
-2
2
4
2
5
-2
-5
2
0
0
-3
-1
1
-4
1
1
1
2
-3
-2
1
6
7
6
2
4
3
9
7
7
15
16
22
20
19
15
20
16
19
16
13
9
9
10
13
15
13
12
11
9
10
13
14
12
5
7
4
5
3
-1
1
0
-2
1
-4
1
-2
-5
-5
-11
-10
-8
-9
-9
-14
-14
-18
-18
-14
-16
-13
-15
-18
-16
-12
-9
-7
-4
-6
-10
-11
-10
-11
-15
-17
-16
-9
-8
-3
-1
-3
3
-1
3
-9
-7
-3
-4
4
0
5
5
10
8
16
8
7
6
3
6
6
7
6
6
-1
1
-4
-10
-5
-4
-3
-4
-8
-10
-8
-8
-11
-11
-15
-11
-8
-8
-6
-8
-11
-11
-10
-7
-6
-10
-13
-14
-9
-5
-1
0
1
2
2
4
4
6
7
2
3
6
6
10
8
12
11
11
18
16
18
18
14
11
17
10
13
10
7
7
5
8
9
4
1
3
5
6
8
7
7
-2
0
-5
0
-3
-7
-1
-2
4
7
7
-1
3
2
-3
-7
1
-2
-3
-10
-10
-10
-14
-10
-12
-2
5
0
6
3
4
1
4
4
2
1
0
4
2
2
-1
-4
-9
-8
-8
-8
-5
-6
-7
-7
0
1
-5
-3
-10
-13
-12
-9
-7
0
-2
-5
-4
-5
-10
-8
-9
-8
-5
-8
-11
-16
-13
-15
-16
-17
-19
-15
-7
-6
-4
-7
-9
-6
-9
-5
-9
-11
-15
-17
-17
-16
-11
-7
-3
-2
3
9
10
13
14
13
17
15
22
14
20
17
16
16
16
18
14
22
18
14
15
10
11
11
8
8
10
17
12
11
15
15
13
15
14
14
15
17
23
22
18
16
13
10
8
7
8
5
4
2
-1
0
2
7
11
10
9
9
8
9
3
4
4
2
-2
-4
2
-4
-3
-4
-7
-6
-7
-6
-12
-11
-12
-11
-5
-10
-4
-10
-9
-5
-6
-3
-7
-8
-12
-12
-15
-18
-13
-14
-14
-11
-13
-18
-20
-19
-13
-17
-10
-4
-5
-2
-6
-4
-4
3
-4
-5
-6
-5
-2
-8
-5
-1
-5
-2
1
-1
7
3
6
3
1
4
-4
-3
2
-2
0
0
-3
-4
-4
-5
-5
-7
-7
-10
-2
1
1
3
4
6
0
6
6
11
16
14
16
12
12
10
9
10
7
3
6
8
2
8
10
10
12
8
10
11
5
8
4
4
4
-1
-4
-5
-7
-3
-5
-6
-6
-6
-4
-3
-4
-5
-3
-5
-3
-4
-1
0
-2
1
-1
-2
-5
-5
-9
-11
-14
-14
-12
-14
-13
-14
-19
-23
-24
-26
-22
-22
-19
-16
-12
-12
-11
-8
-2
-4
-1
-2
-2
1
-1
0
5
6
3
6
3
8
9
14
20
19
15
13
16
20
20
19
20
16
12
9
10
9
6
1
7
10
8
12
8
14
13
13
16
14
14
13
15
3
8
9
0
-1
-11
-9
-12
-10
-13
-9
-2
0
-1
-7
-3
-6
-8
-4
0
-3
-8
-10
-12
-13
-16
-20
-11
-6
-8
0
-2
-5
-2
1
-2
1
-2
2
4
4
8
7
2
3
0
2
0
1
-4
-5
-4
-16
-10
-11
-14
-17
-11
-13
-10
-5
-5
-1
3
7
8
13
14
18
15
8
7
3
3
1
3
5
8
7
12
7
10
12
9
9
5
9
6
3
-1
-2
-5
-3
-4
-9
-7
-4
-5
-1
-1
3
-5
-1
-3
-7
-7
-11
-2
-7
-3
4
0
5
0
-1
1
1
-1
-6
1
-4
-4
-5
1
-2
1
-1
-6
-1
-3
-4
-2
-1
-1
1
5
9
4
0
-1
-1
-4
2
-1
1
0
2
-3
-2
-1
-1
5
7
2
7
7
9
11
6
14
13
9
15
12
16
15
12
12
7
8
3
-4
-9
0
1
-1
0
-1
1
0
5
3
3
-4
-1
-3
-2
0
2
3
6
1
-10
-6
-11
-7
-7
-9
-7
1
6
6
2
0
5
3
2
5
-2
6
3
-3
3
-2
-5
-7
-6
-4
-8
-5
-5
-6
-4
-5
-9
-8
-11
-11
-12
-9
-5
-3
-4
-4
-9
-15
-12
-12
-13
-14
-14
-12
-12
-12
-7
-6
-9
-6
-3
-5
-2
2
-1
1
3
-5
-1
-1
1
-2
7
3
3
10
8
5
7
8
7
8
3
5
2
3
7
11
14
10
8
9
6
2
2
1
-5
-3
-4
-3
-4
3
6
6
6
3
7
9
8
6
3
5
2
-2
-2
-2
-10
-3
-7
-1
7
2
6
-2
6
6
2
2
0
0
3
4
0
-1
-1
-1
-1
-3
-3
-3
-14
-17
-14
-8
-4
-5
-5
-2
-1
-2
2
-4
1
-2
-3
-1
-8
-4
-7
-2
-4
-8
-9
-9
-6
-15
-18
-13
-12
-15
-10
-9
-12
-9
-2
-2
2
0
-1
-1
0
0
2
1
2
6
7
14
7
12
11
11
9
9
12
7
10
9
10
12
13
10
10
3
0
6
5
8
10
6
7
6
2
1
-4
-6
1
2
1
7
11
17
21
21
17
16
17
9
11
9
5
-1
2
3
1
-5
-7
-5
-1
-3
-3
-6
-8
-4
-3
-2
-5
-6
-8
-6
-6
-5
-10
-4
-4
-2
-3
-3
0
1
4
-1
3
-1
3
3
1
2
3
5
6
7
4
5
11
7
9
4
6
6
1
-2
-6
-2
-2
-7
-6
-7
-5
-7
-8
-13
-10
-9
-13
-9
-8
-6
-7
-9
-7
-5
-7
-4
-5
-13
-16
-15
-8
-8
-5
-11
-8
-5
-3
0
0
4
4
6
7
5
3
4
5
6
-1
4
-3
-2
-4
-7
-4
-4
-5
-3
0
1
13
11
13
10
9
6
-1
2
0
-3
-4
-3
-3
1
-1
1
5
1
2
2
3
3
3
2
0
4
3
5
6
1
5
-1
2
0
-2
-2
0
3
3
6
1
-1
3
2
1
1
-2
-4
-7
-7
-13
-8
-9
-9
-10
-5
-9
-10
-12
-8
3
1
3
1
5
10
7
5
7
5
5
10
8
9
4
0
2
2
8
5
-2
4
5
2
3
4
2
0
-5
-9
-8
-6
-4
-1
-5
-4
-5
0
-3
0
5
3
8
3
10
3
6
3
5
8
4
6
5
7
4
9
10
9
9
2
1
-3
-8
-9
-10
-8
-8
-3
-3
-2
-2
-1
0
-4
-6
-6
-3
-5
-7
-10
-9
-9
-10
-16
-15
-15
-17
-13
-18
-14
-16
-18
-15
-12
-12
-11
-8
-15
-14
-11
-11
-9
-7
-5
-10
-3
-3
4
-1
4
4
3
5
3
-1
-2
3
5
3
-3
0
-3
2
-1
4
8
10
10
12
12
9
13
15
13
10
11
13
14
15
15
13
13
9
10
11
9
12
12
16
11
14
16
12
20
17
22
18
18
22
15
14
6
9
3
3
5
2
5
2
0
5
4
2
3
2
4
-1
-2
-2
1
2
-4
-6
-3
0
-5
-6
-6
-2
-7
-5
-6
-9
-11
-8
-6
-8
-4
-3
-1
-2
1
0
-1
-1
-6
-5
-10
-14
-8
-10
-12
-14
-14
-18
-17
-16
-15
-13
-8
-4
-3
-1
-5
-3
-4
0
-6
-3
1
-2
-3
-3
-6
-8
-9
-6
-9
-7
-4
-5
-1
3
9
10
14
12
8
10
8
6
4
2
5
8
5
6
0
-1
0
-4
-2
-6
-4
-2
-3
-3
-4
-6
-6
-11
-7
-7
-9
-12
-9
-6
-9
-5
-6
-2
-4
-6
-5
-3
-5
-6
-4
-3
2
3
8
13
21
23
21
16
16
12
13
10
7
12
14
12
12
12
17
15
11
11
9
5
5
7
6
13
9
10
9
7
8
4
0
-3
-9
-7
-8
-11
-8
-9
-5
-10
-9
-11
-10
-12
-8
-12
-14
-6
-3
-5
-6
-5
-5
-5
-5
-8
-7
-7
-11
-15
-9
-5
-9
-7
-4
-3
-4
-4
-3
-2
-1
