SAMPLES:	16462
BITSPERSAMPLE:	16
CHANNELS:	1
SAMPLERATE:	16000
NORMALIZED:	FALSE
7
10
13
9
8
9
-2
2
-2
4
4
1
-1
-4
-8
-7
-7
-9
-6
-14
-11
-7
-11
-12
-7
-11
-12
-7
-14
-11
-13
-12
-9
-7
-8
-10
-6
-9
-10
-11
-9
-8
-3
-3
-5
-12
-9
-11
-10
-8
-16
-9
-4
0
-2
-3
3
2
3
5
-1
-4
-4
-1
2
2
1
-5
-2
1
0
-2
4
4
2
9
4
8
-2
-5
-5
-6
-9
-4
5
-6
-4
-2
3
7
9
12
12
13
12
8
13
15
19
20
15
16
17
13
13
11
10
15
8
8
13
11
13
9
13
15
11
17
12
18
13
12
9
7
10
6
5
7
8
11
4
2
10
9
7
7
3
-4
1
0
0
-5
-9
-4
-10
-8
-13
-15
-15
-13
-10
-7
-8
-5
-6
-13
-12
-13
-10
-11
-12
-10
-5
-5
-3
-10
-9
-4
-8
-2
-3
-4
-2
0
-2
-5
-3
-3
-2
-7
-6
-6
-6
1
-4
-1
-1
2
0
3
-3
3
6
3
9
11
16
10
7
6
5
1
3
8
6
6
4
5
8
10
12
12
6
4
4
1
1
4
0
-3
-3
4
6
-1
0
-1
6
3
3
-2
-3
-3
-3
-7
-7
-5
-9
-11
-13
-15
-15
-13
-14
-8
-14
-12
-8
-12
-10
-10
-12
-11
-12
-5
-5
-9
-11
-9
-4
-10
-7
-5
-2
-2
-9
-5
-1
-4
-5
-8
-6
0
4
1
3
2
3
6
2
4
1
4
3
-4
0
3
0
1
1
-3
-1
3
2
-3
2
-2
1
4
4
3
-2
5
5
-2
5
8
14
9
9
14
8
13
10
8
10
4
3
1
7
11
5
6
9
7
2
6
4
2
-1
0
-6
-7
-4
-9
-5
-6
1
1
-1
-5
-5
-1
-6
-8
-5
-10
-9
-4
-10
-5
-6
-10
-11
-8
-6
-5
-7
-10
-11
-9
-11
-12
-7
-3
-3
2
2
1
6
2
2
-5
-1
-1
1
-1
2
2
5
5
0
-7
-8
-5
2
3
2
8
5
9
9
9
13
18
22
25
18
20
19
16
7
9
11
6
11
8
10
6
7
2
4
7
4
4
8
5
3
0
4
3
1
2
4
0
-6
-4
-3
-12
-9
-8
-8
0
-8
-2
-6
-2
0
0
-5
-8
-3
-8
-14
-11
-8
-6
-5
-6
-2
-3
-5
-6
-3
-1
0
1
-5
-9
-7
-8
-8
-9
-8
0
-2
-6
-6
-4
-12
-13
-4
-11
-9
-5
-6
-5
-2
-13
-3
-3
-3
2
4
-1
-1
5
4
6
8
10
9
11
9
16
17
8
9
14
5
7
8
7
9
1
8
7
5
7
3
7
9
5
6
2
10
15
8
7
10
9
10
8
6
5
1
6
1
-4
5
2
-1
4
4
1
3
3
3
7
4
8
2
5
1
6
7
-4
-2
-2
-4
-11
-4
-6
-9
-9
-5
-6
-7
-7
-4
-7
-9
-10
-15
-13
-9
-10
-12
-9
-13
-13
-9
-9
-12
-6
-6
-4
-5
-7
-8
-3
-4
-4
-4
-2
-2
-5
-1
-9
-6
-4
-5
-5
-7
-10
-11
-7
-9
-1
0
3
1
5
7
5
7
1
0
2
4
1
5
8
6
5
8
1
1
1
1
7
2
3
-4
-2
-3
-6
-6
-3
-6
-7
-2
-6
-1
-3
-4
-1
-2
1
1
0
2
-2
3
2
5
6
7
9
11
17
13
17
15
11
13
12
8
8
8
6
10
11
8
5
3
7
-2
-2
0
-1
7
5
0
0
4
7
-1
3
4
-3
-5
-8
-9
-6
-8
-10
-4
-4
-6
-2
-1
-9
-4
-5
-4
-13
-11
-6
-11
-7
-5
-6
-13
-8
-9
-13
-9
-10
-9
-6
-2
-4
-4
-5
3
1
-5
-2
-3
3
-3
0
1
-2
-5
-4
-8
-7
-6
-7
-8
-8
-5
-6
0
-4
-12
-7
-5
-9
-16
-15
-10
-8
-6
-7
-1
-4
-1
-3
8
4
3
4
8
11
5
5
6
10
8
11
10
12
12
13
11
7
10
19
18
17
18
17
22
17
14
8
13
17
10
11
11
13
14
12
14
15
9
12
8
4
6
6
8
5
1
0
4
3
-4
-2
5
0
0
-1
-2
-1
-3
2
-3
-7
-3
-5
1
-2
-8
-5
-7
-7
-5
1
0
0
0
1
-1
-6
-4
-8
-5
-4
-8
-15
-12
-12
-7
-3
-5
-5
-5
-6
-2
-7
-5
-2
-5
-4
4
1
5
12
9
6
9
12
3
7
4
1
-3
-5
2
6
3
5
0
1
0
-5
-2
-3
-12
-7
-10
-10
-6
-7
-6
-10
-9
-6
-8
-10
-7
-7
1
-5
-2
-3
-1
-2
-4
1
-7
-4
-8
-7
-8
-3
-7
-8
-1
-2
-8
-6
-6
-3
-2
-8
-10
-6
-4
-2
-2
2
1
4
4
5
6
2
2
3
2
0
-1
0
-6
-1
-3
1
2
1
4
3
9
8
4
6
10
5
4
8
6
9
4
6
5
8
6
3
3
3
-1
-4
4
6
6
8
4
5
8
4
6
4
0
6
6
0
0
0
3
1
-2
2
2
2
6
2
0
3
-4
-3
0
2
-2
-2
-3
-9
-8
-10
-13
-12
-4
-7
-11
-7
-4
-7
-10
-9
-10
-11
-10
-4
-2
-5
-1
-4
-3
-3
-6
0
3
0
-1
-1
1
-7
-10
-8
-8
-7
-12
-10
-11
-9
-11
-5
-6
-8
-2
-2
2
-3
2
4
0
-4
-2
-2
-1
-3
-3
-1
-5
-5
-3
0
2
8
12
13
4
8
14
14
10
11
10
16
9
9
12
13
17
7
12
14
12
13
5
9
15
6
11
10
10
11
9
9
6
6
1
4
4
9
9
9
13
2
0
7
5
7
3
4
-6
-3
2
0
-5
-5
-6
-12
-12
-10
-9
-6
-8
-10
-6
-9
-6
-10
-8
-9
-6
-5
-7
-12
-6
-2
-7
-11
-9
-7
-6
-4
-4
-3
-4
-1
-3
-9
-9
-5
-7
0
-4
-7
-1
-4
-2
-4
4
2
-2
-3
-6
1
4
5
8
10
10
10
11
12
11
11
14
15
16
12
15
13
10
8
8
13
14
18
15
16
10
13
6
10
12
12
11
5
6
3
7
1
4
8
4
-2
3
3
-1
3
3
8
-1
-1
3
-4
-9
-10
-6
-12
-14
-17
-12
-13
-15
-17
-16
-12
-18
-8
-11
-15
-7
-5
-13
-14
-9
-10
-13
-14
-15
-13
-16
-16
-17
-16
-14
-20
-15
-18
-14
-12
-19
-12
-10
-11
-8
-10
-8
-11
-4
-8
-11
-7
-5
-1
2
1
-3
-5
-1
2
2
4
2
1
5
7
7
7
4
1
-2
9
4
0
11
9
10
2
6
11
8
8
12
10
13
13
14
12
11
12
12
9
5
4
8
5
2
5
0
1
6
5
12
13
12
15
13
17
16
23
22
13
20
16
10
10
6
10
3
9
8
3
1
-4
-3
-6
-3
-5
-8
-10
-9
-10
-10
-2
-12
-9
-2
-7
-9
-5
-2
-4
-5
-3
-4
-2
0
1
-4
-3
-2
-4
-7
-7
-2
-4
-5
-10
-6
-9
-10
-10
-12
-16
-16
-15
-14
-15
-6
-11
-15
-16
-19
-10
-18
-17
-12
-14
-14
-5
-4
-13
-11
-5
-6
-5
-9
-6
-4
10
4
7
6
7
10
10
10
6
7
1
4
2
0
-2
6
8
12
12
10
13
7
7
5
6
9
12
10
12
9
12
11
10
16
19
21
21
26
24
14
19
15
12
10
15
7
14
13
6
11
9
9
8
7
1
1
-1
3
1
-2
1
-3
0
1
2
-5
-2
0
-1
-4
-8
-4
-4
0
-2
-4
-1
0
-1
-1
-9
-9
-5
-10
-3
-4
-11
-7
-3
-6
-6
-5
-4
-1
4
-4
-7
-5
-5
-2
-6
-3
-4
-9
-11
-6
-7
-4
-4
-9
-7
-6
-6
-4
-6
-2
3
-2
-3
-7
-1
1
-8
-5
0
-6
-7
-5
-3
-11
-6
-4
-11
-4
-9
-5
-6
-3
2
-5
2
2
3
1
1
4
2
-3
0
5
-2
1
0
-3
1
2
-1
-3
2
-5
-2
-1
-2
-4
-7
2
-2
-5
-2
0
-1
-2
-5
0
-1
-1
5
5
2
-3
0
3
4
6
6
7
11
9
11
11
6
7
6
5
6
3
1
2
-2
-7
3
-2
-8
2
-3
0
2
1
7
7
10
10
1
2
-2
1
6
2
0
-1
-3
-4
1
-5
-2
-3
5
0
-4
0
2
1
1
2
-3
4
-1
-2
6
0
5
2
1
4
-4
1
2
-2
-1
-1
-3
2
-2
-3
-6
-3
0
3
2
-4
-5
3
-1
-3
2
-7
-1
1
2
2
-2
6
4
-3
-8
-4
-1
-7
-5
-5
-1
-4
-3
-3
-1
0
0
-4
-7
-4
-13
-17
-13
-13
-13
-10
-11
-9
-12
-5
-3
-6
-7
-8
-8
-10
-13
-10
-3
-7
-5
-2
-5
-2
1
7
5
9
3
6
14
11
13
14
14
13
8
12
10
9
8
8
16
10
12
7
11
11
4
2
3
4
-1
2
2
5
0
-2
-5
1
1
-2
0
-2
6
2
3
4
1
4
8
2
6
7
8
10
5
7
1
4
5
-2
-3
-2
-2
-1
-3
2
-2
0
8
-2
2
5
0
9
5
8
11
15
24
15
26
26
27
30
28
24
18
20
11
2
-9
-9
-21
-35
-43
-53
-61
-66
-73
-77
-78
-81
-87
-78
-71
-74
-62
-57
-51
-34
-29
-12
-1
4
12
13
25
34
46
57
63
68
75
79
83
87
100
100
99
97
102
98
98
99
91
91
77
74
71
58
50
41
35
28
12
0
-17
-23
-39
-55
-66
-71
-79
-90
-102
-113
-120
-125
-124
-124
-123
-124
-116
-111
-99
-96
-87
-80
-69
-58
-45
-29
-16
0
9
20
27
41
51
66
72
79
87
98
100
97
102
100
101
103
97
96
91
82
73
57
47
38
29
16
6
-12
-27
-44
-53
-66
-80
-86
-98
-111
-115
-122
-121
-126
-132
-125
-118
-112
-105
-98
-85
-82
-65
-50
-46
-34
-20
-7
5
6
19
34
43
53
65
70
79
91
92
110
106
113
113
112
110
109
107
103
102
88
78
75
63
52
45
32
28
13
1
-6
-20
-31
-35
-43
-54
-62
-67
-67
-83
-85
-80
-83
-80
-82
-76
-70
-65
-53
-51
-42
-38
-29
-28
-21
-8
-8
-13
-4
2
3
9
16
22
26
34
38
38
43
40
40
41
37
36
38
35
30
34
30
33
31
29
32
28
27
22
22
13
24
22
23
27
30
32
38
47
48
57
59
62
69
74
64
64
59
48
28
21
5
-19
-35
-60
-76
-101
-119
-143
-162
-173
-193
-197
-199
-204
-196
-198
-189
-174
-163
-147
-125
-103
-86
-64
-37
-10
11
41
59
83
107
124
143
153
152
152
149
142
142
134
117
109
92
73
51
31
11
-8
-24
-45
-64
-83
-99
-115
-126
-140
-151
-157
-162
-165
-159
-158
-161
-151
-142
-125
-107
-85
-62
-37
-11
18
57
95
133
165
203
240
282
332
382
441
484
528
569
614
659
699
724
734
745
741
714
678
629
560
478
368
252
135
14
-114
-248
-389
-512
-635
-750
-857
-948
-1020
-1081
-1123
-1159
-1175
-1169
-1150
-1120
-1075
-1018
-949
-875
-797
-705
-613
-515
-422
-328
-220
-108
2
108
208
314
418
514
615
702
793
867
928
977
1030
1071
1095
1116
1112
1095
1066
1023
965
892
811
715
595
473
348
226
97
-29
-153
-276
-387
-497
-588
-669
-737
-793
-843
-878
-910
-919
-925
-923
-907
-880
-851
-808
-758
-703
-642
-577
-499
-429
-346
-263
-178
-89
-16
65
145
219
282
345
409
452
489
523
540
565
572
585
589
581
569
555
536
510
493
466
450
423
408
388
375
365
352
366
379
396
425
455
494
528
560
590
607
609
611
588
541
482
391
299
191
64
-78
-227
-380
-535
-677
-820
-944
-1063
-1156
-1233
-1289
-1330
-1351
-1344
-1332
-1300
-1255
-1194
-1123
-1048
-963
-894
-813
-730
-652
-561
-482
-400
-325
-247
-164
-80
11
93
180
266
351
442
538
637
718
805
877
940
1008
1059
1097
1132
1138
1127
1094
1065
1022
947
885
815
732
642
551
459
365
265
173
77
-21
-112
-205
-301
-381
-462
-543
-620
-690
-737
-782
-818
-835
-847
-854
-826
-792
-760
-714
-665
-608
-543
-468
-400
-325
-238
-163
-84
-8
76
166
244
320
389
457
516
577
640
693
737
764
786
807
823
829
850
881
915
955
976
1000
1021
1042
1061
1069
1053
1019
973
902
798
668
518
356
172
-43
-258
-468
-689
-894
-1108
-1306
-1473
-1621
-1746
-1843
-1905
-1925
-1913
-1885
-1826
-1733
-1616
-1475
-1324
-1179
-1024
-862
-703
-539
-384
-230
-77
44
158
261
370
465
538
605
652
717
764
791
823
860
896
913
916
925
936
937
924
893
861
813
765
702
629
562
480
395
305
205
116
35
-58
-139
-222
-292
-370
-430
-484
-540
-586
-626
-662
-682
-690
-671
-654
-642
-602
-562
-502
-439
-376
-315
-252
-196
-139
-82
-26
33
76
114
157
198
231
271
305
331
358
380
414
437
456
477
494
518
523
534
548
552
569
597
633
682
735
793
851
892
946
1006
1054
1082
1083
1062
1023
957
851
716
563
384
180
-57
-285
-513
-732
-960
-1186
-1393
-1585
-1735
-1871
-1976
-2044
-2072
-2067
-2039
-1983
-1878
-1749
-1614
-1464
-1314
-1143
-976
-795
-622
-450
-280
-127
17
153
282
418
552
648
733
824
911
985
1048
1105
1156
1197
1222
1238
1263
1276
1274
1247
1204
1155
1097
1029
929
836
733
614
494
373
254
126
-16
-165
-311
-450
-600
-727
-844
-961
-1055
-1147
-1209
-1242
-1254
-1242
-1210
-1167
-1103
-1017
-913
-797
-678
-540
-395
-259
-131
1
126
263
378
492
605
686
765
839
901
942
970
992
1016
1015
1007
994
969
949
918
867
815
774
735
710
709
717
728
730
718
722
741
759
761
757
721
669
588
480
345
199
42
-146
-358
-580
-784
-982
-1174
-1362
-1556
-1719
-1853
-1949
-2014
-2047
-2032
-2000
-1942
-1856
-1739
-1593
-1428
-1257
-1086
-917
-743
-561
-376
-211
-60
84
219
327
429
526
619
699
755
793
837
887
928
961
977
1007
1021
1027
1035
1056
1066
1063
1030
983
945
899
844
774
714
638
549
460
354
250
138
11
-121
-254
-399
-534
-680
-815
-939
-1065
-1151
-1237
-1298
-1316
-1311
-1284
-1236
-1158
-1063
-950
-827
-695
-548
-390
-244
-96
55
193
321
443
555
646
732
809
869
920
966
993
1022
1031
1023
1010
995
972
953
924
893
881
874
887
913
957
993
1008
1028
1063
1101
1131
1134
1108
1046
965
852
703
543
361
149
-97
-360
-605
-844
-1079
-1326
-1557
-1776
-1966
-2114
-2230
-2306
-2336
-2338
-2313
-2245
-2148
-2023
-1861
-1692
-1512
-1342
-1160
-959
-758
-552
-376
-203
-44
100
235
376
517
644
745
816
889
958
1031
1094
1151
1214
1261
1260
1274
1289
1311
1320
1299
1264
1223
1185
1142
1083
1036
968
867
719
567
438
293
142
-56
-256
-462
-664
-852
-1047
-1223
-1379
-1507
-1616
-1676
-1691
-1679
-1633
-1573
-1500
-1395
-1269
-1109
-925
-721
-528
-332
-126
75
283
461
643
792
926
1053
1146
1227
1290
1339
1354
1357
1349
1331
1315
1292
1235
1189
1133
1057
1024
993
966
954
953
943
941
941
936
945
955
920
857
783
691
575
417
247
45
-165
-395
-642
-881
-1120
-1346
-1565
-1781
-1977
-2135
-2248
-2335
-2391
-2404
-2370
-2295
-2202
-2069
-1899
-1698
-1492
-1286
-1078
-858
-647
-413
-203
-20
166
314
451
563
673
784
859
912
971
1016
1073
1103
1119
1154
1172
1165
1148
1131
1133
1137
1122
1074
1012
955
912
867
835
799
730
641
523
427
325
193
40
-135
-323
-527
-728
-920
-1105
-1272
-1421
-1578
-1698
-1739
-1720
-1689
-1634
-1558
-1443
-1275
-1114
-911
-683
-457
-246
-36
174
379
592
776
941
1075
1177
1270
1357
1421
1467
1474
1455
1408
1353
1302
1242
1167
1088
1000
901
819
755
716
704
698
707
717
718
738
779
834
860
849
800
728
640
541
404
215
19
-189
-432
-681
-921
-1134
-1343
-1561
-1767
-1957
-2086
-2179
-2238
-2273
-2274
-2239
-2162
-2049
-1901
-1733
-1546
-1344
-1152
-957
-751
-529
-316
-125
53
206
351
467
579
679
756
813
865
899
925
974
997
1002
1021
1034
1054
1062
1072
1081
1081
1073
1051
1018
997
988
981
971
898
804
706
582
469
329
150
-50
-271
-498
-728
-955
-1154
-1351
-1546
-1715
-1832
-1896
-1925
-1914
-1869
-1803
-1687
-1532
-1346
-1120
-868
-620
-382
-126
138
391
652
892
1097
1275
1415
1540
1650
1720
1749
1764
1739
1679
1621
1550
1470
1382
1263
1146
1021
897
798
714
659
626
608
603
594
591
615
642
674
662
625
578
513
420
290
147
-50
-250
-463
-706
-948
-1184
-1415
-1629
-1855
-2049
-2186
-2289
-2354
-2394
-2382
-2332
-2231
-2094
-1944
-1760
-1552
-1336
-1121
-907
-684
-454
-224
-24
147
304
447
584
677
764
833
879
927
954
986
999
1014
1018
1014
1013
1014
1016
1022
1024
1034
1050
1071
1082
1093
1089
1077
1060
1014
943
850
718
564
389
180
-51
-302
-560
-828
-1068
-1314
-1530
-1698
-1860
-1972
-2059
-2086
-2055
-2013
-1919
-1779
-1609
-1401
-1174
-915
-642
-362
-61
220
503
772
1006
1223
1421
1580
1709
1787
1840
1885
1884
1860
1810
1724
1636
1541
1428
1301
1166
1043
943
863
810
779
777
766
742
754
788
820
847
847
810
757
657
519
357
146
-85
-324
-593
-897
-1185
-1444
-1694
-1937
-2181
-2395
-2555
-2661
-2725
-2737
-2713
-2649
-2545
-2398
-2211
-1982
-1719
-1440
-1161
-894
-624
-345
-77
178
409
597
752
897
1018
1112
1196
1241
1257
1264
1261
1257
1260
1234
1215
1188
1161
1145
1150
1169
1185
1198
1219
1208
1211
1210
1183
1140
1067
986
863
712
508
299
70
-197
-488
-776
-1043
-1305
-1546
-1765
-1962
-2115
-2233
-2311
-2337
-2304
-2217
-2094
-1947
-1761
-1528
-1271
-987
-685
-371
-65
235
531
793
1057
1285
1481
1628
1757
1846
1887
1921
1915
1896
1852
1797
1717
1611
1491
1353
1221
1104
1007
973
950
946
947
923
908
925
966
993
984
941
872
775
663
488
284
54
-223
-523
-846
-1167
-1443
-1704
-1969
-2228
-2471
-2659
-2792
-2856
-2888
-2880
-2824
-2725
-2577
-2372
-2135
-1872
-1604
-1325
-1051
-782
-484
-191
82
316
522
719
876
1019
1155
1271
1339
1377
1388
1389
1388
1377
1361
1337
1317
1292
1260
1243
1243
1238
1244
1250
1243
1207
1189
1172
1121
1039
923
778
605
425
220
-4
-240
-500
-772
-1036
-1283
-1499
-1695
-1866
-2007
-2122
-2189
-2209
-2166
-2077
-1965
-1832
-1671
-1451
-1194
-914
-629
-347
-69
218
501
768
1023
1253
1448
1591
1709
1789
1825
1858
1857
1818
1755
1680
1573
1451
1328
1183
1045
928
850
828
820
826
841
835
848
915
986
1061
1077
1051
997
894
765
602
411
161
-118
-447
-776
-1094
-1395
-1673
-1952
-2240
-2503
-2688
-2826
-2896
-2913
-2905
-2857
-2759
-2608
-2406
-2160
-1891
-1620
-1352
-1083
-801
-514
-229
41
265
450
629
781
921
1068
1169
1235
1256
1258
1271
1303
1325
1336
1324
1314
1318
1323
1348
1385
1433
1461
1472
1463
1449
1424
1399
1318
1214
1050
867
670
456
208
-61
-346
-660
-951
-1215
-1441
-1652
-1832
-2001
-2126
-2208
-2227
-2187
-2108
-1977
-1826
-1644
-1421
-1159
-865
-576
-283
12
295
553
805
1034
1235
1409
1522
1612
1690
1728
1738
1718
1661
1568
1470
1367
1246
1100
945
817
724
669
668
698
736
770
798
862
974
1083
1171
1211
1197
1148
1060
919
723
485
202
-129
-502
-876
-1223
-1534
-1829
-2130
-2435
-2682
-2858
-2965
-3026
-3043
-3004
-2909
-2764
-2585
-2348
-2066
-1764
-1474
-1196
-911
-609
-296
7
275
487
671
836
972
1085
1185
1253
1271
1257
1252
1281
1311
1319
1327
1317
1304
1310
1326
1395
1460
1499
1500
1481
1467
1458
1435
1378
1277
1122
952
761
541
294
50
-223
-537
-839
-1124
-1367
-1581
-1796
-1998
-2171
-2262
-2292
-2261
-2168
-2053
-1903
-1711
-1491
-1223
-926
-613
-286
23
317
590
869
1120
1358
1539
1660
1738
1802
1830
1815
1766
1682
1573
1450
1319
1171
1017
846
702
581
504
479
490
531
572
623
698
795
917
1008
1067
1083
1048
967
854
694
490
239
-46
-384
-732
-1048
-1371
-1672
-1977
-2291
-2555
-2758
-2913
-2989
-3019
-3006
-2941
-2810
-2644
-2413
-2165
-1883
-1598
-1324
-1028
-736
-427
-137
135
370
563
726
883
1030
1165
1252
1292
1321
1335
1362
1395
1410
1418
1424
1409
1416
1457
1497
1550
1598
1631
1646
1651
1643
1627
1583
1488
1357
1182
994
773
516
227
-84
-403
-727
-1049
-1345
-1618
-1864
-2080
-2268
-2399
-2485
-2500
-2475
-2381
-2252
-2090
-1858
-1583
-1279
-967
-627
-283
68
418
744
1046
1329
1566
1752
1896
1996
2061
2068
2029
1960
1864
1740
1580
1406
1209
1023
850
728
656
631
642
644
639
669
736
830
937
987
1004
984
933
832
687
504
276
-5
-334
-680
-1020
-1334
-1647
-1950
-2267
-2561
-2799
-2958
-3081
-3150
-3154
-3115
-3012
-2864
-2650
-2392
-2097
-1787
-1475
-1161
-833
-497
-152
170
455
689
908
1115
1284
1420
1533
1605
1613
1628
1633
1619
1594
1554
1482
1433
1401
1378
1374
1382
1397
1391
1370
1360
1354
1339
1303
1231
1133
1000
850
670
474
256
22
-253
-536
-829
-1095
-1337
-1581
-1790
-1994
-2132
-2224
-2264
-2250
-2187
-2102
-1958
-1768
-1528
-1260
-973
-656
-327
-11
305
632
919
1182
1418
1604
1746
1856
1930
1958
1933
1867
1773
1658
1513
1342
1163
978
825
696
605
571
570
580
585
604
665
765
862
931
967
965
915
822
689
518
316
76
-210
-537
-864
-1158
-1460
-1768
-2077
-2366
-2602
-2775
-2918
-3021
-3059
-3036
-2977
-2863
-2702
-2471
-2205
-1937
-1642
-1356
-1054
-739
-419
-122
142
383
581
758
919
1065
1202
1298
1346
1384
1430
1460
1488
1501
1488
1477
1465
1483
1514
1559
1597
1605
1625
1628
1635
1633
1614
1573
1476
1347
1181
1005
818
577
322
37
-261
-551
-840
-1112
-1369
-1594
-1794
-1971
-2108
-2184
-2203
-2185
-2128
-2029
-1878
-1690
-1459
-1199
-911
-623
-319
-3
302
590
857
1077
1257
1428
1549
1636
1674
1677
1644
1571
1486
1377
1271
1140
1005
901
825
791
773
787
800
830
867
940
1043
1117
1145
1150
1132
1066
954
774
570
321
11
-312
-648
-980
-1311
-1641
-1968
-2297
-2598
-2837
-3013
-3143
-3224
-3244
-3207
-3118
-2973
-2780
-2545
-2276
-1970
-1677
-1382
-1057
-713
-371
-47
244
508
742
961
1161
1343
1477
1576
1636
1665
1695
1701
1706
1688
1671
1644
1613
1603
1614
1638
1631
1627
1605
1596
1583
1540
1496
1401
1287
1134
974
770
549
303
32
-243
-522
-787
-1047
-1291
-1535
-1745
-1929
-2065
-2146
-2177
-2176
-2127
-2022
-1885
-1695
-1456
-1202
-918
-626
-344
-40
264
556
833
1078
1276
1428
1561
1654
1691
1698
1665
1583
1494
1363
1214
1070
901
754
629
560
540
558
580
599
629
694
788
912
1003
1051
1091
1091
1055
971
837
658
437
171
-126
-447
-776
-1085
-1403
-1750
-2072
-2376
-2605
-2785
-2918
-3013
-3062
-3057
-2979
-2845
-2673
-2455
-2204
-1939
-1679
-1383
-1075
-754
-448
-155
90
317
533
722
891
1036
1152
1230
1286
1340
1376
1405
1433
1435
1443
1449
1474
1508
1546
1587
1590
1607
1637
1656
1655
1646
1619
1569
1478
1339
1194
1019
796
547
263
-35
-311
-577
-853
-1122
-1388
-1629
-1835
-1990
-2098
-2157
-2174
-2143
-2063
-1925
-1730
-1506
-1255
-957
-657
-372
-54
277
596
872
1105
1307
1470
1594
1658
1672
1648
1602
1508
1397
1268
1109
944
788
656
565
532
536
558
575
611
675
769
874
990
1071
1097
1103
1067
994
869
720
521
265
-22
-351
-687
-996
-1304
-1637
-1966
-2273
-2529
-2721
-2873
-2991
-3070
-3087
-3029
-2925
-2784
-2589
-2334
-2076
-1814
-1536
-1222
-902
-575
-276
-15
227
445
645
835
1006
1121
1229
1290
1330
1355
1395
1428
1434
1438
1435
1447
1468
1515
1548
1565
1562
1569
1584
1590
1595
1563
1507
1417
1279
1133
981
797
568
311
51
-213
-487
-759
-1038
-1292
-1520
-1728
-1876
-1990
-2042
-2055
-2026
-1959
-1833
-1649
-1423
-1147
-852
-554
-244
77
393
715
994
1235
1452
1617
1710
1779
1808
1777
1714
1614
1488
1343
1169
998
838
710
616
556
534
527
536
542
594
658
719
788
832
825
795
724
625
466
277
79
-174
-451
-753
-1031
-1317
-1600
-1889
-2171
-2409
-2612
-2754
-2860
-2929
-2934
-2910
-2827
-2702
-2517
-2301
-2044
-1783
-1500
-1219
-926
-611
-298
-9
240
466
674
869
1027
1157
1269
1353
1388
1421
1431
1441
1440
1425
1399
1391
1398
1409
1432
1419
1433
1454
1449
1444
1442
1434
1390
1328
1213
1086
945
767
562
326
93
-161
-420
-674
-933
-1159
-1379
-1572
-1729
-1863
-1957
-1987
-1973
-1919
-1832
-1703
-1514
-1282
-1018
-743
-447
-146
174
482
787
1049
1293
1509
1669
1817
1889
1930
1943
1911
1820
1702
1560
1400
1250
1100
973
882
821
795
775
752
772
818
866
886
887
854
801
732
608
443
253
36
-227
-512
-831
-1148
-1446
-1728
-2008
-2290
-2542
-2749
-2935
-3066
-3156
-3200
-3186
-3130
-3019
-2864
-2665
-2413
-2143
-1879
-1582
-1272
-945
-617
-310
-21
250
497
727
932
1112
1274
1402
1501
1578
1650
1706
1757
1764
1772
1776
1785
1811
1835
1843
1827
1822
1818
1795
1764
1732
1661
1555
1439
1278
1098
898
675
447
179
-96
-370
-639
-890
-1144
-1398
-1621
-1816
-1971
-2073
-2139
-2160
-2142
-2075
-1955
-1784
-1580
-1328
-1041
-741
-418
-101
222
531
810
1041
1239
1405
1538
1612
1646
1651
1627
1582
1500
1398
1316
1235
1162
1121
1104
1104
1120
1119
1123
1158
1203
1256
1279
1268
1222
1145
1040
900
718
509
240
-53
-363
-686
-1015
-1339
-1658
-1978
-2272
-2567
-2810
-2994
-3139
-3239
-3293
-3297
-3246
-3139
-2984
-2801
-2569
-2316
-2057
-1785
-1486
-1163
-847
-545
-274
-15
238
472
682
885
1057
1209
1321
1426
1524
1600
1675
1739
1797
1862
1899
1944
1988
2020
2052
2064
2060
2020
1993
1946
1864
1750
1592
1421
1222
1009
768
511
241
-41
-320
-597
-875
-1132
-1353
-1563
-1745
-1903
-2012
-2053
-2077
-2044
-1957
-1831
-1661
-1470
-1230
-963
-690
-391
-104
195
469
702
914
1081
1206
1295
1365
1394
1407
1389
1328
1258
1166
1085
1042
1014
1015
1035
1064
1100
1132
1171
1233
1299
1346
1371
1366
1324
1242
1135
979
791
563
282
-39
-368
-688
-1028
-1341
-1660
-1989
-2290
-2554
-2758
-2921
-3044
-3135
-3170
-3152
-3075
-2951
-2793
-2600
-2404
-2180
-1943
-1671
-1395
-1111
-845
-590
-355
-132
100
305
510
680
839
979
1093
1210
1323
1429
1502
1581
1655
1739
1817
1889
1964
2011
2054
2076
2107
2104
2079
2017
1919
1808
1660
1487
1290
1071
816
550
267
-37
-312
-599
-869
-1116
-1356
-1559
-1735
-1866
-1961
-2007
-2031
-2002
-1909
-1773
-1608
-1403
-1149
-890
-601
-312
-34
251
503
726
899
1033
1140
1200
1235
1250
1229
1203
1145
1075
1011
965
948
972
1019
1080
1151
1216
1271
1344
1442
1513
1577
1589
1557
1495
1382
1218
1011
768
472
135
-201
-553
-902
-1238
-1576
-1905
-2228
-2514
-2751
-2924
-3047
-3142
-3192
-3181
-3106
-2988
-2848
-2654
-2437
-2194
-1947
-1698
-1438
-1157
-892
-649
-414
-213
-17
175
354
500
640
760
873
984
1102
1207
1317
1430
1513
1607
1712
1824
1912
2005
2079
2131
2175
2194
2210
2181
2114
1996
1838
1663
1447
1215
967
689
389
68
-234
-531
-825
-1108
-1376
-1605
-1791
-1934
-2024
-2062
-2067
-2026
-1949
-1816
-1640
-1437
-1210
-937
-668
-409
-141
112
353
552
718
835
929
994
1023
1050
1048
1029
993
944
920
905
934
993
1070
1161
1247
1341
1450
1550
1659
1764
1836
1867
1845
1794
1667
1492
1268
1012
714
378
28
-357
-727
-1104
-1447
-1797
-2140
-2445
-2710
-2906
-3064
-3160
-3209
-3211
-3152
-3043
-2911
-2723
-2513
-2289
-2039
-1807
-1547
-1275
-1006
-760
-531
-324
-128
48
222
382
516
636
743
846
962
1076
1187
1287
1393
1503
1609
1714
1815
1918
2015
2117
2155
2186
2196
2174
2121
2014
1878
1691
1482
1257
1010
729
422
106
-198
-506
-802
-1065
-1319
-1539
-1727
-1881
-1976
-2015
-2013
-1966
-1888
-1776
-1597
-1378
-1140
-864
-595
-333
-49
203
423
627
794
913
974
1016
1048
1035
1015
975
931
882
826
801
801
850
932
1022
1136
1240
1323
1425
1529
1643
1738
1770
1764
1713
1620
1477
1275
1037
753
420
73
-306
-701
-1063
-1414
-1759
-2093
-2401
-2666
-2872
-3021
-3120
-3169
-3174
-3123
-3005
-2844
-2664
-2434
-2197
-1961
-1710
-1469
-1209
-945
-701
-483
-284
-106
59
213
361
500
633
751
859
972
1076
1182
1285
1404
1520
1623
1749
1866
1960
2057
2139
2198
2225
2228
2200
2145
2042
1903
1726
1514
1293
1030
743
434
122
-196
-509
-813
-1089
-1345
-1580
-1776
-1929
-2038
-2096
-2093
-2064
-1982
-1853
-1690
-1488
-1239
-970
-704
-433
-156
101
352
576
769
914
1022
1094
1123
1146
1143
1123
1080
1024
965
934
927
945
1002
1091
1184
1263
1357
1469
1570
1669
1738
1767
1745
1684
1579
1433
1230
979
698
371
25
-348
-732
-1094
-1451
-1810
-2160
-2458
-2705
-2893
-3041
-3158
-3214
-3231
-3187
-3076
-2925
-2735
-2524
-2286
-2046
-1792
-1524
-1252
-984
-755
-540
-332
-138
37
208
375
517
641
754
860
980
1088
1192
1297
1413
1538
1660
1780
1888
1991
2077
2155
2228
2260
2270
2255
2198
2112
1992
1817
1619
1382
1129
854
561
262
-49
-345
-649
-950
-1221
-1449
-1646
-1836
-1970
-2053
-2084
-2080
-2029
-1931
-1792
-1616
-1409
-1175
-926
-679
-421
-154
75
298
506
651
764
857
900
934
955
948
948
946
923
922
968
1031
1138
1263
1386
1501
1607
1707
1817
1931
1999
2010
1979
1900
1774
1609
1386
1124
808
463
100
-288
-670
-1045
-1410
-1762
-2092
-2406
-2672
-2881
-3035
-3151
-3223
-3234
-3180
-3084
-2949
-2773
-2573
-2369
-2150
-1922
-1664
-1403
-1158
-918
-705
-507
-321
-136
53
218
366
508
641
782
922
1062
1203
1336
1473
1606
1722
1844
1955
2065
2156
2223
2280
2301
2290
2249
2173
2069
1927
1734
1523
1296
1042
766
482
184
-113
-394
-665
-929
-1166
-1387
-1567
-1708
-1799
-1850
-1876
-1860
-1800
-1709
-1587
-1424
-1247
-1025
-807
-589
-385
-169
28
194
357
497
602
670
722
745
775
787
790
802
819
858
919
1012
1140
1276
1414
1546
1669
1811
1937
2039
2106
2119
2082
1996
1872
1695
1451
1171
836
456
75
-319
-714
-1083
-1450
-1816
-2175
-2486
-2727
-2922
-3060
-3151
-3208
-3216
-3163
-3051
-2893
-2710
-2510
-2285
-2065
-1834
-1602
-1355
-1110
-885
-696
-515
-333
-155
13
158
308
445
583
716
855
1007
1150
1274
1423
1573
1729
1874
2010
2143
2234
2322
2381
2414
2433
2402
2311
2183
2005
1803
1575
1317
1047
735
419
96
-232
-539
-820
-1085
-1329
-1536
-1699
-1817
-1898
-1930
-1915
-1877
-1792
-1672
-1516
-1324
-1117
-886
-676
-461
-264
-53
128
270
386
446
494
531
564
577
576
591
601
606
637
678
746
848
989
1134
1285
1434
1575
1712
1869
2001
2091
2140
2134
2081
1985
1814
1577
1302
960
595
204
-201
-609
-1001
-1392
-1777
-2136
-2464
-2718
-2912
-3055
-3169
-3218
-3210
-3152
-3050
-2914
-2745
-2549
-2332
-2116
-1889
-1654
-1396
-1158
-947
-748
-555
-379
-200
-29
122
258
404
543
662
813
951
1103
1249
1402
1559
1712
1875
2011
2144
2261
2367
2446
2497
2515
2486
2420
2312
2177
2003
1782
1529
1239
930
605
272
-54
-359
-662
-944
-1205
-1444
-1632
-1775
-1879
-1931
-1938
-1885
-1810
-1701
-1537
-1366
-1162
-950
-727
-509
-304
-99
76
222
331
420
474
495
503
505
505
513
519
519
539
561
615
707
830
984
1154
1298
1440
1575
1721
1844
1946
2016
2008
1959
1866
1733
1515
1268
963
640
282
-120
-498
-875
-1236
-1594
-1922
-2227
-2491
-2701
-2864
-2978
-3042
-3064
-3028
-2947
-2832
-2679
-2506
-2312
-2108
-1895
-1685
-1457
-1215
-994
-795
-617
-432
-250
-86
60
201
327
443
565
702
869
1007
1147
1287
1438
1561
1685
1830
1964
2076
2180
2264
2316
2335
2325
2291
2208
2079
1926
1722
1498
1267
1007
718
429
137
-151
-440
-710
-960
-1181
-1360
-1513
-1624
-1711
-1733
-1705
-1648
-1555
-1426
-1290
-1126
-931
-735
-532
-332
-134
43
200
334
439
519
564
594
590
592
573
537
526
509
501
530
598
682
796
931
1067
1202
1337
1490
1627
1744
1819
1830
1812
1749
1633
1456
1236
968
659
306
-55
-417
-773
-1119
-1467
-1802
-2117
-2372
-2580
-2731
-2852
-2930
-2952
-2926
-2858
-2742
-2590
-2423
-2246
-2057
-1859
-1639
-1400
-1172
-944
-742
-559
-401
-230
-54
106
252
389
499
613
743
863
994
1108
1220
1335
1457
1589
1708
1823
1920
2010
2086
2124
2162
2173
2152
2084
1978
1840
1650
1446
1219
968
698
421
133
-147
-427
-697
-951
-1168
-1356
-1528
-1652
-1721
-1766
-1762
-1716
-1651
-1521
-1367
-1183
-976
-761
-519
-291
-68
150
337
507
644
751
811
843
854
845
825
789
731
681
640
619
642
690
765
864
968
1089
1206
1352
1485
1596
1691
1726
1722
1662
1564
1419
1221
966
677
340
-20
-382
-740
-1104
-1460
-1812
-2138
-2419
-2667
-2845
-2957
-3050
-3088
-3059
-2987
-2865
-2725
-2537
-2338
-2127
-1895
-1663
-1404
-1155
-910
-690
-494
-313
-135
47
220
374
526
648
768
874
989
1092
1204
1314
1418
1522
1620
1721
1827
1931
2004
2069
2114
2141
2142
2099
2053
1966
1829
1660
1460
1226
979
719
426
135
-162
-460
-746
-1013
-1240
-1446
-1626
-1766
-1862
-1910
-1916
-1866
-1783
-1666
-1521
-1330
-1124
-898
-653
-393
-134
113
332
516
675
791
881
941
960
962
952
923
883
843
797
777
784
832
909
995
1097
1194
1276
1389
1512
1621
1686
1720
1711
1668
1586
1442
1243
994
717
404
75
-287
-660
-1020
-1358
-1713
-2042
-2332
-2590
-2790
-2932
-3032
-3096
-3107
-3065
-2978
-2850
-2685
-2498
-2297
-2076
-1847
-1612
-1363
-1124
-889
-673
-446
-238
-37
155
331
496
648
795
928
1059
1189
1290
1394
1505
1601
1702
1810
1899
1965
2022
2068
2115
2131
2132
2094
2024
1935
1803
1648
1452
1238
1015
762
484
211
-63
-339
-607
-871
-1107
-1325
-1518
-1652
-1750
-1829
-1872
-1866
-1825
-1739
-1610
-1449
-1264
-1073
-854
-627
-390
-163
49
252
418
585
708
814
881
926
958
979
972
948
936
934
970
1025
1097
1184
1277
1362
1471
1580
1673
1763
1810
1823
1797
1739
1640
1487
1288
1058
779
458
131
-220
-572
-918
-1261
-1609
-1948
-2253
-2510
-2712
-2887
-2996
-3060
-3095
-3072
-3014
-2909
-2770
-2602
-2434
-2237
-2014
-1769
-1527
-1284
-1054
-828
-606
-397
-188
21
212
383
573
739
881
1033
1187
1323
1445
1564
1684
1786
1891
1984
2070
2139
2184
2211
2216
2216
2159
2071
1945
1776
1590
1388
1164
918
651
359
72
-220
-493
-753
-1007
-1235
-1428
-1604
-1742
-1836
-1904
-1919
-1911
-1849
-1758
-1641
-1478
-1294
-1077
-853
-625
-396
-169
56
257
441
600
723
830
906
960
1000
1026
1025
1022
1016
1037
1078
1135
1221
1330
1431
1527
1629
1724
1827
1917
1963
1955
1905
1817
1694
1514
1280
1029
725
386
26
-335
-692
-1047
-1403
-1751
-2069
-2362
-2599
-2792
-2943
-3042
-3101
-3110
-3078
-2991
-2863
-2707
-2534
-2350
-2149
-1925
-1690
-1444
-1214
-994
-780
-583
-378
-184
9
178
360
533
681
842
996
1146
1281
1427
1553
1675
1812
1933
2048
2126
2212
2265
2289
2306
2272
2219
2136
2010
1855
1654
1434
1189
917
639
330
30
-275
-575
-852
-1110
-1354
-1576
-1753
-1889
-1986
-2040
-2061
-2036
-1965
-1874
-1735
-1574
-1380
-1159
-933
-677
-434
-193
40
263
458
627
766
846
909
957
995
1016
1011
1002
1002
1026
1067
1135
1227
1326
1439
1533
1628
1736
1843
1934
1982
1991
1949
1883
1757
1580
1375
1108
798
470
118
-255
-622
-986
-1335
-1676
-1999
-2289
-2544
-2720
-2863
-2972
-3035
-3058
-3009
-2934
-2809
-2647
-2483
-2293
-2093
-1877
-1645
-1421
-1201
-987
-776
-577
-378
-173
14
189
344
514
679
842
998
1143
1299
1432
1559
1687
1810
1918
2024
2114
2177
2223
2251
2264
2244
2199
2129
2002
1838
1634
1430
1207
932
650
356
49
-261
-547
-822
-1086
-1319
-1526
-1711
-1851
-1954
-2024
-2059
-2053
-2015
-1934
-1813
-1661
-1494
-1306
-1088
-865
-624
-374
-138
81
285
472
642
780
881
962
1016
1053
1067
1071
1066
1091
1124
1195
1279
1367
1467
1547
1652
1751
1858
1934
1981
1984
1941
1865
1748
1581
1349
1081
778
439
82
-278
-631
-979
-1334
-1691
-2022
-2306
-2534
-2724
-2864
-2971
-3037
-3044
-3007
-2937
-2813
-2658
-2491
-2313
-2119
-1902
-1668
-1420
-1190
-965
-739
-521
-305
-108
81
252
424
596
765
929
1088
1242
1381
1520
1645
1780
1909
2015
2104
2169
2215
2250
2249
2231
2194
2123
2040
1901
1730
1531
1324
1074
810
525
242
-40
-332
-593
-870
-1131
-1370
-1575
-1746
-1882
-1982
-2035
-2049
-2046
-2004
-1922
-1802
-1652
-1488
-1297
-1070
-839
-601
-355
-120
106
306
490
652
789
896
974
1042
1094
1115
1126
1124
1155
1205
1277
1370
1467
1557
1642
1741
1834
1921
1980
1999
1989
1934
1848
1718
1532
1295
998
685
346
-18
-384
-743
-1090
-1438
-1786
-2103
-2376
-2595
-2775
-2913
-3010
-3068
-3065
-3023
-2923
-2782
-2627
-2457
-2278
-2079
-1855
-1620
-1379
-1162
-957
-753
-546
-345
-122
81
252
422
586
757
926
1090
1260
1414
1541
1675
1807
1933
2052
2142
2211
2272
2301
2325
2322
2273
2199
2083
1939
1761
1567
1339
1098
821
538
266
-33
-301
-569
-830
-1084
-1307
-1495
-1664
-1798
-1892
-1971
-2006
-2003
-1971
-1880
-1763
-1620
-1460
-1266
-1060
-861
-632
-404
-185
28
220
393
543
670
773
852
903
949
965
994
1024
1061
1127
1208
1321
1425
1526
1626
1720
1830
1918
1986
2026
2007
1960
1873
1726
1525
1288
1009
699
358
1
-353
-709
-1062
-1406
-1739
-2059
-2322
-2542
-2726
-2870
-2962
-3020
-3016
-2958
-2888
-2775
-2638
-2477
-2300
-2104
-1885
-1665
-1434
-1215
-1010
-807
-609
-408
-204
-5
169
340
513
701
890
1069
1249
1409
1566
1718
1851
1985
2117
2202
2266
2327
2359
2381
2381
2335
2249
2137
1989
1808
1613
1398
1142
863
581
292
-3
-277
-575
-850
-1100
-1319
-1518
-1687
-1810
-1899
-1947
-1971
-1953
-1893
-1804
-1679
-1532
-1365
-1176
-983
-765
-547
-335
-132
62
248
399
543
665
768
837
897
929
954
978
992
1036
1082
1156
1252
1358
1462
1556
1662
1766
1855
1920
1935
1916
1861
1756
1606
1406
1165
876
559
215
-145
-489
-832
-1185
-1533
-1869
-2177
-2435
-2647
-2819
-2943
-3019
-3057
-3039
-2969
-2856
-2721
-2563
-2394
-2200
-1996
-1780
-1549
-1312
-1093
-883
-699
-505
-301
-117
57
242
405
575
739
908
1060
1216
1370
1519
1660
1805
1943
2069
2172
2254
2314
2351
2400
2394
2365
2295
2186
2040
1860
1665
1425
1152
867
567
271
-18
-295
-573
-836
-1090
-1325
-1515
-1669
-1772
-1855
-1903
-1915
-1887
-1815
-1713
-1573
-1410
-1220
-1022
-807
-607
-390
-181
16
197
348
480
593
675
747
796
820
833
827
834
856
908
993
1097
1209
1319
1437
1565
1674
1803
1895
1951
1958
1936
1869
1749
1579
1356
1095
791
452
93
-284
-662
-1015
-1376
-1728
-2039
-2330
-2561
-2756
-2923
-3031
-3094
-3100
-3052
-2958
-2823
-2673
-2509
-2307
-2111
-1896
-1666
-1439
-1211
-995
-787
-590
-397
-215
-34
135
299
460
622
782
933
1082
1233
1389
1541
1704
1851
1998
2117
2213
2305
2365
2406
2442
2441
2383
2289
2164
1994
1799
1572
1331
1050
754
451
146
-150
-432
-711
-985
-1240
-1454
-1629
-1769
-1874
-1945
-2003
-1989
-1939
-1842
-1720
-1566
-1400
-1204
-987
-762
-516
-298
-78
127
304
441
562
653
734
813
855
871
902
903
927
971
1028
1131
1232
1350
1454
1554
1673
1799
1910
1983
2016
2017
1963
1877
1735
1534
1290
1008
676
319
-43
-419
-792
-1166
-1530
-1879
-2193
-2456
-2676
-2865
-2999
-3081
-3132
-3121
-3061
-2962
-2829
-2682
-2506
-2322
-2113
-1872
-1632
-1387
-1161
-946
-752
-552
-343
-158
26
196
364
522
692
845
1008
1164
1309
1458
1605
1761
1921
2054
2169
2262
2331
2392
2430
2434
2394
2323
2228
2098
1925
1727
1497
1257
981
681
376
70
-229
-518
-791
-1057
-1290
-1495
-1665
-1792
-1887
-1943
-1963
-1940
-1873
-1765
-1631
-1471
-1287
-1103
-901
-684
-462
-246
-45
147
314
444
562
653
722
782
808
824
835
850
887
959
1052
1158
1273
1378
1492
1610
1742
1860
1958
2015
2028
1994
1929
1817
1648
1425
1148
845
519
155
-212
-577
-946
-1310
-1676
-2005
-2294
-2533
-2728
-2899
-3026
-3097
-3120
-3094
-3014
-2899
-2742
-2571
-2383
-2185
-1963
-1719
-1485
-1254
-1036
-831
-637
-442
-242
-64
114
281
440
604
763
936
1095
1249
1403
1541
1670
1807
1942
2061
2161
2239
2307
2357
2374
2367
2315
2219
2094
1943
1767
1555
1302
1056
770
470
182
-117
-390
-664
-928
-1164
-1379
-1564
-1708
-1803
-1870
-1889
-1885
-1849
-1762
-1643
-1492
-1326
-1120
-904
-685
-468
-263
-56
120
280
411
512
609
690
744
779
810
822
850
891
949
1030
1131
1248
1355
1467
1567
1676
1780
1869
1937
1946
1931
1870
1766
1619
1421
1186
903
594
251
-104
-453
-824
-1184
-1540
-1863
-2151
-2416
-2626
-2810
-2950
-3034
-3075
-3068
-3005
-2919
-2794
-2657
-2492
-2300
-2084
-1857
-1627
-1404
-1183
-978
-789
-589
-388
-191
2
197
382
551
725
901
1077
1253
1417
1559
1705
1858
1993
2120
2226
2291
2329
2363
2372
2360
2313
2231
2117
1965
1801
1600
1380
1137
869
596
324
53
-213
-475
-727
-976
-1207
-1412
-1576
-1690
-1774
-1812
-1826
-1819
-1757
-1665
-1545
-1390
-1220
-1033
-842
-640
-426
-205
-18
141
282
399
515
591
666
718
742
775
807
859
935
1021
1122
1230
1335
1445
1566
1684
1803
1898
1956
1976
1964
1917
1823
1688
1503
1274
990
676
347
1
-337
-683
-1046
-1394
-1731
-2028
-2280
-2504
-2686
-2838
-2949
-3013
-3015
-2988
-2927
-2815
-2686
-2536
-2371
-2188
-1980
-1758
-1548
-1347
-1153
-961
-752
-535
-325
-127
48
235
415
611
799
977
1157
1320
1487
1642
1796
1928
2059
2165
2232
2301
2342
2356
2345
2292
2209
2117
1966
1805
1631
1427
1192
939
676
393
119
-157
-411
-661
-902
-1130
-1327
-1484
-1603
-1681
-1736
-1765
-1759
-1704
-1605
-1476
-1318
-1147
-968
-789
-601
-397
-200
-8
146
271
368
441
512
576
634
665
686
724
792
880
985
1093
1200
1312
1417
1542
1675
1796
1891
1937
1950
1931
1876
1785
1649
1455
1213
933
620
288
-51
-383
-734
-1082
-1423
-1747
-2024
-2267
-2472
-2642
-2785
-2875
-2924
-2918
-2857
-2773
-2664
-2547
-2409
-2254
-2061
-1852
-1651
-1451
-1262
-1085
-892
-695
-503
-307
-135
32
193
354
527
705
882
1053
1207
1373
1537
1696
1847
1979
2093
2192
2265
2315
2349
2340
2305
2235
2123
1975
1807
1623
1412
1183
922
650
375
105
-156
-421
-677
-934
-1141
-1342
-1496
-1607
-1682
-1723
-1726
-1686
-1619
-1496
-1360
-1208
-1039
-861
-667
-465
-272
-97
58
171
256
333
403
453
501
539
543
579
630
698
798
913
1034
1145
1262
1396
1524
1655
1792
1884
1938
1953
1932
1881
1795
1646
1442
1190
886
579
250
-103
-447
-806
-1159
-1504
-1801
-2074
-2314
-2507
-2682
-2798
-2866
-2893
-2865
-2802
-2707
-2593
-2466
-2309
-2139
-1942
-1742
-1540
-1360
-1166
-985
-815
-624
-449
-275
-131
22
185
350
518
681
844
1001
1166
1334
1493
1660
1804
1937
2046
2145
2228
2295
2319
2321
2279
2198
2110
1977
1814
1635
1421
1172
918
642
376
106
-165
-434
-691
-939
-1147
-1329
-1470
-1575
-1652
-1682
-1689
-1645
-1557
-1445
-1304
-1143
-970
-794
-614
-421
-240
-88
51
171
271
343
385
422
445
464
473
505
555
631
738
857
990
1113
1251
1396
1553
1700
1823
1912
1957
1971
1944
1861
1735
1567
1340
1058
756
436
117
-212
-567
-923
-1281
-1592
-1868
-2133
-2354
-2530
-2676
-2774
-2837
-2840
-2799
-2738
-2639
-2521
-2378
-2218
-2038
-1841
-1631
-1446
-1263
-1090
-909
-714
-543
-368
-223
-84
61
219
372
530
690
847
1011
1175
1337
1509
1679
1829
1972
2081
2163
2246
2312
2333
2316
2251
2149
2036
1899
1719
1524
1294
1038
780
512
253
-16
-284
-549
-799
-1020
-1225
-1377
-1494
-1572
-1624
-1637
-1619
-1544
-1442
-1308
-1142
-967
-775
-599
-412
-244
-84
53
156
240
304
354
393
422
427
440
476
526
595
691
799
908
1043
1188
1338
1506
1656
1766
1840
1886
1897
1884
1829
1704
1532
1310
1049
758
459
141
-184
-543
-906
-1244
-1565
-1841
-2100
-2315
-2506
-2650
-2737
-2797
-2807
-2771
-2702
-2593
-2467
-2328
-2161
-1987
-1797
-1599
-1416
-1241
-1074
-899
-709
-531
-389
-258
-122
26
188
348
504
652
794
944
1095
1272
1444
1620
1774
1908
2040
2146
2240
2309
2332
2306
2253
2165
2050
1929
1772
1579
1361
1115
856
587
322
52
-220
-484
-744
-971
-1164
-1332
-1465
-1561
-1623
-1638
-1626
-1573
-1466
-1333
-1194
-1023
-848
-669
-481
-310
-156
-21
78
165
244
301
360
387
398
395
404
447
520
624
720
827
945
1066
1207
1373
1527
1652
1756
1824
1874
1888
1840
1746
1605
1411
1181
915
636
318
-2
-335
-680
-1024
-1356
-1641
-1904
-2133
-2324
-2485
-2613
-2680
-2707
-2689
-2635
-2558
-2463
-2330
-2175
-1999
-1824
-1639
-1464
-1303
-1133
-966
-791
-615
-458
-317
-188
-71
75
204
348
491
636
777
928
1093
1265
1439
1585
1721
1868
1999
2098
2182
2235
2255
2239
2185
2106
1993
1845
1681
1487
1270
1036
775
517
259
3
-252
-497
-723
-919
-1079
-1220
-1332
-1406
-1459
-1461
-1434
-1355
-1248
-1140
-1010
-874
-739
-587
-442
-311
-201
-116
-39
27
100
142
174
193
203
232
278
355
444
559
686
806
920
1059
1224
1383
1524
1631
1700
1744
1754
1721
1654
1547
1385
1187
958
697
413
117
-188
-495
-801
-1113
-1383
-1623
-1846
-2043
-2211
-2339
-2411
-2449
-2436
-2397
-2340
-2260
-2164
-2039
-1904
-1766
-1611
-1455
-1306
-1169
-1029
-887
-734
-595
-471
-342
-220
-90
63
212
358
512
659
818
973
1132
1276
1431
1570
1706
1810
1894
1984
2043
2066
2047
2008
1943
1840
1720
1583
1415
1242
1027
805
585
355
133
-88
-298
-508
-684
-839
-957
-1057
-1127
-1169
-1193
-1185
-1148
-1082
-993
-876
-761
-649
-526
-413
-309
-218
-147
-84
-36
12
52
79
97
117
134
171
230
298
392
500
613
735
863
1003
1144
1265
1380
1480
1532
1550
1548
1509
1421
1297
1137
942
720
456
196
-61
-332
-615
-891
-1148
-1400
-1602
-1787
-1937
-2062
-2164
-2217
-2253
-2238
-2198
-2129
-2053
-1976
-1864
-1735
-1603
-1457
-1316
-1182
-1052
-920
-786
-652
-522
-394
-269
-147
-14
120
259
402
538
700
840
988
1150
1289
1432
1553
1661
1753
1840
1910
1947
1976
1963
1912
1838
1724
1607
1474
1300
1113
922
709
492
283
86
-112
-298
-470
-629
-760
-860
-944
-1004
-1035
-1055
-1035
-996
-937
-868
-781
-694
-602
-495
-395
-318
-242
-173
-129
-85
-56
-18
29
58
90
119
155
218
291
379
486
602
699
810
912
1021
1130
1214
1292
1338
1367
1368
1334
1261
1161
1035
882
698
497
273
43
-198
-438
-685
-937
-1149
-1342
-1512
-1653
-1779
-1895
-1977
-2014
-2027
-2012
-1981
-1942
-1888
-1816
-1728
-1630
-1509
-1399
-1292
-1174
-1041
-909
-770
-640
-503
-370
-239
-93
50
198
361
526
669
821
950
1102
1232
1360
1471
1572
1654
1698
1744
1781
1782
1761
1709
1638
1560
1449
1328
1208
1047
888
710
527
369
191
28
-133
-278
-424
-553
-653
-737
-807
-861
-893
-903
-883
-857
-814
-757
-700
-631
-568
-494
-421
-346
-268
-210
-160
-109
-52
11
66
111
158
197
256
319
396
460
532
612
690
760
820
907
977
1038
1090
1107
1116
1108
1066
998
910
800
664
514
351
173
-15
-197
-395
-590
-785
-969
-1136
-1296
-1427
-1551
-1663
-1739
-1803
-1843
-1842
-1835
-1811
-1755
-1697
-1630
-1549
-1459
-1363
-1253
-1150
-1034
-896
-757
-610
-457
-308
-167
-29
118
263
408
550
669
787
909
1016
1108
1211
1305
1375
1429
1475
1512
1547
1545
1521
1477
1426
1375
1300
1210
1115
986
849
716
575
436
290
137
-7
-138
-254
-347
-450
-540
-616
-676
-723
-747
-744
-738
-711
-685
-654
-614
-567
-505
-448
-388
-321
-267
-205
-131
-62
8
69
118
166
216
262
315
371
433
490
552
600
649
706
745
796
844
873
904
927
915
889
843
781
705
617
506
377
233
99
-53
-219
-385
-552
-705
-860
-998
-1132
-1244
-1352
-1452
-1523
-1577
-1620
-1638
-1638
-1632
-1610
-1572
-1522
-1466
-1383
-1305
-1198
-1070
-935
-789
-657
-509
-365
-213
-75
74
212
339
466
589
712
811
915
1000
1076
1156
1218
1271
1305
1325
1350
1362
1363
1337
1289
1251
1194
1129
1050
955
851
745
633
514
385
251
133
14
-107
-222
-315
-409
-486
-549
-615
-666
-695
-706
-706
-713
-707
-691
-645
-586
-527
-468
-402
-327
-260
-185
-104
-27
45
117
193
257
314
358
396
437
471
502
537
573
610
642
663
693
717
732
755
770
753
740
694
647
592
511
421
308
209
96
-37
-165
-294
-438
-578
-712
-842
-970
-1085
-1189
-1287
-1372
-1441
-1494
-1527
-1548
-1547
-1534
-1510
-1471
-1403
-1329
-1233
-1138
-1024
-906
-795
-664
-525
-376
-221
-79
52
179
296
420
546
653
748
834
924
1003
1058
1119
1163
1202
1222
1236
1242
1245
1234
1197
1150
1090
1032
966
889
788
690
579
466
364
252
138
26
-84
-186
-291
-373
-453
-535
-598
-653
-701
-731
-728
-729
-711
-684
-647
-600
-553
-487
-420
-354
-278
-198
-117
-34
43
118
197
256
307
357
395
438
480
516
544
577
616
650
674
690
701
710
710
707
706
690
666
624
585
517
449
369
281
180
66
-48
-165
-295
-429
-554
-689
-807
-914
-1026
-1123
-1201
-1270
-1322
-1363
-1389
-1406
-1407
-1383
-1344
-1295
-1228
-1149
-1054
-951
-843
-736
-609
-475
-341
-205
-82
49
163
268
367
479
571
663
741
804
873
901
946
985
1000
1014
1016
1013
1019
1002
977
946
890
832
763
698
632
556
456
361
276
178
85
-7
-109
-199
-279
-352
-426
-483
-525
-555
-581
-595
-589
-579
-563
-542
-499
-450
-396
-339
-280
-211
-153
-89
-45
12
69
123
194
244
315
368
417
466
510
542
577
608
623
633
629
613
597
585
570
555
534
513
478
452
425
386
338
281
218
144
60
-23
-106
-190
-288
-394
-492
-593
-692
-778
-850
-926
-991
-1035
-1062
-1102
-1114
-1125
-1125
-1112
-1082
-1040
-996
-933
-871
-795
-714
-627
-528
-436
-341
-237
-141
-30
71
165
268
351
424
494
569
639
694
731
758
792
812
827
831
828
813
785
746
705
655
595
532
464
389
306
223
147
70
2
-62
-143
-213
-271
-319
-365
-397
-410
-431
-443
-438
-426
-409
-392
-374
-341
-306
-278
-226
-166
-125
-81
-35
22
95
151
209
282
340
396
448
494
541
579
610
639
649
658
664
657
628
600
578
547
506
451
398
348
306
261
212
160
107
55
-9
-65
-112
-170
-230
-296
-364
-418
-471
-535
-599
-656
-707
-753
-783
-810
-829
-845
-858
-865
-860
-844
-830
-806
-767
-721
-665
-610
-540
-475
-417
-343
-277
-197
-130
-47
21
90
169
241
315
393
463
523
576
626
652
677
697
697
695
672
646
618
576
519
460
385
309
226
154
85
16
-49
-109
-164
-221
-264
-305
-337
-361
-369
-379
-375
-363
-350
-325
-310
-280
-248
-215
-185
-136
-92
-45
-10
25
60
103
137
173
226
276
322
366
410
438
473
502
543
563
580
592
600
600
579
573
552
527
510
467
431
383
328
274
207
144
70
-6
-82
-147
-209
-273
-338
-387
-439
-473
-506
-526
-538
-554
-563
-565
-561
-550
-535
-525
-517
-498
-474
-458
-433
-413
-393
-362
-337
-320
-303
-277
-248
-227
-193
-169
-137
-99
-73
-35
8
56
108
161
200
246
291
353
395
408
433
433
430
410
387
343
301
258
199
138
73
12
-41
-94
-162
-205
-260
-307
-348
-375
-403
-417
-414
-402
-393
-382
-338
-311
-271
-229
-189
-148
-94
-44
19
72
109
159
198
242
281
319
346
376
401
428
456
474
493
505
521
538
557
566
573
571
570
562
536
504
481
462
436
402
346
298
240
180
120
43
-21
-76
-159
-228
-287
-352
-410
-456
-496
-529
-547
-545
-539
-535
-518
-494
-474
-443
-409
-367
-321
-284
-247
-220
-184
-158
-142
-115
-91
-82
-58
-48
-42
-25
-13
4
18
29
35
49
63
69
69
92
120
138
157
173
182
183
176
175
165
156
136
101
66
20
-18
-69
-111
-162
-218
-263
-300
-339
-377
-412
-428
-437
-449
-441
-434
-414
-393
-359
-317
-284
-232
-185
-134
-84
-28
23
70
116
162
202
233
278
316
349
380
413
442
467
489
497
507
525
549
557
564
558
566
556
541
537
515
494
454
428
388
349
290
232
171
103
42
-43
-113
-164
-213
-271
-320
-363
-392
-425
-444
-460
-472
-473
-477
-466
-446
-413
-384
-356
-315
-274
-238
-202
-162
-128
-92
-54
-22
3
30
54
80
99
125
145
161
181
193
214
220
226
225
227
220
212
208
199
194
169
144
115
76
48
6
-44
-88
-139
-180
-229
-274
-318
-351
-382
-415
-434
-459
-463
-473
-474
-472
-458
-445
-446
-424
-393
-351
-326
-296
-261
-220
-165
-122
-77
-25
16
62
108
140
192
227
255
294
329
367
408
428
439
460
475
492
499
506
510
516
506
494
478
458
438
402
362
322
279
225
179
124
69
19
-53
-113
-172
-226
-271
-305
-328
-356
-381
-384
-394
-406
-380
-384
-368
-340
-302
-272
-239
-191
-159
-125
-83
-38
-3
26
67
104
133
166
194
220
236
262
275
286
301
307
318
319
327
330
325
316
306
287
281
263
233
201
166
133
88
52
4
-54
-109
-154
-207
-261
-290
-329
-358
-391
-423
-442
-453
-452
-456
-451
-460
-436
-409
-395
-367
-344
-315
-268
-235
-202
-161
-126
-90
-66
-36
-4
28
61
86
110
139
157
180
202
214
226
238
262
275
290
317
336
338
345
348
333
317
283
266
239
203
167
121
82
40
-8
-61
-106
-156
-203
-247
-269
-299
-322
-322
-331
-335
-332
-325
-314
-294
-262
-232
-197
-159
-125
-96
-56
-12
23
66
90
127
158
190
213
226
251
257
272
290
291
306
307
304
305
315
326
317
325
317
312
294
274
245
216
180
138
111
60
21
-17
-62
-102
-151
-189
-222
-264
-293
-322
-349
-357
-371
-371
-369
-371
-355
-350
-328
-296
-287
-258
-233
-214
-175
-151
-121
-88
-56
-32
-10
12
42
73
83
102
104
123
145
167
181
195
212
229
242
251
251
252
261
260
268
253
237
225
194
174
143
103
73
26
-17
-47
-95
-133
-171
-209
-233
-266
-288
-305
-319
-356
-376
-382
-387
-381
-389
-376
-357
-334
-303
-278
-236
-206
-153
-109
-66
-12
29
71
112
156
183
212
239
266
294
320
341
350
365
367
384
385
391
384
378
364
338
325
297
273
241
212
169
143
104
70
26
-24
-71
-116
-144
-183
-220
-253
-275
-289
-301
-310
-313
-325
-320
-306
-295
-281
-261
-242
-219
-192
-163
-132
-85
-58
-32
2
32
69
102
128
159
189
210
237
258
269
285
304
315
323
323
307
307
287
284
275
255
245
217
205
182
142
113
81
34
0
-30
-69
-113
-152
-197
-246
-285
-308
-338
-370
-398
-411
-436
-444
-445
-455
-449
-440
-417
-398
-374
-327
-296
-258
-214
-184
-152
-115
-79
-34
6
41
79
118
157
174
194
219
237
254
272
302
310
317
327
320
321
322
319
304
292
279
251
225
193
165
137
91
50
16
-18
-54
-88
-109
-148
-180
-196
-224
-240
-253
-266
-273
-263
-244
-235
-214
-188
-170
-140
-121
-96
-66
-49
-20
2
32
57
86
107
138
170
189
220
236
261
270
276
298
305
323
323
313
319
302
292
277
268
244
212
191
159
136
102
69
39
-3
-27
-55
-85
-113
-139
-166
-196
-229
-268
-289
-310
-324
-344
-354
-356
-365
-363
-359
-353
-351
-338
-339
-326
-304
-292
-265
-241
-207
-165
-142
-107
-59
-21
6
34
67
100
120
144
164
181
201
217
236
238
238
234
234
225
217
215
191
178
160
152
118
96
68
39
10
-23
-49
-83
-110
-133
-146
-175
-189
-192
-204
-212
-218
-212
-221
-213
-205
-194
-175
-160
-129
-113
-84
-58
-38
-2
19
50
77
106
126
157
188
204
229
260
271
291
317
331
338
347
346
342
349
347
332
315
304
294
270
246
215
193
169
142
118
77
57
19
-17
-39
-84
-117
-145
-171
-192
-217
-228
-244
-258
-268
-283
-292
-304
-311
-314
-317
-311
-293
-277
-270
-242
-228
-200
-169
-145
-116
-83
-35
-5
18
58
89
112
134
156
172
181
192
198
200
192
189
178
170
155
153
132
114
93
72
57
24
6
-29
-72
-97
-135
-169
-191
-211
-231
-256
-261
-275
-282
-294
-303
-300
-300
-303
-292
-278
-260
-237
-221
-200
-177
-137
-113
-85
-40
-10
17
58
93
121
153
194
237
266
283
301
326
340
348
347
353
360
362
374
368
357
347
330
313
311
293
274
244
205
187
157
126
96
52
12
-20
-47
-83
-108
-124
-149
-167
-185
-197
-206
-213
-213
-222
-217
-213
-204
-195
-202
-199
-190
-176
-156
-148
-124
-102
-93
-73
-48
-28
-12
22
47
68
92
98
122
145
159
175
172
180
179
180
175
172
154
138
120
97
77
50
28
8
-13
-36
-72
-95
-116
-151
-175
-198
-228
-255
-261
-273
-290
-296
-310
-318
-325
-330
-322
-316
-310
-298
-283
-268
-243
-225
-192
-160
-123
-94
-54
-21
10
51
80
106
143
172
192
219
238
265
279
285
305
308
320
334
325
320
331
331
308
295
277
253
232
204
175
135
110
80
49
19
-5
-25
-52
-62
-77
-89
-99
-110
-129
-140
-142
-155
-163
-154
-155
-165
-162
-153
-139
-128
-110
-95
-85
-64
-48
-25
0
21
36
47
60
80
96
126
148
157
170
176
185
200
211
207
207
194
189
178
173
163
141
125
105
75
48
19
-13
-34
-60
-78
-109
-136
-157
-177
-204
-223
-242
-254
-277
-290
-297
-304
-289
-281
-278
-293
-281
-266
-265
-252
-236
-227
-201
-180
-153
-128
-107
-67
-47
-12
16
53
82
105
128
155
176
188
217
235
243
258
262
254
261
259
257
241
234
223
202
188
170
141
116
96
57
29
-1
-31
-51
-63
-78
-99
-126
-144
-154
-164
-168
-165
-180
-178
-168
-173
-166
-153
-142
-130
-118
-103
-87
-72
-55
-38
-11
2
11
28
45
62
90
105
133
172
192
204
215
242
251
264
259
264
262
247
245
231
225
205
175
155
119
91
63
26
5
-20
-40
-66
-84
-117
-138
-166
-191
-201
-223
-228
-241
-252
-258
-257
-265
-260
-256
-248
-232
-221
-208
-195
-174
-154
-143
-126
-100
-80
-61
-46
-32
-8
14
40
57
85
100
116
144
152
169
180
185
190
191
199
199
188
183
162
148
130
118
94
73
49
26
7
-18
-35
-62
-70
-87
-102
-115
-128
-144
-139
-134
-130
-125
-126
-121
-124
-122
-116
-115
-108
-93
-85
-72
-55
-50
-35
-13
5
19
37
54
72
88
109
129
148
164
180
193
201
212
219
233
234
227
220
222
216
204
192
187
165
148
122
96
82
54
37
10
-19
-42
-65
-89
-119
-137
-144
-168
-171
-180
-196
-209
-222
-234
-235
-233
-235
-230
-235
-221
-208
-191
-186
-161
-140
-125
-101
-83
-61
-40
-13
8
37
50
68
86
105
124
142
149
152
164
169
167
165
157
150
140
133
132
122
102
80
70
44
20
4
-15
-29
-44
-71
-82
-93
-117
-128
-138
-146
-152
-162
-158
-161
-162
-161
-161
-155
-145
-140
-131
-115
-105
-89
-66
-42
-23
-10
0
29
51
77
104
122
142
164
171
182
189
191
204
202
207
207
200
208
210
200
195
184
172
161
144
126
109
87
66
41
16
3
-25
-48
-52
-73
-97
-111
-116
-127
-144
-157
-163
-177
-190
-185
-187
-192
-185
-188
-186
-177
-167
-151
-148
-138
-125
-112
-96
-64
-42
-29
-11
4
28
48
73
87
100
115
121
134
157
178
172
177
177
182
181
178
166
152
140
125
114
92
71
45
26
8
-21
-44
-69
-84
-91
-105
-117
-130
-150
-161
-163
-171
-179
-181
-180
-185
-197
-190
-187
-179
-165
-160
-143
-134
-121
-92
-72
-46
-16
-5
22
49
76
100
116
132
146
151
166
176
178
177
179
175
180
176
172
159
157
149
137
130
122
105
89
77
53
37
28
12
-3
-8
-21
-32
-43
-54
-58
-62
-67
-84
-87
-94
-96
-104
-117
-117
-109
-105
-109
-101
-98
-99
-87
-74
-70
-47
-37
-31
-12
7
27
43
62
82
90
103
122
124
124
133
136
135
135
135
123
124
112
103
86
78
72
64
46
32
16
7
-3
-20
-26
-48
-60
-79
-81
-98
-109
-114
-119
-134
-148
-151
-162
-163
-165
-166
-173
-171
-165
-156
-138
-128
-119
-98
-84
-68
-44
-22
-4
16
25
48
71
84
94
103
109
118
128
129
134
134
128
128
122
114
106
91
82
67
60
50
28
18
10
-5
-12
-29
-36
-45
-50
-64
-68
-71
-84
-91
-96
-104
-110
-111
-109
-110
-115
-110
-102
-99
-94
-94
-86
-73
-65
-53
-44
-20
3
11
30
40
52
69
91
105
113
124
141
149
152
161
162
160
161
156
158
149
139
123
115
99
88
76
53
48
34
28
12
-2
-9
-17
-20
-34
-51
-63
-81
-88
-84
-103
-113
-120
-131
-142
-147
-146
-159
-159
-155
-147
-138
-134
-129
-118
-103
-89
-67
-47
-30
-15
0
23
38
63
69
92
108
115
125
121
130
134
133
138
141
132
131
119
120
112
111
101
85
79
64
47
30
13
2
-7
-17
-32
-45
-64
-71
-82
-103
-106
-114
-119
-128
-130
-129
-137
-127
-124
-125
-119
-116
-105
-93
-91
-78
-67
-54
-42
-27
-21
-20
-5
11
17
33
58
65
77
97
106
110
113
122
124
126
121
125
113
104
103
90
87
83
79
71
74
64
58
40
23
9
-3
-22
-31
-38
-47
-57
-70
-79
-89
-95
-102
-108
-109
-106
-103
-103
-108
-101
-95
-83
-76
-67
-59
-59
-50
-44
-28
-13
1
14
39
46
62
78
84
92
94
104
102
111
114
115
112
108
106
104
106
102
95
85
81
66
58
50
35
22
7
-8
-22
-34
-55
-66
-83
-98
-114
-113
-124
-127
-133
-143
-136
-138
-136
-131
-123
-114
-105
-97
-84
-71
-60
-41
-29
-9
11
19
29
45
45
51
62
70
76
77
79
84
89
90
90
95
97
104
98
100
101
90
85
78
78
70
62
44
27
14
-5
-19
-19
-25
-41
-51
-65
-75
-87
-91
-99
-102
-103
-99
-102
-98
-93
-87
-88
-88
-90
-84
-75
-73
-63
-58
-40
-34
-26
-17
-7
9
21
21
26
42
55
57
59
74
80
85
91
99
89
83
86
88
83
80
77
65
60
48
39
30
24
19
6
1
-14
-25
-17
-25
-34
-37
-48
-54
-58
-66
-65
-63
-69
-78
-79
-77
-81
-82
-73
-66
-57
-50
-46
-38
-19
-14
5
21
33
46
58
64
68
84
87
93
90
85
92
95
90
87
84
71
66
66
64
55
52
50
43
38
31
24
15
14
0
-8
-9
-19
-25
-28
-44
-50
-59
-62
-62
-70
-73
-73
-76
-75
-74
-78
-74
-75
-76
-68
-61
-59
-49
-38
-27
-22
-15
-4
12
18
30
39
43
49
58
56
56
50
56
61
63
61
49
55
54
54
57
44
43
48
43
43
39
32
16
0
-8
-25
-35
-45
-51
-53
-59
-76
-81
-86
-96
-104
-109
-108
-107
-112
-106
-100
-100
-97
-98
-89
-75
-64
-52
-46
-32
-20
-8
7
3
10
21
25
35
35
38
51
58
68
74
78
75
71
81
78
79
76
73
69
63
60
60
55
52
48
43
39
37
30
29
22
7
-1
-11
-17
-24
-22
-26
-29
-30
-33
-37
-35
-38
-38
-27
-22
-20
-18
-19
-4
9
10
19
24
31
32
47
51
48
56
60
68
72
66
61
56
53
45
44
46
38
32
35
29
23
21
15
9
2
-6
-19
-26
-27
-42
-51
-54
-59
-66
-68
-73
-80
-83
-95
-95
-94
-102
-106
-107
-110
-103
-95
-92
-91
-86
-86
-68
-56
-55
-35
-24
-20
-7
1
17
29
41
51
59
62
74
88
93
93
86
74
79
75
75
83
78
78
64
71
69
62
62
54
49
43
36
34
31
12
11
2
-5
-12
-19
-29
-38
-40
-47
-51
-55
-53
-52
-63
-64
-73
-68
-63
-66
-65
-61
-55
-51
-39
-36
-31
-15
-3
0
8
19
30
42
37
35
43
41
50
56
50
61
64
68
66
68
74
62
53
54
52
44
42
51
41
32
28
14
17
8
-6
-14
-23
-29
-31
-34
-38
-50
-58
-58
-70
-74
-82
-79
-87
-89
-85
-92
-85
-87
-83
-79
-73
-71
-65
-55
-42
-26
-17
-14
-3
6
11
30
34
33
40
37
44
50
53
55
57
58
65
65
58
64
54
50
55
42
38
26
26
20
11
9
5
-1
-7
-16
-19
-16
-26
-26
-32
-36
-32
-44
-39
-40
-41
-39
-37
-40
-29
-22
-20
-7
-15
-8
4
1
3
3
6
11
10
17
21
25
24
27
31
44
50
52
59
59
61
64
67
65
57
46
48
43
30
25
21
28
23
20
5
2
-2
-14
-11
-23
-24
-36
-44
-44
-55
-54
-61
-62
-61
-58
-56
-64
-62
-62
-67
-73
-66
-65
-61
-49
-50
-38
-34
-24
-25
-17
-9
-8
2
8
8
16
18
24
37
32
35
40
46
50
46
41
40
43
37
39
43
43
46
42
36
41
29
21
19
6
6
2
-5
-5
-9
-18
-26
-29
-37
-34
-35
-33
-31
-33
-30
-34
-30
-27
-27
-27
-16
-5
1
12
21
30
33
39
47
47
53
47
53
60
65
70
71
63
63
59
53
51
45
42
37
29
27
24
18
9
2
0
-1
-2
-2
1
-7
-19
-22
-32
-33
-38
-40
-47
-57
-56
-61
-65
-77
-73
-72
-72
-70
-71
-67
-66
-63
-65
-51
-45
-38
-33
-25
-18
-11
-7
-5
5
0
0
4
8
9
16
25
24
20
21
19
26
28
25
34
35
38
34
43
42
47
43
41
48
34
34
24
17
10
5
-3
-16
-19
-20
-29
-34
-45
-51
-51
-50
-43
-43
-40
-33
-47
-50
-40
-42
-36
-30
-25
-25
-23
-19
-8
3
9
20
33
41
43
47
49
47
46
48
51
51
49
52
48
51
46
37
38
33
30
23
22
21
15
4
5
1
-6
-8
-14
-16
-19
-28
-24
-37
-37
-34
-42
-43
-41
-45
-39
-35
-36
-39
-37
-29
-35
-30
-25
-21
-12
-8
-8
5
14
14
22
25
19
25
34
40
38
31
38
43
45
47
45
53
50
53
53
47
34
39
33
28
26
15
14
4
-2
-6
-12
-14
-22
-27
-35
-39
-38
-41
-42
-48
-51
-55
-60
-54
-52
-62
-59
-59
-53
-44
-50
-54
-53
-52
-42
-39
-31
-27
-25
-14
-6
-1
-2
3
5
10
3
8
21
27
34
34
39
40
47
49
58
59
58
55
59
63
55
51
40
39
33
31
27
23
14
10
6
-1
-5
-2
-3
-7
-9
-8
-9
-11
-13
-18
-17
-19
-18
-19
-15
-14
-8
-8
-5
-3
1
-1
1
0
-5
2
11
15
20
24
32
30
27
36
38
40
36
35
40
37
37
40
45
36
31
19
16
24
17
12
7
-7
-19
-30
-32
-36
-47
-47
-53
-56
-61
-62
-62
-64
-58
-67
-69
-71
-66
-61
-62
-65
-52
-51
-43
-36
-37
-27
-22
-18
-14
-6
-3
4
8
14
11
10
12
11
16
15
27
33
35
40
39
46
58
50
60
67
68
61
50
45
30
24
19
18
9
-1
3
0
4
-1
-9
-12
-13
-16
-28
-29
-31
-39
-36
-33
-31
-29
-22
-23
-21
-16
-19
-13
-8
-2
0
7
6
2
5
4
10
7
13
10
14
15
15
12
12
16
18
16
16
23
19
18
21
20
19
18
19
17
16
11
8
7
4
0
-8
-13
-10
-11
-13
-21
-29
-27
-29
-34
-40
-40
-43
-45
-49
-46
-46
-40
-35
-30
-28
-26
-19
-19
-12
-7
-3
3
3
5
12
16
9
15
18
19
23
19
23
23
23
25
21
16
22
24
24
23
24
20
26
23
22
24
17
16
14
19
17
17
20
15
12
9
2
2
0
-6
-11
-14
-18
-20
-23
-28
-31
-35
-29
-28
-21
-14
-10
-11
-7
-4
2
1
-1
1
-4
2
5
9
14
18
24
17
18
27
22
24
32
39
37
32
27
16
15
11
12
12
18
18
13
16
15
9
7
9
3
1
-4
-5
-9
-11
-12
-21
-25
-32
-33
-36
-37
-33
-36
-32
-38
-38
-44
-51
-46
-46
-44
-44
-37
-41
-41
-28
-20
-17
-15
-5
-4
2
7
12
26
32
37
38
40
48
46
36
33
40
29
25
22
22
16
9
14
10
10
10
3
-1
-4
-1
-4
-14
-11
-13
-14
-18
-12
-22
-25
-25
-28
-31
-32
-26
-26
-24
-30
-28
-31
-25
-21
-15
-3
-10
-7
4
6
11
16
9
18
29
31
37
40
35
39
45
45
41
33
38
36
44
46
42
35
35
35
27
26
20
25
15
15
8
4
-5
-2
-7
-14
-14
-20
-14
-18
-16
-15
-16
-9
-13
-12
-25
-22
-11
-12
-10
-7
-4
-2
-4
-18
-14
-19
-9
-8
-6
-7
1
11
11
21
17
12
12
18
20
17
14
17
10
7
7
7
2
-4
-2
1
-11
-13
-16
-22
-16
-22
-24
-33
-28
-28
-33
-40
-46
-48
-55
-55
-59
-63
-59
-60
-58
-62
-63
-59
-56
-48
-44
-35
-34
-19
-13
-10
-3
-3
5
8
12
22
24
29
30
36
34
39
40
37
38
34
33
40
43
42
48
52
50
43
45
40
31
27
32
34
34
31
29
24
19
17
7
10
14
10
5
-2
-9
-2
-9
-13
-13
-15
-16
-8
-8
-9
-5
1
4
5
15
13
9
14
7
18
26
24
33
30
24
29
29
28
30
27
23
21
16
19
9
3
7
1
-2
8
2
2
4
-4
-4
0
-13
-27
-27
-34
-32
-45
-44
-48
-54
-55
-57
-61
-60
-62
-61
-55
-65
-58
-68
-73
-72
-72
-65
-63
-60
-49
-47
-43
-27
-21
-13
-20
-12
3
8
9
4
6
20
23
24
31
27
27
33
34
38
41
46
50
53
51
47
42
43
41
35
37
39
30
18
18
12
14
13
6
4
5
5
4
-3
6
9
10
18
7
16
8
4
5
3
0
5
1
5
11
6
12
21
25
27
19
18
24
26
31
33
27
38
33
31
30
30
35
21
27
24
20
26
16
12
13
11
8
1
1
5
1
-4
-10
-11
-15
-21
-24
-25
-39
-39
-44
-47
-46
-53
-54
-55
-48
-51
-51
-51
-49
-53
-47
-49
-50
-40
-35
-27
-26
-29
-30
-20
-16
-11
-7
-4
-3
2
4
3
12
9
5
9
11
18
21
22
22
14
12
23
24
19
17
16
9
13
10
0
9
0
5
5
1
-5
-5
-7
-11
-5
-13
-12
-10
-10
-8
-8
-7
-2
-5
-3
-5
-4
-4
-4
-1
4
11
18
24
37
38
30
33
36
38
36
38
34
32
28
27
29
31
36
34
32
30
30
28
18
16
17
17
11
13
16
6
7
7
-2
-6
-4
-10
-12
-11
-20
-26
-23
-30
-34
-42
-44
-42
-46
-50
-49
-43
-50
-46
-43
-46
-43
-39
-40
-41
-47
-39
-39
-37
-31
-33
-22
-17
-19
-9
-10
-6
-5
-2
8
2
14
17
10
11
11
3
11
17
15
12
17
18
21
20
4
2
2
1
-4
-5
-8
-12
-17
-16
-13
-16
-20
-24
-25
-27
-26
-20
-14
-17
-11
-7
-4
3
6
9
14
12
19
24
21
33
38
37
36
37
42
37
54
55
58
58
57
61
66
65
56
55
47
48
40
32
25
26
20
18
22
23
18
10
7
4
-3
-1
-8
-15
-12
-13
-12
-14
-19
-18
-21
-19
-14
-22
-19
-17
-15
-15
-21
-15
-16
-16
-17
-13
-18
-15
-13
-19
-27
-27
-19
-18
-13
-11
-8
-11
-10
-4
10
7
4
2
-1
2
-5
-8
-5
-1
-6
-7
-3
-2
-3
-3
-5
-3
-6
-7
-10
-17
-17
-12
-21
-21
-24
-31
-35
-39
-33
-38
-32
-33
-34
-41
-39
-30
-23
-26
-28
-31
-30
-16
-10
-9
-5
-3
3
13
14
14
22
24
31
32
40
43
37
45
44
43
40
45
49
50
51
47
44
50
50
47
40
42
45
38
35
27
17
20
14
12
5
2
4
-2
-1
-3
-6
-10
-8
-12
-12
-12
-21
-24
-22
-28
-29
-32
-34
-27
-31
-30
-32
-30
-29
-23
-20
-17
-10
-6
-5
6
9
7
14
14
19
13
11
11
7
5
4
4
1
-6
-11
-12
-17
-13
-17
-19
-20
-20
-24
-22
-18
-22
-24
-26
-28
-32
-32
-31
-35
-32
-31
-31
-24
-27
-30
-27
-27
-26
-26
-22
-14
-15
-14
-10
-3
-11
-4
0
3
11
12
24
17
24
34
29
29
27
34
36
32
34
38
39
40
34
26
30
24
27
22
21
27
13
4
8
9
8
3
-1
3
-4
-5
-1
-8
-7
-6
-8
-9
-11
-12
-15
-6
-6
-10
0
-2
-5
-2
-1
3
6
6
7
15
18
18
19
19
18
22
25
26
28
25
26
24
25
26
25
19
24
25
22
23
18
8
5
6
4
7
2
-4
-8
-9
-23
-26
-29
-27
-42
-43
-37
-45
-45
-48
-48
-46
-46
-37
-38
-33
-30
-34
-34
-32
-33
-27
-25
-19
-22
-17
-10
-8
-4
-2
9
6
10
13
17
20
20
24
15
15
18
21
23
22
21
19
15
16
17
17
19
20
19
15
5
10
10
4
3
-1
1
-7
2
5
-5
-10
-6
-15
-15
-18
-13
-17
-18
-23
-21
-17
-8
-7
-9
2
5
9
6
9
10
15
15
13
18
23
27
30
27
28
32
33
29
38
40
37
31
26
30
30
28
24
20
22
19
16
16
14
20
14
15
18
9
10
12
5
-2
-9
-19
-19
-20
-30
-28
-32
-36
-36
-41
-39
-36
-35
-45
-40
-39
-37
-32
-39
-33
-34
-27
-19
-12
-11
-8
-8
0
6
0
-1
3
-1
-3
-8
-12
-13
-11
-11
-14
-11
-9
-13
-15
-22
-26
-24
-19
-23
-25
-22
-28
-26
-26
-21
-19
-12
-4
7
2
3
2
2
4
-7
0
-4
1
8
14
18
15
21
20
29
24
29
25
26
33
28
27
28
28
31
31
32
39
34
39
40
43
38
40
46
39
40
34
22
21
17
12
9
6
7
3
-3
0
-4
-5
-4
-5
-4
-10
-11
-17
-13
-16
-15
-11
-11
-15
-19
-18
-16
-17
-15
-20
-18
-14
-21
-24
-23
-23
-17
-10
-12
-9
-13
-8
1
-2
-3
6
8
7
9
12
13
18
16
12
17
17
9
7
6
0
-1
-9
-12
-13
-16
-21
-25
-20
-21
-17
-31
-28
-31
-28
-23
-23
-23
-24
-22
-26
-21
-22
-22
-18
-14
-19
-19
-16
-17
-21
-14
-6
-12
-7
-6
-2
8
6
9
10
8
7
13
16
12
16
22
25
27
28
38
43
42
42
45
45
44
40
38
35
35
23
20
16
14
8
5
6
0
-3
-5
-13
-9
-7
-12
-12
-16
-17
-18
-23
-20
-16
-15
-13
-9
-14
-16
-5
-12
-7
-11
-7
-8
-8
-5
-5
1
4
11
1
3
5
6
8
4
7
10
11
13
13
18
23
21
21
18
21
20
16
15
13
10
1
-4
-3
-2
-5
-9
-13
-16
-18
-17
-11
-9
-13
-19
-23
-33
-35
-40
-42
-39
-35
-40
-34
-36
-36
-25
-32
-30
-30
-19
-26
-20
-14
-12
-2
0
-6
0
6
8
14
13
17
23
26
28
29
23
25
25
23
23
25
28
29
33
33
28
30
24
27
26
29
25
25
26
23
23
23
16
9
6
-3
-4
-1
-4
-4
0
3
2
3
6
1
8
6
9
8
9
10
12
8
7
12
11
13
9
5
4
3
5
0
11
10
11
14
19
14
12
11
2
0
-3
-3
-2
-6
-4
-5
-14
-15
-15
-15
-14
-14
-23
-26
-24
-25
-27
-30
-30
-33
-37
-39
-37
-41
-42
-39
-35
-37
-34
-38
-26
-27
-28
-27
-29
-21
-19
-19
-12
-11
-9
-12
-9
-2
3
8
5
11
14
11
14
18
23
25
16
19
23
28
27
24
24
25
18
17
12
9
9
9
3
-2
1
-4
-7
-13
-12
-12
-9
-12
-15
-19
-19
-16
-13
-17
-12
-14
-18
-18
-22
-20
-11
-8
-12
-13
-14
-1
4
3
5
8
9
10
18
18
22
29
33
35
33
35
36
38
43
37
36
31
29
27
30
33
27
20
20
20
13
17
10
8
4
-4
-6
-8
-16
-18
-10
-13
-18
-19
-23
-21
-23
-23
-17
-18
-13
-19
-21
-23
-25
-26
-28
-26
-33
-35
-30
-28
-22
-16
-17
-13
-8
-5
-2
2
8
10
7
11
8
6
11
14
11
11
9
11
11
11
12
12
10
5
7
3
7
1
1
2
-3
5
0
-1
1
-3
-1
2
2
0
-8
-5
-2
-6
-5
-6
-4
-4
-4
-6
-4
-10
-2
-2
-5
-3
-3
1
5
5
4
8
5
10
14
14
18
20
25
32
35
36
40
34
35
26
31
37
31
25
21
21
15
17
17
16
12
10
4
3
10
3
-3
4
9
4
2
-2
0
-7
-11
-13
-16
-18
-19
-22
-28
-26
-26
-23
-29
-21
-13
-17
-13
-7
-7
-7
-4
-6
-10
-7
-18
-18
-16
-16
-5
-12
-3
-4
-3
1
-2
6
6
10
5
8
8
8
4
4
1
-4
-2
-8
-12
-13
-12
-18
-19
-20
-27
-29
-25
-26
-32
-30
-30
-22
-20
-21
-15
-14
-13
-11
-13
-13
-11
-12
-7
-5
-11
-8
-6
-3
-3
-2
4
12
13
11
20
16
15
20
15
20
22
21
27
32
28
33
26
22
20
27
23
16
23
16
20
22
20
16
10
5
11
6
6
-4
-8
-12
-11
-13
-15
-10
-12
-8
-7
-12
-10
-4
-1
-2
-5
-3
-8
-10
-16
-6
-10
-15
-3
-9
-8
-6
-1
6
2
6
10
3
3
2
5
3
2
10
3
3
-1
-2
3
6
10
4
-1
3
3
-3
-8
-17
-19
-21
-31
-29
-29
-30
-31
-31
-36
-35
-37
-37
-32
-35
-32
-28
-25
-26
-16
-13
-10
-5
0
0
2
5
14
15
17
22
19
23
22
21
27
22
31
34
26
33
28
26
21
22
16
19
17
19
21
23
18
18
20
23
26
23
23
19
17
10
7
2
-1
0
-6
-2
-4
-3
-3
-5
-10
-2
-1
-6
-1
0
2
1
7
6
14
14
8
9
3
5
5
5
12
12
11
17
17
17
17
19
18
15
13
9
7
4
7
1
1
4
4
8
5
3
2
6
0
2
3
4
-2
-5
-6
-13
-18
-19
-24
-23
-22
-33
-28
-33
-34
-35
-30
-30
-34
-28
-30
-30
-28
-22
-19
-14
-13
-17
-15
-11
-10
-6
-5
0
-1
6
0
7
15
6
10
11
14
11
12
14
20
12
15
11
13
15
9
11
8
8
3
-2
-1
0
-2
-6
-5
-5
-6
-10
-15
-15
-9
-14
-14
-13
-19
-15
-9
-12
-13
-13
-11
-12
-17
-18
-14
-16
-11
-5
-5
3
7
6
3
2
7
6
7
14
14
19
18
21
27
20
18
18
14
15
11
14
4
4
7
-1
6
5
2
5
6
7
9
0
-1
-5
-2
0
-3
7
3
-3
-4
-2
-1
0
-3
-3
-10
-11
-6
-10
-17
-8
-10
-11
-9
-10
-3
1
4
4
7
9
20
23
24
21
21
19
19
25
22
27
25
26
23
19
12
10
13
7
8
3
3
1
-8
0
-9
-12
-9
-11
-13
-21
-23
-26
-27
-28
-31
-25
-25
-30
-37
-35
-37
-32
-38
-34
-29
-29
-29
-26
-26
-19
-19
-16
-13
-13
-5
-5
3
1
7
14
14
16
18
15
14
13
10
2
3
8
5
10
9
14
11
15
11
6
4
10
5
4
-1
-5
-1
-8
-5
-9
-11
-3
-5
-7
-4
1
6
6
6
3
8
8
14
8
8
16
14
19
21
15
12
16
24
22
22
17
21
27
23
27
25
23
25
22
17
22
20
15
17
18
14
7
11
7
8
-1
-1
0
-5
-1
-5
-7
-15
-22
-18
-9
-10
-11
-11
-6
-8
-11
-8
-12
-16
-19
-17
-22
-17
-16
-22
-23
-24
-21
-27
-24
-22
-21
-12
-5
-7
-7
-3
0
1
1
5
6
3
7
2
6
13
15
10
15
11
12
18
19
20
18
20
15
11
14
14
11
13
11
7
3
2
-1
-3
-1
-4
-4
-2
-5
-7
-8
-8
-9
-8
-3
-10
-15
-16
-14
-17
-12
-18
-21
-14
-15
-18
-24
-19
-20
-12
-13
-3
-5
-6
-2
-9
-3
-7
-5
2
3
1
6
9
1
7
7
4
-3
1
-1
-1
5
8
12
12
9
7
8
7
9
7
9
5
6
4
4
2
-3
-3
-6
-6
-13
-14
-8
-14
-14
-14
-15
-8
-8
-13
-11
-8
-6
-6
-5
-6
-5
-6
0
1
5
11
13
14
18
29
27
26
27
24
28
23
27
28
24
28
30
25
20
20
18
18
20
18
11
10
6
6
9
13
8
5
0
-6
-9
-17
-21
-17
-21
-23
-24
-31
-32
-32
-30
-36
-29
-27
-32
-24
-20
-22
-27
-25
-19
-18
-15
-20
-21
-18
-13
-13
-16
-5
-8
-7
2
3
4
6
12
9
10
10
13
8
13
20
14
18
12
12
8
8
8
6
8
5
6
6
4
6
8
8
8
7
1
0
-1
-2
-1
4
1
10
8
7
1
4
12
10
10
3
10
7
8
3
7
12
7
10
8
1
2
6
8
6
6
5
-3
-5
-9
-9
-11
-8
-11
-10
-15
-15
-10
-16
-11
-8
-6
-12
-7
-12
-12
-19
-24
-29
-32
-29
-24
-22
-29
-25
-24
-27
-23
-25
-27
-19
-13
-15
-13
-4
-9
-3
6
9
11
9
18
22
22
26
35
33
31
28
28
26
23
26
30
33
38
37
36
31
25
25
19
18
14
16
9
12
11
8
-4
-5
-4
-5
-4
3
-4
-10
-4
-8
-6
-8
-5
-3
2
5
-1
-6
-4
-7
0
1
2
-1
-1
8
6
8
13
8
12
11
6
9
8
13
11
13
9
12
11
10
7
10
10
9
13
4
5
9
8
9
10
9
8
8
2
-1
1
-4
-10
-14
-13
-18
-22
-24
-30
-33
-33
-37
-36
-41
-42
-43
-40
-35
-36
-29
-36
-28
-25
-26
-26
-26
-24
-18
-16
-11
-9
-13
-7
-7
-9
-8
-3
0
4
12
12
14
17
15
21
23
20
20
28
23
24
25
27
24
21
22
19
18
17
10
6
6
3
-4
-1
-2
-1
-2
-7
-7
-5
-5
-7
-2
-6
-8
-6
-9
-12
-5
-8
-6
-6
-2
-8
-2
-4
-8
2
-1
6
9
10
15
10
17
11
14
18
13
14
12
8
8
3
4
1
0
7
3
3
7
5
3
2
-1
-2
-11
-13
-12
-11
-13
-12
-4
-6
-11
-10
-17
-22
-30
-29
-34
-33
-24
-22
-21
-23
-18
-20
-15
-12
-3
0
-3
3
-1
-3
0
1
7
7
10
8
11
17
11
12
9
19
13
11
13
13
16
13
9
3
8
7
2
6
2
2
5
0
-1
2
-2
1
1
-3
0
-2
4
4
0
-1
3
7
0
-2
-3
-2
-6
-5
-6
-7
-1
-5
-3
-1
0
-1
5
6
4
3
8
7
8
10
11
9
8
12
12
13
9
9
5
11
9
7
7
5
1
6
3
2
8
12
9
12
11
10
4
2
4
-6
-3
-4
-7
-7
-6
-4
-4
-1
-5
2
5
3
3
4
3
2
6
0
2
3
5
8
3
-1
6
9
9
6
16
15
11
16
17
14
15
21
20
18
16
21
24
19
9
10
8
10
5
-4
-4
-5
-10
-13
-12
-12
-19
-15
-13
-12
-17
-13
-15
-21
-18
-13
-18
-18
-24
-29
-30
-30
-28
-33
-36
-38
-38
-39
-34
-33
-26
-27
-25
-21
-19
-13
-8
-9
-12
-3
-4
-5
-6
-3
-1
4
5
9
16
13
14
14
11
4
1
8
3
-2
-4
-1
-3
-5
-3
-6
2
3
2
12
12
14
15
10
11
8
7
8
5
10
11
8
9
4
9
8
6
11
11
19
15
11
10
8
21
9
7
11
10
13
10
16
21
19
19
15
19
14
16
17
15
14
14
15
10
4
3
6
3
4
-5
-1
-6
-11
-9
-9
-11
-14
-18
-12
-10
-10
-9
-5
-11
-14
-15
-16
-11
-14
-11
-16
-22
-23
-17
-21
-25
-20
-19
-23
-18
-23
-27
-21
-28
-18
-13
-17
-12
-10
-4
-6
-4
2
-3
-5
-9
-10
-8
-5
-3
-2
-2
-2
6
3
3
5
8
7
7
13
8
-1
0
2
2
2
3
2
1
0
2
5
6
5
12
13
14
16
13
15
17
14
11
8
9
10
13
15
8
11
16
18
11
7
10
6
13
19
19
21
21
20
20
20
21
18
15
17
19
16
14
14
15
12
14
14
4
0
0
0
-2
-7
-11
-10
-12
-13
-14
-9
-12
-15
-13
-10
-9
-5
-3
-5
-8
1
1
-7
-4
-5
-1
-13
-8
-6
-15
-13
-12
-6
-9
-7
-3
-4
-4
-3
1
0
-3
1
4
5
-2
0
2
2
3
2
3
2
-2
-6
-5
-1
-3
-6
-6
-5
-5
-1
-1
-6
-7
-11
-6
-6
-12
-13
-8
-1
-7
-4
-9
-11
-3
-7
-8
-3
-3
-8
-5
-9
-4
-8
-2
-6
-8
1
-1
-1
-2
-1
1
5
2
3
4
3
4
10
7
9
4
6
13
10
10
2
10
15
16
15
14
7
3
5
4
2
0
-6
-7
-6
-6
-6
-2
-9
-7
-11
-14
-12
-7
-10
-7
-3
-5
-5
-9
-9
-6
-4
-9
-11
-8
-1
-5
0
-3
3
2
4
5
0
2
3
9
4
8
10
9
10
9
8
12
11
16
7
6
6
2
-5
-7
-6
-8
-5
-6
-2
-6
-4
-5
-5
-2
-4
1
-2
-3
0
3
6
4
1
5
5
1
4
-2
-1
-2
-2
0
-4
-5
-8
-4
-4
0
0
0
-2
1
6
1
-3
4
0
1
2
1
11
8
11
13
9
10
8
12
2
-1
7
7
4
4
3
4
0
2
-2
-3
-1
3
5
9
8
7
3
0
2
-6
-6
-3
-8
-9
-2
-4
-7
-5
-9
-6
-9
-6
-9
-11
-6
-4
8
9
4
2
4
0
4
-2
2
0
2
9
6
4
6
4
1
4
5
3
-2
-2
-2
-5
-2
2
-3
-3
-13
-13
-10
-8
-4
-6
-5
-2
-7
-6
-8
-9
-6
-2
-6
-6
-3
-3
-7
-9
-7
-10
-14
-11
-5
-7
-3
-3
1
2
-3
-4
-3
-3
-4
1
-1
5
9
5
8
7
8
10
13
13
16
18
15
14
6
4
4
9
0
-6
-2
-3
-8
-9
-5
-6
-7
-7
-3
-5
-3
-5
-1
-9
-11
-7
-10
-7
-4
-5
-8
-5
-4
3
7
4
9
6
7
6
4
3
7
6
3
8
10
16
14
14
17
17
19
15
16
16
14
16
19
17
20
17
20
18
13
12
12
10
17
11
4
4
-1
-6
-8
-4
-8
-9
-7
-10
-13
-14
-16
-9
-11
-9
-13
-13
-13
-15
-11
-14
-11
-16
-18
-11
-9
-14
-13
-10
-15
-14
-9
-11
-12
-11
-8
-7
-5
-10
-2
0
-3
1
-3
0
2
14
10
6
11
11
7
6
5
6
-3
-5
-4
-6
-2
-9
-8
-3
-1
-3
2
-4
-1
0
-2
-6
-3
4
0
-1
-1
0
1
9
10
6
5
0
3
4
2
0
-4
-1
-1
-6
-5
-3
-4
-1
3
6
5
7
5
-1
1
-2
0
1
0
1
4
8
7
13
14
5
4
8
9
11
11
15
12
14
12
11
8
-2
-3
-5
0
-10
-6
-3
-9
-3
-6
-6
-6
-4
-8
-4
-1
-6
1
2
7
9
13
7
2
9
5
12
10
5
4
-1
0
-3
4
-1
-8
-5
-4
-5
0
-1
-7
-2
0
0
7
10
3
3
5
2
0
1
-4
-4
-6
-8
-10
-16
-17
-17
-25
-20
-19
-25
-21
-26
-25
-22
-18
-16
-12
-17
-20
-14
-14
-19
-20
-17
-16
-10
-15
-1
-4
-6
-3
-3
0
-5
-7
-1
1
-5
5
7
6
6
4
0
4
6
7
3
4
6
8
16
22
21
16
18
19
18
16
11
4
