SAMPLES:	9059
BITSPERSAMPLE:	16
CHANNELS:	1
SAMPLERATE:	16000
NORMALIZED:	FALSE
-2
1
-5
-4
0
-4
-1
-3
1
-1
-1
-1
-4
2
2
-2
0
-2
-1
-2
-2
-4
-2
2
4
-1
5
6
1
5
3
2
2
6
4
5
4
5
1
7
6
3
0
3
-1
0
1
-3
-1
-2
-3
-5
-5
3
-3
-1
-2
-2
-1
-4
2
-1
1
-7
-1
-2
0
1
-6
0
-2
1
2
-2
-4
-4
-2
-1
0
2
-3
-3
2
-1
7
4
6
1
1
4
2
7
4
4
4
4
4
3
5
6
4
2
-2
-2
5
6
0
0
-1
2
3
0
2
4
5
2
1
5
3
5
4
6
5
2
2
-3
3
1
5
2
-2
-2
0
0
4
4
5
4
0
8
5
5
4
6
2
2
5
1
-3
-7
-3
0
-9
-6
-6
-10
-6
-8
-8
-8
-9
-7
-8
-10
-9
-15
-10
-12
-10
-10
-11
-7
-10
-6
-6
-7
-4
-7
-4
-3
-4
-1
-4
0
0
0
2
-6
-4
0
-3
-1
-1
7
4
8
10
0
8
5
9
6
4
6
3
2
4
4
5
5
1
8
7
7
9
19
44
59
64
59
45
19
-12
-54
-85
-76
-50
-7
6
13
13
6
-6
-37
-67
-73
-71
-63
-41
-17
11
44
88
110
88
38
-35
-94
-137
-169
-164
-113
-31
34
82
97
102
97
69
42
24
22
2
-14
-9
26
64
83
88
78
52
-4
-64
-100
-104
-95
-73
-31
-3
38
63
65
64
31
18
0
0
18
30
69
113
143
139
109
96
61
33
15
-15
-12
-10
-2
-1
1
11
4
-8
-9
-28
-56
-63
-67
-49
-49
-53
-42
-48
-60
-61
-71
-65
-68
-85
-79
-79
-45
-31
-29
-10
1
11
7
-4
1
2
-8
-25
-31
-20
-10
5
23
22
13
-12
-41
-59
-65
-80
-72
-73
-62
-36
-30
-22
-38
-53
-78
-93
-99
-104
-104
-97
-61
-38
-23
5
17
33
29
31
36
22
26
31
51
66
75
75
83
78
66
74
68
59
49
44
38
36
47
54
73
103
124
132
126
133
121
119
98
89
88
77
80
86
119
151
176
195
210
245
261
273
285
284
298
308
307
312
287
257
227
190
142
73
15
-69
-145
-224
-298
-370
-435
-479
-528
-545
-569
-602
-624
-645
-661
-654
-656
-636
-599
-546
-489
-431
-362
-293
-231
-163
-105
-51
13
67
136
193
252
313
359
396
426
455
471
478
489
477
464
455
442
422
389
354
313
267
213
150
85
18
-35
-98
-158
-192
-241
-284
-324
-367
-403
-424
-432
-423
-411
-390
-363
-326
-289
-229
-177
-132
-87
-45
-1
43
78
111
150
188
211
223
235
224
213
199
183
174
166
150
145
144
158
170
176
206
216
228
227
235
248
249
271
253
258
264
263
283
287
333
388
447
534
613
710
789
840
869
887
874
823
744
630
531
411
272
133
-16
-157
-313
-478
-667
-835
-1017
-1186
-1341
-1473
-1581
-1661
-1725
-1770
-1749
-1703
-1629
-1537
-1447
-1330
-1199
-1066
-942
-819
-676
-531
-382
-236
-74
99
271
425
573
687
786
877
931
974
990
1008
1011
1008
1000
1008
996
975
936
882
820
740
644
529
428
311
220
140
99
73
35
-20
-94
-157
-244
-318
-398
-465
-509
-541
-564
-551
-528
-478
-416
-353
-286
-220
-162
-110
-57
-16
26
60
96
143
190
230
277
302
319
327
337
334
333
327
329
330
346
339
333
335
321
337
313
316
304
302
300
289
281
246
223
195
190
199
247
349
473
613
744
857
931
983
1008
967
883
764
622
454
270
87
-79
-214
-360
-511
-667
-808
-967
-1133
-1320
-1500
-1653
-1784
-1891
-1954
-1943
-1905
-1835
-1732
-1596
-1436
-1273
-1117
-974
-834
-702
-575
-467
-349
-218
-98
48
188
340
497
662
806
916
1006
1066
1096
1089
1072
1033
1004
936
865
815
785
776
750
732
711
662
604
503
382
253
89
-40
-177
-302
-399
-468
-508
-541
-547
-520
-507
-483
-460
-451
-429
-406
-384
-353
-295
-231
-160
-69
39
142
243
324
383
456
495
496
506
484
474
447
437
433
424
436
417
408
404
400
368
339
310
275
216
153
113
74
45
-2
-39
-51
-43
-10
54
177
325
473
608
718
824
913
987
992
953
886
781
639
461
302
134
-19
-184
-342
-501
-636
-768
-919
-1069
-1225
-1369
-1515
-1627
-1713
-1759
-1782
-1788
-1755
-1686
-1568
-1433
-1278
-1123
-969
-826
-699
-578
-457
-327
-205
-113
-9
100
241
396
532
659
785
899
982
1037
1059
1072
1056
1024
960
891
841
789
751
731
734
724
702
650
569
476
351
201
46
-110
-270
-415
-540
-642
-691
-703
-690
-650
-603
-542
-492
-420
-363
-296
-239
-208
-179
-155
-101
-42
37
114
222
332
431
534
594
660
684
683
677
636
612
573
515
484
446
423
412
392
372
344
318
270
223
153
95
6
-87
-163
-217
-230
-199
-114
16
160
298
446
598
761
890
960
963
937
860
727
551
366
188
28
-162
-350
-477
-586
-687
-772
-859
-944
-1029
-1139
-1232
-1320
-1389
-1453
-1520
-1561
-1571
-1541
-1479
-1387
-1254
-1094
-923
-749
-589
-432
-297
-186
-117
-51
10
54
111
172
241
340
440
557
673
776
861
914
951
971
956
915
857
794
731
669
609
551
505
458
394
312
243
155
55
-45
-176
-272
-362
-440
-517
-582
-614
-616
-598
-568
-526
-464
-386
-307
-240
-174
-101
-35
34
94
165
231
296
370
444
517
585
639
668
709
710
714
707
675
638
606
566
522
465
416
359
312
237
164
96
19
-40
-138
-190
-227
-237
-195
-108
-7
127
253
370
525
657
767
842
852
867
811
723
591
436
283
117
-54
-225
-365
-496
-596
-683
-766
-846
-921
-984
-1059
-1127
-1192
-1267
-1356
-1414
-1450
-1449
-1424
-1370
-1282
-1189
-1060
-934
-782
-644
-495
-366
-262
-181
-119
-43
32
81
128
187
242
324
403
486
584
664
726
771
817
832
835
821
793
772
734
699
648
594
530
468
398
309
221
124
8
-89
-186
-261
-328
-375
-423
-439
-435
-434
-421
-400
-351
-298
-254
-212
-153
-99
-38
5
50
104
162
227
272
335
400
454
511
561
602
628
643
648
626
599
565
532
490
428
358
273
222
179
137
91
33
-34
-105
-173
-221
-234
-213
-141
-37
79
222
358
507
643
774
870
914
932
893
816
704
572
411
227
28
-171
-334
-481
-598
-711
-793
-855
-913
-944
-978
-1026
-1076
-1132
-1190
-1255
-1307
-1346
-1376
-1383
-1362
-1313
-1225
-1099
-944
-788
-634
-483
-338
-209
-89
6
89
130
167
205
240
290
342
393
443
497
556
622
685
739
782
804
820
823
808
790
755
701
641
562
497
402
304
205
96
1
-94
-179
-267
-316
-370
-400
-434
-437
-414
-401
-367
-355
-346
-330
-313
-297
-268
-245
-185
-142
-75
5
80
193
296
397
490
574
636
701
734
728
707
667
628
576
508
453
368
311
271
227
186
158
121
84
36
-30
-66
-85
-73
-27
42
125
236
360
486
645
781
883
960
982
968
921
816
690
529
334
142
-46
-232
-394
-537
-651
-765
-856
-909
-952
-975
-1008
-1043
-1084
-1129
-1206
-1257
-1302
-1325
-1335
-1327
-1296
-1253
-1152
-1058
-947
-840
-729
-600
-483
-353
-246
-146
-59
13
72
134
195
244
285
316
358
405
453
512
565
610
664
701
737
756
771
777
764
743
714
666
600
516
402
285
162
56
-52
-148
-242
-315
-367
-386
-389
-383
-360
-344
-298
-265
-239
-228
-213
-204
-195
-173
-147
-117
-57
8
95
186
282
384
495
607
710
797
845
855
847
824
766
686
596
502
411
302
220
148
101
52
-5
-54
-91
-100
-101
-83
-34
40
107
177
275
385
498
603
675
745
780
783
761
680
592
471
324
155
-17
-179
-322
-457
-593
-700
-794
-876
-922
-950
-972
-988
-1018
-1055
-1100
-1127
-1151
-1162
-1182
-1183
-1188
-1154
-1101
-1045
-953
-874
-757
-668
-551
-426
-317
-202
-124
-27
54
122
193
252
314
342
377
405
439
473
489
528
568
609
631
670
716
748
776
763
743
703
644
571
455
358
241
118
0
-110
-205
-283
-354
-406
-428
-441
-422
-403
-368
-323
-285
-246
-228
-199
-170
-146
-110
-68
-32
36
124
207
312
415
515
618
703
767
821
855
867
845
820
776
712
624
533
424
307
220
129
49
-37
-112
-169
-194
-214
-208
-162
-92
-17
66
175
302
443
563
663
735
784
788
755
683
588
453
302
136
-31
-173
-310
-409
-527
-615
-688
-726
-761
-819
-834
-868
-913
-959
-993
-1040
-1068
-1111
-1141
-1161
-1170
-1165
-1145
-1084
-1024
-938
-846
-751
-632
-530
-422
-302
-201
-98
-23
56
104
161
212
248
272
292
333
361
393
412
464
517
564
630
686
738
778
793
788
761
736
687
604
495
373
250
128
-5
-106
-204
-303
-361
-418
-435
-446
-441
-424
-399
-362
-324
-278
-260
-225
-210
-179
-138
-71
3
81
187
264
354
442
534
620
703
779
831
863
877
891
871
808
732
642
555
441
341
261
175
81
-13
-82
-147
-187
-216
-206
-169
-100
-7
90
195
324
457
572
679
750
794
808
791
739
627
489
343
175
11
-135
-279
-416
-531
-634
-704
-770
-803
-830
-857
-874
-909
-936
-982
-1024
-1063
-1096
-1124
-1175
-1184
-1182
-1169
-1129
-1091
-1027
-942
-839
-749
-653
-544
-423
-316
-207
-105
-16
54
117
179
213
255
293
329
354
373
405
448
494
552
619
675
731
780
832
867
873
870
824
758
678
552
428
290
163
37
-95
-208
-294
-367
-430
-465
-478
-478
-472
-445
-418
-379
-346
-298
-242
-179
-115
-49
25
107
201
295
365
444
503
552
610
639
677
697
723
729
702
675
634
589
541
485
418
340
267
194
113
30
-50
-137
-197
-232
-220
-169
-95
4
123
257
410
565
696
793
868
898
892
873
789
674
536
374
205
25
-146
-317
-459
-593
-710
-791
-858
-909
-954
-978
-985
-985
-997
-1026
-1044
-1058
-1088
-1104
-1130
-1147
-1174
-1187
-1185
-1162
-1126
-1064
-984
-890
-770
-645
-501
-379
-247
-109
12
123
199
250
302
329
344
355
363
382
413
450
488
551
616
686
770
841
893
941
971
982
969
910
829
715
581
433
291
142
-11
-150
-274
-381
-458
-508
-539
-550
-553
-539
-509
-462
-404
-345
-271
-187
-86
19
126
233
306
364
422
466
500
508
525
529
531
523
524
531
548
542
522
527
503
481
436
385
332
272
188
95
-1
-86
-147
-200
-214
-193
-124
-45
62
180
310
465
623
765
876
949
987
991
947
873
763
604
435
244
49
-148
-331
-499
-658
-791
-894
-983
-1037
-1084
-1115
-1130
-1138
-1139
-1133
-1121
-1121
-1133
-1146
-1168
-1189
-1205
-1220
-1225
-1213
-1180
-1147
-1082
-990
-873
-755
-618
-474
-313
-159
-16
118
233
338
409
461
502
533
549
558
572
588
614
657
716
768
828
905
954
1000
1017
1023
998
948
869
754
637
485
334
180
21
-123
-257
-390
-491
-569
-623
-659
-659
-654
-625
-560
-483
-400
-290
-167
-31
113
230
333
400
456
494
492
486
454
423
378
352
347
354
368
399
423
457
482
497
513
490
479
445
376
293
200
85
5
-73
-124
-160
-155
-116
-40
54
167
305
447
618
763
896
984
1042
1050
1015
945
843
701
531
338
123
-85
-320
-515
-711
-893
-1022
-1136
-1216
-1271
-1287
-1284
-1278
-1243
-1224
-1205
-1178
-1171
-1175
-1192
-1203
-1205
-1224
-1222
-1203
-1204
-1176
-1125
-1043
-951
-837
-708
-562
-406
-242
-85
71
219
351
456
553
610
667
698
721
740
750
759
783
813
831
869
886
925
937
956
966
963
947
902
838
750
647
526
380
234
89
-68
-203
-329
-442
-531
-601
-637
-653
-640
-602
-541
-449
-330
-201
-73
57
189
302
385
442
471
463
446
409
366
328
298
266
255
264
254
272
299
314
335
346
340
335
328
304
267
223
169
114
53
-6
-35
-52
-42
-10
46
128
231
366
497
645
767
885
986
1035
1076
1051
996
907
757
568
346
110
-120
-361
-577
-777
-975
-1136
-1263
-1363
-1416
-1448
-1443
-1421
-1380
-1332
-1301
-1256
-1228
-1201
-1192
-1184
-1173
-1171
-1160
-1146
-1125
-1087
-1055
-996
-909
-814
-708
-569
-446
-306
-150
-5
160
291
436
553
658
736
800
846
866
883
884
872
862
852
849
848
849
870
882
895
898
888
857
831
780
725
639
533
406
271
131
-14
-148
-263
-365
-444
-499
-547
-560
-551
-522
-465
-403
-311
-204
-93
29
138
235
313
378
426
450
442
424
399
367
325
287
253
236
216
206
200
212
226
219
234
228
240
241
239
241
216
191
175
163
147
141
146
173
214
270
334
419
521
627
742
821
891
935
942
918
837
725
586
416
217
-7
-243
-475
-687
-903
-1091
-1246
-1376
-1475
-1540
-1577
-1586
-1572
-1551
-1502
-1459
-1388
-1330
-1271
-1212
-1170
-1109
-1076
-1041
-1016
-985
-954
-921
-870
-807
-735
-637
-532
-411
-276
-140
16
157
316
469
595
719
822
906
962
1000
1012
1014
1020
1012
1001
990
959
951
946
935
951
927
910
881
852
818
756
685
587
495
398
279
152
40
-69
-171
-277
-362
-439
-493
-529
-541
-523
-506
-459
-403
-329
-240
-136
-22
90
187
279
347
370
377
352
327
292
235
187
144
107
87
58
35
41
50
69
94
127
161
205
245
275
301
327
318
326
330
349
355
382
414
450
507
557
618
690
743
772
812
807
782
727
646
536
398
235
46
-148
-350
-549
-749
-949
-1132
-1277
-1417
-1518
-1598
-1650
-1672
-1661
-1619
-1554
-1468
-1388
-1304
-1227
-1151
-1070
-1007
-956
-901
-877
-846
-824
-797
-757
-708
-645
-586
-488
-376
-244
-111
24
180
328
475
604
730
846
936
1001
1053
1092
1118
1102
1083
1062
1035
1011
981
954
944
918
900
892
866
836
808
772
716
645
571
483
392
295
185
75
-44
-148
-258
-362
-455
-534
-596
-630
-646
-622
-571
-503
-415
-328
-221
-108
-5
76
159
221
227
240
219
180
143
91
61
18
-2
-15
-4
2
31
76
110
145
198
257
328
384
438
481
499
528
536
557
565
567
559
548
556
552
549
564
575
583
592
574
546
502
452
371
291
177
36
-113
-261
-431
-604
-776
-951
-1103
-1250
-1374
-1474
-1544
-1580
-1615
-1606
-1577
-1513
-1429
-1347
-1262
-1187
-1103
-1036
-978
-924
-867
-822
-785
-747
-729
-690
-645
-603
-531
-455
-345
-232
-99
38
178
331
483
620
741
878
982
1073
1135
1172
1192
1197
1193
1176
1141
1107
1067
1031
1003
966
929
916
889
857
819
779
742
687
640
562
485
394
290
164
26
-103
-234
-351
-469
-579
-645
-706
-740
-742
-719
-678
-626
-537
-436
-325
-218
-127
-38
30
97
128
149
155
130
124
113
93
81
63
69
96
125
174
229
290
354
414
483
551
583
617
641
642
636
593
546
498
433
391
335
289
237
214
215
217
235
266
295
315
321
300
265
199
119
-8
-141
-291
-464
-628
-807
-963
-1118
-1265
-1381
-1461
-1509
-1543
-1547
-1522
-1471
-1420
-1355
-1267
-1192
-1107
-1020
-955
-883
-826
-794
-763
-734
-697
-676
-652
-614
-552
-478
-383
-262
-137
8
159
317
480
633
783
931
1043
1140
1210
1247
1266
1271
1246
1218
1191
1153
1116
1081
1047
1009
991
985
972
975
957
938
922
882
841
756
659
547
418
264
121
-35
-190
-340
-491
-607
-719
-801
-869
-905
-912
-906
-880
-825
-760
-671
-573
-465
-340
-242
-165
-100
-45
16
44
54
63
86
95
109
136
154
202
254
324
383
436
489
526
554
575
579
559
528
487
431
372
299
242
189
155
137
117
126
142
160
203
258
313
377
414
427
437
418
377
312
210
92
-42
-192
-363
-529
-683
-841
-997
-1123
-1241
-1324
-1390
-1433
-1435
-1412
-1382
-1334
-1280
-1222
-1161
-1100
-1052
-1004
-952
-900
-876
-824
-791
-747
-708
-663
-587
-518
-415
-315
-186
-60
73
211
361
510
629
760
875
976
1061
1131
1183
1217
1233
1218
1208
1190
1175
1157
1128
1117
1109
1087
1075
1068
1052
1033
991
950
893
826
735
631
503
366
211
59
-93
-242
-380
-518
-618
-712
-792
-854
-899
-936
-951
-941
-906
-849
-781
-698
-606
-508
-399
-289
-186
-87
11
91
155
197
243
273
272
278
263
279
281
289
292
285
289
286
291
292
293
291
291
296
294
292
278
267
241
219
213
200
189
197
210
219
241
263
295
308
324
348
354
335
301
254
189
106
-1
-132
-263
-406
-546
-686
-832
-970
-1079
-1184
-1252
-1298
-1345
-1351
-1339
-1294
-1256
-1207
-1134
-1064
-1012
-936
-875
-804
-726
-678
-622
-567
-517
-459
-389
-325
-254
-189
-112
-15
83
207
313
440
549
658
781
875
971
1053
1126
1175
1217
1249
1258
1251
1244
1219
1176
1141
1088
1038
993
943
884
829
774
716
654
584
514
439
358
276
178
81
-35
-147
-251
-360
-441
-534
-627
-700
-763
-810
-838
-861
-855
-847
-826
-773
-717
-632
-557
-470
-378
-277
-188
-111
-44
13
51
70
86
78
69
48
39
36
42
56
77
106
159
199
254
308
356
419
436
463
481
490
482
461
446
422
369
326
281
240
197
168
162
158
171
194
203
217
221
209
186
157
108
47
-26
-113
-208
-303
-408
-516
-632
-745
-836
-920
-993
-1048
-1076
-1086
-1070
-1045
-1016
-966
-896
-837
-784
-728
-673
-617
-556
-501
-462
-412
-382
-350
-324
-297
-265
-210
-161
-82
-2
88
193
293
407
515
624
715
806
873
924
968
980
1001
994
968
939
901
857
802
738
689
651
613
606
598
583
582
576
583
580
571
559
511
458
383
292
187
70
-47
-171
-281
-386
-498
-593
-680
-731
-783
-811
-820
-810
-789
-762
-721
-689
-634
-571
-504
-434
-373
-303
-235
-187
-134
-91
-59
-38
-16
7
30
48
69
116
165
216
261
302
352
391
433
457
478
469
462
435
394
343
288
242
190
141
96
55
32
29
22
47
73
96
140
188
218
245
270
285
280
267
228
183
125
64
-8
-81
-168
-250
-321
-402
-466
-522
-584
-612
-645
-652
-656
-668
-672
-658
-643
-632
-622
-613
-603
-594
-571
-577
-560
-554
-550
-524
-487
-450
-402
-349
-281
-211
-136
-61
11
104
181
263
339
399
458
521
565
603
619
630
644
648
662
668
664
674
683
692
695
704
724
734
746
746
731
721
705
680
616
537
456
374
282
190
84
-48
-161
-275
-360
-448
-524
-593
-649
-689
-723
-740
-753
-751
-751
-737
-718
-692
-660
-623
-566
-498
-426
-350
-283
-198
-127
-53
19
68
114
143
161
169
168
172
181
192
199
225
238
266
283
297
296
286
282
265
254
239
227
213
209
197
193
201
220
239
263
297
343
382
424
460
491
531
549
558
544
532
518
479
432
379
297
213
122
30
-76
-176
-280
-381
-477
-563
-641
-722
-786
-850
-890
-924
-946
-951
-959
-958
-938
-928
-907
-884
-851
-813
-775
-744
-703
-658
-612
-564
-524
-466
-396
-324
-254
-181
-93
-19
66
145
230
322
403
488
552
625
689
734
785
829
845
866
854
843
826
797
783
759
745
730
720
709
705
692
687
664
645
606
550
490
413
330
234
132
17
-108
-231
-338
-450
-548
-636
-709
-775
-832
-877
-898
-899
-886
-861
-827
-776
-733
-663
-598
-521
-447
-380
-297
-244
-180
-144
-106
-80
-52
-27
-6
33
76
120
167
224
296
372
440
512
578
628
661
686
685
682
667
665
627
594
576
540
518
486
462
457
461
476
494
512
537
548
565
567
565
558
530
507
447
388
299
197
96
-28
-157
-288
-421
-550
-668
-782
-873
-952
-1014
-1056
-1092
-1112
-1115
-1118
-1104
-1087
-1085
-1065
-1051
-1037
-1024
-1023
-1028
-1027
-1003
-983
-954
-913
-857
-783
-696
-608
-507
-392
-268
-141
-17
116
236
355
463
576
666
740
815
869
903
921
943
958
978
981
983
997
991
1006
996
1004
1026
1035
1039
1035
1030
1013
974
907
820
733
625
504
368
213
59
-104
-253
-397
-522
-630
-734
-815
-890
-953
-999
-1034
-1053
-1043
-1028
-1005
-980
-944
-907
-861
-805
-734
-652
-573
-479
-374
-273
-177
-73
35
126
217
302
389
466
542
605
662
698
738
761
784
787
784
783
763
754
710
686
654
636
605
573
547
519
495
475
442
429
409
384
378
360
346
314
304
278
252
217
183
150
109
59
5
-59
-134
-225
-309
-394
-498
-601
-701
-783
-872
-957
-1028
-1097
-1149
-1202
-1245
-1281
-1304
-1308
-1310
-1289
-1275
-1247
-1215
-1177
-1134
-1078
-1006
-916
-827
-742
-658
-568
-461
-359
-252
-144
-20
92
206
330
446
563
671
772
871
963
1044
1105
1155
1188
1224
1232
1233
1213
1192
1163
1127
1077
1024
960
893
828
752
683
612
553
498
433
369
301
247
186
126
57
-17
-75
-151
-228
-302
-388
-467
-543
-617
-673
-733
-773
-818
-839
-848
-856
-837
-806
-763
-718
-655
-590
-516
-441
-370
-290
-221
-142
-49
37
125
203
277
351
416
469
517
555
594
620
654
684
707
714
712
704
691
657
625
589
554
515
457
407
361
311
252
199
145
96
49
12
-16
-30
-39
-35
-47
-47
-45
-40
-31
-30
-33
-53
-67
-96
-132
-165
-222
-291
-357
-427
-507
-582
-663
-740
-807
-867
-923
-968
-995
-1030
-1044
-1047
-1048
-1025
-1008
-963
-923
-866
-794
-739
-665
-596
-523
-447
-381
-317
-238
-176
-114
-47
12
85
151
232
301
373
439
504
567
614
666
706
750
790
817
835
853
861
862
853
844
828
817
807
793
777
747
712
668
643
600
564
528
500
464
411
363
317
272
217
167
112
53
3
-58
-130
-189
-256
-331
-403
-465
-509
-559
-598
-624
-653
-666
-680
-685
-676
-648
-605
-568
-531
-482
-425
-360
-296
-238
-180
-96
-17
53
110
179
245
286
326
349
375
408
417
432
435
433
424
408
385
359
319
291
262
230
194
155
121
80
53
12
-22
-62
-86
-101
-111
-117
-121
-120
-124
-122
-126
-117
-103
-82
-65
-50
-45
-42
-28
-17
-6
-19
-13
-29
-39
-58
-85
-111
-160
-206
-251
-313
-364
-420
-493
-548
-598
-641
-665
-691
-690
-699
-694
-679
-665
-630
-596
-545
-490
-425
-381
-330
-276
-223
-161
-106
-37
18
64
120
174
239
292
351
413
466
529
567
614
660
701
745
770
793
807
815
814
790
775
748
713
675
629
585
530
475
420
361
314
264
207
161
116
74
46
4
-28
-60
-96
-125
-147
-171
-199
-229
-268
-305
-337
-378
-411
-446
-468
-486
-496
-502
-501
-501
-489
-470
-451
-435
-406
-375
-328
-287
-246
-197
-159
-131
-111
-77
-51
-14
26
57
97
129
143
166
183
203
213
231
241
248
250
246
256
254
253
231
224
215
214
197
185
164
147
138
117
114
92
79
58
42
44
52
52
57
49
49
56
52
68
81
85
86
81
84
85
78
60
55
31
13
-9
-44
-69
-80
-114
-155
-186
-213
-240
-264
-301
-325
-350
-377
-396
-415
-432
-434
-439
-429
-419
-427
-418
-401
-389
-368
-348
-322
-279
-241
-215
-178
-124
-94
-44
-11
30
77
129
182
220
257
285
312
337
366
386
399
402
409
409
402
386
371
353
326
298
269
254
240
203
183
162
146
129
104
101
83
72
62
41
28
16
-1
-6
-22
-37
-48
-60
-72
-89
-99
-117
-132
-154
-156
-171
-178
-194
-195
-195
-209
-208
-210
-218
-212
-203
-192
-178
-161
-134
-122
-100
-72
-52
-26
-6
16
39
60
79
96
113
125
134
137
146
149
153
157
156
150
153
143
129
129
112
111
97
89
83
72
82
79
92
84
87
100
95
96
93
109
110
122
138
155
168
184
204
215
233
246
259
264
258
257
238
206
185
160
140
109
78
54
7
-38
-60
-108
-136
-167
-194
-231
-281
-323
-365
-401
-444
-478
-516
-533
-550
-568
-590
-604
-608
-622
-610
-603
-588
-556
-534
-502
-471
-429
-383
-347
-302
-264
-220
-187
-151
-130
-111
-67
-37
-7
23
53
82
123
160
197
234
272
311
348
379
406
426
453
476
481
494
506
519
523
525
504
501
482
458
437
430
410
390
380
351
331
308
285
249
225
184
148
112
61
19
-24
-66
-122
-166
-210
-252
-283
-312
-339
-355
-357
-364
-365
-352
-354
-331
-313
-286
-259
-246
-208
-174
-144
-125
-94
-71
-39
-4
19
45
70
97
119
143
167
176
200
224
231
234
249
252
268
269
272
267
262
249
238
227
209
190
171
157
149
146
130
130
134
132
124
118
104
104
85
94
93
91
86
65
47
31
14
-8
-24
-44
-72
-98
-121
-148
-170
-192
-207
-229
-260
-297
-330
-366
-395
-432
-465
-504
-532
-556
-582
-603
-617
-628
-641
-631
-630
-621
-600
-577
-551
-516
-480
-441
-409
-371
-333
-293
-247
-197
-160
-124
-88
-48
-11
29
72
123
176
221
276
317
368
421
471
516
540
569
589
602
626
627
627
630
632
626
611
604
589
585
558
540
510
481
464
440
413
379
336
296
268
233
194
156
111
77
29
-19
-62
-103
-153
-195
-223
-262
-285
-303
-330
-347
-364
-373
-375
-373
-366
-364
-355
-337
-322
-299
-266
-248
-231
-201
-169
-136
-106
-84
-40
-8
24
46
80
119
136
162
171
191
201
213
222
221
221
216
205
193
175
159
148
132
114
91
67
50
24
-1
-20
-51
-69
-93
-99
-114
-122
-132
-139
-141
-138
-131
-134
-125
-117
-112
-108
-102
-96
-91
-93
-81
-72
-64
-59
-67
-67
-52
-56
-60
-69
-85
-93
-101
-111
-130
-134
-153
-170
-174
-174
-181
-188
-203
-210
-216
-225
-226
-248
-256
-266
-274
-283
-281
-271
-259
-240
-222
-194
-163
-134
-103
-59
-28
17
52
97
126
149
186
211
228
236
259
275
295
303
306
311
313
325
325
334
339
338
339
332
338
334
328
326
323
311
308
294
297
287
269
257
242
233
215
192
169
162
135
106
80
49
16
4
-32
-54
-76
-102
-129
-159
-192
-223
-247
-279
-294
-309
-307
-315
-315
-307
-304
-302
-287
-278
-264
-226
-204
-162
-128
-114
-83
-62
-16
3
24
49
68
94
93
108
117
136
150
155
162
164
164
158
149
142
125
107
88
71
60
48
20
-5
-31
-57
-76
-96
-107
-115
-128
-132
-124
-119
-130
-117
-104
-91
-68
-42
-25
-20
-6
10
33
33
45
53
62
78
80
91
93
102
115
111
113
111
105
104
106
100
92
77
54
30
-1
-27
-81
-118
-156
-186
-226
-257
-284
-310
-334
-362
-389
-414
-419
-437
-447
-455
-442
-426
-408
-388
-368
-333
-309
-288
-259
-217
-178
-143
-103
-65
-18
27
75
120
171
223
259
303
347
393
432
455
482
502
513
525
526
529
521
506
495
477
456
438
413
399
384
351
332
300
273
248
224
201
165
145
114
80
44
11
-30
-69
-109
-146
-175
-213
-242
-266
-287
-306
-322
-330
-346
-352
-346
-336
-324
-312
-287
-268
-234
-221
-196
-176
-159
-131
-127
-97
-75
-58
-30
-17
4
17
33
47
58
75
95
105
119
122
126
132
139
148
147
143
143
144
130
127
116
108
113
106
98
96
77
83
71
55
58
43
53
44
56
66
59
52
45
36
30
24
13
6
-14
-30
-44
-54
-60
-75
-89
-107
-111
-123
-133
-132
-152
-164
-184
-200
-214
-230
-242
-253
-263
-277
-297
-298
-300
-300
-297
-301
-304
-297
-292
-288
-269
-254
-236
-214
-193
-184
-167
-149
-121
-84
-49
-26
2
32
66
108
135
171
198
233
253
279
306
327
351
361
374
379
379
394
397
392
390
387
383
377
356
338
328
303
279
260
239
218
193
156
141
107
78
49
16
-9
-43
-71
-111
-132
-163
-194
-216
-238
-251
-258
-280
-287
-292
-289
-282
-286
-269
-260
-239
-222
-200
-185
-162
-144
-122
-95
-84
-46
-29
-2
26
55
89
117
138
171
198
218
239
258
269
276
292
280
287
268
254
232
207
187
153
146
122
93
82
52
25
5
-23
-35
-57
-79
-103
-123
-144
-155
-179
-188
-210
-232
-232
-250
-256
-274
-285
-285
-282
-280
-267
-252
-230
-220
-207
-182
-161
-144
-120
-88
-80
-60
-30
-14
6
23
36
55
59
82
90
93
100
103
112
110
118
123
125
124
124
119
117
110
106
101
84
76
65
53
42
25
-1
-22
-45
-49
-60
-75
-78
-88
-78
-88
-78
-73
-71
-59
-58
-55
-52
-46
-40
-39
-32
-33
-19
-10
-4
5
1
21
33
38
49
53
66
70
73
84
85
97
97
100
100
93
91
78
76
66
55
57
39
43
39
34
41
30
36
46
45
46
39
46
48
46
31
34
41
35
35
38
33
30
34
19
24
18
19
18
12
11
18
19
19
11
8
10
-3
-9
-24
-32
-37
-51
-59
-64
-77
-75
-93
-98
-105
-105
-108
-102
-90
-82
-76
-73
-57
-42
-35
-29
-14
-17
11
13
16
17
15
20
22
32
35
41
43
54
67
77
84
95
108
98
97
103
102
100
89
83
76
75
70
62
49
46
42
33
22
24
21
15
9
8
-6
-14
-15
-24
-30
-44
-48
-74
-87
-112
-125
-146
-165
-178
-200
-211
-214
-228
-233
-235
-243
-238
-249
-242
-240
-230
-227
-210
-207
-207
-188
-176
-158
-141
-116
-80
-66
-48
-12
10
35
62
72
95
120
132
166
172
183
198
200
207
209
208
221
227
227
215
213
209
197
198
183
161
142
128
115
99
88
70
59
58
39
31
19
21
19
-8
-8
-19
-29
-23
-24
-26
-31
-32
-40
-46
-40
-44
-41
-32
-29
-23
-23
-18
-16
-12
5
14
19
30
36
49
62
69
82
93
100
114
116
128
132
126
132
132
128
127
116
108
103
88
77
73
65
50
42
31
26
17
9
-7
-10
-14
-20
-26
-34
-57
-79
-90
-102
-121
-124
-133
-145
-149
-153
-147
-156
-160
-163
-159
-165
-162
-158
-162
-163
-155
-156
-155
-154
-147
-153
-147
-145
-152
-155
-153
-150
-147
-135
-138
-137
-129
-126
-130
-110
-110
-101
-96
-86
-79
-78
-70
-70
-59
-54
-33
-33
-15
-7
11
14
22
40
48
67
75
79
88
112
120
136
147
149
152
158
155
157
150
148
146
137
137
122
123
113
109
117
116
110
106
103
103
97
97
88
88
95
91
96
91
89
84
83
81
76
77
73
73
66
68
64
65
62
60
58
60
58
49
51
50
51
55
47
52
53
48
48
45
45
40
30
38
49
41
48
48
52
48
47
49
44
39
42
42
34
30
23
13
8
-14
-30
-49
-67
-78
-97
-122
-143
-163
-180
-193
-212
-225
-242
-253
-254
-254
-254
-255
-253
-245
-241
-232
-221
-209
-187
-169
-154
-141
-134
-117
-98
-83
-76
-59
-42
-35
-29
-19
-7
11
23
21
24
34
44
44
35
40
38
31
25
19
24
19
14
14
10
-4
2
7
4
10
14
4
20
28
27
31
42
52
49
53
54
50
58
62
62
70
71
76
78
81
94
96
93
101
100
102
97
91
102
94
104
96
89
91
81
91
82
79
85
82
80
76
76
73
67
64
68
77
83
87
86
94
96
90
97
104
103
114
112
117
111
102
98
88
69
52
47
24
17
4
-4
-25
-40
-46
-60
-72
-88
-99
-102
-102
-112
-114
-110
-107
-102
-102
-108
-109
-124
-122
-125
-130
-121
-121
-117
-122
-124
-133
-132
-134
-127
-122
-131
-127
-122
-120
-129
-120
-120
-116
-111
-106
-94
-90
-81
-72
-57
-45
-38
-23
-17
-17
1
-5
8
14
12
25
16
25
16
19
23
21
17
19
18
16
18
19
19
32
37
34
46
44
48
44
36
46
37
38
40
40
33
42
46
47
48
37
48
43
44
37
39
42
42
38
37
39
38
36
36
26
30
30
35
46
38
54
52
54
62
57
69
68
69
79
82
87
81
93
80
82
82
80
81
72
63
56
51
48
45
30
28
16
2
-3
-6
-14
-10
-13
-20
-25
-30
-30
-38
-44
-42
-42
-48
-49
-54
-55
-60
-64
-59
-70
-82
-82
-88
-95
-99
-94
-95
-89
-82
-89
-93
-92
-94
-84
-75
-68
-59
-54
-57
-42
-39
-31
-22
-24
-17
-17
-8
-2
-3
8
8
18
17
24
20
21
30
30
35
39
51
53
54
59
56
60
73
76
79
78
68
66
62
54
58
56
47
45
45
36
34
29
21
16
21
16
9
8
-3
-10
-8
-7
-15
-22
-27
-24
-26
-29
-27
-32
-30
-26
-26
-25
-20
-18
-13
-12
0
6
11
13
9
19
14
13
8
-3
-4
-10
-10
-10
-14
-12
-18
-17
-25
-24
-23
-16
-19
-21
-23
-19
-15
-23
-24
-29
-21
-23
-27
-32
-32
-27
-29
-30
-21
-17
-21
-13
-22
-15
-12
-10
-7
-17
-9
-24
-21
-24
-34
-30
-48
-39
-36
-32
-26
-26
-22
-21
-23
-12
-5
-3
-3
1
1
0
4
12
16
18
26
20
29
29
30
30
25
29
22
33
26
31
41
38
41
45
57
63
67
67
69
69
76
70
67
74
73
73
63
61
50
44
47
50
42
41
40
40
31
33
34
24
26
19
15
10
0
3
-5
-9
-6
-10
-8
-12
-15
-17
-15
-20
-19
-14
-17
-9
-15
-13
-12
-10
-24
-26
-27
-31
-34
-29
-30
-31
-36
-38
-31
-43
-54
-63
-71
-76
-85
-86
-77
-78
-87
-87
-86
-90
-97
-96
-98
-89
-91
-83
-82
-87
-75
-80
-75
-70
-59
-66
-57
-56
-51
-45
-37
-31
-23
-12
-1
9
19
28
41
50
53
69
65
63
63
54
55
55
52
50
45
50
45
44
48
35
44
53
48
53
57
56
56
56
56
62
52
57
56
60
58
51
55
44
49
47
44
51
55
49
54
54
47
54
54
60
51
57
56
53
50
45
45
43
52
42
47
47
39
40
31
36
32
24
12
9
11
10
5
11
7
2
0
-5
-3
-15
-17
-22
-25
-26
-41
-39
-43
-46
-48
-52
-62
-63
-62
-64
-63
-64
-67
-58
-63
-62
-73
-76
-79
-82
-76
-80
-84
-77
-69
-80
-69
-79
-72
-68
-73
-61
-59
-53
-58
-66
-62
-55
-55
-55
-49
-43
-47
-41
-43
-38
-36
-25
-21
-26
-26
-21
-25
-27
-19
-9
4
0
6
7
15
17
12
25
22
23
30
33
37
39
46
50
60
69
77
75
85
72
76
74
72
80
82
78
71
69
68
68
64
56
53
51
48
52
46
45
40
40
41
34
32
25
26
28
22
24
17
23
24
29
29
28
26
28
32
34
29
39
40
41
40
36
36
30
32
22
22
24
20
26
20
15
10
-1
-11
-14
-25
-34
-37
-48
-50
-55
-58
-71
-77
-69
-66
-74
-74
-79
-80
-85
-94
-90
-100
-96
-101
-104
-102
-104
-105
-107
-109
-113
-105
-106
-100
-95
-78
-73
-69
-50
-56
-51
-42
-33
-28
-20
-21
-13
-11
-5
6
14
20
29
35
41
44
48
56
57
62
59
63
75
75
74
74
64
68
66
66
64
71
72
74
74
69
74
67
66
53
45
52
45
54
46
47
47
37
22
22
16
2
0
-4
-4
-7
-8
-1
3
-2
-2
-5
8
14
15
18
10
7
11
18
20
18
13
15
12
17
13
10
21
23
28
26
39
38
44
32
41
35
36
35
26
26
21
26
17
18
14
5
0
-8
-14
-12
-15
-23
-22
-31
-40
-41
-46
-48
-51
-59
-59
-69
-82
-90
-95
-101
-104
-103
-105
-102
-100
-104
-96
-97
-96
-86
-83
-75
-73
-72
-64
-54
-47
-39
-34
-31
-32
-19
-20
-8
-15
-10
-8
-4
-6
-6
5
3
15
10
18
14
21
29
27
33
32
39
34
34
40
36
41
45
36
46
49
49
51
51
60
54
58
58
55
59
62
52
53
58
48
52
51
50
46
44
48
46
40
43
30
39
37
30
36
35
27
27
24
24
27
20
24
17
25
30
25
24
17
22
21
23
9
10
10
13
21
20
17
10
11
10
6
-2
1
-7
-8
-15
-4
-9
-3
-11
-19
-13
-28
-19
-28
-28
-24
-27
-33
-41
-56
-60
-66
-64
-69
-75
-77
-73
-82
-87
-77
-73
-77
-80
-86
-83
-85
-85
-80
-90
-91
-85
-79
-76
-67
-65
-63
-63
-58
-59
-50
-41
-42
-29
-17
-10
4
6
17
23
25
34
35
38
52
50
53
62
58
64
66
66
68
64
63
72
67
63
65
65
67
63
64
61
63
63
61
58
54
51
43
35
24
31
24
22
17
8
6
-2
0
-5
-7
-8
-10
0
1
5
2
9
8
9
11
14
16
15
16
16
17
13
19
4
4
8
1
7
8
10
4
6
5
7
10
10
6
12
10
10
17
3
3
2
0
-1
-5
-8
-16
-18
-29
-36
-41
-37
-40
-41
-36
-36
-34
-27
-30
-34
-37
-35
-36
-39
-38
-45
-35
-45
-41
-40
-44
-38
-38
-45
-42
-37
-33
-35
-31
-29
-25
-20
-30
-28
-30
-32
-29
-26
-22
-18
-5
1
3
11
6
7
11
7
15
21
18
24
23
29
28
25
24
29
32
33
34
33
29
32
32
31
26
26
33
29
24
25
27
19
18
22
20
20
18
16
17
16
25
23
28
34
33
37
38
32
36
35
33
35
33
33
34
33
24
20
19
7
10
10
7
13
11
13
18
10
6
5
-7
-5
-7
-14
-20
-28
-29
-43
-49
-53
-47
-48
-49
-46
-45
-48
-47
-39
-36
-40
-35
-34
-36
-30
-31
-33
-26
-21
-12
-14
-20
-16
-13
-8
-8
-4
-8
-8
-1
-6
-4
-11
-20
-19
-20
-15
-12
-5
-1
-3
4
-7
2
0
-11
-6
-3
-1
2
-1
-5
0
-2
2
7
10
0
9
8
19
20
19
30
25
30
22
25
27
21
19
22
24
18
19
9
16
18
14
17
10
12
7
8
8
5
7
2
4
11
8
13
6
9
6
1
11
11
14
12
11
14
5
14
4
6
6
-3
7
-2
3
3
5
10
7
11
7
3
4
0
2
6
4
3
5
3
-2
-10
-5
-8
-11
-18
-21
-20
-19
-21
-21
-23
-21
-28
-24
-26
-34
-30
-40
-36
-44
-44
-44
-47
-50
-53
-50
-46
-48
-45
-45
-49
-44
-39
-37
-31
-28
-28
-23
-20
-10
-5
-2
3
6
9
19
25
24
31
32
29
39
44
51
55
65
71
74
69
69
73
67
76
73
71
73
76
69
68
63
62
54
51
42
31
30
27
22
21
7
6
2
-5
-5
-14
-20
-26
-26
-26
-30
-30
-28
-33
-27
-25
-32
-28
-33
-36
-37
-41
-41
-34
-36
-43
-34
-35
-33
-31
-28
-21
-22
-15
-21
-14
-8
-6
0
-1
-2
1
10
7
15
21
16
16
10
12
14
13
19
20
19
14
7
5
-3
-4
-5
-13
-14
-12
-18
-14
-18
-25
-20
-14
-16
-11
-18
-16
-17
-28
-22
-31
-28
-31
-35
-38
-30
-35
-28
-21
-17
-17
-20
-16
-20
-10
-12
-8
-8
-7
0
-3
0
4
12
14
15
14
19
21
14
22
23
27
26
26
27
31
32
31
28
30
33
32
27
23
24
25
28
26
28
29
32
37
37
30
29
27
28
26
31
27
21
24
16
15
9
8
10
-1
0
3
1
-12
-10
-13
-12
-11
-16
-15
-21
-24
-19
-19
-20
-21
-23
-20
-19
-19
-23
-23
-30
-20
-17
-17
-17
-15
-11
-12
-2
-2
-4
-7
-11
-14
-13
-4
-8
-7
-7
-6
-8
-9
-5
-8
-14
-13
-18
-18
-17
-21
-22
-21
-20
-22
-22
-22
-27
-26
-24
-27
-22
-25
-23
-27
-30
-33
-32
-26
-27
-17
-15
-11
-15
-16
-11
-15
-8
-10
-1
3
2
5
11
14
16
11
21
18
22
25
32
30
33
43
39
39
37
45
54
60
67
61
66
73
69
67
69
66
65
52
48
50
37
36
29
28
27
27
22
16
24
16
21
11
8
0
-11
-17
-16
-20
-33
-29
-41
-47
-41
-43
-45
-46
-49
-52
-57
-52
-42
-46
-43
-43
-47
-39
-36
-43
-38
-40
-41
-29
-29
-23
-15
-14
-6
3
7
8
19
15
22
19
18
19
19
23
22
20
12
17
10
11
16
21
22
11
14
6
10
6
11
9
7
7
-2
1
-7
-7
-11
-15
-20
-19
-12
-18
-17
-23
-27
-28
-36
-37
-32
-32
-33
-27
-28
-26
-24
-20
-21
-19
-14
-15
-10
-7
-3
1
4
7
17
18
23
26
24
25
28
35
28
37
37
40
41
47
42
38
39
41
45
42
42
44
41
38
41
28
32
27
28
20
14
13
9
8
3
2
0
-3
-8
-18
-18
-18
-14
-15
-25
-23
-27
-32
-31
-35
-31
-35
-39
-37
-42
-31
-41
-39
-35
-30
-28
-27
-23
-18
-14
-13
-12
-13
-7
-15
-11
-21
-15
-17
-14
-18
-16
-16
-17
-9
-7
3
-3
-1
1
8
9
13
13
10
15
18
20
24
23
24
20
24
23
24
17
16
19
15
11
-1
4
0
-3
-10
-12
-10
-12
-17
-22
-12
-12
-11
-10
-8
-3
0
1
5
4
2
3
-1
4
3
-9
-1
-8
-11
-5
-2
-3
0
-6
-7
3
-1
6
2
2
11
15
19
18
17
17
22
22
26
28
28
26
21
29
24
31
33
29
28
26
26
23
29
23
14
15
8
6
7
10
9
7
3
6
-6
-6
-11
-15
-16
-22
-19
-22
-23
-18
-17
-21
-26
-26
-22
-30
-30
-30
-32
-29
-29
-34
-42
-36
-31
-38
-34
-27
-31
-27
-32
-29
-21
-27
-19
-26
-19
-12
-16
-17
-10
-8
0
7
2
9
9
16
22
15
22
22
27
38
32
29
26
26
29
26
31
24
20
23
21
19
17
13
10
16
11
15
12
17
14
10
12
7
7
2
6
9
9
5
5
1
4
4
1
4
5
-4
-10
-5
-5
2
0
4
8
4
9
2
1
2
3
2
7
12
9
2
8
3
3
1
2
2
-1
3
-8
-3
-4
-6
-1
-1
1
7
8
2
-2
-4
-2
-6
-11
-8
-15
-21
-12
-13
-22
-23
-22
-28
-23
-25
-17
-21
-20
-17
-10
-9
-14
-7
-13
-12
-12
-16
-13
-11
-10
-16
-23
-19
-21
-17
-13
-14
-8
-13
-12
-6
0
9
5
12
13
13
15
19
16
18
16
19
16
8
13
5
9
1
-1
-2
-3
-6
-4
-4
-2
-1
-2
2
1
3
3
2
3
8
3
4
7
5
9
6
5
3
-4
-2
2
4
4
5
5
9
9
7
10
13
14
18
18
27
28
21
30
18
24
19
15
18
12
7
4
4
9
3
4
5
6
5
-1
5
-5
-4
-7
-5
-2
-3
-2
-3
-8
-5
-3
-3
-5
-7
-2
-10
-9
-13
-12
-14
-17
-14
-17
-17
-16
-17
-17
-14
-15
-14
-11
-9
-11
-16
-15
-21
-16
-16
-18
-13
-17
-18
-20
-22
-22
-16
-12
-7
-9
-1
-4
-6
-7
-9
3
-3
1
-2
-2
6
9
10
9
9
9
10
7
9
7
10
7
7
8
8
6
4
7
8
7
13
14
12
13
10
11
4
6
10
15
10
15
16
12
23
19
20
20
27
30
24
25
19
20
16
18
17
11
15
21
20
13
8
4
8
1
4
2
1
-1
-8
-6
-11
-7
-3
-6
-3
-6
-3
-1
-11
-7
-17
-22
-27
-28
-28
-25
-28
-24
-25
-18
-16
-22
-14
-16
-10
-10
-12
-12
-10
-5
-5
-2
-9
-13
-14
-7
-11
-15
-11
-12
-8
-6
-2
1
-1
3
2
-2
2
-8
0
-5
-6
-10
-7
2
-2
-2
-7
-3
-4
0
-1
-1
-1
0
-4
8
7
7
7
7
17
12
13
18
20
23
21
20
16
16
6
5
6
5
-1
-1
-1
-6
-2
-2
8
5
4
3
2
7
11
7
12
16
11
9
9
6
4
8
13
10
10
14
10
9
5
-2
-1
-5
-5
-8
-9
-10
-8
2
-4
0
3
5
8
12
17
13
16
7
4
9
6
6
2
-1
6
4
8
9
2
0
-6
-10
-8
-11
-13
-9
-11
-7
-9
-14
-15
-15
-16
-15
-20
-26
-27
-25
-21
-20
-17
-17
-20
-14
-18
-12
-15
-13
-12
-13
-14
-13
-5
-12
-8
-9
-1
-5
-2
-6
-3
-3
-3
0
1
-1
-7
2
-3
0
1
1
2
8
5
7
9
7
10
12
10
13
12
7
4
3
6
-2
-9
-9
-5
-8
-5
-3
1
-3
-8
-8
-12
-4
-5
-3
-3
-6
-1
4
4
1
10
6
14
10
7
15
20
20
16
15
18
17
19
20
24
29
25
21
24
19
22
18
17
23
23
26
22
24
24
30
25
19
17
18
17
17
17
14
11
11
12
5
5
-5
-2
-8
-14
-5
-12
-16
-13
-15
-16
-17
-13
-14
-19
-13
-21
-19
-21
-29
-29
-31
-28
-30
-33
-33
-31
-30
-37
-31
-28
-28
-28
-24
-23
-22
-26
-21
-23
-19
-15
-14
-11
-12
-8
-16
-12
-9
-8
0
-1
0
4
9
6
7
12
16
22
17
19
14
20
18
20
17
9
14
12
14
10
6
10
8
12
13
11
18
14
18
17
15
18
13
18
15
12
7
1
3
8
9
15
9
11
12
13
9
6
13
7
5
3
3
6
2
-2
2
1
1
0
-2
1
-4
-3
4
4
6
1
-1
3
-5
-6
2
-1
4
1
2
0
4
2
2
2
-3
-5
-3
-3
-7
-6
-12
-11
-17
-23
-21
-21
-21
-22
-16
-17
-15
-18
-18
-15
-19
-16
-11
-12
-18
-13
-11
-19
-20
-16
-12
-17
-14
-16
-18
-16
-11
-10
-9
0
-7
-1
3
-1
3
0
1
3
-1
0
1
1
-2
3
-1
3
13
13
16
18
19
26
19
30
26
31
26
22
28
17
20
16
13
10
13
12
13
14
9
4
3
5
8
5
2
6
8
8
-2
-3
-8
-8
-8
-8
-3
-8
-7
-5
-6
-9
-9
-10
-9
-10
-8
-6
-4
-3
1
3
1
1
6
5
0
-2
1
2
-3
-2
-6
-11
-11
-4
-2
0
2
3
0
2
3
6
10
9
7
0
4
6
4
3
4
8
4
7
-1
5
4
0
7
-2
2
2
1
-2
-4
1
-2
2
-1
-4
-8
-12
-15
-8
-7
-10
-12
-11
-12
-9
-16
-12
-12
-19
-12
-13
-16
-17
-9
-12
-10
-12
-1
0
-4
-1
-4
3
4
2
3
-6
0
0
-3
-5
-5
0
-7
4
-2
0
-2
-7
-4
-8
-7
-5
-4
5
5
4
7
5
9
5
11
13
15
22
18
18
14
10
19
16
15
12
9
15
12
13
12
18
13
11
14
12
13
18
16
17
12
7
10
8
4
1
4
3
4
2
-1
-3
-1
-7
2
-8
-6
-6
-7
-10
-18
-11
-15
-6
-10
-3
-7
-7
-7
-12
-10
-15
-17
-13
-13
-8
-8
-2
-7
-1
-1
-7
-2
-6
-4
-5
-5
-6
-7
-3
-9
-3
3
4
4
3
2
3
1
3
3
5
4
7
3
3
0
5
3
0
7
6
-3
-5
-3
-4
0
-8
-3
-3
-5
-8
-7
-10
-9
-5
-10
-6
-6
-6
-7
-16
-9
-9
-9
-4
-6
-1
2
4
0
-4
-3
-4
-4
-6
-3
-11
-7
-5
-8
-10
-10
-10
-8
-2
3
2
2
7
6
11
14
11
10
17
25
22
26
22
26
26
28
20
18
27
20
18
13
12
11
15
9
12
13
9
11
10
18
16
16
11
7
16
14
13
14
9
11
7
0
-1
-5
-9
-13
-17
-15
-23
-27
-28
-18
-19
-23
-24
-26
-24
-27
-23
-24
-23
-26
-23
-20
-22
-26
-28
-26
-27
-27
-24
-25
-26
-16
-21
-26
-23
-15
-13
-11
-9
-13
-6
-7
-8
1
-3
4
3
4
7
7
5
1
6
1
6
12
12
13
12
13
12
14
14
16
12
16
16
21
