SAMPLES:	8420
BITSPERSAMPLE:	16
CHANNELS:	1
SAMPLERATE:	16000
NORMALIZED:	FALSE
12
12
17
10
-2
-7
5
6
-7
-5
-1
-7
-8
-6
1
-15
-28
-14
-19
-27
-27
-34
-33
-25
-17
-6
-16
-10
-4
1
21
16
2
0
-8
-17
-22
-7
-2
-8
-10
-12
-19
-14
-7
4
11
6
11
8
3
-1
2
5
-2
-1
14
17
14
7
13
8
-2
-7
-27
-10
1
13
19
25
31
27
30
32
22
11
21
7
21
20
16
16
6
11
-10
-11
-13
-9
-3
17
18
5
6
9
16
15
15
9
5
3
7
11
6
-6
-3
11
17
14
7
5
3
4
5
-7
-2
-4
-12
-12
-20
-11
-20
-12
-7
-3
-2
-21
-17
-8
-5
-8
1
2
0
0
-1
-11
-18
-25
-29
-24
-17
-14
-17
-8
-14
-8
-9
-17
-15
-20
-8
-7
-23
-28
-19
-27
-32
-27
-29
-31
-26
-31
-18
-6
-14
-18
-25
-24
-22
-20
-15
-18
-14
-13
-11
-20
-9
-16
-9
-5
-11
-10
-6
-11
-6
-9
-21
-21
-23
-9
-3
8
27
22
19
15
16
31
18
30
30
33
45
46
44
44
42
45
41
42
39
36
41
48
47
46
51
57
84
113
127
133
149
154
155
156
165
156
140
124
94
47
25
-4
-14
-42
-67
-86
-104
-107
-127
-131
-144
-139
-138
-140
-141
-137
-129
-131
-134
-142
-145
-136
-123
-108
-91
-66
-53
-42
-30
-19
-1
20
33
41
55
67
67
61
56
34
22
10
-14
-24
-46
-61
-83
-99
-111
-114
-119
-133
-137
-128
-116
-116
-88
-59
-38
-15
12
26
45
42
47
70
78
72
69
62
64
73
57
48
30
23
14
3
5
-14
-12
-9
-17
-7
7
20
20
27
51
71
91
103
121
129
151
175
183
206
235
281
353
427
468
498
535
570
599
604
592
569
515
443
335
226
122
6
-112
-244
-352
-446
-515
-574
-620
-634
-634
-624
-618
-602
-589
-544
-515
-499
-493
-482
-445
-402
-357
-303
-235
-178
-108
-42
36
130
187
235
254
271
277
261
226
172
125
61
-15
-90
-141
-172
-183
-189
-200
-208
-191
-168
-122
-74
-32
33
73
126
153
179
208
236
249
243
247
241
248
229
198
160
139
99
54
7
-47
-101
-152
-211
-258
-287
-305
-323
-315
-289
-255
-213
-175
-138
-99
-57
-10
21
65
111
145
190
216
255
291
313
335
331
336
331
321
312
292
289
255
249
246
236
225
226
243
256
298
379
502
616
693
758
825
887
888
830
743
626
482
268
12
-228
-447
-658
-866
-1079
-1221
-1293
-1336
-1363
-1366
-1301
-1202
-1108
-1007
-907
-782
-637
-510
-413
-314
-196
-77
33
136
248
364
468
543
609
673
707
716
663
588
500
373
241
98
-66
-215
-359
-484
-576
-643
-659
-652
-594
-527
-448
-342
-213
-88
33
150
251
340
438
520
592
636
696
727
734
740
702
661
588
477
339
191
27
-137
-302
-459
-600
-723
-806
-847
-846
-806
-740
-655
-538
-399
-259
-100
43
165
291
382
476
547
609
674
702
729
744
736
706
666
621
569
485
379
273
155
80
-12
-84
-147
-197
-180
-113
42
228
401
526
666
830
951
993
965
889
759
573
281
-33
-319
-590
-854
-1135
-1378
-1533
-1619
-1647
-1633
-1564
-1436
-1280
-1128
-992
-823
-639
-468
-323
-224
-113
27
180
306
433
558
680
784
864
943
989
999
967
873
727
543
343
129
-104
-325
-527
-721
-864
-969
-1026
-1043
-1013
-928
-828
-690
-532
-338
-139
40
206
344
493
624
730
829
901
952
974
957
903
841
756
634
461
274
85
-111
-312
-524
-692
-816
-910
-960
-975
-922
-813
-678
-544
-392
-215
-25
155
312
442
555
642
702
745
762
778
757
743
722
675
619
555
471
384
271
148
33
-77
-188
-276
-327
-364
-378
-333
-178
46
296
488
644
824
1013
1141
1151
1094
982
826
578
236
-101
-401
-685
-989
-1298
-1523
-1644
-1678
-1663
-1629
-1531
-1385
-1220
-1071
-911
-723
-521
-341
-218
-120
-14
116
256
375
474
593
707
812
883
928
960
922
829
688
510
330
115
-97
-319
-531
-748
-912
-1009
-1049
-1042
-1019
-937
-817
-656
-479
-297
-96
70
223
370
525
688
813
921
984
1042
1063
1037
984
895
791
649
457
224
7
-196
-407
-612
-796
-933
-1011
-1041
-1011
-930
-806
-631
-466
-279
-85
128
321
459
580
674
735
775
811
822
806
764
730
702
654
582
508
438
357
252
129
-10
-124
-230
-325
-383
-414
-410
-353
-198
49
313
515
685
868
1061
1193
1228
1155
1025
852
594
243
-146
-483
-776
-1093
-1416
-1650
-1772
-1786
-1753
-1708
-1611
-1447
-1230
-1037
-851
-647
-438
-239
-92
29
165
311
472
569
670
777
876
963
1005
1032
1024
964
818
629
413
190
-36
-262
-503
-719
-923
-1059
-1135
-1149
-1128
-1071
-962
-826
-668
-500
-314
-120
73
231
368
510
648
784
869
921
945
951
927
829
713
592
459
263
41
-191
-395
-569
-749
-893
-993
-1041
-1021
-970
-858
-676
-460
-238
-39
173
404
616
772
874
938
980
995
984
939
901
843
767
671
581
515
418
316
193
54
-70
-175
-265
-331
-376
-405
-401
-343
-196
25
277
487
677
873
1077
1242
1268
1205
1085
927
666
300
-75
-405
-694
-1033
-1364
-1617
-1763
-1806
-1799
-1740
-1630
-1446
-1256
-1059
-861
-665
-436
-219
-60
57
187
339
489
618
730
823
906
973
1020
1042
1024
957
836
653
420
171
-100
-364
-632
-878
-1088
-1260
-1348
-1376
-1340
-1243
-1099
-923
-713
-497
-276
-41
160
342
485
652
804
900
946
942
921
874
805
686
541
399
252
68
-122
-296
-455
-604
-753
-899
-1014
-1036
-996
-922
-807
-655
-458
-230
-3
212
410
625
804
922
1013
1054
1075
1071
1009
935
851
763
675
541
435
345
274
177
65
-60
-151
-221
-293
-343
-374
-365
-296
-158
44
288
516
699
863
1079
1258
1332
1280
1165
1038
829
499
100
-285
-611
-909
-1257
-1596
-1837
-1926
-1916
-1884
-1811
-1658
-1447
-1209
-979
-738
-484
-233
-31
145
311
480
648
790
900
968
1048
1109
1161
1167
1144
1064
936
735
482
210
-75
-365
-641
-904
-1165
-1384
-1520
-1566
-1557
-1460
-1293
-1069
-829
-581
-296
12
301
533
701
851
977
1088
1140
1104
1060
969
855
731
561
397
220
18
-213
-439
-638
-804
-915
-1040
-1149
-1199
-1173
-1081
-950
-794
-615
-378
-143
110
370
621
871
1040
1157
1219
1248
1241
1195
1104
979
850
689
511
366
218
88
-37
-165
-290
-380
-447
-487
-520
-542
-514
-446
-301
-99
170
468
716
909
1108
1336
1495
1520
1422
1266
1068
779
384
-24
-399
-733
-1106
-1481
-1773
-1949
-2003
-2010
-1963
-1858
-1657
-1403
-1160
-942
-675
-374
-62
191
364
530
703
864
966
1054
1160
1278
1356
1375
1326
1241
1140
977
761
502
199
-114
-421
-726
-1023
-1281
-1469
-1587
-1628
-1628
-1550
-1387
-1152
-894
-613
-311
10
321
593
811
984
1121
1201
1232
1207
1169
1085
932
711
476
239
21
-225
-477
-720
-908
-1046
-1181
-1317
-1426
-1408
-1308
-1141
-973
-820
-603
-324
-37
241
489
730
923
1072
1181
1234
1266
1268
1219
1116
974
813
660
498
369
222
63
-74
-213
-325
-407
-474
-502
-510
-487
-446
-400
-316
-136
159
487
743
932
1117
1362
1598
1686
1602
1449
1274
1034
665
183
-264
-644
-1004
-1420
-1812
-2059
-2148
-2139
-2117
-2048
-1868
-1593
-1313
-1056
-815
-512
-190
91
278
394
564
773
958
1092
1180
1246
1317
1360
1344
1304
1208
1056
873
623
334
-2
-313
-594
-881
-1194
-1456
-1615
-1668
-1637
-1573
-1439
-1241
-982
-698
-380
-35
335
638
855
1009
1137
1286
1406
1433
1333
1174
992
810
596
340
80
-182
-446
-702
-929
-1087
-1212
-1316
-1397
-1417
-1360
-1244
-1090
-879
-605
-333
-66
153
384
636
889
1096
1207
1250
1279
1313
1305
1196
999
797
642
501
344
206
44
-98
-262
-386
-453
-492
-513
-514
-495
-456
-418
-334
-161
135
488
783
989
1161
1390
1630
1738
1653
1491
1321
1126
799
339
-167
-588
-962
-1361
-1747
-2032
-2194
-2259
-2270
-2239
-2079
-1808
-1478
-1152
-855
-558
-266
15
246
468
668
850
979
1060
1146
1240
1324
1355
1329
1278
1221
1086
906
652
369
56
-271
-584
-865
-1148
-1423
-1609
-1680
-1648
-1590
-1491
-1292
-1005
-694
-386
-79
234
507
745
973
1186
1330
1371
1336
1271
1203
1112
953
716
460
222
-15
-245
-498
-732
-912
-1051
-1180
-1309
-1367
-1357
-1240
-1099
-939
-750
-539
-289
-18
274
549
796
974
1083
1173
1249
1265
1222
1136
1020
882
714
518
326
148
3
-147
-286
-426
-538
-588
-598
-588
-611
-618
-589
-490
-320
-126
136
438
767
1035
1247
1473
1710
1874
1862
1701
1479
1250
922
481
-49
-534
-963
-1361
-1739
-2059
-2234
-2279
-2266
-2227
-2102
-1872
-1543
-1184
-879
-591
-293
0
248
450
643
825
990
1094
1173
1234
1294
1344
1317
1268
1207
1097
915
660
364
52
-258
-540
-833
-1121
-1388
-1579
-1673
-1698
-1653
-1561
-1355
-1081
-791
-501
-200
138
454
722
941
1117
1277
1381
1430
1388
1301
1197
1038
852
613
355
126
-135
-387
-652
-907
-1111
-1272
-1368
-1411
-1410
-1345
-1223
-1030
-783
-522
-240
21
326
578
779
972
1117
1225
1255
1207
1124
1057
959
817
648
487
326
143
-19
-136
-202
-278
-388
-463
-526
-562
-574
-587
-561
-521
-432
-274
-38
278
615
942
1210
1467
1713
1907
1991
1896
1705
1482
1224
833
314
-194
-673
-1103
-1528
-1918
-2184
-2300
-2314
-2277
-2179
-1998
-1698
-1366
-1034
-731
-426
-105
192
428
567
730
891
1034
1097
1146
1188
1253
1290
1248
1170
1049
918
717
467
160
-169
-491
-797
-1075
-1326
-1557
-1708
-1772
-1729
-1635
-1463
-1233
-948
-617
-296
15
310
581
824
1021
1172
1291
1335
1334
1285
1217
1132
986
806
600
383
153
-96
-347
-599
-793
-990
-1169
-1312
-1413
-1428
-1394
-1284
-1155
-968
-716
-395
-60
265
544
786
1002
1185
1304
1322
1302
1241
1136
973
769
553
345
163
19
-128
-239
-346
-432
-496
-545
-570
-612
-607
-568
-535
-443
-351
-224
-26
228
596
955
1251
1485
1708
1942
2100
2083
1934
1732
1473
1132
643
107
-381
-850
-1297
-1726
-2067
-2278
-2344
-2341
-2273
-2145
-1952
-1638
-1290
-947
-619
-324
-26
240
448
647
820
943
1032
1113
1171
1225
1243
1222
1159
1058
918
709
479
228
-79
-391
-685
-951
-1211
-1434
-1622
-1683
-1682
-1647
-1572
-1423
-1158
-867
-552
-245
62
369
640
874
1087
1254
1403
1466
1481
1416
1318
1219
1063
868
604
324
49
-196
-470
-763
-1056
-1286
-1439
-1543
-1594
-1602
-1501
-1315
-1063
-771
-478
-157
184
529
841
1079
1250
1372
1433
1411
1333
1199
1019
835
630
415
244
84
-55
-196
-332
-409
-470
-497
-556
-590
-610
-611
-610
-579
-518
-401
-257
-119
129
486
924
1284
1536
1766
2035
2261
2335
2236
2038
1791
1429
922
335
-235
-734
-1204
-1678
-2091
-2383
-2494
-2523
-2473
-2342
-2118
-1808
-1476
-1147
-813
-449
-104
196
414
610
820
1015
1148
1192
1224
1249
1276
1247
1173
1041
875
687
484
247
-41
-351
-646
-885
-1137
-1377
-1581
-1680
-1726
-1745
-1714
-1584
-1354
-1061
-770
-511
-191
174
534
834
1083
1271
1448
1601
1698
1695
1612
1503
1351
1144
857
542
212
-119
-470
-814
-1116
-1368
-1534
-1654
-1707
-1675
-1562
-1357
-1093
-768
-432
-71
274
543
797
1031
1203
1313
1336
1275
1187
1087
960
802
597
412
234
83
-57
-170
-269
-363
-449
-545
-611
-663
-662
-683
-701
-710
-675
-575
-427
-231
-35
256
638
1073
1480
1784
2035
2277
2478
2538
2393
2144
1847
1482
983
343
-271
-796
-1249
-1712
-2135
-2456
-2593
-2596
-2550
-2428
-2215
-1892
-1503
-1122
-782
-436
-78
258
513
720
885
1052
1210
1262
1244
1198
1170
1150
1097
973
792
601
401
204
-55
-370
-657
-923
-1160
-1401
-1637
-1816
-1893
-1901
-1889
-1809
-1634
-1367
-1045
-686
-307
110
515
881
1191
1459
1711
1885
1981
1976
1902
1759
1562
1296
949
563
140
-222
-573
-911
-1217
-1459
-1587
-1661
-1684
-1625
-1471
-1251
-980
-693
-411
-88
190
438
656
827
994
1103
1123
1106
1072
1002
933
827
705
581
469
326
183
30
-126
-266
-395
-535
-652
-736
-810
-856
-902
-899
-823
-691
-496
-285
-60
258
660
1116
1532
1843
2095
2336
2535
2611
2503
2252
1924
1536
1068
477
-137
-686
-1192
-1669
-2122
-2458
-2621
-2636
-2547
-2421
-2223
-1915
-1556
-1166
-813
-457
-98
218
484
681
858
1020
1149
1219
1215
1213
1207
1197
1159
1069
954
818
641
409
149
-127
-427
-756
-1094
-1443
-1760
-1996
-2117
-2168
-2190
-2124
-1975
-1679
-1264
-822
-388
36
458
881
1298
1631
1874
2012
2038
1981
1887
1730
1499
1205
855
490
142
-174
-480
-764
-1006
-1216
-1367
-1495
-1526
-1484
-1380
-1228
-1091
-911
-723
-479
-232
22
260
464
681
873
1048
1159
1230
1264
1262
1219
1127
1003
847
652
435
217
26
-172
-359
-531
-708
-822
-893
-930
-922
-902
-823
-727
-597
-416
-210
46
360
724
1116
1531
1873
2131
2339
2525
2652
2585
2372
2071
1691
1245
656
27
-569
-1097
-1580
-2066
-2439
-2657
-2725
-2675
-2558
-2370
-2084
-1705
-1303
-932
-604
-290
20
302
508
655
798
908
985
1037
1084
1121
1155
1175
1162
1115
999
832
629
383
66
-307
-709
-1110
-1494
-1867
-2180
-2393
-2474
-2454
-2337
-2116
-1770
-1332
-852
-372
147
637
1108
1498
1783
2013
2121
2132
2071
1935
1742
1500
1221
923
599
313
14
-249
-514
-775
-998
-1202
-1336
-1461
-1551
-1587
-1582
-1495
-1337
-1129
-884
-619
-333
-11
311
626
901
1134
1348
1458
1557
1571
1517
1430
1256
1048
809
558
312
79
-193
-430
-648
-822
-961
-1059
-1099
-1102
-1072
-1011
-915
-772
-549
-294
-47
236
572
1010
1473
1886
2192
2432
2635
2781
2800
2617
2323
1949
1511
975
350
-274
-840
-1339
-1802
-2212
-2496
-2592
-2586
-2507
-2379
-2208
-1958
-1633
-1311
-1025
-754
-492
-226
20
266
487
672
884
1061
1225
1368
1483
1562
1566
1489
1307
1072
766
418
9
-453
-937
-1398
-1814
-2155
-2431
-2591
-2640
-2575
-2384
-2101
-1735
-1296
-808
-300
188
670
1096
1441
1718
1894
2013
2063
2055
1988
1861
1699
1510
1301
1085
813
511
174
-167
-494
-845
-1165
-1469
-1718
-1866
-1972
-2020
-1959
-1799
-1556
-1233
-855
-439
-4
436
814
1184
1480
1713
1862
1907
1898
1826
1697
1503
1249
971
674
361
48
-273
-550
-780
-984
-1140
-1270
-1363
-1391
-1366
-1276
-1151
-997
-793
-529
-216
126
479
869
1301
1763
2233
2565
2787
2922
3008
2989
2783
2408
1959
1479
926
287
-396
-1008
-1497
-1922
-2341
-2675
-2874
-2900
-2812
-2681
-2514
-2297
-1988
-1636
-1309
-969
-620
-240
124
424
712
977
1254
1505
1681
1784
1842
1828
1744
1556
1271
927
509
59
-435
-927
-1396
-1793
-2121
-2384
-2564
-2666
-2604
-2445
-2190
-1852
-1459
-1011
-552
-88
349
768
1125
1418
1673
1863
2018
2088
2093
2058
1958
1821
1640
1441
1190
874
497
119
-271
-670
-1059
-1448
-1737
-1946
-2085
-2144
-2124
-1992
-1760
-1423
-1002
-558
-107
348
771
1154
1473
1714
1866
1961
1999
1930
1796
1571
1312
1019
722
390
63
-259
-550
-793
-1042
-1234
-1369
-1400
-1403
-1360
-1279
-1138
-923
-724
-476
-221
72
397
699
1039
1358
1689
2053
2389
2641
2760
2819
2833
2774
2569
2178
1692
1178
630
19
-629
-1242
-1760
-2188
-2562
-2864
-3028
-3062
-2977
-2823
-2603
-2311
-1945
-1546
-1165
-793
-413
6
371
708
964
1191
1395
1545
1626
1627
1571
1461
1295
1055
779
411
3
-428
-853
-1259
-1644
-1959
-2190
-2329
-2408
-2401
-2292
-2062
-1762
-1420
-1042
-642
-239
175
551
881
1199
1424
1617
1770
1917
2005
2044
2037
1981
1881
1718
1520
1259
940
570
187
-234
-654
-1052
-1405
-1675
-1884
-2021
-2049
-1956
-1756
-1483
-1149
-765
-355
82
469
832
1145
1403
1555
1626
1640
1594
1519
1357
1164
933
682
452
232
-18
-279
-514
-718
-861
-978
-1054
-1101
-1105
-1080
-1003
-880
-728
-551
-332
-80
175
418
680
967
1263
1541
1777
2053
2345
2598
2713
2685
2598
2475
2253
1898
1410
882
353
-203
-806
-1385
-1866
-2235
-2533
-2765
-2902
-2900
-2757
-2557
-2331
-2091
-1791
-1439
-1074
-733
-428
-128
164
454
686
876
1049
1216
1347
1380
1326
1217
1070
863
585
238
-145
-557
-942
-1281
-1599
-1854
-2024
-2087
-2089
-2021
-1887
-1670
-1387
-1104
-825
-527
-202
113
390
652
920
1166
1365
1532
1653
1781
1874
1929
1934
1872
1776
1620
1420
1161
837
475
67
-334
-724
-1079
-1365
-1589
-1735
-1797
-1754
-1624
-1397
-1126
-817
-488
-157
140
410
630
821
979
1060
1099
1092
1091
1070
1031
960
844
703
563
395
205
2
-215
-394
-552
-691
-833
-909
-924
-890
-828
-742
-572
-355
-100
165
400
617
854
1114
1375
1599
1776
1933
2158
2361
2482
2458
2314
2177
1998
1718
1283
752
263
-236
-779
-1305
-1792
-2160
-2426
-2628
-2797
-2850
-2790
-2628
-2414
-2197
-1956
-1682
-1345
-982
-676
-368
-31
278
560
811
1017
1195
1311
1327
1248
1119
959
720
428
82
-291
-645
-988
-1305
-1570
-1772
-1903
-1950
-1950
-1889
-1778
-1612
-1400
-1203
-981
-717
-414
-85
211
495
778
1103
1412
1691
1923
2106
2237
2284
2262
2166
2019
1851
1600
1261
879
510
182
-157
-506
-848
-1123
-1332
-1469
-1548
-1561
-1521
-1414
-1284
-1071
-804
-505
-196
71
323
560
813
1038
1201
1279
1307
1321
1313
1212
1056
862
671
454
182
-83
-296
-473
-644
-789
-913
-989
-980
-921
-829
-685
-499
-287
-84
143
375
606
812
984
1163
1346
1522
1649
1757
1852
1964
2109
2168
2093
1907
1661
1416
1109
655
151
-350
-810
-1267
-1728
-2145
-2399
-2498
-2548
-2566
-2557
-2402
-2153
-1883
-1625
-1393
-1145
-863
-587
-365
-138
88
307
503
630
725
789
830
804
694
545
357
127
-115
-396
-678
-924
-1157
-1341
-1498
-1630
-1688
-1663
-1583
-1478
-1337
-1141
-907
-681
-457
-192
126
468
782
1073
1352
1638
1866
2024
2143
2210
2202
2098
1914
1705
1460
1186
896
598
315
59
-172
-367
-531
-656
-765
-875
-961
-1021
-1025
-1008
-965
-896
-784
-604
-396
-172
56
270
483
678
808
895
932
930
907
838
739
621
510
380
247
99
-59
-196
-333
-458
-579
-666
-715
-695
-672
-587
-472
-296
-81
113
323
504
684
851
971
1056
1106
1146
1163
1165
1161
1088
1037
1018
1064
1123
1132
1042
857
702
511
280
-44
-405
-724
-1006
-1284
-1530
-1683
-1759
-1736
-1719
-1696
-1612
-1494
-1350
-1245
-1151
-1069
-994
-917
-830
-716
-602
-454
-290
-144
-22
120
223
261
228
156
64
-60
-249
-424
-590
-725
-809
-885
-924
-925
-886
-791
-652
-531
-405
-257
-96
58
200
328
501
695
865
983
1058
1163
1256
1316
1297
1243
1187
1155
1083
978
873
782
702
603
499
428
365
275
140
-11
-128
-254
-380
-527
-644
-719
-739
-707
-661
-551
-410
-248
-81
38
171
272
371
442
477
477
427
402
370
348
316
276
229
164
116
77
1
-64
-120
-162
-175
-180
-132
-91
-27
8
60
130
196
242
287
333
339
346
349
363
365
397
449
491
512
518
545
590
682
791
881
903
817
743
675
576
388
131
-112
-357
-584
-846
-1107
-1300
-1415
-1521
-1655
-1751
-1787
-1793
-1763
-1739
-1685
-1590
-1474
-1334
-1184
-995
-777
-571
-396
-259
-144
-20
81
150
181
206
254
269
282
293
300
310
279
220
148
95
36
-20
-97
-170
-222
-266
-270
-246
-193
-100
27
170
299
434
578
748
889
979
1065
1155
1258
1294
1315
1315
1297
1261
1178
1057
909
761
607
431
234
54
-115
-264
-404
-545
-637
-694
-731
-745
-771
-720
-647
-538
-436
-349
-229
-86
78
207
315
405
510
565
592
620
598
561
505
433
351
258
179
71
-46
-162
-271
-396
-523
-614
-652
-668
-677
-666
-608
-501
-394
-274
-145
-18
121
253
389
497
590
688
782
859
908
954
957
964
988
1024
1015
921
732
492
251
-12
-321
-646
-918
-1162
-1373
-1553
-1691
-1729
-1702
-1682
-1661
-1618
-1549
-1451
-1363
-1265
-1148
-982
-795
-621
-437
-214
54
301
491
630
703
777
810
757
649
531
395
237
86
-47
-148
-243
-304
-376
-432
-458
-485
-460
-413
-358
-282
-198
-63
128
308
486
641
799
958
1086
1177
1241
1270
1244
1196
1109
1020
928
822
724
601
497
396
266
155
33
-66
-148
-233
-303
-352
-376
-365
-351
-310
-285
-234
-182
-126
-68
-7
66
127
213
273
323
353
362
340
281
169
36
-90
-233
-375
-509
-633
-744
-819
-863
-828
-781
-734
-640
-558
-426
-289
-147
-11
110
243
347
459
546
588
647
664
659
622
594
539
449
337
208
93
9
-60
-141
-231
-289
-299
-241
-128
-27
71
97
124
151
145
126
77
40
9
-33
-97
-147
-165
-145
-162
-218
-306
-398
-499
-614
-736
-872
-960
-1019
-1076
-1105
-1073
-987
-870
-758
-654
-514
-383
-263
-158
-55
69
184
293
392
493
588
704
773
793
786
736
672
599
496
396
288
171
64
-22
-84
-158
-213
-229
-232
-199
-174
-130
-35
70
185
302
423
548
670
791
887
964
1005
1040
1055
1053
1020
965
929
869
794
673
516
343
163
-22
-244
-511
-737
-926
-1086
-1202
-1287
-1310
-1264
-1175
-1059
-926
-782
-617
-458
-333
-196
-81
43
148
240
343
431
513
576
616
601
539
447
334
190
33
-140
-297
-452
-586
-695
-773
-825
-835
-816
-784
-728
-653
-540
-406
-295
-158
-27
119
282
450
616
777
919
1039
1164
1276
1408
1537
1619
1607
1506
1348
1169
953
685
390
100
-168
-460
-747
-983
-1133
-1255
-1371
-1504
-1609
-1655
-1654
-1629
-1577
-1454
-1265
-1033
-819
-570
-253
50
328
533
677
787
834
851
815
751
668
559
420
285
169
83
-37
-179
-307
-443
-564
-664
-741
-762
-748
-688
-599
-481
-310
-125
85
266
402
525
643
763
867
932
994
1042
1070
1080
1049
1029
972
894
777
621
464
294
148
4
-150
-274
-384
-454
-536
-579
-597
-601
-571
-572
-545
-528
-474
-402
-328
-226
-121
-36
55
127
169
197
205
182
113
30
-58
-135
-227
-302
-396
-460
-532
-600
-660
-699
-704
-702
-689
-670
-593
-478
-365
-248
-122
4
127
204
280
346
425
518
582
636
716
814
894
922
931
955
936
918
848
751
669
582
496
411
377
428
510
563
557
500
482
457
368
234
92
-20
-123
-246
-393
-504
-579
-650
-773
-921
-1041
-1135
-1200
-1272
-1331
-1319
-1217
-1111
-1001
-865
-699
-504
-346
-224
-132
-42
25
64
89
124
174
223
280
313
330
320
310
270
206
119
38
-28
-92
-134
-136
-142
-158
-161
-151
-150
-123
-79
-42
15
77
171
278
404
547
694
820
906
954
960
957
917
831
727
607
484
380
297
224
173
110
44
-29
-119
-216
-338
-453
-569
-664
-750
-793
-808
-802
-776
-738
-698
-644
-599
-547
-468
-414
-342
-267
-177
-65
27
148
240
258
270
240
213
171
106
32
-56
-116
-156
-160
-153
-108
-59
19
111
181
247
297
347
397
434
499
549
592
655
710
761
760
751
747
762
774
768
736
727
697
660
611
551
530
539
554
502
397
268
168
62
-93
-237
-335
-423
-512
-617
-726
-822
-912
-1021
-1169
-1306
-1411
-1487
-1532
-1547
-1493
-1378
-1227
-1085
-944
-777
-602
-435
-325
-238
-128
-48
18
76
134
225
311
387
432
449
484
483
458
389
314
263
197
149
90
71
71
62
33
-9
-41
-33
-32
-23
-8
37
112
181
280
368
474
566
645
702
715
698
650
601
517
450
383
304
197
101
41
-8
-59
-139
-230
-324
-406
-472
-513
-548
-556
-550
-529
-504
-474
-440
-416
-377
-345
-299
-247
-157
-75
26
125
203
286
325
378
394
398
338
280
220
163
114
62
37
38
66
78
108
144
192
248
288
335
381
412
452
484
508
528
560
588
588
576
565
570
552
517
480
442
417
380
329
273
220
153
61
-5
-6
44
57
5
-65
-137
-177
-250
-392
-532
-627
-699
-807
-945
-1053
-1121
-1185
-1272
-1327
-1386
-1405
-1387
-1358
-1285
-1180
-1019
-838
-666
-508
-328
-165
-28
73
144
238
303
340
361
390
450
490
518
535
530
497
438
358
280
207
137
59
-8
-50
-70
-68
-109
-148
-158
-162
-128
-80
-24
79
192
335
485
613
732
838
927
984
974
932
851
748
631
518
383
277
198
107
31
-31
-74
-133
-185
-248
-290
-338
-365
-376
-376
-360
-346
-326
-320
-298
-255
-206
-167
-133
-77
-27
40
115
194
271
331
374
405
407
413
413
358
283
195
112
52
-40
-109
-162
-192
-229
-265
-288
-282
-255
-226
-174
-124
-68
14
37
64
96
138
198
213
227
249
258
269
268
259
236
239
212
183
147
118
84
37
5
-2
73
148
198
177
108
40
-37
-137
-300
-451
-566
-664
-771
-865
-944
-968
-963
-1001
-1035
-1079
-1085
-1050
-1013
-956
-850
-681
-494
-338
-201
-47
104
253
348
421
467
513
549
557
571
569
596
607
592
531
442
361
276
165
42
-49
-121
-146
-170
-163
-128
-78
-21
22
63
100
170
230
295
358
430
519
595
638
656
662
656
637
585
481
407
346
273
190
105
52
3
-40
-91
-130
-166
-191
-212
-205
-178
-135
-71
-25
17
39
54
40
17
-12
-32
-31
-44
-52
-76
-91
-105
-136
-156
-196
-242
-269
-305
-336
-382
-401
-400
-397
-397
-391
-375
-349
-303
-254
-226
-166
-98
-30
35
127
218
265
337
370
408
409
388
341
288
249
224
206
161
105
44
-20
-74
-128
-176
-189
-193
-184
-141
-69
-7
82
164
250
379
509
594
602
543
467
369
231
90
-61
-197
-342
-471
-568
-664
-740
-820
-890
-951
-1007
-1044
-1044
-1012
-932
-806
-632
-452
-264
-64
128
308
464
603
733
816
874
891
873
854
801
737
628
504
362
207
43
-129
-265
-379
-487
-547
-579
-578
-558
-500
-410
-319
-228
-147
-26
124
256
386
521
645
761
812
840
863
879
837
765
672
561
470
366
238
94
-49
-191
-331
-452
-558
-646
-699
-729
-712
-638
-539
-437
-327
-244
-151
-69
-10
38
84
112
133
138
156
176
172
153
122
74
17
-63
-157
-226
-271
-310
-342
-367
-372
-380
-374
-350
-333
-297
-273
-243
-209
-153
-76
6
107
193
309
403
470
526
545
542
507
472
404
323
247
203
139
71
-7
-81
-162
-240
-297
-307
-283
-232
-159
-72
38
170
287
399
551
694
814
862
852
782
701
574
442
297
123
-49
-218
-363
-524
-673
-800
-924
-1009
-1077
-1135
-1151
-1095
-1013
-885
-723
-553
-372
-191
-15
152
299
396
514
601
676
732
755
752
727
695
625
521
395
251
109
-50
-216
-386
-540
-637
-700
-740
-751
-731
-713
-669
-614
-559
-458
-353
-235
-90
38
182
321
453
563
655
713
744
738
717
679
619
548
455
354
241
124
-6
-125
-230
-323
-403
-474
-531
-547
-525
-492
-430
-372
-309
-227
-155
-81
-5
47
123
197
244
259
275
285
289
264
229
179
134
97
45
-23
-73
-136
-184
-237
-283
-313
-358
-367
-369
-351
-297
-243
-175
-79
16
119
219
304
377
442
492
542
571
597
599
603
589
564
548
487
403
302
212
102
18
-48
-102
-99
-103
-75
-49
-18
37
80
137
221
322
435
526
569
567
521
465
380
272
162
59
-40
-140
-256
-389
-504
-617
-714
-800
-874
-942
-986
-997
-996
-960
-918
-858
-757
-646
-539
-443
-354
-247
-148
-38
47
124
176
217
254
260
268
239
203
149
80
-29
-137
-231
-319
-365
-402
-427
-419
-412
-374
-325
-287
-216
-154
-77
23
106
202
278
344
415
475
540
606
673
720
735
731
710
679
631
573
508
422
319
200
94
-11
-96
-176
-219
-231
-234
-233
-278
-291
-307
-314
-296
-278
-236
-157
-90
-22
37
84
114
131
139
162
199
218
229
223
220
205
183
158
124
73
19
-16
-71
-117
-154
-167
-154
-128
-67
-11
48
97
132
182
214
245
271
305
338
374
387
407
420
407
360
316
265
220
168
131
116
113
131
139
155
155
138
101
66
27
3
-4
14
49
76
63
29
-32
-107
-205
-308
-419
-514
-591
-650
-701
-761
-827
-877
-905
-938
-941
-940
-944
-922
-907
-881
-826
-765
-677
-572
-448
-322
-181
-69
34
118
190
250
304
365
412
443
451
450
413
373
304
239
179
113
75
53
23
-6
-27
-48
-63
-95
-94
-97
-76
-26
19
77
138
210
295
362
443
519
580
634
668
688
688
668
629
590
547
493
424
373
298
209
131
50
-29
-76
-108
-139
-170
-204
-229
-270
-330
-358
-372
-368
-350
-301
-213
-103
23
113
177
210
239
263
276
285
296
330
373
390
385
350
306
247
178
116
40
-45
-113
-168
-200
-219
-241
-276
-289
-273
-235
-189
-153
-102
-44
-7
28
45
65
92
108
137
149
161
175
175
146
105
49
-12
-92
-163
-246
-322
-373
-424
-472
-516
-544
-569
-581
-593
-586
-559
-522
-468
-412
-339
-257
-183
-113
-56
1
61
118
181
223
249
254
242
237
213
185
154
118
73
31
-31
-68
-109
-156
-202
-229
-257
-269
-263
-251
-226
-179
-122
-53
-5
36
99
153
201
244
273
305
324
329
322
307
290
265
235
202
166
117
71
39
-1
-25
-45
-66
-86
-101
-82
-73
-51
-28
19
78
139
197
237
277
318
341
351
364
364
354
337
320
290
260
235
192
157
122
93
65
7
-60
-116
-162
-188
-206
-206
-219
-228
-221
-205
-165
-137
-106
-51
3
42
90
126
158
168
166
165
159
150
131
126
111
89
70
36
-3
-38
-89
-120
-177
-239
-282
-324
-347
-368
-350
-344
-323
-309
-285
-248
-225
-192
-190
-159
-126
-115
-94
-77
-75
-72
-71
-69
-69
-87
-127
-153
-165
-190
-212
-237
-239
-239
-240
-223
-185
-146
-113
-82
-46
10
68
128
189
253
304
339
363
386
393
398
393
371
362
347
337
305
274
240
189
162
125
80
27
-7
-42
-73
-97
-111
-113
-98
-77
-74
-68
-71
-75
-72
-61
-49
-16
5
25
55
77
93
108
109
96
82
54
39
1
-17
-47
-84
-99
-112
-120
-125
-120
-122
-135
-134
-125
-123
-114
-99
-75
-51
-32
-3
25
31
30
46
58
64
73
83
85
79
78
69
77
72
48
31
12
-4
-31
-61
-81
-91
-87
-70
-71
-77
-75
-55
-31
-6
3
15
40
53
69
71
76
70
69
58
34
19
-18
-64
-107
-143
-184
-215
-231
-231
-225
-224
-224
-222
-224
-213
-193
-177
-128
-70
-19
32
64
98
128
155
192
199
211
211
221
225
221
216
199
184
159
157
156
163
171
171
160
148
145
135
131
143
151
162
168
169
167
141
116
103
121
138
154
160
166
165
149
135
101
93
70
42
21
-18
-63
-116
-146
-183
-194
-200
-213
-225
-227
-234
-261
-276
-272
-253
-223
-194
-176
-177
-151
-130
-104
-82
-73
-63
-45
-47
-66
-92
-119
-137
-154
-170
-194
-209
-226
-227
-230
-229
-233
-230
-221
-204
-195
-186
-171
-147
-112
-66
-23
17
72
91
123
155
183
203
219
228
240
255
247
231
205
170
142
113
75
51
35
37
20
14
-1
-8
-15
-34
-38
-39
-45
-30
-5
3
21
52
93
124
160
194
216
226
203
170
132
93
64
50
42
25
26
24
15
7
15
29
30
33
19
25
22
14
-5
5
16
17
12
6
22
37
37
33
42
36
42
38
48
57
80
107
106
110
102
96
86
76
74
81
72
74
65
35
-2
-35
-81
-109
-120
-129
-142
-166
-169
-163
-150
-144
-136
-137
-136
-136
-140
-142
-142
-139
-130
-127
-110
-108
-109
-111
-114
-119
-124
-125
-118
-98
-69
-41
-22
14
46
57
55
67
55
59
67
58
58
57
58
71
66
41
30
7
-15
-45
-76
-74
-88
-93
-88
-77
-62
-59
-65
-72
-73
-88
-83
-85
-84
-73
-63
-51
-45
-42
-33
-33
-21
-6
-12
-7
-2
11
15
23
35
57
65
59
54
44
34
24
14
17
36
54
77
93
125
148
168
176
185
181
176
173
176
192
199
208
203
187
156
123
80
54
40
41
60
73
83
84
74
64
48
18
-13
-35
-34
-47
-56
-80
-77
-72
-71
-70
-60
-54
-53
-48
-39
-20
-10
-2
1
11
6
3
-10
-28
-40
-60
-72
-74
-85
-97
-106
-110
-99
-90
-83
-69
-62
-42
-35
-29
-28
-22
3
-4
11
20
37
43
59
63
70
73
63
65
62
71
52
42
27
18
4
-10
-32
-36
-24
-22
-9
-16
-22
-17
-24
-11
-14
-9
3
19
44
48
52
46
37
17
-3
-13
-21
-31
-29
-39
-64
-87
-105
-125
-142
-163
-164
-168
-173
-181
-184
-183
-185
-175
-175
-158
-145
-128
-105
-83
-71
-47
-20
9
44
51
62
58
51
44
38
50
43
55
51
47
66
59
66
62
64
67
59
46
35
29
16
16
21
42
68
92
107
140
170
176
185
194
188
193
190
164
143
100
57
17
-30
-62
-85
-114
-126
-149
-165
-171
-176
-174
-162
-153
-140
-106
-77
-48
-11
31
61
90
101
111
131
151
150
158
157
159
159
156
139
121
99
77
71
44
29
-1
-26
-31
-48
-41
-31
-18
-14
4
26
44
49
55
73
73
85
93
105
109
119
115
97
81
55
38
13
-18
-37
-58
-88
-113
-136
-154
-173
-191
-206
-222
-216
-222
-211
-202
-167
-131
-107
-77
-63
-45
-26
-13
-8
-10
7
28
41
31
32
37
38
28
2
-13
-31
-43
-48
-60
-66
-63
-69
-81
-89
-85
-87
-94
-94
-89
-88
-83
-68
-57
-47
-41
-38
-23
-14
-5
11
18
29
45
61
77
84
66
57
46
30
5
-14
-40
-52
-58
-68
-71
-72
-59
-69
-64
-59
-62
-55
-58
-49
-42
-16
11
34
48
55
68
81
96
110
120
121
131
144
151
155
158
164
170
165
158
166
160
159
163
163
173
166
161
154
144
142
129
117
114
111
113
115
108
111
95
88
85
65
61
58
56
45
38
27
25
17
-2
-18
-28
-26
-36
-43
-44
-60
-65
-72
-81
-92
-100
-103
-124
-128
-136
-138
-152
-162
-166
-173
-162
-157
-150
-144
-137
-131
-130
-116
-101
-88
-75
-57
-44
-31
-18
-15
0
2
0
-1
-9
-18
-27
-31
-55
-54
-84
-96
-111
-129
-133
-156
-165
-168
-151
-149
-136
-130
-105
-93
-75
-59
-34
-20
-13
10
16
38
53
72
67
54
46
33
27
21
9
-8
-26
-33
-47
-58
-58
-74
-82
-94
-95
-89
-76
-63
-44
-24
-6
19
42
66
80
100
122
145
166
183
198
204
215
220
212
213
221
210
191
160
136
122
112
92
83
89
90
108
114
128
139
142
164
172
169
171
169
171
170
158
148
141
135
122
102
84
53
31
1
-13
-24
-54
-79
-99
-111
-126
-132
-160
-184
-196
-190
-187
-181
-173
-159
-149
-139
-129
-109
-91
-88
-75
-62
-48
-52
-51
-61
-71
-72
-86
-103
-126
-138
-145
-166
-153
-172
-178
-174
-167
-162
-160
-151
-130
-113
-106
-91
-70
-35
-16
11
13
31
52
60
67
77
76
80
74
64
53
56
53
44
29
20
16
9
-4
-15
-19
-25
-7
-7
0
4
24
37
41
43
48
60
70
89
97
116
119
140
152
144
133
120
111
92
76
53
26
15
-6
-8
-22
-29
-30
-42
-35
-32
-25
-17
6
28
46
70
82
106
121
138
144
150
148
143
131
123
114
94
84
65
52
36
17
-5
-23
-32
-41
-45
-49
-51
-32
-24
-21
-21
-34
-27
-21
-14
-3
-11
-9
-6
-12
-16
-22
-20
-28
-37
-54
-75
-91
-117
-147
-177
-205
-228
-227
-236
-232
-227
-226
-209
-191
-178
-156
-127
-103
-67
-40
-21
2
32
50
70
86
90
95
95
101
106
107
87
73
61
40
16
-9
-24
-36
-48
-48
-53
-52
-49
-39
-30
-16
12
24
46
64
90
109
128
149
154
159
170
171
171
152
137
116
93
72
54
34
18
1
-17
-30
-45
-50
-66
-53
-47
-46
-42
-45
-35
-27
-12
-5
7
12
12
32
47
41
40
34
31
30
25
23
8
4
-13
-30
-39
-68
-76
-88
-96
-91
-91
-89
-86
-80
-64
-53
-48
-36
-28
-13
-1
7
15
25
35
45
49
54
60
56
61
53
42
28
11
6
-16
-22
-40
-60
-76
-90
-93
-93
-93
-86
-80
-60
-35
-27
-17
-13
-7
4
11
26
34
45
43
44
44
50
40
31
31
23
7
3
-16
-36
-29
-33
-33
-25
-19
-13
-17
-23
-30
-30
-29
-21
-2
9
22
30
41
53
66
69
66
66
69
59
59
47
38
37
20
24
16
29
31
27
30
34
37
31
23
27
33
32
19
26
30
25
33
36
45
50
53
54
58
55
51
50
42
30
22
20
19
5
0
-11
-16
-18
-21
-32
-43
-47
-58
-58
-64
-62
-61
-67
-62
-79
-85
-88
-88
-86
-88
-82
-75
-78
-66
-53
-39
-21
-12
-7
5
13
18
26
17
11
-4
-13
-17
-30
-35
-42
-49
-59
-74
-76
-78
-85
-82
-82
-67
-63
-52
-46
-29
-12
-7
-2
-5
8
11
26
25
24
33
37
37
45
54
60
71
79
75
70
67
62
67
65
64
59
55
55
53
56
62
64
60
67
70
79
86
72
71
66
65
75
77
65
57
52
43
48
42
33
26
12
8
6
-1
-2
-17
-36
-41
-34
-30
-22
-25
-27
-26
-29
-18
0
2
6
13
21
16
13
6
3
8
-7
-14
-21
-21
-29
-34
-35
-45
-53
-63
-66
-72
-72
-82
-82
-89
-84
-83
-77
-71
-70
-65
-52
-49
-34
-26
-28
-24
-24
-13
-14
-14
-16
-20
-31
-37
-49
-49
-65
-68
-68
-79
-86
-95
-85
-82
-81
-73
-62
-53
-47
-38
-30
-21
-10
-3
1
4
10
13
9
15
18
26
31
32
35
39
43
46
50
42
32
30
25
19
23
17
14
7
14
30
36
44
63
72
75
80
82
92
101
112
110
119
113
111
114
112
107
94
83
74
75
69
56
64
73
71
75
72
66
67
63
61
63
63
54
44
45
43
49
46
39
36
37
37
33
30
19
13
-3
-13
-14
-32
-40
-51
-63
-78
-88
-104
-119
-124
-124
-120
-123
-132
-135
-128
-123
-109
-91
-77
-70
-52
-44
-47
-44
-44
-51
-50
-53
-58
-60
-82
-89
-105
-111
-109
-125
-123
-130
-137
-129
-128
-131
-126
-106
-91
-67
-49
-31
-20
-19
2
11
27
35
49
62
64
81
78
78
87
76
76
81
78
73
72
62
59
54
50
50
42
39
27
18
10
7
5
10
16
21
39
46
52
64
76
88
103
110
106
118
119
117
111
99
94
89
77
74
64
61
56
60
58
50
49
51
58
47
52
47
45
44
35
35
42
45
38
39
34
33
22
21
10
2
0
5
3
-13
-21
-25
-19
-19
-22
-25
-34
-48
-58
-63
-70
-70
-59
-59
-52
-65
-64
-59
-72
-81
-88
-97
-93
-92
-92
-93
-86
-89
-98
-100
-105
-102
-100
-111
-126
-132
-142
-132
-130
-139
-138
-139
-127
-114
-93
-83
-73
-65
-48
-39
-31
-26
-14
-5
-8
-4
-6
-7
2
7
3
17
15
15
13
9
14
13
18
16
16
18
28
34
34
41
40
54
66
83
96
97
99
110
119
120
127
119
123
123
124
114
110
115
107
98
89
77
65
64
60
62
64
59
47
46
60
61
68
61
55
54
53
53
58
60
61
68
67
75
72
82
72
63
67
58
59
59
54
42
25
7
-9
-12
-25
-40
-56
-68
-89
-99
-104
-111
-118
-130
-125
-132
-127
-134
-135
-124
-118
-112
-114
-113
-105
-105
-97
-90
-85
-85
-86
-79
-81
-81
-81
-80
-87
-78
-89
-82
-79
-63
-52
-42
-34
-30
-26
-22
-14
-12
-12
-9
-4
-1
7
4
1
-12
-9
-11
-7
0
-16
-8
-9
4
12
24
38
31
54
56
68
70
67
78
86
96
105
105
107
102
97
99
106
104
110
106
93
90
76
69
61
55
44
34
25
14
2
-5
-1
2
1
-6
-5
-1
-2
-1
3
6
7
18
19
14
22
20
21
21
25
21
20
22
20
18
25
21
11
8
17
19
6
4
-1
-4
-16
-12
-8
-4
-4
-8
-3
4
8
13
10
19
30
31
28
24
20
17
7
1
-10
-32
-28
-26
-36
-30
-38
-48
-52
-60
-56
-60
-63
-76
-84
-96
-95
-88
-80
-76
-83
-81
-71
-72
-63
-64
-68
-53
-50
-48
-42
-40
-32
-22
-24
-18
-26
-26
-24
-39
-49
-57
-56
-51
-52
-52
-53
-49
-46
-45
-42
-37
-35
-27
-25
-17
-11
-4
-3
-3
11
14
17
18
20
26
27
30
42
55
52
60
66
64
66
65
64
65
65
74
82
80
75
79
81
79
88
90
94
95
104
91
79
81
69
71
66
67
64
61
57
53
55
49
53
45
30
26
27
25
30
23
10
-6
-9
-7
-15
-20
-12
-10
-7
-12
-22
-28
-22
-24
-26
-33
-40
-43
-47
-48
-53
-63
-65
-64
-70
-76
-86
-79
-73
-79
-89
-86
-87
-82
-78
-78
-77
-86
-76
-76
-67
-67
-65
-53
-42
-26
-21
-11
-11
-12
1
-4
2
-6
-3
7
6
5
5
18
26
29
32
35
41
46
41
43
41
37
32
30
25
22
21
8
6
0
1
1
0
5
1
-1
-9
0
1
4
10
13
17
13
16
18
19
18
21
22
27
34
36
28
24
19
21
18
15
18
16
15
24
21
25
26
31
33
30
39
40
47
58
64
68
74
65
59
58
58
55
62
58
50
40
28
26
19
24
15
9
12
4
-2
-13
-18
-17
-23
-28
-39
-42
-33
-36
-40
-53
-64
-70
-60
-58
-60
-63
-70
-64
-61
-55
-57
-44
-42
-45
-42
-35
-39
-47
-44
-38
-35
-29
-29
-29
-32
-35
-28
-38
-37
-37
-36
-30
-35
-35
-31
-15
-13
-2
-6
-10
-7
-11
-2
-1
-4
3
9
18
20
22
32
27
27
17
24
24
28
31
26
26
24
30
31
25
31
23
13
7
14
15
21
19
12
14
8
12
11
10
6
4
7
-3
5
10
10
16
15
12
7
12
13
12
4
7
11
14
15
23
30
26
20
27
30
27
26
21
23
23
26
23
14
9
12
10
11
8
-10
-12
-18
-12
-12
-5
-20
-33
-34
-34
-27
-36
-35
-38
-32
-28
-28
-26
-21
-22
-25
-23
-18
-15
-12
-8
-13
-12
-15
-15
-16
-18
-25
-28
-31
-32
-34
-39
-43
-46
-48
-52
-49
-51
-48
-40
-35
-23
-15
-11
-7
-2
-2
13
15
19
27
24
37
36
30
23
21
25
27
30
28
24
29
30
36
36
38
32
31
25
22
20
21
19
25
21
25
23
15
9
15
14
19
24
13
13
12
32
32
30
24
19
19
17
12
18
16
20
16
8
17
5
15
14
13
18
18
12
9
8
4
5
11
19
21
16
7
5
3
6
9
0
0
-6
-10
-15
-15
-18
-18
-22
-21
-29
-26
-25
-33
-29
-26
-13
-14
-13
-10
-12
-15
-5
-9
-3
1
2
4
-12
-10
-18
-23
-20
-35
-37
-42
-48
-44
-47
-51
-58
-70
-60
-60
-53
-53
-45
-39
-40
-26
-20
-7
2
16
28
40
50
57
63
57
69
72
69
69
59
56
46
39
38
27
18
8
-1
-7
-20
-17
-18
-15
-15
-19
-13
-11
-4
-5
2
7
9
8
15
24
26
35
27
21
20
23
26
18
11
10
3
9
8
1
-3
-8
-14
-30
-34
-37
-37
-47
-50
-49
-47
-32
-29
-18
-13
-6
7
18
21
25
31
34
37
30
33
39
36
34
19
12
12
-2
-11
-23
-20
-30
-33
-35
-43
-48
-48
-60
-57
-48
-40
-31
-34
-32
-28
-19
-12
-3
3
7
4
3
4
10
3
-12
-14
-17
-21
-22
-27
-38
-42
-44
-43
-38
-37
-41
-41
-34
-25
-15
-8
-2
9
12
19
23
32
38
30
37
39
44
47
53
54
55
59
53
51
49
44
37
26
28
28
35
38
36
30
25
25
25
27
23
19
22
25
24
23
19
18
16
20
20
12
7
3
-4
-4
-7
-16
-18
-22
-19
-24
-29
-36
-36
-37
-45
-41
-43
-37
-32
-29
-31
-19
-11
-6
2
8
6
-3
-6
1
9
15
17
14
4
3
4
5
4
2
10
14
10
3
0
1
4
10
6
5
7
3
12
20
17
13
8
9
20
20
14
2
-3
-2
0
4
2
-7
-6
-10
-10
-13
-12
-13
-28
-26
-25
-23
-29
-23
-26
-21
-22
-26
-26
-22
-18
-16
-12
-9
-7
-6
-2
-2
-4
-6
-3
-8
-10
-8
-5
-5
-2
4
9
11
6
7
6
11
20
18
19
12
13
23
28
24
22
22
17
17
18
24
25
21
18
29
30
26
26
25
22
22
28
26
19
14
7
9
8
12
7
5
2
2
-1
-9
-22
-26
-22
-19
-21
-28
-21
-21
-24
-27
-20
-25
-19
-18
-14
0
-2
-2
-12
-9
-8
-13
-6
-12
-13
-9
-6
-16
-20
-25
-27
-29
-21
-19
-22
-27
-29
-23
-20
-13
-17
-9
-4
-9
-10
-10
-1
8
5
6
-4
-15
-12
-12
-31
-30
-28
-26
-27
-26
-20
-23
-21
-21
-22
-23
-18
-21
-14
-7
-7
