SAMPLES:	9672
BITSPERSAMPLE:	16
CHANNELS:	1
SAMPLERATE:	16000
NORMALIZED:	FALSE
-1
0
-5
-2
-1
1
-4
-3
-5
-2
-1
-7
0
-7
-3
-3
1
6
-5
0
-3
-1
2
-2
4
1
2
-1
0
-1
0
1
3
-4
-5
-1
-3
0
-5
-4
-4
-5
-6
-7
-8
-6
-7
-4
-7
-3
-3
-10
-6
-3
-4
-4
-5
-4
0
0
2
6
6
3
4
3
9
8
7
6
4
4
5
5
3
3
0
1
4
5
3
1
1
3
5
4
8
13
13
8
7
9
3
2
0
2
3
-1
-2
-2
-2
-2
-1
-3
-4
-5
-9
-9
-2
-3
2
-5
-4
-7
-6
-4
-7
-4
-5
-5
-6
-5
-7
-3
-8
-8
-6
-6
-4
1
1
-1
-5
-4
-5
-4
-1
-1
0
-1
3
0
1
3
4
9
8
10
10
5
8
10
11
12
9
6
5
8
4
6
9
4
2
1
4
2
6
5
8
3
4
7
8
6
8
7
7
7
4
-1
-1
-5
-4
2
-7
-4
-8
-6
-7
-5
-5
-8
-6
-5
-5
-2
-2
-5
-4
-3
-6
-3
-2
-10
-8
-8
-10
-6
-9
-8
-4
-6
-5
-2
-2
0
-1
-2
-1
0
1
2
-1
-2
5
3
6
3
3
1
0
2
2
5
2
0
0
0
-1
4
-1
1
2
2
7
3
2
4
1
6
2
5
3
-3
-1
2
7
5
4
-1
0
-1
1
2
1
-1
-2
1
-1
2
-3
-3
-5
-2
2
3
5
4
0
1
4
4
0
-6
-6
-4
-2
-7
-7
-8
-3
-6
-5
-1
-1
-2
-1
-7
2
-1
1
-2
-3
3
1
3
1
1
-1
0
-2
0
0
1
-4
-4
-2
-3
1
0
-1
-1
2
2
-2
5
5
4
0
-1
1
2
4
1
4
-2
1
-2
-5
-4
-1
-4
-5
-2
1
0
0
4
3
-1
4
1
3
2
1
5
0
4
-2
5
4
0
1
-4
-4
-7
-7
1
6
-1
0
1
5
1
7
2
4
8
5
4
5
6
1
0
1
-1
1
-2
-2
-1
-2
1
0
3
-1
2
0
-4
-2
-4
-1
2
-9
-5
-3
-5
-1
-8
-7
-9
-9
-5
-7
-5
-4
-2
-3
-7
-5
-8
-8
-7
-6
-2
3
0
1
-1
-2
-2
3
-3
2
2
-4
2
-3
3
7
3
6
3
7
5
2
1
-1
6
1
4
4
8
3
0
4
10
26
28
26
27
29
29
34
30
28
28
16
6
-4
-9
-15
-22
-28
-32
-31
-41
-40
-37
-34
-25
-22
-16
-11
0
4
7
11
12
16
16
20
21
16
8
2
-3
-5
-8
-11
-14
-18
-24
-28
-28
-26
-23
-18
-12
-9
-9
0
1
8
8
17
21
20
24
22
23
19
18
14
8
4
-4
-8
-8
-16
-20
-20
-15
-12
-10
-5
-1
2
5
8
16
17
18
18
19
18
19
22
21
22
16
15
10
5
6
6
0
-3
-2
-5
-8
-12
-16
-10
-11
-13
-12
-14
-4
-5
1
-1
1
5
3
7
3
4
2
2
0
0
-2
-3
-5
-8
-6
-7
-4
-8
-9
-8
-11
-11
-12
-11
-7
-8
-6
-3
-4
-2
-3
-3
0
3
0
6
7
8
11
8
10
8
7
1
2
1
-1
4
-4
-1
0
-5
1
-7
-4
-8
-5
1
-1
-4
-4
-1
0
-2
-5
-3
-2
0
1
3
-2
-1
0
-1
1
-1
-2
-4
-2
0
0
-5
-3
-3
-5
-1
-1
7
5
2
6
3
3
5
7
4
3
2
0
5
-2
1
-1
0
-2
1
1
0
-2
-5
-4
-4
0
-5
-3
-4
0
1
6
6
4
7
4
5
4
5
4
7
7
9
3
1
2
-2
-1
1
-3
-3
3
0
3
1
6
7
5
4
0
4
-5
-1
-8
-10
-12
-17
-11
-16
-12
-9
-7
-3
2
3
1
1
7
9
7
11
13
10
8
3
2
3
5
6
2
-1
-3
-5
-4
-7
-6
-3
-3
-1
-2
-2
-5
1
1
0
-3
0
-3
-2
0
-1
0
-4
-3
-4
-4
0
3
2
0
3
5
2
3
3
5
1
-1
3
0
1
-1
-5
-2
1
-1
-1
3
2
4
1
1
6
8
5
3
9
6
8
4
5
4
3
1
-4
1
3
-1
4
0
0
-1
-8
-3
-4
-7
-9
-7
-1
-6
-1
-3
-3
-4
-8
-1
-8
-6
0
-1
-1
-2
3
5
6
6
1
4
5
4
5
4
3
1
2
-1
-3
-6
-3
2
-2
-5
-5
-5
-1
-3
1
-2
-5
1
-1
-5
-7
-7
-9
-8
-6
-11
-9
-8
-8
-5
-5
0
-6
0
-3
2
0
0
0
-1
2
0
4
2
4
1
2
-3
1
-2
-3
-3
2
-3
-2
1
0
-1
-1
7
0
3
8
5
9
11
10
9
7
12
11
9
8
7
7
7
7
6
5
6
5
5
3
4
5
5
4
7
6
4
4
2
-1
-2
-2
15
28
17
1
-4
13
20
22
15
2
-5
-16
-17
-8
6
0
-31
-52
-38
-29
-24
-21
-26
-28
-48
-43
-31
-22
-11
-17
-22
-19
-10
-10
-8
-7
-4
-4
-6
-2
-4
-13
-18
-13
-7
-7
-8
-12
-18
-15
-12
-11
-6
-1
3
6
8
18
29
35
40
50
60
67
77
79
89
89
92
90
91
102
102
97
91
91
83
63
55
40
28
6
-16
-30
-47
-66
-87
-90
-94
-98
-106
-104
-98
-95
-88
-74
-52
-33
-26
-17
-1
10
18
28
37
38
34
25
10
0
-21
-41
-60
-78
-91
-110
-122
-135
-141
-138
-131
-113
-100
-82
-65
-37
-18
5
34
56
73
90
100
108
114
108
107
98
86
73
60
44
25
3
-14
-25
-39
-50
-55
-53
-52
-47
-37
-22
-2
17
39
55
74
92
106
121
129
133
140
135
128
110
84
71
45
21
-6
-30
-57
-78
-92
-104
-105
-106
-95
-92
-84
-69
-52
-37
-13
1
13
32
42
59
69
75
83
81
71
64
52
41
28
11
-4
-19
-32
-47
-60
-67
-74
-80
-79
-82
-72
-63
-54
-36
-28
-9
6
19
29
30
43
67
96
114
85
47
34
34
39
42
13
-37
-86
-106
-116
-117
-104
-120
-135
-148
-132
-109
-90
-62
-36
-23
-6
15
28
43
48
57
66
70
70
61
42
27
11
3
-2
-11
-29
-51
-70
-81
-81
-89
-91
-95
-99
-87
-75
-61
-46
-22
4
20
41
63
79
93
104
116
130
147
152
163
168
158
150
156
163
171
173
156
142
142
152
156
149
140
134
131
118
86
56
29
-3
-26
-49
-72
-103
-145
-182
-204
-210
-217
-223
-235
-237
-236
-233
-214
-194
-174
-153
-140
-121
-91
-73
-48
-32
-20
-2
0
4
-3
-16
-37
-45
-58
-76
-88
-105
-112
-127
-122
-121
-110
-95
-83
-65
-44
-22
12
47
77
108
132
159
181
201
206
216
220
219
213
201
194
180
153
129
108
84
64
48
27
14
4
-3
-5
-7
-2
3
15
32
49
66
77
97
118
155
215
284
282
216
151
131
135
127
82
-19
-140
-253
-319
-347
-341
-351
-398
-449
-447
-417
-367
-307
-240
-184
-143
-80
-22
35
64
100
136
170
188
178
150
113
92
66
50
32
-2
-71
-123
-147
-158
-161
-179
-191
-182
-165
-136
-81
-18
60
144
221
296
351
414
475
527
577
622
647
638
596
547
515
496
434
322
200
72
-37
-151
-259
-351
-458
-563
-663
-717
-735
-723
-713
-681
-633
-575
-496
-398
-281
-172
-63
32
120
190
239
276
295
306
283
244
188
118
31
-66
-154
-242
-318
-400
-472
-525
-559
-561
-545
-506
-453
-373
-278
-174
-66
49
172
282
395
488
564
623
657
680
687
666
624
560
481
395
293
201
98
3
-96
-187
-260
-306
-335
-348
-332
-301
-265
-205
-120
23
176
312
444
553
632
663
684
687
672
584
455
276
90
-84
-262
-408
-547
-671
-805
-910
-946
-947
-924
-869
-801
-706
-612
-493
-364
-230
-91
32
154
259
350
423
471
515
541
545
530
490
453
389
316
247
168
110
73
43
4
-18
-16
19
92
174
228
262
335
457
598
708
791
876
958
963
896
828
788
727
559
331
98
-144
-401
-643
-832
-992
-1165
-1361
-1503
-1529
-1519
-1495
-1414
-1270
-1114
-969
-801
-579
-333
-118
98
302
483
586
639
688
719
703
633
535
421
266
77
-102
-259
-402
-548
-693
-803
-872
-921
-916
-863
-766
-652
-519
-343
-162
24
230
421
611
775
918
1036
1109
1145
1156
1147
1095
1000
871
724
551
382
211
51
-113
-271
-377
-429
-465
-499
-471
-357
-248
-191
-124
-19
137
275
382
455
504
508
450
427
417
370
257
103
-32
-180
-326
-450
-539
-633
-730
-832
-892
-892
-876
-834
-764
-670
-573
-493
-375
-230
-66
93
219
345
459
571
646
692
725
742
726
685
610
518
420
377
372
347
306
248
213
185
191
252
442
785
1026
907
600
537
808
1056
995
712
446
174
-163
-394
-411
-419
-727
-1214
-1510
-1518
-1546
-1676
-1681
-1517
-1394
-1426
-1377
-1097
-810
-676
-503
-129
223
326
307
402
621
704
694
717
721
546
239
82
77
16
-214
-441
-555
-672
-837
-916
-838
-773
-783
-758
-643
-489
-361
-212
20
269
485
650
812
942
1039
1158
1274
1351
1326
1261
1160
1011
843
707
598
461
287
170
53
-160
-352
-373
-261
-210
-287
-456
-505
-443
-333
-232
-123
-50
-126
-196
-105
97
181
155
107
67
23
-36
-75
-119
-202
-320
-451
-524
-578
-644
-725
-735
-670
-580
-543
-486
-404
-324
-184
17
268
453
502
476
530
706
887
953
919
841
767
753
826
938
912
720
540
503
618
837
1123
1281
1007
456
201
522
938
833
294
-195
-444
-655
-877
-868
-765
-1012
-1527
-1802
-1643
-1472
-1551
-1595
-1379
-1153
-1103
-1028
-758
-517
-558
-518
-77
425
464
187
70
238
385
394
438
448
224
-198
-408
-276
-154
-330
-590
-707
-722
-814
-880
-733
-558
-510
-529
-443
-237
-78
22
152
407
665
819
902
981
1084
1168
1225
1310
1361
1294
1122
939
832
769
699
560
364
158
119
309
415
196
-117
-317
-267
-98
-46
-220
-490
-691
-739
-664
-479
-404
-507
-607
-593
-459
-339
-191
-125
-145
-202
-210
-144
-103
-121
-225
-292
-274
-245
-250
-249
-212
-183
-106
6
104
136
113
115
297
530
632
558
444
426
533
751
950
1027
925
783
958
1626
2338
2177
1270
697
1075
1781
1792
1074
335
-106
-530
-909
-907
-719
-1087
-1970
-2629
-2510
-2134
-2128
-2237
-2073
-1824
-1800
-1754
-1330
-763
-473
-376
-35
499
742
694
736
948
1131
1118
1045
970
707
248
-65
-85
-102
-389
-849
-1183
-1355
-1470
-1560
-1500
-1402
-1407
-1436
-1345
-1076
-774
-506
-269
40
366
639
884
1099
1355
1605
1750
1820
1861
1875
1800
1685
1561
1481
1376
1151
880
613
330
95
120
423
506
-37
-696
-922
-623
-173
-65
-362
-749
-1003
-1009
-732
-264
3
-186
-493
-547
-319
-43
111
114
45
-63
-175
-228
-225
-237
-296
-409
-484
-495
-519
-608
-622
-526
-325
-148
-87
-154
-212
-79
185
481
652
621
448
344
501
861
1149
1164
940
853
1442
2462
2648
1673
772
1068
2041
2377
1657
651
148
-234
-650
-643
-386
-640
-1697
-2693
-2724
-2188
-2037
-2240
-2193
-2043
-2127
-2179
-1745
-1029
-615
-518
-257
248
566
582
711
1059
1361
1409
1295
1233
1011
578
336
404
435
79
-536
-1028
-1254
-1393
-1502
-1521
-1583
-1774
-2028
-2098
-1862
-1443
-1166
-1083
-888
-515
-120
159
410
770
1176
1447
1581
1732
1911
2016
1983
1952
2031
2000
1822
1554
1352
1297
1465
1490
855
218
-155
-216
-59
-126
-626
-1195
-1452
-1495
-1320
-1005
-877
-1060
-1123
-926
-568
-217
61
211
240
280
399
559
650
571
421
352
371
331
153
-16
-164
-238
-203
-224
-281
-418
-631
-674
-441
-238
-201
-277
-341
-228
-21
238
402
565
677
831
1188
1953
2625
2407
1588
1262
1935
2761
2666
1619
649
284
102
-233
-366
-494
-1130
-2206
-2898
-2712
-2297
-2391
-2759
-2782
-2572
-2481
-2348
-1899
-1284
-906
-755
-367
211
566
678
906
1317
1661
1716
1632
1562
1384
1106
970
988
888
421
-226
-671
-871
-982
-1179
-1388
-1590
-1818
-2013
-2100
-1982
-1787
-1605
-1442
-1259
-1049
-826
-571
-207
260
633
888
1037
1211
1463
1697
1870
2020
2121
2145
2242
2447
2405
2002
1464
1148
1217
1232
787
-6
-693
-1081
-1189
-1177
-1165
-1352
-1717
-2001
-1908
-1418
-925
-717
-696
-585
-300
12
316
590
834
970
951
926
1019
1146
1145
1034
967
889
696
413
136
-13
-38
-176
-313
-455
-598
-776
-851
-741
-591
-523
-652
-725
-544
55
999
1839
1914
1203
783
1494
2795
3373
2704
1632
1048
985
912
821
680
86
-1045
-2080
-2353
-2131
-2132
-2592
-3009
-3157
-3266
-3289
-3045
-2598
-2239
-2041
-1758
-1217
-646
-282
93
581
1096
1483
1716
1898
1989
1992
2016
2125
2121
1818
1307
891
662
446
130
-317
-761
-1171
-1519
-1769
-1872
-1926
-2035
-2169
-2135
-1902
-1675
-1518
-1382
-1028
-529
-106
144
407
740
1076
1371
1671
1994
2329
2630
2605
2352
2255
2300
2301
2150
1714
1057
500
70
-299
-553
-824
-1285
-1747
-1990
-2090
-2061
-1943
-1722
-1597
-1484
-1284
-933
-515
-157
136
458
730
899
1018
1204
1443
1561
1498
1369
1302
1191
1074
972
864
622
206
-218
-318
-166
-172
-379
-659
-808
-900
-886
-686
-415
-123
133
510
1063
1408
1262
1126
1556
2353
2702
2251
1501
1024
921
864
797
618
3
-1085
-1987
-2119
-1756
-1785
-2358
-2950
-3078
-3044
-2976
-2742
-2375
-2144
-2130
-1931
-1411
-786
-485
-256
151
650
972
1151
1357
1532
1595
1668
1857
1970
1792
1386
1033
874
749
552
265
-103
-517
-965
-1275
-1326
-1313
-1449
-1658
-1755
-1684
-1580
-1490
-1278
-958
-684
-526
-324
1
403
776
1120
1429
1610
1742
1888
2072
2277
2285
1982
1677
1546
1427
1202
834
344
-144
-482
-732
-906
-1051
-1311
-1629
-1794
-1727
-1577
-1464
-1416
-1342
-1091
-758
-442
-180
29
304
609
889
1114
1238
1267
1294
1367
1444
1443
1287
1069
895
774
646
533
344
68
-202
-380
-316
-221
-346
-712
-987
-943
-352
590
1210
1128
541
224
859
2057
2715
2410
1591
911
746
961
1160
1050
428
-539
-1289
-1499
-1447
-1606
-2011
-2421
-2673
-2748
-2819
-2805
-2711
-2624
-2429
-2103
-1730
-1435
-1261
-1021
-638
-136
305
651
837
905
966
1176
1561
1831
1810
1490
1189
1096
1100
1067
861
492
87
-289
-504
-627
-749
-951
-1213
-1395
-1421
-1342
-1250
-1169
-1086
-954
-753
-516
-256
32
283
610
1157
1570
1524
1410
1554
1872
2151
2126
1807
1515
1262
962
734
685
467
-42
-547
-829
-924
-993
-1134
-1294
-1374
-1433
-1472
-1390
-1170
-1020
-906
-748
-496
-214
71
284
462
701
912
1023
1180
1338
1371
1310
1201
1121
1066
985
820
718
548
213
-13
-79
-123
-325
-641
-824
-578
99
694
893
629
204
387
1343
2282
2432
1774
1047
806
1030
1308
1318
982
142
-831
-1340
-1261
-1087
-1290
-1829
-2385
-2759
-2946
-2897
-2623
-2392
-2400
-2491
-2384
-2094
-1742
-1334
-931
-502
-230
-81
81
341
679
994
1323
1528
1497
1275
1103
1136
1312
1361
1176
792
389
72
-82
-122
-202
-384
-725
-1050
-1194
-1141
-1042
-921
-895
-891
-873
-765
-531
-214
90
243
417
810
1281
1420
1376
1481
1709
1892
1882
1690
1508
1416
1184
877
724
527
142
-187
-399
-538
-718
-937
-1114
-1183
-1225
-1276
-1259
-1153
-1074
-1066
-953
-766
-600
-425
-217
24
222
323
421
535
679
862
1062
1118
959
695
567
733
935
891
614
334
142
71
96
141
41
-184
-320
78
918
1411
1101
398
284
1186
2296
2502
1818
993
674
808
1116
1287
1092
306
-757
-1349
-1188
-884
-1021
-1560
-2165
-2513
-2685
-2612
-2392
-2264
-2385
-2482
-2309
-1973
-1658
-1445
-1216
-947
-662
-376
-66
143
267
420
744
1087
1222
1143
1036
1041
1098
1112
1066
911
627
315
84
21
-56
-237
-539
-785
-888
-875
-874
-935
-977
-992
-894
-738
-536
-327
-174
-107
77
448
987
1366
1395
1379
1407
1570
1846
1993
1861
1568
1255
1007
918
949
679
288
-65
-353
-510
-621
-719
-860
-1021
-1209
-1269
-1198
-1098
-1082
-1021
-897
-723
-594
-471
-293
-90
130
271
350
446
518
627
793
888
859
694
593
600
749
837
642
322
21
15
216
276
-23
-355
-279
327
926
1100
879
581
661
1114
1739
2015
1758
1145
685
740
1059
1120
758
160
-423
-797
-942
-954
-1097
-1464
-1926
-2146
-2185
-2149
-2199
-2261
-2260
-2201
-2025
-1771
-1514
-1375
-1261
-1053
-705
-383
-189
-47
111
315
563
788
903
907
863
852
907
927
854
688
500
331
199
64
-51
-200
-392
-531
-636
-692
-719
-745
-747
-730
-671
-618
-565
-429
-268
-59
129
357
649
901
1003
1034
1171
1445
1654
1636
1474
1299
1195
1127
1031
936
758
451
127
-43
-108
-231
-379
-519
-641
-724
-819
-877
-883
-862
-809
-722
-610
-566
-546
-478
-317
-148
-18
119
251
311
299
325
417
483
510
478
497
546
442
278
250
411
469
361
173
32
-32
-104
-41
440
1157
1330
884
384
445
1204
2031
2203
1680
977
552
583
965
1204
962
291
-542
-1073
-1124
-910
-835
-1083
-1619
-2126
-2354
-2316
-2135
-1926
-1849
-1955
-2069
-2038
-1814
-1436
-1044
-770
-615
-560
-529
-375
-58
363
702
833
759
602
538
675
886
1026
995
763
460
224
113
178
258
141
-129
-429
-593
-601
-536
-506
-514
-592
-715
-802
-755
-562
-309
-151
-84
-100
-47
221
707
1119
1102
912
978
1276
1583
1658
1454
1240
1129
1052
945
987
900
512
148
-27
-50
-93
-216
-467
-676
-767
-833
-865
-825
-817
-875
-831
-770
-724
-589
-455
-360
-277
-175
-62
102
231
327
491
612
625
553
562
648
773
781
613
488
436
423
372
261
202
140
182
358
670
988
1020
795
625
857
1417
1788
1622
1072
564
447
676
932
848
423
-247
-858
-1100
-976
-781
-920
-1379
-1946
-2293
-2341
-2154
-1942
-1885
-1946
-2090
-2121
-1976
-1671
-1305
-1028
-859
-801
-725
-523
-207
162
442
605
635
604
575
685
916
1090
1068
888
677
546
514
494
455
347
144
-77
-235
-275
-283
-353
-467
-582
-672
-650
-576
-497
-451
-425
-389
-287
-118
76
308
541
738
836
842
937
1165
1398
1468
1306
1092
1033
1094
1107
1039
858
565
292
157
99
57
-76
-330
-563
-656
-677
-703
-731
-750
-740
-721
-733
-755
-675
-511
-356
-273
-235
-212
-103
83
247
319
325
296
297
412
545
606
560
481
395
401
521
600
568
428
214
106
206
491
875
1183
1179
809
503
703
1412
1924
1688
966
461
478
737
841
635
215
-340
-862
-1103
-1005
-932
-1129
-1559
-1981
-2194
-2195
-2109
-1991
-1961
-2041
-2130
-2112
-1979
-1711
-1351
-1063
-910
-884
-835
-646
-313
29
310
522
562
476
484
683
958
1145
1115
968
772
646
692
797
883
752
412
92
-52
-2
50
-20
-186
-388
-580
-668
-604
-494
-380
-382
-447
-467
-337
-145
81
323
549
668
563
533
770
1175
1394
1301
989
828
908
1001
1015
953
759
406
138
102
160
170
51
-193
-400
-491
-528
-504
-453
-492
-600
-687
-714
-663
-529
-389
-346
-380
-430
-374
-226
-117
-19
75
201
251
226
195
280
499
640
638
560
477
464
545
643
644
523
425
578
1028
1417
1329
898
655
980
1604
1928
1639
1038
553
461
656
807
676
172
-532
-1084
-1245
-1091
-971
-1182
-1668
-2182
-2434
-2386
-2189
-2027
-2013
-2146
-2284
-2268
-2044
-1697
-1363
-1170
-1107
-1028
-893
-648
-342
-13
292
489
532
504
547
745
1012
1180
1222
1148
998
869
830
883
898
789
532
236
49
-2
15
-27
-132
-347
-552
-657
-629
-465
-334
-314
-376
-469
-430
-210
127
435
528
459
406
535
790
1009
1077
1013
922
842
836
899
945
906
742
572
488
480
446
370
254
107
-3
-109
-148
-192
-314
-443
-520
-541
-562
-602
-617
-625
-618
-619
-608
-544
-473
-409
-281
-159
-91
-85
-73
-13
154
370
509
570
524
408
436
621
789
806
634
483
387
472
759
1137
1379
1240
804
581
895
1406
1606
1290
757
374
271
374
481
368
-42
-632
-1134
-1245
-1119
-1069
-1271
-1652
-2028
-2195
-2127
-1992
-1888
-1924
-2045
-2089
-1982
-1755
-1478
-1270
-1168
-1108
-985
-747
-475
-219
-14
133
300
448
568
677
823
997
1119
1159
1080
980
933
907
907
873
789
626
428
249
144
116
90
34
-84
-241
-353
-388
-357
-295
-267
-271
-289
-290
-225
-91
60
206
320
366
418
504
610
766
872
938
854
741
744
838
905
837
670
528
452
405
370
295
197
37
-155
-273
-306
-336
-407
-536
-651
-716
-755
-727
-682
-631
-594
-582
-576
-557
-494
-387
-214
-69
5
18
27
92
233
452
599
649
619
583
632
759
842
815
707
589
521
593
878
1163
1213
946
590
593
1060
1509
1438
886
335
220
424
568
423
62
-410
-883
-1162
-1136
-969
-1015
-1425
-1935
-2173
-2123
-1967
-1833
-1832
-1908
-2010
-2004
-1810
-1549
-1287
-1140
-1084
-1024
-893
-667
-390
-186
-72
53
205
341
403
490
663
854
951
943
893
873
867
864
895
899
756
556
438
456
505
427
266
130
36
-39
-75
-32
12
-54
-190
-263
-205
-105
-7
62
84
74
69
153
400
701
855
759
538
498
725
1045
1205
1023
719
508
512
646
723
632
335
28
-165
-204
-139
-93
-213
-500
-756
-843
-758
-678
-678
-811
-925
-955
-910
-792
-675
-606
-581
-550
-465
-313
-156
-10
81
183
285
383
492
573
673
740
797
834
815
792
785
798
762
754
779
797
860
943
1084
1129
898
638
703
1099
1321
965
318
-3
173
352
173
-174
-454
-741
-1073
-1314
-1289
-1156
-1272
-1629
-1934
-1982
-1858
-1733
-1642
-1613
-1663
-1702
-1656
-1498
-1309
-1136
-987
-885
-822
-754
-592
-368
-183
-37
87
197
251
236
294
479
672
743
683
616
589
607
683
779
829
750
583
493
499
561
600
597
537
394
272
243
364
460
433
286
164
134
174
244
284
266
171
106
130
303
507
540
426
289
302
492
681
692
536
329
254
304
379
388
292
155
-7
-98
-95
-61
-125
-264
-439
-542
-570
-611
-657
-746
-812
-848
-848
-820
-779
-735
-676
-609
-518
-420
-331
-235
-104
81
251
341
369
426
551
702
786
818
847
852
831
745
666
641
658
670
637
559
572
737
892
794
471
370
670
1052
1013
491
66
128
418
454
203
-82
-306
-493
-673
-725
-699
-757
-1028
-1351
-1511
-1528
-1491
-1500
-1575
-1689
-1759
-1692
-1556
-1485
-1486
-1435
-1272
-1091
-991
-974
-881
-741
-539
-323
-156
-60
-43
-14
125
353
543
646
650
647
644
718
846
948
989
962
914
886
861
830
822
847
837
712
579
492
446
432
414
410
387
314
190
118
154
207
243
223
206
178
127
132
201
304
338
287
240
214
219
188
197
205
193
121
33
-33
-86
-65
-55
-86
-152
-257
-350
-396
-401
-396
-424
-470
-555
-621
-629
-560
-469
-456
-466
-449
-403
-324
-227
-154
-71
-19
12
60
148
229
271
295
344
416
446
433
376
336
329
376
394
359
265
181
179
238
345
420
580
777
821
621
449
631
1103
1412
1163
630
350
500
731
709
493
164
-181
-435
-556
-570
-609
-809
-1101
-1347
-1476
-1524
-1506
-1501
-1554
-1654
-1701
-1628
-1545
-1506
-1527
-1455
-1307
-1147
-1019
-957
-882
-773
-616
-410
-213
-108
-91
-62
62
264
419
541
557
531
547
586
728
848
868
842
821
828
891
969
1011
1012
976
953
961
995
960
891
803
762
747
694
617
503
366
233
146
138
142
54
-71
-207
-273
-253
-178
-120
-160
-225
-324
-309
-181
-56
-36
-94
-141
-174
-107
-6
77
59
-21
-81
-95
-41
-19
-70
-136
-207
-282
-321
-336
-352
-374
-433
-502
-537
-524
-504
-497
-481
-466
-423
-360
-291
-212
-111
0
81
138
199
306
397
467
522
550
572
586
592
589
581
585
605
617
576
524
565
758
971
938
654
482
642
978
1107
850
473
321
394
481
444
228
-58
-313
-453
-497
-529
-663
-881
-1085
-1197
-1230
-1294
-1356
-1412
-1482
-1539
-1534
-1510
-1491
-1515
-1523
-1490
-1404
-1296
-1237
-1205
-1188
-1095
-900
-674
-506
-460
-450
-358
-152
95
307
409
437
491
595
766
919
1034
1065
1081
1124
1176
1240
1292
1296
1262
1223
1181
1147
1066
1010
924
853
787
714
682
615
536
404
276
226
256
258
180
85
28
16
39
84
98
72
7
-61
-120
-110
-98
-136
-197
-274
-352
-420
-460
-453
-467
-501
-577
-639
-638
-609
-579
-572
-599
-611
-576
-505
-438
-401
-382
-351
-284
-206
-124
-63
-19
-19
8
65
165
257
281
262
249
267
305
357
411
436
407
404
413
441
451
456
478
512
512
503
503
493
477
461
464
471
457
433
438
504
539
465
360
296
322
372
334
192
34
-78
-162
-222
-310
-412
-567
-693
-790
-862
-935
-1014
-1063
-1075
-1112
-1164
-1227
-1262
-1248
-1210
-1153
-1104
-1099
-1111
-1122
-1077
-975
-868
-760
-726
-695
-646
-545
-411
-266
-140
-56
5
71
202
353
464
522
542
589
685
817
908
937
922
933
1008
1085
1150
1165
1133
1096
1089
1121
1103
1056
953
848
766
711
682
593
482
352
243
158
84
20
-33
-111
-207
-285
-308
-289
-288
-297
-336
-354
-354
-327
-265
-219
-170
-159
-177
-183
-144
-87
-57
-78
-112
-142
-157
-162
-140
-128
-141
-190
-220
-259
-235
-171
-166
-169
-204
-189
-165
-88
-37
-4
-8
-10
19
56
92
110
99
88
117
117
126
105
98
117
119
116
115
97
102
94
101
108
119
136
99
71
67
69
89
83
63
-10
-73
-101
-78
-48
-65
-130
-235
-271
-273
-229
-214
-247
-272
-285
-302
-315
-306
-289
-275
-277
-303
-301
-288
-274
-258
-264
-255
-260
-252
-242
-211
-161
-128
-118
-100
-84
-63
17
79
119
169
176
203
240
288
322
314
291
273
299
338
339
303
235
171
148
127
115
66
-32
-118
-183
-196
-183
-206
-271
-347
-392
-380
-359
-352
-355
-374
-343
-289
-247
-204
-175
-130
-77
-9
90
164
200
209
247
337
422
496
495
471
468
506
560
595
575
527
472
447
480
502
478
447
422
399
381
354
372
372
364
348
323
305
274
269
255
237
198
164
134
106
57
10
-37
-71
-110
-163
-209
-260
-300
-345
-391
-414
-429
-453
-522
-583
-596
-596
-615
-624
-631
-660
-668
-678
-653
-593
-559
-563
-566
-570
-549
-481
-434
-403
-414
-410
-372
-346
-296
-270
-216
-179
-139
-104
-81
-23
31
83
127
165
219
262
282
308
350
404
454
483
505
508
527
554
573
618
631
611
592
570
578
583
576
570
564
554
527
500
467
440
383
334
279
223
171
102
32
-35
-97
-166
-229
-310
-373
-445
-491
-509
-525
-529
-578
-610
-618
-595
-532
-463
-451
-466
-510
-462
-375
-298
-236
-219
-215
-232
-205
-181
-96
-39
-21
-74
-112
-108
-81
-26
-20
-19
-72
-110
-113
-80
-23
23
66
87
106
135
181
223
289
345
401
445
462
464
481
519
564
585
560
519
484
484
486
475
428
360
307
255
225
185
140
84
20
-36
-80
-85
-102
-124
-164
-206
-258
-279
-290
-298
-289
-316
-358
-386
-400
-395
-373
-358
-373
-398
-419
-413
-385
-342
-325
-348
-371
-387
-387
-361
-301
-250
-231
-229
-221
-197
-130
-58
-2
41
53
88
135
181
245
278
319
347
354
381
411
439
453
460
442
427
400
397
399
381
342
285
258
241
235
211
184
178
137
101
79
55
64
53
23
3
-21
-21
-28
-43
-59
-86
-77
-98
-108
-136
-148
-130
-108
-103
-115
-137
-168
-190
-153
-118
-104
-137
-206
-248
-259
-208
-174
-173
-210
-237
-257
-259
-206
-154
-130
-136
-150
-136
-117
-86
-55
-25
-28
-22
1
18
83
118
122
107
90
93
112
127
114
104
71
67
61
71
46
7
-29
-40
-41
-46
-55
-91
-119
-159
-156
-157
-132
-127
-142
-150
-152
-145
-124
-92
-78
-52
-64
-65
-70
-49
-40
-46
-49
-57
-62
-87
-93
-84
-71
-64
-45
-57
-54
-60
-33
13
46
79
108
134
173
210
240
279
316
351
362
370
374
383
410
429
425
418
411
408
407
395
402
389
374
352
312
294
278
277
228
194
173
148
148
97
68
30
8
-6
-39
-80
-107
-136
-167
-182
-196
-204
-230
-259
-271
-280
-265
-268
-304
-333
-364
-359
-336
-332
-335
-376
-393
-386
-359
-323
-303
-294
-307
-307
-271
-227
-183
-163
-171
-161
-162
-140
-108
-79
-55
-61
-69
-65
-57
-36
-27
-11
-7
3
-5
-2
-4
5
15
15
24
24
46
51
61
63
58
49
44
62
85
104
96
76
82
99
131
147
153
134
127
139
120
113
89
76
59
39
20
15
-1
-15
-43
-71
-73
-65
-44
-47
-59
-79
-65
-49
-12
15
22
5
5
38
65
103
111
116
121
138
158
187
217
252
237
234
241
263
302
319
346
340
331
326
335
344
333
319
289
261
240
225
186
154
111
88
55
12
-3
-46
-71
-117
-151
-175
-192
-197
-220
-243
-278
-289
-286
-301
-318
-305
-307
-324
-337
-352
-339
-339
-328
-319
-311
-314
-320
-313
-294
-281
-270
-237
-239
-226
-198
-158
-114
-109
-92
-74
-53
-14
19
42
38
22
30
68
98
100
78
74
69
85
93
85
76
64
78
77
76
91
105
116
130
138
141
144
149
159
157
149
159
133
121
100
88
104
84
66
32
21
20
-7
0
-12
-22
-45
-63
-60
-73
-75
-86
-76
-59
-74
-67
-68
-59
-40
-21
-9
12
31
38
41
50
56
71
65
70
77
72
92
90
100
100
113
137
134
121
143
150
174
197
195
194
182
195
205
187
178
172
151
120
101
103
95
82
50
34
2
-4
-5
-20
-24
-45
-61
-78
-68
-81
-104
-124
-148
-145
-162
-165
-172
-194
-205
-216
-193
-212
-211
-229
-237
-240
-235
-227
-231
-224
-225
-202
-201
-183
-178
-154
-151
-125
-93
-77
-73
-77
-83
-72
-35
-9
-4
-14
-21
-11
31
59
57
59
58
65
84
111
136
141
125
89
79
94
113
108
100
56
46
42
40
54
42
25
16
7
1
13
26
31
21
8
1
-7
-4
5
-3
9
7
-4
-8
-15
1
10
14
23
20
20
26
33
48
80
91
77
75
78
89
118
132
143
130
125
124
133
166
175
174
153
151
156
156
151
128
123
99
95
82
77
64
36
21
5
-3
-4
-8
-32
-56
-74
-60
-41
-32
-43
-57
-69
-80
-75
-54
-62
-79
-86
-81
-91
-97
-93
-98
-114
-125
-124
-127
-127
-143
-148
-143
-145
-144
-150
-171
-171
-175
-159
-143
-152
-160
-179
-176
-169
-174
-153
-145
-131
-125
-113
-94
-74
-51
-43
-24
-3
42
52
79
93
115
121
137
157
161
165
155
158
153
154
148
130
109
107
101
97
97
96
87
80
64
50
51
56
49
38
12
-17
-30
-42
-43
-61
-89
-109
-120
-119
-118
-108
-112
-127
-117
-110
-91
-65
-61
-52
-43
-41
-16
23
43
55
75
86
103
127
149
161
170
184
184
192
201
195
194
180
173
171
183
178
169
156
145
142
147
135
114
107
97
89
70
63
59
43
27
14
14
-7
-29
-45
-29
-25
-47
-59
-88
-86
-87
-89
-92
-111
-100
-108
-119
-134
-141
-135
-160
-174
-203
-200
-191
-219
-246
-244
-265
-263
-281
-282
-268
-267
-255
-261
-238
-220
-216
-201
-186
-161
-126
-93
-71
-57
-31
-20
10
34
53
62
71
77
76
99
125
145
157
157
154
171
179
183
206
213
215
204
201
217
234
235
214
190
177
166
160
161
139
104
67
53
47
41
24
12
-23
-37
-36
-36
-34
-37
-48
-58
-64
-55
-47
-38
-37
-53
-49
-51
-58
-50
-49
-46
-45
-35
-42
-14
-24
-26
-30
-43
-19
-32
-32
-42
-40
-31
-36
-27
-26
-15
1
13
17
45
63
69
69
85
108
129
134
128
138
161
176
163
168
166
166
175
167
160
151
120
102
79
63
43
27
2
-15
-37
-60
-78
-118
-124
-147
-165
-179
-198
-214
-232
-238
-249
-247
-245
-263
-270
-272
-271
-261
-247
-239
-228
-228
-219
-202
-179
-149
-146
-125
-120
-101
-59
-46
-27
-21
0
7
11
38
69
87
89
95
97
117
143
147
171
171
187
192
182
188
188
189
196
186
194
174
166
138
115
126
110
122
96
73
48
29
32
34
37
14
-5
-15
-23
-12
3
7
-3
-5
-19
-25
-13
9
10
0
-8
-20
-13
-28
-32
-25
-40
-53
-77
-88
-94
-82
-75
-75
-76
-78
-82
-77
-66
-41
-35
-20
-11
-5
16
42
73
83
101
108
136
141
147
166
170
187
176
170
175
159
156
140
132
117
100
78
47
43
32
12
-16
-39
-56
-77
-101
-120
-122
-132
-144
-155
-159
-178
-175
-173
-179
-184
-189
-203
-217
-210
-205
-205
-225
-225
-225
-209
-210
-213
-198
-179
-164
-170
-161
-138
-107
-91
-75
-52
-31
-15
3
28
58
86
104
120
132
152
172
177
185
201
206
210
197
196
201
183
192
175
161
143
129
123
115
102
90
76
60
52
43
47
41
27
4
9
2
3
-5
-13
-9
-22
-20
-13
10
15
12
2
-3
2
8
3
-4
-17
-20
-22
-16
-16
-16
-14
-28
-31
-36
-38
-28
-19
-19
-28
-27
-31
-17
13
11
14
16
25
23
43
56
71
76
64
76
62
81
72
74
78
77
57
45
39
48
54
36
36
19
16
1
6
3
2
-14
-36
-53
-51
-42
-51
-50
-65
-89
-102
-112
-109
-122
-141
-146
-156
-169
-174
-177
-184
-190
-185
-198
-198
-200
-198
-190
-192
-184
-188
-158
-139
-113
-90
-78
-77
-58
-26
3
16
29
64
83
100
109
124
147
163
167
159
164
165
162
158
163
169
165
168
170
160
158
155
140
138
136
120
104
90
74
59
49
33
21
9
-3
-10
-21
-35
-41
-55
-77
-67
-62
-60
-71
-83
-89
-92
-77
-71
-44
-40
-45
-53
-41
-23
-11
-1
2
-2
-18
-13
-12
-1
5
6
20
28
50
66
70
84
97
99
96
108
114
124
126
116
109
105
102
95
87
75
65
62
55
30
17
4
-11
-23
-34
-31
-36
-49
-58
-52
-52
-64
-75
-78
-85
-99
-102
-119
-101
-101
-111
-103
-113
-119
-134
-143
-149
-143
-144
-149
-160
-153
-150
-143
-138
-132
-121
-123
-108
-96
-86
-76
-71
-51
-40
-39
-19
-19
-13
1
20
28
33
42
57
65
72
82
72
94
97
111
112
118
131
130
139
133
125
136
131
141
130
121
123
120
100
94
96
88
66
49
35
24
26
27
20
20
7
-8
-14
-17
-11
-17
-26
-27
-19
-27
-43
-37
-18
-14
-23
-45
-38
-39
-29
-25
-22
-16
-20
-16
-13
10
10
17
27
28
29
49
40
51
54
48
65
60
59
59
65
68
70
68
65
50
41
36
38
30
33
24
17
7
-9
-9
-14
-16
-38
-55
-66
-71
-74
-73
-81
-90
-89
-85
-83
-93
-74
-92
-106
-105
-111
-103
-114
-112
-118
-113
-116
-113
-126
-125
-122
-125
-112
-117
-107
-110
-104
-104
-100
-82
-82
-79
-60
-44
-35
-27
-18
-3
3
27
37
47
57
71
74
82
97
99
107
111
123
121
137
142
151
153
140
141
137
124
132
130
115
99
96
86
86
83
80
67
51
43
39
40
31
38
19
15
9
9
13
10
12
7
5
-4
-9
-3
-11
-15
-36
-40
-43
-48
-55
-62
-55
-72
-80
-76
-68
-58
-42
-35
-31
-14
-14
-13
9
12
27
45
46
49
38
34
54
59
54
46
39
42
47
42
32
38
39
31
20
15
18
12
2
-16
-25
-33
-42
-42
-57
-61
-64
-62
-74
-81
-87
-90
-94
-103
-92
-86
-91
-94
-90
-88
-86
-81
-78
-84
-90
-91
-81
-77
-75
-81
-79
-76
-68
-72
-64
-61
-63
-62
-49
-28
-22
-6
-8
8
15
24
28
38
44
42
46
56
64
68
75
79
73
75
80
77
79
84
77
83
83
82
82
84
89
83
91
92
89
92
87
88
89
80
75
81
74
76
64
56
60
47
37
30
28
21
9
2
-9
-14
-8
-10
-12
-15
-17
-8
-17
-30
-39
-32
-33
-47
-38
-36
-29
-24
-25
-16
-10
-17
-4
3
-9
-8
-6
0
10
-1
-8
-12
-6
7
5
8
16
17
15
10
16
9
5
3
-4
-15
-29
-22
-32
-43
-50
-64
-49
-50
-62
-65
-72
-69
-66
-68
-62
-65
-77
-80
-75
-68
-76
-73
-73
-83
-80
-73
-81
-72
-65
-62
-71
-69
-65
-52
-43
-42
-45
-40
-32
-41
-23
-17
-4
-8
-4
11
22
27
23
26
30
33
40
47
44
50
52
55
64
65
65
65
69
73
71
81
79
83
85
83
85
82
85
80
83
88
79
84
93
87
91
90
89
100
91
83
78
74
72
57
51
38
31
29
27
25
12
2
-9
-8
-8
-13
-26
-34
-29
-31
-34
-36
-47
-41
-59
-67
-70
-53
-50
-53
-57
-71
-58
-56
-60
-51
-52
-55
-56
-61
-40
-32
-39
-32
-30
-32
-15
-18
-24
-33
-26
-30
-25
-24
-27
-20
-24
-24
-26
-30
-31
-37
-37
-33
-36
-36
-33
-29
-28
-25
-35
-37
-31
-35
-27
-25
-29
-30
-37
-38
-28
-18
-9
-12
-5
-8
2
5
9
15
14
16
8
18
19
3
-1
7
10
16
16
14
19
18
14
3
6
4
10
13
12
13
10
12
17
18
20
26
33
37
50
110
240
278
113
-15
33
156
152
20
-101
-128
-18
96
76
-57
-119
-21
120
158
33
-90
-72
8
30
-22
-75
-51
32
68
33
1
34
105
112
91
96
144
172
165
112
79
91
110
123
108
78
51
38
15
-22
-57
-59
-63
-91
-114
-120
-138
-175
-187
-187
-176
-170
-169
-174
-156
-141
-158
-159
-159
-118
-88
-76
-80
-91
-80
-54
-19
-6
-13
-23
-3
15
28
21
3
-19
-16
12
32
26
9
-5
-15
-6
-18
-40
-32
-30
-33
-37
-44
-43
-39
-32
-27
-22
-14
7
10
7
16
20
30
30
42
56
66
71
72
67
62
60
65
68
71
65
67
61
62
56
58
57
57
61
43
41
35
44
34
34
24
20
34
36
36
15
11
8
13
17
8
22
25
15
19
13
21
26
38
61
63
63
65
71
85
104
95
76
76
71
69
65
53
34
21
4
10
11
5
-8
-20
-31
-51
-39
-45
-56
-70
-72
-57
-62
-77
-89
-97
-92
-97
-107
-97
-115
-125
-125
-123
-106
-101
-106
-97
-92
-90
-84
-90
-71
-59
-46
-31
-34
-24
-24
-24
-24
-22
-16
-22
-16
-11
-12
-4
-7
3
-1
5
14
14
10
4
28
42
35
25
27
33
38
38
38
43
29
29
30
34
28
20
27
18
26
29
25
20
19
31
31
38
34
27
37
33
24
24
18
27
17
13
17
18
29
22
15
9
15
25
20
16
13
17
11
28
35
27
22
28
48
56
51
45
52
62
57
46
37
39
44
37
36
39
37
30
20
31
33
29
31
24
39
31
29
15
14
13
-1
0
-10
-7
-14
-17
-28
-42
-53
-52
-57
-72
-73
-88
-78
-75
-82
-87
-88
-94
-95
-87
-89
-91
-96
-88
-90
-93
-90
-87
-80
-83
-89
-74
-70
-68
-64
-64
-56
-59
-42
-38
-34
-29
-38
-10
5
14
22
27
36
46
52
68
69
61
70
60
73
65
66
70
54
42
41
48
49
45
41
38
31
37
34
35
25
25
32
41
50
37
29
29
31
31
32
24
17
13
13
7
14
9
13
9
-3
7
11
7
10
14
11
10
24
26
26
20
18
17
17
21
19
22
25
27
27
24
33
35
33
28
31
30
37
34
27
25
25
24
23
18
17
18
17
15
9
-6
-15
-21
-25
-21
-40
-39
-43
-44
-43
-47
-44
-43
-47
-57
-68
-70
-74
-78
-77
-67
-69
-83
-84
-84
-85
-81
-77
-80
-78
-74
-70
-77
-88
-69
-72
-67
-72
-60
-44
-44
-31
-33
-21
-13
3
14
26
29
23
13
16
21
24
32
33
30
24
24
33
35
32
37
38
50
49
53
63
68
74
76
83
79
80
80
69
73
69
69
59
61
53
41
43
34
38
41
17
0
-11
-6
-12
-11
-10
-23
-24
-26
-25
-26
-20
-25
-27
-27
-29
-24
-16
-8
-1
-3
7
-1
3
14
7
30
32
36
36
45
51
47
56
57
52
55
67
57
57
58
61
60
59
63
50
39
44
35
18
13
-1
-5
-8
-21
-26
-42
-43
-53
-63
-65
-69
-76
-82
-76
-78
-88
-90
-92
-91
-93
-88
-87
-90
-82
-83
-78
-77
-82
-84
-83
-89
-82
-71
-74
-76
-66
-54
-43
-36
-39
-30
-21
-19
-31
-26
-18
-11
-7
-2
1
-9
-5
-5
4
8
12
18
26
32
33
44
35
38
45
56
63
66
69
74
78
81
92
83
89
84
89
91
98
82
74
76
63
63
68
70
60
69
51
49
38
28
28
26
18
13
10
10
8
3
0
-9
-3
-6
-9
-23
-15
-13
-21
-18
-32
-19
-17
-6
-3
-4
-3
2
2
1
11
7
5
6
11
1
-3
-12
-2
1
-12
3
-3
-9
-7
-14
-13
-22
-26
-22
-25
-37
-29
-33
-29
-25
-28
-27
-40
-38
-46
-46
-47
-47
-40
-40
-32
-32
-44
-41
-37
-32
-38
-40
-30
-32
-27
-30
-27
-26
-38
-37
-42
-39
-38
-45
-40
-45
-53
-46
-41
-45
-37
-30
-24
-21
-24
-23
-7
6
6
13
13
21
41
33
41
31
34
46
37
55
51
51
62
57
51
39
47
46
46
36
30
32
35
47
39
38
26
25
28
28
26
26
40
43
30
30
36
44
48
50
43
32
34
32
28
29
22
32
17
15
8
15
15
1
0
-11
-13
-19
-15
-20
-22
-34
-32
-26
-33
-27
-33
-32
-20
-22
-18
-9
-10
-8
-16
-11
-5
-8
-6
-17
-8
-17
-9
-2
-2
-6
-16
-4
-8
1
3
5
-10
3
7
-7
-2
-15
-1
2
-3
-3
0
1
-11
-7
-13
-16
-13
-14
-16
-23
-30
-34
-36
-44
-45
-44
-52
-52
-45
-51
-50
-49
-52
-41
-43
-43
-32
-38
-23
-14
-15
-18
-13
-5
4
11
10
16
18
27
28
27
27
29
35
32
30
34
31
27
21
17
25
21
18
18
23
29
21
19
13
28
33
36
42
35
46
40
42
45
42
41
46
37
30
33
29
26
35
28
32
30
22
32
19
21
20
18
9
4
9
4
3
-2
-6
-15
-17
-17
-25
-21
-22
-22
-37
-42
-40
-31
-35
-30
-39
-35
-30
-30
-23
-27
-28
-23
-11
-8
-15
-22
-14
-13
-11
-1
-23
-26
-20
-9
-10
-20
-24
-25
-5
-6
-6
-14
-15
-9
-5
-2
-5
3
2
5
7
2
6
-4
-5
-1
-1
-16
-18
-10
-13
-22
-34
-32
-25
-22
-14
-16
-10
-5
-12
-6
-7
-5
-7
-6
-6
-12
-8
-8
0
-8
-9
-4
-2
4
-5
-4
-1
-8
-7
-6
-1
3
2
5
13
19
20
24
32
32
35
36
35
42
47
44
43
53
53
46
42
52
50
43
39
44
48
43
35
26
26
17
21
14
9
13
-1
0
-6
1
-2
-16
-8
-12
-4
-10
-10
-15
-10
-4
-2
2
-2
1
-2
-2
-9
-10
-16
-12
-20
-23
-24
-36
-32
-34
-26
-19
-25
-30
-26
-27
-20
-19
-19
-26
-19
-17
-15
-12
-12
-7
1
0
-6
-1
8
12
2
10
8
9
10
9
3
-1
5
-3
-6
1
6
8
-1
-2
-9
-11
-13
-19
-19
-16
-13
-20
-16
-24
-16
-15
-17
-18
-24
-27
-19
-24
-24
-21
-25
-25
-33
-26
-28
-25
-22
-17
-12
-15
-10
3
1
2
13
16
13
12
21
32
39
34
34
44
51
57
53
51
56
54
56
61
56
61
59
49
44
40
41
46
33
31
22
19
20
16
17
24
10
5
-1
-2
4
-8
-14
-23
-17
-16
-12
-19
-28
-29
-32
-29
-26
-27
-34
-35
-35
-43
-43
-48
-45
-34
-41
-36
-40
-47
-44
-34
-45
-46
-41
-32
-29
-26
-18
-13
-4
4
3
14
17
22
22
17
21
10
11
9
12
21
29
25
13
27
23
25
37
30
32
32
23
22
21
22
21
19
15
10
14
8
-4
-11
-14
-13
-13
-20
-17
-20
-22
-30
-33
-30
-33
-30
-31
-29
-30
-31
-35
-33
-29
-27
-17
-14
-4
-13
-7
4
1
6
-3
2
6
2
14
17
15
20
15
21
32
26
20
32
33
27
25
28
24
28
21
21
23
25
17
19
27
21
23
22
29
25
22
14
16
9
11
12
9
0
8
9
7
5
-1
0
-14
-10
-24
-14
-20
-28
-29
-31
-32
-26
-31
-31
-29
-34
-33
-39
-32
-25
-29
-32
-23
-21
-20
-24
-23
-16
-8
-13
-14
-13
-7
-9
3
2
2
13
20
18
15
22
21
30
19
27
16
26
22
26
25
27
24
13
12
7
23
22
18
15
9
1
2
4
-5
-11
-4
-12
-9
-7
-20
-21
-24
-22
-21
-28
-31
-29
-33
-28
-31
-34
-22
-28
-19
-14
-8
-16
-12
-17
-15
-12
-13
-6
-5
3
7
12
10
18
13
25
22
28
24
24
31
32
36
33
33
32
31
20
29
26
34
36
28
28
32
33
27
26
22
20
18
25
11
10
11
15
6
3
-6
-20
-4
-20
-18
-17
-30
-23
-22
-20
-23
-25
-21
-22
-19
-25
-33
-32
-31
-29
-28
-24
-21
-22
-31
-29
-28
-24
-24
-10
-9
-15
-8
-7
4
-1
-7
-1
5
6
1
5
10
14
19
15
21
22
22
20
15
14
14
17
11
16
20
17
17
19
14
14
13
15
7
2
11
7
4
2
-5
-8
-15
-11
-10
-12
-14
-18
-17
-26
-31
-27
-33
-28
-26
-28
-26
-29
-25
-21
-21
-27
-11
-3
-4
2
0
0
16
8
6
12
13
14
10
15
9
16
21
15
14
15
22
11
8
11
11
19
27
17
15
24
28
29
25
23
20
13
21
17
10
4
-5
-6
-8
-3
-8
-12
-20
-9
-8
-6
-6
-5
-2
-3
7
-5
2
-8
-2
-5
-7
-5
-16
-5
-8
-8
-3
-8
-5
-6
-11
-7
-8
-4
-4
-12
-10
0
-8
-4
-2
-2
0
0
0
-11
-12
-15
-6
-6
-8
-13
-12
-5
-10
-2
-1
-3
3
4
8
6
6
7
10
13
5
9
6
5
15
17
16
11
14
15
19
18
16
12
15
6
4
1
-1
0
-6
-2
-7
-11
-14
-11
-13
-17
-15
-25
-20
-24
-23
-20
-24
-21
-20
-28
-23
-32
-26
-22
-22
-22
-16
-13
-16
-6
-7
3
3
2
4
2
14
8
10
17
21
27
22
24
23
17
16
17
14
11
9
6
8
6
3
9
10
10
10
9
14
21
21
21
23
25
25
17
18
16
19
14
9
17
7
1
1
5
8
6
2
4
-1
-2
-1
5
3
0
9
-1
-3
-2
2
3
-2
3
-2
-8
-12
-7
-7
-10
-14
-18
-15
-6
-4
-10
-12
-12
-14
-16
-8
-10
-10
-10
-14
-13
-8
-14
-12
-8
-6
-6
-5
-3
-3
-2
-3
-10
-7
3
8
8
-1
2
6
3
7
5
4
2
-2
-1
3
-3
-1
-4
-2
-9
-8
-10
-14
-14
-12
-16
-14
-17
-18
-18
-16
-14
-14
-14
-11
-2
-7
-2
-1
-2
-5
1
-5
-1
10
7
8
10
17
16
20
16
25
22
20
16
15
14
15
12
9
12
8
9
6
5
1
-5
3
6
5
8
6
9
6
10
12
16
9
11
9
3
1
4
4
-3
-1
-2
2
-2
-2
-6
1
7
1
-5
-10
-3
-6
-5
-4
-2
1
0
0
0
0
3
-2
-5
-5
-2
-1
-3
-6
-2
-7
-14
-2
-7
-6
-9
-7
-6
-5
-6
-9
-7
-10
-3
-5
-4
-12
-2
-11
-5
-2
-4
6
-2
-4
-5
-7
-10
2
-5
2
-6
-11
-3
-2
6
-1
-4
-4
-6
-9
-9
-5
-7
-13
-9
-5
-6
-6
-10
-7
-4
-6
-7
-5
-4
-8
-10
-5
-6
2
-1
-5
2
3
0
-1
2
1
6
8
4
9
4
5
4
6
9
5
5
7
11
13
16
19
25
21
21
14
14
12
12
25
23
20
16
12
10
9
5
4
6
0
1
4
3
6
-5
6
2
8
14
8
13
14
9
9
15
12
13
15
13
11
7
2
2
2
-6
-2
-8
-5
-1
-8
-8
-2
-4
-5
-5
-9
-5
-2
-13
-19
-16
-21
-17
-28
-29
-24
-26
-25
-25
-23
-24
-18
-18
-24
-13
-7
-4
2
-1
3
5
-4
2
2
-1
3
0
6
14
6
-2
2
2
0
-2
-3
0
5
2
1
1
4
1
3
4
-2
0
1
-4
-10
-7
-14
-3
-9
-18
-18
-17
-15
-17
-11
-5
-8
-16
-6
-3
-2
-1
2
-4
0
2
-1
0
1
11
8
8
10
11
20
24
25
27
27
30
29
29
35
35
30
25
27
26
20
19
12
12
11
15
11
0
4
6
18
17
11
9
16
8
12
6
5
11
-4
-4
-10
-3
-3
-6
-5
-6
-13
-7
-10
-18
-12
-18
-9
-19
-20
-20
-16
-20
-16
-14
-24
-20
-26
-20
-21
-18
-24
-23
-23
-27
-15
-16
-12
-16
-11
-15
-16
-11
-3
-9
-7
-7
-9
-8
-10
-4
-3
1
-7
-4
-8
-7
-12
-5
1
-5
-4
3
4
3
7
9
9
10
8
8
1
1
3
-6
-4
-13
-7
-7
-7
-3
-4
-4
-2
2
4
3
2
7
8
12
18
20
17
18
14
20
17
21
24
30
19
23
21
20
23
14
15
15
11
10
9
9
4
4
8
7
13
6
0
1
12
11
4
4
-1
7
6
11
14
16
10
10
14
14
15
13
16
11
16
14
10
8
1
1
-3
-2
-5
-11
-10
-12
-15
-8
-17
-17
-13
-26
-21
-30
-26
-27
-28
-28
-33
-34
-32
-32
-25
-34
-22
-25
-17
-16
-18
-8
-17
1
-13
-8
-4
-18
-2
-7
-4
-4
-1
9
0
-2
1
7
5
3
-1
2
3
2
10
6
9
2
5
9
6
14
9
14
5
2
-2
-1
-1
-7
-3
-2
-3
1
-3
3
6
3
9
6
8
7
13
12
7
10
7
13
22
15
13
13
18
20
11
15
11
11
6
7
10
6
10
15
5
15
3
8
5
-1
4
-4
1
-5
-6
-1
-5
-4
3
-2
-1
-3
3
4
9
9
5
10
11
10
6
-1
-1
-1
-3
5
0
2
2
0
-5
-10
-9
-11
-13
-19
-13
-19
-17
-14
-20
-19
-14
-14
-11
-14
-14
-10
-19
-14
-14
-21
-13
-7
-8
-11
-10
-9
-8
-7
-11
-6
-1
4
1
3
-2
3
4
-2
-4
-9
-7
-8
-9
-3
-9
-11
-4
-12
-1
-8
-16
-7
-5
-3
-3
-7
-1
-5
-3
-3
-3
-1
-5
5
3
5
6
8
5
10
14
19
22
21
23
27
20
22
27
24
28
24
22
16
21
18
17
18
13
6
7
3
9
11
1
5
5
5
9
5
0
1
-2
4
5
7
9
6
7
12
4
6
7
15
5
1
7
2
2
-3
3
-5
0
6
3
3
3
0
-1
-5
0
-7
-16
-9
-9
-12
-9
-20
-24
-16
-15
-9
