SAMPLES:	17051
BITSPERSAMPLE:	16
CHANNELS:	1
SAMPLERATE:	16000
NORMALIZED:	FALSE
-1
1
0
7
8
10
8
11
12
15
13
7
12
13
14
10
9
9
8
6
8
8
7
7
1
4
0
2
2
-1
4
-4
1
5
3
3
2
0
2
-2
-4
-8
-7
-11
-10
-10
-16
-12
-10
-13
-16
-14
-12
-12
-13
-14
-11
-7
-12
-10
-11
-7
-12
-9
-4
-7
-6
-8
-7
-8
-9
-7
-8
0
-1
-3
3
1
2
0
4
7
9
9
12
13
11
4
5
1
5
-2
2
4
1
3
7
10
12
8
8
10
10
11
9
2
6
6
4
6
3
6
0
0
-1
0
-1
-3
-8
-7
-8
-6
-5
-6
-6
-5
-4
-5
-4
-5
1
-1
-1
5
4
5
5
3
1
2
-5
-2
-4
-7
-1
-4
-2
-4
0
-2
-5
-4
-8
-6
-7
-4
0
-5
0
-3
-3
2
0
0
1
-2
0
-1
-5
-2
0
-1
-5
-1
1
-2
-1
-1
-2
1
4
7
7
6
9
11
8
7
3
3
-2
3
3
1
5
2
3
1
4
-1
2
-4
-3
1
2
0
0
2
1
2
-2
-2
-4
-3
-10
-8
-12
-9
-9
-13
-8
-3
-1
-4
2
1
1
3
0
2
4
-2
-1
-3
-2
2
1
1
0
-2
-3
-1
0
2
-2
-4
-6
-6
-4
-8
-3
-6
-1
0
2
5
7
4
3
5
4
-1
-6
-8
-12
-11
-15
-9
-10
-11
-6
-5
-4
-8
-7
-6
-4
-3
-2
2
2
3
2
6
6
5
4
4
4
7
7
8
9
7
7
4
7
7
9
9
11
12
10
9
11
7
10
11
12
9
8
8
5
4
0
-1
4
0
2
3
6
5
5
3
-5
1
-1
-1
-2
-5
0
-2
-3
-3
-6
-4
-5
-6
-3
-4
-4
-4
-8
-11
-8
-12
-16
-16
-14
-17
-16
-10
-9
-6
-5
1
5
8
6
11
11
5
8
6
3
6
5
4
5
8
8
7
5
7
6
9
8
8
8
7
12
7
6
4
3
-1
0
-4
-3
-6
-7
-4
-5
0
-5
-2
-5
-1
-2
1
-2
-2
2
-2
-4
-3
-2
-5
-1
-3
-1
-3
-1
-1
-7
-7
-8
-6
-5
-6
-4
-4
-6
-6
-5
-2
-2
3
-1
3
6
4
10
9
6
10
7
7
2
4
4
2
6
7
10
12
12
13
15
15
7
9
7
7
5
2
2
0
1
0
0
-2
-2
-4
-6
-5
-4
-4
3
1
2
2
-1
2
-1
0
-6
-5
-5
-6
-4
-7
-9
-12
-11
-18
-16
-15
-15
-13
-15
-9
-6
-10
-10
-8
-4
-8
-3
-9
-10
-10
-12
-10
-10
-8
-9
-3
-3
3
1
1
1
1
1
0
-2
-4
-3
3
3
3
3
2
6
4
6
0
1
6
5
10
8
10
9
12
14
12
9
8
11
8
7
9
8
6
6
4
7
10
5
5
5
9
9
10
9
4
10
6
6
1
4
5
0
2
3
2
4
4
0
0
-1
-2
1
-3
-2
-7
-7
-7
-8
-6
-6
-4
-5
-1
-2
-3
-7
-8
-8
-10
-9
-11
-10
-6
-7
-10
-9
-11
-8
-11
-4
-7
-8
-9
-9
-12
-16
-16
-19
-17
-18
-9
-8
-12
-2
-5
-6
-4
-1
5
3
8
5
3
0
1
-2
-3
-2
-3
4
2
4
5
5
4
5
6
12
9
10
10
9
9
4
4
6
7
5
5
5
7
6
5
6
9
12
9
10
14
20
17
20
15
17
15
9
11
2
3
2
-4
-1
-4
-3
-2
2
2
3
-1
0
-1
-1
0
-1
0
-3
-2
-3
0
2
-1
-2
-2
-7
-7
-7
-10
-11
-9
-12
-14
-12
-12
-13
-10
-9
-7
-5
-5
3
3
3
4
0
1
5
5
4
6
9
8
8
7
6
5
2
2
4
7
5
4
2
-2
-1
0
0
0
-1
0
-3
-5
-5
-4
-6
-4
-5
-3
2
1
-3
-3
-5
-3
-4
-3
-1
-5
-5
-7
-4
-1
1
5
4
7
10
14
14
8
14
14
10
9
0
1
-1
4
3
0
-9
-4
-1
-4
3
5
7
11
9
14
12
12
13
9
9
5
-1
-1
-5
-9
-15
-15
-16
-16
-13
-11
-9
-7
-5
-7
-6
-2
-5
-6
-1
5
-3
-2
-1
-7
-9
-9
-11
-11
-12
-13
-13
-9
-7
2
2
4
6
5
4
3
5
1
0
-3
2
3
3
-2
-3
-6
-4
-4
-6
-7
-8
-1
-3
1
-3
3
7
2
6
6
3
5
6
5
6
8
5
10
8
7
6
6
2
2
6
1
2
1
-2
-1
-5
-1
2
1
1
-1
-3
-5
-6
-8
-10
-8
-11
-8
-6
-6
-3
-1
2
0
0
-2
-5
-8
-10
-11
-7
-15
-8
-14
-13
-10
-10
-6
-8
-8
-4
1
-1
5
5
0
1
-4
-1
-8
-6
-8
-2
-5
2
1
2
5
0
6
3
3
5
6
6
6
6
10
8
9
7
9
4
3
2
0
2
6
7
7
10
14
13
14
12
9
8
6
7
4
4
1
-4
-1
0
-1
0
0
4
11
15
10
13
10
12
13
10
2
2
0
-4
-3
-7
-4
-4
-4
0
2
4
6
5
7
3
6
7
4
-1
2
-3
-1
1
0
1
2
0
-4
-6
-6
-5
-6
-4
-4
-3
-2
-5
-3
-3
-3
-2
3
-2
-8
-2
-10
-8
-12
-12
-12
-12
-18
-14
-14
-14
-8
-12
-8
-8
-7
-7
-10
-14
-17
-15
-17
-13
-12
-10
-8
-9
-3
-2
0
1
1
6
5
7
1
4
3
5
4
3
3
0
3
4
6
8
9
8
12
11
17
17
21
22
21
21
20
22
24
24
20
21
15
15
17
18
14
18
15
16
10
10
6
5
6
0
3
2
0
-2
-3
-7
-3
-8
-7
-7
-8
-3
-3
0
3
-3
-5
-7
-9
-10
-11
-11
-10
-11
-10
-10
-8
-6
-9
-9
-13
-13
-14
-16
-12
-15
-13
-12
-10
-8
-4
1
-4
-3
-5
-5
-4
-7
-4
-4
0
1
-1
1
0
2
2
3
5
7
9
4
5
8
5
2
0
-3
-6
-6
-8
-7
-5
-7
-7
-5
-6
-12
-10
-12
-11
-11
-8
-6
-7
-6
-8
-10
-8
-10
-12
-10
-11
-8
-7
-4
-4
-3
-4
-4
-3
-3
-5
-5
-2
3
4
4
6
6
11
8
11
10
10
11
8
11
6
11
7
12
8
12
8
11
15
15
17
17
22
14
14
9
15
12
12
11
10
9
3
-1
2
-3
-6
-6
-5
-4
-8
-6
-4
-7
-4
-4
-2
-1
-3
1
-4
-6
-9
-10
-10
-10
-16
-12
-11
-11
-8
-6
-4
-5
-6
-3
4
2
7
7
0
-1
-3
-4
-2
-7
-6
-4
-7
-3
-8
-1
-2
-1
7
3
7
9
5
11
12
9
10
9
7
7
7
2
3
3
5
5
4
5
4
0
0
2
3
3
1
1
1
1
-7
-2
-8
-8
-4
-5
-3
-11
-11
-10
-6
-5
-5
-1
-2
1
0
-5
-5
-6
-3
-7
-8
-7
-4
-1
-5
-2
-1
2
0
3
2
0
4
5
3
7
5
1
8
5
5
6
5
6
3
6
9
10
13
12
11
12
14
15
14
17
18
16
16
13
10
10
10
9
7
1
3
-2
-4
-1
-3
0
-7
-8
-5
-6
-2
-1
1
1
1
-2
-2
0
-2
-2
-7
-4
-7
-7
-10
-9
-9
-12
-8
-8
-5
-2
0
4
3
3
3
1
1
-3
-5
-6
-8
-6
-10
-8
-12
-9
-9
-7
-4
-6
-3
-1
2
1
0
0
2
-4
-5
-6
-5
-6
-5
-5
-6
-6
-7
-4
-6
1
-1
4
0
1
1
-2
-3
-4
-3
-11
-12
-12
-10
-12
-7
-10
-11
-11
-12
-4
-3
-1
1
1
3
7
7
6
8
11
8
6
2
2
0
2
4
6
10
7
6
9
10
10
12
10
10
10
6
7
8
5
3
7
5
6
3
5
4
0
9
3
5
0
1
1
3
5
2
5
6
4
0
3
-2
-2
-8
-4
-2
-5
-2
-5
-6
-7
-2
-8
-4
1
-1
1
-1
1
-5
-3
-8
-8
-9
-9
-8
-8
-4
-2
2
4
3
1
-1
-2
0
1
1
3
-3
-2
-7
-9
-8
-8
-9
-10
-9
-13
-5
-11
-6
-4
-4
-6
-5
-1
-4
-1
0
2
-2
0
0
1
2
0
1
0
1
1
-5
-4
2
4
0
0
2
2
3
-3
2
3
1
5
3
1
1
0
1
0
2
1
1
4
5
7
6
5
6
8
8
10
11
8
7
3
7
4
4
5
3
3
2
4
8
8
7
7
7
5
6
6
4
1
0
0
-1
2
-1
4
4
5
4
4
8
4
5
6
3
5
1
1
0
5
0
-4
-1
-6
-4
-2
-3
-2
-1
-10
-4
-2
-4
-4
-3
-4
-6
-1
-3
0
0
-4
-2
-3
-3
-2
-4
-1
-4
-1
-4
-3
2
-2
-1
-1
-2
-3
1
-1
4
3
6
4
7
15
15
13
11
7
7
6
5
2
0
0
-1
-3
-6
-7
-4
-6
-1
-1
0
1
-4
-2
0
2
3
1
3
-3
-3
-6
-8
-7
-7
-10
-12
-9
-8
-5
-7
-4
-9
-9
-7
-6
-1
-6
-2
-5
-5
-4
-4
-2
-5
-6
-1
-8
-7
-4
-2
1
4
8
7
6
5
6
0
2
2
5
8
4
7
2
3
4
7
10
6
9
9
7
8
4
4
4
1
5
1
5
5
5
8
3
6
7
9
7
7
6
4
8
4
-5
-8
-8
-7
-6
11
38
56
20
-32
-48
-7
62
80
27
-41
-75
-75
-28
27
35
-31
-114
-147
-88
-8
17
-11
-59
-90
-85
-47
7
42
28
-5
-23
-9
15
37
54
66
56
30
-10
-17
0
36
50
40
2
-43
-63
-43
15
19
-23
-60
-50
-35
-33
-33
-29
-6
2
1
8
24
34
46
58
76
71
34
25
41
67
70
36
-6
-23
-24
-19
-5
-3
-25
-63
-93
-70
-26
-15
-24
-38
-47
-46
-21
24
66
77
58
51
73
98
104
114
142
173
173
160
152
127
94
79
112
150
116
13
-76
-84
-48
-46
-85
-137
-205
-278
-305
-262
-180
-171
-228
-283
-261
-196
-142
-90
-51
-3
6
-1
21
97
166
200
211
223
206
159
138
148
176
142
71
1
-45
-76
-98
-111
-131
-164
-214
-236
-217
-213
-218
-202
-152
-103
-84
-73
-19
51
111
150
194
266
312
363
384
376
348
313
333
372
355
264
141
68
38
15
-34
-118
-225
-326
-392
-407
-390
-384
-413
-448
-434
-387
-318
-254
-180
-113
-52
-2
65
144
223
281
325
355
360
357
332
318
300
264
205
125
39
-23
-68
-111
-177
-242
-294
-305
-308
-318
-321
-318
-282
-267
-216
-148
-75
4
52
113
186
266
360
429
465
475
474
482
511
597
700
775
689
445
217
221
448
586
401
-11
-322
-407
-387
-372
-409
-538
-809
-1118
-1201
-960
-664
-627
-792
-902
-780
-577
-413
-238
-60
65
68
36
137
331
466
494
506
555
518
375
248
260
351
329
159
-60
-207
-253
-283
-318
-365
-433
-499
-528
-506
-494
-460
-371
-230
-139
-98
-53
65
226
357
472
574
621
610
599
668
797
840
778
678
595
516
418
359
346
294
118
-112
-261
-282
-305
-376
-459
-534
-606
-696
-707
-622
-488
-415
-421
-390
-286
-136
-15
112
251
348
368
371
424
507
570
537
463
374
267
170
100
75
12
-119
-292
-426
-451
-444
-461
-514
-558
-565
-554
-509
-427
-321
-212
-122
-42
57
136
207
318
455
558
576
561
565
609
689
740
732
720
744
818
892
786
522
289
344
590
639
323
-153
-432
-456
-401
-419
-532
-741
-1081
-1377
-1373
-1037
-774
-857
-1130
-1248
-1078
-803
-592
-430
-260
-185
-189
-144
74
360
496
493
496
506
463
349
295
364
450
377
152
-64
-170
-169
-181
-221
-321
-401
-446
-454
-455
-450
-381
-253
-135
-100
-69
13
167
326
438
553
655
685
673
707
826
919
863
757
732
815
782
569
348
274
309
256
69
-147
-306
-445
-543
-568
-534
-585
-771
-927
-881
-682
-520
-467
-465
-405
-293
-168
-13
176
326
361
339
401
511
598
585
526
482
438
333
194
105
21
-67
-211
-315
-353
-394
-479
-552
-563
-525
-491
-452
-370
-291
-231
-188
-101
71
233
337
377
423
519
612
699
775
828
837
794
759
760
808
871
955
936
664
246
2
160
501
501
36
-553
-834
-777
-643
-610
-701
-950
-1348
-1635
-1532
-1075
-766
-893
-1235
-1337
-1084
-768
-558
-390
-218
-133
-161
-147
66
400
561
557
536
539
507
346
280
366
485
413
118
-142
-217
-171
-158
-208
-296
-358
-392
-419
-393
-340
-210
-56
54
98
117
210
346
495
627
727
776
743
702
730
849
947
867
696
582
545
502
387
263
189
143
101
127
142
-75
-449
-658
-516
-147
-32
-330
-722
-882
-742
-460
-225
-221
-415
-642
-675
-390
29
222
109
-90
-170
-24
193
318
331
228
112
17
9
80
113
73
-19
-77
-127
-196
-283
-287
-198
-113
-114
-202
-215
-137
29
145
172
181
234
370
511
571
574
590
618
683
755
807
785
751
830
992
1075
890
503
235
304
542
640
307
-220
-614
-718
-611
-545
-628
-945
-1314
-1627
-1621
-1358
-1125
-1112
-1302
-1448
-1385
-1140
-890
-682
-507
-391
-336
-269
-128
136
400
535
580
564
533
471
444
482
548
538
370
132
-27
-65
-65
-89
-160
-226
-303
-359
-423
-417
-330
-187
-70
-23
-29
-11
130
312
513
649
704
692
681
723
837
970
1004
895
744
677
659
626
546
415
285
208
225
324
310
-39
-475
-620
-394
-25
25
-325
-721
-888
-749
-420
-166
-208
-470
-731
-742
-440
-63
77
-26
-185
-296
-177
22
181
223
143
26
-41
-13
20
41
45
16
-42
-149
-264
-320
-286
-151
-46
-48
-150
-210
-159
45
209
228
197
211
332
418
481
530
591
655
661
700
746
778
853
1035
1239
1204
827
373
314
680
1024
853
238
-340
-562
-508
-412
-418
-633
-1053
-1544
-1790
-1656
-1380
-1282
-1437
-1634
-1654
-1538
-1371
-1149
-873
-593
-445
-413
-346
-142
147
437
644
746
702
544
444
495
689
785
669
413
164
49
7
-3
-38
-134
-245
-344
-436
-512
-525
-395
-195
-82
-95
-134
-75
125
357
554
689
731
712
738
827
985
1116
1092
978
852
791
744
672
598
493
353
248
223
282
167
-164
-501
-580
-362
-158
-244
-535
-779
-855
-721
-484
-307
-354
-570
-743
-633
-285
9
47
-63
-169
-169
-66
57
176
173
72
-43
-104
-73
-45
-69
-113
-132
-177
-250
-332
-331
-255
-171
-150
-185
-192
-134
6
174
248
226
182
252
439
594
657
608
564
569
653
763
871
832
713
660
835
1199
1290
920
346
146
546
1014
983
392
-267
-595
-558
-390
-314
-457
-935
-1587
-1969
-1753
-1266
-1070
-1346
-1777
-1890
-1677
-1364
-1065
-803
-638
-632
-640
-481
-117
241
406
485
585
665
609
516
524
687
839
732
479
219
93
116
115
37
-113
-258
-303
-367
-456
-522
-441
-262
-175
-199
-235
-155
45
249
419
588
681
664
653
772
1017
1173
1100
942
847
851
836
822
851
914
826
402
-42
-185
32
264
183
-222
-651
-908
-951
-743
-479
-481
-818
-1156
-1192
-849
-440
-301
-352
-438
-464
-407
-212
61
254
263
152
66
60
107
174
277
325
263
29
-179
-211
-99
27
-11
-131
-270
-345
-303
-102
74
98
-19
-69
93
324
422
392
439
597
742
795
740
695
715
774
859
918
944
1003
1159
1170
875
440
290
666
1089
951
283
-375
-622
-550
-408
-378
-582
-1125
-1820
-2141
-1811
-1289
-1156
-1542
-1990
-2064
-1799
-1432
-1089
-819
-759
-802
-790
-509
-66
260
363
431
569
630
568
507
606
783
869
735
505
303
195
210
215
146
-20
-173
-222
-260
-365
-437
-368
-222
-144
-206
-220
-80
97
237
373
538
657
668
703
847
1072
1147
1044
947
935
957
890
770
667
604
527
507
573
471
41
-381
-512
-221
75
-95
-557
-959
-1082
-932
-656
-499
-614
-938
-1166
-1071
-627
-250
-214
-350
-472
-433
-206
27
216
277
192
84
64
142
225
265
226
176
101
-23
-155
-169
-95
2
4
-122
-231
-214
-54
145
222
155
114
215
423
603
650
616
628
698
830
964
1063
1194
1383
1516
1311
838
469
678
1268
1446
921
86
-460
-540
-360
-242
-337
-796
-1553
-2124
-2068
-1578
-1264
-1499
-1975
-2186
-2007
-1721
-1465
-1204
-992
-894
-857
-691
-383
-63
120
288
571
759
725
536
473
674
903
892
669
394
181
96
95
81
-18
-161
-281
-343
-394
-476
-445
-261
-90
-59
-123
-85
49
222
400
594
756
770
705
734
914
1087
1107
1034
974
946
833
684
617
621
563
393
333
421
387
-13
-447
-572
-297
-4
-112
-490
-807
-958
-875
-611
-371
-393
-709
-980
-929
-521
-165
-122
-224
-311
-322
-226
-90
66
167
138
26
-55
-65
-44
-27
32
97
82
-76
-277
-314
-168
-3
10
-81
-132
-84
48
238
317
264
188
245
538
780
741
570
494
657
912
1029
1045
1119
1311
1440
1277
876
599
757
1210
1342
912
208
-309
-407
-293
-158
-257
-731
-1433
-1946
-1873
-1403
-1151
-1415
-1866
-2090
-1956
-1650
-1369
-1165
-1059
-1029
-970
-756
-428
-184
-41
85
340
567
581
451
366
501
708
776
633
384
154
47
71
90
14
-100
-206
-327
-445
-524
-443
-208
-65
-83
-134
-77
122
320
470
626
778
843
819
880
1031
1135
1113
1035
998
963
891
818
809
800
644
324
62
-1
41
26
-108
-313
-546
-711
-757
-627
-518
-597
-801
-936
-864
-652
-487
-408
-351
-366
-387
-323
-150
59
143
105
43
-20
-80
-84
1
97
64
-108
-332
-427
-365
-241
-168
-193
-274
-385
-416
-319
-103
68
123
69
78
188
296
437
578
699
748
730
723
793
909
997
1051
1080
1153
1348
1565
1442
952
498
571
1138
1460
1084
282
-300
-459
-330
-150
-139
-482
-1220
-1910
-2009
-1519
-1117
-1212
-1674
-1989
-1967
-1759
-1477
-1160
-908
-892
-985
-935
-642
-274
-24
109
266
411
379
257
254
445
640
667
504
256
58
-17
41
60
-35
-218
-335
-349
-406
-530
-532
-360
-152
-80
-146
-122
31
227
397
585
738
771
721
760
1003
1209
1202
1033
931
916
896
829
777
718
557
289
104
145
300
412
222
-234
-591
-664
-393
-20
22
-268
-699
-943
-802
-430
-133
-183
-466
-722
-708
-395
-57
46
-12
-185
-303
-252
-144
-23
13
-30
-132
-240
-341
-386
-341
-216
-125
-148
-319
-448
-432
-308
-117
19
60
4
-30
25
230
424
518
556
646
762
767
716
737
937
1112
1217
1316
1522
1632
1341
835
640
1029
1537
1524
894
188
-213
-283
-210
-130
-210
-667
-1424
-1972
-1859
-1413
-1230
-1496
-1881
-2057
-1968
-1776
-1510
-1175
-987
-994
-1046
-889
-514
-156
34
193
374
489
453
372
405
594
770
753
578
318
118
76
106
64
-55
-232
-296
-289
-384
-502
-475
-305
-184
-169
-167
-60
114
243
359
552
699
735
734
836
1024
1142
1089
996
989
970
871
745
699
683
610
484
386
209
-83
-302
-286
-116
-109
-385
-705
-814
-736
-573
-445
-420
-519
-634
-671
-480
-151
4
-29
-152
-193
-95
58
187
219
146
1
-125
-165
-136
-110
-173
-297
-381
-435
-511
-557
-559
-502
-447
-476
-531
-571
-483
-270
-24
82
45
22
174
431
651
791
845
880
874
893
1010
1188
1262
1211
1178
1341
1662
1692
1255
697
543
945
1352
1229
574
-86
-408
-436
-300
-218
-386
-950
-1641
-1978
-1726
-1297
-1215
-1480
-1826
-1941
-1828
-1597
-1274
-978
-866
-902
-886
-686
-377
-92
81
277
473
471
343
238
295
491
645
586
333
31
-146
-113
-17
-50
-232
-398
-461
-453
-486
-512
-402
-215
-137
-134
-61
87
262
369
513
751
884
877
829
917
1117
1214
1139
1029
992
951
854
753
695
595
379
128
-24
-63
-49
-32
26
-98
-468
-806
-831
-424
-10
-42
-376
-665
-720
-504
-151
78
-6
-292
-533
-503
-131
185
200
5
-301
-424
-334
-196
-108
-147
-310
-476
-575
-571
-524
-432
-380
-380
-415
-505
-548
-486
-273
4
166
119
-2
7
257
613
833
836
772
811
925
1061
1113
1136
1156
1129
1195
1379
1617
1695
1369
846
584
877
1354
1410
892
141
-290
-390
-303
-210
-316
-735
-1409
-1967
-2002
-1622
-1375
-1475
-1802
-2077
-2108
-1934
-1627
-1234
-985
-956
-1030
-904
-602
-223
57
252
424
489
429
347
413
612
804
788
618
372
163
96
112
103
-18
-189
-293
-315
-371
-505
-530
-363
-186
-112
-100
-62
58
173
314
547
782
847
780
801
971
1168
1166
1065
1027
1017
953
807
683
610
474
307
235
279
208
-132
-506
-600
-382
-154
-226
-476
-705
-784
-698
-462
-228
-201
-389
-571
-521
-219
26
63
-11
-118
-151
-130
-42
51
64
-44
-230
-348
-357
-342
-356
-433
-474
-480
-519
-631
-678
-636
-497
-371
-324
-295
-264
-173
-17
156
269
340
447
612
776
902
970
1022
1083
1120
1148
1208
1229
1330
1521
1752
1746
1288
744
601
1027
1505
1419
712
-70
-472
-483
-276
-149
-365
-1008
-1806
-2209
-1942
-1434
-1293
-1606
-2048
-2229
-2073
-1784
-1422
-1087
-948
-951
-961
-799
-485
-171
107
350
539
548
393
277
379
633
841
779
536
226
15
31
142
184
50
-169
-281
-350
-448
-454
-331
-115
-6
-58
-115
-36
125
282
490
713
811
744
684
783
1026
1172
1122
1007
935
898
795
702
658
601
404
122
-33
49
179
181
-124
-532
-749
-674
-358
-148
-236
-541
-817
-857
-547
-169
-36
-211
-483
-595
-401
-49
174
144
-33
-233
-278
-166
-48
-43
-172
-319
-412
-421
-451
-496
-487
-426
-412
-465
-568
-610
-530
-380
-179
-52
-33
-68
-60
155
436
597
595
568
731
967
1074
1015
906
941
1103
1279
1384
1374
1400
1509
1528
1269
888
769
1066
1366
1186
531
-94
-351
-353
-260
-265
-491
-1052
-1717
-2051
-1783
-1349
-1290
-1644
-2040
-2145
-2004
-1725
-1385
-1097
-1022
-1090
-1106
-845
-416
-52
128
265
387
410
356
371
520
749
843
686
458
242
137
169
182
93
-81
-226
-271
-285
-370
-449
-357
-179
-70
-73
-70
-8
108
244
441
707
825
763
708
794
1001
1112
1088
1029
946
843
696
649
675
626
390
129
1
-40
-134
-300
-283
-124
3
-196
-602
-787
-624
-199
97
0
-304
-566
-629
-366
34
223
-24
-461
-696
-511
-116
96
7
-265
-594
-739
-602
-332
-140
-236
-499
-672
-622
-470
-382
-301
-243
-158
-138
-213
-190
-35
172
345
408
383
365
364
499
761
947
963
842
764
876
1049
1090
1104
1195
1460
1742
1650
1156
659
693
1260
1719
1474
629
-149
-473
-368
-90
6
-348
-1133
-1954
-2201
-1769
-1272
-1283
-1684
-2107
-2228
-2081
-1807
-1442
-1129
-1052
-1145
-1145
-943
-581
-234
5
260
439
377
230
226
493
844
969
803
524
287
215
304
374
296
56
-182
-260
-289
-346
-370
-259
-82
-39
-78
-128
-43
91
248
498
724
765
640
544
702
990
1125
1050
947
877
789
693
646
646
574
392
238
245
201
-40
-328
-401
-228
-118
-262
-544
-684
-665
-546
-389
-269
-303
-476
-615
-501
-207
20
26
-95
-166
-171
-96
-10
52
31
-93
-290
-390
-371
-323
-333
-447
-522
-574
-611
-635
-624
-541
-480
-448
-440
-369
-189
-19
92
165
219
305
442
615
777
871
912
914
975
1083
1156
1187
1194
1203
1303
1531
1756
1637
1112
616
651
1185
1518
1189
415
-210
-439
-413
-292
-248
-522
-1183
-1906
-2116
-1715
-1308
-1322
-1692
-2032
-2094
-1964
-1704
-1352
-1025
-948
-1049
-1021
-750
-350
-44
128
296
396
364
298
321
509
722
736
576
375
246
177
195
200
106
-68
-198
-174
-184
-295
-374
-268
-47
54
24
-10
58
185
338
587
816
819
682
632
830
1070
1098
953
836
823
762
667
566
538
446
216
9
-91
-97
-102
-72
33
-50
-428
-789
-783
-304
100
70
-273
-588
-656
-488
-152
113
62
-263
-625
-618
-226
67
47
-191
-437
-543
-502
-434
-342
-279
-349
-508
-620
-605
-482
-384
-341
-328
-312
-359
-390
-289
-69
184
277
248
202
270
450
677
850
907
863
824
900
1007
1093
1128
1185
1330
1592
1775
1571
1068
707
861
1414
1684
1266
482
-86
-218
-126
-23
-109
-494
-1189
-1824
-1910
-1500
-1174
-1319
-1754
-2061
-2047
-1871
-1632
-1336
-1117
-1106
-1163
-1095
-806
-430
-206
-41
158
339
342
207
180
360
623
718
565
304
84
7
98
184
105
-87
-258
-321
-308
-325
-282
-161
-58
-31
-53
35
204
326
414
560
739
795
764
752
902
1080
1073
956
872
855
774
639
534
484
436
359
284
150
-82
-311
-353
-195
-69
-200
-499
-701
-695
-549
-361
-217
-253
-410
-542
-469
-176
86
147
49
-85
-125
-57
33
76
64
-63
-217
-355
-432
-456
-477
-519
-591
-694
-793
-812
-724
-586
-550
-554
-576
-512
-347
-108
133
261
292
267
326
553
842
1037
1067
1003
950
995
1146
1291
1386
1450
1589
1763
1692
1241
778
781
1270
1630
1334
550
-124
-365
-288
-126
-92
-386
-1067
-1814
-2078
-1672
-1193
-1155
-1553
-1978
-2090
-1930
-1624
-1257
-960
-873
-983
-1022
-793
-409
-132
15
147
266
286
150
32
130
375
540
471
230
-53
-191
-118
20
86
-30
-187
-267
-297
-314
-296
-134
85
145
67
80
250
479
601
679
827
911
922
906
1022
1179
1175
1015
883
846
832
724
577
494
429
356
195
-35
-270
-402
-370
-266
-251
-434
-687
-811
-709
-469
-300
-315
-425
-493
-437
-226
5
115
77
-6
-26
59
157
201
166
52
-89
-218
-300
-360
-417
-502
-620
-724
-835
-872
-853
-809
-751
-754
-768
-733
-615
-418
-179
17
138
184
263
426
662
916
1073
1115
1076
1020
1097
1273
1430
1551
1639
1759
1802
1505
1013
794
1114
1582
1572
943
192
-189
-216
-131
-63
-153
-627
-1347
-1873
-1777
-1292
-1076
-1286
-1640
-1820
-1774
-1638
-1402
-1039
-782
-772
-892
-866
-590
-260
-30
110
237
270
155
19
25
172
310
268
86
-111
-287
-340
-282
-236
-262
-337
-378
-384
-428
-454
-343
-75
129
171
157
228
432
646
828
1004
1082
993
919
1003
1237
1354
1214
999
850
773
678
589
540
519
378
111
-149
-306
-394
-404
-337
-328
-467
-711
-883
-807
-568
-384
-361
-455
-513
-451
-245
-6
165
218
148
84
138
257
326
284
162
45
-92
-195
-320
-395
-456
-564
-710
-832
-909
-929
-905
-889
-821
-776
-776
-745
-622
-374
-163
-36
34
141
352
579
795
947
1046
1087
1128
1257
1422
1540
1611
1752
1947
1949
1572
1092
944
1278
1606
1417
787
148
-179
-287
-278
-229
-381
-872
-1537
-1894
-1666
-1261
-1215
-1501
-1789
-1817
-1605
-1379
-1129
-886
-778
-757
-689
-470
-210
-64
-1
140
326
376
211
20
-20
84
162
108
-70
-274
-464
-528
-510
-485
-534
-573
-523
-509
-555
-586
-418
-111
123
196
200
295
489
706
989
1252
1349
1226
1092
1161
1364
1479
1352
1170
997
831
642
521
504
487
360
81
-180
-388
-505
-532
-443
-395
-536
-788
-959
-862
-594
-392
-335
-374
-412
-356
-187
67
301
382
288
159
198
324
438
415
275
108
-43
-192
-282
-301
-367
-500
-749
-958
-1054
-1054
-1018
-957
-916
-973
-1013
-982
-757
-430
-220
-162
-136
-17
218
500
788
1000
1050
1018
1014
1203
1464
1705
1837
1949
1983
1691
1235
972
1201
1660
1681
1096
339
-96
-199
-141
-94
-217
-613
-1269
-1756
-1706
-1269
-1011
-1184
-1540
-1707
-1608
-1381
-1088
-798
-598
-586
-633
-551
-316
-71
77
212
333
360
206
3
-61
58
199
154
-13
-281
-552
-671
-618
-536
-531
-651
-727
-705
-700
-670
-546
-262
-2
102
118
209
412
642
874
1130
1328
1356
1264
1213
1321
1470
1498
1398
1233
1031
823
628
537
544
485
268
-40
-321
-501
-526
-493
-475
-547
-731
-911
-940
-784
-562
-434
-457
-511
-490
-363
-129
121
289
316
238
175
229
352
460
471
332
103
-121
-249
-267
-237
-290
-470
-750
-977
-1083
-1044
-918
-856
-908
-1025
-1084
-985
-743
-467
-321
-248
-148
29
270
509
708
864
989
1059
1211
1335
1497
1713
1958
2096
1815
1313
1002
1250
1750
1792
1243
515
16
-153
-138
-42
-69
-514
-1274
-1811
-1725
-1234
-1003
-1221
-1573
-1699
-1551
-1336
-1051
-770
-610
-610
-575
-377
-84
63
86
216
438
576
408
120
-31
46
178
161
-12
-300
-576
-750
-782
-730
-741
-827
-877
-884
-908
-912
-769
-457
-174
-47
10
129
321
533
814
1127
1321
1326
1259
1311
1510
1616
1551
1437
1342
1214
1005
769
656
619
498
294
55
-162
-376
-528
-555
-473
-498
-707
-931
-987
-842
-613
-475
-458
-495
-503
-409
-184
87
271
297
221
193
261
363
407
396
317
177
14
-136
-233
-288
-355
-469
-617
-772
-906
-968
-965
-905
-866
-904
-953
-923
-761
-545
-421
-383
-292
-86
187
418
545
649
746
871
1080
1352
1648
1893
2005
1833
1500
1248
1377
1794
1939
1547
847
321
128
124
164
72
-266
-889
-1485
-1595
-1267
-946
-1017
-1369
-1637
-1613
-1402
-1108
-808
-633
-622
-680
-569
-251
69
210
239
306
424
431
316
186
147
160
129
-10
-211
-445
-657
-746
-772
-777
-875
-963
-1007
-1042
-1051
-951
-675
-407
-307
-298
-168
120
387
634
869
1072
1153
1155
1269
1483
1654
1614
1478
1426
1387
1261
1029
861
772
651
466
293
167
-61
-349
-543
-512
-377
-430
-680
-878
-881
-753
-592
-453
-360
-367
-433
-419
-183
139
333
304
179
159
225
324
381
379
272
86
-78
-145
-172
-230
-372
-533
-661
-742
-813
-847
-840
-806
-798
-856
-880
-833
-660
-466
-322
-289
-265
-140
59
266
428
529
601
691
849
1099
1444
1792
1855
1532
1117
1030
1426
1872
1817
1255
595
194
98
161
222
73
-441
-1158
-1569
-1398
-997
-862
-1097
-1427
-1548
-1445
-1235
-903
-584
-470
-539
-575
-391
-80
149
233
325
446
456
342
215
186
260
292
192
29
-229
-506
-642
-655
-636
-723
-854
-940
-992
-1094
-1124
-942
-638
-427
-399
-357
-203
57
314
582
874
1041
1019
995
1134
1384
1537
1512
1420
1348
1260
1089
955
907
840
693
489
350
246
66
-151
-297
-291
-268
-386
-548
-633
-626
-582
-536
-451
-384
-390
-399
-315
-112
87
143
117
101
132
158
219
272
240
104
-86
-182
-199
-192
-289
-437
-555
-630
-687
-757
-795
-769
-717
-705
-750
-760
-702
-573
-398
-290
-249
-228
-137
64
269
403
432
447
555
784
1130
1498
1693
1472
1045
851
1153
1728
1915
1494
809
325
181
272
398
355
-51
-755
-1317
-1344
-966
-710
-842
-1189
-1410
-1402
-1238
-950
-667
-500
-493
-548
-441
-177
62
191
276
399
479
426
259
150
162
252
275
190
-39
-347
-543
-609
-602
-629
-728
-831
-918
-1037
-1109
-1005
-750
-518
-470
-451
-352
-171
31
259
574
793
852
823
894
1151
1325
1352
1321
1324
1300
1166
1023
952
931
808
614
487
424
277
47
-161
-188
-125
-163
-308
-437
-503
-519
-478
-353
-257
-260
-352
-414
-285
-76
62
77
44
0
-7
11
99
178
162
15
-148
-239
-251
-274
-353
-426
-490
-543
-637
-700
-664
-583
-533
-537
-584
-575
-488
-363
-244
-166
-110
-70
2
177
344
425
423
410
521
771
1091
1337
1399
1184
834
718
1010
1445
1560
1130
536
161
81
159
203
132
-242
-814
-1230
-1210
-885
-705
-842
-1103
-1227
-1168
-1028
-827
-569
-416
-436
-476
-369
-133
54
147
235
371
450
360
218
158
230
293
247
148
-23
-269
-469
-536
-524
-556
-682
-791
-870
-944
-1026
-963
-709
-501
-441
-472
-421
-222
17
278
544
706
731
685
762
1002
1218
1260
1199
1149
1103
1018
935
899
889
825
657
525
418
277
105
-5
16
49
-31
-177
-309
-332
-298
-232
-140
-100
-155
-247
-241
-105
71
109
79
25
15
7
-11
4
-9
-52
-177
-303
-394
-440
-498
-558
-619
-650
-691
-750
-763
-703
-588
-533
-541
-550
-496
-352
-176
-92
-64
-62
17
167
328
442
472
459
472
586
807
1109
1350
1324
985
637
605
975
1368
1291
779
233
-89
-147
-57
67
-21
-471
-1084
-1406
-1197
-800
-674
-859
-1098
-1152
-1038
-844
-549
-297
-228
-277
-281
-95
153
283
299
359
486
529
417
248
178
205
253
224
91
-115
-355
-496
-523
-507
-553
-629
-706
-790
-898
-914
-753
-527
-386
-349
-321
-229
-97
70
304
595
742
678
614
721
933
1064
1050
1001
961
881
746
645
618
625
563
484
413
290
117
-69
-81
58
170
115
-59
-208
-230
-132
14
132
125
-4
-119
-93
80
241
263
168
51
-6
0
31
30
-20
-157
-317
-445
-521
-558
-631
-689
-739
-779
-813
-845
-816
-727
-609
-511
-472
-444
-378
-237
-66
69
176
240
332
402
485
595
682
710
726
764
907
1109
1238
1150
875
629
615
839
1008
879
441
-15
-267
-347
-300
-264
-418
-790
-1238
-1387
-1199
-900
-781
-923
-1084
-1069
-892
-651
-406
-207
-178
-202
-148
50
270
354
375
390
472
486
390
239
162
192
221
177
10
-210
-400
-501
-490
-484
-547
-625
-710
-797
-837
-753
-563
-379
-292
-273
-209
-77
89
256
450
624
691
666
665
780
916
944
892
835
795
739
600
498
477
471
442
394
342
217
49
-81
-40
119
180
80
-87
-187
-159
-29
129
193
141
15
-54
36
226
346
314
168
42
0
27
64
37
-67
-242
-410
-528
-574
-610
-667
-749
-847
-933
-977
-948
-870
-771
-656
-581
-546
-496
-364
-144
28
133
207
308
448
601
722
800
848
840
851
938
1157
1344
1366
1145
771
560
672
966
1044
692
155
-285
-466
-452
-386
-416
-685
-1161
-1552
-1535
-1229
-956
-959
-1127
-1211
-1142
-927
-623
-346
-180
-159
-146
-1
245
424
469
490
570
638
588
432
311
290
310
264
190
46
-192
-412
-554
-556
-539
-560
-625
-685
-767
-848
-761
-496
-253
-148
-159
-125
7
173
372
581
752
756
687
702
793
889
884
821
784
720
599
448
368
338
323
314
259
148
-42
-206
-201
-21
112
76
-90
-232
-237
-89
127
279
289
150
35
95
314
483
526
407
280
214
160
191
216
160
-20
-259
-435
-519
-552
-613
-708
-811
-905
-1016
-1089
-1064
-968
-845
-763
-701
-660
-587
-428
-223
-21
135
277
397
504
603
724
873
1007
1090
1129
1230
1391
1495
1407
1098
826
790
976
1056
787
293
-153
-415
-524
-531
-568
-773
-1215
-1649
-1745
-1463
-1170
-1119
-1270
-1395
-1319
-1100
-792
-447
-228
-166
-188
-79
176
443
603
631
663
673
620
516
450
451
458
394
245
71
-133
-305
-398
-443
-469
-545
-624
-671
-727
-788
-736
-539
-315
-201
-177
-138
6
198
406
623
785
794
719
725
870
1025
1015
909
774
665
560
431
345
295
241
131
27
-39
-144
-274
-323
-268
-152
-137
-248
-334
-302
-161
26
154
200
152
98
157
335
534
609
555
439
361
354
387
405
357
176
-41
-231
-350
-425
-500
-624
-758
-874
-985
-1054
-1078
-1008
-935
-868
-817
-748
-649
-526
-346
-164
5
158
272
388
485
615
787
960
1061
1055
1119
1261
1458
1583
1439
1112
806
798
1026
1114
813
241
-238
-487
-545
-551
-608
-881
-1365
-1774
-1822
-1533
-1294
-1306
-1458
-1512
-1387
-1151
-876
-595
-376
-274
-207
-52
194
408
487
561
678
773
734
606
497
472
491
449
353
155
-64
-247
-338
-356
-368
-448
-536
-602
-689
-723
-653
-450
-271
-198
-177
-85
78
220
396
588
777
804
741
767
878
966
913
851
786
706
559
381
291
273
255
169
47
-103
-268
-383
-346
-193
-116
-195
-358
-453
-353
-166
17
136
139
81
33
142
356
537
584
507
430
367
361
383
409
372
218
7
-192
-314
-371
-410
-494
-614
-748
-891
-999
-994
-896
-791
-728
-743
-756
-738
-607
-432
-233
-46
82
177
257
378
581
789
931
1024
1095
1230
1421
1604
1616
1398
1079
911
1048
1225
1092
604
54
-274
-412
-452
-483
-674
-1093
-1573
-1819
-1658
-1384
-1287
-1436
-1617
-1580
-1376
-1119
-824
-577
-448
-407
-318
-78
199
394
469
557
657
687
599
501
489
529
535
420
285
118
-86
-240
-294
-296
-347
-438
-513
-569
-626
-635
-497
-283
-140
-108
-95
23
167
339
528
713
798
752
717
788
900
940
894
809
727
616
471
340
302
249
191
99
-44
-207
-378
-448
-371
-250
-242
-361
-493
-496
-364
-168
15
97
76
5
38
239
456
577
566
489
433
413
437
463
448
334
142
-49
-197
-282
-362
-437
-532
-639
-758
-871
-936
-928
-837
-745
-691
-691
-671
-594
-458
-283
-130
18
130
218
314
429
594
781
905
1008
1098
1239
1400
1510
1465
1238
1053
1023
1145
1186
931
479
50
-214
-346
-421
-539
-803
-1216
-1588
-1658
-1507
-1341
-1366
-1521
-1597
-1521
-1330
-1083
-808
-628
-560
-511
-376
-110
131
291
364
471
545
532
467
417
455
499
478
360
218
38
-103
-167
-194
-221
-322
-408
-435
-475
-510
-451
-286
-123
-66
-52
27
152
293
436
621
765
794
746
768
868
918
901
822
759
681
566
401
276
211
139
74
-21
-128
-285
-453
-482
-401
-293
-299
-379
-462
-452
-345
-192
-20
57
39
-36
52
259
451
544
507
437
385
380
410
441
418
280
83
-69
-161
-227
-309
-407
-498
-585
-696
-803
-825
-786
-694
-656
-660
-656
-625
-529
-373
-200
-61
70
153
225
315
429
611
792
917
995
1055
1160
1329
1500
1430
1187
979
1004
1155
1153
866
433
75
-199
-351
-435
-534
-817
-1246
-1562
-1598
-1433
-1356
-1455
-1573
-1584
-1490
-1320
-1097
-869
-716
-655
-568
-356
-87
97
189
287
409
496
487
404
390
419
426
388
307
193
15
-133
-167
-184
-209
-293
-327
-335
-376
-403
-341
-179
-28
52
102
194
301
393
524
704
836
841
782
807
879
926
896
842
772
674
524
380
306
254
160
32
-50
-154
-327
-480
-521
-434
-341
-370
-456
-514
-484
-407
-244
-58
32
-13
-76
-8
187
366
411
398
358
312
297
314
359
345
207
9
-149
-224
-269
-318
-390
-471
-579
-692
-772
-774
-692
-611
-545
-527
-504
-458
-364
-217
-79
57
165
300
405
470
539
658
812
958
1070
1179
1290
1396
1410
1275
1074
986
1058
1106
971
614
243
-47
-220
-320
-416
-612
-957
-1347
-1562
-1498
-1347
-1300
-1409
-1535
-1556
-1452
-1239
-967
-741
-644
-628
-540
-341
-81
91
187
265
334
358
312
286
292
337
327
260
141
-12
-143
-211
-211
-241
-293
-360
-372
-360
-395
-365
-216
-43
61
106
177
290
411
529
686
840
889
850
818
868
922
894
824
748
690
591
432
301
212
134
7
-91
-137
-194
-311
-465
-549
-493
-397
-354
-391
-421
-405
-357
-221
-46
90
107
70
94
225
337
400
414
355
294
254
251
254
212
95
-75
-218
-278
-320
-371
-437
-514
-577
-629
-664
-649
-598
-536
-480
-456
-413
-323
-214
-97
23
103
155
217
364
551
710
789
791
812
893
1043
1277
1472
1472
1231
903
781
952
1170
1124
730
231
-131
-319
-349
-328
-441
-782
-1251
-1555
-1515
-1318
-1208
-1283
-1413
-1472
-1428
-1279
-1044
-792
-658
-622
-581
-406
-195
-59
44
163
282
334
262
178
158
180
226
213
144
30
-126
-249
-266
-248
-257
-282
-298
-301
-339
-344
-241
-68
80
164
209
290
416
551
709
881
995
977
924
951
1021
1026
979
877
791
666
477
327
221
155
26
-100
-167
-228
-338
-513
-593
-526
-420
-407
-446
-471
-442
-376
-259
-109
8
30
-24
13
149
283
356
338
271
224
195
195
215
171
34
-132
-271
-327
-371
-436
-515
-610
-655
-701
-712
-666
-592
-541
-498
-433
-354
-264
-152
-32
67
167
244
347
522
675
787
823
839
916
1043
1171
1283
1397
1426
1314
1074
906
958
1095
1085
769
352
25
-189
-294
-370
-475
-717
-1112
-1455
-1518
-1368
-1230
-1256
-1378
-1450
-1418
-1287
-1084
-845
-696
-656
-625
-503
-289
-104
-4
92
190
252
226
184
176
200
216
186
121
20
-106
-238
-272
-260
-275
-341
-376
-375
-371
-350
-271
-96
79
152
200
294
433
581
718
864
968
982
942
937
995
1019
955
860
755
667
528
386
267
168
58
-96
-195
-230
-322
-486
-594
-588
-494
-448
-472
-506
-463
-401
-305
-168
-31
27
18
29
119
243
314
312
247
202
180
177
165
105
-17
-164
-276
-349
-359
-400
-477
-572
-645
-654
-627
-603
-554
-490
-438
-380
-310
-201
-78
47
145
234
302
373
505
681
800
826
807
817
911
1025
1145
1249
1339
1339
1174
951
813
878
1020
973
670
267
-96
-312
-422
-422
-476
-736
-1136
-1466
-1501
-1353
-1210
-1225
-1324
-1394
-1398
-1281
-1061
-815
-660
-620
-575
-450
-268
-103
-3
83
184
205
185
135
95
111
119
117
73
-33
-164
-270
-300
-292
-296
-321
-343
-340
-342
-321
-222
-26
127
222
290
386
519
634
778
919
1025
1012
987
976
999
988
920
844
770
645
475
337
254
166
45
-79
-150
-166
-283
-451
-554
-519
-415
-376
-407
-411
-412
-387
-274
-122
10
47
9
-3
92
227
280
252
188
130
99
71
33
-43
-182
-311
-410
-440
-441
-498
-600
-691
-697
-649
-604
-550
-507
-451
-407
-314
-193
-68
55
146
245
319
408
487
625
789
874
854
809
828
924
1017
1096
1196
1284
1274
1069
819
729
818
955
888
588
200
-131
-338
-370
-343
-410
-715
-1173
-1469
-1445
-1266
-1158
-1187
-1306
-1375
-1366
-1237
-1020
-796
-660
-614
-562
-439
-279
-164
-62
69
188
242
206
140
86
77
97
107
63
-58
-207
-303
-316
-314
-305
-295
-274
-281
-306
-278
-164
33
187
298
389
486
557
627
757
909
1001
1002
954
947
967
953
901
839
754
626
452
310
241
147
36
-57
-110
-206
-378
-523
-548
-449
-371
-375
-416
-448
-438
-361
-222
-64
6
-27
-75
-10
126
211
187
120
86
60
36
-1
-50
-139
-252
-357
-413
-431
-476
-578
-661
-675
-631
-562
-519
-484
-440
-370
-269
-139
5
108
167
223
312
426
533
607
689
758
774
767
760
794
881
955
1037
1138
1216
1160
929
704
654
791
882
744
388
10
-252
-366
-363
-360
-509
-869
-1237
-1356
-1244
-1110
-1080
-1166
-1264
-1308
-1266
-1100
-898
-738
-648
-613
-516
-383
-278
-151
-38
100
197
190
139
72
57
83
119
128
37
-106
-253
-311
-288
-284
-294
-310
-275
-280
-308
-264
-112
79
205
306
396
482
545
644
790
937
994
953
922
924
935
911
857
795
686
533
383
279
205
127
38
-40
-157
-323
-460
-469
-370
-293
-295
-354
-386
-386
-327
-195
-68
-25
-71
-123
-85
17
105
116
75
26
-9
-41
-82
-113
-161
-221
-301
-372
-444
-499
-538
-563
-544
-519
-510
-512
-485
-407
-300
-183
-108
-46
40
168
298
378
432
486
575
682
764
816
823
795
835
928
1046
1130
1177
1160
1015
818
691
743
840
785
490
118
-161
-311
-352
-389
-491
-745
-1068
-1275
-1260
-1131
-1040
-1070
-1158
-1221
-1186
-1046
-861
-676
-576
-523
-478
-383
-255
-162
-72
-10
68
117
95
20
-25
-13
-7
-11
-39
-115
-231
-326
-341
-308
-303
-316
-319
-313
-308
-279
-175
-29
113
202
301
415
526
654
788
909
1002
1016
994
1001
994
965
877
794
687
581
442
308
232
178
86
-62
-170
-262
-312
-308
-314
-310
-316
-353
-348
-293
-217
-171
-137
-109
-99
-60
-36
6
55
57
18
-39
-78
-100
-124
-185
-251
-346
-423
-486
-519
-509
-519
-536
-560
-586
-565
-506
-416
-324
-217
-142
-80
4
121
248
385
489
573
656
692
658
642
728
877
995
965
861
844
956
1068
1035
866
700
632
642
640
591
392
73
-201
-325
-285
-296
-477
-755
-970
-1022
-957
-860
-830
-888
-978
-1010
-903
-734
-616
-606
-604
-576
-495
-417
-353
-295
-246
-216
-203
-204
-231
-263
-256
-202
-179
-240
-331
-376
-323
-261
-240
-236
-204
-168
-133
-90
2
93
164
237
343
441
462
471
517
631
713
729
690
666
656
667
658
647
600
515
427
393
423
439
386
275
196
138
126
122
108
83
8
-77
-126
-129
-123
-147
-187
-223
-251
-267
-276
-259
-242
-235
-238
-253
-264
-284
-279
-275
-282
-302
-352
-409
-438
-413
-357
-309
-271
-272
-319
-344
-312
-230
-93
10
28
4
-27
3
90
203
295
286
227
173
200
342
516
708
828
865
897
894
908
976
1098
1234
1227
1057
834
658
563
499
389
179
-122
-429
-641
-722
-726
-778
-893
-1024
-1093
-1087
-1015
-931
-856
-763
-680
-578
-528
-503
-480
-391
-256
-150
-117
-196
-281
-312
-253
-159
-121
-185
-306
-412
-418
-362
-300
-307
-354
-377
-369
-316
-260
-200
-126
-57
-10
68
134
233
356
469
558
607
642
671
747
816
834
771
692
656
641
612
565
515
466
375
239
113
61
52
61
42
-22
-108
-192
-199
-147
-56
-21
-38
-88
-95
-54
-4
53
78
59
8
-35
-63
-73
-79
-118
-162
-214
-280
-348
-417
-433
-430
-415
-426
-481
-497
-485
-450
-376
-285
-219
-192
-182
-121
-38
77
157
224
241
241
254
335
568
862
1078
986
779
667
777
1067
1273
1244
1013
681
464
423
493
490
267
-54
-335
-464
-459
-447
-486
-583
-719
-817
-849
-798
-712
-639
-566
-512
-518
-526
-513
-431
-265
-154
-156
-252
-384
-463
-464
-391
-327
-374
-512
-652
-688
-652
-606
-568
-533
-479
-457
-433
-411
-320
-183
-58
55
139
195
245
344
497
648
726
735
722
732
753
775
748
702
624
512
425
363
340
293
197
122
54
26
11
1
27
48
49
56
80
106
156
197
249
284
280
284
278
290
279
270
245
179
102
27
-30
-62
-92
-175
-279
-385
-460
-510
-530
-536
-533
-544
-548
-548
-539
-479
-392
-307
-254
-220
-189
-140
-65
32
109
116
90
64
83
159
241
361
471
518
440
345
340
508
714
788
705
578
454
391
444
513
516
369
158
-5
-32
1
18
-1
-100
-216
-295
-319
-281
-288
-297
-330
-376
-400
-459
-499
-486
-443
-411
-451
-535
-605
-639
-618
-597
-540
-541
-612
-664
-652
-607
-559
-525
-468
-403
-349
-313
-282
-196
-84
35
121
200
244
263
313
401
504
579
589
575
560
548
549
563
573
574
546
477
400
341
296
283
279
249
186
99
57
65
112
136
136
106
83
87
111
161
191
209
190
176
175
176
181
147
113
80
43
12
-34
-72
-115
-170
-208
-250
-270
-297
-335
-352
-343
-325
-317
-315
-300
-274
-271
-271
-262
-238
-191
-148
-139
-145
-149
-106
-4
115
207
240
213
180
241
337
441
453
365
302
273
287
327
306
257
159
106
108
134
145
123
113
109
122
127
116
114
122
122
99
50
-33
-89
-120
-116
-118
-200
-305
-424
-486
-511
-539
-576
-643
-702
-749
-763
-735
-703
-693
-692
-689
-632
-549
-485
-438
-374
-271
-188
-131
-94
-14
81
158
239
290
339
380
430
485
525
524
514
501
492
487
456
413
377
362
337
313
296
273
232
218
236
254
260
262
245
230
231
226
230
220
194
166
148
136
121
92
51
17
10
-11
-28
-62
-85
-91
-114
-114
-120
-122
-111
-108
-87
-68
-63
-61
-78
-63
-51
-41
-39
-62
-86
-131
-162
-149
-86
-43
-41
-77
-108
-102
-61
12
56
40
-6
-50
-59
-23
6
7
-27
-73
-100
-72
-37
-19
-28
-41
-23
22
56
92
108
118
138
148
172
175
179
150
117
119
118
104
56
-4
-53
-93
-146
-190
-240
-280
-322
-375
-408
-456
-483
-505
-515
-527
-535
-519
-523
-505
-495
-479
-453
-398
-318
-249
-212
-208
-172
-118
-41
33
83
128
162
201
240
274
295
301
316
352
399
415
416
414
405
412
417
423
398
359
342
331
365
386
376
343
303
263
262
258
237
231
202
156
123
105
97
86
78
59
44
40
13
-1
-9
-3
11
23
18
-8
-33
-24
-4
1
-17
-37
-53
-59
-29
9
10
-25
-75
-92
-67
-32
-21
-61
-91
-120
-125
-116
-101
-102
-116
-129
-153
-155
-161
-182
-201
-189
-183
-200
-226
-239
-234
-205
-193
-179
-162
-157
-145
-126
-77
-26
-1
5
17
39
72
90
111
129
143
133
102
60
28
37
52
32
-5
-55
-111
-142
-149
-142
-162
-205
-244
-271
-286
-296
-290
-286
-275
-278
-279
-280
-276
-250
-221
-193
-172
-163
-171
-136
-100
-28
22
45
43
54
88
117
171
214
242
264
276
291
328
378
406
408
411
403
394
390
376
390
385
366
337
302
296
294
285
271
237
206
178
159
145
132
124
120
110
76
37
9
-12
-26
-12
6
9
-2
-13
4
57
60
56
25
32
46
48
38
9
-8
-35
-21
-16
-33
-81
-133
-169
-166
-175
-192
-229
-250
-277
-303
-313
-312
-311
-319
-302
-296
-287
-299
-289
-284
-273
-248
-235
-221
-222
-218
-202
-174
-146
-128
-113
-106
-92
-61
-43
-18
19
31
59
64
78
103
108
131
127
134
134
133
128
125
112
114
106
80
50
15
-10
-24
-24
-39
-62
-77
-127
-158
-164
-174
-174
-220
-256
-266
-257
-245
-228
-213
-204
-191
-153
-101
-43
6
44
98
130
148
175
210
247
280
312
330
339
349
366
391
407
401
398
381
381
393
388
366
322
298
277
270
257
217
178
149
130
114
97
65
19
8
10
16
20
8
10
4
5
18
9
-4
-3
-4
7
4
-11
-30
-40
-36
-40
-61
-85
-97
-97
-115
-132
-145
-154
-155
-177
-175
-189
-224
-249
-290
-291
-297
-297
-293
-295
-285
-289
-282
-275
-267
-265
-255
-256
-257
-250
-252
-240
-213
-191
-186
-184
-182
-171
-146
-112
-87
-61
-35
3
49
63
102
143
167
210
239
250
245
230
227
242
241
228
205
177
167
142
124
90
46
16
-6
-13
-34
-77
-113
-142
-146
-145
-142
-160
-185
-187
-181
-161
-143
-132
-124
-94
-44
-9
18
58
73
103
139
152
156
166
185
210
234
247
254
262
275
287
294
298
301
293
296
281
273
264
256
259
239
222
189
175
155
135
133
137
118
93
74
62
64
54
29
6
-3
-21
-27
-48
-69
-76
-100
-94
-101
-111
-122
-138
-146
-131
-130
-158
-174
-190
-190
-170
-161
-163
-162
-174
-177
-188
-197
-205
-211
-229
-258
-266
-268
-269
-252
-254
-280
-284
-286
-270
-235
-206
-181
-156
-154
-160
-151
-126
-95
-72
-59
-46
-33
-26
-16
25
68
92
115
130
145
159
174
197
216
224
224
224
235
249
251
230
212
185
162
138
110
83
58
43
1
-36
-55
-67
-78
-79
-89
-101
-125
-134
-126
-107
-91
-92
-86
-97
-99
-91
-89
-75
-65
-62
-35
-16
-2
27
66
101
128
146
152
155
169
194
212
230
234
222
222
223
238
260
267
264
248
237
241
224
230
220
211
171
127
100
73
48
33
19
4
-9
-39
-43
-50
-45
-42
-35
-43
-47
-49
-67
-66
-70
-76
-87
-104
-116
-138
-150
-157
-169
-174
-175
-191
-195
-199
-226
-247
-264
-253
-245
-254
-263
-275
-278
-267
-261
-249
-229
-204
-194
-189
-185
-165
-143
-115
-82
-69
-58
-62
-51
-24
-9
13
21
28
35
35
36
38
55
75
88
107
120
140
161
192
223
259
269
285
298
285
282
268
266
238
229
205
160
128
85
58
35
10
-21
-54
-87
-125
-142
-165
-179
-194
-202
-205
-220
-231
-227
-221
-194
-160
-145
-127
-130
-105
-62
-7
31
47
59
70
101
134
162
181
202
212
220
227
250
268
264
269
255
244
231
213
200
192
182
173
150
127
113
109
113
130
128
123
114
109
104
96
77
67
47
21
8
-19
-59
-101
-130
-156
-184
-190
-216
-257
-283
-303
-315
-318
-321
-316
-313
-311
-311
-306
-290
-277
-272
-251
-244
-227
-197
-172
-149
-135
-118
-105
-90
-77
-69
-55
-43
-27
-16
-9
-6
0
9
20
34
51
74
81
78
79
93
108
125
153
185
208
223
239
245
266
300
314
315
289
279
260
241
231
207
191
163
148
110
78
45
12
-7
-40
-67
-104
-125
-163
-185
-204
-217
-227
-267
-282
-288
-296
-287
-266
-264
-251
-232
-213
-179
-135
-99
-72
-44
-24
6
24
41
70
94
117
134
141
151
169
179
202
216
217
230
231
241
242
238
241
237
243
239
226
221
220
218
213
195
174
165
137
130
112
96
74
40
25
3
-16
-38
-71
-98
-125
-142
-166
-196
-218
-234
-248
-267
-280
-287
-289
-298
-296
-283
-271
-265
-258
-247
-240
-228
-214
-200
-189
-175
-159
-139
-124
-119
-108
-96
-76
-57
-46
-30
-20
-11
14
27
37
59
78
90
113
118
152
175
185
206
209
207
197
192
197
192
170
169
163
153
145
125
112
106
107
115
112
107
93
85
72
60
55
39
18
-12
-44
-74
-100
-129
-151
-178
-180
-207
-208
-213
-223
-223
-227
-212
-199
-190
-190
-179
-164
-141
-115
-93
-73
-58
-45
-17
12
54
76
104
135
156
181
195
219
238
258
271
280
278
270
263
269
270
252
235
213
198
175
161
134
120
101
76
59
43
31
27
15
3
5
-17
-43
-58
-77
-88
-100
-116
-137
-152
-165
-196
-201
-215
-210
-205
-216
-217
-244
-250
-251
-249
-256
-265
-257
-259
-237
-235
-227
-220
-194
-163
-142
-113
-94
-52
-30
9
31
54
78
93
101
114
127
140
149
154
158
155
163
157
163
169
171
167
171
167
169
163
166
167
172
166
153
143
125
123
115
100
90
86
90
72
59
46
39
33
22
2
-25
-44
-64
-71
-92
-121
-136
-157
-175
-192
-205
-206
-217
-227
-232
-224
-209
-200
-196
-186
-179
-155
-139
-115
-83
-46
-21
4
34
63
86
111
137
160
180
186
193
222
226
230
241
228
228
221
209
204
192
188
163
147
131
117
111
85
71
47
22
8
10
13
-5
-22
-37
-46
-44
-47
-58
-65
-73
-81
-92
-106
-119
-138
-158
-173
-188
-195
-211
-231
-237
-242
-246
-246
-233
-226
-219
-191
-172
-156
-144
-124
-113
-102
-75
-60
-33
-21
-5
6
23
46
59
75
83
94
104
113
110
132
144
155
168
162
166
161
181
179
176
175
170
168
151
156
156
161
150
133
126
121
122
106
97
79
68
55
50
47
30
12
-10
-35
-63
-84
-110
-110
-121
-132
-152
-160
-177
-200
-199
-198
-193
-193
-202
-203
-185
-186
-176
-180
-180
-174
-160
-137
-122
-94
-74
-63
-41
-16
14
59
86
119
138
156
181
189
192
187
192
192
186
174
156
147
145
130
123
104
86
73
67
65
58
59
48
35
14
1
2
-9
-25
-41
-40
-57
-77
-83
-85
-78
-87
-87
-79
-92
-98
-97
-89
-80
-81
-91
-108
-94
-98
-91
-94
-97
-85
-92
-81
-74
-74
-80
-69
-63
-51
-39
-28
-24
-16
9
21
31
24
29
43
65
84
90
91
90
92
93
92
108
112
125
127
128
131
130
148
146
151
150
151
135
133
118
103
85
76
66
43
45
27
11
-5
-8
-25
-29
-35
-49
-56
-73
-86
-87
-90
-95
-101
-111
-128
-143
-152
-171
-166
-166
-172
-166
-165
-147
-135
-127
-127
-122
-116
-107
-91
-77
-55
-51
-30
-8
7
33
57
71
83
105
132
143
151
158
166
176
178
177
168
162
155
146
133
123
112
99
89
70
67
48
38
17
-1
-3
-12
-18
-34
-32
-40
-40
-49
-56
-72
-72
-78
-78
-82
-85
-90
-94
-92
-86
-73
-67
-63
-68
-64
-66
-67
-67
-62
-62
-59
-69
-77
-75
-72
-71
-64
-64
-65
-65
-65
-62
-46
-25
-9
1
4
16
29
47
57
65
76
80
92
107
122
114
123
133
127
126
111
112
103
107
113
112
107
101
97
91
89
77
75
58
51
34
27
13
-3
-5
-17
-15
-20
-29
-38
-53
-62
-67
-72
-76
-89
-98
-112
-124
-132
-132
-142
-154
-165
-166
-160
-157
-148
-149
-143
-135
-124
-105
-78
-54
-46
-39
-12
3
28
48
59
74
86
102
104
114
116
124
138
137
136
128
115
119
118
114
109
100
99
92
78
72
60
52
34
11
1
-17
-25
-40
-50
-50
-52
-58
-70
-69
-74
-63
-57
-55
-47
-44
-31
-30
-30
-26
-27
-35
-37
-41
-45
-52
-61
-54
-60
-75
-83
-90
-90
-93
-83
-85
-90
-90
-74
-62
-54
-40
-40
-22
-11
0
7
26
37
45
61
55
66
74
83
82
91
102
102
112
117
116
125
120
113
112
108
110
115
124
112
116
102
98
98
96
89
86
82
62
45
29
19
7
4
-17
-24
-51
-62
-74
-82
-88
-108
-112
-136
-143
-148
-163
-158
-164
-167
-169
-178
-167
-165
-161
-146
-142
-120
-108
-94
-85
-66
-51
-26
-6
1
14
26
46
76
91
108
118
126
141
144
155
158
161
164
151
152
139
140
131
113
95
82
68
49
36
29
11
11
2
-6
-6
-2
-17
-21
-21
-23
-12
-12
-3
-13
-9
-11
-25
-28
-33
-40
-48
-58
-66
-84
-96
-101
-103
-96
-100
-101
-111
-109
-103
-107
-100
-88
-87
-81
-77
-72
-56
-53
-54
-51
-47
-33
-14
3
13
22
31
33
49
58
71
74
88
110
118
127
122
125
130
130
132
133
137
131
127
113
108
109
103
106
87
88
79
76
77
55
50
33
20
5
-9
-28
-33
-51
-74
-85
-107
-113
-129
-138
-146
-155
-161
-171
-171
-179
-173
-172
-180
-178
-180
-178
-166
-160
-143
-120
-103
-88
-68
-41
-16
17
31
46
59
80
102
114
126
136
143
154
160
150
153
152
141
139
135
129
112
108
105
96
83
78
62
50
43
42
46
28
14
11
4
-2
2
-8
-7
-15
-17
-30
-36
-35
-50
-54
-68
-79
-86
-98
-113
-114
-117
-123
-127
-132
-133
-128
-137
-136
-125
-118
-113
-104
-106
-100
-89
-76
-61
-50
-37
-27
-18
2
22
29
28
31
40
50
65
70
84
105
109
122
125
123
142
146
163
162
158
153
152
148
143
131
121
118
108
90
74
70
68
68
63
50
46
27
17
4
-5
-19
-30
-40
-54
-66
-84
-100
-116
-124
-142
-146
-159
-162
-157
-166
-160
-160
-154
-155
-136
-127
-119
-102
-97
-82
-68
-48
-37
-28
-15
4
22
43
44
54
66
76
91
117
126
132
145
142
154
152
159
153
144
135
117
105
87
90
77
71
50
33
30
12
15
7
0
-17
-26
-29
-40
-39
-41
-50
-67
-68
-80
-75
-83
-90
-100
-115
-109
-115
-117
-118
-118
-129
-129
-131
-124
-120
-121
-122
-111
-108
-100
-91
-78
-66
-60
-46
-30
-17
-11
-3
11
20
23
37
53
69
86
96
108
117
129
138
148
155
158
164
154
158
159
165
164
158
150
151
143
137
125
109
100
91
84
81
75
62
45
33
14
7
-6
-19
-33
-45
-54
-74
-75
-88
-105
-112
-118
-123
-128
-140
-147
-146
-150
-151
-162
-154
-154
-147
-147
-144
-131
-136
-128
-125
-113
-103
-82
-62
-44
-19
9
30
47
72
80
95
120
124
133
134
140
139
138
136
127
116
117
104
97
93
77
73
60
56
56
50
22
10
1
-9
-13
-26
-37
-49
-69
-70
-81
-82
-97
-100
-89
-101
-93
-99
-92
-92
-91
-97
-99
-103
-108
-104
-106
-101
-101
-102
-97
-93
-80
-75
-60
-49
-44
-40
-31
-14
-3
12
28
40
52
66
72
83
99
105
116
118
117
127
125
134
138
143
144
151
156
161
161
153
158
152
151
147
138
128
109
95
88
67
56
44
25
10
-4
-13
-31
-40
-42
-58
-65
-78
-90
-87
-90
-99
-113
-123
-137
-142
-141
-153
-157
-161
-158
-161
-157
-156
-146
-136
-122
-110
-98
-91
-78
-61
-55
-43
-37
-16
-5
9
23
48
65
77
86
100
107
119
122
127
140
132
141
133
140
139
134
128
116
118
98
83
68
61
49
35
29
13
4
-15
-27
-34
-46
-52
-71
-86
-92
-99
-99
-101
-108
-108
-105
-108
-111
-111
-110
-101
-102
-95
-93
-89
-85
-89
-90
-76
-81
-77
-73
-63
-53
-53
-45
-43
-27
-23
-3
8
21
35
50
51
50
60
70
87
83
93
99
116
115
117
126
129
137
138
143
139
135
136
136
138
120
118
105
96
82
76
61
43
29
16
11
1
-8
-15
-12
-24
-26
-39
-44
-43
-50
-56
-58
-67
-70
-80
-90
-90
-98
-96
-106
-101
-104
-107
-114
-113
-115
-109
-107
-100
-92
-89
-88
-78
-61
-53
-41
-25
-10
-4
22
39
52
70
74
86
97
101
107
110
109
111
110
109
109
99
93
89
84
78
71
63
49
35
24
18
-1
-12
-21
-31
-41
-47
-54
-53
-62
-71
-72
-75
-77
-79
-94
-93
-104
-106
-103
-100
-89
-102
-98
-99
-84
-85
-80
-72
-72
-62
-60
-52
-44
-38
-31
-27
-26
-17
-8
-4
6
6
15
32
41
52
56
71
87
90
93
96
102
111
110
119
121
118
120
121
127
136
128
125
122
121
111
95
93
83
70
57
44
38
24
14
7
-5
-13
-28
-34
-34
-46
-45
-39
-42
-42
-45
-50
-55
-67
-69
-78
-77
-82
-83
-96
-99
-102
-107
-108
-112
-106
-101
-94
-91
-80
-80
-69
-57
-41
-38
-28
-17
-6
-3
9
10
22
27
31
44
49
59
64
77
81
80
85
82
83
84
77
77
79
75
53
41
32
23
8
2
-11
-20
-19
-29
-38
-38
-39
-39
-31
-45
-50
-58
-63
-60
-63
-65
-70
-71
-76
-72
-66
-67
-61
-52
-53
-41
-33
-25
-24
-14
-14
-15
-3
-4
10
8
12
22
27
37
34
42
39
52
55
59
55
59
57
70
82
86
95
89
98
94
99
103
98
93
96
89
81
78
76
68
51
45
36
34
25
19
16
4
2
-1
-16
-21
-33
-45
-52
-62
-67
-68
-65
-83
-82
-93
-98
-90
-91
-80
-83
-77
-78
-79
-71
-74
-76
-73
-74
-70
-74
-86
-81
-84
-78
-74
-68
-56
-56
-46
-50
-34
-14
4
10
25
40
49
59
75
88
97
110
104
105
107
110
113
111
107
98
88
84
77
81
65
62
56
48
36
21
22
10
7
8
2
-13
-11
-15
-27
-42
-44
-48
-49
-49
-53
-55
-49
-57
-55
-46
-52
-43
-49
-50
-56
-55
-53
-59
-64
-56
-54
-54
-44
-51
-37
-31
-24
-24
-18
-8
-2
7
12
18
27
31
33
44
48
49
51
48
49
48
57
64
63
64
66
61
62
69
70
70
69
65
48
42
28
27
5
8
4
-11
-16
-22
-28
-39
-39
-49
-46
-56
-57
-56
-57
-56
-56
-51
-59
-62
-64
-60
-68
-67
-68
-70
-68
-63
-57
-57
-49
-44
-41
-32
-29
-30
-21
-12
-9
-1
9
14
24
29
37
48
57
70
70
76
88
97
105
107
112
110
107
100
99
108
95
92
86
79
74
61
56
45
41
30
26
14
-2
-7
-13
-17
-24
-33
-41
-53
-66
-72
-74
-70
-79
-82
-87
-89
-91
-95
-89
-80
-76
-78
-76
-71
-63
-65
-62
-52
-49
-50
-46
-47
-50
-46
-46
-49
-44
-35
-32
-24
-17
-16
-7
6
15
30
39
49
63
73
78
79
88
90
91
89
89
87
79
77
73
74
72
67
56
49
45
37
34
31
28
20
18
20
21
16
3
-6
-20
-29
-35
-43
-51
-66
-59
-64
-67
-62
-66
-63
-65
-65
-57
-56
-45
-50
-51
-44
-44
-38
-45
-47
-48
-46
-47
-45
-42
-40
-30
-29
-25
-13
-4
7
18
21
34
43
53
61
67
79
72
86
92
93
91
79
82
81
86
80
76
74
69
63
64
62
46
43
38
29
24
7
-1
-11
-11
-15
-29
-30
-38
-41
-37
-44
-45
-45
-38
-40
-38
-43
-46
-43
-51
-52
-46
-57
-58
-52
-55
-50
-52
-51
-55
-51
-44
-46
-36
-31
-30
-25
-27
-19
-13
-7
-4
-5
5
7
18
17
25
26
31
33
34
46
52
54
55
59
61
61
65
58
56
58
56
45
43
37
31
24
16
19
8
3
1
-11
-18
-24
-36
-41
-49
-48
-53
-52
-54
-64
-60
-71
-74
-77
-82
-81
-81
-80
-77
-81
-82
-76
-65
-66
-63
-52
-51
-42
-31
-15
-2
6
12
12
16
24
29
34
38
42
54
70
76
83
90
102
110
118
125
134
127
132
131
117
117
114
109
107
100
85
82
63
61
45
31
30
20
4
-6
-13
-20
-20
-29
-31
-45
-44
-50
-47
-53
-56
-57
-59
-64
-68
-72
-76
-83
-88
-84
-85
-79
-79
-73
-67
-60
-59
-58
-48
-46
-43
-41
-37
-31
-28
-31
-29
-28
-29
-21
-16
-16
-6
-2
2
10
9
18
26
35
49
44
49
50
51
48
47
49
53
48
40
38
30
31
28
22
15
12
6
1
0
-8
-8
-11
-21
-18
-30
-35
-46
-54
-46
-51
-49
-55
-58
-57
-59
-60
-61
-55
-48
-51
-55
-53
-53
-50
-40
-43
-37
-24
-20
-16
-13
-6
4
20
37
41
51
56
64
70
75
76
79
82
85
89
92
98
103
106
106
105
115
117
110
108
103
96
95
96
87
80
69
61
53
39
34
24
13
1
-10
-19
-31
-40
-46
-51
-61
-73
-77
-81
-93
-97
-104
-102
-110
-110
-97
-101
-102
-97
-92
-92
-89
-84
-81
-73
-69
-68
-61
-59
-50
-47
-42
-36
-31
-25
-26
-19
-14
-16
-6
-3
2
13
15
23
29
30
40
39
43
50
55
62
60
63
65
68
64
61
57
55
47
49
44
42
41
36
32
21
18
8
0
-8
-5
-13
-23
-30
-36
-36
-46
-44
-45
-46
-44
-44
-37
-34
-33
-32
-32
-29
-25
-20
-19
-19
-20
-20
-18
-20
-15
-10
-6
1
7
13
23
23
26
30
43
43
50
61
68
73
71
79
81
92
93
100
96
88
85
77
84
73
65
56
46
47
44
40
34
23
13
1
-3
-14
-17
-30
-41
-40
-55
-63
-75
-81
-82
-87
-89
-89
-86
-84
-88
-84
-92
-90
-90
-81
-80
-74
-68
-69
-59
-59
-51
-43
-43
-41
-33
-29
-26
-20
-12
-11
-7
-6
-2
-2
-1
8
12
22
29
35
45
44
49
56
55
58
64
66
66
65
56
63
60
57
58
54
50
38
42
33
28
25
19
13
8
9
6
-2
-3
-6
-7
-18
-22
-32
-43
-36
-49
-50
-59
-65
-68
-69
-63
-62
-53
-57
-44
-35
-37
-27
-25
-21
-14
-10
-2
-5
-7
3
0
6
10
11
12
15
25
26
43
47
54
60
59
62
63
62
69
68
76
79
80
78
84
80
73
81
69
64
60
49
42
31
22
15
10
3
4
-7
-20
-18
-34
-36
-45
-53
-54
-67
-69
-78
-79
-75
-85
-86
-88
-82
-79
-78
-80
-71
-68
-66
-63
-55
-51
-46
-44
-46
-42
-43
-36
-36
-25
-23
-18
-13
-14
-9
-7
1
13
18
23
27
27
28
25
33
30
25
23
29
31
34
39
33
39
42
44
53
50
52
55
47
47
44
36
40
35
32
27
18
16
14
8
-4
-6
-23
-25
-29
-34
-32
-37
-37
-35
-34
-36
-29
-35
-31
-33
-33
-18
-16
-5
-6
-7
2
3
7
7
15
22
24
34
36
38
36
40
48
43
36
39
38
41
45
48
50
52
50
53
59
53
61
67
64
58
59
57
55
50
44
44
34
26
19
-3
-19
-31
-35
-40
-47
-54
-64
-63
-68
-75
-78
-79
-80
-83
-84
-89
-86
-89
-89
-97
-84
-83
-86
-82
-82
-71
-74
-65
-64
-63
-55
-46
-37
-37
-28
-21
-13
-10
-2
5
4
9
12
11
14
13
22
24
26
31
34
37
42
47
57
58
65
61
55
60
59
56
64
62
63
62
58
58
56
59
51
52
45
39
36
30
39
34
30
31
26
16
10
6
-6
-7
-10
-22
-27
-25
-28
-29
-30
-27
-32
-34
-33
-31
-26
-20
-20
-15
-9
-9
-14
-16
-11
-10
-2
-4
-4
-3
-3
4
8
10
17
26
23
27
27
26
23
22
27
27
25
27
23
27
21
14
18
13
8
3
-1
3
-9
-20
-27
-27
-30
-37
-41
-47
-48
-54
-61
-60
-62
-68
-70
-72
-75
-81
-79
-83
-82
-76
-75
-71
-64
-56
-56
-52
-47
-40
-29
-32
-29
-27
-20
-13
-14
-7
0
5
11
21
22
26
30
39
48
47
49
54
53
62
64
59
67
65
63
64
62
67
67
69
72
71
71
75
69
69
67
64
68
62
58
51
49
38
37
33
27
26
18
18
10
14
11
2
0
-2
-5
-9
-16
-22
-21
-25
-28
-33
-39
-41
-44
-51
-59
-62
-57
-62
-59
-58
-56
-52
-48
-44
-36
-28
-27
-23
-25
-19
-16
-13
-8
-6
1
6
9
13
14
12
9
4
11
20
22
24
19
17
21
23
26
25
24
23
22
20
15
15
15
15
14
6
-2
-8
-12
-15
-24
-30
-25
-30
-29
-29
-33
-40
-43
-47
-47
-49
-58
-53
-52
-53
-47
-46
-44
-43
-40
-31
-25
-22
-18
-7
-5
8
11
19
20
22
25
21
25
24
30
23
27
25
25
19
21
25
35
41
38
45
41
48
54
55
57
56
58
54
56
49
43
39
37
35
37
39
44
40
37
36
36
27
18
17
12
11
2
-3
-12
-20
-26
-35
-32
-34
-41
-41
-36
-38
-34
-32
-35
-33
-35
-39
-36
-32
-34
-38
-41
-42
-38
-39
-27
-29
-29
-28
-28
-20
-22
-13
-3
1
13
15
13
10
12
8
10
16
11
17
15
18
13
10
15
14
13
13
18
14
9
3
2
-5
-10
-9
-14
-16
-23
-24
-29
-31
-32
-34
-36
-37
-41
-41
-33
-36
-40
-41
-38
-42
-40
-38
-35
-28
-26
-26
-26
-21
-21
-23
-19
-9
-6
-1
5
7
19
22
27
33
37
38
36
33
33
33
36
34
35
26
30
32
29
41
28
36
35
41
44
45
53
52
54
55
59
55
54
51
48
44
49
48
42
39
32
34
25
22
13
11
10
2
2
-8
-7
-13
-17
-22
-25
-27
-32
-39
-44
-47
-43
-42
-41
-47
-46
-47
-47
-41
-49
-41
-44
-37
-33
-27
-21
-23
-16
-16
-11
-10
-13
-3
-4
0
4
5
1
4
6
3
10
13
14
15
16
19
15
14
14
14
13
9
10
4
1
-4
-5
-6
-12
-11
-21
-21
-21
-20
-21
-22
-32
-32
-32
-37
-37
-35
-33
-38
-42
-42
-35
-36
-36
-37
-36
-32
-28
-26
-28
-32
-21
-10
-1
6
15
21
29
37
41
42
46
43
50
52
55
60
59
61
62
67
68
66
64
69
65
70
63
56
56
56
56
53
54
46
48
44
45
39
40
38
28
32
24
22
16
18
16
10
6
-2
-4
-16
-19
-16
-29
-35
-45
-51
-57
-63
-68
-73
-74
-77
-87
-77
-78
-76
-72
-75
-70
-67
-61
-58
-57
-56
-54
-54
-50
-54
-49
-45
-44
-33
-34
-25
-23
-18
-13
-11
2
-6
-1
1
2
2
-2
6
9
15
14
14
22
23
31
33
31
25
23
27
29
28
31
27
28
36
29
35
27
21
19
11
11
5
-1
2
-11
-9
-20
-11
-7
-19
-3
-5
4
3
6
2
-1
5
7
6
7
8
12
12
12
12
18
24
24
26
27
38
35
33
40
34
38
41
39
40
36
42
35
35
29
28
31
27
31
34
30
24
21
19
19
14
17
11
11
11
5
10
5
7
5
2
2
-5
-4
-12
-24
-26
-35
-40
-44
-50
-57
-59
-65
-62
-62
-62
-61
-60
-65
-64
-60
-58
-52
-46
-47
-38
-37
-38
-35
-38
-36
-33
-36
-33
-36
-29
-20
-19
-16
-7
1
-3
7
9
12
20
19
24
27
25
33
28
22
31
27
25
22
21
30
28
31
28
30
25
25
29
32
36
36
33
27
32
19
16
11
8
11
0
-1
-7
-7
-9
-15
-17
-16
-12
-7
-4
-7
-11
-15
-21
-23
-19
-17
-21
-23
-15
-18
-17
-6
-5
-2
-3
1
9
5
11
13
17
22
23
34
38
32
32
32
33
34
32
34
41
38
43
40
40
31
30
31
27
23
20
25
23
19
18
17
18
18
16
16
15
4
0
-1
-9
-9
-13
-18
-20
-25
-27
-35
-40
-45
-47
-49
-47
-45
-49
-49
-55
-52
-57
-57
-57
-54
-57
-55
-52
-51
-44
-39
-36
-41
-36
-26
-20
-11
-12
-4
-3
1
4
2
8
5
13
12
16
17
21
26
22
26
28
31
27
27
29
27
32
32
31
26
19
18
15
22
21
21
21
21
12
8
10
4
-3
-2
-7
-12
-12
-17
-18
-21
-26
-22
-23
-21
-17
-17
-8
-8
2
-1
7
8
10
8
4
7
2
4
7
11
13
12
14
15
16
21
23
26
23
25
31
27
34
41
39
38
37
36
30
26
21
21
21
21
18
18
15
12
10
10
8
13
8
16
17
8
6
-6
-9
-15
-15
-19
-25
-23
-29
-32
-36
-34
-35
-33
-39
-39
-43
-52
-49
-52
-57
-52
-48
-49
-45
-46
-47
-47
-48
-44
-41
-44
-41
-35
-33
-27
-22
-21
-17
-13
-12
-2
-1
5
8
9
15
15
22
21
23
27
29
29
30
34
38
46
52
58
60
52
49
46
42
47
39
37
36
34
29
26
24
19
17
9
0
0
3
-2
-2
-8
-7
-11
-15
-11
-13
-17
-14
-20
-20
-26
-28
-25
-26
-23
-27
-20
-20
-21
-20
-23
-17
-17
-19
-18
-16
-12
-11
-2
3
9
14
13
14
17
17
19
21
18
19
24
30
32
37
42
41
37
37
39
39
36
33
29
28
22
17
17
12
11
8
2
0
2
1
-3
-6
-8
-19
-27
-26
-28
-29
-37
-37
-37
-40
-45
-47
-51
-49
-52
-49
-49
-44
-41
-42
-42
-35
-35
-39
-32
-38
-34
-28
-25
-22
-24
-20
-11
-16
-12
-9
-2
2
4
9
11
18
21
24
31
36
32
34
33
39
42
43
41
41
39
40
39
36
31
35
35
25
22
21
22
19
23
24
25
17
15
12
8
2
-3
-13
-14
-11
-13
-13
-11
-12
-14
-12
-15
-17
-17
-16
-21
-16
-16
-13
-15
-10
-5
-9
-7
-5
-4
-9
-9
-11
-7
-9
-4
-4
0
3
5
6
10
17
12
22
16
21
22
22
22
21
20
19
20
18
23
16
19
16
20
14
14
12
13
16
7
9
-2
1
-2
-7
-8
-10
-11
-13
-17
-13
-17
-13
-13
-17
-13
-21
-16
-21
-23
-33
-38
-36
-34
-30
-35
-38
-36
-33
-30
-21
-15
-13
-8
-8
-11
-10
-9
-6
-6
-4
-1
5
6
12
12
20
21
21
23
20
23
21
22
26
24
21
24
18
21
16
13
11
12
18
19
22
14
15
14
10
4
0
-1
-3
-5
-8
-9
-7
-3
-4
-11
-8
-12
-16
-18
-26
-24
-25
-33
-29
-27
-30
-29
-25
-26
-24
-21
-22
-19
-14
-10
-10
-6
-1
2
7
3
3
1
4
8
10
10
18
23
19
19
19
19
25
21
23
24
22
22
18
18
17
8
8
8
12
15
9
12
9
10
7
3
7
2
1
-6
0
-2
-5
-4
-10
-9
-16
-15
-15
-14
-14
-16
-12
-18
-21
-24
-27
-29
-29
-25
-25
-26
-24
-28
-24
-31
-25
-22
-24
-21
-21
-16
-13
-9
-3
-3
-6
3
7
10
8
15
16
17
18
25
26
26
27
22
24
27
27
27
30
35
32
32
34
39
35
38
34
36
33
25
26
14
14
7
5
2
-3
-4
-6
-7
-13
-17
-14
-17
-14
-17
-13
-15
-19
-21
-25
-28
-27
-25
-27
-24
-21
-19
-17
-17
-10
-6
-9
-3
-7
-4
-2
1
1
8
11
11
17
20
20
26
29
26
32
34
33
30
27
26
25
22
22
25
23
21
25
25
21
24
26
24
22
19
21
14
9
4
-3
-8
-11
-20
-20
-25
-25
-25
-29
-27
-29
-32
-30
-26
-32
-29
-32
-34
-35
-44
-45
-50
-46
-46
-41
-43
-41
-38
-39
-37
-32
-32
-30
-26
-22
-20
-16
-11
-7
-2
5
7
7
6
10
15
16
13
21
23
19
22
26
32
28
33
31
33
33
30
27
24
32
37
38
38
34
34
35
32
34
30
29
32
25
23
15
16
12
10
4
-1
-2
-12
-9
-10
-16
-11
-15
-16
-18
-19
-19
-21
-25
-27
-28
-30
-29
-29
-36
-36
-40
-32
-33
-33
-30
-35
-29
-28
-18
-19
-19
-16
-15
-7
0
-3
0
7
7
11
9
15
16
14
18
13
17
18
12
16
24
22
23
21
15
19
18
22
20
16
18
9
10
7
10
6
-2
0
-6
-3
-8
-12
-12
-15
-14
-12
-14
-13
-13
-14
-17
-17
-16
-15
-16
-18
-18
-20
-24
-20
-20
-28
-24
-23
-20
-20
-20
-16
-13
-11
-6
2
8
11
14
15
14
19
21
17
18
15
15
15
22
21
20
23
25
32
35
34
33
34
29
30
24
20
16
11
9
1
4
3
3
9
8
6
6
6
8
6
0
-1
-3
-8
-9
-12
-13
-12
-13
-12
-19
-19
-20
-22
-17
-20
-24
-15
-15
-13
-9
-13
-9
-4
-4
-1
0
-7
-2
-1
3
7
7
10
5
8
12
17
14
14
21
17
21
25
22
26
28
31
25
22
21
20
19
20
22
22
27
22
23
17
18
15
9
8
1
3
2
-6
-10
-7
-13
-8
-16
-20
-20
-25
-26
-32
-29
-32
-33
-36
-36
-36
-32
-30
-33
-31
-28
-28
-32
-27
-26
-20
-21
-16
-14
-19
-15
-14
-14
-13
-14
-12
-9
-8
-3
1
1
7
10
11
10
14
17
14
19
13
16
17
14
14
11
15
19
18
20
16
19
18
16
18
13
15
11
14
6
2
2
-1
0
-2
-5
-2
1
2
1
-2
1
-8
-3
-8
-8
-4
-11
-4
-9
-8
-10
-12
-13
-12
-10
-13
-10
-13
-12
-6
-5
0
1
4
1
3
2
0
0
4
10
6
11
12
17
17
14
21
15
15
20
20
11
13
12
8
7
0
1
-3
-3
-7
-4
-10
-11
-8
-7
-7
-6
-7
-7
-9
-13
-10
-17
-17
-20
-20
-25
-28
-30
-30
-27
-24
-28
-27
-25
-27
-23
-21
-18
-18
-14
-9
-6
-8
-13
-6
-5
-5
0
-2
6
13
12
18
18
17
16
20
17
17
17
17
18
21
19
26
29
33
32
31
38
36
35
32
29
28
25
21
20
20
18
18
15
16
12
9
7
6
7
4
1
2
2
2
-2
-4
-8
-10
-12
-11
-19
-14
-17
-20
-21
-27
-22
-24
-23
-23
-27
-26
-27
-23
-17
-20
-15
-19
-14
-11
-13
-9
-13
-7
-8
-1
5
2
9
2
10
12
12
14
10
11
10
12
15
17
19
18
18
13
9
9
7
13
10
16
16
17
18
15
15
8
8
2
4
1
1
-2
0
4
-1
0
-2
2
2
-4
-4
-6
-16
-15
-20
-23
-27
-26
-31
-32
-20
-23
-17
-19
-14
-16
-15
-11
-8
-8
-7
1
0
-1
1
6
5
2
9
10
13
13
21
24
22
15
21
21
18
32
29
28
27
30
28
29
31
27
25
21
13
9
8
6
8
4
0
-4
-5
-5
-13
-16
-17
-20
-26
-20
-23
-23
-23
-20
-28
-34
-32
-38
-35
-36
-37
-36
-37
-35
-29
-38
-32
-29
-21
-22
-18
-19
-16
-15
-13
-10
-6
0
6
10
16
19
18
26
21
19
18
20
9
16
16
15
15
12
11
12
11
14
15
16
17
10
9
8
6
3
1
0
-4
1
6
2
6
8
11
12
6
3
2
-2
-2
-2
-4
-6
-6
-6
-4
-7
-10
-13
-7
-12
-12
-8
-14
-10
-10
-4
-7
-10
-7
-13
-9
-14
-11
-10
-11
-5
-8
-1
-1
0
2
3
6
5
8
10
10
13
16
10
9
16
18
21
15
16
15
11
15
13
19
17
19
20
19
16
11
8
6
9
13
8
12
13
12
16
5
9
-1
-4
-7
-14
-14
-13
-10
-11
-9
-7
-10
-15
-17
-23
-19
-19
-19
-14
-12
-10
-8
-3
-1
-4
-5
-8
-10
-9
-7
-10
-5
-5
-3
0
1
3
-1
4
6
11
12
12
16
13
15
12
13
10
10
10
8
12
7
2
0
-2
-4
-4
-9
-9
-9
-10
-9
-9
-11
-8
-5
-6
-5
-4
0
-6
-7
-8
-9
-10
-10
-11
-12
-10
-14
-15
-13
-14
-12
-7
-7
-8
-5
-2
-7
-3
-2
1
4
-1
9
5
10
7
9
8
10
14
13
12
14
16
18
22
21
26
29
27
28
34
31
33
31
35
29
27
25
17
14
9
12
8
8
4
4
0
-4
-4
-6
-1
-3
-2
-6
-6
-8
-12
-17
-17
-22
-20
-20
-25
-22
-24
-24
-22
-24
-27
-30
-25
-26
-32
-30
-38
-34
-30
-29
-22
-26
-23
-14
-14
-7
-4
-2
1
0
-4
-1
-2
3
3
5
6
6
8
7
6
9
15
14
15
11
10
6
6
0
-1
4
-1
5
-1
3
3
4
6
6
6
9
11
7
6
6
-1
2
1
-8
-5
-13
-11
-9
-11
-5
-3
-3
1
8
7
10
11
14
7
4
2
-4
-3
-7
-4
1
5
7
7
7
12
16
18
18
18
18
19
16
13
14
15
15
16
17
11
17
20
19
19
18
17
14
16
13
17
10
9
11
10
8
6
2
2
2
-4
-3
-8
-13
-21
-21
-17
-22
-21
-26
-21
-25
-28
-21
-24
-26
-27
-29
-29
-29
-30
-27
-27
-31
-27
-30
-34
-28
-33
-25
-19
-19
-16
-14
-9
-7
-5
-3
0
4
3
-2
-2
-2
-4
-3
2
2
10
11
14
21
19
21
21
21
22
22
25
23
21
16
21
19
18
23
19
21
22
24
22
20
13
15
9
4
-3
-5
-6
-8
-9
-5
-3
-2
0
-2
1
6
3
2
6
9
7
4
1
-1
-8
-7
-5
-5
-7
-11
-8
-14
-12
-9
-8
-8
-5
-4
-3
-5
0
-6
0
-1
-3
-3
-1
2
0
5
4
6
7
5
11
5
8
9
9
4
8
11
9
13
10
13
17
14
16
15
12
12
4
7
4
4
-1
0
-5
-9
-8
-6
-4
-3
-6
-4
-4
-10
-13
-12
-18
-19
-21
-22
-20
-20
-16
-17
-9
-12
-9
-8
-6
-6
-8
-4
-1
-4
-2
0
0
-2
-4
-4
-3
-7
-4
3
-1
-1
2
7
7
8
8
13
10
14
10
11
11
6
9
8
9
1
3
2
-1
5
3
1
-1
-4
1
2
-2
-3
-3
-4
-2
4
10
2
2
2
-9
-5
-16
-13
-8
-10
-9
-13
-10
-12
-11
-8
-4
-2
-2
-2
-6
-9
-10
-6
-5
-1
-2
3
-1
6
2
-1
10
5
10
8
11
10
6
7
7
9
9
9
3
1
1
0
2
7
4
3
11
14
18
19
16
17
15
18
10
10
10
7
8
3
0
-1
-5
-4
-8
-6
-8
-3
2
1
7
-1
3
-1
-5
-8
-12
-5
-8
-14
-13
-15
-10
-11
-12
-7
-8
-6
-5
-10
-7
-13
-7
-10
-2
1
-6
-3
-3
1
-2
0
-1
-3
-3
-3
-1
-2
-3
-6
-3
-7
-8
-10
-12
-6
-10
-4
-4
-3
-1
3
1
-2
-2
-5
-2
-7
-8
-10
-11
-13
-11
-8
-3
2
4
4
2
0
1
-2
-6
-8
-9
-1
-5
-9
-5
-5
-5
-7
-3
0
1
11
13
14
18
19
19
21
17
18
15
18
25
21
23
24
29
25
23
21
21
18
13
13
11
5
6
-1
5
1
5
12
7
14
14
18
11
6
2
-5
-3
-4
-7
-5
-9
-9
-7
-16
-11
-10
-10
-9
-11
-9
-10
-4
-1
-7
-10
-12
-21
-20
-16
-19
-19
-19
-22
-18
-19
-19
-14
-11
-8
-14
-11
-12
-12
-8
-11
-8
-11
-10
-4
-1
-4
3
-1
5
5
0
7
-1
3
2
5
8
6
7
6
14
19
20
21
31
25
26
23
15
19
13
8
6
8
13
11
4
5
7
5
5
7
11
14
10
12
5
8
9
5
6
5
7
3
6
-3
-8
-5
-6
-8
-6
-12
-11
-8
-12
-13
-15
-18
-16
-17
-17
-17
-15
-11
-8
-7
-4
-7
-2
-3
-3
-1
-3
-6
-4
-7
-7
-5
-7
-3
-4
0
-1
3
1
6
6
4
2
-1
-3
0
4
6
4
1
0
-3
-4
-4
-6
1
-2
2
-2
-1
-5
-7
-12
-13
-4
-8
-10
-10
-5
-6
-1
-3
0
3
-2
-1
0
-6
-4
-11
-15
-14
-10
-9
0
5
2
10
8
12
14
19
18
21
21
22
25
19
21
14
11
10
9
15
18
17
16
15
10
12
16
14
14
17
13
9
13
3
8
3
-7
-5
-12
-16
-17
-17
-22
-25
-27
-27
-20
-22
-21
-19
-14
-15
-12
-11
-6
-6
-8
-7
-11
-13
-17
-23
-24
-28
-22
-25
-21
-21
-21
-13
-21
-10
-8
-3
-2
-1
-1
0
1
3
4
-4
4
-1
5
11
12
20
21
21
23
26
26
28
29
32
28
22
17
21
15
12
13
12
15
16
21
23
25
26
21
17
12
11
4
5
5
1
5
2
-4
-4
-9
-2
0
-7
-7
-4
-5
-10
-9
-15
-11
-22
-18
-19
-20
-12
-8
-8
-10
-9
-10
-11
-9
-9
-5
-6
-8
-9
-13
-16
-15
-16
-9
-9
-8
1
-3
2
8
10
17
13
16
13
6
3
-5
-5
-8
-5
-9
-5
-3
-6
0
-2
-1
0
2
7
6
7
5
6
1
0
-1
-3
-7
-10
-11
-12
-11
-5
-6
-4
2
-8
-4
-6
-7
-6
-6
1
-2
0
4
6
6
9
10
9
5
10
11
6
6
6
0
2
7
6
10
12
12
12
18
16
19
21
22
22
18
16
11
4
12
11
13
15
17
19
20
19
22
14
17
11
14
7
3
6
0
-4
-10
-6
-15
-11
-15
-15
-17
-17
-15
-12
-14
-24
-24
-25
-25
-33
-32
-33
-32
-28
-25
-20
-15
-11
-7
-12
-13
-11
-14
-13
-17
-12
-8
-10
-9
-9
-3
-3
-2
1
2
3
8
11
10
14
18
17
14
11
11
8
12
10
11
10
10
7
5
4
6
7
6
1
0
-3
-4
-3
-4
-7
-5
-2
-2
1
0
3
2
0
6
0
-2
-6
-7
-8
-14
-15
-19
-14
-17
-12
-11
-4
-1
0
4
9
10
10
11
3
2
-4
-6
-4
-2
-3
0
-1
1
6
9
8
12
20
16
11
15
11
7
5
4
5
4
2
-2
2
-3
-1
0
-7
-1
-3
-1
1
2
-1
-7
-4
-8
-6
-2
-4
-5
-4
-2
0
-3
-2
-3
-7
-5
-6
-10
-12
-12
-9
-9
-7
-4
-3
0
-3
-1
3
2
8
9
7
7
4
7
5
9
7
7
5
11
12
16
17
18
22
21
23
23
24
23
21
17
18
7
6
5
5
4
6
7
7
7
6
8
9
11
7
9
4
-1
-7
-9
-12
-18
-18
-20
-21
-22
-24
-21
-27
-31
-25
-25
-25
-23
-17
-14
-16
-11
-11
-6
-10
-5
-3
-2
-4
-10
-8
-15
-14
-12
-15
-16
-16
-15
-12
-11
-6
-5
1
4
3
11
13
18
21
20
17
23
16
13
7
9
11
10
8
12
15
15
21
18
19
13
13
6
9
11
8
10
10
10
9
9
6
9
7
8
9
7
3
-2
-5
-8
-7
-7
-8
-10
-10
-5
-4
1
-2
0
2
-2
1
2
4
-1
0
-9
-6
-10
-6
-7
-5
-5
-7
-5
-7
1
3
13
7
14
15
14
15
16
10
8
9
4
0
-1
-2
-3
-6
-5
-7
-9
-6
-9
-8
-10
-14
-11
-11
-14
-16
-23
-22
-20
-14
-14
-14
-13
-13
-20
-18
-21
-23
-22
-26
-21
-27
-24
-20
-23
-16
-11
-3
-4
-3
2
4
7
7
7
9
6
5
9
4
-1
-2
-2
2
7
8
13
16
18
22
20
25
18
20
21
23
24
20
21
15
19
13
16
16
21
21
23
23
19
18
18
17
14
12
10
10
5
4
5
7
1
0
-4
-2
-5
-9
-8
-16
-17
-21
-18
-24
-24
-20
-24
-15
-15
-16
-15
-12
-15
-12
-13
-13
-13
-14
-17
-18
-19
-21
-13
-19
-16
-12
-8
-3
3
7
9
10
13
11
11
12
12
11
5
12
12
15
14
16
16
17
21
14
14
7
6
4
1
3
-2
-2
-3
2
0
3
4
1
9
0
-1
-4
-6
-3
-11
-10
-9
-7
-4
-7
-6
-9
-5
-7
-1
3
2
3
4
3
-3
-1
-3
-2
-7
-7
-7
-4
-3
-5
3
2
8
11
10
15
5
6
2
-1
-4
-9
-8
-14
-17
-14
-15
-13
-7
-4
2
5
7
6
7
7
1
0
-6
-10
-9
-8
-10
-10
-11
-14
-8
-9
-8
0
5
7
6
3
3
1
6
2
1
2
1
1
0
-1
-1
4
0
-1
6
3
7
8
7
11
10
17
15
17
18
17
17
16
14
14
16
16
16
16
10
10
5
6
5
8
6
5
11
13
14
16
19
11
13
7
6
5
4
-3
-5
-6
-7
-5
-6
-8
-3
-1
-1
1
-1
-4
-6
-10
-10
-9
-6
-9
-14
-13
-17
-13
-21
-15
-18
-11
-7
-10
-9
-8
-9
-11
-11
-15
-17
-22
-25
-24
-21
-18
-18
-18
-15
-7
-10
-13
-9
-14
-9
-12
-13
-8
-5
-4
-5
-2
-2
2
8
6
11
8
10
14
13
14
10
12
13
10
13
11
12
8
10
13
12
14
16
20
11
16
16
14
18
14
11
10
9
13
12
7
8
6
3
2
-4
-7
-8
-8
-12
-10
-11
-12
-13
-10
-8
-7
-8
-5
-4
-1
4
1
1
0
1
-4
-5
-7
-4
-8
-5
-1
-1
2
6
2
5
12
11
9
6
3
7
1
0
2
-1
1
0
3
-4
1
-6
-4
0
0
1
-4
-1
-6
-9
-3
-8
-8
-10
-13
-16
-21
-19
-21
-17
-12
-11
-5
-2
-1
-4
-9
-9
-11
-16
-15
-12
-18
-13
-13
-9
-4
-4
5
5
11
6
7
4
7
9
9
9
6
9
7
7
3
3
5
2
5
8
10
11
17
20
20
22
17
17
16
6
-1
-2
1
4
4
5
7
10
11
13
12
12
12
5
6
6
4
6
3
2
2
4
6
-1
-2
-4
-8
-8
-8
-8
-9
-11
-13
-9
-9
-9
-13
-12
-13
-12
-11
-10
-6
-9
-3
