SAMPLES:	16583
BITSPERSAMPLE:	16
CHANNELS:	1
SAMPLERATE:	16000
NORMALIZED:	FALSE
8
7
11
8
4
2
4
2
4
2
0
2
1
-2
-4
-6
-12
-8
-7
0
-5
-3
-4
-3
-8
-3
-4
-7
-3
-3
1
-6
-3
-6
-1
-5
0
-7
-6
-1
-7
-3
-6
-4
-6
-5
-2
-1
-3
0
-2
1
0
0
-1
0
4
4
3
2
-1
-3
-4
-4
-2
-4
-2
1
-6
-9
-6
-13
-6
-6
-9
-3
-2
-4
-3
-5
-6
-6
-4
-2
-4
-6
-3
-8
-8
-9
-10
-9
-5
-6
-9
-2
-2
-4
-7
-3
-1
-3
-1
-1
-2
-2
-2
-1
-2
0
1
-1
1
0
2
2
4
3
1
4
1
8
10
7
10
5
6
-1
5
6
9
8
5
8
10
11
7
11
6
11
6
5
9
8
1
-1
2
-1
-2
-1
-1
2
3
0
0
-1
-1
0
-2
-2
-1
-1
0
-2
-3
-1
-5
-4
-3
-5
-5
-5
-4
-7
-1
-4
-3
-2
-2
-1
-3
-4
-9
-5
-4
-12
-8
-9
-9
2
-5
-1
-1
-3
4
2
-1
5
2
2
6
4
3
2
0
-3
-2
-4
-3
1
-3
-1
-1
2
5
5
7
6
2
5
3
0
-2
1
1
-3
-2
0
-1
-2
-3
2
-3
-1
2
5
5
1
0
-3
-1
-1
3
5
3
3
1
0
3
0
2
3
2
3
-3
0
-1
-1
-2
-2
0
2
-3
-7
0
-2
-3
4
-1
2
1
-3
4
-1
-2
-2
-4
-3
2
-2
4
-1
-1
0
1
-1
-1
1
4
0
-2
4
-1
3
-3
2
3
6
8
6
10
13
14
12
12
7
6
7
5
4
7
2
2
-1
4
2
2
5
0
4
5
3
2
-2
3
0
3
3
3
2
0
-2
1
-1
0
0
0
-1
1
3
-3
1
3
0
-3
-1
-2
-1
-2
-1
1
3
0
-3
-4
-4
-3
0
0
-2
1
-1
-1
1
-4
-3
-9
-7
-7
-4
-5
-7
-5
-2
-2
-8
-6
-6
-8
-3
-4
-4
-4
-9
-5
-5
-4
-4
-3
-1
-2
-3
-2
-1
3
5
6
5
5
3
-1
-1
-2
2
-3
-3
-3
-7
-6
-2
-5
-6
-2
-5
-8
-6
-8
-7
-5
-3
-4
-7
-5
-8
-7
-6
-3
-4
-3
-1
-3
-2
-6
2
6
5
8
6
0
2
0
0
5
-2
3
-2
0
-1
0
1
2
2
-2
2
1
4
2
3
2
0
5
-1
-3
2
-5
1
1
0
1
2
-2
0
4
1
4
-2
1
2
7
2
3
3
6
8
4
7
8
5
8
8
6
9
7
8
7
5
0
6
2
3
2
-1
0
0
5
2
-1
-2
4
5
9
8
9
3
-2
1
2
3
1
1
2
-2
-5
-3
-2
-3
0
-4
0
1
1
-2
0
-1
-3
2
-3
1
-5
-3
-6
-7
-10
-6
0
-5
-4
2
1
0
1
2
-5
-3
-5
-4
-2
-3
-5
-8
-9
-5
-7
-8
-8
-3
-6
-7
-11
-8
-3
-2
0
-5
-2
-8
-2
-3
-6
-5
-8
-9
-4
-7
-5
-3
-5
-9
-6
-4
4
1
2
3
1
5
2
4
7
6
7
5
2
5
7
6
7
8
9
8
4
8
3
7
8
10
6
7
5
3
13
9
7
10
9
7
6
7
8
9
7
9
4
6
4
5
5
4
6
6
6
1
-1
-1
1
-5
0
-2
-2
-4
-8
-4
-8
-5
-3
-4
2
-3
-5
0
-5
-6
-3
-4
-6
-6
-6
-3
-5
0
-3
0
-1
0
1
-5
2
1
1
0
-1
3
-4
3
6
6
3
0
3
0
-7
-1
1
-1
-1
-5
-5
-1
-4
1
-6
-4
2
-4
6
1
-2
3
2
-1
-3
-8
-1
-4
-6
-4
-6
-6
-6
-9
-6
-2
-5
-4
-7
-3
-7
-6
-7
-3
-5
-5
-6
-4
-1
0
3
2
8
7
15
9
9
10
6
13
9
5
3
4
3
0
-1
1
1
0
1
0
1
2
-3
-3
-2
3
1
0
-1
2
3
3
-1
2
-3
-3
3
1
4
-1
5
2
-5
-2
-4
-8
-3
-4
-3
0
3
3
7
10
6
2
7
6
8
4
7
5
-4
-2
-4
-3
-7
-2
-5
-3
-4
-6
-4
-2
-1
-5
-1
0
1
5
2
4
-3
-3
-2
-4
-5
-3
-5
-7
-1
-1
1
-6
-6
-7
-8
-4
-4
0
0
0
-1
-1
-7
-6
-4
-1
-4
-7
-1
0
-5
-6
-4
-4
-7
-7
-1
-4
-3
-8
-6
-6
-5
-4
-8
-6
-2
-1
-2
3
4
5
4
7
10
5
3
5
2
4
4
2
6
3
5
6
8
7
5
9
9
14
12
9
11
8
10
12
7
7
12
11
2
6
8
9
9
4
3
2
-1
0
0
-2
1
-6
-3
-5
-4
-4
-8
-4
-1
2
2
3
2
4
2
3
8
1
1
0
0
2
-3
-1
-6
-4
-6
-6
-3
-3
-3
-4
1
2
-1
0
2
-2
-1
-1
0
-5
-2
-7
-3
-3
-2
-2
-6
0
0
5
3
4
3
2
5
1
-5
-1
1
1
-3
0
-1
-4
-2
-4
-4
-1
-7
-1
-4
-1
0
-4
0
-3
0
1
-1
-3
-2
-5
-6
-2
-2
-3
-3
-10
-2
-4
-2
-4
-6
1
-2
3
1
2
4
3
1
4
5
3
9
6
1
3
0
9
9
9
7
5
10
2
5
4
3
4
4
1
6
1
1
1
2
1
0
2
2
-5
-2
-4
-2
-2
-8
-9
-3
-4
-6
-5
-9
0
-8
-6
-5
-10
-7
-8
-4
-4
-7
-6
-5
-1
0
0
-1
2
1
-2
5
2
7
4
5
-1
-1
0
-4
0
-4
-1
-4
-5
-4
-4
-3
-6
-1
-4
-6
0
3
3
-2
1
-1
0
3
5
1
5
6
2
3
2
1
3
1
2
3
-1
-7
1
0
-4
-2
-4
4
8
6
8
6
8
1
4
2
1
3
4
0
3
2
1
1
-1
6
2
3
2
2
3
3
3
4
7
6
6
10
11
11
8
3
7
5
5
4
6
5
4
4
2
2
1
-4
0
-3
-3
-8
-8
-5
-6
-3
-10
-8
-9
-7
-9
-7
-7
-4
-10
-10
-5
-6
-1
-2
-8
-7
-10
-16
-12
-13
-12
-11
-11
-15
-12
-11
-10
-13
-8
-8
-6
-1
-5
-2
-3
1
0
1
2
2
2
6
0
1
5
5
8
4
7
5
8
8
7
6
3
2
2
6
1
10
8
8
4
2
3
3
10
7
2
8
7
3
4
-1
4
4
6
7
8
7
8
7
7
8
8
5
6
10
3
4
3
4
2
-4
-3
-4
-2
-2
3
-1
-3
-7
-8
-8
-9
-7
-9
-5
-11
-10
-9
-3
0
-7
1
-1
0
-4
0
3
6
8
3
6
4
4
3
2
4
1
6
5
4
5
4
3
4
3
4
5
3
1
5
6
6
7
8
3
4
1
4
2
1
3
1
2
0
0
-6
0
-5
-4
-4
-6
-5
-8
-5
-9
-12
-7
-4
-4
-1
-5
-4
-4
-3
-5
-7
-5
-6
-1
-6
-2
0
-5
-1
-7
-4
0
-3
-5
-10
-4
-7
-5
-6
-4
-5
-2
-2
0
-1
1
5
-2
-1
-2
2
2
3
1
4
1
1
3
3
5
1
1
-1
2
5
4
-4
0
1
1
6
5
0
2
4
6
7
2
10
8
9
4
6
11
9
7
6
5
1
6
6
6
6
5
2
6
6
7
2
3
2
3
3
3
7
0
6
3
4
2
2
1
-3
-1
-4
-3
-2
-6
-4
-2
-3
-1
-2
0
1
1
-4
-1
-6
3
-6
-7
-10
-8
-5
-9
-10
-13
-13
-12
-6
-11
-7
-15
-9
-12
-14
-13
-15
-12
-16
-12
-13
-14
-14
-15
-13
-13
-13
-13
-9
-8
-9
-13
-6
-3
-5
1
-3
4
-2
3
1
2
6
6
10
2
3
-2
1
0
0
-1
0
-1
-1
5
9
10
7
6
8
12
13
17
12
12
6
10
8
8
13
6
11
10
10
7
8
10
13
8
6
7
6
10
11
11
8
10
6
8
3
10
10
7
8
1
7
1
5
6
-1
-3
-2
3
-5
-1
1
-5
-2
-1
-4
-4
-6
-3
1
-3
2
-1
1
-2
0
-4
-7
0
-1
0
-5
0
-1
0
-4
-7
-5
-6
1
-4
2
-5
-1
0
-5
-3
-6
-2
0
-5
-1
-2
-2
-3
-4
0
-5
-3
-6
-9
-4
-11
-8
-3
-6
-5
-9
-3
-5
-9
1
-4
2
-4
0
4
1
4
5
0
1
1
5
5
5
7
3
6
3
5
8
7
3
7
4
0
7
-2
1
0
3
1
2
3
5
2
1
4
3
8
7
9
6
11
7
9
4
6
2
2
4
1
4
-2
1
2
2
3
3
1
1
4
-3
1
0
0
-1
-4
-1
-6
-4
1
-2
-2
-4
-8
-4
-6
-6
-10
-8
-8
-9
-5
-11
-7
-4
-6
-6
-10
-9
-7
-6
-6
-7
-5
-3
-8
-9
-4
-10
-4
-1
-1
0
-2
3
2
-3
0
2
5
8
2
4
4
6
4
7
5
3
3
4
9
8
5
8
7
8
6
6
11
7
4
3
-4
0
2
-2
-4
-5
-5
-3
-1
-1
-3
1
-1
-1
-3
0
-1
1
0
1
-2
1
3
8
12
13
18
20
25
30
28
24
18
10
4
-6
-14
-27
-39
-46
-59
-63
-61
-58
-55
-39
-22
-9
4
11
15
24
28
27
17
2
-8
-16
-29
-41
-44
-48
-45
-47
-46
-31
-16
-9
-2
-3
-2
3
2
5
1
-5
-7
-8
-3
1
8
19
28
38
46
55
71
78
76
75
66
57
56
48
39
31
28
16
9
11
12
15
14
16
12
19
19
16
12
7
3
-3
-5
-12
-12
-13
-14
-17
-17
-6
2
3
6
5
4
8
-4
-5
-15
-21
-27
-38
-40
-46
-46
-49
-50
-47
-45
-39
-39
-33
-31
-28
-21
-23
-21
-17
-17
-20
-20
-20
-14
-12
-8
-3
-9
-5
1
1
8
10
10
8
5
8
7
8
11
6
2
0
5
4
4
7
5
5
7
7
13
8
5
5
-2
-5
-8
-15
-17
-24
-28
-34
-34
-27
-25
-17
-10
-1
8
15
30
44
64
78
82
91
98
103
124
154
194
222
225
230
240
267
271
243
190
144
98
25
-60
-135
-190
-247
-322
-403
-422
-387
-352
-331
-306
-254
-189
-123
-62
11
79
110
120
128
147
156
158
144
136
111
86
82
110
123
89
33
-15
-44
-90
-156
-228
-280
-339
-416
-472
-460
-417
-367
-339
-291
-182
-54
67
193
330
444
520
574
630
679
684
653
595
516
418
324
228
138
22
-120
-257
-371
-466
-555
-644
-707
-741
-759
-757
-716
-635
-542
-440
-344
-204
-44
111
244
378
484
567
619
631
642
621
565
468
369
283
177
69
-20
-105
-184
-269
-315
-334
-344
-351
-344
-319
-290
-234
-173
-96
1
95
207
330
497
660
825
980
1114
1232
1335
1398
1392
1298
1120
916
664
359
-8
-390
-755
-1084
-1428
-1720
-1907
-1987
-1996
-1969
-1885
-1677
-1404
-1113
-842
-562
-267
-21
198
360
532
671
759
811
840
870
861
844
820
770
672
531
400
287
111
-107
-355
-573
-772
-974
-1139
-1229
-1254
-1237
-1194
-1076
-828
-536
-251
42
352
653
930
1145
1337
1470
1518
1485
1392
1287
1147
981
802
620
433
246
81
-15
-38
-89
-181
-274
-354
-427
-502
-617
-754
-877
-994
-1097
-1156
-1124
-1033
-895
-706
-468
-179
141
476
790
1024
1157
1210
1205
1136
978
729
431
104
-212
-499
-746
-879
-965
-1010
-983
-898
-738
-534
-341
-143
22
153
274
356
416
465
485
482
488
546
612
735
906
1091
1303
1443
1594
1726
1825
1834
1698
1406
1074
705
248
-263
-831
-1340
-1766
-2155
-2475
-2639
-2649
-2527
-2328
-2094
-1752
-1335
-886
-477
-158
131
375
548
647
707
732
698
625
574
554
560
551
562
574
547
478
384
281
137
-76
-370
-660
-922
-1158
-1390
-1563
-1622
-1589
-1511
-1361
-1084
-694
-294
117
513
907
1288
1542
1738
1848
1865
1781
1615
1434
1222
976
719
489
298
114
-63
-192
-258
-298
-377
-498
-564
-584
-598
-616
-625
-597
-547
-476
-342
-158
11
155
294
422
543
635
681
686
647
548
393
244
105
-37
-216
-415
-592
-695
-805
-891
-928
-957
-982
-1016
-982
-893
-766
-638
-520
-383
-218
-51
153
354
537
680
772
887
984
1050
1083
1076
1049
1013
947
914
923
937
965
987
994
1028
1074
1109
1104
993
814
606
389
118
-211
-575
-923
-1218
-1505
-1763
-1908
-1929
-1873
-1798
-1695
-1480
-1173
-841
-566
-336
-119
64
205
276
305
313
270
202
110
28
-15
-39
-54
-60
-87
-116
-131
-125
-98
-169
-285
-386
-484
-597
-718
-819
-872
-867
-864
-820
-704
-484
-213
26
292
574
838
1100
1300
1460
1534
1530
1495
1377
1248
1078
882
692
491
282
95
-56
-162
-253
-353
-453
-517
-530
-546
-535
-483
-363
-227
-124
-1
164
348
504
599
635
648
643
573
460
299
125
-52
-262
-452
-615
-693
-751
-802
-832
-843
-836
-781
-713
-679
-670
-641
-602
-558
-470
-403
-313
-214
-94
40
176
355
520
666
763
826
883
928
941
923
892
838
752
688
659
680
727
771
840
902
999
1130
1234
1299
1256
1123
955
760
502
145
-247
-635
-978
-1343
-1679
-1876
-1962
-1969
-1955
-1900
-1746
-1479
-1184
-933
-685
-472
-291
-163
-66
26
48
33
-6
-45
-80
-87
-71
-34
26
54
62
88
153
185
113
-2
-139
-265
-429
-596
-752
-859
-920
-963
-945
-828
-594
-357
-80
195
517
829
1117
1385
1571
1684
1705
1652
1552
1431
1235
1004
764
534
308
74
-81
-184
-287
-400
-502
-552
-553
-522
-452
-377
-275
-170
-132
-6
126
206
237
231
239
261
239
181
157
109
46
-53
-135
-157
-162
-200
-264
-328
-388
-436
-522
-608
-717
-819
-883
-914
-895
-862
-792
-685
-525
-370
-177
46
287
508
658
770
848
934
977
959
945
912
869
796
745
729
778
867
934
1031
1124
1242
1346
1405
1397
1288
1101
875
599
253
-160
-579
-968
-1308
-1648
-1925
-2067
-2100
-2052
-1968
-1823
-1574
-1257
-941
-683
-438
-222
-57
62
103
125
103
46
-23
-88
-123
-141
-152
-127
-81
-48
-26
12
63
60
-26
-148
-278
-393
-542
-710
-833
-915
-953
-940
-867
-699
-450
-169
121
426
737
1039
1290
1491
1622
1651
1631
1536
1379
1187
960
734
513
290
86
-92
-207
-282
-323
-361
-382
-350
-269
-140
-16
105
161
161
184
240
277
265
187
92
16
-46
-95
-115
-121
-113
-123
-161
-148
-75
-8
-21
-108
-219
-313
-424
-527
-640
-775
-901
-985
-1015
-971
-867
-727
-552
-386
-192
44
298
536
705
771
786
790
777
753
701
639
577
531
513
539
647
799
972
1137
1297
1480
1642
1743
1775
1668
1453
1183
846
450
-2
-492
-962
-1379
-1771
-2086
-2277
-2320
-2272
-2178
-2016
-1758
-1427
-1095
-794
-528
-286
-105
40
108
148
148
102
53
1
-25
-40
-24
13
63
93
92
101
113
101
-11
-163
-332
-495
-668
-855
-1005
-1120
-1168
-1168
-1097
-935
-691
-380
-51
293
633
982
1301
1551
1757
1856
1869
1806
1694
1524
1301
1060
815
587
339
122
-28
-150
-248
-327
-410
-429
-364
-217
-97
-15
-3
-32
28
63
52
-20
-144
-212
-247
-308
-331
-300
-231
-134
-81
-15
118
274
361
355
263
146
22
-128
-308
-537
-746
-933
-1065
-1121
-1104
-1023
-862
-683
-504
-276
-20
244
480
635
697
728
778
792
766
712
629
587
555
574
650
773
960
1120
1305
1481
1635
1767
1808
1744
1545
1239
891
477
-8
-539
-1055
-1529
-1935
-2269
-2482
-2570
-2499
-2343
-2112
-1827
-1468
-1071
-694
-354
-69
152
311
412
413
405
351
251
155
74
29
-20
-35
-22
7
10
-15
-31
-62
-120
-262
-424
-616
-794
-974
-1150
-1262
-1301
-1290
-1216
-1044
-791
-467
-116
255
641
1007
1319
1582
1798
1913
1944
1866
1746
1595
1382
1137
868
624
418
219
30
-103
-183
-244
-296
-309
-221
-97
-4
21
-36
-24
34
35
-20
-144
-242
-290
-338
-356
-344
-253
-146
-45
27
134
297
430
497
458
334
209
59
-105
-309
-586
-781
-948
-1073
-1125
-1132
-1040
-901
-758
-595
-406
-150
91
278
391
437
493
529
560
586
562
549
548
586
681
833
1023
1249
1472
1657
1805
1927
1992
1967
1812
1519
1135
685
186
-355
-911
-1436
-1881
-2234
-2519
-2655
-2664
-2534
-2277
-1990
-1647
-1270
-857
-476
-139
124
282
433
493
519
488
409
332
247
163
92
93
102
109
87
42
15
-48
-121
-238
-419
-641
-876
-1083
-1259
-1394
-1478
-1478
-1414
-1248
-1017
-690
-302
129
559
955
1304
1634
1901
2058
2138
2096
1976
1804
1577
1308
1046
768
506
276
56
-106
-248
-344
-395
-392
-363
-303
-250
-232
-249
-218
-177
-187
-236
-306
-338
-305
-276
-229
-151
-32
126
255
392
529
667
749
717
622
488
329
124
-127
-379
-663
-902
-1107
-1229
-1284
-1301
-1221
-1114
-952
-772
-577
-341
-121
35
160
253
373
463
512
573
608
654
714
790
901
1045
1201
1388
1573
1753
1877
1954
1967
1881
1712
1425
1053
633
134
-382
-920
-1392
-1781
-2122
-2376
-2540
-2551
-2459
-2258
-1979
-1670
-1304
-916
-544
-226
55
288
437
533
575
578
555
510
475
407
353
295
251
205
154
88
-28
-155
-293
-467
-674
-868
-1067
-1259
-1426
-1547
-1596
-1566
-1455
-1280
-1029
-717
-341
59
473
870
1232
1543
1789
1938
2005
2003
1922
1772
1561
1309
1058
804
555
319
103
-87
-243
-378
-472
-529
-530
-439
-353
-257
-261
-275
-196
-105
-51
-50
-82
-79
-37
-7
34
118
240
346
403
442
530
614
640
574
417
203
5
-208
-425
-664
-906
-1089
-1222
-1289
-1265
-1187
-1037
-837
-652
-435
-207
58
287
424
483
512
561
603
642
656
664
688
697
775
933
1164
1413
1606
1739
1847
1923
1920
1841
1637
1318
880
360
-162
-643
-1140
-1618
-2055
-2388
-2570
-2633
-2575
-2367
-2066
-1733
-1399
-1035
-625
-230
71
261
369
416
460
445
412
382
318
234
170
151
191
231
252
242
170
82
-37
-175
-344
-580
-874
-1158
-1380
-1552
-1660
-1706
-1670
-1545
-1336
-1045
-669
-222
263
714
1097
1433
1740
1959
2090
2122
2011
1845
1612
1370
1115
843
588
345
145
-28
-145
-221
-261
-271
-278
-216
-139
-72
-44
-106
-127
-110
-123
-176
-246
-265
-230
-177
-129
-31
100
273
416
510
617
701
763
698
562
383
144
-110
-367
-634
-868
-1077
-1211
-1266
-1235
-1119
-962
-744
-526
-301
-74
154
349
457
482
483
472
455
428
379
351
348
380
474
662
891
1174
1461
1678
1817
1918
1937
1896
1739
1399
964
437
-92
-610
-1166
-1668
-2097
-2409
-2596
-2668
-2581
-2342
-2020
-1671
-1311
-944
-545
-182
111
297
375
408
406
380
315
253
196
156
160
189
254
376
486
528
515
438
324
183
-24
-327
-682
-1053
-1368
-1631
-1833
-1937
-1950
-1856
-1664
-1371
-967
-493
17
529
995
1393
1728
1987
2168
2208
2129
1964
1742
1485
1215
940
664
429
245
103
-30
-89
-82
-46
-7
4
-20
-67
-138
-222
-305
-434
-583
-714
-806
-819
-774
-686
-517
-295
-16
258
552
852
1081
1234
1251
1178
1017
802
509
130
-254
-619
-942
-1196
-1362
-1428
-1413
-1316
-1157
-930
-659
-361
-70
168
321
419
463
459
438
375
292
246
211
211
287
425
651
914
1230
1556
1833
2055
2167
2208
2148
1909
1522
1025
464
-133
-748
-1353
-1897
-2316
-2638
-2829
-2869
-2737
-2457
-2091
-1681
-1245
-804
-379
-2
284
479
582
596
556
482
390
323
232
177
177
202
279
405
509
574
567
497
392
238
4
-318
-701
-1093
-1449
-1770
-2016
-2150
-2171
-2072
-1873
-1542
-1088
-559
-7
544
1063
1510
1893
2168
2334
2369
2284
2088
1815
1527
1215
899
614
371
158
-24
-148
-208
-202
-167
-108
-50
-51
-96
-196
-279
-376
-543
-727
-891
-963
-962
-921
-784
-578
-286
50
377
731
1072
1356
1538
1580
1490
1315
1060
724
314
-125
-540
-920
-1221
-1427
-1540
-1539
-1444
-1273
-1016
-739
-422
-131
102
282
352
397
428
423
405
354
315
299
322
415
594
868
1196
1516
1805
2041
2201
2289
2268
2114
1784
1303
738
125
-495
-1143
-1757
-2279
-2676
-2950
-3077
-3022
-2789
-2427
-2034
-1593
-1113
-618
-144
242
509
681
738
713
670
578
453
328
228
166
140
184
257
353
426
453
437
370
293
126
-144
-500
-881
-1246
-1574
-1839
-2056
-2165
-2182
-2048
-1791
-1420
-929
-391
186
737
1255
1710
2083
2377
2523
2525
2385
2162
1886
1581
1232
872
521
247
9
-158
-267
-317
-287
-224
-143
-85
-74
-144
-217
-310
-427
-611
-798
-946
-1025
-1052
-1010
-856
-615
-295
31
396
771
1151
1453
1617
1676
1586
1404
1127
784
357
-68
-486
-855
-1165
-1391
-1492
-1505
-1385
-1210
-985
-719
-402
-107
115
281
362
422
462
433
397
330
279
281
307
458
685
1006
1372
1670
1893
2046
2194
2298
2235
1942
1465
900
306
-314
-997
-1666
-2249
-2727
-3083
-3288
-3285
-3056
-2696
-2299
-1861
-1356
-804
-243
227
557
773
865
881
858
788
674
517
369
244
181
190
236
328
420
455
418
398
376
291
60
-289
-697
-1068
-1407
-1715
-1961
-2133
-2190
-2162
-1965
-1622
-1134
-572
-3
559
1078
1572
1999
2346
2566
2610
2477
2274
2025
1720
1366
985
629
314
44
-163
-269
-328
-302
-249
-194
-128
-127
-160
-198
-311
-464
-680
-929
-1080
-1186
-1242
-1226
-1092
-848
-514
-140
276
730
1164
1483
1701
1813
1809
1684
1415
1075
637
188
-250
-634
-957
-1193
-1326
-1360
-1287
-1143
-907
-623
-328
-83
105
234
330
415
454
423
356
274
209
211
296
475
746
1087
1405
1654
1855
2049
2206
2256
2063
1642
1118
566
-10
-696
-1422
-2083
-2610
-3045
-3364
-3484
-3348
-3016
-2633
-2213
-1704
-1114
-496
62
488
775
942
1037
1058
1022
943
786
592
459
365
329
329
395
489
531
498
438
415
372
199
-143
-574
-970
-1307
-1636
-1917
-2134
-2250
-2262
-2142
-1860
-1425
-897
-333
252
814
1321
1802
2224
2519
2628
2549
2367
2173
1934
1599
1205
831
499
225
-23
-201
-232
-218
-176
-163
-166
-156
-180
-245
-369
-560
-784
-1029
-1205
-1291
-1340
-1334
-1221
-980
-659
-271
161
620
1069
1399
1601
1729
1754
1686
1475
1106
707
280
-123
-477
-793
-995
-1132
-1183
-1143
-1020
-787
-534
-286
-43
130
268
352
429
466
427
393
314
265
288
335
489
736
1069
1422
1684
1878
2026
2193
2253
2084
1687
1139
584
-17
-713
-1436
-2112
-2631
-3066
-3415
-3576
-3490
-3177
-2783
-2377
-1913
-1319
-674
-87
362
699
898
1016
1068
1070
1016
899
748
631
562
509
518
589
686
739
672
575
517
441
253
-108
-537
-972
-1356
-1707
-2035
-2274
-2389
-2408
-2302
-2049
-1633
-1094
-514
81
635
1155
1626
2051
2383
2528
2484
2328
2126
1909
1599
1237
900
587
315
69
-114
-191
-179
-133
-108
-116
-103
-144
-225
-324
-501
-703
-943
-1143
-1229
-1263
-1252
-1148
-911
-593
-216
175
600
1044
1402
1614
1694
1702
1629
1426
1095
727
294
-112
-482
-786
-987
-1138
-1165
-1118
-975
-759
-514
-241
20
197
306
366
430
507
519
478
418
371
380
457
614
884
1228
1545
1785
1933
2046
2209
2240
2016
1557
977
393
-218
-931
-1669
-2330
-2851
-3292
-3637
-3750
-3570
-3191
-2773
-2354
-1851
-1235
-595
-16
430
760
963
1049
1106
1097
1045
928
770
670
589
561
590
686
803
837
745
640
586
516
301
-96
-580
-1003
-1392
-1751
-2066
-2299
-2407
-2423
-2297
-2019
-1583
-1024
-429
156
706
1205
1676
2052
2367
2471
2379
2195
1974
1759
1445
1087
744
440
175
-53
-194
-189
-124
-82
-101
-145
-184
-231
-311
-453
-685
-936
-1161
-1298
-1315
-1300
-1220
-1032
-721
-336
82
547
1029
1467
1756
1877
1886
1843
1696
1405
992
535
88
-296
-623
-897
-1067
-1144
-1118
-1027
-838
-601
-326
-62
120
225
291
360
438
460
447
396
334
340
411
585
827
1180
1528
1834
2029
2130
2252
2340
2218
1816
1201
557
-61
-738
-1487
-2241
-2821
-3256
-3618
-3851
-3802
-3455
-3003
-2559
-2116
-1558
-877
-248
240
579
803
915
952
984
962
883
749
635
578
562
582
667
815
939
936
821
754
699
550
194
-283
-732
-1127
-1499
-1845
-2113
-2267
-2299
-2241
-2026
-1640
-1124
-551
15
563
1049
1482
1887
2202
2366
2319
2139
1902
1679
1412
1065
712
424
196
-28
-211
-280
-254
-210
-195
-207
-205
-244
-363
-462
-609
-799
-1027
-1229
-1335
-1335
-1265
-1172
-922
-544
-115
286
720
1191
1580
1806
1910
1894
1797
1596
1252
852
401
-15
-377
-693
-877
-982
-1022
-970
-818
-615
-415
-168
77
261
342
354
354
366
366
331
285
252
264
368
545
853
1250
1657
1937
2103
2192
2323
2376
2149
1691
1041
396
-274
-1010
-1764
-2457
-2991
-3404
-3736
-3901
-3733
-3309
-2826
-2368
-1873
-1272
-625
-30
407
720
898
953
945
914
867
763
627
503
438
436
494
626
811
914
868
773
724
683
494
129
-344
-786
-1179
-1551
-1854
-2058
-2156
-2160
-2046
-1761
-1334
-794
-220
334
840
1269
1636
1973
2221
2322
2197
1954
1735
1526
1262
910
599
337
108
-114
-249
-242
-161
-90
-120
-202
-300
-400
-512
-665
-929
-1221
-1479
-1646
-1653
-1617
-1492
-1269
-932
-509
-69
425
984
1455
1780
1936
1959
1933
1820
1559
1157
715
291
-94
-405
-632
-762
-828
-827
-742
-600
-377
-112
108
274
354
371
379
402
416
374
284
212
238
329
484
770
1164
1596
1933
2122
2285
2421
2539
2409
1976
1338
650
18
-725
-1541
-2321
-2938
-3404
-3789
-4019
-3971
-3605
-3121
-2652
-2192
-1634
-952
-299
223
564
765
871
907
916
883
794
659
554
509
517
561
666
860
1000
988
854
771
745
617
264
-261
-734
-1141
-1515
-1840
-2094
-2206
-2202
-2099
-1826
-1417
-874
-278
295
821
1253
1639
1990
2274
2409
2301
2051
1806
1587
1314
995
674
413
205
-15
-186
-238
-197
-156
-170
-222
-290
-417
-582
-759
-944
-1174
-1443
-1657
-1734
-1703
-1635
-1478
-1188
-775
-338
106
608
1097
1503
1744
1850
1855
1781
1594
1288
926
530
182
-132
-375
-542
-634
-643
-567
-413
-243
-68
122
295
440
462
431
406
393
376
312
285
289
343
468
679
1004
1433
1831
2117
2260
2323
2429
2421
2192
1671
985
288
-415
-1185
-1984
-2680
-3198
-3586
-3931
-4100
-3931
-3497
-3001
-2541
-2060
-1470
-817
-226
211
524
724
788
780
777
760
712
624
562
571
600
659
807
1014
1124
1040
877
773
667
441
10
-515
-967
-1363
-1707
-2004
-2161
-2170
-2089
-1889
-1566
-1091
-518
81
661
1167
1578
1918
2212
2440
2499
2322
2072
1804
1555
1267
920
625
416
228
42
-73
-40
57
59
-71
-256
-426
-607
-805
-1095
-1413
-1749
-2029
-2128
-2095
-1958
-1757
-1441
-1007
-498
25
567
1127
1575
1838
1912
1884
1821
1624
1287
845
401
23
-300
-541
-680
-713
-696
-593
-434
-223
20
254
433
551
558
524
464
407
357
274
203
189
250
402
641
1003
1502
1992
2342
2540
2657
2787
2809
2586
2037
1291
560
-189
-1003
-1884
-2676
-3249
-3697
-4061
-4270
-4153
-3705
-3162
-2674
-2233
-1668
-993
-392
63
355
535
607
617
607
599
575
519
506
552
613
736
948
1203
1350
1271
1097
936
809
545
48
-546
-1101
-1549
-1925
-2242
-2409
-2408
-2310
-2093
-1721
-1155
-475
206
836
1367
1789
2120
2408
2626
2647
2428
2117
1821
1561
1280
921
655
473
311
140
11
28
147
227
160
17
-178
-434
-648
-923
-1272
-1673
-2079
-2283
-2341
-2278
-2129
-1846
-1430
-933
-409
146
768
1326
1718
1857
1849
1783
1653
1359
962
482
41
-305
-607
-750
-821
-793
-675
-477
-229
50
346
604
780
820
777
738
707
648
528
377
272
283
401
642
1080
1591
2054
2354
2526
2742
2955
3001
2699
2060
1316
551
-279
-1187
-2074
-2845
-3488
-4003
-4375
-4452
-4184
-3712
-3189
-2690
-2134
-1467
-776
-136
330
587
668
668
650
629
576
468
351
300
308
379
555
818
1088
1166
1082
979
943
834
515
-23
-638
-1191
-1666
-2053
-2340
-2475
-2507
-2419
-2169
-1709
-1056
-342
368
998
1533
1967
2350
2699
2880
2820
2541
2194
1899
1600
1255
915
640
422
211
58
48
173
343
367
243
43
-159
-330
-582
-969
-1465
-1946
-2270
-2444
-2480
-2394
-2196
-1866
-1415
-879
-261
410
1031
1501
1729
1813
1812
1747
1533
1132
638
130
-305
-634
-860
-989
-1024
-959
-826
-604
-263
110
463
696
803
814
801
828
823
754
633
491
429
485
724
1165
1647
2107
2419
2608
2872
3141
3243
3027
2410
1669
922
97
-802
-1746
-2582
-3285
-3901
-4392
-4575
-4364
-3944
-3466
-2988
-2452
-1755
-1005
-335
189
503
657
666
662
688
669
557
423
327
292
352
508
781
1054
1122
1028
941
905
840
515
-26
-656
-1256
-1757
-2173
-2478
-2624
-2666
-2625
-2401
-1955
-1308
-553
204
873
1407
1841
2268
2670
2892
2833
2562
2245
1967
1687
1347
1045
805
586
364
198
164
275
405
446
367
214
8
-200
-419
-725
-1147
-1627
-2016
-2197
-2250
-2210
-2067
-1768
-1356
-893
-367
244
869
1348
1599
1667
1656
1600
1448
1113
663
162
-286
-651
-897
-1029
-1111
-1093
-992
-793
-527
-203
149
429
560
602
599
619
669
653
587
497
472
524
717
1120
1640
2135
2525
2747
2936
3192
3352
3256
2766
2009
1230
436
-434
-1377
-2257
-2990
-3626
-4139
-4452
-4352
-3958
-3458
-3003
-2579
-1976
-1266
-586
-38
329
526
583
576
610
623
594
512
440
426
434
544
785
1044
1160
1071
860
719
617
399
-93
-716
-1335
-1851
-2269
-2558
-2710
-2721
-2647
-2430
-2035
-1433
-715
26
732
1283
1695
2052
2423
2703
2759
2540
2220
1955
1744
1482
1199
971
796
613
433
371
458
634
651
470
235
-16
-202
-437
-764
-1163
-1621
-1950
-2102
-2097
-1992
-1804
-1508
-1091
-636
-154
431
1005
1427
1619
1594
1510
1420
1242
915
457
-27
-447
-770
-978
-1085
-1090
-1064
-984
-841
-635
-333
-40
196
302
311
309
324
376
391
345
317
342
447
662
1004
1540
2088
2540
2812
2957
3181
3378
3343
2943
2221
1418
642
-184
-1074
-1982
-2729
-3321
-3834
-4203
-4250
-3926
-3434
-2960
-2564
-2097
-1472
-796
-219
150
349
429
451
510
564
627
614
614
665
733
847
1028
1289
1474
1389
1096
827
663
440
-36
-704
-1382
-1941
-2387
-2705
-2870
-2870
-2732
-2505
-2120
-1572
-878
-114
602
1183
1588
1884
2169
2428
2520
2374
2058
1768
1550
1341
1093
900
789
698
555
424
417
534
643
580
326
6
-267
-486
-725
-1069
-1473
-1816
-2000
-2013
-1896
-1677
-1361
-954
-519
-74
423
968
1447
1724
1737
1613
1482
1317
1067
685
211
-247
-604
-841
-972
-1028
-1016
-948
-838
-697
-520
-275
-8
175
199
155
156
199
228
198
167
202
298
466
690
1052
1608
2180
2644
2891
3001
3165
3305
3226
2766
1992
1157
419
-385
-1289
-2171
-2856
-3313
-3709
-4034
-4061
-3693
-3158
-2676
-2300
-1865
-1264
-668
-191
113
266
331
359
402
484
532
557
637
759
890
994
1174
1439
1628
1532
1181
846
612
322
-231
-944
-1613
-2127
-2521
-2806
-2943
-2880
-2667
-2389
-1971
-1416
-711
19
700
1236
1600
1829
2039
2257
2307
2125
1829
1574
1404
1246
1067
915
835
794
724
652
673
747
736
542
179
-215
-539
-832
-1171
-1563
-1951
-2203
-2260
-2133
-1880
-1534
-1076
-558
-25
493
1033
1541
1919
2070
1980
1768
1541
1293
974
513
20
-369
-659
-805
-873
-888
-828
-757
-646
-531
-366
-203
-58
-11
-85
-134
-172
-142
-119
-122
-93
48
274
537
871
1321
1904
2479
2917
3141
3181
3231
3256
3016
2441
1590
763
17
-796
-1709
-2547
-3128
-3475
-3780
-3997
-3914
-3499
-2949
-2481
-2113
-1689
-1139
-640
-244
0
114
164
195
289
415
529
646
810
1007
1185
1333
1534
1783
1882
1681
1261
855
518
100
-543
-1288
-1928
-2399
-2744
-2981
-3023
-2848
-2522
-2116
-1611
-1004
-321
383
1007
1454
1732
1891
2028
2128
2100
1889
1592
1362
1229
1132
998
917
891
891
828
758
754
795
712
380
-66
-503
-885
-1215
-1604
-1986
-2318
-2502
-2473
-2269
-1905
-1450
-914
-313
267
819
1368
1830
2155
2234
2094
1845
1586
1319
963
528
84
-264
-495
-623
-666
-645
-589
-523
-439
-334
-231
-116
-65
-99
-198
-288
-329
-324
-301
-286
-218
-27
260
591
958
1423
2047
2634
3059
3239
3242
3274
3206
2882
2221
1330
479
-310
-1139
-2025
-2805
-3312
-3619
-3872
-4051
-3906
-3425
-2849
-2345
-1973
-1546
-1044
-576
-212
-19
81
130
180
271
410
556
743
976
1199
1408
1557
1750
1964
2013
1753
1259
783
379
-106
-780
-1529
-2164
-2632
-2927
-3061
-3020
-2765
-2355
-1869
-1309
-691
-17
667
1236
1631
1806
1883
1963
2040
1968
1730
1451
1255
1175
1095
999
976
1039
1123
1087
1017
953
859
648
206
-351
-910
-1423
-1900
-2363
-2762
-3003
-3039
-2871
-2504
-1979
-1323
-584
163
880
1500
2022
2438
2655
2603
2336
1964
1596
1210
756
281
-133
-390
-519
-577
-545
-438
-319
-185
-114
-72
-27
-33
-106
-254
-418
-542
-609
-623
-600
-493
-294
38
480
953
1568
2272
2935
3398
3561
3615
3662
3535
3100
2286
1317
404
-504
-1475
-2407
-3148
-3642
-3998
-4279
-4350
-4042
-3521
-2985
-2506
-2071
-1594
-1105
-659
-317
-104
-51
-12
80
262
458
647
903
1253
1548
1761
1983
2233
2456
2367
1955
1445
933
392
-252
-1027
-1811
-2479
-2960
-3239
-3306
-3180
-2854
-2381
-1809
-1144
-462
244
953
1544
1882
1978
1999
2050
2054
1875
1580
1300
1117
1034
962
938
995
1071
1077
1002
926
904
833
586
158
-460
-1057
-1544
-1962
-2371
-2816
-3119
-3154
-2955
-2589
-2073
-1415
-667
57
705
1333
1916
2399
2655
2591
2337
1988
1632
1260
822
327
-102
-415
-575
-614
-587
-461
-312
-178
-93
-33
59
174
150
-14
-219
-357
-414
-398
-362
-251
-29
269
637
1120
1788
2531
3159
3536
3630
3657
3649
3483
3003
2145
1117
117
-811
-1771
-2689
-3398
-3878
-4236
-4497
-4507
-4137
-3539
-2927
-2432
-2028
-1566
-1065
-588
-222
-54
-23
-37
54
257
475
686
929
1254
1555
1781
1990
2253
2447
2360
1913
1337
792
263
-377
-1165
-1962
-2626
-3067
-3284
-3303
-3100
-2729
-2224
-1612
-916
-174
564
1281
1834
2119
2162
2155
2186
2158
1948
1583
1257
1058
948
867
837
874
954
976
918
875
822
696
405
-96
-688
-1303
-1846
-2273
-2654
-2996
-3204
-3172
-2877
-2400
-1779
-1057
-288
486
1172
1739
2210
2532
2644
2485
2130
1688
1254
832
376
-48
-429
-674
-779
-737
-615
-442
-244
-80
44
142
214
230
199
64
-110
-256
-305
-222
-109
65
304
623
1083
1712
2452
3137
3588
3727
3766
3778
3619
3171
2358
1382
397
-638
-1676
-2606
-3300
-3794
-4208
-4503
-4524
-4174
-3641
-3061
-2557
-2103
-1622
-1169
-766
-424
-195
-127
-144
-141
-6
204
448
749
1063
1333
1595
1864
2185
2395
2326
1964
1466
920
332
-326
-1079
-1830
-2516
-3046
-3367
-3399
-3184
-2808
-2304
-1682
-978
-197
607
1367
1978
2319
2428
2443
2446
2365
2130
1813
1489
1221
1006
853
805
835
857
841
770
710
657
528
263
-189
-698
-1245
-1730
-2140
-2519
-2805
-2981
-2995
-2800
-2406
-1848
-1159
-435
263
880
1467
1988
2337
2461
2365
2107
1734
1327
869
416
-7
-413
-706
-887
-911
-818
-693
-479
-295
-124
51
192
304
317
249
149
70
37
37
92
216
382
661
1036
1606
2287
2900
3342
3508
3623
3724
3643
3255
2512
1589
666
-333
-1345
-2271
-3041
-3626
-4100
-4463
-4539
-4267
-3770
-3209
-2706
-2239
-1739
-1246
-777
-393
-172
-103
-83
-58
29
205
376
618
879
1114
1312
1567
1896
2127
2087
1805
1377
924
435
-176
-887
-1623
-2280
-2824
-3151
-3248
-3110
-2828
-2394
-1804
-1153
-435
393
1189
1851
2258
2444
2551
2643
2632
2454
2158
1813
1539
1303
1101
999
944
891
778
636
539
473
345
108
-243
-703
-1139
-1546
-1896
-2187
-2469
-2661
-2713
-2563
-2252
-1817
-1292
-701
-121
425
947
1427
1804
2007
2008
1847
1589
1275
927
540
135
-272
-619
-850
-960
-963
-902
-793
-647
-488
-300
-85
106
238
264
291
297
322
364
428
551
682
845
1067
1438
2009
2596
3081
3344
3396
3469
3494
3346
2869
2074
1196
308
-598
-1532
-2398
-3053
-3568
-4001
-4299
-4306
-3956
-3459
-2951
-2521
-2090
-1587
-1066
-592
-239
-50
-1
29
84
206
341
475
668
871
1014
1164
1375
1652
1807
1677
1316
890
497
64
-508
-1185
-1838
-2417
-2842
-3067
-3060
-2861
-2538
-2098
-1549
-905
-175
611
1368
1961
2284
2431
2541
2681
2705
2511
2207
1885
1636
1401
1212
1070
978
877
715
573
450
352
148
-145
-520
-950
-1343
-1675
-1929
-2170
-2371
-2472
-2408
-2181
-1835
-1394
-902
-406
80
545
974
1367
1621
1676
1599
1408
1165
876
569
253
-103
-441
-721
-885
-943
-921
-881
-786
-655
-498
-322
-112
55
157
215
240
302
361
469
587
732
900
1090
1319
1686
2211
2724
3148
3341
3373
3419
3407
3183
2706
1924
1084
256
-642
-1505
-2321
-2942
-3427
-3831
-4116
-4094
-3760
-3286
-2791
-2397
-1987
-1492
-1005
-541
-199
-40
41
72
149
273
402
509
664
813
914
1022
1189
1400
1485
1303
937
539
144
-264
-797
-1394
-1983
-2482
-2814
-2985
-2946
-2737
-2408
-1975
-1428
-805
-109
622
1312
1857
2177
2359
2496
2642
2642
2496
2220
1949
1726
1524
1328
1186
1084
930
764
591
456
317
102
-214
-591
-986
-1387
-1700
-1938
-2113
-2266
-2301
-2184
-1923
-1542
-1120
-637
-145
312
718
1046
1333
1510
1540
1426
1200
931
644
361
58
-252
-537
-731
-852
-887
-876
-825
-716
-590
-459
-334
-191
-53
44
121
162
237
317
423
557
720
910
1094
1356
1681
2174
2660
3052
3279
3299
3313
3282
3105
2683
1994
1209
395
-454
-1290
-2067
-2688
-3181
-3576
-3864
-3925
-3683
-3285
-2849
-2451
-2061
-1621
-1158
-731
-362
-140
-23
29
101
225
357
498
640
788
892
984
1091
1247
1323
1190
839
432
53
-349
-822
-1383
-1910
-2386
-2731
-2906
-2891
-2685
-2367
-1975
-1488
-890
-237
463
1139
1703
2060
2253
2392
2538
2596
2509
2309
2075
1872
1692
1532
1425
1329
1210
1023
819
654
488
272
-50
-439
-862
-1251
-1614
-1881
-2063
-2202
-2256
-2213
-1989
-1631
-1177
-695
-226
224
625
973
1279
1456
1515
1406
1185
930
631
347
50
-225
-487
-716
-842
-878
-871
-783
-698
-602
-492
-395
-281
-153
-58
-2
8
17
82
147
290
471
644
863
1078
1379
1747
2194
2649
3031
3262
3263
3200
3129
2940
2541
1834
994
230
-567
-1350
-2096
-2679
-3081
-3428
-3684
-3744
-3496
-3083
-2662
-2285
-1943
-1523
-1111
-717
-373
-161
-47
-5
83
232
363
492
663
845
979
1036
1124
1276
1340
1199
834
394
-9
-422
-901
-1441
-1967
-2411
-2729
-2879
-2807
-2570
-2243
-1841
-1330
-742
-127
521
1147
1668
1985
2139
2238
2341
2390
2290
2080
1885
1730
1597
1475
1384
1342
1282
1132
962
810
635
392
37
-369
-809
-1242
-1619
-1902
-2097
-2254
-2325
-2252
-2011
-1619
-1170
-676
-168
289
680
1034
1346
1513
1522
1395
1165
901
599
291
16
-239
-478
-691
-784
-775
-738
-674
-614
-528
-433
-372
-299
-228
-197
-181
-196
-186
-136
-38
68
237
466
692
974
1279
1665
2131
2615
3017
3284
3320
3238
3178
3015
2631
1972
1149
397
-353
-1136
-1899
-2527
-2959
-3285
-3566
-3705
-3501
-3126
-2728
-2379
-2043
-1661
-1234
-841
-490
-251
-119
-38
62
232
379
541
715
919
1065
1127
1224
1353
1451
1308
941
524
97
-326
-825
-1382
-1907
-2361
-2706
-2884
-2850
-2654
-2351
-1941
-1437
-880
-272
342
969
1506
1837
1990
2103
2242
2307
2224
2037
1870
1739
1624
1520
1455
1435
1383
1271
1118
966
765
472
135
-299
-756
-1202
-1618
-1928
-2163
-2338
-2417
-2341
-2084
-1733
-1290
-809
-306
204
617
991
1277
1462
1507
1395
1221
989
723
454
204
-32
-257
-437
-519
-549
-542
-534
-497
-462
-445
-428
-404
-376
-359
-368
-388
-370
-268
-145
-26
162
388
640
935
1269
1630
1995
2431
2841
3177
3323
3259
3169
3061
2805
2290
1523
750
66
-685
-1473
-2198
-2727
-3085
-3399
-3653
-3693
-3446
-3083
-2717
-2400
-2052
-1643
-1238
-841
-503
-276
-118
27
213
404
570
759
985
1202
1301
1347
1395
1473
1453
1185
772
322
-84
-536
-1063
-1581
-2062
-2441
-2692
-2766
-2691
-2472
-2134
-1706
-1196
-663
-118
441
989
1427
1680
1802
1912
2043
2088
2018
1902
1825
1763
1691
1616
1551
1519
1438
1307
1122
892
616
288
-91
-526
-991
-1447
-1824
-2093
-2261
-2371
-2343
-2155
-1864
-1489
-1055
-554
-30
438
817
1120
1349
1497
1520
1438
1286
1082
856
621
370
147
-36
-185
-312
-402
-468
-507
-504
-522
-550
-574
-603
-570
-568
-567
-560
-503
-377
-251
-68
153
429
737
1047
1353
1669
2046
2507
2927
3226
3263
3160
3090
2942
2623
2016
1245
516
-192
-991
-1803
-2458
-2899
-3262
-3596
-3818
-3755
-3456
-3076
-2712
-2395
-2021
-1594
-1152
-765
-444
-202
-27
157
373
560
743
957
1211
1378
1429
1476
1548
1604
1485
1147
690
239
-203
-683
-1221
-1730
-2178
-2506
-2704
-2741
-2609
-2348
-1981
-1533
-1050
-546
5
572
1097
1434
1620
1744
1886
2018
2032
1954
1886
1848
1788
1694
1622
1599
1560
1421
1167
889
669
475
229
-102
-550
-996
-1347
-1588
-1747
-1929
-2058
-2069
-1983
-1802
-1539
-1150
-693
-244
126
472
845
1210
1501
1608
1590
1489
1319
1157
957
701
407
104
-178
-396
-559
-651
-704
-707
-719
-753
-708
-595
-474
-415
-413
-412
-342
-259
-142
-20
147
361
604
858
1173
1539
2016
2515
2922
3166
3189
3165
3120
2972
2530
1809
992
224
-555
-1395
-2198
-2837
-3265
-3599
-3876
-3974
-3727
-3321
-2896
-2515
-2133
-1705
-1269
-846
-482
-243
-73
56
228
431
606
798
1031
1291
1459
1547
1638
1790
1846
1667
1253
792
347
-127
-673
-1268
-1832
-2284
-2603
-2762
-2742
-2563
-2250
-1871
-1396
-863
-330
235
786
1273
1565
1687
1785
1921
1997
1937
1812
1710
1662
1596
1511
1478
1465
1435
1307
1109
928
733
480
131
-284
-776
-1236
-1618
-1905
-2149
-2363
-2471
-2403
-2163
-1873
-1460
-986
-443
59
500
906
1279
1578
1708
1687
1582
1456
1259
1039
757
486
205
-42
-205
-318
-393
-452
-509
-529
-545
-577
-551
-518
-491
-524
-556
-503
-392
-262
-132
23
278
582
901
1250
1614
2078
2567
2950
3207
3236
3161
3074
2852
2426
1752
952
188
-563
-1365
-2166
-2805
-3231
-3546
-3808
-3937
-3793
-3418
-2988
-2600
-2260
-1855
-1416
-1003
-618
-340
-128
62
273
525
745
953
1197
1466
1653
1722
1776
1828
1859
1683
1269
791
322
-136
-660
-1246
-1767
-2186
-2484
-2646
-2658
-2500
-2226
-1846
-1398
-898
-424
78
601
1046
1352
1491
1596
1727
1834
1810
1738
1678
1650
1630
1558
1497
1452
1421
1304
1125
899
649
370
4
-420
-859
-1306
-1709
-2032
-2252
-2372
-2402
-2268
-2010
-1669
-1237
-767
-245
255
672
1025
1334
1536
1618
1586
1486
1350
1146
911
674
458
247
78
-62
-152
-241
-334
-384
-412
-427
-465
-529
-564
-566
-581
-566
-509
-406
-260
-103
100
367
677
979
1288
1575
1823
2112
2435
2735
2929
2876
2654
2441
2208
1862
1303
581
-81
-721
-1421
-2083
-2620
-2962
-3228
-3487
-3680
-3617
-3340
-2972
-2613
-2277
-1905
-1498
-1058
-642
-252
52
288
521
758
955
1120
1297
1494
1601
1580
1501
1452
1422
1269
932
504
61
-327
-731
-1140
-1499
-1824
-2065
-2203
-2224
-2113
-1895
-1607
-1235
-849
-477
-74
357
804
1157
1330
1438
1583
1748
1805
1784
1763
1727
1689
1564
1455
1388
1292
1158
931
688
432
133
-156
-480
-847
-1222
-1539
-1757
-1897
-1964
-1963
-1861
-1681
-1439
-1113
-729
-293
120
474
766
994
1190
1323
1385
1357
1247
1087
890
728
570
412
212
44
-91
-227
-335
-406
-431
-437
-488
-544
-533
-478
-387
-331
-253
-119
11
183
336
529
737
932
1139
1320
1496
1680
1916
2155
2348
2405
2292
2148
2022
1821
1440
875
266
-320
-949
-1601
-2218
-2681
-3035
-3341
-3571
-3643
-3493
-3177
-2800
-2436
-2061
-1626
-1173
-714
-286
47
306
508
683
831
958
1085
1199
1279
1293
1224
1182
1191
1155
978
672
340
35
-288
-628
-955
-1274
-1532
-1758
-1878
-1881
-1780
-1573
-1313
-1006
-678
-315
113
535
923
1203
1385
1553
1708
1817
1807
1748
1701
1615
1499
1348
1181
1082
977
811
632
435
216
-40
-301
-584
-873
-1158
-1431
-1652
-1805
-1893
-1937
-1860
-1695
-1485
-1228
-860
-438
-27
342
651
956
1204
1376
1466
1469
1390
1208
1002
803
596
373
165
-22
-180
-315
-404
-419
-394
-371
-363
-351
-257
-159
-93
-41
24
112
200
290
395
516
668
811
975
1157
1346
1605
1924
2216
2375
2352
2263
2173
2035
1699
1157
530
-103
-740
-1443
-2090
-2601
-2964
-3262
-3552
-3667
-3515
-3183
-2791
-2430
-2061
-1662
-1239
-800
-408
-104
109
269
420
536
636
771
939
1093
1160
1164
1184
1274
1337
1254
1025
728
427
128
-233
-628
-996
-1355
-1661
-1865
-1939
-1889
-1730
-1499
-1199
-872
-512
-90
373
788
1088
1271
1409
1534
1625
1645
1586
1532
1470
1364
1247
1154
1105
1095
1008
879
700
502
317
106
-187
-556
-951
-1286
-1575
-1827
-2001
-2097
-2091
-1983
-1790
-1503
-1084
-618
-164
232
579
935
1247
1459
1577
1579
1493
1332
1128
927
716
487
289
95
-81
-212
-284
-253
-233
-251
-285
-272
-216
-169
-151
-136
-106
-53
-26
47
173
333
494
625
791
994
1250
1561
1928
2237
2426
2427
2348
2308
2168
1817
1254
583
-51
-714
-1422
-2089
-2606
-2978
-3301
-3576
-3674
-3503
-3183
-2816
-2455
-2084
-1694
-1272
-871
-510
-235
-21
129
267
424
562
728
924
1121
1235
1294
1374
1527
1600
1509
1258
951
637
287
-114
-538
-945
-1318
-1642
-1885
-1982
-1941
-1805
-1576
-1264
-931
-558
-136
335
728
1013
1197
1306
1455
1543
1542
1500
1447
1399
1314
1202
1136
1115
1063
945
765
569
391
194
-39
-238
-440
-664
-900
-1164
-1349
-1455
-1533
-1582
-1633
-1639
-1516
-1316
-1065
-774
-474
-124
218
559
898
1200
1443
1568
1568
1450
1294
1116
899
626
305
-4
-247
-398
-486
-539
-525
-431
-333
-204
-54
118
281
361
375
373
389
394
389
388
414
502
603
713
938
1324
1743
2100
2254
2302
2374
2378
2234
1835
1219
550
-156
-945
-1725
-2398
-2893
-3280
-3621
-3808
-3764
-3449
-3006
-2533
-2099
-1699
-1253
-847
-476
-187
-22
45
57
76
112
195
356
561
756
889
1053
1287
1563
1725
1672
1465
1211
903
508
51
-435
-935
-1414
-1824
-2081
-2153
-2080
-1887
-1611
-1260
-873
-423
114
647
1038
1270
1398
1501
1583
1552
1451
1324
1214
1102
959
877
903
1011
1073
1066
976
895
818
690
453
87
-365
-827
-1256
-1629
-1961
-2223
-2363
-2373
-2283
-2053
-1642
-1110
-551
-67
399
848
1250
1563
1743
1782
1701
1514
1265
1005
744
488
243
44
-110
-237
-268
-215
-132
-91
-99
-81
-41
39
42
-12
-75
-119
-132
-151
-130
-67
39
186
362
602
883
1235
1657
2057
2387
2518
2505
2490
2417
2174
1693
1057
404
-252
-969
-1678
-2279
-2711
-3043
-3331
-3509
-3462
-3173
-2838
-2509
-2199
-1865
-1502
-1171
-879
-626
-457
-313
-181
-41
120
313
568
827
1090
1244
1408
1622
1777
1797
1618
1329
1053
737
321
-163
-649
-1068
-1463
-1781
-1975
-1999
-1905
-1719
-1448
-1132
-744
-333
87
477
772
942
1067
1175
1272
1311
1288
1292
1286
1273
1238
1244
1313
1390
1418
1393
1326
1230
1081
813
455
37
-430
-909
-1384
-1819
-2141
-2385
-2474
-2457
-2339
-2047
-1671
-1163
-618
-76
428
888
1264
1524
1667
1694
1646
1486
1258
994
737
484
289
125
10
-75
-109
-95
-79
-52
-50
-76
-98
-110
-178
-258
-320
-361
-395
-395
-366
-283
-124
49
261
542
840
1181
1547
1959
2323
2533
2546
2483
2407
2218
1850
1270
623
2
-671
-1368
-1971
-2428
-2765
-3073
-3323
-3378
-3216
-2922
-2615
-2316
-2020
-1716
-1415
-1107
-820
-587
-415
-252
-83
115
355
614
921
1200
1399
1528
1681
1843
1898
1778
1488
1157
778
350
-150
-631
-1056
-1459
-1804
-2031
-2094
-2015
-1832
-1588
-1281
-941
-582
-194
209
544
775
899
995
1125
1206
1227
1249
1312
1361
1362
1383
1495
1648
1745
1732
1614
1465
1247
934
511
27
-510
-1107
-1651
-2125
-2471
-2685
-2767
-2714
-2509
-2156
-1642
-1015
-412
154
641
1086
1436
1675
1797
1781
1668
1454
1181
929
735
580
418
259
154
102
65
96
114
91
10
-112
-203
-266
-333
-419
-539
-610
-618
-575
-458
-271
-33
194
426
715
1041
1403
1793
2176
2467
2561
2487
2418
2346
2132
1696
1044
412
-171
-827
-1492
-2056
-2460
-2778
-3095
-3329
-3351
-3157
-2884
-2631
-2390
-2106
-1776
-1464
-1125
-820
-573
-372
-171
86
356
627
903
1192
1435
1558
1658
1777
1866
1810
1525
1162
809
429
-8
-471
-905
-1288
-1633
-1915
-2030
-1993
-1863
-1697
-1477
-1171
-854
-517
-148
225
495
669
781
942
1108
1206
1246
1316
1410
1461
1514
1636
1854
2006
2014
1846
1619
1419
1143
731
175
-442
-1030
-1618
-2121
-2485
-2671
-2726
-2679
-2497
-2155
-1641
-1020
-374
204
657
1040
1386
1642
1777
1758
1643
1439
1227
979
792
678
561
454
311
220
200
213
188
101
-12
-157
-285
-414
-528
-601
-682
-731
-726
-648
-498
-235
19
238
450
700
1026
1314
1633
1939
2214
2341
2325
2268
2210
2107
1800
1272
679
130
-442
-1064
-1675
-2174
-2562
-2927
-3259
-3397
-3325
-3138
-2925
-2679
-2411
-2065
-1700
-1309
-926
-629
-374
-175
70
345
595
834
1071
1300
1409
1463
1550
1650
1656
1459
1169
877
550
159
-234
-608
-969
-1328
-1629
-1801
-1818
-1753
-1640
-1460
-1209
-907
-611
-272
110
428
623
743
886
1069
1213
1325
1401
1518
1600
1662
1723
1815
1896
1814
1632
1387
1096
755
316
-143
-644
-1150
-1624
-2014
-2221
-2311
-2305
-2194
-1990
-1646
-1234
-750
-240
230
614
901
1146
1328
1436
1459
1425
1342
1206
1025
895
798
691
558
395
274
193
117
9
-123
-237
-367
-490
-584
-632
-616
-618
-593
-516
-403
-227
-49
134
260
387
547
736
956
1193
1476
1764
2013
2086
2092
2145
2161
2027
1659
1109
588
64
-583
-1240
-1857
-2348
-2775
-3168
-3403
-3408
-3240
-2974
-2693
-2387
-2009
-1604
-1191
-786
-461
-238
-59
104
288
427
571
739
903
1037
1139
1278
1424
1507
1404
1167
936
674
333
-100
-562
-935
-1313
-1634
-1862
-1921
-1794
-1662
-1505
-1225
-842
-423
3
389
718
968
1131
1207
1287
1310
1264
1190
1125
1106
1085
1076
1109
1136
1120
1056
942
819
652
395
63
-271
-647
-976
-1280
-1531
-1651
-1720
-1664
-1518
-1245
-856
-496
-101
280
652
959
1199
1372
1473
1472
1381
1241
1093
926
730
529
362
213
38
-77
-150
-199
-291
-360
-402
-423
-441
-453
-434
-408
-358
-301
-248
-121
-5
131
295
486
720
906
997
960
930
947
1027
1064
1023
925
786
685
577
483
372
201
-21
-309
-628
-863
-1072
-1281
-1489
-1731
-1915
-1984
-1949
-1827
-1648
-1448
-1252
-1041
-804
-520
-261
-65
65
111
127
146
174
198
186
119
53
0
-8
43
102
93
55
-1
-22
-42
-85
-114
-199
-312
-405
-450
-422
-360
-310
-259
-198
-121
-21
119
284
387
434
450
461
492
527
526
501
455
424
387
399
445
468
489
446
385
339
308
258
169
40
-103
-220
-294
-331
-372
-375
-345
-292
-205
-113
23
192
328
417
452
504
561
583
565
503
427
334
261
191
146
134
110
89
73
80
99
146
180
188
190
187
214
237
260
252
225
212
194
186
153
138
90
37
-36
-112
-142
-56
142
351
523
572
682
866
1016
1041
902
715
518
173
-220
-611
-925
-1198
-1506
-1768
-1898
-1824
-1655
-1464
-1280
-1093
-895
-728
-550
-435
-398
-394
-419
-501
-573
-607
-570
-465
-414
-361
-249
-31
205
349
444
482
482
435
327
242
156
7
-189
-355
-452
-460
-456
-456
-416
-343
-245
-140
7
138
252
312
333
355
371
413
432
447
432
434
473
541
619
663
671
660
635
569
492
420
323
210
67
-62
-147
-181
-200
-254
-266
-224
-165
-89
-29
64
170
247
281
314
369
394
399
401
393
391
384
401
404
386
352
313
279
242
198
124
79
34
-12
-22
-21
29
82
110
156
216
254
270
268
240
190
103
1
-97
-182
-244
-286
-245
-148
2
110
226
360
468
534
499
408
264
72
-203
-471
-728
-949
-1134
-1257
-1301
-1275
-1161
-1003
-816
-635
-464
-313
-208
-146
-143
-167
-234
-342
-441
-544
-597
-594
-573
-529
-449
-304
-144
0
113
204
245
245
210
156
106
2
-121
-222
-284
-326
-334
-329
-278
-214
-142
-44
50
141
206
241
254
258
251
241
214
198
202
219
258
294
338
381
433
469
495
516
510
502
491
442
365
302
277
253
228
191
158
154
159
164
175
177
181
198
202
218
227
232
258
285
320
333
337
339
342
315
264
215
162
118
50
-5
-15
-17
-4
37
83
151
217
285
332
344
334
300
217
115
2
-122
-230
-347
-424
-483
-498
-503
-462
-410
-369
-278
-191
-103
-39
-29
-33
-63
-102
-130
-205
-245
-296
-351
-367
-385
-354
-316
-280
-246
-233
-190
-156
-141
-147
-184
-235
-290
-358
-429
-465
-493
-493
-478
-441
-379
-304
-206
-112
-39
26
62
89
100
72
35
1
-67
-141
-194
-227
-264
-297
-309
-290
-263
-236
-210
-192
-175
-162
-167
-162
-160
-165
-152
-147
-119
-59
26
99
210
296
405
511
600
710
766
795
802
773
727
647
548
433
341
251
168
122
90
83
73
85
116
164
210
262
286
312
342
378
409
412
421
413
398
365
344
328
283
269
223
185
169
163
177
160
158
151
149
155
141
136
114
46
-19
-91
-151
-211
-275
-299
-327
-341
-332
-323
-261
-209
-173
-141
-123
-132
-146
-188
-236
-305
-399
-471
-551
-600
-636
-668
-660
-616
-571
-496
-419
-313
-205
-127
-64
-13
32
68
77
54
26
-1
2
1
-6
10
30
76
91
105
127
143
169
145
117
61
11
-48
-122
-192
-260
-315
-348
-378
-380
-362
-325
-269
-239
-219
-180
-141
-132
-149
-160
-181
-223
-234
-263
-263
-254
-232
-201
-145
-92
-28
59
122
176
187
231
269
304
311
306
308
315
310
292
311
325
316
323
342
366
390
402
413
413
433
426
428
416
390
350
326
310
277
265
237
239
250
247
257
274
315
355
379
400
411
425
431
416
385
329
248
179
117
43
-19
-86
-165
-210
-239
-260
-266
-262
-252
-227
-211
-196
-185
-173
-180
-230
-264
-324
-366
-396
-451
-481
-514
-512
-505
-480
-432
-375
-320
-259
-222
-177
-144
-142
-143
-160
-178
-195
-206
-236
-231
-207
-174
-134
-98
-47
19
74
135
192
216
221
213
191
152
105
63
2
-78
-123
-150
-193
-201
-192
-193
-169
-137
-102
-87
-73
-78
-97
-97
-115
-141
-185
-228
-245
-261
-258
-229
-174
-130
-78
-2
74
131
179
228
229
228
228
199
179
138
100
79
63
40
41
30
49
83
119
155
175
240
281
336
356
333
340
328
313
275
237
225
186
184
196
183
200
193
202
229
254
302
343
363
373
353
328
282
242
180
116
58
11
-42
-83
-96
-97
-77
-82
-70
-67
-61
-52
-56
-72
-104
-148
-209
-270
-315
-340
-364
-378
-403
-395
-392
-379
-348
-312
-257
-216
-187
-152
-93
-78
-81
-88
-91
-107
-109
-127
-145
-153
-149
-110
-73
-27
28
69
97
119
122
141
147
139
144
109
78
38
5
-1
-12
4
16
28
27
47
72
100
90
95
90
60
23
-26
-66
-115
-171
-226
-269
-274
-271
-260
-248
-236
-200
-131
-69
-15
34
53
66
64
79
69
56
19
-27
-46
-55
-18
-5
10
33
61
93
126
169
191
212
223
200
185
166
154
132
84
54
25
18
2
12
28
51
96
136
183
213
265
305
326
333
319
294
246
210
172
126
64
29
-10
-61
-74
-80
-78
-86
-94
-88
-70
-60
-48
-79
-115
-144
-179
-220
-270
-324
-336
-327
-304
-282
-279
-255
-218
-159
-99
-67
-24
11
25
23
24
36
26
-4
-30
-60
-62
-62
-77
-45
-7
14
21
41
80
128
161
161
154
127
110
68
27
-1
-28
-12
13
24
64
97
124
168
191
203
208
190
161
135
107
87
49
-16
-97
-164
-204
-218
-227
-248
-245
-203
-169
-127
-101
-64
-25
-1
13
26
40
54
71
70
51
49
46
44
40
39
31
30
10
16
29
37
54
38
18
-1
-27
-60
-73
-84
-78
-59
-48
-60
-32
16
60
108
142
183
222
263
289
303
309
300
254
205
166
148
106
52
17
-31
-66
-80
-112
-136
-151
-172
-193
-206
-216
-202
-193
-187
-203
-222
-236
-243
-240
-230
-227
-212
-196
-183
-151
-112
-77
-73
-54
-51
-38
-30
-26
-38
-34
-52
-66
-108
-138
-140
-151
-132
-106
-65
-30
9
52
103
147
188
219
248
261
276
271
258
235
221
215
216
199
181
173
173
167
153
147
139
123
92
60
29
-7
-45
-73
-108
-149
-188
-211
-211
-190
-174
-168
-128
-90
-56
-5
45
84
104
119
130
125
106
84
62
36
3
-29
-56
-67
-51
-49
-51
-42
-46
-26
-10
18
35
18
-16
-31
-43
-54
-83
-105
-86
-51
-4
45
82
121
152
172
210
245
261
277
274
239
203
161
114
74
11
-33
-83
-127
-133
-146
-134
-141
-152
-171
-183
-177
-157
-149
-140
-138
-147
-159
-167
-151
-144
-105
-105
-96
-84
-81
-64
-60
-40
-31
-46
-57
-86
-119
-123
-125
-131
-145
-156
-167
-167
-153
-150
-119
-92
-52
-8
38
83
114
153
172
216
237
230
255
250
230
222
193
176
164
148
141
115
93
94
86
84
78
76
57
29
5
-27
-39
-68
-90
-104
-119
-117
-98
-81
-60
-39
3
23
41
94
115
125
134
126
125
113
95
96
59
29
4
-10
-27
-27
-44
-55
-62
-72
-66
-73
-56
-59
-53
-41
-26
-10
-3
3
35
35
45
46
57
72
75
89
107
125
126
136
146
151
154
139
126
103
66
49
-4
-45
-88
-131
-146
-178
-187
-193
-199
-191
-167
-147
-125
-100
-78
-72
-64
-64
-83
-79
-70
-74
-90
-110
-120
-123
-129
-107
-101
-109
-109
-111
-105
-101
-99
-102
-115
-124
-152
-160
-166
-151
-147
-123
-73
-31
9
52
98
138
173
200
232
229
234
225
191
179
144
114
92
84
74
77
80
95
118
133
138
124
123
99
67
40
-5
-26
-48
-58
-68
-76
-73
-56
-40
-13
0
22
46
61
84
83
94
83
71
72
62
47
42
33
16
-7
-28
-35
-49
-65
-68
-88
-93
-89
-93
-79
-75
-43
-23
-4
14
26
40
45
47
38
51
40
45
52
58
59
63
89
91
105
107
111
94
89
83
70
50
25
-13
-55
-91
-124
-141
-150
-166
-168
-158
-141
-140
-127
-99
-86
-66
-47
-42
-47
-67
-64
-64
-74
-78
-96
-95
-92
-82
-74
-64
-47
-38
-47
-60
-46
-48
-61
-78
-84
-79
-83
-78
-78
-44
-23
0
24
49
91
115
150
168
171
168
155
134
130
105
71
60
44
40
29
28
34
47
59
65
61
72
66
60
45
34
25
-20
-31
-68
-83
-77
-80
-57
-39
-27
-4
21
42
71
92
113
127
132
127
119
107
90
52
32
1
-19
-40
-67
-76
-89
-95
-92
-86
-72
-71
-53
-43
-45
-29
-24
-22
-2
7
15
25
28
39
51
58
64
69
74
81
85
95
95
98
96
95
91
78
65
32
18
-10
-37
-53
-76
-83
-93
-88
-92
-100
-104
-103
-95
-86
-85
-67
-56
-57
-52
-67
-59
-59
-52
-56
-59
-53
-45
-27
-34
-29
-19
-15
-28
-47
-52
-52
-76
-84
-83
-81
-81
-81
-77
-71
-51
-25
7
24
42
67
96
115
125
110
111
114
97
93
80
76
69
67
55
49
48
44
23
23
14
11
8
-1
-15
-32
-31
-24
-38
-44
-30
-46
-23
-22
-3
7
28
53
52
68
74
93
90
98
93
104
103
87
66
51
44
13
-3
-29
-43
-75
-105
-94
-107
-94
-88
-75
-64
-46
-20
-6
7
23
28
26
23
22
10
-7
-11
-16
-20
-24
-9
10
17
33
39
55
64
67
60
51
38
9
-13
-48
-83
-112
-128
-149
-146
-137
-129
-122
-96
-68
-57
-31
0
29
43
44
37
40
43
30
12
2
-5
-12
-28
-26
-28
-22
-16
-11
-10
-19
-20
-18
-31
-29
-34
-23
-30
-24
-16
-8
6
17
44
58
80
88
98
106
103
113
111
94
91
77
69
39
16
2
-1
-15
-26
-24
-33
-26
-19
-21
-26
-36
-24
-21
-35
-35
-49
-46
-51
-46
-50
-30
-23
3
21
36
69
73
90
93
109
110
109
90
81
72
49
31
1
-14
-25
-54
-68
-64
-60
-57
-56
-51
-37
-30
-14
-8
-2
-5
-4
3
-5
-21
-26
-31
-34
-38
-46
-35
-27
-14
-10
-5
6
15
24
32
25
15
-7
-14
-15
-37
-56
-61
-75
-81
-70
-77
-52
-37
-25
-19
-14
2
16
30
24
26
45
38
32
40
32
34
35
30
30
24
13
-3
-13
-14
-13
-26
-28
-29
-31
-19
-26
-27
-19
-11
-21
-15
-4
12
32
39
52
61
69
85
83
87
81
81
72
61
54
39
38
16
11
11
-5
0
-9
-14
-16
-16
-18
-16
-24
-29
-35
-44
-46
-52
-51
-50
-37
-29
-27
-10
-9
3
21
36
44
50
52
53
63
69
63
48
39
31
22
6
6
-3
-12
-27
-40
-48
-42
-26
-38
-33
-35
-21
-17
-6
-1
-8
12
7
8
6
-1
-9
-18
-25
-30
-36
-43
-42
-34
-36
-23
-34
-26
-21
-33
-51
-51
-44
-70
-78
-92
-96
-93
-86
-71
-54
-45
-28
-17
-5
7
22
34
51
46
43
42
41
41
40
32
29
29
29
26
20
25
35
36
26
31
37
25
25
25
15
18
18
21
12
11
18
32
39
48
52
67
67
70
68
53
58
52
39
28
30
32
27
20
18
11
-2
-13
-9
-20
-23
-21
-30
-38
-49
-49
-55
-66
-65
-77
-73
-71
-64
-46
-44
-30
-26
-15
-3
16
24
35
40
42
42
40
40
36
33
20
12
8
-4
-12
-19
-15
-17
-17
-15
-1
0
6
4
5
7
11
9
5
3
-11
-15
-14
-14
-18
-25
-42
-30
-39
-29
-25
-37
-45
-51
-56
-58
-59
-59
-53
-67
-56
-60
-58
-54
-54
-46
-32
-32
-26
-10
4
16
21
37
51
56
59
57
72
58
59
58
51
58
55
58
47
43
38
27
27
24
10
2
7
2
9
10
0
5
-6
-11
-12
-2
19
28
28
27
30
31
35
33
34
29
29
28
24
20
8
7
22
7
-2
-3
0
5
4
5
0
-1
-5
-15
-17
-19
-37
-29
-24
-25
-23
-28
-19
-9
-9
10
8
10
9
17
15
14
18
20
20
10
10
7
17
7
3
-1
-8
-10
-13
-8
-8
-3
-1
14
17
12
11
18
24
12
20
12
7
3
-13
-11
-16
-28
-32
-39
-40
-48
-54
-57
-58
-59
-61
-70
-62
-72
-72
-70
-71
-59
-62
-52
-56
-47
-40
-36
-23
-32
-23
-18
-9
5
10
20
24
23
21
22
30
32
43
53
51
48
44
38
54
52
53
45
46
48
44
38
30
19
15
19
12
18
18
16
17
15
20
23
20
12
11
13
14
18
9
7
9
18
17
9
16
11
14
13
6
7
19
13
13
15
3
8
-4
-6
0
-15
-13
-17
-18
-15
-13
1
-5
-2
-6
4
8
7
12
11
22
23
15
16
11
7
6
-2
5
5
1
-2
-10
-19
-24
-32
-33
-30
-24
-28
-32
-24
-27
-22
-19
-16
-8
-21
-20
-32
-27
-31
-34
-31
-36
-33
-38
-34
-35
-34
-29
-19
-23
-16
-26
-26
-21
-36
-31
-28
-36
-43
-40
-44
-42
-54
-44
-43
-41
-39
-41
-31
-31
-18
-8
-4
0
10
11
10
23
26
28
30
38
45
47
62
63
63
56
58
53
54
45
37
38
30
30
21
32
38
39
52
60
63
55
52
54
56
59
56
51
43
35
33
35
34
34
37
35
29
28
30
22
15
16
13
-4
-7
-19
-24
-22
-34
-32
-39
-42
-51
-45
-37
-34
-27
-32
-22
-21
-11
-7
-6
0
0
6
5
-1
-1
-5
-11
-5
-14
-10
-8
-16
-14
-27
-18
-17
-26
-29
-15
-26
-24
-21
-26
-26
-23
-15
-15
-9
1
-2
0
-7
-10
-8
-20
-24
-31
-38
-34
-32
-26
-34
-31
-30
-32
-26
-32
-30
-44
-51
-50
-52
-59
-55
-47
-50
-49
-43
-36
-40
-31
-24
-18
-10
-8
-9
-5
10
21
38
42
41
48
53
58
68
67
62
62
58
50
56
62
62
67
70
74
60
63
64
66
72
66
59
58
54
50
46
42
40
30
33
29
17
13
6
3
4
0
-1
-5
-4
-9
-2
-7
-12
-10
-15
-19
-20
-20
-21
-29
-27
-18
-17
-15
-9
-11
-6
-12
-7
-13
-15
-4
3
-2
5
3
-4
-1
-9
-4
-9
0
-9
-1
-3
-8
-20
-22
-23
-31
-26
-28
-26
-25
-25
-26
-23
-23
-16
-10
-8
-15
-17
-11
-11
-23
-26
-31
-34
-36
-41
-45
-33
-31
-31
-37
-41
-35
-42
-31
-44
-45
-39
-40
-42
-42
-40
-48
-51
-42
-38
-36
-31
-33
-21
-10
-9
4
-3
14
21
17
16
4
11
17
20
23
16
21
24
26
34
34
30
33
33
35
42
47
48
52
58
54
54
48
57
61
60
67
57
60
59
56
48
42
45
40
41
45
47
41
36
28
27
30
25
30
23
19
4
9
-1
-3
-10
-15
-18
-28
-28
-37
-19
-32
-27
-22
-30
-21
-23
-19
-18
-3
0
-2
0
-9
-2
3
-4
-5
-8
-17
-8
-14
-15
-14
-22
-8
-5
-13
-9
-13
-20
-8
-5
-4
-6
-3
-7
-5
0
-12
-11
-17
-8
-13
-13
-16
-17
-11
-23
-25
-24
-25
-17
-21
-24
-27
-34
-28
-30
-34
-45
-49
-56
-55
-55
-66
-64
-74
-74
-69
-73
-61
-58
-61
-60
-49
-43
-41
-36
-34
-25
-16
-9
-4
4
1
14
17
10
13
17
19
27
35
45
39
45
49
50
62
65
66
68
70
70
65
63
68
74
74
75
79
72
81
75
90
88
93
97
93
94
88
82
78
68
60
61
56
45
32
42
31
21
14
8
3
-4
-7
-15
-16
-19
-26
-29
-33
-39
-38
-37
-42
-38
-41
-31
-28
-33
-30
-29
-23
-28
-32
-31
-29
-27
-29
-42
-47
-52
-51
-57
-47
-48
-52
-47
-52
-41
-43
-39
-30
-28
-26
-36
-37
-35
-32
-29
-30
-29
-32
-23
-16
-8
-9
-14
-16
-22
-13
-13
-15
-11
-25
-24
-20
-33
-29
-31
-36
-40
-45
-45
-37
-33
-33
-27
-33
-29
-25
-25
-11
-14
-3
-6
6
13
20
21
18
24
25
24
22
29
23
22
25
27
25
25
18
28
23
25
35
26
40
47
51
60
59
58
56
60
63
71
65
68
68
68
69
60
64
65
75
73
78
81
71
67
54
36
34
29
17
13
5
-4
-16
-15
-18
-12
-12
-18
-16
-17
-16
-24
-19
-21
-25
-25
-17
-18
-24
-18
-18
-10
-23
-28
-25
-30
-32
-36
-43
-45
-55
-53
-61
-64
-63
-65
-58
-56
-46
-42
-39
-33
-32
-30
-35
-42
-37
-39
-36
-32
-32
-30
-25
-21
-18
-11
-14
-5
-2
-1
7
-6
-3
-3
-8
-10
-7
-9
-11
-15
-19
-24
-22
-22
-24
-28
-29
-32
-38
-27
-26
-14
-6
-7
6
-8
11
7
5
8
6
13
2
10
-6
10
3
9
8
3
11
12
19
13
25
21
26
34
29
35
35
46
61
51
64
60
63
63
59
64
70
72
77
80
75
81
75
74
66
76
71
67
64
56
53
38
31
27
16
8
8
-9
-14
-24
-27
-36
-40
-45
-38
-36
-39
-37
-30
-21
-23
-24
-16
-13
-4
-6
-21
-19
-28
-34
-36
-42
-47
-48
-51
-55
-49
-59
-55
-56
-55
-38
-33
-35
-32
-35
-31
-32
-27
-20
-14
-4
2
8
16
12
16
25
26
29
28
27
24
24
21
9
7
-1
-5
-6
-8
-3
-13
-12
-16
-18
-21
-17
-17
-21
-26
-27
-31
-33
-26
-25
-26
-15
-16
-15
-11
-7
-1
-9
-6
-7
-11
-9
-11
-17
-15
-22
-17
-18
-20
-20
-24
-14
-6
-5
0
6
7
18
30
22
30
35
47
45
48
54
56
73
69
80
79
80
85
83
88
81
71
67
58
53
52
48
43
34
27
20
17
14
0
-7
-19
-17
-18
-18
-25
-23
-17
-22
-8
-7
-3
0
2
2
-4
-12
-13
-24
-32
-37
-37
-41
-47
-49
-52
-60
-65
-65
-77
-74
-71
-71
-71
-62
-60
-55
-57
-53
-45
-43
-31
-21
-11
1
5
18
23
31
40
46
43
34
35
22
25
20
18
10
-1
-6
-11
-5
-16
-17
-18
-17
-20
-23
-17
-19
-20
-11
-6
-7
-10
-6
-10
-4
-8
-9
-5
-7
-5
-7
-14
-14
-25
-25
-26
-28
-25
-29
-22
-25
-18
-24
-21
-16
-21
-7
-3
-9
13
5
19
27
24
34
35
31
39
49
54
59
75
76
83
87
87
90
95
94
88
79
77
80
72
73
58
50
39
29
13
4
3
5
4
3
3
-6
3
8
7
5
7
7
4
3
-3
2
-13
-22
-28
-39
-41
-47
-52
-62
-69
-68
-65
-74
-77
-83
-89
-92
-92
-95
-86
-85
-81
-76
-71
-69
-60
-54
-46
-38
-32
-17
-14
-7
-14
-7
0
2
16
17
24
26
27
27
28
30
32
27
32
33
33
34
33
31
27
26
20
18
19
21
20
21
26
22
24
28
33
32
31
45
40
36
31
27
18
5
9
-7
-5
-14
-19
-16
-22
-23
-19
-12
-9
-1
9
15
12
10
13
8
10
7
15
17
20
30
33
38
42
48
53
58
55
60
63
65
55
53
49
47
45
39
36
25
11
15
9
1
0
-3
-7
-3
-5
-12
-15
-13
-6
-10
-14
-21
-21
-32
-31
-35
-29
-29
-35
-41
-46
-48
-55
-57
-67
-66
-73
-73
-80
-84
-86
-96
-88
-88
-86
-85
-74
-76
-65
-60
-51
-42
-44
-32
-25
-17
-11
-7
-7
-4
2
4
6
4
11
12
15
21
19
26
18
22
33
22
25
25
28
30
26
24
21
16
23
13
29
34
36
36
31
38
47
44
42
49
43
41
33
21
20
11
12
5
-1
-5
-9
-6
-13
-5
-4
-2
-2
-5
1
-1
-11
-14
-9
2
4
6
11
13
10
15
21
15
28
31
32
33
33
36
40
39
34
24
25
26
24
26
17
11
17
17
20
15
18
22
16
13
5
-4
5
-1
-2
-3
-1
-3
-9
-10
-10
-6
-10
-4
-6
-6
-23
-22
-26
-27
-31
-40
-39
-55
-51
-51
-53
-60
-61
-65
-62
-60
-63
-64
-69
-65
-64
-55
-57
-48
-48
-46
-38
-39
-31
-28
-19
-18
-9
-7
-7
5
0
3
6
7
14
15
17
24
19
17
17
15
21
23
25
25
30
35
35
40
35
34
40
39
47
56
57
62
59
61
50
50
44
37
36
31
24
18
15
6
7
-6
-2
-8
-3
5
-7
-2
-3
-2
-1
0
-1
-2
1
-3
-3
0
7
11
19
17
17
31
38
38
43
37
35
38
34
31
30
31
24
25
22
15
19
12
14
14
13
11
8
9
5
3
9
7
4
3
-4
-14
-16
-16
-17
-16
-15
-14
-14
-15
-24
-28
-35
-35
-45
-49
-39
-53
-55
-59
-73
-73
-75
-79
-77
-71
-64
-64
-55
-53
-47
-51
-50
-46
-43
-44
-43
-35
-32
-30
-29
-18
-10
-9
-4
3
4
5
7
11
16
17
13
7
5
6
4
-1
7
13
10
10
4
8
19
25
33
37
43
40
35
38
32
43
50
38
36
35
32
32
38
29
27
29
23
21
12
16
21
11
14
23
26
21
16
8
1
4
7
9
14
15
9
12
15
14
13
18
19
25
16
12
13
9
17
19
17
19
10
13
8
9
10
5
8
7
5
1
2
-5
0
-2
-2
-3
-3
-4
-7
-12
-11
-10
-16
-7
-15
-9
-11
-14
-16
-26
-24
-34
-31
-41
-37
-46
-50
-54
-57
-59
-63
-66
-66
-64
-57
-51
-51
-47
-51
-44
-43
-42
-36
-38
-31
-31
-30
-30
-27
-27
-24
-14
-10
-3
-3
3
10
8
10
15
9
18
14
20
18
21
20
9
19
18
23
25
30
28
31
43
33
41
43
44
52
50
51
50
46
51
51
48
50
38
27
24
20
20
16
15
17
17
23
21
24
18
20
22
18
20
18
18
14
10
11
14
13
15
11
14
18
13
11
15
16
8
9
1
-2
-6
-9
-10
-2
0
0
1
-4
-6
-5
-1
-3
-3
-3
-3
-10
-3
-1
-1
4
0
2
-6
-7
-4
-7
-5
-4
-3
0
-7
-4
-6
-13
-8
-17
-10
-16
-31
-36
-45
-42
-54
-47
-44
-44
-49
-51
-56
-51
-49
-47
-43
-46
-45
-50
-47
-42
-45
-37
-32
-34
-27
-31
-26
-16
-20
-8
-15
-4
2
-7
-9
-11
-4
-2
8
10
9
13
18
22
22
31
29
26
38
43
48
49
47
45
44
43
41
40
43
45
46
41
38
32
30
31
23
26
20
23
25
26
22
18
19
17
19
18
17
15
13
9
10
7
6
9
2
0
-1
-1
2
0
3
7
1
-5
-9
-15
-16
-10
-9
-6
-9
-12
-14
-12
-8
-11
-12
-10
-11
-4
-3
-1
0
-4
-3
-10
-10
-8
-3
-5
-6
-4
-6
-4
-7
-7
-2
0
-6
-8
-8
-10
-19
-14
-25
-20
-28
-31
-30
-26
-25
-26
-19
-29
-23
-25
-28
-33
-33
-38
-34
-32
-36
-32
-43
-42
-42
-42
-41
-31
-30
-25
-17
-15
-14
-21
-13
-10
-11
-2
-8
-6
-4
5
3
7
9
9
7
1
13
10
15
20
22
30
25
30
33
29
39
31
41
44
43
50
48
46
45
49
47
44
45
48
49
46
45
40
35
29
31
32
30
27
31
31
24
26
22
23
17
22
16
16
16
13
10
4
4
1
-2
-9
-11
-11
-4
-6
-16
-10
-12
-8
-10
-16
-17
-19
-15
-20
-18
-17
-22
-19
-28
-21
-24
-31
-24
-27
-22
-23
-21
-19
-26
-14
-16
-23
-16
-10
-10
-15
-12
-13
-13
-9
-2
-6
-1
-5
-9
-2
-3
-6
-9
-10
-15
-20
-28
-33
-36
-31
-24
-26
-34
-32
-25
-28
-29
-26
-25
-15
-14
-18
-18
-18
-12
-17
-17
-14
-8
-13
-9
-3
-6
1
0
4
6
7
10
4
13
18
14
17
8
18
18
20
21
25
27
32
43
36
45
40
47
51
46
53
51
45
49
45
43
42
40
34
40
38
34
29
23
26
13
11
11
16
8
0
-8
-2
0
0
5
3
2
3
10
8
7
1
2
-2
-5
-13
-18
-11
-19
-13
-12
-12
-13
-18
-17
-17
-14
-16
-11
-7
-13
-12
-16
-17
-15
-16
-21
-17
-14
-13
-14
-13
-13
-12
-20
-14
-14
-10
-14
-14
-17
-12
-13
-19
-20
-28
-24
-37
-30
-38
-42
-37
-41
-42
-46
-37
-36
-41
-37
-29
-22
-18
-28
-30
-26
-22
-18
-14
-10
-10
-2
-3
-5
-10
-8
-4
-3
-5
3
5
0
12
12
11
11
10
11
16
23
21
27
26
24
27
29
32
31
38
34
35
39
36
39
32
36
34
34
38
37
33
38
36
38
38
34
38
39
39
36
32
30
27
27
19
19
16
11
14
8
8
8
11
6
4
-3
-5
-3
-5
-8
-11
-11
-15
-14
-16
-18
-22
-19
-11
-14
-11
-17
-14
-21
-23
-19
-23
-26
-26
-23
-20
-19
-13
-15
-11
-11
-18
-15
-15
-8
-5
-8
-4
0
7
2
-4
-7
-2
-10
-10
-12
-14
-9
-14
-17
-13
-19
-22
-24
-22
-19
-22
-24
-31
-24
-25
-24
-26
-29
-24
-25
-19
-22
-15
-17
-11
-15
-8
-4
-6
0
-2
4
2
4
9
3
0
-3
-7
-2
-6
-5
-9
0
2
7
5
14
16
26
31
24
38
30
34
29
30
31
32
28
29
25
25
22
27
29
28
37
30
34
28
29
23
22
24
21
20
25
17
19
19
19
16
17
11
18
22
13
17
12
14
9
8
4
-4
0
0
-2
-5
-4
-3
-9
-8
-15
-18
-27
-23
-23
-22
-24
-22
-27
-30
-20
-31
-27
-30
-23
-26
-25
-18
-14
-6
-8
-4
-3
2
4
2
1
4
-2
-1
-4
-11
-8
-13
-13
-18
-15
-15
-17
-13
-13
-13
-17
-11
-6
-4
-9
-9
-12
-14
-12
-11
-7
-15
-17
-11
-8
-7
-4
-6
-10
-3
-8
-9
-12
-10
-10
-12
-16
-16
-17
-15
-6
-14
-11
-10
-12
-4
-1
-2
1
2
9
10
14
15
23
20
25
27
25
29
27
34
30
30
33
31
38
28
24
30
19
22
16
16
24
24
21
19
17
19
20
22
17
13
16
11
10
15
11
3
3
-2
0
0
-8
-2
1
-1
-6
-6
-9
-10
-13
-15
-18
-18
-14
-6
-9
-14
-15
-20
-16
-18
-20
-27
-17
-17
-17
-13
-16
-6
-11
-13
-13
-7
2
10
5
7
12
15
12
12
10
12
12
5
6
-4
3
0
1
-1
-7
-9
-9
-12
-13
-13
-9
-8
-8
-13
-16
-17
-19
-18
-23
-20
-25
-18
-14
-23
-16
-11
-13
-9
-5
-1
0
-5
0
-1
-4
-8
-13
-5
-5
-3
-3
-7
-2
-3
-2
-6
-1
-3
2
6
9
7
9
13
7
10
9
17
18
16
18
17
21
20
14
16
19
19
13
11
12
17
16
23
20
16
23
20
21
17
15
18
15
16
15
9
10
2
2
3
4
5
1
4
6
9
7
9
7
5
3
-1
-2
-5
-3
-6
-9
-13
-14
-19
-18
-20
-14
-16
-20
-15
-23
-20
-26
-17
-11
-15
-13
-15
-9
-10
-13
-8
-7
-3
-6
-12
-7
-15
-4
-10
-14
-17
-12
-12
-10
-6
-6
-3
-5
-3
-6
1
3
1
2
-1
3
-2
4
11
1
5
5
7
6
9
9
10
3
7
2
5
1
1
-2
-1
-3
-7
-2
-8
-1
-5
-3
-3
1
-1
-3
2
-3
-3
3
0
3
3
7
8
4
7
1
4
3
11
12
14
10
14
15
15
17
21
19
25
24
18
23
21
21
11
10
19
18
21
26
22
25
20
21
22
19
21
19
19
15
1
3
5
2
2
-12
-12
-15
-15
-17
-23
-26
-23
-22
-23
-25
-27
-30
-27
-33
-35
-32
-36
-33
-42
-33
-35
-30
-20
-22
-17
-17
-11
-9
-3
0
-1
-6
-8
-4
-4
-4
-9
-10
-9
-5
-9
-14
-8
-13
-11
-10
-6
-1
-2
0
2
5
5
7
1
8
10
11
11
15
13
21
16
14
14
14
14
11
14
7
6
5
7
3
4
5
4
4
0
0
4
3
-2
5
4
8
9
1
4
2
6
-1
1
2
1
7
5
6
3
8
6
3
5
3
8
2
6
6
-2
4
5
12
15
8
9
7
6
8
4
7
4
5
13
9
7
12
4
7
7
6
9
-3
-1
0
-3
-2
-3
-8
-6
-2
-2
-8
-6
-13
-19
-13
-19
-8
-9
-14
-13
-14
-13
-16
-12
-13
-13
-8
-9
-11
-10
-8
-5
-1
-7
-11
-12
-16
-12
-14
-19
-16
-20
-13
-17
-13
-9
-11
-6
-2
-2
0
7
8
8
8
6
6
9
8
1
10
9
7
13
14
19
18
15
13
14
9
13
14
19
22
20
21
14
11
13
16
12
9
6
5
5
4
4
2
-2
-5
-10
-7
-5
-7
-10
-7
-12
-11
-8
-12
-6
-8
-4
-4
0
2
0
-8
-6
-5
-5
-5
-4
1
4
10
4
13
9
10
23
16
16
20
19
17
18
15
11
18
18
18
15
15
14
7
11
9
5
9
-3
-4
-2
3
-5
-13
-12
-17
-20
-16
-15
-18
-20
-22
-16
-22
-18
-17
-12
-11
-13
-12
-13
-11
-13
-16
-13
-10
-10
-14
-9
-6
-8
-8
-5
-7
-5
-3
-4
-6
-2
-6
-6
-10
-13
-7
-7
-2
-6
-4
-9
-12
-9
-9
-5
-4
-3
-8
-4
2
4
12
12
6
5
6
2
3
2
4
10
5
5
1
1
2
4
7
6
13
8
9
8
7
11
17
14
8
11
9
12
11
6
6
0
7
6
7
7
-2
6
-8
-2
-4
-9
-9
-14
-10
-6
-5
-2
3
4
6
1
12
12
12
15
13
19
19
13
8
9
16
16
14
17
15
14
4
11
12
15
10
6
8
7
11
12
9
10
8
5
-1
3
-3
-5
-4
-6
-2
-5
-7
-15
-19
-20
-20
-29
-28
-29
-29
-23
-22
-18
-21
-22
-15
-15
-12
-17
-16
-17
-20
-22
-26
-31
-33
-28
-26
-23
-22
-22
-19
-14
-8
-9
-5
-2
-4
-7
-2
-7
-4
-3
-2
4
-2
3
2
9
17
19
18
18
11
16
17
12
15
14
16
16
16
14
15
22
19
21
22
19
20
15
22
25
27
25
24
25
22
16
15
17
13
9
4
2
-3
-12
-5
-5
-5
-3
-6
-5
-4
-4
-1
0
-4
-3
-5
1
-1
-10
-13
-12
-9
-8
-7
-1
-5
-2
-2
-2
-4
-10
-5
-7
-7
-4
-8
-5
-8
-6
-1
-2
-1
-3
-2
2
3
2
7
9
5
4
2
4
0
0
2
0
6
5
-2
5
2
-1
2
5
0
-4
3
3
9
0
-4
-4
-6
-3
1
-1
3
3
-3
-3
-10
-1
-2
-3
-4
-4
-6
-11
-6
-11
-9
-8
-5
1
-9
2
-2
-7
-7
-8
-3
4
9
13
13
8
5
9
6
10
10
6
6
0
-2
-3
-6
-5
1
-3
2
4
4
2
3
2
1
3
-3
-4
-5
-8
-9
-5
-3
-5
-8
-13
-12
-10
-7
-4
-7
-2
-3
-2
-7
-4
-6
-7
-3
-5
0
2
2
2
1
10
7
6
9
4
0
4
8
9
3
6
7
9
12
5
9
2
6
5
1
3
10
0
5
5
9
11
14
11
6
14
11
13
15
14
13
11
12
15
14
15
9
14
4
5
8
0
-5
-1
-6
-6
-13
-14
-11
-15
-19
-26
-25
-29
-29
-27
-29
-30
-26
-29
-31
-30
-24
-22
-18
-24
-23
-20
-27
-25
-32
-23
-21
-19
-17
-15
-8
-6
-4
0
0
3
2
1
2
5
7
4
14
16
19
17
20
19
20
23
24
21
23
19
14
12
13
20
22
23
22
23
22
22
14
12
12
13
14
12
16
8
11
7
2
2
1
3
0
5
3
5
0
-2
-1
-6
-4
-3
6
10
6
4
4
1
2
3
4
0
-1
3
1
0
-4
-2
-4
-5
-10
-8
-10
-7
-6
-9
-9
-7
-10
-7
-13
-11
-13
-16
-5
-12
-11
-6
-5
-3
-3
-4
-2
-7
-9
-5
-4
-1
-3
3
-2
-5
-1
0
-1
-5
-1
-5
-3
-3
-2
-6
-6
1
-4
-7
-9
-8
-7
-3
-8
-5
2
-5
1
-4
0
9
1
9
3
-1
2
0
2
3
0
6
12
7
8
10
11
8
8
4
1
1
5
5
4
8
11
12
11
7
8
9
12
9
13
13
12
9
12
13
10
3
3
5
2
1
1
11
4
4
2
6
0
2
-5
-6
1
-3
-3
-4
0
-5
-7
-7
-3
-1
-3
-5
-7
-5
-6
-6
-4
-6
-2
4
4
0
-5
5
0
-3
0
-5
-6
-8
-8
-8
-5
-9
-12
-12
-13
-7
-10
-8
-4
-7
1
-1
-3
-3
-3
-2
-5
0
-8
2
-4
-3
-1
-1
-4
-5
0
-6
-1
-6
-5
-5
-5
-3
-5
-3
-5
6
3
7
2
6
4
0
0
-1
0
3
2
-3
-4
-1
0
0
-3
-5
0
-8
0
-3
-1
-3
2
7
1
4
-2
5
2
6
10
4
5
7
8
7
-1
-3
1
-3
1
0
6
2
0
4
4
3
4
9
14
12
8
9
10
12
9
7
6
2
3
7
2
-1
5
5
1
0
1
-6
-5
-7
-8
-6
-14
-12
-15
-10
-12
-16
-17
-13
-16
-19
-15
-8
-6
-8
-9
-9
-6
-7
-3
-1
-1
-2
1
1
2
2
7
10
6
6
-1
-3
-8
-7
-2
-6
-2
6
0
4
4
4
6
2
6
7
14
12
5
6
4
1
5
-2
0
0
-3
1
3
7
10
8
5
4
1
5
2
4
0
-5
-3
-6
-7
-8
-7
-8
-8
-15
-8
-10
-7
0
-3
2
0
3
6
8
14
10
5
8
11
7
5
4
3
4
6
7
5
6
2
4
4
5
11
8
10
8
7
2
5
4
5
5
4
5
5
8
3
-3
2
-2
1
2
1
1
3
4
2
5
3
0
-5
-3
-4
-2
-3
-6
-9
-4
1
3
9
0
3
-3
-1
4
1
3
1
3
2
0
3
-1
-4
0
-1
0
0
-1
6
4
8
9
4
1
11
2
2
-2
-1
1
-4
5
-8
3
-1
-1
0
3
3
-3
4
0
-1
-3
-5
-5
-11
-10
-16
-16
-8
-14
-14
-15
-10
-10
-10
-10
-12
-10
-10
-10
-12
-9
-10
-12
-9
-4
0
-7
-7
-8
-5
-12
-7
-10
-10
-7
-7
-10
-14
-5
-7
-2
-6
-10
-3
-8
-13
-9
-14
-13
-10
-11
-8
-6
5
7
11
16
20
21
18
16
13
9
9
8
9
3
8
13
9
15
14
12
16
12
18
15
17
17
17
22
18
22
22
23
11
8
7
8
11
12
12
7
9
7
7
9
4
-3
-2
-4
-8
-13
-15
-10
-9
-8
-13
-10
-11
-11
-4
-13
-15
-16
-20
-18
-22
-15
-19
-20
-20
-19
-10
-8
-6
-6
-1
-10
-4
-4
-3
1
-6
-1
-6
-8
-2
4
3
2
3
1
-5
-1
-2
-5
-5
-8
-4
-12
-11
-5
-3
-1
1
-1
-4
1
-1
2
6
8
7
7
7
15
12
12
9
7
6
-3
1
0
2
7
1
2
6
10
6
5
3
3
6
1
8
8
6
2
3
5
7
6
10
5
8
10
11
14
6
8
1
0
-2
-4
-1
0
1
3
8
5
8
9
4
6
3
0
2
-1
10
5
3
-1
-1
4
2
3
2
2
-1
3
2
0
-3
1
1
0
2
0
1
-2
0
-6
-11
-9
-5
-4
-9
-7
-11
-5
-3
-8
-6
-6
-5
-9
-5
-2
-2
-2
-3
-3
2
-2
-4
2
-1
-3
-5
-7
-4
-3
0
-2
0
-1
8
8
4
7
6
2
3
0
-6
2
-1
-1
4
2
3
3
6
1
5
-3
1
3
1
5
4
6
1
1
2
3
1
7
-3
-3
1
-3
-7
-1
-3
-5
-4
-1
0
-2
0
-5
-4
-6
-6
-7
-3
-7
-7
-3
1
0
-5
-4
-7
-2
-3
-5
-6
-6
-9
-8
-6
-13
-9
-10
-7
-5
-3
-3
-2
4
-3
-5
-4
-4
-8
-4
-5
-3
-5
-4
-2
-2
-5
-9
-3
-5
-7
-9
-7
-9
-11
-8
-7
-9
-5
3
1
2
4
8
11
3
5
3
6
9
10
8
9
14
17
25
19
17
21
16
21
22
17
19
11
14
17
13
17
10
15
10
6
3
5
5
7
5
6
5
1
5
-5
-1
-2
-2
-4
-4
0
-1
1
-6
-8
-12
-19
-12
-18
-20
-15
-17
-15
-12
-17
-14
-12
-9
-9
-6
-6
-6
-1
1
2
2
0
-3
-2
0
1
-1
-8
-5
-1
-5
-2
-8
-8
-3
0
0
-2
-4
1
-1
-2
1
-3
8
6
4
4
4
1
0
-2
2
-4
-1
5
2
-2
1
4
2
9
0
0
0
-12
-10
-12
-10
-8
-8
-6
-2
3
10
14
13
16
13
10
6
-1
0
-3
-2
-3
-5
-3
0
2
1
-2
-2
-1
1
3
3
9
5
3
8
8
5
2
5
1
0
3
3
0
-5
2
-3
-2
7
9
3
2
4
-1
-1
-2
-3
-1
-3
-7
0
4
7
9
13
11
8
13
6
8
7
8
7
7
8
7
9
9
8
6
7
6
5
4
5
8
4
5
-1
-4
-5
-5
-11
-11
-11
-10
-13
-16
-8
-16
-10
-7
-7
-6
-7
-5
-4
-3
-1
-7
-11
-8
-17
-14
-13
-10
-10
-9
-6
-5
-5
-3
3
3
3
5
5
6
8
12
12
10
12
10
4
7
4
4
2
2
2
-5
-5
-4
-1
3
-2
-4
-7
-12
-10
-10
-11
-11
-10
-9
-8
-7
-7
-8
-18
-11
-13
-13
-12
-10
-7
-7
-2
3
3
4
4
3
5
4
6
5
4
3
5
4
4
3
3
2
2
3
-1
3
7
7
9
8
8
8
8
9
6
9
3
5
8
7
7
6
1
5
4
7
9
10
13
14
16
17
16
14
15
13
10
7
5
6
1
-1
-4
-2
-4
-5
0
0
-3
-6
-4
-6
-5
-5
-5
-5
-4
-6
-10
-8
-6
-7
-6
-8
-3
-9
-8
-7
-9
-5
-6
-13
-9
-10
-8
-10
-8
-7
-8
-6
-7
-1
-3
-2
-3
-4
-1
-3
-7
-7
-5
-11
-9
-10
-12
-6
-8
-10
-4
-1
-1
4
2
2
3
2
5
6
1
4
2
1
5
1
6
2
