SAMPLES:	17530
BITSPERSAMPLE:	16
CHANNELS:	1
SAMPLERATE:	16000
NORMALIZED:	FALSE
5
3
3
13
3
8
-1
4
5
5
6
2
3
5
3
0
-1
-3
-1
-8
0
-3
-8
-1
-4
-6
-8
-6
-8
-7
4
1
4
1
7
5
-5
-8
-7
0
10
13
6
5
1
-6
-2
9
9
11
16
12
4
0
5
2
3
4
4
10
7
1
3
4
7
2
0
3
4
13
13
12
9
3
9
7
-4
-4
-4
-5
-5
-2
0
-4
-3
0
-5
-2
-9
-5
-2
-6
-1
-7
-9
-7
-7
-7
-9
-9
-11
-6
-7
-4
-8
-11
-10
-10
-17
-20
-14
-16
-9
-16
-11
-12
-10
-10
-10
-4
-5
-2
-5
1
3
-9
-1
-4
-6
-5
-6
-2
-3
-3
-3
0
4
5
0
6
4
7
13
12
11
13
12
8
12
13
9
10
10
8
6
3
3
-1
-5
-2
-6
-6
0
0
0
0
-1
-4
8
6
4
5
8
9
2
1
4
2
0
5
-4
4
6
4
12
4
-4
3
-2
-3
0
5
7
-1
4
2
1
0
-4
3
5
5
-4
3
-4
-2
-5
-11
-8
-11
-7
-9
-4
-2
-4
-7
-7
1
2
-5
-2
2
0
-2
-3
-1
-3
-1
-3
-4
1
-1
-2
-1
2
3
1
1
-2
-1
3
0
1
1
-1
1
1
0
2
4
-6
2
-1
-1
-1
-2
-3
-4
2
-4
-3
-4
-3
-6
-4
-5
-9
-7
-10
-5
-9
-3
-5
5
2
-1
3
3
1
-1
1
-3
0
4
3
0
0
3
-3
3
2
3
4
2
8
-2
2
3
6
10
1
12
5
7
12
3
9
8
7
5
-1
7
-5
-6
-2
-1
0
-2
-6
1
-1
-4
-5
-7
2
2
0
5
3
4
3
2
4
8
3
6
7
-1
2
-5
-2
-1
0
1
2
-3
5
-5
4
2
-2
2
-3
1
-3
-3
0
3
-4
-1
-9
-3
-3
-4
1
-5
3
2
-1
1
-1
0
-1
1
4
11
10
13
11
10
8
11
9
13
12
7
4
6
6
1
10
2
4
-3
2
1
-1
-1
5
3
-2
3
-3
2
-1
-9
-1
-2
-1
-3
0
-7
-6
-7
-10
-10
-13
-6
-10
-11
-13
-12
-11
-9
-11
-8
-6
-7
-9
-3
-5
-2
-6
-5
-2
-2
-2
0
1
-7
-2
-3
-3
0
-5
-6
-10
-6
-2
-3
-8
-1
3
-6
0
3
-2
1
1
-1
1
2
-2
4
8
3
7
6
7
7
11
9
5
9
5
8
10
7
9
6
3
3
0
-1
0
2
-2
-2
0
-2
-3
-1
-7
-3
-2
-4
1
-1
5
1
5
-1
1
3
5
2
0
0
1
4
2
-1
-2
-2
-5
-3
-6
-4
-3
-3
-1
-3
-2
-4
-7
-2
-7
-2
-5
-5
-3
-6
1
-6
-2
-4
-4
0
-1
-3
1
-4
2
1
-4
-2
-5
3
-6
-6
-5
-3
-4
-3
-3
-4
-1
-8
-3
-4
-2
3
1
2
-1
1
-1
-1
-1
1
1
-1
7
9
4
4
8
9
9
8
10
5
7
8
7
7
5
3
6
5
1
-3
-3
-4
-4
-5
4
3
-2
-5
-1
2
-3
4
1
6
2
1
5
5
7
3
-5
2
-1
3
-1
-2
5
2
0
3
2
-1
-1
-3
-3
-2
-2
-1
3
-2
0
7
6
2
1
3
4
1
1
3
1
4
3
9
6
0
3
5
5
4
-3
2
3
-5
-1
-1
-1
2
-4
-4
-1
1
1
-1
-1
-5
0
-2
-1
-1
-2
-3
-2
-7
-1
-2
-5
-2
2
-5
0
1
-5
1
-5
-4
-4
2
1
6
-2
3
2
1
6
-1
4
1
2
4
5
-4
2
9
6
4
1
5
7
2
4
5
6
0
0
1
0
-1
2
1
-2
6
3
4
4
3
3
4
3
1
6
3
0
-6
-5
-6
-10
1
-10
-12
-8
-7
-9
-10
-3
-7
-6
-7
-10
-11
-9
-9
-10
-11
-10
-10
-8
-6
-6
-6
-11
-10
-10
-13
-12
-13
-4
-8
-1
-1
-2
-1
-4
1
-1
-4
-1
-4
-5
0
2
3
0
-2
-1
1
3
4
5
5
6
7
7
11
11
11
6
10
8
13
11
13
10
9
15
9
12
2
6
10
5
9
3
5
7
3
5
8
8
4
6
13
7
10
11
6
3
0
-1
1
0
-3
-1
-3
0
-3
-7
-13
-12
-7
-8
-9
-9
-8
-8
-3
-6
-4
-2
-2
-2
-4
-1
-3
-4
-2
-5
0
-6
-9
-7
-9
-10
-12
-6
-10
-6
-8
1
-1
-1
3
2
9
0
2
0
2
3
6
4
2
7
-1
1
-2
-9
-7
1
-4
-1
0
-4
-2
1
-2
4
3
7
0
1
8
3
11
3
1
7
-1
-1
-7
-9
-7
-11
-9
-3
-4
-7
-2
-2
1
5
7
1
1
3
-1
-2
1
-1
0
-6
0
-2
-4
-5
1
-4
-3
-3
-7
-4
-4
0
0
2
-1
-2
-3
-7
-2
-1
-3
-1
-3
4
1
4
2
2
5
6
8
5
6
9
7
10
6
6
9
5
6
8
9
5
4
4
7
9
7
10
4
4
6
8
-2
2
6
7
10
4
12
13
11
3
9
7
4
3
4
-1
2
-4
-3
-5
-3
0
-7
-6
-7
-4
-4
-5
-6
-5
-6
-9
-9
-8
-6
-11
-10
-7
-7
-10
-5
-4
1
-3
1
4
6
8
7
6
7
11
6
5
2
7
9
5
5
4
4
0
0
1
4
1
-4
2
0
-2
-1
-2
-3
-4
-4
-5
-5
-8
-6
-7
-11
-11
-11
-8
-11
-12
-12
-13
-6
-7
-7
-10
-14
-4
-6
-7
-7
-5
-6
-10
-7
-6
-1
-6
-4
0
-6
-9
1
-5
1
4
-4
1
1
3
9
10
7
8
10
10
10
8
5
4
5
7
2
8
7
6
5
1
3
2
10
0
12
7
10
10
7
6
5
4
8
8
5
-1
-3
0
-1
-1
-11
0
-6
-6
-4
-1
1
-4
-4
-8
-4
-5
-11
-11
-7
-8
-5
-7
-2
-5
-4
-5
-5
-7
-9
-4
-7
-5
-3
-1
0
-4
-2
-2
1
-3
6
2
6
9
7
10
3
6
3
3
2
4
6
2
4
6
5
8
5
7
10
4
7
-1
6
8
0
10
2
3
7
3
0
2
2
-2
2
0
0
-1
2
-5
-7
0
-2
-5
-1
-2
-4
-3
-5
-6
-7
-4
-7
1
-8
0
-4
-6
2
-2
0
1
1
0
1
2
5
-1
-4
-1
-4
0
-3
-3
-5
-8
-6
-3
-1
-4
0
7
2
-5
-3
0
-2
1
-3
1
0
-2
-3
1
-3
-4
-1
-2
-2
-1
-1
-3
-1
-1
3
-1
1
1
3
-3
1
-1
-1
2
1
0
-2
-2
-2
-1
0
1
2
2
-1
1
3
2
6
3
3
3
5
10
7
10
7
6
5
7
1
2
5
1
1
-3
-2
-3
0
4
9
6
4
9
0
6
9
3
5
1
5
2
-1
-1
-2
3
1
0
3
-1
3
-3
6
3
3
2
1
0
-1
-2
-3
-4
-1
-5
-4
7
-2
-2
-2
1
3
4
3
0
3
3
7
5
3
9
2
6
3
5
-1
4
4
-2
-2
-7
-2
-6
-1
-4
-5
-10
-7
-9
-12
-7
-9
-4
-4
-7
-8
-15
-9
-8
-10
-8
-6
-8
-7
-1
-2
-3
-3
-6
-9
-7
-11
-1
-5
1
-2
-8
-1
-6
1
0
1
2
-2
1
-3
-1
-3
-10
-4
-8
-6
-5
-5
2
0
1
4
3
1
0
1
3
5
-1
3
5
5
7
10
9
6
10
11
15
14
11
14
11
18
23
16
16
12
11
5
7
6
6
2
3
1
2
7
1
2
4
0
-3
-3
-6
-8
-7
-6
-10
-9
-9
-2
-6
-10
-2
-7
-4
-7
-6
-8
-11
-11
-12
-7
-13
-7
-11
-13
-7
-11
-12
-6
-8
-6
-8
-9
-10
-11
-12
-8
-2
1
5
1
0
2
0
5
4
2
5
5
6
3
7
4
3
0
4
1
6
4
1
4
2
7
-3
4
6
0
4
8
1
2
1
4
3
5
4
9
5
6
6
6
6
2
10
3
1
1
-3
2
2
4
-3
-6
-7
-7
-5
-2
-2
-1
4
0
-1
-4
-3
-4
3
1
-2
-2
0
-3
0
-3
-5
-8
-10
-2
-5
-4
-5
1
0
-3
-2
0
-1
-4
1
-1
2
3
6
2
-3
-3
-11
-5
1
-6
-1
-8
-4
-3
-4
0
-1
4
1
4
7
8
6
12
8
4
1
10
10
7
12
7
12
9
10
13
12
12
10
10
8
6
8
6
6
1
12
9
10
10
11
12
12
11
4
9
-1
8
-5
-1
2
-5
-1
-9
-2
-6
0
0
-5
-1
-2
-1
-11
-5
-5
-4
-3
-7
0
2
-1
4
-5
-8
-8
-2
-8
-6
-6
-9
-5
-6
-6
-11
-8
-2
-9
-6
-4
-4
-4
-9
-5
-8
-12
-17
-15
-16
-15
-18
-16
-15
-15
-17
-11
-13
-15
-9
-13
-7
-10
-5
-3
-3
-1
-2
-1
-2
-4
-1
0
1
3
1
10
3
12
14
13
14
13
20
11
15
18
14
13
9
12
9
13
12
10
7
6
7
6
6
8
6
7
9
9
10
8
11
10
14
11
9
10
6
8
1
4
-1
-3
-6
-8
-8
-4
-3
-5
-7
-9
-6
-8
-7
-7
-3
-3
1
-5
-5
-3
-9
1
-5
-3
-3
-5
-2
-10
-4
-13
-8
-13
-14
-9
-9
-9
-10
-8
-9
-3
-10
-6
-5
-9
-6
-7
-6
-8
-4
-9
-6
-4
-7
-3
-2
1
-1
0
2
2
4
4
-1
2
1
-1
-2
1
-2
1
0
-1
2
-1
3
2
6
6
4
0
6
1
1
3
1
6
8
4
4
1
2
5
5
3
4
7
1
5
6
7
8
6
11
5
2
4
5
4
10
7
3
0
1
2
2
1
0
1
0
1
0
2
3
4
2
4
0
4
6
2
5
-3
0
1
0
2
1
5
2
1
-3
-4
-5
-2
-2
0
3
4
3
3
1
2
2
1
1
-2
0
-7
-1
-8
-7
-7
-5
-15
-10
-6
-9
-6
-6
-5
1
-2
-6
0
-1
5
2
2
2
2
-3
-2
1
-2
3
4
9
1
4
6
2
4
2
3
3
11
11
10
6
7
8
10
9
11
9
8
6
10
8
4
8
1
1
4
0
-2
-2
-3
-2
-7
-5
-6
-8
0
-2
-4
-5
-6
-6
-8
-4
-2
-4
-5
-8
-11
-11
-6
-10
-6
-9
-5
-5
-2
-3
-2
2
-1
3
-2
5
-1
-5
2
0
1
6
4
3
6
0
3
1
-4
-1
-4
-3
-1
-5
-3
-2
-4
-3
0
2
-1
3
0
6
4
1
5
1
8
0
0
0
-4
-4
-7
-5
-4
-6
4
-1
4
3
0
11
10
14
14
8
14
8
7
4
4
8
3
1
-1
0
-2
-2
-5
-1
-5
-4
-4
-5
1
-1
-1
-5
-3
-5
-5
-2
-3
-4
1
-2
2
-2
-2
-3
-1
-2
-5
3
-5
0
-6
-5
0
-2
-1
-3
-2
-2
-4
-8
-7
-6
-9
-9
-4
-7
-7
-9
-7
-7
-9
-12
-10
-11
-11
-14
-7
-5
-5
-4
-3
-3
-1
4
-3
-7
-8
-8
-7
-5
-8
-8
-2
-5
-5
-6
-6
0
0
3
7
11
9
9
19
12
15
9
10
15
7
14
8
13
9
9
6
9
9
9
13
13
7
8
7
6
11
5
7
5
10
9
2
5
1
0
4
1
1
1
-4
-4
-11
-3
-8
-11
-7
-9
-5
-8
-3
-7
-2
1
-3
-1
-6
-1
-3
0
0
0
-1
-5
-1
-4
-6
-10
-4
-5
0
-3
6
3
6
6
3
5
2
5
2
4
6
3
8
10
11
9
5
11
6
6
2
4
4
6
10
1
8
4
1
3
0
4
3
-1
3
4
0
6
1
5
7
0
-4
-3
-5
-5
-3
-4
-5
-5
-7
-6
-4
-2
3
0
6
2
3
5
3
3
-1
2
4
3
-5
3
1
4
6
4
8
3
4
5
6
4
6
7
2
6
4
1
-2
1
1
-3
-2
-4
-3
-2
-7
-13
-10
-12
-8
-9
-8
-6
-6
-7
-4
-10
-5
-10
-10
-7
-9
-6
-11
-6
-8
-11
-9
-5
-9
-3
-7
-3
-8
-8
-6
-3
-4
-5
-3
-2
-1
-3
1
0
0
0
0
5
0
2
0
0
1
-5
0
-2
-4
-3
-3
-4
-2
-5
-3
-4
-3
-2
2
2
6
0
1
0
1
3
0
2
7
7
2
5
5
15
11
8
14
7
9
12
3
6
-1
5
-1
0
6
1
3
-4
-2
1
-1
-4
1
-2
-2
-2
-2
-1
-3
-6
1
0
-4
-1
-10
-3
-11
-7
-6
-8
0
-9
-1
-8
-7
-2
-10
1
-5
1
-2
-7
-3
-3
-4
-2
0
1
6
2
-1
3
0
-2
-1
-4
-3
-5
-4
-5
2
-3
-6
-1
0
5
1
4
5
4
4
5
5
5
4
5
4
5
6
1
4
2
6
6
4
9
4
12
5
11
6
7
8
9
6
6
8
2
3
2
-1
0
-3
-3
-1
-6
0
-4
0
1
-3
-3
-3
-3
-1
4
6
15
20
21
27
26
32
28
26
18
4
0
-18
-26
-39
-47
-56
-68
-66
-67
-57
-55
-56
-42
-31
-21
-13
-3
5
10
10
17
17
19
20
17
16
20
22
26
29
28
33
30
38
35
34
33
26
26
24
18
18
19
19
16
20
27
31
37
38
45
43
46
42
45
42
37
34
25
21
14
8
0
-7
-4
-9
-15
-18
-29
-30
-34
-37
-36
-46
-48
-49
-50
-53
-53
-49
-50
-48
-43
-35
-32
-23
-16
-10
4
0
4
2
4
6
-4
-2
-10
-11
-14
-19
-20
-20
-21
-20
-18
-14
-12
-12
-5
-9
-3
-2
2
3
9
10
8
10
9
12
7
13
17
12
12
8
8
6
1
2
0
-5
-2
-4
-8
-8
-12
-13
-9
-11
-7
-6
-3
-3
-1
-3
-1
2
-1
0
3
7
2
6
0
2
4
3
2
2
3
0
-1
-8
-3
-6
-5
0
-2
-2
2
0
6
13
7
12
7
13
13
14
14
13
16
16
12
14
16
10
13
11
9
9
5
6
1
-4
-6
-8
-8
-9
-2
-1
5
4
10
21
22
32
33
41
41
41
43
41
39
38
33
29
29
29
28
26
28
27
23
14
10
1
-7
-14
-21
-36
-48
-59
-69
-74
-79
-84
-82
-79
-77
-70
-67
-57
-57
-58
-56
-55
-57
-54
-58
-60
-62
-65
-64
-69
-70
-75
-77
-68
-57
-57
-51
-47
-37
-26
-17
-7
8
16
29
42
52
66
71
84
91
102
127
161
211
269
322
358
392
430
464
477
449
396
341
277
176
56
-56
-156
-250
-361
-452
-490
-474
-453
-427
-389
-333
-253
-175
-105
-35
19
48
68
88
103
97
91
96
99
95
77
81
112
121
85
26
-26
-70
-142
-246
-354
-446
-531
-615
-661
-665
-625
-564
-480
-365
-216
-41
132
317
467
579
654
713
767
775
726
637
556
475
361
253
171
96
27
-73
-151
-198
-232
-281
-350
-407
-449
-476
-501
-499
-487
-469
-425
-337
-213
-68
96
267
439
589
708
814
881
918
887
786
662
525
378
212
48
-105
-244
-356
-449
-502
-520
-506
-478
-456
-437
-406
-371
-344
-326
-307
-304
-300
-273
-217
-170
-113
-31
47
130
201
286
340
366
347
296
234
168
61
-44
-149
-259
-343
-399
-423
-413
-364
-312
-224
-122
-14
97
202
291
354
398
404
414
420
399
371
320
287
252
223
194
175
158
131
107
80
50
14
-24
-94
-177
-236
-294
-335
-358
-356
-324
-276
-216
-131
-22
82
180
257
302
326
321
281
231
153
55
-65
-180
-277
-361
-396
-432
-441
-432
-396
-345
-286
-217
-170
-134
-97
-75
-67
-63
-66
-71
-76
-76
-61
-22
34
98
160
211
262
317
356
381
371
353
317
278
249
209
165
113
64
25
-12
-46
-83
-114
-143
-198
-251
-290
-316
-350
-386
-413
-421
-407
-377
-326
-266
-199
-142
-83
-31
-1
13
0
-15
-47
-74
-94
-114
-120
-121
-101
-69
-8
70
144
221
283
338
367
402
456
528
644
801
1002
1178
1300
1400
1544
1681
1703
1564
1350
1106
827
441
-33
-448
-810
-1174
-1555
-1841
-1930
-1867
-1771
-1660
-1476
-1179
-870
-590
-321
-79
109
197
244
292
315
286
229
178
142
80
22
68
164
185
102
13
-11
-37
-161
-363
-566
-719
-886
-1069
-1183
-1208
-1150
-1077
-952
-743
-461
-118
230
595
886
1102
1281
1447
1592
1603
1490
1339
1186
994
746
484
314
144
-53
-260
-401
-432
-456
-522
-621
-692
-730
-744
-772
-764
-744
-722
-673
-571
-395
-200
33
281
554
781
969
1158
1326
1442
1428
1322
1177
1034
838
585
312
43
-207
-413
-595
-730
-838
-921
-977
-1011
-1010
-958
-877
-802
-734
-680
-604
-486
-347
-191
-80
36
190
319
417
499
573
597
571
505
414
324
227
88
-59
-196
-316
-394
-448
-450
-452
-434
-362
-275
-163
-65
27
138
214
267
301
345
398
449
446
436
426
430
433
416
414
435
569
744
900
958
960
990
1033
1023
857
576
273
-5
-334
-768
-1169
-1444
-1625
-1842
-2054
-2099
-1918
-1650
-1402
-1194
-931
-597
-297
-53
158
339
426
447
451
461
453
406
389
406
388
339
333
429
503
434
278
180
118
33
-163
-402
-575
-714
-844
-962
-987
-917
-793
-630
-424
-181
119
434
762
1037
1204
1302
1392
1466
1443
1307
1115
964
813
625
408
256
184
107
-8
-130
-164
-133
-154
-215
-317
-409
-493
-594
-690
-748
-812
-861
-851
-803
-715
-587
-405
-171
53
228
398
560
701
761
716
605
474
337
128
-108
-321
-504
-649
-753
-810
-799
-713
-607
-492
-343
-185
-15
153
276
364
389
414
439
452
409
374
385
389
427
497
661
911
1176
1406
1572
1703
1821
1878
1811
1608
1279
863
385
-141
-695
-1208
-1656
-2026
-2341
-2562
-2612
-2491
-2243
-1953
-1644
-1308
-934
-550
-213
50
230
340
410
419
421
391
363
350
332
315
339
389
460
516
482
402
300
208
32
-208
-483
-755
-1010
-1231
-1373
-1433
-1394
-1277
-1098
-840
-516
-136
287
690
1021
1276
1463
1614
1699
1676
1580
1406
1212
996
762
553
392
269
129
0
-102
-143
-163
-212
-308
-411
-499
-561
-633
-669
-670
-645
-588
-505
-340
-144
74
316
517
676
799
873
917
899
795
621
406
169
-60
-286
-491
-684
-846
-964
-1050
-1061
-1031
-995
-923
-842
-744
-624
-501
-359
-234
-125
-31
60
184
296
416
502
579
644
695
755
784
781
755
713
674
657
661
711
810
937
1044
1139
1229
1315
1364
1321
1182
988
723
386
14
-390
-784
-1169
-1511
-1809
-1997
-2052
-2007
-1911
-1738
-1498
-1234
-945
-647
-357
-130
34
129
186
224
230
204
189
165
123
94
91
118
174
193
169
151
112
40
-48
-185
-349
-540
-740
-909
-1042
-1128
-1164
-1132
-1037
-865
-651
-374
-57
272
555
835
1095
1318
1469
1537
1554
1511
1424
1273
1109
935
756
563
378
179
17
-114
-235
-337
-417
-489
-540
-551
-550
-507
-454
-393
-315
-223
-93
46
182
300
415
505
581
620
620
608
555
482
394
274
134
-10
-166
-320
-470
-613
-748
-835
-906
-926
-945
-954
-908
-861
-780
-670
-574
-442
-300
-162
-13
135
282
406
514
613
663
706
734
738
739
719
708
711
726
786
896
1048
1202
1311
1419
1509
1521
1445
1304
1082
807
434
0
-436
-853
-1240
-1624
-1921
-2098
-2138
-2103
-2001
-1798
-1533
-1239
-945
-667
-398
-158
9
109
168
180
150
95
49
-5
-46
-94
-120
-77
-21
13
5
29
25
-26
-134
-282
-421
-570
-750
-918
-1018
-1073
-1043
-972
-843
-631
-365
-39
319
670
1009
1308
1535
1729
1833
1852
1801
1680
1519
1305
1050
807
581
369
166
-43
-185
-281
-357
-427
-489
-535
-578
-618
-652
-613
-486
-348
-217
-156
-66
101
291
441
489
482
501
490
402
279
157
19
-145
-341
-536
-645
-705
-741
-781
-845
-876
-859
-819
-761
-752
-724
-687
-604
-490
-386
-256
-100
80
228
394
576
772
947
1031
1040
1046
1053
1064
1013
919
835
778
783
848
910
982
1104
1225
1302
1304
1245
1179
1084
862
474
23
-393
-752
-1106
-1523
-1858
-2049
-2118
-2117
-2059
-1871
-1570
-1253
-975
-699
-413
-130
100
243
301
284
229
180
136
93
4
-82
-88
-71
-50
-63
-44
12
43
-33
-179
-271
-353
-482
-675
-892
-1044
-1118
-1126
-1101
-1033
-878
-671
-389
-75
247
580
904
1207
1442
1558
1618
1665
1636
1542
1336
1083
883
675
458
214
10
-128
-256
-355
-449
-492
-492
-503
-512
-501
-442
-288
-100
65
132
215
367
550
727
798
793
789
755
657
531
391
246
50
-197
-445
-621
-735
-825
-929
-1050
-1143
-1198
-1175
-1106
-1070
-1018
-961
-867
-758
-625
-451
-253
-29
127
256
430
656
853
951
980
995
1035
1077
1089
1053
1010
977
992
1031
1117
1186
1256
1353
1392
1330
1204
1094
977
790
423
-27
-410
-738
-1061
-1434
-1780
-1963
-2009
-2018
-1990
-1838
-1562
-1233
-933
-684
-404
-112
141
291
373
378
345
288
223
132
-6
-124
-217
-279
-319
-372
-414
-393
-366
-407
-492
-542
-578
-612
-687
-807
-898
-892
-842
-811
-742
-610
-406
-166
101
372
655
937
1201
1419
1574
1641
1684
1704
1628
1466
1230
998
806
576
314
73
-120
-249
-387
-509
-592
-598
-579
-574
-543
-414
-222
-9
157
260
390
572
752
851
839
772
719
620
470
273
62
-147
-342
-556
-743
-860
-904
-918
-983
-1042
-1071
-1060
-980
-944
-914
-896
-845
-768
-671
-540
-410
-229
-49
142
316
516
733
908
1033
1101
1137
1185
1241
1215
1138
1024
963
973
1009
1038
1037
1103
1175
1239
1204
1094
983
874
677
318
-106
-496
-809
-1130
-1500
-1837
-2030
-2072
-2056
-2000
-1859
-1581
-1237
-923
-634
-354
-71
179
330
397
423
388
352
302
209
81
-54
-134
-154
-187
-254
-295
-295
-271
-325
-416
-491
-541
-585
-708
-840
-932
-971
-952
-908
-833
-705
-506
-246
38
328
623
910
1182
1405
1556
1626
1640
1636
1551
1383
1144
939
763
551
301
64
-107
-209
-324
-439
-501
-543
-534
-516
-460
-344
-178
2
74
179
350
538
700
742
731
713
685
628
516
365
188
25
-175
-352
-473
-592
-671
-775
-861
-922
-948
-896
-849
-828
-806
-806
-768
-654
-562
-467
-364
-261
-146
-24
101
251
387
488
562
620
693
774
855
874
870
864
928
1018
1151
1258
1322
1370
1412
1429
1372
1269
1113
907
595
188
-218
-589
-915
-1278
-1629
-1908
-2059
-2077
-2031
-1937
-1746
-1494
-1226
-930
-653
-359
-100
105
227
293
332
349
369
345
267
171
97
64
54
11
-49
-113
-167
-218
-316
-423
-524
-627
-760
-931
-1064
-1127
-1123
-1088
-1015
-906
-734
-500
-204
127
454
771
1079
1365
1584
1735
1816
1862
1828
1727
1547
1339
1134
905
653
374
119
-70
-235
-405
-556
-649
-678
-647
-600
-529
-467
-383
-247
-122
-14
83
189
294
356
370
402
450
498
491
435
376
325
264
167
27
-127
-252
-409
-577
-736
-881
-1004
-1076
-1124
-1135
-1112
-1041
-909
-759
-617
-459
-284
-73
102
236
358
451
551
607
654
709
754
809
835
872
953
1062
1229
1392
1527
1626
1670
1682
1656
1556
1351
1066
704
271
-175
-629
-1056
-1427
-1768
-2048
-2217
-2271
-2200
-2048
-1812
-1545
-1244
-935
-622
-323
-71
108
246
332
367
356
332
338
300
249
189
160
163
171
140
71
-11
-110
-234
-399
-563
-736
-941
-1136
-1298
-1395
-1424
-1387
-1296
-1136
-923
-640
-291
87
468
820
1126
1395
1612
1775
1885
1905
1855
1718
1517
1301
1097
895
692
469
242
45
-127
-266
-377
-449
-475
-470
-463
-488
-501
-440
-354
-268
-227
-205
-120
-3
91
165
251
364
466
517
540
569
596
555
452
279
90
-89
-303
-515
-738
-954
-1115
-1197
-1224
-1203
-1150
-1031
-864
-680
-482
-303
-68
152
293
395
461
543
598
637
648
662
691
732
767
852
1019
1227
1440
1619
1778
1855
1871
1837
1759
1551
1208
745
254
-227
-736
-1241
-1679
-2028
-2304
-2496
-2580
-2488
-2242
-1934
-1627
-1307
-961
-590
-254
0
194
315
361
367
337
313
302
274
245
220
226
262
327
385
388
309
190
53
-103
-291
-561
-872
-1157
-1405
-1590
-1700
-1723
-1628
-1462
-1255
-964
-594
-158
323
747
1109
1415
1646
1839
1944
1952
1873
1713
1498
1267
1035
822
619
437
264
77
-64
-176
-214
-191
-185
-188
-239
-313
-333
-321
-316
-369
-452
-475
-439
-378
-292
-155
24
213
361
524
714
911
1014
1006
902
749
574
332
56
-280
-614
-912
-1134
-1267
-1348
-1359
-1296
-1160
-981
-773
-509
-228
32
204
289
373
448
507
527
498
487
475
494
530
656
843
1089
1376
1618
1813
1932
1995
2027
1961
1718
1302
784
249
-290
-866
-1443
-1949
-2339
-2616
-2817
-2849
-2690
-2351
-1966
-1596
-1216
-788
-300
106
367
528
630
664
649
590
488
407
323
261
234
236
305
403
495
520
468
369
245
95
-151
-470
-841
-1196
-1505
-1780
-1983
-2084
-2062
-1920
-1703
-1392
-958
-434
123
640
1093
1468
1793
2048
2179
2187
2084
1899
1672
1403
1123
843
604
390
202
26
-84
-133
-116
-34
5
5
-69
-165
-205
-268
-374
-552
-729
-814
-851
-832
-756
-577
-342
-113
137
433
794
1114
1300
1369
1323
1226
1034
759
422
11
-403
-789
-1093
-1310
-1457
-1487
-1417
-1278
-1109
-878
-557
-220
76
249
375
478
542
587
567
521
486
476
468
511
643
859
1189
1522
1795
1977
2066
2150
2172
2040
1690
1195
642
49
-579
-1250
-1856
-2353
-2742
-3026
-3179
-3114
-2828
-2431
-2014
-1606
-1163
-636
-126
266
518
665
731
725
685
585
482
416
352
297
259
275
378
509
597
593
538
444
332
148
-134
-511
-911
-1245
-1561
-1834
-2035
-2119
-2058
-1881
-1645
-1286
-822
-231
358
878
1324
1725
2059
2248
2325
2249
2079
1836
1535
1243
952
644
399
173
-46
-228
-312
-292
-206
-133
-114
-142
-215
-229
-272
-381
-569
-775
-924
-1029
-1093
-1070
-923
-702
-412
-137
192
630
1024
1334
1516
1577
1588
1527
1344
1047
667
231
-164
-541
-868
-1093
-1239
-1252
-1227
-1140
-977
-715
-381
-90
97
201
316
408
460
464
405
349
292
275
323
438
683
988
1321
1587
1780
1944
2097
2188
2078
1766
1294
743
159
-481
-1171
-1817
-2390
-2816
-3133
-3301
-3232
-2958
-2536
-2101
-1641
-1138
-581
-21
437
737
896
977
972
910
786
642
514
404
302
221
219
314
454
539
535
468
408
347
207
-100
-498
-912
-1258
-1547
-1793
-1958
-2080
-2110
-2088
-1925
-1514
-959
-333
253
763
1201
1543
1889
2150
2233
2239
2141
1951
1702
1383
1040
706
408
200
-10
-186
-266
-210
-133
-103
-120
-194
-188
-183
-249
-394
-619
-799
-951
-1071
-1140
-1126
-968
-774
-540
-280
82
530
949
1277
1442
1526
1524
1479
1320
1030
668
281
-82
-406
-689
-891
-988
-1005
-981
-916
-776
-529
-242
-45
70
167
284
411
483
495
456
403
402
428
501
659
929
1249
1516
1697
1808
1968
2127
2105
1864
1408
905
377
-223
-894
-1583
-2161
-2634
-3038
-3333
-3415
-3206
-2842
-2433
-2015
-1544
-959
-358
181
587
832
965
1034
1041
978
849
708
563
433
306
217
227
336
453
451
377
300
258
186
-30
-353
-743
-1094
-1430
-1753
-1997
-2151
-2153
-2067
-1886
-1582
-1135
-567
51
592
1069
1498
1883
2232
2416
2437
2307
2123
1914
1639
1307
907
559
202
-85
-222
-331
-351
-271
-149
-84
-177
-226
-183
-188
-232
-408
-652
-864
-1030
-1143
-1203
-1149
-947
-717
-494
-219
154
573
968
1220
1326
1371
1333
1227
1050
764
419
57
-290
-575
-772
-867
-871
-826
-725
-591
-377
-91
180
366
444
507
586
654
674
638
538
471
434
498
639
885
1203
1460
1636
1732
1837
1949
1948
1720
1289
736
168
-440
-1107
-1749
-2334
-2825
-3217
-3494
-3572
-3364
-3003
-2572
-2106
-1598
-1017
-417
157
618
915
1063
1112
1117
1070
963
816
664
523
382
339
369
445
538
569
503
421
403
375
213
-86
-463
-849
-1224
-1595
-1843
-2027
-2102
-2089
-1966
-1691
-1241
-711
-135
416
893
1322
1719
2057
2288
2349
2254
2059
1812
1514
1170
835
509
204
-87
-343
-482
-446
-293
-159
-102
-128
-149
-86
-56
-148
-396
-685
-897
-1062
-1211
-1268
-1219
-1040
-823
-603
-263
191
671
1061
1302
1413
1447
1409
1293
1068
709
297
-111
-449
-700
-882
-949
-915
-822
-690
-494
-205
148
425
572
647
728
815
875
835
717
592
493
511
624
878
1198
1485
1693
1808
1948
2125
2198
2043
1612
1071
469
-189
-894
-1619
-2261
-2842
-3366
-3755
-3911
-3737
-3394
-2976
-2499
-1960
-1338
-705
-53
509
900
1080
1130
1151
1134
1076
924
711
505
323
202
200
307
456
537
507
476
515
518
402
121
-246
-619
-989
-1341
-1627
-1833
-1949
-2018
-1974
-1743
-1387
-882
-323
213
718
1155
1553
1924
2211
2318
2247
2028
1764
1451
1093
749
436
141
-159
-410
-541
-493
-292
-107
-15
-50
-85
-5
47
-11
-271
-606
-862
-1071
-1272
-1367
-1333
-1169
-941
-728
-371
135
692
1165
1456
1576
1615
1588
1490
1279
924
471
16
-384
-694
-907
-1016
-989
-895
-774
-561
-301
87
428
608
714
783
866
938
918
813
659
524
529
626
880
1202
1489
1664
1777
1980
2186
2261
2087
1659
1116
502
-183
-907
-1642
-2325
-3004
-3598
-3975
-4016
-3805
-3489
-3096
-2635
-2018
-1296
-600
40
591
975
1193
1221
1222
1182
1071
867
596
374
191
79
78
212
343
367
324
343
422
427
278
4
-313
-662
-1045
-1391
-1641
-1788
-1897
-1936
-1842
-1559
-1086
-526
66
619
1085
1505
1882
2222
2435
2431
2249
1958
1634
1263
881
531
195
-131
-453
-665
-738
-583
-345
-155
-86
-139
-110
-8
24
-101
-404
-707
-952
-1188
-1374
-1432
-1300
-1113
-926
-706
-323
209
747
1145
1375
1511
1559
1532
1402
1150
767
311
-127
-477
-725
-861
-882
-802
-715
-593
-380
-53
347
624
774
855
941
1058
1127
1086
959
800
698
704
862
1155
1451
1652
1745
1857
2051
2221
2207
1933
1463
895
247
-478
-1224
-1914
-2578
-3238
-3828
-4161
-4135
-3877
-3533
-3139
-2648
-2029
-1346
-645
48
605
959
1120
1186
1240
1242
1119
909
663
415
241
149
169
266
322
285
260
292
346
284
84
-204
-555
-918
-1281
-1587
-1767
-1843
-1846
-1761
-1576
-1222
-726
-135
452
1003
1501
1958
2340
2609
2714
2603
2349
1980
1587
1181
773
381
20
-327
-621
-802
-791
-604
-431
-327
-372
-346
-242
-163
-210
-475
-748
-1015
-1258
-1459
-1534
-1487
-1340
-1173
-953
-536
-15
567
1074
1360
1511
1549
1571
1491
1234
908
492
53
-342
-663
-813
-835
-815
-754
-659
-465
-132
307
687
915
1047
1138
1218
1270
1238
1128
997
864
839
952
1174
1471
1702
1820
1920
2065
2227
2225
1970
1551
1002
351
-400
-1153
-1823
-2481
-3151
-3777
-4164
-4200
-3985
-3656
-3263
-2761
-2175
-1522
-876
-225
379
773
1008
1108
1165
1186
1101
953
755
534
343
235
273
382
449
416
351
345
360
287
122
-145
-481
-887
-1290
-1609
-1839
-1941
-1979
-1970
-1798
-1443
-901
-274
343
903
1398
1850
2250
2576
2740
2730
2554
2244
1881
1477
1045
623
206
-173
-532
-781
-834
-689
-493
-361
-366
-388
-308
-241
-265
-443
-691
-932
-1193
-1419
-1544
-1532
-1401
-1250
-1064
-746
-293
272
794
1143
1331
1411
1403
1312
1118
818
431
8
-413
-753
-977
-1055
-1012
-930
-799
-578
-227
201
605
915
1137
1303
1463
1599
1605
1507
1330
1168
1117
1181
1370
1602
1773
1856
1932
2095
2227
2238
2028
1607
1119
554
-117
-868
-1583
-2204
-2845
-3443
-3886
-4030
-3894
-3632
-3305
-2872
-2311
-1687
-1041
-410
165
573
798
921
968
984
906
749
559
359
160
30
36
140
210
193
146
184
258
240
107
-154
-430
-777
-1153
-1503
-1746
-1866
-1947
-1955
-1854
-1547
-1068
-491
101
677
1227
1723
2177
2552
2801
2831
2693
2438
2108
1729
1325
907
496
107
-255
-532
-655
-564
-409
-276
-236
-251
-179
-101
-101
-249
-498
-744
-987
-1234
-1414
-1466
-1428
-1319
-1174
-940
-563
-94
388
769
991
1106
1151
1134
1016
755
420
26
-380
-713
-969
-1095
-1087
-1025
-912
-741
-490
-113
276
619
861
1067
1274
1468
1594
1573
1446
1291
1227
1276
1433
1705
1937
2015
2118
2239
2353
2366
2204
1806
1338
842
189
-540
-1270
-1956
-2595
-3184
-3661
-3849
-3789
-3582
-3308
-2977
-2517
-1935
-1305
-693
-97
373
677
849
920
945
898
736
549
354
169
34
-1
92
185
195
153
148
214
223
93
-175
-484
-839
-1228
-1582
-1819
-1937
-1999
-1993
-1867
-1551
-1090
-522
55
597
1128
1600
2061
2453
2716
2813
2711
2483
2158
1820
1459
1070
698
346
4
-257
-378
-321
-167
-47
-79
-137
-116
-43
-68
-242
-535
-807
-1055
-1306
-1464
-1500
-1398
-1264
-1113
-874
-477
22
509
848
1047
1117
1085
1038
889
595
195
-240
-640
-979
-1246
-1368
-1343
-1235
-1097
-918
-596
-188
224
545
743
888
1028
1159
1226
1199
1099
995
961
1043
1234
1539
1866
2130
2251
2383
2591
2765
2741
2427
1950
1378
713
-43
-841
-1564
-2213
-2899
-3497
-3845
-3868
-3660
-3344
-2986
-2520
-1959
-1364
-739
-133
367
640
733
733
748
712
584
416
232
66
-94
-145
-16
174
303
306
290
329
358
286
71
-255
-651
-1106
-1547
-1890
-2121
-2229
-2287
-2236
-2039
-1641
-1075
-416
262
862
1412
1910
2347
2667
2827
2803
2586
2255
1887
1508
1109
741
396
61
-202
-378
-379
-216
-12
136
154
116
135
138
52
-147
-461
-785
-1086
-1356
-1507
-1503
-1393
-1223
-1002
-681
-230
279
759
1103
1273
1347
1313
1194
969
639
193
-293
-744
-1125
-1363
-1467
-1437
-1320
-1154
-910
-573
-153
277
597
799
934
1042
1144
1146
1055
913
778
747
852
1091
1387
1685
1927
2122
2362
2604
2708
2604
2270
1809
1228
516
-270
-1029
-1725
-2431
-3115
-3624
-3816
-3726
-3497
-3177
-2756
-2208
-1561
-921
-280
281
680
908
963
959
912
802
593
346
112
-99
-226
-214
-77
72
157
210
279
369
383
241
-23
-360
-769
-1237
-1666
-1994
-2219
-2358
-2419
-2350
-2057
-1559
-946
-268
403
1040
1636
2151
2569
2842
2910
2815
2556
2196
1767
1313
880
469
110
-230
-484
-512
-362
-123
55
77
79
156
229
170
-70
-397
-697
-996
-1301
-1529
-1582
-1490
-1305
-1108
-774
-274
307
871
1294
1549
1673
1687
1604
1398
1047
577
43
-462
-925
-1286
-1485
-1534
-1472
-1367
-1169
-849
-417
22
370
607
785
946
1064
1085
984
841
695
632
671
866
1145
1434
1672
1847
2092
2405
2594
2539
2268
1876
1380
712
-43
-792
-1478
-2174
-2898
-3472
-3733
-3682
-3485
-3207
-2825
-2278
-1630
-982
-325
278
761
1008
1081
1096
1083
972
759
509
262
36
-152
-178
-64
84
153
180
257
369
402
286
59
-270
-646
-1088
-1561
-1912
-2166
-2354
-2466
-2476
-2266
-1827
-1250
-603
67
705
1312
1867
2358
2694
2843
2790
2590
2270
1868
1440
1006
582
177
-190
-474
-611
-536
-355
-154
-37
3
78
145
166
27
-245
-558
-861
-1166
-1418
-1552
-1536
-1435
-1269
-996
-589
-44
530
1043
1401
1629
1758
1769
1670
1429
1056
607
93
-376
-782
-1065
-1204
-1258
-1211
-1116
-893
-555
-162
204
478
685
833
972
1061
1044
924
764
657
654
773
992
1231
1430
1599
1820
2102
2315
2365
2209
1878
1433
858
157
-568
-1258
-1929
-2644
-3288
-3675
-3766
-3637
-3433
-3108
-2653
-2050
-1374
-693
-40
515
885
1081
1174
1202
1151
1022
817
560
319
97
-2
27
119
182
187
254
328
393
354
195
-56
-408
-812
-1252
-1620
-1903
-2122
-2284
-2351
-2230
-1923
-1436
-829
-205
414
1011
1569
2084
2483
2705
2753
2638
2368
2015
1601
1161
731
298
-100
-429
-624
-579
-401
-228
-153
-184
-114
11
77
-7
-249
-536
-842
-1195
-1492
-1613
-1559
-1439
-1325
-1135
-755
-214
375
872
1219
1452
1594
1658
1660
1530
1241
840
382
-83
-488
-768
-905
-940
-973
-920
-747
-441
-81
228
435
600
750
886
968
957
861
725
616
619
728
967
1267
1492
1644
1823
2093
2326
2376
2158
1793
1356
803
116
-620
-1292
-1921
-2604
-3252
-3670
-3777
-3665
-3466
-3185
-2752
-2193
-1593
-961
-314
249
625
834
955
1059
1092
998
827
646
451
228
135
243
432
590
684
691
636
588
551
406
67
-414
-990
-1489
-1720
-1824
-1977
-2171
-2321
-2291
-1953
-1431
-802
-159
363
874
1426
1940
2416
2731
2784
2641
2337
1990
1660
1298
936
541
133
-236
-488
-537
-446
-331
-274
-288
-290
-224
-230
-318
-547
-795
-1013
-1298
-1556
-1684
-1643
-1519
-1353
-1136
-763
-237
316
795
1111
1338
1498
1571
1532
1361
1084
716
321
-90
-441
-709
-883
-976
-1020
-975
-777
-355
204
624
811
894
878
890
981
1024
956
872
856
812
809
961
1255
1533
1681
1811
2014
2270
2394
2234
1862
1481
1050
421
-314
-1050
-1720
-2392
-3082
-3600
-3810
-3733
-3547
-3311
-2987
-2530
-1981
-1385
-716
-146
268
484
610
743
819
808
713
595
484
333
251
295
478
637
619
572
608
687
679
530
221
-156
-585
-1044
-1468
-1795
-2013
-2170
-2267
-2219
-1980
-1559
-990
-333
288
845
1378
1875
2348
2669
2783
2725
2552
2282
1945
1545
1145
785
413
50
-244
-365
-287
-142
-87
-155
-224
-214
-222
-330
-577
-892
-1173
-1499
-1794
-1985
-2010
-1893
-1720
-1488
-1160
-654
-85
467
908
1203
1394
1513
1539
1417
1177
830
447
44
-333
-631
-774
-789
-785
-722
-593
-360
-41
270
542
731
882
1040
1136
1179
1126
1042
962
938
1016
1217
1505
1740
1859
1988
2203
2402
2463
2266
1921
1502
961
295
-439
-1090
-1718
-2389
-3065
-3562
-3767
-3725
-3551
-3326
-2972
-2490
-1954
-1391
-805
-279
126
377
504
618
663
630
536
423
302
182
113
181
343
481
529
531
593
671
648
492
233
-87
-474
-914
-1339
-1657
-1873
-2044
-2129
-2106
-1887
-1468
-915
-318
277
829
1371
1889
2326
2610
2739
2689
2530
2280
1919
1568
1188
855
499
143
-155
-284
-224
-94
-16
-54
-100
-103
-133
-238
-450
-759
-1058
-1358
-1661
-1877
-1954
-1875
-1743
-1565
-1271
-810
-264
259
691
993
1216
1313
1324
1213
994
704
315
-73
-428
-719
-861
-916
-885
-817
-677
-422
-116
254
533
738
898
1015
1158
1206
1190
1088
998
961
1033
1227
1530
1822
1988
2128
2316
2534
2662
2567
2251
1828
1298
648
-114
-849
-1512
-2183
-2885
-3477
-3781
-3763
-3601
-3410
-3102
-2685
-2135
-1557
-980
-426
4
270
384
443
480
467
395
271
147
20
-63
-22
143
328
415
439
492
586
607
498
256
-56
-435
-858
-1285
-1624
-1851
-2016
-2114
-2111
-1927
-1554
-987
-382
214
805
1340
1842
2310
2634
2793
2779
2638
2386
2057
1699
1315
978
635
303
17
-79
5
141
201
104
29
41
-5
-177
-504
-874
-1173
-1507
-1829
-2059
-2098
-2001
-1813
-1621
-1289
-775
-196
370
780
1056
1240
1345
1341
1226
963
605
228
-152
-491
-781
-928
-938
-910
-837
-716
-446
-94
232
469
600
754
890
992
1010
936
841
792
852
1032
1302
1601
1880
2074
2279
2527
2767
2849
2657
2294
1826
1264
549
-219
-942
-1612
-2330
-3016
-3506
-3684
-3589
-3447
-3217
-2877
-2376
-1812
-1273
-715
-199
160
328
394
462
515
467
352
227
92
-37
-85
2
180
314
336
348
421
501
434
237
-24
-356
-770
-1259
-1651
-1928
-2097
-2238
-2316
-2214
-1905
-1424
-825
-190
426
1008
1542
2041
2459
2758
2865
2817
2624
2316
1984
1620
1289
947
602
282
40
-32
46
180
270
236
146
131
89
-38
-304
-656
-1019
-1363
-1692
-1907
-1946
-1886
-1747
-1570
-1276
-806
-249
279
667
923
1107
1180
1152
1037
800
456
50
-348
-678
-912
-1020
-1033
-965
-849
-688
-408
-64
293
542
702
823
927
1012
1018
942
832
734
724
825
1069
1424
1758
2002
2189
2429
2720
2888
2779
2454
2013
1470
780
5
-747
-1428
-2079
-2807
-3386
-3664
-3641
-3446
-3194
-2859
-2384
-1827
-1243
-678
-183
215
423
498
528
527
463
334
183
24
-139
-225
-162
34
241
322
311
380
483
508
357
84
-258
-650
-1126
-1614
-1958
-2198
-2326
-2418
-2386
-2157
-1716
-1117
-454
209
821
1396
1934
2404
2739
2901
2856
2693
2425
2107
1749
1375
1048
716
396
136
20
106
310
447
442
320
286
284
185
-84
-514
-912
-1250
-1591
-1888
-2007
-1941
-1787
-1620
-1398
-967
-388
182
626
877
1051
1118
1107
1006
761
411
-9
-414
-764
-1027
-1179
-1193
-1117
-1011
-858
-608
-234
194
494
678
796
891
994
1012
951
843
712
689
735
919
1221
1590
1905
2095
2312
2584
2853
2888
2616
2200
1686
1079
358
-444
-1154
-1801
-2477
-3128
-3528
-3584
-3401
-3150
-2872
-2448
-1916
-1354
-798
-256
238
520
591
574
576
549
417
242
78
-70
-196
-220
-65
176
318
340
362
458
523
436
198
-132
-518
-979
-1460
-1879
-2172
-2347
-2458
-2472
-2315
-1964
-1432
-800
-141
491
1064
1601
2080
2472
2717
2752
2627
2402
2087
1731
1393
1081
796
508
250
63
64
234
425
497
451
393
364
315
126
-212
-600
-943
-1301
-1616
-1837
-1883
-1760
-1614
-1408
-1092
-607
-53
453
793
1009
1130
1163
1069
876
608
222
-183
-582
-910
-1117
-1200
-1157
-1074
-937
-701
-401
-11
306
545
697
811
904
967
934
823
694
591
575
646
912
1277
1646
1900
2091
2348
2683
2921
2834
2491
2049
1535
882
81
-714
-1387
-2035
-2721
-3321
-3575
-3498
-3271
-3010
-2678
-2203
-1659
-1083
-528
-14
373
534
567
592
561
471
302
150
18
-127
-217
-168
72
297
406
419
462
561
588
441
141
-224
-646
-1129
-1597
-1994
-2237
-2399
-2489
-2457
-2245
-1806
-1228
-568
84
672
1220
1731
2177
2507
2647
2601
2444
2189
1867
1512
1182
876
600
337
96
12
139
384
570
563
437
394
401
289
-7
-424
-779
-1109
-1445
-1733
-1870
-1789
-1612
-1436
-1183
-748
-190
368
812
1072
1196
1275
1269
1116
864
513
114
-305
-647
-944
-1129
-1133
-1051
-948
-826
-601
-239
117
400
554
633
718
789
791
718
598
462
396
407
602
933
1339
1674
1901
2116
2427
2760
2857
2634
2215
1752
1174
441
-334
-1064
-1719
-2393
-3043
-3473
-3538
-3369
-3129
-2841
-2445
-1939
-1381
-814
-283
187
464
525
531
532
486
390
233
96
-40
-150
-173
0
257
444
492
496
593
679
646
409
73
-330
-787
-1287
-1747
-2045
-2253
-2370
-2435
-2326
-2000
-1498
-869
-221
405
962
1456
1921
2325
2555
2586
2478
2248
1955
1597
1250
955
694
433
197
31
47
230
428
555
533
474
444
377
204
-101
-483
-855
-1212
-1565
-1803
-1861
-1757
-1585
-1420
-1109
-638
-74
453
829
1063
1205
1272
1208
1052
778
436
37
-375
-711
-964
-1063
-1056
-978
-867
-684
-398
-43
281
522
657
731
768
760
741
662
524
368
266
266
455
832
1263
1619
1845
2081
2423
2755
2849
2640
2245
1784
1188
432
-387
-1121
-1752
-2408
-3068
-3544
-3641
-3443
-3175
-2848
-2458
-1938
-1365
-794
-236
198
443
527
529
482
409
284
149
42
-69
-152
-140
33
351
597
693
738
834
924
856
578
198
-224
-696
-1210
-1700
-2063
-2292
-2411
-2435
-2340
-2038
-1512
-872
-199
413
958
1477
1949
2322
2514
2533
2409
2168
1859
1489
1117
806
573
354
113
-40
1
215
471
579
539
475
431
354
135
-224
-619
-1003
-1396
-1753
-1993
-2014
-1861
-1642
-1412
-1068
-557
43
631
1041
1282
1404
1453
1396
1223
924
536
124
-297
-661
-923
-1015
-977
-873
-743
-554
-267
79
416
626
739
774
795
798
745
623
440
282
189
224
421
795
1236
1602
1840
2087
2446
2773
2891
2677
2257
1755
1122
363
-452
-1210
-1897
-2578
-3233
-3670
-3775
-3580
-3262
-2939
-2512
-1996
-1405
-800
-235
191
422
476
456
438
369
227
87
-29
-138
-207
-181
31
360
634
749
799
886
971
921
668
283
-159
-661
-1177
-1665
-2028
-2235
-2374
-2422
-2307
-1987
-1445
-808
-110
520
1052
1549
1981
2341
2529
2508
2333
2052
1730
1380
1030
722
474
247
-3
-147
-29
252
530
627
509
426
388
322
58
-371
-814
-1194
-1603
-1960
-2144
-2111
-1937
-1730
-1472
-1061
-456
206
785
1174
1398
1501
1544
1497
1304
965
536
120
-282
-618
-837
-889
-815
-712
-608
-429
-120
264
587
775
848
864
895
891
799
643
443
268
176
213
452
853
1294
1660
1867
2121
2488
2825
2899
2619
2169
1633
987
214
-619
-1360
-2057
-2771
-3434
-3823
-3849
-3629
-3307
-2977
-2551
-2022
-1435
-816
-245
169
358
394
384
355
275
133
7
-65
-149
-218
-169
115
473
712
821
881
997
1097
1003
720
339
-131
-656
-1187
-1681
-2004
-2219
-2363
-2374
-2233
-1860
-1295
-610
87
701
1230
1696
2137
2468
2603
2533
2278
2015
1701
1283
925
618
374
133
-92
-143
18
293
493
505
448
403
349
190
-136
-529
-941
-1395
-1831
-2147
-2285
-2237
-2057
-1813
-1471
-990
-381
286
855
1240
1442
1553
1582
1498
1268
907
516
99
-306
-623
-787
-807
-756
-654
-500
-243
107
463
724
894
973
1015
1013
954
831
648
478
328
278
403
715
1138
1503
1757
2004
2338
2702
2877
2737
2392
1924
1360
629
-209
-984
-1679
-2401
-3122
-3666
-3880
-3794
-3549
-3250
-2901
-2432
-1842
-1235
-642
-138
166
315
347
334
296
186
69
-39
-160
-259
-247
-67
245
547
691
780
907
1026
1023
834
505
75
-399
-923
-1428
-1807
-2039
-2186
-2277
-2243
-1972
-1484
-845
-181
448
1009
1497
1986
2378
2619
2642
2485
2235
1907
1520
1135
786
507
260
20
-65
54
300
473
454
404
398
354
164
-176
-575
-973
-1428
-1875
-2205
-2351
-2300
-2183
-1949
-1589
-1077
-458
187
732
1122
1358
1492
1574
1491
1231
871
493
101
-288
-637
-804
-811
-760
-695
-536
-255
106
458
696
833
962
1037
1065
1033
876
697
524
439
406
544
859
1252
1583
1793
2040
2406
2775
2912
2732
2365
1916
1354
611
-234
-1009
-1732
-2469
-3199
-3699
-3857
-3770
-3564
-3304
-2935
-2454
-1870
-1251
-646
-182
105
211
272
310
272
163
30
-67
-155
-245
-238
-24
295
533
674
751
889
1018
1005
810
442
37
-447
-962
-1423
-1793
-2034
-2207
-2263
-2168
-1870
-1348
-704
-35
547
1114
1624
2125
2521
2719
2717
2511
2241
1906
1527
1122
772
463
182
-38
-132
-20
211
404
429
345
346
354
211
-108
-530
-920
-1318
-1727
-2073
-2222
-2187
-2074
-1867
-1558
-1071
-485
123
643
1014
1239
1369
1431
1368
1119
750
358
-51
-428
-754
-954
-985
-932
-832
-662
-377
22
397
664
857
975
1070
1163
1140
1032
857
678
554
485
574
853
1231
1597
1814
2004
2321
2717
2951
2865
2496
2032
1525
845
52
-763
-1515
-2221
-2944
-3529
-3789
-3733
-3507
-3265
-2958
-2516
-1950
-1339
-737
-257
42
177
226
237
216
122
-40
-175
-292
-389
-384
-223
92
374
524
591
728
887
936
790
445
46
-414
-903
-1378
-1751
-2010
-2176
-2241
-2201
-1937
-1441
-789
-103
521
1074
1592
2101
2511
2757
2783
2610
2338
1990
1639
1248
896
587
290
28
-154
-86
161
454
574
482
397
388
374
168
-255
-728
-1162
-1567
-1939
-2185
-2222
-2104
-1933
-1703
-1293
-703
-44
547
945
1186
1306
1370
1347
1152
786
312
-147
-557
-887
-1119
-1216
-1146
-1013
-853
-616
-240
236
644
908
1026
1108
1210
1282
1214
1052
850
695
661
755
1031
1389
1697
1906
2125
2429
2747
2906
2786
2446
1982
1375
629
-178
-895
-1575
-2323
-3082
-3597
-3741
-3612
-3395
-3153
-2772
-2270
-1682
-1097
-533
-24
298
381
357
313
259
116
-88
-284
-444
-564
-564
-390
-115
130
208
302
461
606
631
466
211
-158
-623
-1133
-1568
-1866
-2029
-2156
-2248
-2164
-1831
-1257
-573
114
729
1296
1849
2331
2727
2943
2937
2752
2416
2039
1600
1210
851
515
218
-45
-148
-79
87
224
296
319
318
270
144
-56
-357
-701
-1056
-1373
-1604
-1721
-1689
-1564
-1349
-1079
-692
-200
299
706
981
1121
1177
1131
942
656
315
-78
-509
-907
-1201
-1334
-1361
-1333
-1207
-997
-676
-313
42
403
676
861
986
1093
1160
1148
1069
965
882
885
1051
1352
1703
1960
2088
2270
2567
2809
2815
2514
2094
1648
1040
263
-544
-1228
-1824
-2486
-3152
-3543
-3551
-3310
-3040
-2764
-2371
-1822
-1219
-631
-102
317
557
629
605
549
451
298
131
-78
-295
-466
-489
-331
-111
9
7
16
128
232
183
-59
-371
-710
-1098
-1504
-1856
-2066
-2143
-2166
-2130
-1950
-1555
-932
-216
421
979
1492
2016
2488
2799
2906
2798
2568
2249
1851
1428
1020
672
377
95
-140
-231
-167
-31
86
106
94
107
93
32
-152
-397
-646
-892
-1089
-1245
-1287
-1225
-1053
-820
-572
-229
189
595
881
1026
1081
1061
945
713
378
1
-392
-790
-1139
-1390
-1509
-1525
-1464
-1327
-1077
-732
-359
-3
323
586
775
943
1060
1121
1132
1067
1009
996
1024
1181
1469
1770
2022
2154
2280
2522
2732
2715
2405
1905
1395
840
128
-634
-1314
-1885
-2452
-3010
-3381
-3373
-3089
-2779
-2481
-2113
-1585
-972
-385
125
514
720
780
720
665
581
408
210
-22
-228
-405
-479
-382
-217
-135
-177
-233
-199
-121
-157
-396
-710
-1053
-1384
-1708
-1996
-2144
-2185
-2155
-2071
-1850
-1385
-764
-64
581
1104
1563
2014
2434
2730
2822
2683
2422
2081
1719
1345
953
599
279
-23
-272
-381
-324
-180
-47
-26
-25
18
87
103
-18
-180
-359
-526
-682
-767
-781
-730
-611
-466
-276
23
383
724
957
1024
1026
964
848
610
231
-207
-618
-1006
-1333
-1578
-1716
-1719
-1666
-1508
-1275
-943
-521
-79
294
548
739
920
1100
1206
1214
1140
1044
1002
1026
1156
1428
1742
1979
2067
2146
2340
2553
2549
2234
1760
1271
687
-15
-751
-1421
-1970
-2552
-3094
-3378
-3299
-3000
-2622
-2261
-1769
-1169
-577
26
566
999
1194
1168
1061
957
827
594
290
-15
-292
-510
-650
-612
-464
-391
-421
-484
-435
-343
-381
-575
-851
-1165
-1489
-1797
-1995
-2077
-2091
-2047
-1925
-1619
-1134
-514
163
793
1319
1766
2141
2517
2760
2801
2598
2270
1888
1467
1056
645
264
-91
-403
-650
-766
-737
-601
-470
-383
-294
-177
-44
68
113
77
-2
-70
-116
-124
-111
-43
50
141
273
433
650
855
941
929
856
730
579
321
-9
-392
-794
-1171
-1499
-1730
-1860
-1894
-1832
-1690
-1455
-1115
-707
-282
128
448
703
938
1142
1276
1304
1253
1154
1017
910
839
856
1073
1343
1608
1753
1869
2059
2269
2358
2158
1772
1327
855
263
-444
-1149
-1707
-2140
-2570
-2913
-3008
-2791
-2395
-1962
-1514
-1004
-420
120
571
890
1052
1074
979
811
556
248
-55
-284
-487
-708
-850
-821
-661
-511
-469
-460
-388
-301
-279
-444
-666
-899
-1124
-1381
-1606
-1738
-1791
-1757
-1641
-1378
-984
-468
116
711
1212
1581
1911
2210
2398
2402
2180
1845
1529
1205
816
401
63
-191
-402
-582
-677
-653
-509
-403
-343
-301
-231
-107
-24
-10
-48
-74
-33
18
64
138
218
376
519
629
737
870
993
1014
882
696
526
340
103
-227
-543
-871
-1125
-1321
-1472
-1562
-1581
-1512
-1387
-1197
-968
-659
-345
-59
169
359
551
750
890
929
913
878
828
740
630
534
474
457
474
608
834
1144
1421
1561
1661
1770
1837
1795
1563
1204
820
337
-184
-683
-1090
-1371
-1648
-1879
-1939
-1825
-1533
-1189
-841
-513
-244
-5
217
380
425
321
134
-74
-293
-512
-696
-797
-839
-887
-902
-818
-615
-401
-259
-170
-127
-110
-160
-275
-416
-602
-829
-1043
-1206
-1283
-1272
-1200
-1041
-805
-506
-145
249
690
1037
1262
1400
1492
1550
1507
1360
1146
911
662
419
205
71
-4
-54
-97
-123
-77
1
71
106
58
2
-53
-73
-75
-99
-134
-188
-211
-163
-47
98
241
325
430
508
569
597
579
539
433
268
85
-86
-210
-340
-500
-639
-726
-758
-748
-694
-585
-473
-367
-246
-124
-4
89
149
151
161
186
226
269
296
285
258
255
250
280
290
299
291
296
350
436
598
786
958
1112
1164
1217
1319
1373
1329
1189
1015
792
516
210
-122
-391
-640
-890
-1112
-1261
-1285
-1237
-1146
-1075
-986
-891
-779
-629
-512
-492
-525
-567
-609
-609
-611
-593
-564
-509
-517
-486
-377
-241
-136
-103
-86
-94
-86
-120
-159
-246
-370
-489
-573
-623
-662
-662
-631
-552
-465
-364
-211
17
264
428
536
642
765
900
951
943
928
887
864
794
723
683
613
510
383
262
149
79
28
-29
-126
-249
-354
-393
-379
-348
-323
-272
-212
-119
28
156
298
361
410
437
458
430
349
213
71
-41
-142
-185
-196
-183
-161
-136
-57
45
112
145
139
111
83
30
-52
-132
-245
-334
-397
-398
-367
-313
-205
-86
81
224
356
491
600
688
718
690
655
578
474
383
322
338
374
392
402
467
576
664
678
636
586
524
385
149
-115
-367
-593
-823
-1052
-1181
-1216
-1160
-1060
-961
-809
-641
-448
-250
-100
-18
36
66
30
-71
-188
-268
-350
-461
-575
-617
-610
-548
-524
-495
-431
-363
-252
-167
-125
-175
-224
-271
-298
-332
-378
-425
-456
-432
-375
-254
-113
55
229
381
505
625
759
858
911
887
828
767
671
562
408
256
139
3
-137
-249
-295
-312
-328
-344
-332
-303
-261
-227
-183
-129
-35
53
120
176
257
362
434
501
542
615
666
684
685
648
547
446
383
311
234
118
7
-106
-187
-257
-279
-257
-254
-267
-272
-240
-212
-191
-182
-159
-63
71
207
362
456
424
372
346
311
303
281
260
185
89
16
-79
-163
-257
-366
-476
-547
-558
-513
-436
-331
-212
-93
-2
96
188
278
395
463
478
421
314
264
259
247
193
122
33
-88
-163
-177
-193
-227
-267
-310
-322
-327
-374
-377
-380
-445
-463
-428
-361
-344
-373
-430
-460
-435
-426
-388
-347
-331
-286
-242
-212
-184
-199
-202
-207
-256
-280
-253
-170
-123
-117
-104
-109
-102
-63
37
95
131
168
158
194
244
268
281
280
285
293
210
138
95
27
-41
-89
-103
-90
-30
58
163
198
209
255
317
380
445
501
556
623
674
743
777
769
654
486
357
292
266
201
130
93
73
97
114
110
82
69
109
109
120
135
125
87
52
31
45
32
-35
-113
-166
-195
-248
-286
-254
-234
-277
-328
-404
-458
-510
-601
-657
-703
-720
-691
-644
-576
-521
-494
-440
-326
-188
-49
80
256
417
526
635
719
782
786
729
642
541
445
350
247
137
54
-20
-72
-79
-57
-27
-8
27
72
88
75
59
34
-4
-58
-149
-234
-336
-410
-450
-450
-418
-390
-373
-393
-397
-356
-293
-255
-249
-240
-236
-282
-297
-316
-365
-433
-519
-572
-613
-601
-577
-537
-477
-390
-293
-208
-134
-67
-12
48
101
125
170
202
249
276
264
267
274
295
339
381
440
508
557
594
606
650
681
696
674
646
652
590
540
467
393
359
304
280
277
261
281
299
324
370
373
392
400
399
384
334
289
203
112
5
-103
-210
-288
-366
-456
-497
-543
-597
-608
-637
-669
-717
-750
-747
-734
-726
-699
-645
-538
-455
-387
-303
-255
-149
-56
44
139
200
259
293
334
349
337
345
359
356
366
345
306
257
206
207
190
148
119
115
136
144
143
179
251
314
345
376
335
262
185
138
101
68
25
-65
-118
-166
-210
-271
-352
-400
-422
-409
-413
-434
-458
-499
-542
-549
-567
-571
-570
-616
-652
-680
-662
-606
-574
-554
-542
-503
-422
-346
-264
-193
-146
-80
-30
25
77
123
185
219
244
267
275
289
294
322
346
386
430
462
495
528
562
588
611
634
647
663
695
702
683
657
620
580
547
545
504
454
406
368
356
339
304
246
190
163
179
158
113
39
-45
-148
-248
-314
-380
-472
-587
-658
-680
-684
-657
-627
-604
-576
-518
-425
-349
-281
-216
-154
-102
-41
16
27
24
21
11
-31
-38
-66
-79
-95
-94
-66
-78
-49
-22
11
60
109
130
129
131
121
148
172
177
164
160
204
248
287
319
325
331
328
332
322
306
276
216
136
78
-8
-96
-188
-264
-337
-407
-471
-510
-509
-494
-498
-553
-593
-601
-556
-501
-448
-443
-449
-467
-499
-477
-446
-413
-361
-333
-318
-283
-249
-224
-182
-146
-101
-42
5
75
123
168
201
225
274
318
326
302
269
327
426
465
482
469
524
600
666
751
800
813
775
728
703
684
672
620
550
474
395
333
284
232
178
105
47
45
55
40
-11
-64
-115
-157
-198
-246
-304
-342
-340
-355
-400
-443
-453
-444
-393
-320
-276
-230
-182
-140
-119
-112
-108
-125
-139
-168
-205
-249
-285
-306
-333
-360
-367
-349
-292
-202
-143
-99
-71
-19
55
125
171
174
165
164
156
181
214
217
204
196
203
195
208
227
244
256
254
210
173
135
80
33
-30
-89
-148
-233
-304
-311
-336
-362
-382
-399
-372
-346
-305
-261
-261
-257
-232
-212
-186
-168
-185
-182
-177
-176
-174
-200
-199
-200
-202
-186
-147
-120
-111
-83
-51
0
18
52
83
87
113
127
155
200
226
226
249
304
370
435
472
509
553
597
640
652
676
658
608
552
487
441
396
352
292
237
177
99
25
-66
-118
-128
-116
-95
-43
7
2
-6
-10
0
-2
-56
-111
-154
-195
-229
-238
-216
-179
-161
-167
-181
-229
-262
-269
-293
-310
-325
-334
-354
-381
-415
-459
-463
-441
-399
-350
-298
-248
-178
-94
-13
46
91
126
148
156
164
208
249
270
276
258
248
244
228
228
246
261
227
172
123
92
91
72
14
-44
-90
-120
-139
-141
-124
-126
-128
-123
-123
-132
-130
-113
-78
-77
-122
-144
-147
-143
-167
-201
-234
-232
-194
-166
-132
-117
-104
-89
-84
-91
-83
-62
-42
-24
-14
3
18
35
46
74
96
129
158
179
209
204
224
227
239
247
234
242
236
237
238
213
209
194
180
166
150
150
155
160
153
135
127
124
119
111
99
86
79
72
62
62
56
48
23
17
11
-1
4
-15
-7
-28
-32
-44
-44
-43
-67
-82
-105
-117
-146
-174
-201
-232
-263
-273
-299
-301
-278
-261
-240
-211
-177
-143
-100
-76
-52
-43
-24
-19
-6
1
1
-3
-7
-3
6
12
20
19
15
32
48
53
69
91
66
65
40
22
20
-15
-31
-71
-91
-96
-125
-137
-129
-122
-116
-111
-93
-65
-35
-5
-3
0
4
3
-10
-25
-21
-56
-63
-54
-58
-44
-49
-27
1
22
44
57
97
119
121
121
120
120
129
132
105
91
81
78
82
92
95
106
106
100
110
117
128
119
113
108
101
82
63
51
38
35
9
12
17
23
47
57
57
72
71
85
90
86
98
77
72
66
44
39
18
9
-3
-14
-11
-16
-22
-26
-36
-46
-66
-76
-83
-95
-98
-106
-111
-111
-117
-112
-103
-105
-97
-92
-91
-79
-69
-62
-57
-52
-54
-66
-61
-47
-30
-37
-42
-45
-47
-58
-66
-72
-89
-99
-100
-101
-105
-103
-102
-94
-96
-70
-68
-44
-27
-15
-13
-17
-26
-39
-51
-63
-75
-82
-80
-83
-74
-57
-29
-13
10
15
55
76
93
103
111
132
120
117
98
103
96
95
95
92
95
117
138
142
148
152
165
164
167
159
149
135
104
94
79
49
33
-7
-5
0
-1
6
5
11
5
14
35
40
26
15
-2
-13
-36
-51
-52
-66
-77
-77
-85
-87
-66
-47
-21
5
20
39
56
78
95
99
107
83
74
56
52
40
26
13
-13
-21
-34
-19
-32
-27
-28
-38
-32
-33
-17
-17
-24
-38
-45
-36
-37
-48
-59
-78
-80
-91
-83
-74
-74
-78
-77
-86
-87
-82
-81
-84
-103
-98
-114
-116
-109
-112
-108
-125
-115
-107
-102
-88
-89
-79
-73
-64
-63
-71
-67
-61
-65
-72
-85
-91
-82
-80
-67
-51
-42
-23
-5
37
63
98
133
153
172
183
200
203
198
199
185
171
173
161
162
151
147
143
141
164
166
161
166
154
128
109
77
58
18
-17
-45
-75
-89
-91
-86
-75
-71
-58
-40
-13
9
26
37
20
18
-9
-30
-52
-71
-101
-153
-172
-185
-190
-180
-150
-143
-101
-64
-28
27
59
100
109
125
131
128
127
116
105
101
96
98
99
100
94
96
106
121
112
103
101
73
48
19
0
-39
-54
-74
-98
-115
-135
-132
-119
-103
-85
-74
-64
-56
-48
-43
-57
-65
-88
-116
-138
-160
-165
-181
-196
-197
-205
-191
-179
-176
-155
-146
-120
-108
-84
-82
-69
-71
-77
-80
-91
-80
-75
-54
-44
-26
2
24
58
89
112
135
167
194
194
202
201
194
187
174
157
143
128
130
145
132
143
153
167
184
188
186
183
183
176
148
132
102
67
38
2
-27
-45
-57
-70
-66
-70
-60
-42
-33
-24
-18
-24
-13
-38
-44
-66
-90
-97
-137
-157
-175
-177
-178
-176
-166
-146
-127
-106
-69
-56
-29
-12
7
27
42
51
69
71
67
66
64
75
79
85
85
100
107
117
134
133
141
135
142
130
114
92
69
43
9
3
-32
-39
-51
-51
-63
-71
-53
-41
-31
-36
-41
-50
-57
-81
-91
-104
-129
-147
-161
-176
-194
-195
-201
-205
-195
-190
-184
-168
-164
-159
-139
-134
-123
-116
-118
-104
-93
-67
-44
-30
-18
17
55
91
114
123
151
160
174
199
203
195
189
174
182
175
163
172
168
168
167
167
169
182
170
170
151
137
138
118
110
71
35
8
-10
-36
-40
-46
-56
-65
-84
-70
-73
-59
-71
-62
-63
-80
-76
-86
-86
-103
-119
-137
-139
-130
-121
-104
-114
-106
-92
-66
-45
-27
-19
-4
-1
3
9
18
16
14
18
13
24
37
59
58
71
87
92
102
105
113
113
109
101
77
74
67
58
48
37
23
16
18
18
17
7
19
22
11
6
-7
-20
-13
-33
-51
-77
-87
-92
-116
-131
-163
-168
-171
-172
-167
-167
-169
-157
-153
-157
-149
-164
-169
-182
-182
-194
-181
-178
-172
-162
-155
-122
-99
-60
-17
20
49
78
119
149
172
199
208
218
219
225
228
246
246
242
234
226
230
221
229
226
213
212
212
211
183
159
130
112
92
56
33
15
-9
-22
-39
-57
-56
-63
-58
-60
-71
-73
-77
-84
-104
-115
-135
-155
-151
-159
-169
-163
-170
-159
-158
-145
-123
-105
-81
-66
-54
-39
-20
-7
-1
11
12
26
22
19
33
31
45
44
50
53
51
57
65
56
52
51
49
56
52
34
43
26
19
16
16
26
23
37
34
48
49
45
42
38
27
8
4
-16
-35
-45
-70
-72
-81
-87
-93
-81
-77
-79
-74
-79
-80
-88
-86
-110
-132
-144
-157
-166
-184
-191
-194
-200
-198
-188
-162
-145
-124
-114
-84
-48
-16
13
40
69
96
120
135
162
172
186
204
222
229
239
258
281
280
289
298
283
276
275
274
258
232
213
180
157
124
98
59
32
15
-5
-22
-36
-40
-57
-57
-80
-84
-85
-96
-113
-132
-144
-150
-165
-176
-189
-200
-199
-190
-201
-188
-170
-154
-142
-116
-86
-78
-65
-45
-37
-44
-41
-35
-35
-25
-12
-10
1
21
38
54
59
79
93
99
111
106
106
100
78
77
66
50
26
5
-8
-20
-27
-31
-29
-27
-21
-3
0
7
7
-1
9
0
-5
-20
-29
-40
-48
-56
-54
-60
-55
-48
-45
-43
-32
-16
-23
-10
-18
-36
-55
-74
-93
-113
-119
-140
-144
-147
-126
-123
-108
-77
-64
-33
-10
18
37
48
61
80
85
86
101
103
115
121
120
128
141
159
173
185
206
214
209
219
207
202
186
171
139
128
106
97
76
61
47
39
49
40
42
35
39
27
25
2
-13
-38
-55
-82
-104
-121
-147
-157
-176
-188
-199
-201
-205
-190
-195
-181
-182
-173
-160
-159
-149
-137
-140
-133
-119
-116
-99
-84
-59
-51
-32
-3
20
42
66
90
100
112
106
120
120
104
92
80
65
51
44
36
25
15
12
15
22
24
39
35
43
48
38
46
40
43
33
22
29
24
23
25
8
6
11
4
-1
-6
-19
-41
-49
-53
-64
-82
-90
-111
-135
-144
-133
-142
-134
-127
-110
-91
-81
-54
-33
-6
23
30
52
55
71
89
98
106
97
103
97
110
95
98
98
94
95
98
103
99
106
93
99
88
84
82
71
67
65
55
65
70
67
69
69
88
84
76
74
73
60
49
26
-6
-14
-42
-68
-77
-94
-105
-126
-124
-125
-125
-121
-127
-130
-132
-127
-131
-138
-143
-145
-146
-136
-141
-141
-139
-124
-126
-98
-75
-49
-26
1
29
37
59
67
76
62
61
60
51
43
23
25
21
7
2
15
28
46
59
77
91
95
97
98
101
94
91
74
57
46
32
29
26
24
24
29
31
39
34
30
24
-2
-16
-40
-67
-88
-104
-120
-130
-140
-143
-140
-122
-104
-84
-67
-43
-19
2
25
43
57
70
70
68
59
63
58
51
43
53
59
46
48
51
49
47
52
42
39
36
28
14
9
1
-8
-7
-11
-1
13
26
39
49
64
78
80
94
101
99
104
82
73
51
30
14
-1
-16
-27
-35
-55
-48
-59
-54
-59
-69
-50
-46
-42
-57
-62
-71
-82
-86
-98
-112
-118
-121
-124
-120
-121
-105
-93
-78
-67
-50
-37
-32
-32
-31
-34
-33
-27
-38
-48
-57
-56
-46
-44
-33
-27
-15
2
18
19
35
53
59
53
52
63
58
70
66
71
70
65
74
81
76
78
89
86
81
75
68
54
48
22
11
-7
-19
-33
-52
-59
-61
-66
-61
-61
-60
-41
-37
-24
-14
5
12
21
32
34
42
48
57
48
39
32
41
40
45
57
53
42
39
39
37
23
16
0
-2
-19
-26
-30
-34
-27
-25
-13
-7
8
15
26
36
60
67
75
85
81
87
69
55
46
30
12
-3
-7
-23
-36
-43
-34
-32
-28
-23
-11
-6
-5
-9
-2
0
-18
-24
-35
-42
-43
-55
-58
-68
-65
-63
-64
-56
-50
-45
-53
-54
-72
-78
-86
-108
-122
-134
-153
-157
-164
-148
-144
-141
-118
-105
-76
-54
-25
-7
13
20
28
39
37
33
31
32
28
30
30
38
51
64
70
84
93
102
108
113
122
116
109
96
87
77
66
64
57
60
62
67
70
75
72
78
86
94
92
99
104
95
85
67
61
51
34
29
15
5
2
1
0
-2
-6
-7
-4
-5
-13
-28
-37
-57
-57
-69
-84
-80
-88
-89
-90
-82
-62
-53
-37
-20
-7
5
20
27
37
44
36
27
27
22
0
-6
-10
-9
-17
-15
-12
-7
3
9
15
23
29
21
18
17
9
10
-14
-12
-24
-31
-26
-35
-29
-32
-26
-22
-17
-19
-20
-30
-33
-44
-64
-69
-94
-100
-117
-139
-142
-163
-152
-156
-157
-141
-126
-109
-95
-75
-52
-38
-29
-22
-16
-16
-21
-17
-12
-10
2
1
7
13
28
39
50
64
63
78
86
90
92
84
79
85
81
77
78
83
82
89
104
110
122
132
139
154
151
153
151
142
143
138
134
125
103
92
81
65
58
47
40
29
14
6
-4
-6
-16
-32
-45
-53
-60
-78
-82
-93
-103
-118
-131
-128
-124
-119
-115
-115
-101
-92
-86
-79
-78
-80
-73
-66
-63
-62
-58
-50
-46
-44
-39
-31
-26
-21
-9
7
22
32
46
48
53
62
61
70
66
72
72
76
78
71
70
61
58
62
65
51
44
33
21
11
0
-18
-33
-52
-59
-80
-94
-96
-108
-115
-124
-130
-126
-127
-129
-117
-120
-118
-112
-105
-96
-95
-82
-77
-70
-67
-63
-67
-61
-48
-46
-28
-30
-15
-10
3
6
19
23
22
35
44
63
66
71
85
89
92
97
108
126
128
147
155
170
183
185
190
181
171
167
162
161
150
139
131
113
107
94
79
65
49
35
33
28
18
7
-9
-14
-29
-41
-48
-52
-57
-56
-60
-74
-80
-93
-95
-100
-115
-116
-118
-110
-117
-107
-106
-107
-98
-99
-99
-99
-96
-100
-83
-81
-71
-51
-33
-18
-4
4
13
28
39
58
70
82
88
102
100
99
96
95
103
100
105
103
101
98
93
86
74
66
53
51
33
17
8
-12
-17
-37
-46
-67
-74
-86
-89
-94
-96
-99
-112
-110
-131
-130
-135
-141
-145
-153
-154
-157
-150
-144
-129
-125
-109
-99
-86
-65
-72
-55
-42
-43
-33
-19
-15
-16
-7
0
4
16
24
34
49
65
86
98
121
133
143
158
168
179
183
191
194
195
188
175
162
160
159
142
136
129
108
109
95
91
87
67
62
34
27
14
-5
-14
-28
-35
-37
-55
-55
-56
-62
-64
-76
-84
-88
-96
-98
-110
-110
-124
-133
-137
-142
-147
-156
-159
-149
-146
-140
-130
-124
-116
-110
-93
-76
-58
-43
-30
-16
0
13
29
34
52
61
74
81
94
102
100
105
106
104
114
111
105
99
86
81
69
74
62
47
48
36
35
26
16
17
3
-2
-8
-23
-34
-42
-51
-66
-85
-102
-104
-121
-129
-126
-143
-140
-140
-134
-127
-130
-122
-116
-107
-93
-93
-79
-76
-61
-52
-47
-33
-28
-8
3
15
23
36
54
71
81
93
104
114
124
128
147
155
166
164
166
171
174
170
164
172
163
158
159
142
133
130
120
107
95
82
74
66
55
52
47
27
17
0
-17
-27
-40
-51
-65
-60
-79
-78
-85
-95
-98
-109
-111
-130
-133
-144
-145
-152
-165
-166
-161
-155
-159
-146
-140
-135
-125
-116
-103
-84
-68
-59
-44
-32
-22
-15
-4
10
15
28
35
42
66
70
76
90
100
114
111
116
117
114
108
98
95
86
82
72
74
79
55
59
58
51
55
59
52
31
26
16
8
-3
-24
-39
-53
-62
-82
-86
-95
-105
-107
-107
-104
-104
-97
-97
-95
-101
-89
-88
-86
-78
-77
-63
-56
-54
-45
-39
-32
-22
-16
-2
14
30
50
54
62
76
76
91
96
93
101
104
105
109
111
117
123
116
122
122
119
121
110
106
108
104
87
79
66
54
47
39
39
32
21
14
0
-2
-5
-19
-24
-40
-54
-68
-82
-91
-107
-120
-124
-135
-139
-144
-143
-149
-153
-138
-129
-128
-124
-122
-113
-110
-102
-92
-85
-72
-61
-50
-48
-35
-26
-18
-9
4
16
31
41
48
59
62
74
75
70
71
69
74
76
74
62
62
68
69
71
65
62
66
64
73
67
66
64
56
48
40
35
22
13
9
-1
-13
-29
-35
-44
-57
-52
-58
-59
-59
-57
-63
-72
-68
-71
-77
-78
-73
-78
-79
-71
-77
-78
-72
-60
-47
-43
-38
-30
-11
-7
3
15
15
31
33
33
44
49
60
70
68
75
73
80
85
89
97
96
110
109
102
95
92
91
84
81
81
73
77
70
65
63
55
57
45
37
31
26
25
6
-11
-20
-28
-38
-48
-55
-63
-73
-69
-79
-89
-97
-93
-94
-88
-86
-91
-95
-87
-87
-87
-82
-77
-78
-71
-67
-68
-58
-49
-48
-47
-42
-30
-25
-22
-13
-1
-2
-3
-4
3
9
9
4
-1
10
10
20
20
26
24
28
37
42
44
44
51
45
52
61
57
51
42
37
33
29
27
22
21
22
31
24
14
14
10
5
5
-2
-9
-9
-18
-27
-29
-33
-38
-46
-48
-50
-43
-44
-34
-25
-25
-17
-14
-5
0
4
10
14
23
30
29
37
41
44
53
50
52
55
58
61
57
57
62
57
58
64
60
64
54
49
57
55
49
52
49
44
41
33
40
37
32
27
21
17
6
7
4
-15
-22
-36
-37
-41
-48
-48
-57
-59
-65
-64
-68
-73
-65
-70
-71
-73
-70
-74
-79
-69
-70
-61
-61
-58
-52
-49
-52
-52
-45
-43
-49
-49
-48
-55
-56
-56
-58
-59
-59
-50
-43
-36
-35
-27
-16
-15
-13
-10
1
12
26
29
37
38
47
53
47
51
47
53
53
57
60
58
49
50
53
52
52
39
38
30
33
29
19
9
-1
-1
-5
-9
-15
-13
-10
-15
-17
-11
-11
-7
5
-3
1
0
4
13
12
15
22
26
19
20
17
23
21
23
20
28
20
20
19
11
16
13
19
11
18
17
12
17
13
23
26
27
32
33
33
33
36
29
21
24
21
9
2
-1
-13
-25
-28
-34
-37
-43
-36
-38
-39
-25
-29
-29
-26
-14
-21
-20
-19
-12
-19
-14
-16
-19
-15
-23
-19
-22
-17
-9
-16
-11
-17
-21
-17
-20
-17
-27
-32
-39
-49
-45
-47
-44
-48
-51
-42
-41
-39
-35
-24
-22
-15
-6
-8
2
8
8
18
21
23
24
29
25
21
24
31
31
34
32
32
36
35
37
36
33
30
22
23
17
20
23
16
16
12
16
13
10
8
3
5
6
1
15
2
3
4
-7
-13
-13
-4
-15
-7
-12
-16
-14
-14
-7
-14
-2
-1
-4
3
2
0
4
7
10
11
8
13
18
29
30
27
30
30
38
37
40
44
37
40
42
36
35
31
24
20
10
7
8
10
4
2
6
1
-3
-8
-9
-9
-6
-4
-3
-7
-2
-5
-8
-3
-13
-14
-21
-19
-25
-22
-21
-31
-24
-37
-41
-41
-44
-45
-46
-58
-54
-58
-58
-57
-64
-59
-59
-54
-52
-49
-48
-44
-36
-28
-25
-22
-15
-12
-7
-6
-5
6
4
6
6
12
11
19
14
20
29
30
31
34
32
32
33
30
30
27
29
28
43
45
42
40
43
51
51
46
49
43
40
36
38
38
33
28
26
23
8
7
0
0
-7
-21
-22
-23
-33
-29
-32
-37
-32
-36
-28
-31
-31
-26
-24
-18
-13
-16
-16
-12
-7
1
-6
3
2
14
12
10
11
13
16
14
16
11
9
14
13
18
15
14
19
22
26
23
34
26
32
34
33
28
27
27
21
24
15
13
7
11
10
4
-1
-9
-14
-14
-11
-18
-24
-31
-43
-45
-50
-57
-59
-63
-65
-71
-64
-72
-63
-68
-65
-58
-55
-45
-51
-42
-43
-39
-45
-45
-41
-37
-34
-35
-27
-25
-14
-8
-2
1
8
21
27
24
25
29
25
28
30
28
32
30
35
45
45
51
50
54
62
57
57
57
56
54
48
52
42
37
39
32
28
33
24
21
18
10
9
6
4
-4
-8
-11
-19
-18
-22
-21
-18
-24
-22
-19
-20
-25
-28
-33
-29
-31
-22
-12
-11
-2
2
-4
3
2
2
10
12
16
16
13
24
25
29
34
32
38
36
40
50
47
46
49
38
37
37
31
40
30
30
26
15
16
1
-3
-5
-14
-17
-27
-27
-36
-45
-47
-59
-61
-66
-62
-67
-64
-70
-66
-67
-69
-64
-71
-64
-66
-64
-64
-55
-63
-53
-49
-55
-47
-54
-46
-41
-38
-36
-34
-23
-25
-13
-15
-11
5
11
20
27
29
32
42
43
44
50
48
56
63
67
76
75
83
74
82
83
85
83
76
76
71
68
66
60
54
48
44
41
34
31
39
34
34
29
16
14
8
4
-1
-9
-15
-21
-21
-27
-32
-35
-42
-40
-42
-45
-43
-32
-31
-28
-25
-30
-26
-32
-26
-30
-32
-31
-35
-35
-40
-34
-26
-28
-20
-17
-15
-3
-6
13
15
20
18
22
25
23
26
23
21
18
21
11
8
13
9
13
0
-2
-10
-14
-13
-20
-24
-32
-31
-36
-43
-46
-50
-55
-47
-52
-54
-53
-47
-42
-42
-41
-43
-37
-39
-39
-26
-31
-33
-38
-28
-27
-26
-19
-20
-12
-11
-6
3
3
12
21
23
33
34
39
39
41
47
46
51
53
59
56
62
57
64
74
70
73
71
72
77
66
65
62
58
60
55
52
42
36
39
40
31
27
20
18
11
12
3
-7
-13
-16
-20
-33
-30
-37
-42
-51
-54
-49
-60
-56
-61
-62
-65
-65
-60
-59
-56
-54
-57
-51
-51
-56
-48
-46
-40
-41
-32
-27
-14
-14
-3
5
10
11
17
20
29
35
35
40
40
45
50
50
44
48
46
52
49
48
43
42
41
36
37
31
31
30
20
12
9
-2
-10
-15
-24
-28
-29
-35
-30
-34
-39
-49
-51
-55
-61
-60
-60
-56
-58
-56
-61
-61
-60
-66
-65
-62
-62
-56
-43
-46
-38
-36
-36
-37
-38
-28
-24
-17
-8
-1
8
9
15
25
20
33
34
44
53
55
59
55
58
61
65
60
62
64
54
56
50
50
52
52
52
50
43
44
40
45
39
33
28
24
24
12
14
11
13
12
10
4
7
5
-5
-10
-9
-11
-10
-12
-12
-16
-19
-12
-23
-19
-23
-15
-9
-15
-8
-3
2
-6
-4
-2
3
2
1
9
11
25
24
24
25
26
33
28
39
36
38
40
31
40
38
27
24
18
16
13
3
8
3
1
-12
-23
-15
-23
-19
-22
-35
-38
-44
-50
-50
-55
-52
-56
-55
-63
-68
-66
-73
-81
-78
-81
-83
-84
-83
-80
-78
-70
-72
-66
-61
-63
-58
-50
-44
-40
-42
-38
-23
-25
-14
-11
-1
7
8
18
22
36
38
47
55
57
57
62
61
58
54
61
67
80
76
75
82
82
78
62
65
63
65
59
57
48
53
47
41
35
26
34
28
32
27
23
19
14
10
4
2
1
3
-1
-4
-13
-22
-24
-31
-35
-36
-40
-38
-35
-37
-37
-30
-27
-31
-25
-18
-16
-12
-12
-8
-7
-8
-11
-8
-11
0
4
3
0
11
14
16
16
17
17
14
11
10
7
0
1
-4
1
-9
-9
-9
-10
-11
-16
-10
-19
-26
-24
-23
-33
-39
-44
-38
-41
-31
-29
-33
-30
-34
-34
-41
-38
-42
-32
-31
-28
-31
-33
-36
-38
-29
-37
-32
-32
-37
-28
-26
-16
-12
-13
-6
-8
6
9
15
18
22
13
16
21
17
15
17
22
29
32
36
28
32
34
31
42
41
39
41
48
47
50
47
48
45
44
43
36
45
40
45
40
41
43
41
41
42
34
29
18
15
22
20
23
10
5
1
-2
-4
-1
-5
-4
-6
-6
-9
-19
-19
-19
-23
-22
-22
-26
-20
-18
-9
-8
-8
-7
2
7
7
8
14
12
9
5
-3
-11
-10
-2
-11
-11
-11
-4
-7
-11
-12
-17
-11
-11
-12
-18
-19
-19
-22
-24
-22
-20
-18
-10
-16
-17
-22
-28
-29
-30
-27
-15
-20
-22
-30
-30
-24
-29
-21
-26
-31
-36
-26
-24
-28
-32
-36
-32
-26
-21
-23
-19
-17
-13
-10
-4
-6
-7
-7
-12
-5
-8
-3
-3
3
11
12
22
31
34
41
36
34
35
33
37
40
36
40
41
43
46
44
47
50
60
55
51
53
54
54
55
45
50
45
44
32
29
35
25
23
13
10
13
15
8
-1
-6
-4
-15
-10
-18
-25
-33
-33
-33
-32
-28
-35
-39
-35
-37
-31
-30
-28
-25
-22
-26
-23
-28
-35
-31
-27
-25
-30
-27
-26
-16
-16
-12
-12
-14
-8
-14
-13
-12
-11
-4
-5
6
8
10
8
8
8
5
-4
1
4
2
2
4
1
4
5
7
7
9
7
13
11
1
4
8
7
-1
-5
-10
-11
-16
-21
-19
-17
-17
-21
-23
-28
-28
-20
-23
-22
-25
-28
-26
-28
-29
-14
-11
-10
-10
-7
-4
-13
-8
-13
-4
-7
-4
-3
-4
2
-4
8
-1
6
11
11
15
10
6
5
6
8
13
15
28
28
37
39
45
36
35
36
36
40
41
46
40
39
35
35
37
40
44
42
38
36
33
23
21
14
9
10
1
-9
-6
-2
-6
-11
-12
-12
-7
-4
-6
-11
-8
-10
-11
-20
-27
-23
-28
-38
-43
-35
-33
-38
-42
-40
-40
-38
-32
-35
-37
-36
-33
-41
-35
-30
-24
-24
-23
-21
-24
-25
-16
-17
-8
-4
2
13
18
24
15
17
20
14
12
13
20
22
25
29
24
20
13
12
8
3
7
6
5
10
11
10
10
14
15
17
22
17
10
17
12
14
8
10
19
16
18
22
22
18
15
10
7
-2
-2
-2
3
5
0
-2
-1
1
-11
-3
-6
-2
3
1
4
2
6
1
6
8
10
12
13
9
12
10
14
15
12
18
17
15
14
16
19
12
12
10
14
12
19
17
17
16
10
17
8
11
3
-1
-6
-4
-1
-4
-2
-1
0
-11
-14
-15
-18
-21
-33
-27
-39
-44
-44
-49
-50
-60
-52
-55
-54
-48
-49
-53
-57
-50
-45
-43
-54
-44
-32
-21
-15
-15
-11
-8
-6
-3
-1
6
6
11
15
14
9
8
18
16
14
15
20
18
16
15
12
5
9
10
12
14
22
23
23
18
21
23
20
16
12
12
17
15
7
3
-2
-5
-10
-10
-14
-9
-11
-1
3
-2
-3
-7
-11
-6
-3
4
7
7
11
8
12
16
9
9
22
19
28
25
25
28
32
30
20
30
24
23
22
20
19
23
28
25
24
21
18
18
14
14
12
4
1
-10
-2
-8
-1
1
0
1
-2
0
-2
2
-4
-1
-7
-13
-25
-28
-30
-40
-45
-43
-46
-46
-53
-45
-40
-44
-42
-41
-51
-51
-48
-52
-45
-46
-47
-46
-38
-40
-43
-40
-37
-30
-26
-23
-12
-8
-3
-6
-5
6
9
12
14
22
28
33
19
24
31
38
40
37
38
38
43
44
31
30
28
31
35
28
34
28
30
34
33
31
29
23
20
24
22
17
10
15
13
10
3
0
-7
-9
-11
-13
-4
-4
0
0
8
15
9
7
7
8
10
-1
3
3
-1
-2
-8
-6
-3
-6
-4
7
6
6
0
6
7
3
14
10
8
4
7
10
13
10
17
19
17
18
21
20
14
11
13
13
11
11
9
15
9
10
10
10
6
5
9
1
-11
-16
-17
-18
-22
-27
-29
-36
-32
-30
-25
-30
-32
-39
-37
-45
-47
-51
-54
-45
-33
-34
-43
-46
-45
-35
-33
-35
-31
-27
-28
-28
-22
-21
-19
-23
-17
-19
-13
-6
-2
8
2
16
17
21
22
22
26
31
35
47
51
51
46
32
33
40
41
40
36
39
35
25
25
25
23
23
22
18
14
5
3
4
2
6
0
7
5
6
-1
-3
-5
-19
-18
-23
-17
-16
-22
-20
-20
-20
-18
-20
-19
-16
-13
-6
-7
-5
-2
-11
-1
-3
2
5
8
11
13
18
20
20
20
22
13
21
27
34
29
27
22
26
25
14
19
19
17
15
12
5
4
0
-3
-2
-6
-3
-8
-15
-12
-15
-17
-23
-28
-35
-32
-36
-30
-36
-42
-39
-45
-41
-51
-52
-49
-45
-35
-34
-32
-27
-34
-45
-41
-43
-38
-39
-32
-33
-35
-39
-34
-31
-21
-13
-12
-5
1
4
7
15
22
28
39
37
36
39
28
27
29
28
28
33
29
38
39
31
37
33
37
40
38
39
39
38
36
33
35
27
24
28
24
22
7
-1
-3
-7
-1
-8
-6
-5
-9
-5
-7
-14
-12
-8
-8
-10
-9
-5
-1
3
3
0
1
-4
-1
0
-8
-11
-10
-4
0
8
1
-4
-2
-2
2
1
6
4
7
13
12
11
3
3
8
12
19
13
17
16
9
12
9
9
0
7
8
4
6
2
14
8
7
9
3
2
-4
-4
-8
-11
-9
-18
-15
-11
-15
-13
-12
-20
-18
-24
-23
-24
-21
-22
-26
-31
-31
-25
-20
-21
-19
-15
-21
-17
-13
-7
-7
-7
-1
-3
-3
-9
-4
0
-5
3
-1
-8
-10
-9
-4
-1
3
13
14
26
30
31
38
46
46
43
42
41
41
35
39
42
27
21
14
19
23
22
18
3
1
-1
-4
-5
-4
-5
-3
-1
-6
-10
-15
-18
-21
-14
-20
-15
-13
-16
-11
-14
-25
-20
-8
-2
4
5
5
-1
3
-8
-8
-8
-8
-8
-9
-11
-6
-10
-12
-10
-10
-10
-17
-11
-9
-13
-13
-11
-14
-14
-16
-11
-9
-12
-3
0
-4
-2
-7
1
7
3
5
0
2
-7
-7
-8
-11
-10
-8
-12
-12
-12
-19
-21
-20
-23
-17
-15
-9
-16
-17
-14
-11
-7
-11
-7
-9
-4
-7
-4
-3
-7
-1
-9
-4
-1
3
7
4
3
0
8
7
6
13
14
12
18
22
14
15
13
16
16
25
32
34
31
28
32
28
21
24
25
23
29
35
39
34
29
23
29
31
31
26
26
27
16
17
9
1
-4
-9
-4
-7
-9
-13
-15
-9
-12
-16
-17
-14
-11
-21
-29
-28
-26
-27
-31
-39
-38
-40
-39
-38
-26
-28
-31
-26
-27
-14
-17
-17
-17
-4
-2
-5
1
-3
-2
-10
-11
-10
-8
-2
-5
-7
-3
6
3
0
5
10
7
8
15
20
17
8
3
0
4
7
8
8
11
18
20
27
21
17
18
15
18
15
13
17
12
12
10
11
6
7
8
4
14
4
8
1
0
-1
1
6
5
10
10
3
-4
0
-5
-7
-13
-4
-8
-10
-15
-12
-6
-4
-1
0
8
2
0
-4
-5
3
2
5
4
6
3
5
5
4
6
7
15
10
7
7
7
12
15
6
12
17
16
19
14
12
3
3
0
-12
-15
-11
-5
-4
3
-2
-5
-9
-18
-21
-20
-27
-28
-25
-21
-23
-26
-16
-11
-4
-5
0
10
1
-2
-10
-6
-5
-8
-3
-4
4
2
3
5
-1
-1
1
9
7
8
8
7
8
5
-3
-3
-6
-1
5
0
-2
-4
0
-2
-1
-1
5
6
6
14
4
2
1
-7
-10
-14
-8
-12
-17
-13
-8
-9
-13
-12
-7
-6
-8
-10
-17
-11
-11
-18
-14
-21
-22
-22
-14
-7
-13
-15
-16
-18
-23
-20
-22
-21
-22
-21
-13
-12
-3
-13
-7
7
7
14
6
8
13
21
22
24
27
27
30
34
32
43
37
33
31
30
30
20
23
19
12
12
11
10
18
22
27
32
33
34
35
31
24
17
19
12
4
9
7
10
6
3
-1
-6
-8
-11
-14
-11
-16
-13
-9
-13
-13
-15
-15
-22
-17
-20
-25
-31
-23
-22
-22
-18
-18
-18
-20
-18
-18
-8
-14
-19
-14
-9
-4
-6
-12
-9
-1
-3
-1
-1
1
-2
3
1
8
7
2
-3
-4
-1
0
3
-3
2
0
1
1
8
3
-1
2
-9
-4
-7
-5
-9
-10
-7
-12
-14
-22
-21
-20
-18
-13
-17
-21
-17
-16
-11
-10
-12
-3
-3
3
3
2
6
2
7
4
4
5
7
8
6
4
4
12
9
5
8
11
21
18
15
26
17
26
29
27
29
28
31
29
32
33
33
24
26
25
19
24
19
16
14
15
9
7
8
2
2
3
6
4
4
-2
-1
3
0
-4
-6
-4
-3
-6
-3
-6
-6
-4
-7
-2
-2
-12
-10
-7
-13
-6
-7
-5
-5
-12
-23
-26
-30
-34
-34
-36
-30
-31
-25
-23
-27
-22
-20
-16
-13
-8
-10
-8
-1
-7
-1
4
8
11
6
11
8
4
-1
-6
-12
-10
1
10
10
14
3
4
6
8
13
12
20
20
18
14
10
1
-5
-2
2
-5
1
5
5
9
1
9
5
1
2
0
0
-5
-8
-11
-13
-12
-13
-15
-15
-15
-17
-7
1
1
6
-2
0
3
2
5
5
1
2
0
-1
4
4
13
16
22
22
20
18
13
15
11
9
13
6
8
4
-1
1
2
1
-3
2
1
-2
0
-3
-3
-2
-3
-3
-6
-11
-10
-12
-10
-14
-10
-2
-9
-8
-11
-20
-19
-22
-18
-17
-17
-21
-27
-20
-21
-15
-10
-7
-5
-4
5
12
15
14
11
16
14
10
13
9
16
14
12
14
7
2
7
6
6
4
1
6
11
17
14
18
21
22
15
19
19
21
21
17
17
21
22
16
9
11
2
-4
0
-1
-5
-1
-10
-13
-9
-18
-12
-17
-17
-19
-21
-24
-20
-21
-19
-22
-25
-19
-22
-21
-10
-8
-14
-17
-18
-12
-14
-9
-7
-10
-5
-6
-14
-14
-10
-9
-7
-2
-2
0
0
-3
-10
-9
-4
-5
-6
-7
-4
-4
4
4
8
6
12
14
14
24
16
18
16
19
18
17
24
15
19
21
15
20
12
15
11
12
9
7
-2
-7
-9
-17
-11
-15
-11
-9
0
-3
3
4
-3
-3
-1
-3
-5
6
0
3
3
2
6
7
10
16
7
4
11
14
8
-2
1
0
0
2
-2
-2
-1
-4
-10
-11
-2
-1
1
-1
3
6
-2
-5
-5
-3
-1
-3
0
-3
-13
-8
-8
0
4
-5
-5
-9
-11
-9
-8
-12
-13
-12
-7
-1
-10
-10
-12
-9
-5
-9
-5
-3
8
7
10
17
17
15
13
14
14
19
21
15
15
13
9
14
12
7
7
6
0
2
5
9
9
11
14
16
22
16
18
13
18
14
14
12
14
18
15
16
5
6
7
6
5
6
2
-1
-3
-3
-11
-18
-25
-26
-31
-30
-34
-35
-39
-42
-37
-30
-32
-34
-29
-30
-30
-25
-22
-18
-14
-15
-8
-18
-18
-20
-20
-20
-17
-12
-4
-5
-5
-4
-6
-1
-6
1
-3
6
12
15
13
12
15
17
18
14
20
24
21
24
19
20
24
21
22
21
19
20
13
8
4
1
-4
1
3
3
7
5
4
6
4
9
6
5
9
12
15
14
12
9
16
5
8
2
9
6
1
-1
-8
-9
-11
-10
-15
-7
-10
-5
-9
-11
-13
-13
-10
-12
-11
-13
-4
-3
-1
2
-3
1
0
-3
-2
0
2
-3
-5
-12
-11
-10
-7
-2
-4
2
-1
-2
-7
-4
-1
-6
3
5
9
5
7
4
2
5
11
9
10
7
2
-5
-7
-6
-9
-12
-14
-16
-9
-13
-19
-16
-23
-20
-20
-23
-22
-17
-11
-12
-12
-13
-15
-9
-8
-11
-10
-10
-7
-7
-7
-9
-13
-6
-6
-1
0
4
4
5
11
10
12
14
17
19
23
22
20
20
19
10
8
5
17
18
21
21
19
22
25
28
29
27
24
24
19
20
19
11
8
7
-1
6
-3
-2
2
7
13
6
5
-1
0
-5
-3
0
-4
0
-7
0
-2
-2
-8
-12
-2
2
2
-5
-7
-12
-8
-12
-8
-6
-9
-5
-9
4
0
4
10
6
11
9
9
12
12
13
13
9
3
6
4
9
17
8
9
5
5
1
-1
2
-2
-6
-7
-10
-18
-17
-16
-19
-22
-26
-22
-26
-22
-19
-9
-14
-16
-11
-12
-12
-19
-16
-18
-19
-21
-19
-22
-13
-13
-6
-5
-4
-1
-7
0
-6
-4
1
-1
-1
3
-3
3
6
11
17
14
11
11
8
6
8
5
9
8
11
8
11
7
5
7
2
12
12
10
15
11
10
15
12
16
10
9
11
9
2
7
6
6
0
-5
1
-1
-2
-5
-3
-7
-8
-7
-6
-8
-12
-10
-5
-11
-9
-11
-6
-1
-4
1
0
4
-2
-1
-2
1
-1
-2
-1
-1
-2
1
-3
-4
3
0
0
1
2
-1
3
13
14
12
7
8
4
7
2
-2
3
2
7
7
4
9
5
3
3
-3
-1
0
-3
6
-2
-9
-10
-15
-11
-17
-20
-23
-24
-17
-14
-17
-14
-16
-12
-10
-9
-13
-16
-14
-15
-18
-16
-13
-12
-8
-5
-4
-3
-5
1
-2
-3
0
-1
-1
-2
-3
-3
-2
-3
-4
-3
-2
-1
1
10
13
8
17
17
16
15
16
20
16
15
11
10
10
16
15
13
11
10
7
13
13
8
11
10
9
11
7
7
6
8
8
0
-5
-5
0
-2
3
0
0
3
-1
-5
-13
-17
-16
-13
-18
-14
-9
-8
-8
-5
-4
-1
2
-1
-2
-7
0
-4
-2
-8
-5
3
0
8
14
13
15
19
13
13
17
19
15
14
22
20
18
14
17
11
9
7
5
2
-1
-2
-3
-4
-5
-2
-4
-4
-1
1
0
-5
-5
-2
-4
-1
3
-5
-2
-3
-4
2
-5
-3
-6
-3
-7
-3
-9
-11
-14
-4
-4
-2
-1
-4
-5
-9
-6
-3
-3
-3
1
0
1
1
1
-2
3
3
0
4
4
0
3
0
-6
-4
-4
-5
1
0
7
9
9
9
13
9
2
2
4
2
5
4
3
3
3
6
1
5
3
6
8
-1
3
-1
-4
-7
-8
-2
-10
-2
-2
-3
-5
-10
-8
-14
-10
-14
-7
-8
-11
-10
-13
-16
-22
-26
-29
-23
-23
-21
-18
-19
-16
-10
-11
1
-1
4
8
5
15
6
7
0
-3
5
6
0
4
10
5
10
5
6
7
8
10
9
10
12
12
11
8
8
9
11
6
9
4
8
10
2
3
2
4
-3
-5
-4
-4
-5
-8
-2
-4
-5
-5
-12
-10
-12
-8
-8
-5
-4
4
-2
-3
-2
-4
-4
-7
-2
-5
-6
-4
-1
-1
0
-2
-2
-5
-4
-1
3
-1
4
-4
-8
-4
-8
-4
-4
0
-2
1
2
9
8
6
2
4
4
7
10
1
7
7
9
5
7
7
3
4
3
9
10
11
9
9
7
-2
4
-4
5
4
2
5
2
6
2
5
4
5
3
6
4
0
4
0
-4
-4
-5
-9
-3
-7
-5
-9
-4
-5
-3
-4
-8
-9
-15
-14
-14
-15
-16
-13
-9
-12
-7
-5
-1
2
3
6
5
8
3
8
7
6
4
6
7
4
7
0
5
9
9
8
11
6
9
12
8
6
4
7
2
2
0
3
-1
3
1
5
10
6
11
5
8
10
7
2
3
0
4
2
2
0
-3
-1
-4
7
1
3
3
-2
1
9
8
10
10
14
6
9
5
-1
6
4
8
3
6
8
8
6
4
0
7
1
1
-2
-6
-3
-9
-6
-10
-12
-11
-13
-10
-11
-13
-9
-13
-7
-10
-13
-10
-11
-6
-8
-9
-8
-10
-8
-12
-14
-10
-14
-6
-9
-13
-9
-11
-6
-11
-6
-11
-16
-10
-11
-10
-11
-8
-5
-5
-7
-5
-3
2
5
7
10
3
5
2
8
3
4
2
3
4
5
6
3
10
4
10
10
7
9
8
6
-1
3
-3
-1
5
3
7
3
3
5
0
2
4
2
5
4
-3
-1
-5
-1
-4
-1
-2
-3
-7
0
2
0
-1
-4
-5
-5
-4
-3
-3
-6
-7
-9
-4
-1
0
2
3
3
-2
1
4
6
11
-1
2
1
3
5
10
12
11
12
12
14
10
15
11
11
9
12
9
11
3
5
4
2
4
2
2
-1
-2
-4
-3
-9
-3
-2
-3
1
