SAMPLES:	12818
BITSPERSAMPLE:	16
CHANNELS:	1
SAMPLERATE:	16000
NORMALIZED:	FALSE
7
10
8
14
6
4
8
4
7
-1
3
5
6
4
5
9
8
12
9
13
8
4
0
5
7
5
2
0
-2
-3
-4
-9
-7
-9
-5
-1
-1
0
1
-3
3
7
6
3
1
3
3
2
6
5
3
1
-1
1
-3
3
0
4
3
4
3
-5
0
-1
-2
-3
-4
-1
4
1
9
6
-3
0
4
4
3
10
7
8
6
-1
-3
4
3
5
1
4
2
0
0
1
4
-2
2
2
0
-3
1
0
2
-5
-5
-2
-4
-3
-6
-5
-5
-6
-6
-6
-6
-5
-2
-2
-1
-2
0
-6
-4
-3
-1
-3
-2
3
-2
-2
0
2
4
-5
-3
-4
-8
-16
-26
-10
4
10
2
-7
4
7
5
11
6
2
-3
1
0
-4
4
7
3
0
-2
-5
-2
-14
-8
-12
-13
1
-3
5
10
5
4
-2
2
2
3
5
10
7
4
9
8
8
8
7
3
2
-3
1
1
3
2
0
0
0
-7
-7
-4
-5
-7
-14
-10
-7
-3
-5
-7
-3
0
-3
1
-4
2
-3
-3
2
-5
-1
-5
-7
-6
-12
-11
-7
-6
-2
-8
-1
-4
-4
-5
2
7
5
6
12
14
10
6
1
2
2
7
3
-4
-2
-4
3
-3
2
-1
1
4
0
7
2
5
2
0
-3
-3
2
3
3
0
5
0
5
2
0
6
-3
0
-5
2
6
7
4
0
1
1
-3
-5
-5
-6
-1
-5
-5
-2
1
3
6
4
-1
-4
-4
-6
-3
-3
-5
-6
-6
0
-1
-1
-3
-1
1
0
-1
7
6
4
1
2
6
2
1
3
1
5
4
0
0
-4
-5
-5
-6
-4
-1
-3
-3
-9
-14
-11
-8
-7
-3
-4
2
2
2
6
-2
2
6
3
-2
1
2
3
1
4
6
3
7
5
3
3
0
7
7
7
7
7
11
7
9
4
3
4
3
-2
-1
-3
-3
-1
2
0
0
-1
-5
-6
-5
-3
2
5
-2
2
0
-6
-4
-1
2
-3
2
1
-2
1
-2
-4
1
-1
-2
-7
-1
-1
-2
-1
-1
5
-5
-3
-1
-4
-2
-5
2
4
5
9
4
10
7
12
7
10
8
15
14
14
19
14
16
13
14
18
18
19
16
19
23
28
32
31
33
36
35
36
32
31
33
27
28
23
18
14
-1
2
-5
-19
-21
-26
-29
-36
-45
-53
-56
-56
-61
-59
-63
-69
-69
-70
-70
-65
-62
-61
-49
-55
-53
-52
-45
-41
-38
-38
-35
-23
-20
-10
-7
0
0
8
8
8
7
8
13
18
23
18
20
19
11
13
13
8
13
8
14
10
15
22
26
31
23
30
32
31
30
27
27
26
32
28
24
26
21
16
13
15
2
-4
-7
-9
-14
-26
-29
-28
-31
-27
-29
-24
-20
-7
-2
8
17
27
36
44
54
60
68
70
75
78
88
88
91
88
86
82
82
75
67
71
69
79
89
96
95
95
91
89
92
86
84
87
76
72
54
45
34
9
-10
-37
-51
-75
-99
-127
-142
-161
-186
-198
-212
-218
-233
-247
-256
-259
-268
-271
-260
-257
-247
-240
-222
-209
-197
-184
-170
-158
-145
-123
-105
-93
-72
-58
-44
-30
-17
-1
13
25
38
45
49
76
81
96
105
115
130
132
145
155
172
178
196
211
216
229
235
239
247
242
245
248
249
242
228
215
203
181
166
144
114
86
54
31
-4
-30
-51
-79
-98
-114
-128
-140
-147
-152
-159
-162
-159
-147
-141
-138
-118
-105
-97
-83
-70
-57
-47
-36
-24
-26
-15
-7
4
7
10
7
7
15
18
21
23
30
30
36
45
53
57
64
81
91
106
112
115
114
116
122
126
126
129
126
126
125
114
107
111
118
122
130
128
129
128
125
115
110
107
95
76
55
43
28
-5
-35
-56
-87
-126
-161
-192
-241
-283
-326
-360
-378
-397
-417
-437
-441
-446
-447
-444
-430
-413
-401
-380
-363
-343
-324
-308
-283
-257
-229
-197
-167
-131
-104
-67
-43
-13
18
42
82
107
137
157
181
208
228
254
270
289
293
308
321
342
357
363
370
379
387
387
393
384
379
372
364
350
331
312
289
266
234
202
175
131
95
56
12
-24
-64
-99
-140
-173
-206
-237
-265
-288
-296
-305
-308
-304
-285
-279
-263
-244
-218
-187
-179
-149
-126
-104
-80
-48
-16
8
30
54
80
99
111
126
139
145
154
161
170
178
185
197
204
210
217
209
209
203
197
196
193
184
175
169
159
153
141
135
137
135
139
133
124
114
105
94
78
78
69
57
29
1
-26
-50
-84
-115
-149
-193
-227
-274
-314
-356
-411
-457
-490
-522
-547
-567
-584
-594
-605
-611
-599
-579
-561
-542
-497
-458
-422
-377
-343
-293
-253
-209
-166
-120
-79
-46
-17
13
49
75
111
137
168
192
226
242
270
291
309
334
348
365
378
391
401
412
420
430
436
437
445
449
444
432
415
401
385
365
343
325
295
263
217
169
130
94
63
27
-7
-35
-70
-109
-135
-163
-183
-206
-216
-226
-243
-246
-249
-247
-237
-216
-194
-176
-146
-125
-104
-82
-72
-49
-21
10
36
61
78
90
112
122
125
135
148
161
159
172
180
175
156
147
153
150
149
150
157
148
145
133
132
118
99
97
82
82
68
57
56
50
36
27
21
10
6
3
8
12
5
-14
-24
-41
-69
-99
-128
-152
-187
-213
-259
-298
-334
-381
-420
-447
-475
-504
-527
-554
-574
-582
-588
-577
-563
-544
-529
-502
-471
-438
-408
-365
-319
-281
-230
-185
-128
-92
-56
-12
29
72
114
148
182
209
239
266
298
329
351
378
397
412
419
429
439
444
449
453
460
467
467
465
453
446
434
420
405
391
368
340
310
274
239
196
167
134
104
66
21
-8
-44
-85
-126
-161
-191
-218
-238
-257
-272
-283
-289
-293
-293
-281
-270
-250
-216
-196
-174
-149
-115
-93
-74
-26
15
32
40
62
80
76
82
100
112
116
129
133
146
149
147
152
160
160
147
138
132
119
106
94
98
101
99
99
82
77
52
41
35
36
48
56
51
36
27
17
13
4
9
17
12
-2
-20
-41
-70
-90
-111
-122
-145
-175
-210
-263
-296
-343
-374
-400
-420
-445
-462
-478
-494
-499
-504
-500
-485
-460
-440
-419
-393
-370
-350
-324
-291
-246
-214
-162
-110
-63
-19
23
68
100
132
170
205
238
270
296
316
338
369
392
417
426
441
450
443
443
442
442
433
421
409
392
370
347
334
310
290
274
254
221
190
164
134
102
69
43
-1
-25
-45
-93
-132
-162
-171
-195
-229
-243
-245
-260
-286
-286
-270
-267
-265
-239
-198
-184
-177
-139
-103
-90
-75
-29
-4
11
36
70
98
121
126
125
150
154
159
177
190
182
176
195
204
207
199
193
189
181
168
140
124
126
115
101
92
77
67
46
24
18
5
0
-5
7
6
-5
-15
-27
-24
-21
-28
-34
-24
-29
-49
-60
-58
-73
-102
-122
-130
-148
-177
-210
-243
-280
-331
-361
-379
-398
-436
-464
-475
-489
-508
-509
-499
-488
-464
-446
-417
-377
-344
-311
-283
-241
-188
-147
-110
-66
-22
15
42
74
117
150
180
215
253
272
296
324
331
349
362
369
379
396
414
399
394
387
391
380
372
367
360
345
321
310
307
290
244
224
213
177
136
103
79
52
24
-8
-37
-65
-108
-137
-164
-181
-205
-224
-244
-260
-259
-253
-260
-261
-254
-227
-206
-205
-181
-120
-79
-68
-42
-20
2
13
60
103
108
101
117
161
169
155
148
165
176
148
139
144
147
125
128
160
169
141
125
152
154
110
91
100
89
57
47
46
32
12
-13
-19
-35
-55
-53
-45
-32
-34
-45
-56
-73
-74
-74
-73
-57
-46
-44
-40
-54
-65
-62
-80
-106
-99
-113
-118
-149
-184
-203
-245
-275
-308
-311
-322
-338
-348
-355
-377
-388
-384
-380
-360
-351
-313
-278
-234
-215
-205
-178
-135
-108
-75
-21
15
37
47
68
101
136
161
206
221
204
204
224
243
245
251
275
284
285
287
285
281
273
274
274
276
277
254
220
209
211
180
139
136
146
131
94
68
36
12
-1
-29
-50
-54
-69
-87
-112
-116
-110
-130
-132
-144
-129
-149
-157
-142
-120
-115
-101
-50
-49
-46
-19
40
51
39
73
115
120
105
127
185
184
161
208
238
205
165
174
165
127
95
87
66
56
84
108
78
59
80
86
58
28
40
28
0
2
30
1
-42
-52
-34
-20
-64
-86
-66
-64
-89
-78
-44
-11
-32
-48
-31
-28
-46
-63
-32
-29
-53
-63
-41
-38
-78
-112
-124
-129
-151
-173
-198
-204
-214
-257
-282
-284
-279
-274
-290
-313
-301
-311
-334
-315
-271
-244
-249
-214
-160
-147
-157
-152
-99
-72
-50
-17
30
65
65
63
72
94
115
124
134
147
145
139
144
192
193
164
182
226
213
187
195
224
206
161
169
188
178
143
143
143
136
109
90
68
67
49
26
20
12
-2
-48
-60
-62
-76
-83
-85
-81
-59
-47
-51
-52
-32
-27
-41
-17
17
18
25
69
74
41
75
157
176
107
87
159
196
124
114
185
173
103
131
202
176
116
124
157
97
31
76
99
58
18
51
66
29
20
18
5
-16
-3
10
-19
-30
-4
-18
-46
-58
-31
-41
-91
-100
-55
-45
-91
-69
-21
-66
-112
-97
-71
-60
-100
-70
-36
-45
-61
-61
-31
-41
-84
-75
-81
-91
-120
-152
-167
-228
-249
-250
-266
-286
-290
-302
-317
-323
-322
-303
-295
-288
-237
-215
-218
-201
-154
-135
-156
-136
-84
-51
-48
-35
9
29
2
17
85
111
78
109
164
130
86
149
189
135
106
159
193
163
178
219
235
201
192
235
216
163
155
168
195
197
182
183
175
165
121
102
114
95
47
27
12
-7
-40
-42
8
11
-32
-39
33
63
1
-19
21
33
13
47
97
104
76
82
110
111
138
154
102
67
95
157
134
99
119
105
92
94
104
79
56
54
21
2
29
14
-11
8
-2
-33
-28
-18
-12
-41
-72
-43
-49
-74
-44
-28
-81
-119
-72
-47
-85
-95
-52
-60
-89
-44
-2
-16
-43
-51
-64
-62
-43
-20
-20
-49
-58
-47
-71
-78
-45
-49
-90
-102
-72
-90
-143
-167
-192
-245
-267
-245
-244
-244
-262
-291
-287
-287
-274
-273
-248
-233
-234
-220
-191
-165
-175
-173
-144
-116
-73
-27
4
-6
-12
3
11
30
48
88
122
118
117
136
126
150
170
184
199
192
180
169
162
172
200
208
207
210
202
191
180
177
155
136
138
141
128
99
65
54
84
104
56
22
33
39
5
-37
-26
15
-9
-3
40
65
27
-7
30
10
-21
38
98
74
50
55
88
102
106
88
81
106
171
158
93
89
82
56
48
133
133
15
-67
-9
33
-12
-6
30
54
26
16
41
53
4
-50
-10
28
-21
-47
-44
-65
-69
-64
-92
-100
-83
-89
-115
-98
-25
9
-29
-26
4
-25
-64
-48
21
31
11
21
22
0
-18
-19
-32
-48
-69
-102
-108
-103
-151
-231
-274
-259
-252
-288
-282
-258
-284
-346
-354
-336
-319
-327
-308
-278
-267
-239
-221
-188
-185
-182
-179
-173
-101
-59
-53
-60
-9
31
43
62
95
140
158
159
165
175
195
220
184
183
207
244
250
243
266
255
223
236
282
258
240
263
255
202
198
202
151
119
113
117
85
69
63
44
30
19
4
-20
8
18
-19
-55
-22
12
-4
-14
10
1
-31
-2
52
35
1
60
104
77
36
76
114
63
48
86
105
77
59
71
29
-10
13
48
16
-9
66
100
17
-29
25
39
-17
-27
39
68
2
-21
36
47
-34
-63
0
13
-66
-81
-20
-9
-68
-98
-51
-2
22
18
-16
-30
-21
-7
-3
3
19
22
-6
-18
4
-2
-23
-41
-56
-76
-96
-90
-108
-169
-237
-248
-251
-253
-275
-296
-296
-325
-373
-378
-354
-342
-348
-356
-338
-319
-292
-268
-259
-254
-248
-242
-196
-111
-30
-13
-32
-21
23
80
80
65
114
158
167
161
205
222
203
221
194
210
250
260
279
294
315
253
237
277
292
272
235
237
258
244
213
190
196
151
95
92
83
71
37
-15
-56
-28
24
-27
-79
-53
-47
-80
-79
-11
-12
-60
-40
-17
-15
-21
6
41
28
3
-4
18
10
-3
34
28
-17
26
97
101
87
137
123
111
104
132
161
170
173
130
92
66
59
71
55
28
56
51
51
29
33
11
-46
-8
-3
-47
-47
-40
-65
-89
-39
7
17
2
-19
-13
-6
-22
-26
18
30
11
8
4
-30
-58
-83
-119
-141
-125
-111
-135
-185
-261
-321
-354
-373
-346
-357
-389
-389
-412
-443
-455
-448
-420
-397
-353
-326
-345
-307
-255
-234
-228
-168
-91
-42
0
10
-19
-17
-2
41
93
127
140
156
224
201
189
233
255
236
250
307
308
278
299
330
316
319
356
357
317
322
325
290
234
190
197
194
158
140
111
77
28
36
46
-8
-21
-27
-56
-71
-64
-68
-105
-103
-64
-71
-142
-123
-35
-40
-99
-114
-53
-1
7
19
41
51
14
29
83
96
116
126
123
138
182
197
180
157
118
77
89
117
125
132
149
142
96
96
92
47
70
132
106
34
23
61
33
-10
1
12
-20
-52
-1
60
57
-3
-23
-22
-44
-21
-5
2
24
25
16
1
5
-5
-60
-89
-96
-78
-95
-158
-199
-226
-323
-365
-379
-393
-403
-420
-421
-451
-479
-518
-560
-568
-514
-496
-481
-441
-397
-365
-369
-325
-288
-249
-196
-152
-99
-57
-50
-27
27
58
84
113
158
190
212
230
266
299
321
349
369
377
379
383
380
365
345
312
304
358
377
352
320
257
203
208
241
208
177
150
121
104
107
99
28
-26
-50
-34
-20
-41
-81
-101
-99
-114
-104
-49
-68
-95
-33
-39
-141
-121
-18
-46
-71
9
54
-49
-50
99
89
-6
72
186
183
207
253
214
137
188
226
201
217
267
220
133
119
172
132
70
71
56
17
-13
17
-1
-67
-82
-62
-62
-17
76
134
112
55
5
-15
9
21
33
58
69
75
49
-20
-55
-32
-76
-110
-88
-48
-89
-186
-269
-354
-416
-446
-448
-424
-434
-489
-565
-598
-587
-617
-628
-578
-523
-503
-466
-430
-411
-377
-348
-323
-268
-187
-143
-129
-84
-59
-59
-19
72
142
184
202
234
217
228
306
323
336
385
429
427
427
442
402
360
390
421
401
374
371
350
290
250
220
224
270
268
214
171
122
74
48
49
76
69
-9
-104
-83
-48
-70
-126
-172
-178
-179
-123
-86
-113
-110
-101
-79
-31
71
102
30
-13
4
25
-7
37
108
104
89
107
149
182
210
234
216
200
210
236
249
216
185
139
86
133
190
159
72
41
74
0
-34
45
24
-60
-57
46
153
153
123
82
19
41
95
115
138
174
169
82
9
30
28
-30
-82
-95
-108
-203
-293
-341
-407
-493
-580
-600
-561
-528
-569
-610
-674
-745
-773
-721
-616
-585
-559
-590
-602
-542
-463
-409
-388
-341
-295
-292
-225
-125
-64
-52
-40
34
130
185
249
295
324
341
338
408
459
481
457
438
466
509
516
482
453
448
404
375
382
372
331
273
259
255
234
208
186
186
140
93
43
8
2
9
25
8
-25
-44
-55
-104
-148
-97
-63
-91
-99
-42
-76
-202
-199
-95
-26
-3
13
47
47
5
2
46
82
106
206
305
261
198
185
188
200
219
257
241
206
245
256
203
151
149
130
96
108
123
82
-6
-51
-31
59
160
227
190
126
88
76
96
131
194
223
197
154
119
90
54
-6
-66
-101
-114
-133
-249
-408
-520
-606
-671
-710
-680
-634
-655
-744
-810
-870
-892
-846
-784
-690
-675
-691
-690
-648
-570
-537
-477
-381
-290
-240
-193
-127
-75
-27
32
103
212
299
330
334
351
378
393
460
532
595
624
599
567
549
571
556
511
461
421
343
254
232
204
148
77
45
73
142
135
75
23
8
-33
-38
25
37
-11
-75
-66
-34
-34
-19
12
49
66
61
74
97
122
165
146
113
140
194
201
151
177
250
277
282
255
196
119
72
84
139
206
228
214
171
132
114
95
44
64
104
112
62
30
3
-66
-56
78
234
331
332
238
145
127
183
197
247
340
329
245
148
87
14
-52
-134
-182
-166
-192
-312
-485
-624
-744
-831
-846
-811
-771
-784
-880
-976
-1023
-1021
-960
-877
-754
-672
-662
-664
-669
-589
-515
-441
-333
-237
-157
-135
-112
-63
4
48
95
178
290
314
312
314
335
425
472
529
583
592
539
486
483
483
493
500
510
469
408
338
273
251
228
198
158
162
166
127
38
-17
-28
-32
-8
-10
-5
-28
-68
-59
-51
-25
29
66
67
62
118
143
145
172
223
214
235
268
245
214
176
203
199
224
262
248
200
180
195
236
245
223
200
167
180
161
107
31
-10
-36
-48
-79
-110
-149
-185
-130
24
205
296
243
156
81
113
199
264
359
420
408
306
221
197
195
137
56
-6
-17
-96
-248
-431
-588
-712
-832
-883
-853
-854
-927
-1053
-1153
-1168
-1117
-1001
-916
-870
-834
-842
-839
-756
-635
-538
-472
-387
-303
-240
-188
-114
-31
44
105
158
253
337
374
369
357
408
533
662
765
812
764
654
552
530
549
585
602
573
479
347
251
212
173
138
92
47
31
-32
-129
-216
-278
-315
-310
-283
-243
-195
-151
-154
-160
-108
6
104
152
192
276
313
273
315
414
498
488
417
409
421
466
530
526
483
395
351
338
291
261
203
140
114
146
163
128
46
-24
-83
-87
-68
-78
-92
-147
-233
-220
-47
216
377
330
204
91
88
164
305
441
488
421
311
245
198
207
147
45
-27
-65
-137
-287
-461
-635
-794
-892
-907
-853
-852
-953
-1124
-1262
-1281
-1206
-1085
-978
-916
-929
-956
-923
-809
-645
-522
-438
-377
-308
-230
-156
-102
-39
27
103
192
312
405
410
366
366
448
561
668
713
731
678
626
615
623
638
632
564
459
414
358
283
199
122
17
-66
-99
-114
-136
-170
-246
-305
-331
-328
-294
-282
-246
-246
-192
-101
-23
64
116
109
145
236
306
386
430
445
458
489
540
579
634
636
549
529
534
528
527
532
518
441
390
368
355
306
263
164
75
3
-39
-39
-83
-139
-208
-172
-46
166
288
215
54
-56
1
196
382
470
434
297
162
111
165
223
215
107
-36
-146
-262
-398
-557
-699
-820
-902
-951
-1001
-1055
-1166
-1309
-1398
-1372
-1258
-1164
-1105
-1100
-1131
-1111
-1024
-857
-644
-484
-412
-394
-342
-258
-132
6
122
199
244
274
343
442
496
511
532
628
720
786
814
751
697
663
666
671
660
597
471
356
283
263
235
159
63
-28
-102
-145
-166
-178
-243
-329
-390
-424
-411
-362
-327
-300
-272
-247
-203
-112
-31
42
99
142
237
351
431
495
529
533
554
596
695
739
702
677
638
592
626
648
650
593
510
440
386
386
334
262
180
94
11
-48
-76
-133
-135
-45
152
321
304
146
-27
-26
127
337
459
433
364
253
158
164
258
307
206
51
-59
-125
-259
-435
-603
-732
-827
-912
-1004
-1078
-1145
-1277
-1404
-1459
-1409
-1287
-1214
-1213
-1224
-1203
-1150
-1031
-851
-674
-560
-525
-500
-402
-239
-98
26
102
143
194
270
369
469
550
574
605
676
750
812
851
818
767
749
736
725
698
611
485
387
346
331
285
162
2
-107
-174
-216
-239
-262
-328
-424
-495
-510
-454
-415
-390
-371
-370
-306
-209
-119
-12
63
97
133
211
315
410
492
507
512
558
622
685
775
798
764
718
696
725
740
727
628
562
515
463
403
333
284
184
101
39
-3
-26
-19
71
247
317
219
49
-56
48
266
430
448
353
234
119
96
220
332
288
122
-68
-159
-216
-356
-522
-679
-791
-888
-990
-1033
-1083
-1165
-1314
-1436
-1408
-1299
-1248
-1248
-1257
-1230
-1175
-1060
-894
-739
-626
-595
-559
-466
-296
-123
-10
55
77
116
189
324
422
481
499
479
544
633
699
737
763
713
640
581
543
555
599
565
443
331
245
157
91
39
-5
-54
-171
-263
-314
-347
-390
-436
-468
-425
-345
-306
-296
-273
-195
-139
-52
33
139
244
263
282
345
429
527
592
623
639
637
670
726
771
790
769
730
696
688
686
662
595
542
467
351
276
204
162
89
14
-88
-146
-55
137
329
316
118
-94
-105
117
363
452
363
238
145
129
241
365
361
211
-4
-134
-118
-134
-264
-479
-684
-794
-874
-911
-935
-977
-1109
-1268
-1325
-1278
-1185
-1172
-1197
-1229
-1172
-1037
-887
-762
-669
-635
-609
-540
-398
-219
-91
-49
-68
-22
59
186
299
356
394
389
416
482
581
674
669
592
517
526
582
553
477
386
293
278
285
255
194
60
-85
-166
-185
-196
-231
-292
-405
-469
-454
-431
-407
-413
-411
-413
-367
-228
-117
-33
30
47
115
231
324
445
538
599
627
643
719
807
890
930
908
878
867
869
891
872
819
733
640
575
514
439
346
251
180
110
5
-42
42
217
323
228
12
-159
-115
78
280
360
248
41
-88
-76
74
251
254
98
-96
-218
-249
-301
-371
-458
-581
-715
-853
-923
-908
-902
-994
-1088
-1125
-1080
-1023
-1024
-1037
-1023
-922
-833
-737
-623
-548
-506
-486
-416
-266
-90
-15
-32
-32
7
75
175
249
282
312
306
326
373
448
498
478
429
409
429
379
303
227
206
237
213
124
40
-25
-108
-148
-161
-187
-285
-397
-472
-481
-427
-424
-440
-473
-489
-470
-396
-320
-226
-145
-114
-27
71
171
253
339
428
503
538
590
684
778
853
884
899
898
933
962
980
1008
993
927
828
765
737
686
609
515
420
317
201
91
54
121
274
349
186
-70
-210
-133
94
265
269
85
-133
-228
-152
60
190
128
-101
-312
-362
-321
-333
-442
-594
-712
-811
-883
-923
-943
-985
-1080
-1138
-1095
-997
-932
-955
-979
-916
-773
-629
-530
-452
-400
-327
-226
-120
21
102
93
86
103
181
234
271
261
263
284
299
322
389
448
450
402
336
291
324
400
375
281
157
88
53
73
61
-3
-99
-204
-253
-282
-285
-355
-432
-514
-560
-533
-514
-504
-500
-498
-474
-420
-342
-269
-199
-122
-48
31
115
210
298
383
449
497
549
621
685
738
791
780
762
781
848
910
959
943
828
712
678
695
729
698
582
431
291
215
271
441
597
550
251
-54
-149
82
380
485
325
38
-143
-129
25
213
266
60
-207
-331
-256
-163
-255
-472
-685
-830
-843
-835
-827
-850
-973
-1140
-1208
-1115
-983
-927
-968
-977
-894
-740
-614
-532
-437
-347
-259
-207
-97
26
85
106
105
174
279
329
313
257
265
310
332
374
397
428
398
328
289
322
365
363
290
177
80
28
31
55
60
-33
-177
-293
-313
-272
-282
-340
-437
-515
-540
-529
-484
-452
-453
-491
-509
-465
-398
-337
-260
-180
-89
-12
29
76
164
277
351
421
498
563
615
661
705
748
769
762
758
772
789
804
753
680
606
549
535
521
507
460
344
200
144
228
434
599
525
225
-26
-6
288
536
554
327
22
-58
59
295
425
301
12
-253
-274
-126
-46
-172
-450
-698
-824
-835
-807
-765
-829
-978
-1112
-1138
-1056
-974
-975
-995
-925
-818
-725
-676
-568
-430
-297
-224
-162
-75
15
74
109
186
269
315
281
284
323
408
443
407
387
401
470
465
426
425
416
377
292
219
133
97
59
26
34
-2
-109
-247
-317
-305
-285
-295
-366
-470
-532
-561
-546
-476
-435
-451
-530
-539
-476
-389
-285
-250
-200
-170
-112
-29
60
175
255
355
414
461
547
567
612
684
733
740
734
743
702
700
709
713
690
668
600
502
466
415
356
293
242
284
411
521
440
220
50
55
279
479
471
252
45
-17
94
268
323
206
-28
-180
-174
-77
-109
-279
-530
-723
-791
-765
-740
-771
-840
-985
-1097
-1095
-990
-913
-910
-902
-861
-774
-702
-636
-542
-398
-248
-178
-118
-41
43
93
176
267
337
344
323
334
390
485
497
500
490
476
507
499
493
489
471
431
334
279
212
142
96
47
-3
-81
-187
-297
-313
-315
-322
-407
-495
-592
-637
-617
-563
-508
-505
-538
-579
-557
-492
-377
-298
-241
-217
-180
-116
-26
86
188
278
334
382
412
491
575
648
669
677
690
707
741
729
735
728
730
712
631
561
487
406
400
356
281
208
150
210
382
485
337
63
-75
54
352
497
370
103
-33
26
202
336
293
98
-101
-179
-113
-32
-113
-352
-594
-713
-705
-709
-757
-811
-900
-969
-1032
-1029
-971
-957
-968
-957
-871
-743
-661
-597
-525
-407
-271
-167
-124
-72
10
105
217
269
298
326
349
389
486
544
530
477
435
481
582
645
583
492
409
361
358
375
344
225
118
26
-1
-3
-66
-172
-282
-332
-351
-386
-443
-517
-569
-588
-557
-533
-526
-564
-613
-603
-547
-429
-340
-298
-271
-244
-176
-79
23
117
190
239
281
367
472
551
589
585
605
641
687
733
741
735
712
724
738
690
617
536
481
470
455
387
278
183
201
357
528
504
257
30
36
262
466
483
275
73
32
134
281
332
235
42
-99
-134
-86
-86
-258
-489
-616
-650
-681
-732
-833
-881
-913
-954
-991
-1000
-985
-991
-975
-921
-808
-718
-681
-642
-538
-406
-308
-276
-233
-146
-50
-1
36
80
159
248
293
319
339
359
382
430
483
547
582
566
494
448
460
463
415
319
240
202
176
114
34
-33
-95
-153
-186
-231
-309
-387
-438
-454
-441
-443
-489
-543
-570
-530
-456
-420
-376
-336
-292
-229
-188
-121
-25
54
94
113
178
263
339
409
452
502
552
576
598
626
657
690
693
687
661
623
587
574
562
515
419
307
245
238
234
171
140
243
421
498
342
80
-20
198
508
609
440
201
102
212
399
475
417
209
3
-61
4
71
-24
-283
-510
-593
-608
-615
-678
-762
-854
-916
-965
-1019
-1025
-1033
-1005
-932
-831
-770
-765
-747
-672
-516
-386
-341
-364
-338
-231
-111
1
54
100
105
98
152
258
348
367
326
327
390
459
486
434
391
366
372
388
337
258
137
59
68
103
77
-55
-224
-304
-298
-234
-221
-297
-433
-538
-547
-493
-412
-388
-412
-465
-463
-369
-251
-167
-143
-120
-101
-35
72
181
268
312
347
383
412
448
497
552
578
604
628
652
660
638
636
604
599
567
518
475
418
365
300
255
196
147
98
41
78
227
408
391
177
-7
35
319
570
613
417
238
243
388
556
592
476
288
137
128
187
181
22
-229
-413
-478
-487
-519
-616
-720
-800
-885
-949
-943
-908
-930
-922
-917
-835
-801
-784
-710
-621
-505
-470
-465
-438
-317
-228
-169
-125
-111
-59
-41
12
91
179
241
231
216
235
294
379
421
421
407
364
343
314
292
237
171
113
76
63
-28
-165
-263
-271
-265
-276
-349
-447
-525
-564
-542
-494
-481
-494
-525
-532
-460
-354
-276
-260
-264
-254
-170
-47
93
194
261
285
298
319
391
524
641
692
703
672
649
651
698
754
753
737
659
608
554
567
546
464
358
255
211
181
148
123
158
297
413
331
145
33
129
375
593
591
423
311
328
469
602
621
524
372
271
238
255
186
30
-188
-346
-424
-467
-529
-674
-744
-829
-907
-952
-978
-984
-971
-948
-937
-883
-878
-862
-782
-690
-581
-508
-488
-476
-389
-291
-213
-142
-69
-11
34
64
81
130
166
198
230
286
311
318
319
314
348
339
337
304
244
184
115
86
37
23
-45
-142
-216
-252
-266
-307
-350
-422
-463
-521
-539
-520
-509
-501
-524
-505
-461
-390
-347
-299
-209
-135
-49
16
81
153
243
317
364
411
472
551
616
659
687
697
692
708
739
751
738
701
634
595
568
527
488
428
352
278
191
140
91
69
109
225
354
355
200
47
56
282
569
655
500
329
279
390
563
658
588
420
294
237
236
212
102
-90
-276
-396
-473
-545
-630
-715
-795
-874
-953
-1017
-1060
-1048
-1011
-955
-912
-899
-873
-840
-725
-609
-493
-451
-422
-391
-304
-171
-78
-8
7
36
91
146
173
222
235
237
243
264
289
323
361
382
373
349
306
242
211
203
208
150
54
-30
-106
-146
-158
-185
-235
-291
-375
-451
-490
-475
-471
-499
-547
-576
-577
-531
-470
-435
-411
-381
-334
-270
-162
-82
2
79
152
225
306
372
435
498
559
625
691
731
725
724
710
735
781
806
764
665
580
532
480
460
395
320
254
175
126
61
84
204
372
445
330
138
76
237
520
694
628
431
325
401
572
684
660
506
302
199
203
263
188
-32
-256
-429
-487
-529
-586
-684
-808
-921
-1071
-1131
-1122
-1082
-1028
-1021
-1035
-1013
-966
-922
-826
-704
-596
-539
-506
-439
-308
-193
-89
-22
60
104
98
101
134
213
285
344
308
260
284
305
357
392
396
336
280
246
259
270
218
127
17
-31
-52
-65
-99
-183
-252
-324
-394
-418
-455
-474
-512
-535
-524
-508
-517
-523
-510
-447
-358
-326
-303
-270
-197
-91
21
103
159
199
243
282
396
511
532
551
584
624
650
692
699
678
680
695
665
652
621
588
545
476
460
410
356
306
253
211
164
184
286
465
600
500
271
191
392
673
827
759
556
473
524
643
723
705
569
361
217
176
194
130
-107
-356
-549
-639
-685
-775
-899
-988
-1091
-1205
-1230
-1209
-1196
-1207
-1214
-1172
-1064
-942
-883
-838
-748
-651
-552
-465
-375
-274
-215
-146
-83
8
93
136
160
167
209
221
220
233
265
275
271
260
262
273
267
235
195
191
203
177
133
80
26
-36
-109
-118
-100
-131
-183
-263
-335
-334
-310
-286
-299
-343
-396
-420
-400
-338
-280
-275
-269
-261
-201
-138
-66
-9
57
116
173
225
261
326
363
389
409
475
499
544
589
628
642
603
575
563
596
597
561
491
437
411
392
381
308
261
229
193
173
217
318
481
649
680
540
400
454
685
978
1076
876
650
550
634
770
817
732
494
276
113
75
74
-48
-296
-567
-762
-858
-903
-1007
-1135
-1252
-1321
-1377
-1376
-1365
-1359
-1348
-1294
-1173
-1077
-1006
-962
-890
-762
-595
-474
-383
-334
-294
-195
-89
26
115
159
131
110
144
216
262
244
214
198
235
281
279
241
192
187
188
217
221
182
90
4
-24
-26
-12
-60
-136
-184
-178
-142
-128
-130
-185
-264
-259
-240
-167
-125
-166
-214
-240
-229
-155
-75
-60
-38
-15
14
62
113
180
217
275
297
337
378
389
404
454
498
511
506
460
448
486
546
571
539
459
382
378
432
465
441
349
257
225
263
330
342
309
283
348
560
833
938
812
602
542
747
1031
1166
1050
803
644
628
729
806
723
514
232
-3
-89
-129
-259
-485
-773
-999
-1120
-1187
-1249
-1316
-1412
-1528
-1616
-1606
-1562
-1515
-1458
-1423
-1362
-1260
-1129
-997
-870
-785
-709
-630
-524
-382
-269
-187
-159
-70
35
131
198
234
241
257
284
307
337
345
346
315
310
275
258
241
205
193
166
160
181
175
157
131
76
25
20
24
33
34
-1
-53
-63
-63
-46
-35
-28
-49
-73
-41
-34
-12
-24
-35
-37
-23
29
81
110
109
98
127
177
229
260
249
234
253
290
295
296
320
334
346
347
326
351
373
400
394
389
389
376
414
479
518
489
461
401
432
479
511
513
509
528
609
816
989
1031
901
698
665
849
1078
1126
959
726
545
466
444
448
390
213
-31
-284
-438
-503
-621
-815
-1058
-1236
-1357
-1420
-1484
-1510
-1548
-1629
-1699
-1708
-1614
-1514
-1462
-1452
-1414
-1305
-1144
-1030
-920
-821
-708
-582
-459
-318
-201
-119
-64
13
112
205
269
294
283
265
264
317
374
407
361
287
201
194
258
277
270
206
140
136
186
275
294
216
116
62
113
176
202
178
116
73
79
122
179
203
178
136
116
155
209
241
210
157
151
126
116
141
171
169
149
118
96
132
163
179
162
154
163
167
196
211
234
239
236
271
327
377
423
452
443
449
476
526
535
536
532
523
531
550
563
600
590
546
494
476
524
570
651
738
806
818
730
566
475
526
657
681
533
324
156
57
-26
-122
-207
-301
-444
-618
-821
-960
-1075
-1200
-1326
-1418
-1462
-1493
-1510
-1547
-1570
-1590
-1606
-1581
-1536
-1412
-1295
-1226
-1193
-1142
-1018
-870
-732
-600
-502
-438
-373
-278
-150
-26
52
92
117
182
275
354
379
366
345
358
371
412
479
477
449
386
350
370
415
411
383
347
324
337
370
412
421
430
422
415
429
490
539
540
478
418
411
447
488
476
427
344
270
214
200
182
140
96
47
25
6
-28
-32
-27
-26
0
16
34
75
103
148
156
132
151
152
175
240
281
284
294
334
374
350
325
337
365
380
437
504
504
462
399
412
423
421
436
393
333
259
239
210
212
200
116
10
-79
-135
-167
-167
-201
-230
-278
-317
-346
-390
-429
-467
-478
-467
-454
-492
-518
-517
-512
-509
-523
-552
-572
-580
-587
-576
-580
-607
-660
-732
-793
-802
-776
-753
-741
-755
-788
-822
-809
-758
-693
-651
-627
-610
-568
-531
-476
-415
-351
-300
-267
-215
-175
-88
-7
38
64
70
95
157
239
313
388
436
467
492
550
598
661
720
744
754
745
733
746
768
775
779
771
753
691
649
624
594
578
527
477
439
405
382
363
334
305
276
253
211
178
171
159
152
142
98
74
53
33
28
1
-11
9
19
18
30
27
28
51
61
67
98
126
160
165
156
157
151
134
105
79
67
72
36
14
-25
-72
-132
-192
-222
-234
-248
-266
-255
-280
-307
-349
-373
-366
-350
-356
-378
-389
-379
-361
-364
-386
-393
-374
-352
-338
-359
-378
-366
-330
-296
-278
-256
-251
-226
-196
-161
-157
-176
-187
-152
-113
-81
-71
-111
-147
-146
-117
-74
-82
-115
-146
-165
-159
-154
-162
-211
-243
-245
-223
-204
-188
-190
-207
-210
-170
-123
-78
-47
-36
-8
24
33
46
72
92
134
173
202
249
286
285
288
304
360
405
395
381
346
322
340
305
250
228
234
258
270
292
305
273
248
236
249
303
349
397
417
440
443
434
440
455
499
512
516
513
510
497
465
425
367
315
295
292
266
220
155
108
69
15
-63
-139
-170
-195
-227
-277
-335
-375
-429
-450
-474
-499
-506
-498
-472
-476
-501
-524
-526
-497
-468
-434
-426
-443
-449
-418
-393
-403
-404
-370
-363
-346
-330
-310
-257
-238
-227
-230
-214
-169
-116
-86
-60
-74
-75
-20
23
54
36
25
45
77
107
122
119
97
87
79
93
117
139
156
153
141
134
142
141
156
180
192
199
189
185
187
198
202
191
175
148
165
170
160
139
119
99
101
110
115
115
100
90
81
72
38
-6
-47
-64
-56
-32
-42
-81
-109
-123
-94
-64
-46
-51
-49
-26
17
69
101
113
111
138
177
207
226
234
253
255
250
233
218
210
218
224
204
149
111
91
82
74
44
29
-7
-59
-92
-121
-155
-166
-172
-190
-233
-257
-247
-230
-206
-203
-214
-210
-202
-179
-160
-191
-196
-202
-210
-195
-202
-202
-216
-203
-177
-189
-213
-266
-308
-292
-292
-300
-293
-266
-263
-285
-323
-283
-201
-159
-208
-304
-278
-141
32
89
42
-41
-94
-14
119
190
185
156
185
294
385
424
390
340
288
304
382
445
493
487
466
429
375
308
262
265
315
345
344
327
273
227
211
211
163
103
50
65
105
141
128
92
21
-26
-22
-23
-36
-64
-53
-34
-3
-8
-28
-54
-60
-31
-10
22
60
121
177
205
182
152
124
128
144
152
181
157
147
110
59
7
-81
-149
-190
-234
-270
-315
-377
-431
-518
-572
-605
-630
-617
-627
-613
-600
-568
-540
-546
-522
-510
-449
-398
-351
-298
-270
-238
-222
-197
-154
-103
-65
-53
-46
-35
-24
-9
-9
-3
-17
-33
-37
-16
17
11
15
-2
-19
-7
9
36
86
127
160
189
220
285
317
350
380
396
424
435
437
419
407
413
433
418
386
343
331
319
308
284
231
183
142
113
104
105
81
68
31
17
32
43
53
47
51
64
73
91
103
123
126
126
131
130
132
130
129
114
113
105
72
56
40
18
9
20
11
0
-32
-63
-59
-33
0
8
11
24
34
63
71
84
115
128
126
95
94
79
75
69
38
26
8
-4
8
7
6
-12
-25
-33
-39
-63
-108
-158
-221
-265
-310
-329
-355
-370
-372
-418
-480
-555
-634
-673
-704
-705
-709
-759
-787
-811
-811
-796
-805
-797
-788
-740
-669
-595
-522
-452
-381
-316
-259
-217
-161
-91
14
110
209
273
306
336
360
424
459
493
510
505
518
526
546
550
560
515
468
411
380
407
429
425
421
403
405
429
433
461
469
482
504
536
574
622
648
664
659
649
626
591
537
466
398
338
273
213
145
60
-12
-98
-166
-228
-308
-409
-471
-508
-535
-530
-530
-514
-508
-491
-474
-435
-376
-322
-294
-228
-151
-69
2
65
102
120
146
154
179
168
169
148
110
93
91
89
42
-23
-113
-169
-200
-193
-189
-214
-258
-268
-252
-217
-163
-142
-89
-88
-71
-46
-39
-16
16
63
129
194
231
245
227
238
242
276
302
307
309
264
204
115
19
-64
-160
-265
-373
-463
-531
-574
-650
-734
-832
-923
-982
-992
-1007
-1006
-999
-967
-895
-805
-693
-589
-489
-399
-300
-178
-69
59
187
307
425
523
621
694
770
807
834
846
833
813
812
797
762
737
687
642
584
513
436
352
286
235
197
171
133
96
78
71
68
58
42
38
50
72
103
162
211
237
272
301
331
356
354
346
344
333
332
334
314
268
195
94
-23
-130
-227
-316
-384
-450
-512
-549
-587
-627
-652
-673
-678
-685
-688
-665
-636
-571
-483
-399
-328
-262
-201
-133
-72
-31
9
31
77
135
164
191
191
169
154
123
97
71
27
-44
-110
-138
-142
-134
-131
-131
-119
-102
-75
-47
-1
21
41
66
109
167
210
259
286
321
335
360
396
433
449
451
457
456
483
507
510
478
433
350
259
177
94
-19
-155
-278
-373
-442
-485
-551
-618
-706
-782
-829
-856
-854
-853
-836
-789
-706
-612
-510
-387
-259
-127
-19
63
147
249
345
419
473
522
567
585
610
621
609
578
506
441
372
299
224
139
84
31
-7
-35
-59
-100
-133
-159
-171
-179
-193
-172
-148
-91
-51
-5
63
118
151
177
182
190
209
226
260
262
259
240
230
237
207
174
131
77
24
-41
-99
-154
-208
-270
-343
-407
-451
-485
-524
-535
-529
-518
-492
-443
-403
-368
-323
-283
-240
-176
-120
-63
-6
42
83
114
168
197
213
220
205
185
150
132
98
66
57
50
35
13
1
-4
15
33
37
47
64
88
129
185
240
287
335
395
444
486
530
559
597
601
599
592
589
591
575
549
502
475
446
435
415
376
339
308
308
270
217
126
18
-84
-176
-287
-416
-531
-616
-683
-736
-800
-861
-902
-939
-926
-935
-942
-929
-909
-874
-797
-721
-636
-530
-408
-278
-175
-77
-15
58
125
168
174
184
194
180
190
191
192
170
140
96
36
-20
-89
-148
-204
-250
-279
-307
-303
-272
-234
-187
-149
-115
-60
-27
26
70
114
165
215
262
325
388
453
519
539
564
553
534
514
486
441
373
319
266
219
179
100
33
-27
-85
-121
-139
-175
-238
-290
-340
-376
-386
-373
-331
-273
-202
-139
-73
5
52
112
159
202
238
262
281
298
349
378
403
419
413
410
377
355
314
266
213
143
99
70
62
36
33
40
40
58
68
85
97
101
86
78
90
106
128
169
200
207
216
217
206
189
160
136
89
44
-7
-32
-38
-48
-48
-55
-30
-10
0
14
19
12
4
-23
-68
-117
-181
-228
-298
-367
-450
-522
-582
-647
-723
-814
-881
-927
-941
-960
-969
-957
-950
-907
-840
-783
-706
-611
-522
-431
-332
-247
-148
-53
29
103
160
197
246
304
336
342
332
314
313
306
284
243
206
166
125
88
48
38
20
5
-3
12
33
58
94
116
161
219
276
332
384
429
467
508
549
583
625
626
615
619
616
625
604
568
543
501
460
414
357
310
261
213
161
109
72
61
43
25
1
-29
-49
-52
-51
-57
-73
-83
-78
-57
-39
-9
13
23
52
66
65
59
32
12
-27
-75
-103
-133
-149
-153
-158
-157
-159
-178
-193
-210
-211
-214
-214
-233
-244
-235
-221
-189
-165
-130
-116
-84
-55
-48
-54
-83
-104
-130
-152
-176
-193
-218
-237
-242
-228
-219
-216
-205
-206
-214
-201
-169
-137
-88
-40
8
75
131
199
259
313
363
386
372
349
282
218
145
41
-68
-188
-280
-371
-459
-536
-611
-667
-709
-735
-756
-770
-774
-747
-720
-686
-636
-580
-486
-392
-275
-148
-32
90
204
317
412
475
516
554
570
573
563
552
545
516
499
464
450
421
388
351
306
269
240
196
162
134
150
177
183
218
250
316
369
420
455
475
491
489
509
518
528
525
492
480
449
402
360
311
248
160
97
9
-69
-154
-213
-280
-331
-370
-404
-415
-427
-425
-412
-379
-349
-320
-298
-285
-266
-256
-247
-255
-248
-214
-192
-176
-171
-159
-146
-132
-130
-161
-199
-254
-319
-352
-400
-429
-449
-457
-442
-417
-374
-344
-306
-266
-208
-172
-129
-76
-39
-2
44
93
140
186
209
239
259
280
290
281
268
247
222
191
159
127
95
47
23
-6
-15
-21
-22
-6
6
25
57
99
124
159
206
245
281
322
342
368
379
398
408
416
414
412
394
336
281
213
136
40
-41
-132
-221
-306
-384
-432
-457
-476
-497
-505
-514
-502
-478
-437
-401
-365
-313
-262
-201
-135
-70
14
83
141
183
237
285
308
334
343
338
309
277
253
227
189
138
93
50
20
-7
-30
-51
-60
-73
-98
-107
-110
-109
-107
-88
-68
-43
-17
20
45
59
71
60
58
51
40
20
-13
-43
-69
-101
-147
-180
-219
-237
-251
-258
-268
-261
-262
-256
-222
-195
-160
-114
-69
-12
34
81
132
173
207
236
240
244
234
229
209
195
169
140
118
82
60
24
-1
-24
-42
-56
-75
-95
-114
-134
-152
-145
-134
-110
-70
-36
10
42
94
121
158
191
195
206
217
227
224
225
219
232
224
215
196
169
150
128
99
84
61
40
23
19
0
-3
13
18
28
36
49
74
111
153
181
210
255
296
317
316
310
296
289
277
255
228
204
176
130
70
-1
-77
-158
-238
-325
-421
-518
-611
-679
-748
-779
-812
-821
-814
-792
-767
-720
-643
-588
-524
-460
-420
-362
-301
-243
-187
-146
-93
-52
-8
35
59
82
95
91
71
47
33
-1
-34
-48
-80
-88
-86
-75
-53
-31
-6
17
69
104
138
187
219
247
268
286
286
303
330
358
379
377
384
389
382
374
358
325
300
247
198
171
144
107
76
57
29
5
-6
-5
29
52
77
106
139
169
202
246
289
323
338
349
336
345
334
336
321
281
247
193
142
79
39
-6
-31
-60
-96
-117
-161
-191
-233
-250
-253
-269
-268
-269
-252
-238
-218
-170
-124
-99
-67
-30
7
41
61
72
54
28
8
-19
-34
-60
-83
-79
-100
-116
-126
-132
-152
-177
-203
-228
-234
-244
-248
-240
-226
-210
-196
-171
-141
-118
-97
-87
-77
-69
-51
-40
-22
-9
3
19
33
40
54
58
65
63
50
46
22
14
-9
-36
-52
-66
-81
-107
-118
-159
-197
-238
-277
-306
-349
-363
-374
-367
-370
-347
-324
-301
-260
-212
-180
-134
-74
-20
29
79
115
144
185
231
273
298
324
356
373
374
385
387
367
350
333
317
294
268
260
240
225
220
220
222
220
226
228
220
211
199
184
179
180
179
171
178
180
180
181
187
173
168
149
134
128
111
95
76
80
59
53
28
9
-3
-30
-36
-41
-52
-63
-67
-65
-57
-56
-45
-41
-41
-62
-59
-71
-86
-89
-105
-120
-154
-184
-193
-207
-232
-247
-278
-289
-295
-312
-324
-347
-365
-376
-369
-366
-360
-336
-317
-298
-283
-252
-222
-191
-172
-146
-121
-97
-52
-22
10
22
24
33
38
61
56
53
37
26
5
-6
-6
-7
-16
-39
-40
-38
-22
-20
-10
-1
22
31
60
88
115
149
160
185
203
219
233
249
271
277
278
294
297
325
341
358
359
361
343
312
288
248
227
191
156
118
83
60
48
42
27
28
14
9
-12
-35
-68
-104
-118
-153
-175
-212
-245
-260
-272
-276
-266
-260
-238
-217
-202
-172
-169
-153
-144
-128
-111
-102
-95
-90
-71
-51
-30
-6
13
21
35
48
59
74
70
50
28
3
-15
-33
-44
-53
-79
-97
-112
-124
-132
-129
-130
-134
-124
-116
-103
-85
-77
-65
-53
-39
-17
12
48
69
90
119
131
150
165
184
202
192
184
174
158
136
112
88
62
39
17
3
-17
-32
-32
-37
-35
-38
-45
-60
-61
-48
-42
-44
-46
-32
-28
-22
-5
14
27
40
62
77
83
101
100
101
104
98
94
93
79
80
67
60
65
59
72
65
74
73
74
76
62
61
52
48
45
39
36
38
33
34
31
40
53
63
68
66
55
54
40
32
32
18
9
-1
-13
-25
-24
-11
-8
-18
-25
-36
-47
-68
-78
-96
-110
-122
-155
-153
-152
-146
-133
-132
-120
-101
-91
-93
-89
-93
-90
-88
-92
-86
-88
-88
-90
-101
-108
-130
-133
-145
-145
-144
-137
-128
-131
-116
-115
-100
-103
-99
-82
-80
-65
-52
-38
-23
-21
-10
7
32
48
69
70
74
80
71
75
62
54
45
51
59
58
57
48
48
37
31
30
21
33
28
16
16
-1
10
18
36
51
58
73
87
92
109
126
127
137
144
147
137
141
141
135
129
122
116
103
94
91
97
87
77
72
58
59
47
40
39
46
47
46
67
73
75
84
93
102
96
96
92
75
71
59
42
20
5
-8
-27
-39
-55
-57
-72
-85
-95
-104
-110
-121
-135
-136
-138
-137
-127
-121
-116
-122
-129
-115
-114
-108
-115
-117
-113
-118
-124
-134
-137
-154
-152
-160
-164
-151
-152
-150
-144
-143
-145
-127
-127
-101
-85
-69
-41
-41
-6
20
25
30
48
49
58
67
83
101
111
117
113
114
123
121
108
93
84
77
70
79
69
59
54
39
42
45
50
60
71
74
84
92
93
103
91
92
84
74
79
73
70
73
62
53
57
54
56
50
44
31
37
34
14
1
-9
-23
-24
-20
-17
-13
-15
-17
-11
-12
-7
1
-2
-7
-25
-27
-27
-29
-30
-31
-35
-43
-51
-56
-57
-60
-66
-85
-82
-92
-97
-89
-92
-84
-91
-86
-76
-83
-62
-59
-56
-37
-36
-33
-30
-30
-26
-22
-33
-46
-52
-54
-65
-81
-83
-82
-84
-83
-83
-95
-90
-85
-76
-73
-58
-57
-41
-20
5
22
34
60
79
88
102
110
112
132
135
142
137
138
138
134
131
125
119
123
115
111
105
86
69
48
31
26
27
17
29
30
33
38
40
53
70
72
84
69
63
62
53
62
43
32
33
44
44
61
63
55
41
35
28
28
26
11
16
14
7
0
14
11
10
11
-2
0
11
23
17
15
24
23
29
24
24
29
29
20
18
16
16
26
26
45
28
20
21
12
-1
-6
-20
-45
-71
-112
-138
-183
-228
-253
-276
-310
-332
-351
-364
-371
-382
-370
-366
-357
-345
-332
-319
-298
-285
-255
-229
-207
-182
-150
-112
-89
-48
-5
28
54
84
110
120
131
123
112
113
113
110
107
95
92
89
79
84
89
108
106
118
132
145
155
166
163
169
185
179
187
190
200
217
222
223
216
223
221
219
216
211
196
175
168
143
128
101
83
69
47
44
53
48
49
41
43
42
28
26
29
25
30
25
13
14
28
23
41
46
35
47
37
24
23
6
-9
-26
-53
-75
-88
-103
-100
-98
-96
-99
-104
-92
-91
-83
-75
-70
-71
-76
-94
-82
-90
-90
-74
-75
-67
-67
-72
-70
-68
-75
-81
-82
-101
-106
-118
-126
-125
-129
-129
-132
-139
-139
-133
-130
-128
-120
-116
-115
-105
-102
-82
-76
-65
-51
-50
-44
-52
-43
-37
-47
-46
-50
-43
-33
-39
-35
-28
-24
-24
-17
-12
-3
-2
14
33
37
51
58
83
96
109
124
143
151
157
157
157
171
172
171
158
154
162
164
163
166
168
156
143
134
128
126
115
104
94
86
80
67
52
52
36
38
30
29
36
31
33
18
21
17
-1
0
-15
-4
-14
-13
-12
-22
-13
-27
-25
-36
-40
-47
-55
-60
-72
-87
-98
-109
-115
-118
-116
-121
-116
-107
-105
-84
-77
-65
-38
-20
-12
-7
-6
-1
9
17
8
9
4
13
18
15
17
4
-1
-13
-25
-38
-61
-64
-84
-84
-88
-86
-83
-86
-85
-83
-71
-51
-33
-16
-8
-5
-4
-6
-9
-6
-2
-11
-6
-1
0
5
10
8
13
22
27
19
15
1
-4
-11
-9
-9
-16
-15
-10
4
8
19
19
30
37
47
45
48
51
45
49
38
45
48
44
48
42
39
30
31
33
24
25
27
24
20
25
22
20
20
12
19
18
24
27
42
47
48
57
62
67
77
84
80
70
63
57
52
48
47
45
43
37
22
14
-2
-16
-25
-54
-59
-67
-81
-79
-88
-78
-75
-75
-65
-46
-40
-26
-27
-20
-5
-11
5
4
-3
12
2
5
-5
-18
-25
-42
-46
-66
-80
-94
-109
-127
-146
-148
-158
-162
-161
-159
-159
-157
-150
-130
-114
-106
-88
-70
-53
-34
-19
-3
12
28
38
48
64
76
85
93
103
104
97
96
101
107
99
88
77
77
71
60
57
49
51
47
50
51
50
48
42
60
72
78
80
89
100
104
117
121
121
118
126
127
126
127
122
115
106
102
92
77
66
64
63
53
46
51
37
19
15
0
-6
-18
-16
-17
-33
-38
-43
-51
-54
-60
-72
-78
-96
-102
-113
-118
-123
-132
-131
-132
-119
-115
-113
-101
-95
-91
-89
-79
-75
-71
-73
-65
-57
-43
-39
-31
-29
-28
-22
-30
-39
-43
-58
-60
-74
-82
-90
-102
-109
-111
-107
-111
-118
-112
-104
-103
-102
-92
-73
-68
-68
-59
-32
-19
3
22
37
50
63
79
84
94
94
86
87
83
78
76
74
69
67
59
58
53
57
57
56
67
65
65
68
70
75
82
89
103
110
112
117
123
124
130
123
119
115
113
113
110
113
112
113
108
101
91
98
98
91
83
68
63
32
25
21
8
-2
-1
-4
-14
-20
-23
-21
-29
-38
-42
-38
-47
-58
-59
-65
-64
-67
-77
-74
-70
-60
-66
-75
-68
-75
-78
-87
-94
-102
-102
-98
-101
-108
-111
-119
-122
-123
-112
-103
-99
-83
-78
-75
-75
-83
-80
-89
-91
-96
-107
-101
-104
-94
-90
-95
-89
-78
-75
-67
-61
-62
-63
-63
-60
-57
-49
-45
-40
-29
-18
-8
10
26
37
40
45
41
39
43
43
38
39
42
38
44
41
55
57
65
72
70
78
76
82
66
73
73
71
77
76
88
102
98
113
112
115
128
125
137
130
127
123
114
110
113
113
107
110
103
104
99
100
98
90
83
81
75
67
63
66
62
51
42
31
35
30
41
44
49
47
38
31
21
9
1
-9
-24
-32
-37
-42
-54
-66
-73
-74
-91
-88
-97
-108
-111
-118
-122
-130
-129
-115
-112
-111
-108
-106
-98
-96
-93
-96
-90
-97
-100
-91
-89
-83
-92
-93
-92
-89
-87
-99
-99
-112
-114
-126
-131
-129
-127
-120
-110
-104
-91
-78
-69
-61
-44
-32
-27
-20
-8
1
0
9
4
16
17
22
24
26
42
40
45
43
47
46
45
53
55
54
63
67
61
61
73
83
91
97
96
106
105
112
118
116
124
119
117
119
124
118
117
121
112
117
105
107
91
87
80
81
81
75
70
64
77
76
88
85
81
82
82
86
77
67
62
53
48
33
20
16
5
1
-14
-28
-34
-46
-55
-74
-86
-97
-103
-102
-119
-110
-114
-117
-114
-119
-105
-97
-94
-81
-84
-84
-81
-81
-79
-79
-76
-85
-72
-65
-67
-64
-62
-71
-75
-82
-87
-92
-98
-93
-102
-112
-122
-113
-111
-101
-98
-92
-81
-88
-65
-61
-56
-48
-48
-31
-24
-12
-5
7
14
15
21
19
24
30
30
34
29
35
37
42
49
45
50
51
61
60
70
68
72
75
80
87
84
90
86
75
71
67
71
74
75
73
72
66
67
67
59
61
64
57
65
70
71
77
78
84
93
88
92
98
98
99
98
101
101
92
92
89
76
78
64
54
46
32
25
14
10
4
-19
-31
-52
-63
-70
-82
-91
-94
-92
-89
-93
-95
-85
-80
-72
-70
-66
-69
-77
-74
-74
-70
-67
-66
-63
-57
-58
-55
-53
-52
-54
-65
-74
-86
-94
-95
-104
-114
-111
-115
-108
-101
-97
-88
-80
-78
-71
-66
-63
-52
-45
-43
-31
-19
-12
-5
6
14
18
25
32
32
40
37
41
36
32
38
29
31
33
25
29
37
37
37
40
37
42
40
40
38
37
41
38
43
45
52
60
53
50
56
62
63
60
67
71
66
53
49
49
53
51
46
44
43
48
49
50
45
48
49
55
51
56
58
55
59
69
69
72
72
72
67
64
64
52
57
56
55
49
46
33
34
31
21
11
0
-14
-25
-37
-50
-51
-61
-70
-74
-83
-75
-81
-83
-82
-83
-74
-77
-80
-89
-78
-87
-98
-103
-101
-103
-100
-105
-101
-91
-97
-89
-96
-96
-91
-97
-103
-101
-95
-99
-96
-90
-93
-88
-85
-78
-75
-71
-65
-59
-56
-48
-36
-36
-18
-11
-3
-5
5
14
26
31
37
46
54
65
59
70
77
84
92
92
88
95
107
107
107
105
100
98
92
91
87
90
80
84
85
81
81
77
88
80
77
68
63
63
59
66
61
63
58
53
49
41
41
36
34
33
32
29
30
32
25
13
12
12
5
13
3
-5
-7
-11
-8
-19
-24
-28
-38
-38
-40
-44
-40
-44
-51
-62
-71
-68
-79
-78
-83
-80
-74
-84
-81
-80
-73
-72
-70
-67
-72
-70
-66
-67
-59
-61
-62
-54
-50
-46
-47
-41
-46
-37
-38
-38
-28
-34
-32
-36
-39
-38
-37
-43
-46
-41
-44
-37
-35
-29
-32
-31
-24
-26
-22
-14
-19
-16
-14
-8
1
8
14
25
38
43
46
51
58
63
60
60
64
70
76
77
78
79
85
81
68
71
75
83
81
77
87
82
72
75
75
66
60
53
50
36
29
29
27
39
31
29
33
30
40
38
41
44
36
40
44
50
56
54
55
54
50
48
49
42
35
29
21
25
16
13
13
10
2
-7
-13
-17
-25
-27
-31
-46
-52
-60
-60
-59
-65
-67
-78
-70
-81
-86
-86
-92
-93
-104
-99
-96
-93
-94
-85
-79
-75
-75
-79
-79
-87
-76
-79
-83
-82
-86
-84
-87
-83
-80
-79
-77
-75
-72
-72
-71
-67
-61
-52
-50
-45
-43
-42
-29
-18
-8
-7
-5
-1
12
21
29
37
42
43
45
50
52
65
64
65
67
65
64
69
80
83
83
85
90
90
89
83
73
63
63
58
62
67
67
71
78
69
64
66
75
77
74
76
75
79
73
79
74
79
77
85
85
78
80
72
68
64
63
69
59
60
56
45
39
30
21
11
0
-13
-25
-30
-33
-37
-38
-50
-59
-59
-73
-69
-63
-67
-72
-81
-72
-75
-78
-79
-77
-79
-78
-81
-80
-85
-87
-96
-95
-95
-100
-93
-95
-91
-92
-90
-99
-95
-99
-90
-90
-92
-82
-77
-76
-70
-71
-67
-71
-69
-66
-63
-55
-55
-48
-44
-39
-40
-44
-43
-35
-30
-20
-14
-6
7
15
24
25
37
44
52
58
66
73
76
83
81
81
82
85
88
88
84
88
89
85
80
73
78
74
76
74
75
66
56
62
56
60
59
57
61
61
65
65
70
72
76
70
75
75
67
73
67
61
61
62
58
55
53
49
41
38
36
25
21
16
15
10
1
-7
-15
-12
-20
-21
-32
-37
-35
-42
-32
-33
-30
-32
-40
-43
-43
-46
-46
-54
-52
-59
-63
-64
-75
-71
-69
-69
-63
-68
-71
-64
-70
-75
-80
-78
-73
-73
-65
-60
-61
-51
-46
-43
-46
-43
-45
-40
-36
-37
-31
-30
-24
-35
-35
-39
-35
-40
-48
-46
-52
-44
-38
-34
-26
-29
-23
-21
-8
-4
0
12
6
22
21
28
33
33
37
35
43
50
55
56
53
59
61
54
45
48
45
46
42
37
31
28
29
25
26
28
23
28
26
30
30
34
35
42
54
50
56
55
60
65
64
66
68
75
74
65
64
61
57
50
45
38
41
36
26
17
18
21
13
11
9
9
2
-7
0
-3
-3
-5
-10
-11
-9
-11
-16
-15
-13
-15
-12
-11
-18
-28
-35
-42
-42
-53
-56
-60
-71
-77
-81
-87
-87
-87
-83
-81
-83
-83
-78
-72
-82
-76
-76
-84
-82
-82
-73
-72
-65
-66
-66
-59
-53
-47
-47
-48
-42
-40
-36
-28
-25
-28
-25
-23
-24
-20
-8
-2
0
5
14
23
28
37
44
47
56
52
55
54
58
63
63
70
68
66
64
57
60
69
57
57
54
54
53
50
52
49
51
53
51
49
52
52
54
52
57
55
47
44
38
31
36
32
32
34
28
34
33
36
38
35
32
29
21
19
19
21
26
24
24
17
10
13
5
2
-11
-10
-17
-25
-26
-24
-24
-19
-26
-31
-38
-41
-39
-45
-42
-42
-39
-38
-42
-46
-49
-54
-54
-62
-64
-61
-60
-64
-66
-61
-66
-63
-70
-63
-68
-69
-69
-63
-56
-56
-53
-57
-54
-54
-52
-56
-51
-45
-38
-38
-30
-27
-26
-15
-5
-5
-2
1
14
14
20
31
34
45
46
53
58
53
54
55
55
50
52
62
61
64
62
58
53
48
49
41
39
37
38
42
35
38
40
36
34
28
28
24
19
17
20
23
19
25
26
26
25
29
28
27
26
23
29
27
34
28
17
19
13
15
9
11
6
5
4
-3
-12
-11
-14
-16
-12
-20
-20
-25
-23
-28
-27
-26
-23
-16
-22
-24
-23
-18
-21
-14
-16
-9
-14
-18
-17
-23
-25
-32
-36
-41
-40
-37
-35
-30
-31
-29
-25
-32
-34
-36
-37
-40
-39
-47
-43
-38
-41
-37
-37
-27
-30
-32
-29
-24
-25
-19
-21
-26
-22
-24
-16
-16
-18
-17
-12
-8
-8
0
-3
2
10
2
7
13
20
34
34
37
39
41
47
39
39
39
40
36
35
35
31
27
33
32
34
38
40
38
37
32
31
32
24
28
24
29
32
37
45
44
40
45
46
42
44
40
41
32
28
29
27
23
19
11
6
6
-1
-8
-17
-17
-20
-21
-20
-18
-19
-20
-19
-18
-19
-16
-15
-19
-16
-20
-22
-18
-17
-19
-28
-30
-31
-32
-39
-36
-33
-39
-36
-44
-45
-50
-48
-49
-56
-52
-47
-43
-51
-52
-48
-51
-58
-55
-50
-45
-41
-41
-35
-33
-26
-28
-19
-20
-23
-21
-20
-14
-11
-1
4
8
11
13
11
11
17
24
18
19
21
19
22
16
18
17
17
23
22
31
28
27
33
40
49
46
48
55
50
53
53
57
62
58
57
54
54
51
52
50
50
48
46
47
47
48
49
49
40
45
43
41
40
31
32
23
21
16
12
10
4
5
-2
-5
-13
-12
-14
-13
-20
-19
-29
-27
-29
-33
-37
-41
-28
-37
-36
-33
-31
-25
-23
-24
-19
-21
-17
-11
-9
-9
-10
-12
-16
-20
-18
-20
-24
-28
-35
-39
-32
-31
-30
-35
-41
-45
-37
-34
-38
-34
-38
-38
-40
-39
-39
-32
-32
-29
-27
-28
-20
-26
-22
-22
-22
-22
-23
-17
-20
-21
-27
-23
-26
-21
-15
-12
-8
-16
-9
-5
0
2
-3
1
11
10
20
23
27
35
36
39
40
45
43
41
51
50
49
49
51
49
47
44
43
45
42
37
44
38
39
34
32
38
34
35
41
37
38
40
35
35
37
34
30
29
21
9
8
14
11
10
9
5
-2
-8
-8
-11
-20
-16
-19
-19
-23
-17
-18
-22
-18
-22
-16
-23
-21
-16
-21
-17
-17
-15
-19
-21
-22
-23
-23
-25
-24
-29
-27
-26
-31
-28
-29
-28
-33
-32
-27
-30
-29
-30
-26
-24
-30
-29
-24
-33
-36
-32
-36
-28
-30
-26
-23
-27
-25
-22
-26
-22
-20
-20
-21
-21
-21
-23
-14
-20
-9
-10
-11
-7
-12
-3
-1
0
2
1
5
10
8
18
16
18
15
21
22
26
30
29
35
37
41
37
44
42
43
34
38
44
44
42
42
37
38
37
38
37
36
34
30
31
28
33
31
32
29
28
30
25
24
26
25
28
22
21
17
14
13
19
12
16
11
-1
-3
-9
-6
-9
-2
-9
-5
-10
-17
-16
-19
-13
-22
-19
-26
-31
-26
-20
-16
-19
-20
-16
-9
-17
-15
-17
-17
-3
-12
-15
-16
-21
-23
-31
-30
-31
-27
-24
-32
-31
-35
-33
-33
-29
-32
-28
-25
-26
-28
-26
-15
-17
-21
-20
-23
-12
-17
-16
-19
-21
-20
-24
-21
-16
-18
-12
-16
-23
-10
-11
0
3
6
6
8
19
16
16
16
25
28
26
25
32
34
42
38
39
45
41
42
37
46
42
40
41
33
40
33
38
34
35
37
30
28
30
29
29
28
26
22
21
22
21
17
15
17
14
13
8
9
5
8
7
1
-1
-5
-4
-8
-7
-20
-18
-20
-17
-24
-27
-33
-29
-25
-35
-34
-33
-36
-38
-42
-41
-40
-46
-45
-46
-37
-39
-36
-33
-36
-31
-32
-27
-15
-18
-19
-12
-17
-9
-11
-18
-15
-16
-13
-16
-17
-14
-18
-17
-23
-20
-15
-17
-7
-12
-13
-11
-7
-12
-7
-6
-6
-9
-4
2
2
1
7
8
4
4
8
15
17
18
11
8
4
8
12
14
10
13
12
16
14
22
25
26
29
31
33
26
31
30
30
30
25
26
19
19
22
22
26
27
30
23
21
26
28
29
27
30
23
21
20
22
23
27
22
25
21
26
22
19
18
11
3
1
-2
-6
-7
-1
-3
-4
-5
-10
0
-8
-12
-12
-16
-15
-19
-27
-23
-31
-35
-25
-28
-25
-33
-32
-34
-36
-40
-35
-35
-33
-30
-30
-30
-31
-22
-23
-25
-26
-24
-25
-18
-13
-16
-8
-11
-6
-13
-19
-10
-10
-4
-8
-7
-4
-2
-5
-3
0
-8
-6
-8
-6
2
5
5
1
3
2
9
7
5
9
3
16
5
9
12
15
21
13
16
15
23
26
23
28
26
25
24
14
16
23
20
28
27
27
25
30
28
26
25
26
29
28
26
30
28
25
26
27
30
33
33
30
26
20
17
8
11
8
14
8
7
9
6
14
8
11
10
6
5
5
-1
2
3
-1
-8
-17
-19
-27
-28
-26
-24
-22
-23
-21
-27
-24
-30
-38
-45
-51
-48
-48
-53
-48
-45
-41
-42
-47
-41
-40
-39
-34
-33
-36
-33
-36
-31
-29
-29
-30
-33
-25
-24
-25
-23
-25
-26
-26
-26
-15
-13
-3
6
7
1
6
4
2
-1
-6
6
7
7
8
11
6
5
8
5
7
12
5
9
11
18
13
13
16
16
18
20
25
31
29
34
38
38
39
33
34
33
35
34
39
36
27
24
24
23
24
23
26
32
26
28
32
31
28
31
26
25
22
26
28
23
22
19
20
11
6
0
-2
4
-3
7
4
7
7
2
7
1
-2
-4
-6
-9
-4
-9
-3
-5
-13
-10
-10
-12
-10
-10
-14
-21
-28
-31
-35
-35
-36
-36
-39
-42
-37
-43
-40
-41
-46
-40
-38
-29
-28
-21
-27
-25
-27
-27
-28
-32
-33
-34
-30
-35
-30
-27
-28
-27
-24
-22
-18
-16
-18
-17
-15
-13
-9
-2
-11
-5
-7
-12
-7
-14
-7
-5
-1
3
10
13
9
12
11
14
18
17
16
21
25
22
19
26
28
26
34
29
29
32
37
40
48
44
52
47
47
47
46
45
38
38
35
34
33
33
36
41
39
37
39
32
37
40
36
35
29
27
20
15
14
10
3
5
-2
-4
-4
0
-1
-4
-1
-7
-7
-10
-11
-15
-17
-19
-17
-17
-10
-19
-19
-18
-19
-18
-18
-22
-26
-25
-29
-36
-34
-32
-36
-41
-37
-34
-33
-32
-27
-21
-22
-27
-24
-25
-23
-21
-19
-19
-20
-17
-9
-14
-15
-14
-12
-10
-16
-10
-16
-7
-7
-6
-9
-18
-13
-17
-20
-14
-18
-15
-8
-10
-7
-9
-8
-10
-6
-12
-8
-9
-6
6
7
3
3
6
15
18
17
19
24
27
19
19
21
21
28
29
27
27
24
24
21
29
29
26
24
19
18
17
27
28
32
27
27
29
24
22
23
21
16
15
13
8
12
11
6
9
5
2
-2
-1
1
1
4
5
-1
-1
-6
-10
-12
-15
-17
-8
-14
-23
-22
-24
-25
-23
-20
-23
-25
-24
-23
-20
-23
-25
-24
-27
-16
-20
-18
-15
-24
-18
-20
-20
-20
-23
-22
-18
-14
-14
-8
-9
-9
-11
-6
-8
-3
-5
-8
-2
-5
-6
-1
-7
-2
-2
3
5
-4
-4
-2
1
-6
-1
0
-2
-4
-3
5
2
4
4
12
11
12
18
16
18
18
19
15
16
12
5
11
4
8
11
5
9
2
6
8
9
11
8
8
6
10
12
16
17
21
16
21
23
21
24
21
24
25
26
23
25
18
21
23
21
22
20
17
15
9
7
3
7
10
4
10
2
6
-2
-1
1
-5
2
3
4
1
4
-2
-1
-2
-3
-2
-9
-10
-10
-14
-10
-17
-15
-21
-25
-25
-23
-22
-27
-25
-29
-22
-22
-18
-16
-19
-22
-12
-14
-10
-9
-13
-11
-14
-6
-13
-11
-14
-16
-15
-9
-12
-10
-9
-8
-6
-12
-8
-10
-9
-7
-10
-6
-5
-4
-4
-7
-6
-3
-4
-10
-2
-7
0
3
-5
0
-3
-2
-1
1
5
0
-2
2
-5
-7
-1
5
4
7
2
5
6
4
5
4
10
11
12
15
21
26
25
24
16
17
25
25
25
25
27
28
24
30
29
37
35
32
28
26
20
15
16
10
11
9
12
14
14
12
19
22
21
15
15
11
13
6
6
5
4
6
2
-6
-10
-15
-21
-23
-24
-27
-24
-24
-29
-31
-34
-32
-31
-29
-28
-33
-35
-32
-35
-38
-39
-38
-44
-37
-39
-40
-37
-35
-35
-37
-33
-24
-17
-21
-14
-12
-12
-10
-12
-11
-7
-9
-11
-14
-13
-5
-8
-6
1
2
9
11
21
16
11
8
13
20
12
17
19
19
17
13
6
11
12
15
15
17
12
13
18
21
19
20
21
20
23
22
23
21
20
22
20
20
21
20
21
20
16
26
19
17
22
24
23
22
26
22
18
18
16
14
10
6
3
1
4
3
5
4
7
9
9
4
3
-4
-8
-10
-9
-13
-15
-13
-12
-10
-14
-10
-12
-17
-17
-23
-22
-18
-22
-28
-25
-26
-25
-24
-19
-21
-18
-21
-22
-23
-25
-22
-26
-24
-20
-21
-14
-11
-17
-15
-16
-17
-14
-10
-12
-11
-5
-5
1
1
-6
0
-4
-5
-2
0
3
2
3
2
3
5
0
6
2
5
4
4
7
4
4
3
12
18
21
22
22
20
22
18
14
19
18
16
17
26
21
23
21
19
16
13
12
9
11
11
12
10
13
12
12
13
8
8
7
0
-2
5
8
3
8
4
5
6
5
4
5
6
1
5
10
7
17
14
18
13
17
14
13
14
7
2
0
-1
-9
-7
-6
-7
-8
-5
-2
0
-1
-4
-4
-1
-1
-2
-6
-8
-11
-9
-15
