SAMPLES:	8412
BITSPERSAMPLE:	16
CHANNELS:	1
SAMPLERATE:	16000
NORMALIZED:	FALSE
3
3
4
1
4
6
-1
4
4
0
4
-1
4
4
4
4
3
5
5
3
2
2
3
3
2
7
4
5
2
0
-3
-1
-2
-6
-2
-2
-4
-5
-4
-8
0
-4
-3
-2
2
3
1
-1
1
1
1
-2
-3
-5
-4
-3
-3
1
1
-4
-5
-5
-4
-3
-2
-2
-4
0
-4
-3
-1
-3
-4
-1
-2
0
-1
-2
0
-4
-2
-4
-1
0
-2
-4
-1
2
6
7
1
4
3
4
4
3
3
2
5
3
3
4
2
7
1
4
7
5
8
4
1
4
4
2
4
5
2
4
7
-4
3
2
3
3
0
0
-6
-2
-3
-2
-5
-8
-11
-5
-3
-4
-3
-6
-4
-5
-6
-3
-3
-1
-4
-3
-8
-3
-2
-5
0
0
-3
-2
-1
-5
-2
-3
-7
-10
-10
-13
-14
-11
-8
-8
-7
-3
-2
-2
-3
-1
1
0
3
2
-1
3
2
1
3
1
-1
-2
-1
-2
0
4
1
-3
1
1
4
3
1
-3
-2
2
2
-1
5
3
3
3
0
6
4
5
4
1
4
9
4
5
-1
3
4
2
5
3
6
7
4
6
5
6
2
5
5
4
4
0
1
-4
3
-6
-1
-1
-1
-2
-6
-3
-6
-2
8
45
84
110
96
60
17
-31
-77
-140
-180
-175
-128
-47
5
49
67
70
79
54
0
-71
-140
-181
-196
-197
-189
-143
-71
34
110
140
145
112
70
18
-20
-42
-22
24
89
160
208
231
227
201
152
90
16
-60
-110
-112
-74
2
86
164
209
195
120
35
-68
-156
-200
-214
-175
-104
-23
58
130
174
168
111
30
-50
-127
-178
-195
-165
-104
-41
22
63
82
81
50
8
-41
-88
-115
-142
-130
-84
-42
18
63
85
96
64
8
-63
-119
-153
-164
-141
-109
-67
-20
34
86
115
98
43
-17
-73
-119
-129
-112
-58
11
50
87
109
134
132
96
44
-1
-39
-61
-47
0
62
118
164
183
166
127
67
0
-59
-98
-116
-103
-81
-41
1
20
38
41
34
0
-35
-63
-90
-109
-107
-97
-66
-35
-6
1
12
14
8
-4
-21
-23
-31
-16
-3
-4
-1
-1
0
11
19
26
35
54
70
86
106
114
116
103
103
105
93
84
75
78
73
84
108
144
176
203
231
254
267
261
241
236
220
203
180
157
151
145
144
116
78
17
-47
-114
-193
-268
-337
-375
-405
-431
-455
-487
-507
-529
-548
-549
-565
-559
-554
-535
-489
-437
-381
-330
-281
-224
-189
-152
-117
-76
-29
15
67
124
196
282
366
437
499
534
541
541
534
513
484
445
419
393
357
319
279
228
165
72
-19
-88
-165
-242
-299
-344
-380
-401
-432
-461
-467
-459
-439
-417
-395
-344
-299
-223
-148
-66
14
80
142
182
219
255
282
303
325
347
385
412
432
435
446
440
418
377
320
285
241
215
197
205
202
208
215
216
229
206
202
179
168
182
183
221
284
385
498
585
649
677
680
654
575
475
366
248
132
25
-71
-157
-234
-321
-423
-552
-683
-824
-981
-1121
-1253
-1347
-1419
-1460
-1474
-1449
-1401
-1345
-1292
-1233
-1155
-1076
-1001
-918
-825
-695
-570
-435
-305
-159
-25
112
237
343
454
536
630
717
792
855
909
954
983
991
1003
1035
1048
1065
1039
1016
1000
946
875
782
691
583
458
303
143
3
-111
-228
-323
-407
-463
-507
-561
-613
-660
-677
-716
-750
-760
-751
-712
-653
-566
-477
-369
-245
-127
-33
53
140
211
278
311
357
404
463
532
593
635
669
704
723
716
692
685
665
646
605
589
553
535
496
432
373
303
252
189
148
112
133
157
214
294
379
475
523
560
567
542
510
427
316
207
91
-27
-183
-298
-421
-551
-681
-817
-935
-1057
-1165
-1284
-1377
-1450
-1509
-1572
-1609
-1623
-1614
-1557
-1507
-1421
-1307
-1184
-1046
-905
-767
-630
-488
-371
-261
-164
-60
37
135
247
356
468
577
690
798
881
960
1007
1026
1036
1025
1024
1024
1020
1008
971
958
935
907
856
763
709
605
472
314
150
17
-119
-245
-384
-480
-553
-609
-645
-683
-691
-685
-685
-681
-660
-628
-596
-552
-493
-408
-309
-216
-108
2
118
233
336
407
462
513
564
617
638
649
679
705
722
730
729
745
720
705
662
616
577
508
454
364
294
203
119
36
-32
-58
-60
-30
23
126
237
353
439
493
559
598
622
581
494
395
274
132
-43
-191
-327
-441
-567
-683
-784
-858
-949
-1043
-1136
-1221
-1298
-1389
-1465
-1518
-1545
-1542
-1516
-1464
-1351
-1239
-1093
-945
-798
-642
-499
-355
-250
-145
-76
-11
56
103
158
220
303
394
495
596
718
824
906
962
981
994
987
951
902
833
797
761
717
697
675
643
620
570
490
384
266
130
-34
-194
-343
-457
-551
-622
-658
-662
-645
-624
-579
-538
-483
-441
-388
-350
-292
-230
-180
-113
-36
35
118
194
250
338
400
469
527
585
634
669
698
711
706
699
672
622
571
508
446
387
354
320
272
242
203
147
85
36
4
-21
-12
14
72
164
261
361
455
562
645
696
704
659
585
469
313
139
-24
-180
-337
-498
-645
-744
-835
-923
-1002
-1052
-1103
-1149
-1191
-1263
-1300
-1336
-1347
-1346
-1336
-1294
-1245
-1151
-1050
-936
-809
-685
-564
-438
-307
-174
-58
42
102
161
215
271
321
364
412
475
539
615
694
770
843
898
919
926
909
875
867
840
793
721
633
550
441
357
262
172
85
-30
-141
-261
-362
-447
-525
-591
-623
-642
-635
-603
-568
-520
-474
-435
-398
-346
-285
-228
-168
-111
-38
46
142
245
358
457
559
633
679
728
764
793
794
780
747
717
681
640
593
542
499
453
400
338
287
230
151
68
1
-54
-92
-111
-104
-39
38
129
214
311
425
524
597
631
635
610
538
428
287
138
-23
-199
-376
-535
-645
-742
-814
-880
-928
-957
-994
-1021
-1047
-1074
-1109
-1142
-1167
-1182
-1188
-1176
-1145
-1091
-1019
-930
-820
-695
-575
-447
-315
-195
-97
-14
58
135
179
216
250
281
316
344
393
440
499
579
618
686
724
762
811
828
830
793
761
700
639
553
452
350
256
143
30
-61
-143
-220
-286
-344
-387
-409
-433
-434
-425
-416
-383
-353
-339
-307
-277
-253
-236
-204
-165
-124
-73
4
91
194
304
413
521
594
652
693
702
701
688
669
631
592
545
504
461
417
387
356
337
294
249
191
136
73
28
-16
-27
-15
20
78
139
205
277
393
500
607
693
744
765
747
687
588
437
279
96
-88
-278
-473
-623
-754
-844
-917
-979
-1023
-1053
-1059
-1077
-1093
-1103
-1123
-1151
-1168
-1173
-1176
-1154
-1130
-1080
-1030
-975
-894
-798
-671
-554
-431
-298
-182
-68
24
105
195
266
311
345
369
396
428
462
502
537
596
637
682
729
767
789
792
806
778
761
724
649
593
502
401
276
138
20
-113
-228
-332
-411
-465
-503
-530
-529
-495
-457
-416
-371
-321
-286
-263
-228
-197
-183
-154
-125
-86
-17
53
134
209
310
403
497
582
648
711
765
786
792
784
737
692
603
552
457
380
317
246
205
158
139
96
76
70
72
101
139
189
260
326
404
475
552
636
704
734
742
714
651
565
435
278
103
-75
-268
-432
-589
-716
-832
-935
-1009
-1056
-1080
-1105
-1119
-1136
-1145
-1149
-1155
-1174
-1178
-1178
-1160
-1141
-1114
-1073
-1010
-909
-829
-722
-608
-498
-378
-261
-163
-67
22
107
183
230
282
328
368
411
452
492
524
561
598
619
666
712
750
781
791
790
788
754
720
664
595
509
397
284
169
56
-63
-183
-289
-372
-425
-460
-504
-505
-484
-447
-416
-361
-313
-268
-233
-218
-198
-186
-157
-123
-76
-22
48
119
211
309
412
517
621
700
767
806
824
845
818
787
737
655
585
493
407
316
239
170
92
30
-15
-27
-35
-4
45
116
188
280
368
451
550
634
690
716
715
675
621
530
403
259
106
-44
-212
-389
-529
-670
-781
-876
-953
-1008
-1034
-1045
-1057
-1043
-1051
-1049
-1055
-1065
-1074
-1074
-1083
-1081
-1053
-1026
-983
-918
-850
-766
-660
-548
-442
-328
-213
-114
-3
90
165
228
286
327
358
382
390
425
433
446
498
521
552
591
631
661
691
719
729
728
725
691
649
576
485
381
248
137
6
-137
-273
-383
-483
-538
-573
-593
-579
-549
-513
-458
-408
-345
-284
-234
-194
-160
-121
-79
-25
34
77
138
207
292
379
473
582
674
743
814
858
883
885
848
798
722
651
551
462
365
286
202
136
59
-6
-55
-92
-85
-79
-38
36
129
228
329
433
538
642
719
756
766
738
689
587
469
320
151
-26
-198
-360
-510
-647
-745
-817
-895
-929
-960
-951
-949
-938
-927
-927
-936
-956
-965
-983
-993
-1010
-1020
-1022
-1006
-979
-931
-871
-781
-696
-604
-502
-393
-279
-171
-80
7
96
167
241
293
341
365
390
416
397
406
421
445
494
528
571
612
667
713
737
756
767
769
718
652
553
438
313
170
24
-115
-236
-335
-403
-474
-509
-531
-540
-514
-490
-444
-399
-352
-313
-260
-209
-145
-88
-34
26
83
157
232
324
414
500
568
625
677
707
726
739
726
710
683
638
600
543
489
413
343
273
203
125
50
-8
-44
-64
-63
-54
-7
53
139
239
341
464
570
672
753
793
810
790
726
628
488
361
192
24
-164
-338
-500
-646
-771
-875
-949
-994
-1005
-1009
-1030
-1018
-1007
-990
-962
-967
-961
-965
-964
-980
-983
-983
-975
-959
-929
-894
-835
-772
-696
-620
-520
-419
-302
-187
-73
38
139
235
317
387
422
446
483
502
532
564
597
622
658
693
724
761
772
788
792
792
770
734
662
578
473
362
254
131
2
-124
-229
-347
-431
-519
-565
-602
-609
-603
-584
-543
-515
-448
-387
-312
-217
-122
-13
86
199
292
393
480
544
592
605
627
629
633
638
631
606
581
555
535
496
465
426
379
327
274
223
162
99
39
9
-15
-22
-23
8
59
128
207
308
413
516
622
707
774
801
805
763
685
565
439
296
131
-41
-206
-395
-562
-715
-852
-958
-1049
-1111
-1157
-1198
-1207
-1194
-1178
-1144
-1117
-1062
-1027
-1002
-972
-952
-930
-918
-895
-897
-881
-869
-832
-776
-695
-613
-522
-402
-294
-171
-61
47
173
279
383
474
556
622
664
696
717
752
764
781
781
777
805
806
821
822
806
778
738
675
585
502
395
275
152
27
-86
-190
-282
-383
-464
-541
-597
-633
-657
-659
-646
-611
-556
-482
-391
-286
-168
-48
67
189
304
416
512
617
684
718
733
722
707
685
635
595
550
495
447
393
362
344
321
321
303
271
236
199
159
116
98
93
87
107
151
203
283
347
433
508
579
650
694
719
716
709
664
587
492
370
234
66
-92
-258
-425
-583
-755
-896
-1036
-1143
-1232
-1284
-1305
-1312
-1302
-1292
-1267
-1227
-1182
-1125
-1084
-1047
-1006
-980
-943
-914
-878
-839
-813
-773
-729
-672
-603
-513
-410
-317
-207
-95
38
166
290
401
505
597
674
756
816
873
924
953
980
990
994
979
960
927
876
817
749
682
590
496
399
290
189
86
-15
-110
-203
-288
-367
-436
-511
-566
-597
-604
-601
-587
-542
-471
-396
-319
-220
-122
-20
93
200
323
432
511
582
626
656
680
686
675
655
630
598
544
491
429
370
318
276
245
213
184
157
128
88
54
34
27
47
85
121
187
257
329
409
495
563
643
707
743
773
761
742
689
609
515
389
258
80
-95
-279
-452
-620
-775
-918
-1053
-1163
-1251
-1306
-1364
-1379
-1383
-1376
-1357
-1321
-1293
-1257
-1208
-1183
-1142
-1111
-1068
-1019
-966
-914
-863
-801
-735
-664
-571
-474
-368
-255
-151
-49
63
176
299
409
514
613
704
796
884
950
1008
1063
1088
1109
1109
1085
1056
1011
947
891
803
713
600
487
375
265
164
60
-39
-138
-238
-320
-402
-472
-525
-562
-570
-591
-571
-534
-493
-439
-368
-279
-188
-91
20
141
256
358
449
514
591
638
657
682
673
660
626
599
566
527
494
439
388
341
295
262
208
184
158
123
100
68
70
68
97
121
161
218
274
346
422
512
583
657
714
767
792
803
784
726
622
504
360
188
18
-175
-365
-557
-732
-885
-1037
-1171
-1268
-1331
-1392
-1429
-1451
-1458
-1448
-1427
-1390
-1343
-1305
-1256
-1211
-1152
-1092
-1048
-977
-923
-861
-814
-757
-691
-617
-544
-452
-360
-236
-112
-7
123
231
342
451
570
661
764
840
906
957
990
1033
1044
1046
1037
1022
989
954
901
839
765
690
611
528
431
331
219
117
22
-73
-158
-253
-336
-404
-450
-480
-493
-503
-507
-507
-485
-440
-380
-306
-211
-105
0
102
219
327
422
490
565
623
648
688
702
708
711
692
651
600
537
484
420
354
295
246
209
176
140
114
91
77
81
79
94
127
172
218
285
360
444
534
607
675
731
777
792
793
747
672
576
446
310
150
-25
-220
-407
-595
-788
-966
-1128
-1265
-1374
-1461
-1517
-1554
-1573
-1570
-1548
-1501
-1467
-1414
-1361
-1316
-1258
-1197
-1124
-1063
-1003
-941
-880
-804
-736
-661
-582
-497
-410
-302
-204
-102
22
134
249
362
471
576
684
774
856
921
988
1036
1079
1106
1117
1120
1110
1095
1063
1028
980
923
849
777
682
589
479
375
267
140
36
-68
-154
-244
-317
-384
-435
-481
-490
-502
-500
-486
-458
-411
-367
-301
-226
-119
-10
95
188
270
351
415
467
489
511
524
521
522
504
488
458
423
377
341
297
268
221
164
132
103
86
79
77
79
83
97
127
167
209
258
338
418
504
581
650
727
771
802
807
789
750
676
567
437
281
119
-57
-246
-437
-609
-785
-962
-1105
-1244
-1344
-1425
-1470
-1500
-1514
-1506
-1494
-1461
-1424
-1369
-1313
-1253
-1198
-1142
-1088
-1029
-967
-915
-847
-782
-710
-639
-564
-490
-412
-319
-227
-115
8
105
231
347
457
565
663
754
837
908
966
1025
1062
1091
1111
1124
1128
1118
1079
1033
992
932
863
766
671
582
489
398
304
206
92
14
-78
-166
-242
-300
-336
-367
-397
-420
-436
-451
-426
-395
-361
-303
-239
-175
-86
-8
93
176
265
339
399
451
474
496
494
480
461
434
393
356
307
249
185
132
99
72
79
75
86
112
128
163
179
197
230
262
297
352
404
472
537
595
655
696
741
760
763
748
702
639
551
429
303
144
-12
-177
-342
-514
-695
-855
-1019
-1146
-1258
-1356
-1439
-1506
-1535
-1570
-1582
-1574
-1551
-1496
-1442
-1367
-1310
-1242
-1167
-1096
-1019
-952
-878
-807
-732
-659
-583
-509
-433
-347
-253
-171
-76
22
120
221
318
429
535
639
756
857
949
1034
1100
1168
1209
1237
1255
1261
1257
1232
1190
1119
1045
963
870
769
667
565
453
343
229
133
46
-32
-100
-155
-215
-264
-307
-344
-375
-400
-401
-416
-405
-398
-372
-338
-298
-246
-183
-111
-37
36
111
173
248
311
360
390
382
378
346
320
282
240
206
168
149
125
118
132
130
154
176
216
258
291
328
361
394
428
476
514
540
570
590
601
615
602
592
568
535
486
431
361
267
168
63
-58
-184
-318
-448
-575
-700
-829
-954
-1061
-1170
-1268
-1352
-1414
-1469
-1493
-1511
-1510
-1501
-1485
-1427
-1371
-1309
-1240
-1164
-1090
-1004
-926
-841
-760
-686
-603
-530
-480
-413
-333
-258
-172
-88
14
113
230
348
460
574
687
805
911
1003
1085
1159
1217
1266
1292
1306
1299
1286
1259
1220
1161
1093
1014
924
828
727
633
534
445
349
257
168
91
19
-50
-123
-183
-235
-291
-338
-388
-421
-447
-476
-484
-489
-479
-456
-430
-381
-319
-256
-185
-106
-33
62
135
193
238
263
279
285
279
277
272
248
248
235
243
245
256
281
297
320
355
388
421
456
484
493
497
506
508
501
482
453
431
402
378
355
320
293
267
232
201
158
93
40
-29
-113
-204
-303
-417
-524
-655
-772
-891
-999
-1116
-1224
-1306
-1374
-1428
-1461
-1479
-1484
-1462
-1437
-1377
-1313
-1249
-1181
-1103
-1014
-928
-845
-766
-685
-608
-542
-489
-417
-346
-261
-181
-97
-1
87
189
307
417
529
643
756
861
950
1043
1117
1179
1231
1264
1291
1298
1295
1285
1245
1214
1159
1099
1041
965
893
822
736
657
566
473
393
303
226
140
65
-32
-115
-189
-269
-344
-417
-490
-560
-626
-665
-688
-706
-703
-685
-635
-582
-513
-433
-348
-258
-160
-58
14
96
156
207
246
286
323
323
338
342
349
360
361
376
377
387
405
421
433
432
436
429
440
421
390
367
331
305
270
243
229
197
180
161
159
156
174
180
177
167
142
118
74
9
-76
-158
-263
-380
-493
-617
-732
-863
-979
-1098
-1213
-1309
-1390
-1441
-1474
-1477
-1471
-1434
-1396
-1346
-1264
-1188
-1094
-1007
-911
-820
-724
-634
-566
-490
-408
-335
-268
-192
-127
-41
30
121
209
298
405
507
619
722
826
934
1023
1102
1170
1217
1279
1309
1324
1333
1316
1307
1264
1220
1180
1125
1082
1022
966
903
826
750
652
546
432
323
216
95
-16
-141
-261
-388
-506
-603
-684
-753
-811
-856
-892
-897
-894
-869
-836
-781
-719
-641
-549
-451
-341
-231
-127
-16
82
167
250
322
386
431
460
480
484
476
463
441
427
403
372
350
321
306
286
276
258
247
248
238
244
236
231
229
231
232
215
210
198
185
181
163
156
140
118
100
62
30
-16
-62
-133
-202
-289
-374
-474
-587
-696
-810
-901
-995
-1079
-1145
-1193
-1242
-1268
-1273
-1266
-1237
-1207
-1167
-1117
-1039
-959
-876
-785
-710
-615
-520
-442
-358
-288
-209
-123
-41
38
125
198
281
365
446
526
602
675
744
827
899
977
1037
1094
1148
1188
1211
1232
1233
1236
1234
1198
1162
1112
1059
1010
949
881
790
708
597
477
370
243
139
7
-109
-219
-337
-426
-516
-597
-672
-733
-774
-817
-837
-837
-840
-824
-803
-767
-731
-674
-615
-555
-486
-405
-314
-222
-121
-26
61
146
225
286
341
393
419
433
441
426
420
396
367
338
306
294
283
270
265
260
249
260
258
260
265
275
276
274
273
259
261
251
245
214
193
160
127
98
74
34
-7
-42
-95
-143
-196
-258
-320
-389
-457
-533
-613
-674
-748
-802
-865
-915
-958
-991
-1019
-1037
-1033
-1017
-999
-967
-923
-865
-811
-747
-667
-598
-528
-460
-379
-300
-209
-134
-63
2
61
128
194
262
319
387
438
505
562
625
683
739
793
853
898
944
973
997
1006
1002
998
981
952
923
884
846
805
746
685
618
561
491
425
365
294
220
146
59
-13
-86
-174
-262
-333
-411
-489
-540
-602
-642
-673
-697
-700
-713
-720
-719
-712
-683
-650
-602
-555
-499
-432
-364
-272
-199
-112
-42
25
92
149
213
262
304
328
341
349
347
342
336
319
317
309
316
320
335
334
345
347
351
352
336
331
299
269
242
207
184
144
124
100
69
54
32
20
4
-5
-5
-15
-28
-43
-55
-89
-125
-154
-181
-221
-283
-342
-407
-461
-518
-580
-635
-686
-719
-745
-772
-776
-778
-764
-744
-730
-689
-646
-602
-558
-513
-465
-403
-349
-290
-242
-174
-108
-54
-1
51
108
148
199
244
289
340
393
450
494
541
576
613
653
687
709
726
743
740
734
722
713
701
689
665
627
596
561
535
499
462
428
384
347
307
263
204
139
77
0
-79
-165
-245
-328
-395
-470
-537
-597
-642
-683
-714
-730
-747
-725
-720
-694
-669
-645
-589
-540
-477
-418
-354
-280
-207
-125
-43
38
114
176
239
295
339
391
409
423
416
404
393
372
351
321
290
279
256
233
209
190
180
170
164
166
156
145
148
156
175
193
208
213
222
233
250
261
265
281
272
271
259
236
232
208
186
154
107
84
37
-16
-90
-164
-230
-308
-384
-463
-550
-619
-675
-728
-767
-800
-818
-824
-828
-829
-805
-781
-750
-709
-662
-612
-546
-496
-443
-390
-335
-291
-244
-202
-147
-105
-67
-15
31
84
135
181
239
291
341
398
447
498
539
595
624
656
691
710
726
746
744
748
732
716
697
659
626
592
543
503
462
421
383
323
272
202
129
47
-41
-114
-203
-272
-355
-418
-489
-557
-601
-647
-679
-709
-715
-727
-725
-715
-699
-659
-621
-576
-521
-456
-373
-299
-214
-137
-61
3
72
127
162
194
222
237
257
269
272
272
273
275
287
305
325
352
372
400
421
445
469
497
519
539
553
558
561
553
546
552
539
534
509
477
466
453
447
426
400
374
345
307
267
216
172
117
56
-17
-104
-184
-279
-374
-469
-566
-667
-765
-847
-931
-1002
-1072
-1123
-1157
-1184
-1178
-1170
-1141
-1105
-1059
-1017
-960
-894
-839
-762
-699
-641
-575
-511
-437
-386
-335
-268
-216
-141
-63
7
82
160
249
339
414
492
581
661
735
801
869
930
973
998
1015
1016
1004
977
959
921
887
846
803
772
710
680
644
613
575
526
485
423
374
304
220
126
25
-79
-195
-310
-426
-533
-639
-741
-816
-884
-936
-971
-1002
-1018
-1014
-1006
-972
-934
-873
-798
-713
-625
-539
-433
-325
-211
-96
3
106
191
273
344
411
468
523
570
606
634
663
680
694
707
710
707
700
697
685
677
664
642
615
593
570
555
528
503
481
462
436
410
382
358
332
302
281
265
233
199
158
103
52
1
-61
-134
-215
-290
-377
-464
-545
-641
-724
-813
-905
-981
-1053
-1126
-1184
-1231
-1274
-1293
-1308
-1301
-1281
-1252
-1208
-1152
-1097
-1043
-971
-903
-817
-729
-639
-544
-467
-373
-285
-193
-88
16
102
194
283
381
475
555
642
721
802
882
947
1002
1054
1099
1137
1164
1193
1202
1194
1179
1140
1098
1040
982
917
832
759
662
577
492
409
322
231
157
82
11
-67
-143
-209
-276
-355
-424
-484
-550
-621
-669
-725
-777
-821
-850
-872
-882
-875
-858
-828
-806
-754
-698
-631
-553
-471
-381
-284
-183
-80
22
116
216
304
388
458
522
577
618
660
681
704
705
701
699
691
682
666
661
640
623
603
576
547
509
482
451
419
383
352
323
283
238
208
160
115
72
32
0
-30
-59
-90
-109
-132
-146
-172
-192
-225
-256
-294
-347
-388
-435
-482
-554
-633
-705
-775
-849
-912
-985
-1053
-1099
-1142
-1170
-1180
-1173
-1157
-1129
-1094
-1045
-985
-917
-827
-732
-632
-538
-430
-327
-225
-123
-22
67
156
238
323
408
474
542
590
655
694
738
775
812
839
858
883
892
901
907
890
880
861
851
830
807
767
730
685
631
581
522
480
423
371
316
265
217
161
111
74
44
11
-31
-69
-116
-162
-206
-258
-307
-352
-412
-465
-513
-549
-588
-613
-638
-648
-650
-636
-615
-589
-543
-498
-431
-370
-304
-235
-156
-83
-10
57
123
203
277
333
390
430
465
491
499
516
520
511
496
476
466
428
400
374
347
317
282
260
221
194
160
126
95
65
45
21
-13
-34
-67
-97
-114
-140
-155
-173
-180
-189
-188
-191
-187
-185
-189
-187
-198
-201
-202
-220
-240
-268
-296
-315
-356
-386
-432
-472
-501
-546
-591
-620
-635
-656
-661
-675
-660
-650
-646
-618
-587
-550
-515
-470
-420
-371
-325
-265
-218
-162
-112
-52
-10
48
103
156
212
271
334
384
441
488
536
575
616
656
692
724
754
765
776
798
801
797
798
785
766
731
686
637
596
551
503
452
398
350
289
234
196
137
84
34
-23
-58
-98
-140
-177
-224
-262
-295
-327
-358
-394
-424
-453
-470
-488
-514
-532
-550
-545
-541
-535
-513
-495
-463
-425
-385
-337
-276
-219
-175
-108
-69
-15
29
75
120
156
193
215
236
250
252
264
270
250
251
235
217
200
178
168
159
151
150
134
125
113
108
100
91
96
82
82
73
57
48
39
21
12
4
15
12
8
10
11
13
15
16
20
17
14
22
9
5
-21
-45
-57
-74
-112
-159
-194
-233
-268
-306
-342
-369
-397
-410
-436
-444
-446
-447
-444
-439
-427
-406
-381
-353
-317
-283
-244
-197
-173
-135
-101
-74
-30
-1
35
66
97
134
164
198
228
264
305
329
374
404
430
464
475
497
506
505
508
505
503
481
466
444
398
372
336
295
252
198
160
111
69
42
-2
-38
-58
-82
-97
-115
-127
-136
-141
-139
-153
-159
-169
-182
-197
-217
-230
-255
-281
-310
-321
-336
-349
-360
-367
-368
-355
-334
-309
-271
-233
-197
-163
-117
-75
-31
8
45
76
103
126
153
177
185
190
197
201
220
230
232
236
233
235
235
227
219
217
207
187
171
147
134
113
92
71
55
35
14
2
-17
-23
-32
-37
-36
-20
-26
-17
-5
20
54
73
95
106
123
138
148
154
165
160
153
145
128
120
106
79
55
23
-4
-35
-78
-99
-138
-158
-196
-220
-233
-255
-275
-291
-306
-318
-325
-341
-353
-364
-374
-377
-386
-387
-390
-397
-382
-372
-349
-334
-324
-297
-271
-237
-196
-160
-121
-84
-53
-14
15
50
75
102
126
147
171
188
198
210
214
208
214
216
212
209
209
200
201
204
200
202
208
211
216
222
227
231
226
224
232
233
229
235
224
219
205
185
164
155
126
105
65
32
1
-39
-70
-96
-117
-141
-151
-158
-163
-177
-187
-188
-188
-192
-192
-182
-166
-155
-133
-124
-109
-90
-73
-61
-45
-26
-9
7
35
50
68
86
102
117
141
156
176
191
199
207
196
194
176
165
156
138
138
124
109
99
83
89
82
95
99
110
119
135
138
140
154
164
176
174
185
174
165
145
131
113
97
65
42
26
-4
-18
-48
-71
-94
-110
-126
-138
-166
-194
-206
-232
-248
-268
-296
-334
-353
-371
-389
-412
-429
-457
-471
-488
-504
-520
-526
-518
-518
-510
-492
-473
-451
-437
-414
-376
-350
-326
-287
-246
-206
-169
-125
-88
-62
-20
26
64
96
127
158
199
233
264
299
316
352
379
410
446
467
495
510
522
538
527
528
522
509
486
463
448
425
407
385
360
336
310
275
243
213
183
149
118
84
55
17
-17
-43
-85
-112
-148
-178
-192
-216
-241
-257
-277
-285
-288
-289
-278
-271
-260
-236
-214
-182
-150
-128
-101
-72
-38
-10
28
50
70
103
135
167
177
182
194
207
212
219
219
225
223
220
214
200
198
181
170
147
134
115
103
84
58
40
19
8
-9
-28
-44
-61
-73
-85
-107
-119
-133
-157
-163
-176
-190
-198
-204
-196
-209
-210
-205
-201
-202
-199
-205
-212
-208
-212
-212
-225
-230
-227
-230
-235
-234
-230
-230
-230
-221
-207
-196
-185
-182
-171
-168
-166
-159
-156
-145
-138
-136
-136
-132
-132
-120
-122
-116
-117
-115
-101
-87
-74
-70
-46
-19
-7
18
43
64
95
125
153
187
212
239
257
289
307
330
345
365
386
392
402
401
402
403
395
386
365
348
332
308
286
258
232
207
174
148
128
91
76
46
26
4
-12
-38
-58
-74
-94
-104
-123
-133
-138
-155
-158
-165
-156
-165
-168
-168
-158
-150
-139
-122
-108
-83
-62
-36
-26
-7
11
16
25
45
51
63
76
78
90
95
99
101
114
114
117
120
114
113
106
105
99
92
88
76
62
37
19
3
-20
-44
-53
-72
-82
-100
-124
-134
-141
-145
-155
-167
-163
-167
-165
-160
-170
-163
-168
-159
-152
-157
-148
-144
-145
-135
-120
-118
-106
-107
-104
-100
-96
-93
-96
-90
-88
-80
-80
-69
-65
-57
-55
-51
-36
-29
-17
-16
-11
-3
13
23
23
24
23
32
36
44
44
43
42
40
32
35
40
34
33
25
21
12
8
8
-5
-9
-7
4
10
13
22
26
36
39
51
61
71
83
90
96
103
111
122
127
127
130
131
133
125
126
112
113
115
115
104
94
97
83
79
72
58
50
52
40
28
12
5
-7
-6
-11
-21
-24
-25
-19
-20
-16
-16
-1
0
2
8
12
28
30
31
37
38
38
33
33
34
32
31
28
27
21
17
15
13
13
10
12
9
8
8
6
8
2
-6
-10
-17
-22
-27
-40
-47
-57
-64
-76
-95
-94
-102
-96
-100
-92
-91
-89
-74
-66
-55
-50
-49
-47
-48
-47
-42
-47
-40
-30
-33
-38
-37
-38
-41
-30
-22
-22
-15
-19
-7
-7
0
-8
-10
-15
-29
-32
-34
-47
-55
-65
-74
-83
-91
-93
-107
-117
-134
-140
-146
-145
-144
-148
-135
-145
-137
-132
-132
-122
-123
-113
-109
-96
-84
-71
-63
-51
-24
-5
14
31
59
76
90
118
131
149
170
183
189
201
212
222
223
225
233
223
228
219
219
218
207
205
193
185
179
165
155
145
125
115
101
96
81
56
52
51
49
41
39
37
35
34
26
14
2
-9
-22
-43
-55
-68
-78
-87
-93
-99
-104
-100
-114
-110
-110
-122
-117
-126
-118
-110
-106
-91
-88
-80
-69
-55
-41
-31
-34
-11
-12
1
20
25
41
48
58
69
77
88
90
100
104
102
109
104
116
109
109
108
98
98
80
75
65
50
33
20
10
-8
-29
-47
-64
-90
-110
-141
-146
-160
-174
-181
-200
-200
-221
-231
-234
-240
-254
-254
-256
-254
-262
-270
-267
-253
-256
-249
-237
-238
-221
-211
-207
-184
-164
-137
-120
-93
-66
-39
-2
23
70
95
117
139
162
191
203
220
225
230
248
247
261
271
276
260
270
273
262
258
250
239
234
223
216
198
188
178
169
171
149
140
133
120
108
92
79
64
47
43
26
17
2
-9
-7
-22
-31
-41
-42
-47
-59
-66
-75
-65
-81
-83
-95
-101
-100
-130
-125
-129
-126
-116
-118
-112
-99
-101
-97
-88
-83
-75
-64
-48
-37
-17
-6
15
29
45
59
64
82
83
81
90
94
99
96
98
97
92
102
95
87
97
97
99
81
80
63
58
48
28
15
-11
-27
-40
-62
-86
-109
-139
-148
-165
-179
-192
-206
-216
-233
-239
-240
-246
-258
-270
-282
-288
-295
-295
-288
-293
-279
-277
-270
-255
-245
-218
-196
-178
-150
-132
-113
-77
-47
-9
2
26
63
82
114
150
168
202
226
248
268
279
300
311
317
329
342
354
350
338
338
329
320
302
282
265
251
232
208
194
173
147
121
107
91
74
49
30
16
4
-12
-25
-33
-47
-55
-71
-74
-85
-84
-93
-104
-108
-122
-121
-125
-131
-122
-129
-128
-122
-127
-125
-132
-130
-121
-125
-118
-120
-113
-109
-103
-90
-85
-72
-70
-59
-46
-45
-30
-11
11
32
35
60
76
94
104
108
122
120
118
120
113
115
108
103
101
89
90
79
66
59
49
42
27
26
13
2
-9
-14
-18
-28
-31
-46
-45
-63
-65
-81
-97
-96
-111
-114
-130
-131
-137
-144
-141
-148
-142
-132
-133
-127
-115
-115
-119
-114
-109
-104
-96
-99
-79
-67
-59
-48
-50
-38
-28
-17
0
18
21
31
40
51
63
74
88
91
100
114
114
118
125
121
125
124
131
139
146
134
129
121
119
114
98
95
82
80
74
63
53
49
46
34
21
18
9
3
-12
-27
-42
-37
-50
-56
-64
-66
-70
-74
-75
-75
-79
-78
-70
-87
-79
-76
-80
-85
-80
-76
-77
-76
-70
-69
-62
-53
-52
-41
-35
-24
-12
0
11
24
28
31
35
44
41
44
51
51
54
63
69
78
84
91
99
99
103
102
110
118
118
106
99
101
92
79
71
56
38
32
24
15
-8
-6
-11
-14
-27
-24
-17
-35
-25
-29
-33
-25
-17
-16
-8
-15
-10
-21
-20
-19
-19
-18
-16
-12
-23
-28
-42
-37
-54
-62
-62
-59
-56
-65
-58
-51
-59
-58
-61
-68
-68
-72
-67
-68
-66
-61
-60
-56
-45
-48
-44
-28
-24
-14
-3
-8
-9
-1
0
-7
-4
-11
-13
-20
-25
-20
-22
-24
-31
-33
-41
-29
-38
-42
-50
-40
-45
-50
-43
-54
-47
-58
-41
-41
-39
-24
-28
-7
-1
7
26
26
43
42
47
48
55
52
47
53
56
58
66
60
57
63
69
71
63
70
64
65
58
52
54
58
54
46
43
42
43
41
38
32
28
22
29
29
38
40
45
41
53
60
65
68
76
76
69
67
67
62
57
58
55
51
43
38
33
19
16
15
8
9
5
7
-3
-6
-1
-3
-7
-10
-7
1
5
5
5
5
1
4
-3
2
1
-7
-2
-1
0
-6
-11
-11
-7
-9
-16
-22
-26
-26
-30
-42
-45
-47
-57
-64
-64
-71
-72
-86
-74
-78
-85
-86
-99
-93
-102
-105
-112
-117
-120
-117
-112
-118
-129
-129
-136
-134
-141
-137
-124
-134
-132
-129
-114
-108
-112
-105
-97
-92
-84
-77
-60
-46
-39
-33
-19
-7
8
27
37
47
62
74
86
93
100
106
109
119
123
124
123
115
114
111
111
100
97
103
109
99
91
94
87
93
90
83
90
76
91
85
88
88
77
75
65
67
70
65
65
65
58
63
69
60
62
57
62
63
49
55
51
48
45
34
36
29
38
30
20
23
10
12
13
15
16
7
9
9
5
0
3
2
-10
1
0
6
9
7
4
-4
-4
-4
-11
-9
-5
-12
-16
-17
-20
-29
-25
-33
-34
-41
-45
-48
-60
-63
-78
-90
-103
-100
-112
-123
-140
-140
-138
-153
-146
-146
-142
-146
-144
-140
-145
-143
-148
-152
-151
-149
-156
-155
-141
-138
-128
-118
-108
-105
-97
-88
-77
-66
-54
-46
-35
-19
-14
3
10
15
35
35
45
52
62
79
81
87
94
100
107
118
114
115
120
119
118
113
117
123
121
123
120
114
113
106
108
106
104
101
99
100
96
93
92
90
80
75
75
67
69
50
49
52
49
46
43
37
23
20
16
20
9
5
2
-3
-2
-6
-3
0
-2
8
8
13
16
16
26
22
23
22
19
21
21
17
15
24
11
4
5
-1
2
-5
-5
-4
-9
-12
-9
-13
-26
-21
-32
-26
-29
-38
-46
-45
-50
-63
-71
-74
-80
-79
-90
-94
-90
-100
-99
-93
-95
-95
-97
-96
-97
-98
-96
-103
-99
-95
-96
-93
-87
-94
-86
-92
-90
-85
-94
-83
-85
-75
-67
-63
-47
-45
-40
-31
-21
-11
7
12
11
12
27
27
34
43
46
48
51
62
69
73
86
87
88
92
91
101
100
108
112
106
99
103
99
100
102
104
111
108
102
99
92
95
96
85
77
65
58
60
54
50
47
43
40
35
32
19
15
10
3
7
13
6
2
0
-2
-3
-2
0
-5
-9
-14
-13
-15
-16
-18
-21
-20
-18
-23
-26
-37
-35
-37
-45
-49
-64
-65
-69
-83
-78
-89
-94
-90
-95
-91
-87
-84
-87
-85
-90
-88
-79
-76
-83
-76
-72
-67
-65
-58
-58
-57
-49
-47
-34
-23
-22
-16
-4
4
11
13
10
18
16
15
13
21
23
13
24
20
14
22
17
23
11
21
19
14
20
24
30
26
33
36
30
33
40
35
27
30
35
42
39
43
35
37
50
52
50
51
62
62
71
64
60
66
66
61
57
49
43
46
43
37
32
18
23
17
14
16
8
4
7
5
-3
4
5
-2
3
-8
-3
-10
-13
-17
-12
-17
-23
-24
-23
-19
-21
-19
-29
-28
-36
-31
-32
-34
-34
-30
-36
-39
-42
-38
-34
-36
-32
-27
-29
-24
-19
-18
-18
-28
-26
-20
-22
-29
-35
-37
-31
-32
-41
-41
-52
-52
-52
-57
-57
-58
-58
-57
-57
-53
-51
-43
-38
-35
-36
-34
-31
-29
-16
-6
-2
1
2
4
4
15
16
21
31
30
38
46
51
59
65
66
71
68
74
82
78
82
82
86
80
81
71
71
79
72
68
60
59
47
34
28
25
27
22
16
15
8
9
7
5
3
5
5
-4
2
-1
7
3
6
3
14
18
12
19
23
20
28
24
22
24
11
8
6
9
13
8
6
11
11
7
6
-8
-14
-14
-23
-21
-25
-22
-38
-41
-41
-47
-49
-52
-53
-52
-55
-57
-63
-62
-72
-67
-63
-73
-70
-85
-83
-81
-84
-75
-82
-84
-78
-77
-70
-69
-61
-52
-47
-46
-42
-34
-34
-22
-22
-18
-19
-12
-12
-12
-6
-8
-12
-5
1
7
3
8
15
5
15
8
9
10
12
16
21
28
31
37
33
33
31
38
36
41
40
40
43
41
44
43
49
47
46
51
50
54
60
55
61
59
56
71
67
68
65
60
64
49
46
52
48
44
43
40
44
45
43
43
44
39
42
43
42
38
32
29
26
24
28
20
22
16
15
12
11
7
6
3
2
1
0
7
5
3
2
-1
-5
-8
-11
-11
-22
-19
-32
-40
-51
-59
-60
-75
-75
-72
-78
-83
-90
-93
-95
-103
-94
-98
-100
-99
-97
-92
-92
-93
-96
-97
-99
-96
-92
-91
-83
-84
-83
-75
-69
-70
-62
-53
-46
-34
-27
-30
-27
-22
-17
-10
-9
-3
3
17
23
28
36
41
41
49
48
50
54
52
56
64
64
65
77
77
81
84
81
88
85
87
83
88
81
85
85
79
77
73
69
67
67
62
61
59
53
50
45
48
49
43
38
31
31
28
21
13
21
10
7
11
11
6
2
16
14
13
17
11
13
15
19
18
17
21
15
19
15
4
13
8
10
9
7
16
14
11
3
5
2
-7
-10
-22
-21
-26
-29
-30
-37
-40
-49
-48
-59
-68
-74
-76
-74
-74
-82
-88
-83
-87
-88
-89
-87
-90
-92
-90
-89
-87
-83
-90
-92
-91
-91
-86
-82
-79
-80
-82
-76
-74
-71
-62
-63
-55
-46
-47
-43
-36
-32
-16
-11
-4
6
17
28
29
30
36
41
50
50
53
58
63
71
67
67
65
73
73
77
77
77
76
78
81
74
75
70
78
67
68
70
66
56
58
60
52
58
53
55
58
56
57
60
58
59
57
55
45
36
32
25
24
15
10
8
6
6
0
-1
-5
0
-5
-7
-4
-10
-13
-18
-15
-17
-16
-17
-21
-20
-20
-23
-22
-28
-27
-29
-28
-19
-26
-24
-22
-23
-24
-25
-16
-15
-18
-24
-21
-28
-28
-31
-30
-34
-36
-27
-37
-34
-39
-30
-28
-24
-24
-34
-29
-41
-33
-31
-37
-35
-41
-34
-38
-42
-42
-48
-43
-51
-45
-45
-46
-41
-45
-43
-38
-33
-34
-27
-22
-20
-24
-19
-14
-17
-7
2
3
9
14
16
26
27
32
25
31
38
37
47
47
45
49
52
44
46
47
48
44
48
47
38
45
48
39
50
50
51
52
42
53
45
43
36
40
45
37
36
31
33
37
36
24
24
20
20
22
13
12
3
-1
-3
-3
-5
-12
-13
-20
-8
-9
-12
-5
-9
-10
-20
-15
-17
-17
-12
-26
-20
-27
-29
-26
-31
-27
-24
-21
-19
-25
-29
-28
-32
-29
-21
-26
-21
-17
-25
-21
-16
-16
-15
-19
-19
-23
-17
-22
-24
-17
-18
-18
-16
-17
-11
-8
-12
-13
-5
-10
-1
3
0
-1
-9
-1
-1
-4
-3
-3
0
3
5
10
0
-6
4
-3
3
-5
-6
-3
-7
-9
-3
-4
-6
-2
0
3
2
9
9
11
21
11
16
17
15
15
4
0
1
4
1
0
1
6
5
7
8
8
16
14
17
20
15
14
3
8
6
6
5
-2
7
4
5
1
3
7
14
13
18
10
12
14
12
19
21
18
18
28
18
29
25
23
20
23
22
17
14
10
7
6
5
-5
-9
-6
-7
-17
-19
-33
-31
-40
-44
-47
-45
-44
-50
-52
-45
-44
-44
-43
-38
-36
-31
-33
-27
-30
-29
-23
-25
-21
-21
-13
-10
-12
-16
-8
-3
1
2
2
-1
11
15
23
27
29
29
32
33
32
38
36
39
43
38
42
37
43
36
36
33
36
37
27
27
25
32
25
17
13
10
16
9
7
2
-2
-4
-8
-8
-9
-11
-12
-10
-9
-16
-16
-12
-14
-11
-10
-10
-14
-16
-15
-12
-15
-19
-17
-21
-28
-19
-15
-21
-12
-12
-11
-9
-11
-1
-5
7
-1
4
8
11
12
9
10
11
15
17
16
21
23
15
18
19
20
22
18
15
9
5
7
7
-2
-6
-9
-5
-8
-9
-7
-13
-14
-16
-16
-12
-11
-7
-11
-18
-19
-15
-10
-14
-27
-26
-24
-29
-26
-33
-34
-35
-34
-30
-27
-37
-29
-22
-30
-19
-26
-20
-21
-17
-20
-9
-6
-3
-1
5
22
17
28
22
26
32
36
45
39
44
41
36
41
42
48
47
50
48
45
48
47
44
46
39
39
32
28
24
16
17
10
4
8
2
6
12
5
4
6
-1
-2
-6
-13
-19
-19
-16
-21
-18
-24
-27
-29
-34
-32
-28
-26
-37
-27
-31
-37
-32
-28
-27
-31
-31
-27
-22
-20
-19
-17
-17
-18
-16
-13
-7
-2
2
-5
4
6
-3
-4
-7
-9
-4
-8
-10
-12
-7
-9
-10
0
-7
-5
-6
-4
1
-13
-7
-8
-18
-13
-12
-11
-12
-18
-22
-17
-23
-22
-24
-23
-16
-14
-19
-14
-10
-13
-7
-16
-5
-8
-4
-11
-9
0
1
12
9
7
18
16
20
20
29
36
39
50
38
42
45
48
51
49
53
60
63
63
64
54
55
57
49
44
42
38
36
30
27
24
18
16
22
19
14
7
4
1
-3
-10
-18
-11
-14
-15
-13
-16
-17
-23
-26
-28
-30
-27
-31
-36
-32
-41
-42
-43
-43
-43
-37
-38
-29
-29
-35
-29
-28
-24
-18
-16
-15
-5
-19
-14
-11
-14
-3
2
2
5
8
14
19
20
22
21
22
25
13
22
19
14
6
10
4
-1
7
-6
0
-2
-5
-11
-7
-6
-5
-16
-9
-14
-17
-10
-21
-14
-20
-21
-22
-29
-31
-33
-32
-30
-29
-30
-29
-28
-26
-24
-23
-24
-17
-8
-3
5
6
11
10
11
18
23
22
20
27
35
31
34
34
32
36
37
40
43
44
41
40
48
48
48
46
52
48
51
53
47
43
33
35
33
27
25
22
20
18
13
9
-3
-7
-12
-19
-15
-18
-16
-23
-27
-28
-30
-36
-26
-32
-30
-34
-38
-33
-39
-38
-43
-36
-42
-43
-44
-44
-42
-39
-32
-29
-28
-26
-24
-22
-24
-19
-13
-16
0
-5
-8
-1
-1
3
-4
-4
4
5
8
9
1
4
6
7
8
12
12
14
12
11
17
16
6
8
10
10
3
3
-3
-9
-7
-14
-15
-21
-22
-17
-16
-18
-22
-26
-25
-23
-21
-16
-22
-20
-16
-17
-16
-15
-9
-7
0
12
6
9
13
13
13
16
22
24
23
19
23
24
29
29
29
26
34
30
30
30
31
33
30
30
29
24
32
23
24
19
24
26
21
30
24
28
22
25
27
17
18
7
3
1
-3
2
-10
-12
-15
-11
-12
-17
-18
-22
-24
-27
-23
-22
-24
-20
-26
-26
-29
-25
-31
-29
-32
-33
-31
-34
-29
-27
-22
-18
-8
-6
-9
-5
-6
-4
-2
2
4
9
7
11
14
14
20
18
20
25
22
21
26
22
19
21
22
20
16
13
13
10
7
6
6
7
2
0
2
-1
-2
-3
-9
-11
-9
-14
-16
-22
-21
-24
-23
-20
-22
-18
-16
-16
-12
-15
-13
-4
-5
-3
-3
-3
-8
-6
-8
-10
-3
-4
-1
0
3
2
1
6
9
12
10
14
10
18
20
13
22
14
13
14
15
17
19
18
25
19
14
11
15
20
11
10
9
1
0
-4
-6
-2
-8
-8
-4
-6
-8
-5
-4
-5
-5
-9
-5
-2
-6
-2
-6
-10
-10
-14
-15
-16
-19
-14
-14
-18
-15
-16
-18
-17
-15
-15
-13
-7
-11
-11
-7
0
-7
-5
-2
3
2
-2
-1
1
-3
-8
-3
-6
3
-4
-5
2
2
12
8
12
13
16
12
11
9
10
10
7
6
9
2
3
-2
-3
6
4
5
2
5
4
8
9
13
10
1
7
5
13
4
11
4
0
4
1
1
-1
5
2
2
1
-5
-2
2
-4
-3
-1
-2
-8
-3
1
-2
-2
-2
1
-4
-2
1
2
4
9
14
8
9
10
9
6
4
6
8
13
2
2
0
0
-8
-15
-16
-14
-17
-15
-15
-10
-21
-14
-11
-25
-9
-24
-18
-16
-14
-4
-12
-9
-15
-15
-15
-14
-14
-12
-15
-13
-15
-11
-11
-13
-5
-11
-7
-8
-7
0
3
-5
-5
-10
-6
0
7
-2
4
3
1
1
-1
3
1
0
-4
0
3
12
13
20
21
17
16
14
15
27
19
17
22
17
21
6
5
6
2
3
-7
0
2
4
2
8
6
12
12
14
14
13
14
11
15
8
14
12
10
12
8
16
13
11
10
13
18
18
19
11
16
19
21
18
22
20
16
12
12
13
11
13
9
9
14
8
4
-3
1
-1
9
1
0
-5
-3
-1
-7
-3
-10
-4
-12
-16
-9
-14
-20
-17
-27
-25
-29
-31
-29
-39
-35
-34
-31
-30
-34
-36
-33
-34
-32
-35
-34
-27
-18
-18
-15
-15
-11
-11
-18
-11
-8
-2
0
3
4
-1
3
7
5
6
5
4
2
0
-2
1
-3
-2
-1
-2
