SAMPLES:	14144
BITSPERSAMPLE:	16
CHANNELS:	1
SAMPLERATE:	16000
NORMALIZED:	FALSE
-14
-15
-12
-10
-13
-7
-3
-1
-1
0
0
0
-6
-10
-11
-14
-14
-13
-9
-9
-9
-6
-4
-5
-1
-1
2
2
0
1
3
3
10
14
13
11
9
8
10
9
11
7
9
7
6
10
8
14
10
8
7
7
14
4
8
6
-2
-3
-2
-3
-8
1
0
2
-5
-9
-2
-8
-5
-7
-10
-8
-9
-6
-8
-9
-4
-3
3
3
-4
1
-2
-2
-5
-9
-5
-4
-5
-9
-9
-10
-5
-4
-4
-4
-8
-2
2
6
6
7
10
7
4
3
4
3
-1
-5
-5
-5
-7
-7
-4
3
2
1
4
5
10
7
10
5
1
2
-4
3
-2
-3
-2
1
-7
-4
-5
-3
0
-8
-3
1
0
2
5
-1
0
1
-4
-6
-7
-3
-3
-1
-6
-4
-1
-4
1
5
3
1
4
6
3
4
3
1
-3
-3
-1
-2
-5
-2
0
-2
3
0
3
-2
2
5
3
2
1
-1
2
-1
2
-1
-4
-1
-5
-1
-1
-1
4
4
0
0
2
9
7
13
10
9
11
9
10
7
5
1
1
3
4
1
3
4
8
7
4
10
8
9
9
8
6
4
3
4
1
6
8
9
11
8
8
2
1
-1
-1
-4
-2
-9
-8
-9
-6
1
-3
2
-2
-2
-2
0
-5
-9
-5
-5
-5
0
1
-1
-2
0
-1
-2
2
-5
-4
-6
-2
-3
-2
2
-4
-1
-4
-5
-5
-1
-3
-8
-8
0
-3
-4
0
0
2
-3
-5
-4
-3
-2
-2
-2
-8
-2
-6
-7
-6
-7
-2
-4
-4
0
2
-1
3
2
4
6
0
7
5
5
10
3
5
5
4
8
7
6
4
2
1
-1
1
1
1
4
2
0
0
2
-1
-5
-1
-3
0
-5
-6
1
-4
-2
-7
-7
-3
-6
-3
-6
-9
-8
-7
-7
-9
-6
-10
-8
-11
-7
-7
-4
-8
-9
-4
-1
-2
-1
3
7
10
9
10
10
6
3
6
2
5
2
6
4
10
13
9
11
11
9
11
10
11
9
4
4
4
3
-5
-3
-5
-4
-2
-4
-4
-1
3
-1
-3
-5
-9
-3
-8
-5
-5
-5
-6
-12
-3
-6
-9
-7
-10
-13
-9
-7
-9
-12
-9
-9
-5
-1
-3
-4
-3
1
6
0
7
6
7
4
6
8
6
11
6
1
-1
-4
-1
-3
-2
-4
-4
-4
-4
0
-5
-10
-8
-10
-10
-8
-6
-8
-6
-4
-1
0
-2
2
-1
6
1
-3
0
-1
3
7
3
3
2
7
6
4
5
1
7
6
1
7
5
-2
1
-1
0
-5
-2
1
-1
0
0
5
5
4
5
1
-5
-4
-4
-2
-3
-2
0
-1
2
8
5
9
8
6
7
5
5
6
12
9
10
6
6
12
11
11
7
14
9
14
12
7
10
6
4
-1
-1
0
4
7
2
2
-1
-1
4
3
0
3
6
7
5
7
1
-2
-2
-9
-6
-9
-9
-8
-12
-14
-11
-5
-2
-7
-5
-6
-11
-10
-13
-10
-10
-7
-5
-12
-10
-6
-4
-1
-2
-6
-5
-4
-2
-1
1
6
7
6
0
8
3
2
4
2
8
2
7
5
5
4
6
8
12
8
7
4
-3
0
1
5
2
6
1
3
2
0
-4
-11
-8
-7
-8
-8
-5
-5
-6
-7
-7
-10
-4
-5
-5
-7
-8
-6
-10
-7
-10
-9
-2
-4
3
6
4
9
4
8
9
7
10
9
12
7
7
7
11
14
8
13
15
12
6
7
9
3
8
3
5
-4
-4
-3
-2
0
-3
3
0
-2
-5
-11
-10
-9
-15
-12
-12
-7
-10
-11
-9
-11
-9
-12
-10
-17
-15
-15
-13
-12
-10
-5
-3
-2
-4
-3
-3
1
-6
-8
-14
-10
-10
-7
-5
-7
-3
-3
-1
5
1
2
1
-3
3
-2
3
3
3
6
6
10
10
9
11
11
9
7
10
5
5
0
1
1
3
2
7
7
10
5
5
3
-3
9
7
8
4
6
4
2
5
5
5
7
4
4
-1
-1
0
-2
3
-7
2
1
5
4
1
3
-3
2
1
-3
-2
-8
-5
-6
-4
-2
-10
-5
-6
-3
-2
-7
-4
2
-2
0
5
1
5
-2
-8
-1
0
0
2
2
3
1
-5
-5
-4
-5
4
5
3
4
6
5
5
6
3
3
4
-3
-3
-4
-4
-4
-2
-2
-4
-5
-2
-2
-3
-6
-3
-6
-9
-7
-7
-1
-3
4
2
2
6
3
3
2
1
3
-4
-4
-2
-5
0
0
3
5
4
2
2
3
0
7
2
6
7
0
3
5
10
11
8
10
4
5
8
4
12
3
8
4
3
3
6
12
9
8
2
5
6
6
3
-4
-3
1
4
3
1
4
-3
-1
1
-4
-2
-5
-1
-6
-4
-4
-3
4
-4
-7
-7
-3
-5
-5
-5
-5
-2
-7
-5
-5
-4
-3
0
4
6
0
-4
-5
-2
-4
-1
0
-1
3
2
0
6
2
5
6
2
3
-1
5
-3
-6
-4
-4
-3
-2
-1
-1
-1
6
5
4
4
1
-1
1
-1
-3
-3
-6
-6
-4
-4
-6
-7
-11
-7
-6
-5
-2
3
2
5
5
2
8
8
6
5
-2
-3
-1
-6
-8
-6
-10
-4
-7
-5
-5
-5
-4
-3
-1
-6
-6
-11
-8
-3
-4
-6
-3
-7
-6
-7
-7
-5
-6
1
1
0
2
1
0
1
3
2
1
3
-1
3
4
3
-1
1
1
-2
0
4
3
0
3
1
1
0
0
3
-3
-1
0
-11
-7
-2
1
-1
0
0
4
3
8
1
-1
0
-5
0
0
0
5
7
6
11
11
10
9
7
9
8
7
7
5
6
4
4
7
3
0
2
4
4
1
2
2
2
-2
0
-3
1
-2
-2
1
-2
-3
-4
-7
-6
-10
-9
-6
-5
-1
0
-2
-2
-4
-9
-7
-4
-6
-9
-4
-11
-6
-6
-8
-7
-5
-4
-7
-8
-12
-5
-3
-3
0
-1
-3
1
0
1
0
1
3
-4
-2
3
0
0
-2
-1
6
2
5
2
7
7
4
1
-3
-6
-1
-2
-5
-1
-1
3
-1
1
4
8
7
5
8
10
11
13
15
12
10
10
9
7
7
7
9
10
4
5
5
1
5
2
6
10
9
14
11
9
4
5
6
6
6
6
3
-2
4
1
-3
-5
-2
-1
5
-5
-2
0
-3
-4
-2
-1
-6
-3
-6
-2
-3
-7
-6
-7
-10
-11
-9
-6
-7
-4
-3
-2
0
-1
1
-1
-1
1
2
-1
-1
2
1
7
7
3
2
4
0
3
8
7
4
0
0
3
1
3
7
1
6
3
3
-2
2
4
-1
-2
-9
-3
-6
-5
-7
-5
-8
-8
-2
-2
-4
-2
-3
-5
-6
3
5
-2
-1
2
1
0
-2
-3
-6
-8
-5
-7
-6
-3
-6
-2
-3
0
-2
-3
1
-3
-2
-1
-2
-1
-3
-4
-6
-11
-3
-2
-2
-2
1
-3
-4
-1
-2
-2
-10
-9
-7
-5
-2
-2
-3
2
-1
4
0
-1
3
-1
-1
0
1
5
2
4
2
4
1
1
0
-4
-4
-2
0
2
5
6
5
2
1
3
1
1
3
-1
0
-5
-4
-3
-1
3
2
-2
0
-5
-1
2
-8
-8
-8
-6
-7
-4
-3
-2
-7
-7
-2
-5
-4
-10
-9
-4
0
2
2
0
5
4
-1
3
4
7
3
1
4
2
0
0
1
2
-1
2
4
5
5
8
7
6
12
4
4
4
7
7
7
4
-1
4
1
4
6
4
5
5
3
6
-4
-1
1
-4
-6
-7
-5
-5
-3
-1
-2
-4
-5
-3
0
-2
5
2
-8
-5
-2
-5
-4
-8
-6
-2
3
8
7
5
5
2
5
6
2
1
-3
3
0
-6
-6
-7
-3
0
0
-2
3
8
6
8
8
5
7
6
7
6
5
7
6
6
4
6
7
-1
6
4
8
8
4
6
8
11
10
12
10
13
10
10
8
-2
3
0
-1
-3
-5
0
-2
4
4
4
2
-3
1
-1
-5
-7
-9
-7
-7
-2
-5
-3
-3
0
-3
-5
-3
-6
0
-5
-5
-5
-1
-1
0
2
-3
-3
-5
-3
4
3
-2
-3
-4
0
1
2
0
2
5
-2
-1
1
1
1
2
5
2
0
-3
-3
-5
-9
1
-2
-2
5
1
9
-2
3
2
1
-1
-3
0
-5
-5
-4
-6
-3
-3
1
1
-5
-4
-5
-1
-1
1
1
0
-1
0
3
-4
-6
-7
-6
-1
1
-3
-4
-2
3
1
-1
0
-3
-7
-6
0
-4
-3
-9
-2
-6
-4
-1
-8
-1
-4
-6
-9
-1
-1
-4
-4
-4
1
-1
-5
-4
-9
-8
-5
-14
-8
-10
-9
-6
-10
-5
-6
-2
-4
-1
-7
-5
-1
-1
-1
-4
1
3
2
3
3
7
3
4
2
1
12
8
6
5
8
5
9
6
5
10
9
8
14
14
8
12
10
8
11
6
7
2
0
3
4
3
2
0
-1
-3
-3
-2
-4
1
-4
-4
-5
-4
-4
-2
-9
-7
-3
-5
-2
-6
-5
-8
-8
-7
-7
-6
-11
-8
-7
-4
2
-4
-2
0
1
3
3
5
5
8
5
10
10
13
11
10
12
6
12
11
11
12
12
13
12
7
9
9
4
6
3
3
-2
-2
1
-5
-7
-9
-11
-1
3
0
3
-3
-4
-1
-5
-3
-8
-4
-10
-15
-11
-14
-13
-11
-17
-11
-15
-16
-15
-16
-19
-18
-13
-15
-13
-17
-12
-12
-4
-2
1
1
0
3
3
4
0
2
8
10
12
12
11
23
20
17
20
16
25
17
18
19
21
27
23
27
25
31
29
25
26
25
22
25
26
22
26
23
23
22
17
16
12
12
9
7
2
0
-2
-2
-5
-5
-6
-15
-10
-15
-19
-20
-29
-30
-31
-32
-30
-39
-41
-41
-35
-36
-35
-38
-39
-33
-35
-32
-37
-41
-30
-33
-26
-26
-24
-18
-18
-8
-12
-13
-9
-8
-6
-4
-2
2
2
3
6
6
10
11
15
13
19
20
18
21
20
19
30
28
27
28
25
33
28
32
31
31
34
32
28
29
26
33
28
25
32
24
29
26
27
27
24
22
20
20
20
16
20
24
20
19
18
15
17
16
11
9
1
2
-3
-5
-4
-11
-18
-24
-31
-37
-45
-51
-61
-70
-68
-78
-78
-81
-87
-91
-89
-92
-91
-98
-93
-91
-90
-82
-84
-74
-71
-63
-63
-51
-47
-39
-34
-34
-28
-22
-19
-17
-11
-4
-4
-4
0
0
4
9
13
6
14
16
21
28
26
36
40
48
54
65
78
89
103
120
139
158
183
206
229
249
264
289
302
315
327
331
325
323
308
285
265
232
203
157
118
65
17
-35
-89
-138
-184
-230
-271
-309
-340
-372
-401
-418
-439
-451
-457
-457
-458
-457
-448
-436
-424
-408
-390
-372
-343
-316
-287
-245
-195
-144
-95
-44
8
59
112
156
203
251
294
344
385
425
457
486
501
511
516
513
506
490
471
441
416
385
340
303
256
210
164
109
58
2
-55
-111
-162
-219
-274
-319
-367
-411
-444
-471
-491
-514
-532
-540
-541
-534
-517
-496
-463
-434
-395
-354
-311
-265
-208
-153
-106
-56
-11
28
63
103
142
183
221
243
281
317
357
394
425
464
492
523
562
599
648
688
735
771
810
837
857
881
880
878
856
819
761
695
614
504
385
260
122
-17
-159
-311
-451
-589
-717
-839
-944
-1029
-1105
-1163
-1204
-1236
-1243
-1236
-1221
-1189
-1146
-1098
-1041
-974
-905
-833
-758
-681
-596
-515
-432
-344
-268
-189
-101
-11
76
167
254
343
436
515
598
666
734
793
843
882
905
928
931
924
908
892
864
824
770
704
641
569
491
403
311
217
123
28
-71
-162
-254
-340
-426
-505
-566
-628
-669
-709
-726
-735
-735
-718
-698
-661
-623
-562
-510
-452
-385
-324
-255
-180
-111
-41
44
107
178
242
306
359
413
471
521
574
601
640
668
693
722
752
785
819
853
896
932
964
987
1005
1019
1015
996
950
889
798
694
555
407
237
58
-130
-320
-509
-698
-870
-1042
-1196
-1336
-1456
-1555
-1623
-1667
-1688
-1676
-1640
-1575
-1497
-1407
-1311
-1196
-1074
-937
-809
-683
-554
-433
-302
-182
-65
39
144
247
333
426
513
599
681
756
818
882
934
981
1022
1042
1052
1037
1012
988
954
914
850
781
708
632
548
461
367
264
161
65
-24
-125
-221
-313
-403
-486
-576
-649
-716
-770
-811
-854
-873
-880
-865
-833
-786
-723
-655
-582
-508
-422
-338
-239
-150
-58
22
101
182
257
331
401
457
511
567
611
654
686
719
737
747
758
754
756
748
737
742
742
732
735
746
760
777
784
787
792
777
752
721
667
609
521
406
277
129
-29
-203
-389
-564
-734
-903
-1065
-1206
-1333
-1451
-1538
-1595
-1622
-1626
-1609
-1575
-1524
-1442
-1350
-1248
-1138
-1009
-877
-744
-620
-499
-387
-260
-147
-42
61
160
255
342
426
496
562
615
661
712
768
825
887
933
967
1006
1024
1034
1038
1033
1013
974
926
857
780
688
603
508
409
296
167
55
-58
-172
-273
-382
-492
-585
-675
-760
-831
-887
-926
-953
-967
-972
-952
-926
-884
-827
-775
-695
-609
-506
-402
-299
-200
-102
-6
87
196
290
383
461
529
608
674
733
781
824
868
890
900
909
912
899
883
867
850
838
834
849
844
855
852
839
832
818
794
753
709
636
542
420
279
122
-49
-224
-401
-587
-775
-957
-1123
-1278
-1415
-1535
-1632
-1707
-1760
-1782
-1775
-1735
-1664
-1577
-1469
-1356
-1224
-1088
-937
-789
-642
-494
-354
-216
-90
21
129
233
323
415
486
565
634
695
753
803
852
890
932
968
1009
1030
1048
1047
1045
1035
1001
964
912
850
772
684
608
533
438
328
219
105
-2
-112
-227
-341
-452
-560
-664
-745
-826
-885
-930
-965
-981
-980
-967
-930
-888
-828
-757
-690
-609
-518
-422
-328
-237
-146
-49
33
126
209
286
367
437
505
570
625
662
700
730
765
790
800
799
799
790
779
770
755
752
747
755
765
774
789
796
798
801
796
771
725
660
583
491
373
231
70
-89
-261
-442
-634
-812
-978
-1134
-1272
-1397
-1502
-1589
-1639
-1666
-1652
-1617
-1563
-1480
-1388
-1266
-1136
-1001
-852
-710
-571
-439
-310
-186
-68
42
137
222
293
358
418
474
531
584
634
673
723
765
811
861
897
915
936
940
935
914
887
848
794
740
659
594
509
417
333
226
127
23
-77
-178
-277
-381
-472
-570
-669
-747
-826
-889
-942
-980
-993
-991
-979
-939
-886
-817
-733
-645
-550
-442
-332
-220
-116
-12
93
180
268
347
430
506
566
627
683
736
778
827
861
871
890
894
886
874
847
821
798
774
762
761
765
770
782
774
770
764
763
750
717
677
613
537
423
285
129
-39
-195
-376
-557
-735
-915
-1083
-1237
-1375
-1499
-1589
-1647
-1685
-1705
-1691
-1644
-1570
-1470
-1351
-1238
-1112
-978
-832
-691
-549
-413
-282
-156
-33
73
172
259
325
388
435
485
527
578
618
658
690
734
779
814
850
882
897
910
911
898
870
839
795
738
671
597
523
434
342
241
143
33
-73
-173
-278
-383
-482
-575
-662
-730
-799
-868
-914
-944
-956
-955
-943
-905
-851
-792
-724
-641
-550
-451
-361
-246
-138
-38
61
142
234
312
393
464
529
587
657
716
761
809
843
873
884
892
888
878
860
838
827
810
786
760
749
758
762
758
757
756
769
758
736
692
635
563
466
355
206
64
-104
-273
-452
-641
-823
-999
-1165
-1316
-1447
-1557
-1638
-1696
-1721
-1725
-1689
-1625
-1530
-1435
-1326
-1193
-1051
-891
-747
-603
-467
-345
-227
-107
-2
95
173
256
334
404
472
516
579
617
661
725
753
801
835
874
909
933
956
958
974
944
926
901
852
783
705
631
549
458
353
255
143
30
-85
-200
-307
-412
-517
-628
-731
-827
-905
-974
-1023
-1061
-1081
-1073
-1045
-994
-954
-880
-787
-695
-592
-499
-392
-293
-182
-93
1
85
182
285
372
461
532
615
685
754
811
866
899
937
955
971
987
972
966
961
949
930
921
922
920
932
930
920
908
912
914
889
841
745
667
559
427
262
84
-95
-268
-466
-653
-850
-1039
-1222
-1375
-1521
-1659
-1761
-1827
-1861
-1858
-1838
-1780
-1703
-1610
-1493
-1369
-1220
-1069
-904
-741
-581
-433
-288
-136
-3
115
211
303
402
487
569
629
683
737
787
825
865
908
959
1000
1028
1046
1059
1075
1067
1043
1010
967
897
831
755
674
579
468
357
235
118
-4
-123
-255
-379
-495
-603
-718
-812
-900
-979
-1057
-1099
-1124
-1145
-1142
-1121
-1071
-1014
-931
-859
-760
-668
-567
-450
-342
-225
-119
-3
109
207
300
395
489
577
646
715
780
846
901
942
969
1004
1018
1026
1027
1011
1001
980
968
951
943
953
955
959
966
956
951
935
908
848
776
698
599
464
315
144
-36
-222
-415
-612
-813
-1009
-1207
-1378
-1536
-1673
-1776
-1860
-1904
-1921
-1908
-1862
-1787
-1693
-1569
-1431
-1291
-1123
-954
-785
-627
-469
-315
-157
-16
92
199
296
380
464
539
582
637
693
740
798
851
902
949
992
1023
1040
1048
1056
1065
1050
1023
990
953
887
815
732
629
532
424
313
189
66
-49
-167
-280
-398
-523
-646
-764
-863
-953
-1034
-1083
-1115
-1151
-1147
-1135
-1107
-1044
-967
-880
-788
-699
-593
-482
-385
-272
-154
-50
51
142
232
335
429
510
584
665
742
807
874
927
974
1006
1031
1041
1039
1029
999
983
969
948
934
920
909
902
891
869
867
859
856
830
781
705
625
517
371
209
33
-142
-344
-534
-741
-931
-1122
-1305
-1462
-1608
-1739
-1834
-1889
-1910
-1893
-1852
-1778
-1685
-1573
-1453
-1310
-1157
-992
-826
-656
-514
-358
-200
-43
86
196
296
390
483
551
620
682
733
773
815
851
889
939
981
1008
1047
1071
1100
1108
1091
1068
1035
984
931
857
762
663
577
462
339
215
92
-28
-159
-297
-429
-555
-675
-785
-885
-968
-1050
-1115
-1168
-1194
-1204
-1199
-1177
-1140
-1072
-991
-907
-807
-694
-580
-465
-354
-232
-124
-6
101
200
309
410
512
610
695
779
845
920
985
1026
1074
1092
1097
1103
1083
1050
1026
1000
968
935
902
890
893
892
890
890
889
892
882
851
801
726
631
506
356
188
8
-174
-380
-597
-821
-1030
-1230
-1429
-1588
-1725
-1823
-1894
-1946
-1959
-1939
-1881
-1791
-1693
-1574
-1428
-1267
-1098
-924
-759
-587
-430
-281
-127
-2
119
232
317
403
463
533
583
635
688
741
797
859
924
974
1018
1057
1093
1113
1125
1126
1120
1084
1028
976
911
837
755
653
541
422
302
178
50
-84
-217
-345
-475
-614
-766
-888
-1008
-1110
-1189
-1259
-1284
-1303
-1295
-1272
-1223
-1155
-1067
-978
-878
-752
-635
-491
-362
-231
-102
17
136
246
363
473
574
678
777
863
936
999
1056
1098
1140
1167
1183
1174
1160
1134
1102
1069
1032
1003
968
953
937
919
910
908
889
875
846
805
737
658
552
419
277
112
-70
-270
-475
-686
-899
-1110
-1309
-1498
-1665
-1809
-1916
-1994
-2035
-2044
-2025
-1971
-1885
-1762
-1609
-1457
-1283
-1083
-901
-721
-544
-372
-214
-66
70
196
303
400
487
565
628
689
747
794
837
876
923
957
1006
1040
1067
1081
1097
1101
1096
1073
1037
987
925
870
794
713
620
524
409
288
156
28
-111
-263
-407
-545
-672
-817
-941
-1050
-1153
-1236
-1293
-1324
-1340
-1317
-1285
-1208
-1126
-1035
-932
-819
-697
-554
-411
-273
-137
-17
124
237
357
474
582
687
779
869
940
1008
1079
1126
1158
1173
1178
1160
1132
1090
1034
993
950
911
870
832
818
823
816
811
830
836
842
835
797
737
643
549
417
254
81
-115
-319
-528
-744
-968
-1184
-1381
-1548
-1706
-1832
-1936
-1997
-2030
-2025
-1977
-1904
-1793
-1666
-1517
-1359
-1192
-1010
-827
-643
-466
-302
-145
14
146
257
361
450
527
590
658
736
788
845
901
950
990
1010
1047
1076
1097
1110
1119
1116
1097
1070
1030
982
921
862
773
682
585
487
369
226
94
-55
-194
-336
-488
-650
-814
-971
-1110
-1232
-1335
-1420
-1456
-1467
-1470
-1431
-1380
-1302
-1199
-1084
-959
-829
-680
-526
-374
-211
-66
82
223
362
493
608
715
836
932
1017
1083
1149
1203
1247
1269
1264
1270
1244
1204
1151
1106
1069
1032
993
966
959
952
936
923
913
903
891
861
805
738
646
539
411
255
66
-140
-352
-560
-781
-995
-1201
-1398
-1590
-1754
-1897
-2005
-2075
-2113
-2096
-2065
-1989
-1872
-1733
-1586
-1410
-1225
-1027
-818
-629
-465
-293
-121
14
151
259
365
457
547
612
671
727
776
835
878
922
952
995
1034
1067
1084
1094
1090
1083
1078
1054
1009
944
886
809
728
638
537
430
320
209
72
-52
-192
-334
-491
-631
-765
-907
-1039
-1168
-1282
-1367
-1442
-1472
-1479
-1464
-1425
-1362
-1262
-1151
-1027
-878
-722
-565
-395
-236
-64
104
256
397
524
649
780
896
1004
1094
1172
1233
1284
1334
1353
1365
1347
1325
1267
1201
1158
1100
1049
1004
960
924
903
882
869
861
852
851
843
807
751
671
575
447
290
107
-95
-310
-530
-748
-984
-1206
-1423
-1624
-1789
-1927
-2034
-2113
-2152
-2157
-2131
-2074
-1977
-1862
-1710
-1543
-1365
-1167
-963
-753
-574
-390
-221
-61
89
213
324
431
534
620
696
776
839
886
931
981
1024
1062
1108
1145
1176
1191
1202
1210
1203
1187
1148
1088
1036
959
879
797
686
574
440
305
140
-18
-176
-329
-503
-668
-832
-1004
-1151
-1294
-1421
-1514
-1574
-1606
-1599
-1574
-1520
-1438
-1336
-1230
-1085
-930
-767
-595
-434
-254
-81
87
255
415
562
689
824
947
1057
1153
1234
1303
1361
1407
1436
1427
1402
1366
1311
1251
1168
1105
1050
987
944
904
867
851
837
842
847
838
822
790
740
668
567
432
284
97
-109
-316
-530
-748
-976
-1200
-1415
-1619
-1792
-1941
-2076
-2170
-2209
-2210
-2172
-2101
-1995
-1853
-1691
-1508
-1319
-1116
-903
-682
-471
-294
-125
34
182
307
403
496
580
650
720
775
833
882
925
961
1002
1035
1069
1111
1138
1158
1164
1176
1171
1141
1108
1040
981
909
843
757
647
546
431
293
147
-4
-156
-301
-454
-610
-768
-924
-1070
-1206
-1334
-1443
-1533
-1589
-1621
-1606
-1568
-1501
-1410
-1296
-1173
-1028
-880
-724
-548
-383
-218
-49
119
263
411
557
695
827
943
1047
1128
1202
1272
1334
1356
1365
1361
1323
1286
1241
1204
1158
1115
1077
1041
1011
1004
996
1006
1018
1008
1029
1017
991
935
851
733
588
412
222
-6
-238
-469
-719
-956
-1198
-1414
-1627
-1817
-1977
-2104
-2203
-2261
-2275
-2247
-2165
-2059
-1916
-1761
-1570
-1373
-1177
-961
-759
-554
-364
-182
-12
139
278
390
509
602
683
754
820
875
920
968
1009
1044
1085
1129
1156
1192
1199
1201
1203
1191
1160
1105
1037
959
883
800
706
606
495
376
252
110
-42
-197
-347
-510
-676
-840
-1013
-1167
-1320
-1458
-1573
-1660
-1695
-1700
-1674
-1621
-1536
-1429
-1293
-1140
-979
-803
-620
-436
-249
-70
108
271
426
579
722
855
975
1083
1169
1247
1313
1373
1413
1443
1453
1442
1403
1347
1286
1226
1169
1106
1044
1000
973
957
946
944
946
944
937
922
892
826
734
603
450
265
62
-151
-369
-597
-831
-1071
-1300
-1524
-1739
-1916
-2072
-2194
-2277
-2322
-2311
-2270
-2181
-2068
-1919
-1727
-1544
-1328
-1113
-894
-689
-495
-307
-134
29
173
306
416
520
600
685
762
829
907
976
1027
1081
1129
1175
1225
1268
1294
1322
1332
1329
1312
1269
1205
1127
1056
973
880
769
652
531
401
255
113
-34
-178
-324
-479
-638
-814
-982
-1142
-1312
-1455
-1584
-1669
-1706
-1727
-1725
-1684
-1610
-1523
-1404
-1263
-1100
-920
-726
-547
-367
-189
-13
158
329
498
654
792
937
1073
1172
1255
1313
1377
1423
1452
1462
1439
1396
1321
1254
1199
1153
1116
1068
1029
1023
1021
1022
1036
1052
1062
1051
1031
975
904
810
681
511
303
79
-156
-395
-646
-902
-1164
-1414
-1656
-1860
-2040
-2187
-2290
-2368
-2395
-2382
-2314
-2214
-2084
-1913
-1737
-1532
-1314
-1105
-877
-662
-461
-280
-116
40
182
311
425
515
609
692
766
841
906
982
1046
1105
1154
1212
1275
1332
1367
1387
1411
1417
1400
1355
1295
1223
1146
1053
946
835
710
576
438
275
106
-66
-241
-421
-601
-773
-956
-1122
-1282
-1422
-1553
-1664
-1731
-1764
-1756
-1726
-1665
-1568
-1463
-1339
-1197
-1036
-858
-683
-492
-310
-116
69
248
404
560
705
845
987
1094
1196
1257
1319
1353
1369
1366
1339
1294
1237
1177
1114
1071
1051
1032
1015
1005
1024
1031
1056
1078
1096
1101
1094
1071
1005
917
790
640
445
228
-6
-239
-481
-727
-975
-1217
-1450
-1659
-1846
-2012
-2153
-2254
-2302
-2313
-2286
-2210
-2121
-1994
-1838
-1654
-1456
-1246
-1019
-804
-589
-397
-227
-64
88
219
323
429
516
599
679
731
785
836
898
965
1027
1085
1149
1208
1272
1305
1340
1366
1381
1383
1337
1283
1204
1120
1035
932
824
713
590
442
290
118
-49
-222
-380
-540
-719
-891
-1070
-1233
-1390
-1509
-1604
-1672
-1694
-1702
-1683
-1637
-1560
-1462
-1344
-1205
-1040
-870
-695
-519
-342
-165
19
195
366
518
664
812
948
1072
1170
1251
1310
1348
1371
1356
1325
1277
1223
1156
1088
1042
1000
962
937
929
944
972
1006
1041
1064
1098
1127
1127
1087
1019
909
749
563
344
113
-138
-393
-644
-912
-1167
-1412
-1646
-1831
-2000
-2132
-2243
-2296
-2300
-2269
-2190
-2085
-1947
-1794
-1613
-1420
-1219
-1022
-818
-623
-430
-271
-123
23
143
240
328
402
480
561
632
706
770
842
924
1001
1061
1127
1185
1241
1302
1347
1382
1400
1392
1357
1291
1221
1150
1061
962
843
719
579
428
274
113
-63
-232
-394
-565
-728
-894
-1057
-1214
-1353
-1487
-1577
-1640
-1672
-1670
-1648
-1600
-1536
-1435
-1313
-1189
-1022
-867
-693
-513
-338
-146
33
209
370
543
702
852
973
1109
1200
1278
1336
1363
1387
1378
1348
1289
1219
1129
1063
1003
940
899
872
864
875
910
937
978
1019
1052
1068
1046
1000
923
823
685
490
265
41
-201
-438
-683
-942
-1186
-1433
-1642
-1839
-1998
-2133
-2217
-2268
-2264
-2229
-2154
-2033
-1903
-1739
-1561
-1364
-1142
-920
-710
-507
-333
-172
-23
106
221
312
396
480
545
614
676
734
788
851
912
965
1022
1085
1149
1211
1259
1296
1322
1328
1318
1289
1237
1167
1089
1016
919
808
705
577
425
253
86
-81
-256
-418
-595
-784
-962
-1134
-1291
-1437
-1553
-1637
-1692
-1721
-1715
-1686
-1616
-1521
-1407
-1294
-1153
-989
-837
-655
-487
-298
-113
86
267
439
618
770
931
1066
1186
1275
1349
1410
1441
1459
1435
1396
1334
1259
1179
1098
1048
999
949
907
901
912
933
972
1011
1050
1077
1078
1056
997
904
794
633
444
224
-14
-264
-517
-769
-1033
-1292
-1542
-1765
-1944
-2099
-2227
-2312
-2354
-2357
-2312
-2234
-2109
-1960
-1793
-1598
-1401
-1182
-966
-752
-541
-350
-176
-8
140
270
377
459
524
587
657
720
791
845
917
976
1030
1092
1152
1226
1289
1329
1365
1403
1416
1411
1385
1338
1270
1196
1101
996
871
749
623
466
292
128
-47
-228
-402
-583
-766
-962
-1143
-1314
-1465
-1581
-1677
-1728
-1754
-1753
-1719
-1663
-1569
-1457
-1332
-1195
-1039
-884
-692
-511
-330
-140
46
235
403
573
726
886
1024
1135
1221
1280
1326
1358
1373
1352
1322
1259
1181
1119
1055
1012
963
929
920
908
924
943
974
1008
1039
1075
1084
1069
1010
927
808
654
468
248
26
-221
-470
-740
-999
-1246
-1491
-1696
-1895
-2043
-2169
-2251
-2287
-2286
-2242
-2158
-2034
-1892
-1710
-1526
-1337
-1136
-925
-719
-540
-362
-204
-59
77
189
285
369
447
518
585
654
721
779
846
900
957
1023
1102
1182
1237
1299
1341
1374
1393
1397
1374
1339
1291
1233
1156
1054
941
817
673
520
348
167
-20
-212
-406
-597
-793
-988
-1163
-1338
-1480
-1593
-1666
-1702
-1723
-1706
-1665
-1603
-1504
-1392
-1266
-1125
-992
-832
-657
-468
-295
-126
58
217
383
541
699
852
974
1084
1170
1242
1300
1326
1319
1286
1232
1159
1077
1009
966
939
904
889
893
922
951
995
1040
1082
1122
1147
1162
1120
1046
938
793
605
390
155
-91
-350
-616
-885
-1154
-1399
-1615
-1808
-1989
-2121
-2218
-2280
-2285
-2258
-2186
-2083
-1957
-1801
-1628
-1425
-1228
-1013
-801
-600
-408
-243
-81
59
189
290
374
461
549
617
688
746
800
858
910
963
1014
1073
1128
1184
1221
1271
1302
1322
1332
1315
1290
1250
1207
1148
1079
993
878
754
626
471
296
116
-69
-261
-460
-670
-889
-1101
-1299
-1469
-1605
-1702
-1754
-1795
-1799
-1764
-1708
-1625
-1517
-1388
-1249
-1103
-930
-761
-584
-403
-218
-39
139
312
478
646
795
941
1069
1166
1240
1295
1343
1356
1344
1308
1252
1185
1127
1083
1032
996
983
974
1012
1043
1079
1124
1172
1226
1247
1257
1208
1142
1043
880
688
451
205
-46
-303
-584
-865
-1142
-1390
-1616
-1828
-2011
-2162
-2276
-2346
-2375
-2359
-2300
-2198
-2071
-1919
-1732
-1529
-1314
-1102
-883
-678
-495
-317
-141
13
154
276
379
480
562
636
702
766
822
880
949
998
1051
1120
1176
1232
1281
1327
1357
1374
1375
1366
1345
1319
1281
1217
1134
1018
901
766
614
437
253
61
-124
-319
-514
-719
-931
-1138
-1317
-1482
-1610
-1721
-1798
-1823
-1821
-1788
-1723
-1630
-1508
-1382
-1241
-1081
-912
-725
-541
-352
-168
19
202
369
548
705
859
999
1106
1191
1266
1325
1370
1368
1335
1286
1217
1151
1110
1069
1034
1015
1005
1018
1053
1090
1134
1175
1214
1246
1251
1237
1179
1084
950
773
555
314
56
-201
-480
-749
-1032
-1311
-1560
-1779
-1957
-2117
-2247
-2334
-2391
-2399
-2364
-2295
-2192
-2060
-1904
-1732
-1533
-1313
-1091
-882
-683
-488
-296
-109
50
200
335
452
555
638
728
806
869
946
1000
1062
1117
1162
1215
1270
1318
1347
1376
1393
1411
1396
1376
1346
1293
1257
1191
1113
1022
909
791
644
478
297
112
-83
-279
-500
-717
-945
-1156
-1350
-1536
-1666
-1764
-1829
-1861
-1866
-1827
-1752
-1660
-1536
-1409
-1256
-1093
-908
-710
-505
-314
-129
56
233
408
575
737
871
1008
1100
1179
1258
1310
1347
1351
1330
1286
1221
1165
1121
1071
1034
1019
1009
1029
1070
1102
1136
1171
1221
1242
1226
1194
1120
1017
872
683
449
208
-51
-317
-594
-870
-1154
-1427
-1656
-1875
-2044
-2202
-2307
-2384
-2410
-2388
-2350
-2252
-2138
-1991
-1825
-1654
-1463
-1259
-1031
-815
-607
-415
-222
-28
136
281
406
511
613
706
781
854
915
981
1039
1090
1146
1193
1242
1301
1359
1384
1421
1441
1437
1413
1372
1339
1278
1217
1138
1040
930
814
694
546
369
191
8
-186
-374
-581
-788
-1008
-1203
-1383
-1538
-1663
-1754
-1806
-1825
-1792
-1737
-1637
-1530
-1392
-1252
-1106
-949
-760
-570
-383
-201
-26
158
339
508
675
821
968
1095
1181
1267
1315
1342
1337
1300
1251
1177
1102
1034
1002
952
920
906
910
934
962
1012
1064
1119
1150
1166
1160
1114
1033
930
766
553
312
59
-198
-453
-712
-986
-1247
-1501
-1717
-1919
-2087
-2206
-2296
-2342
-2357
-2334
-2268
-2165
-2035
-1870
-1706
-1523
-1321
-1097
-869
-669
-476
-311
-145
16
156
289
410
518
623
718
805
882
958
1030
1096
1144
1183
1223
1277
1327
1354
1376
1386
1394
1399
1365
1336
1290
1235
1181
1107
1022
910
785
633
472
292
115
-73
-274
-486
-699
-909
-1114
-1310
-1466
-1601
-1703
-1758
-1792
-1788
-1768
-1711
-1618
-1497
-1355
-1200
-1043
-869
-675
-472
-279
-83
88
279
462
620
778
908
1047
1148
1218
1278
1321
1332
1316
1264
1198
1132
1063
1011
966
944
908
889
882
904
931
971
1005
1033
1069
1063
1046
997
904
772
592
373
144
-95
-343
-610
-886
-1153
-1402
-1628
-1832
-2002
-2145
-2254
-2310
-2328
-2312
-2242
-2155
-2018
-1865
-1693
-1497
-1303
-1084
-882
-675
-495
-322
-154
10
150
275
396
498
598
677
750
830
911
972
1032
1091
1152
1206
1243
1291
1318
1346
1355
1361
1347
1318
1282
1225
1179
1120
1044
954
840
734
607
483
341
179
19
-173
-355
-554
-754
-950
-1135
-1302
-1457
-1569
-1656
-1707
-1721
-1696
-1656
-1580
-1469
-1348
-1200
-1048
-881
-706
-525
-330
-166
19
192
361
528
675
819
949
1065
1154
1230
1277
1313
1307
1279
1226
1146
1082
1009
958
907
862
832
828
844
864
903
949
1000
1036
1047
1021
985
922
808
659
460
236
-11
-244
-497
-747
-1010
-1257
-1502
-1712
-1896
-2051
-2159
-2245
-2277
-2270
-2217
-2150
-2036
-1891
-1737
-1558
-1373
-1183
-982
-779
-573
-389
-226
-60
97
227
342
451
547
641
735
816
877
951
1016
1084
1141
1183
1227
1282
1312
1351
1365
1374
1371
1354
1313
1257
1201
1137
1058
964
863
757
638
497
343
175
-1
-171
-357
-547
-732
-919
-1086
-1258
-1398
-1526
-1625
-1693
-1725
-1730
-1713
-1652
-1564
-1445
-1292
-1133
-970
-781
-596
-399
-211
-17
174
357
515
673
834
965
1099
1189
1255
1304
1342
1354
1338
1301
1235
1171
1093
1044
983
945
910
899
910
922
952
964
992
1014
1014
997
941
848
740
598
414
198
-31
-258
-513
-758
-1012
-1255
-1487
-1704
-1897
-2068
-2189
-2272
-2317
-2312
-2266
-2193
-2086
-1951
-1775
-1599
-1404
-1202
-994
-787
-587
-400
-228
-55
93
223
330
431
517
605
703
787
864
942
1016
1092
1143
1201
1249
1298
1338
1359
1370
1366
1353
1343
1293
1224
1156
1076
1003
901
806
708
586
468
325
174
21
-137
-305
-477
-656
-832
-992
-1153
-1306
-1433
-1527
-1602
-1633
-1637
-1619
-1569
-1493
-1385
-1269
-1121
-967
-794
-609
-429
-242
-62
122
308
471
608
758
896
1027
1133
1219
1289
1325
1339
1331
1301
1260
1192
1124
1066
1022
995
963
938
935
937
950
963
996
1020
1030
1014
971
916
816
694
532
323
89
-165
-421
-679
-939
-1200
-1450
-1669
-1865
-2031
-2168
-2271
-2321
-2336
-2308
-2261
-2171
-2048
-1892
-1711
-1527
-1335
-1131
-924
-729
-529
-369
-187
-28
109
244
344
445
542
641
718
795
863
932
1002
1080
1142
1203
1253
1305
1357
1389
1403
1398
1383
1349
1303
1242
1169
1082
991
896
788
679
539
395
250
89
-75
-240
-418
-587
-758
-938
-1099
-1257
-1377
-1482
-1568
-1608
-1618
-1599
-1559
-1504
-1401
-1284
-1147
-986
-813
-651
-471
-287
-101
85
263
435
604
755
897
1034
1145
1240
1308
1354
1379
1368
1350
1300
1230
1150
1085
1033
992
963
924
931
943
972
996
1036
1069
1082
1083
1044
992
892
749
564
340
102
-159
-414
-678
-953
-1223
-1480
-1704
-1904
-2072
-2217
-2325
-2374
-2394
-2384
-2317
-2209
-2080
-1926
-1746
-1556
-1351
-1146
-926
-721
-533
-367
-198
-41
96
226
327
420
517
613
699
773
836
911
988
1066
1133
1200
1263
1308
1355
1383
1411
1420
1406
1374
1326
1258
1167
1095
1000
901
792
671
538
396
245
94
-51
-209
-364
-528
-684
-849
-1011
-1165
-1304
-1415
-1505
-1562
-1609
-1621
-1587
-1523
-1448
-1338
-1211
-1070
-930
-763
-585
-396
-204
-22
156
339
520
690
834
965
1073
1177
1256
1321
1360
1370
1351
1299
1236
1162
1103
1040
999
972
942
925
931
965
1004
1036
1067
1081
1081
1065
1019
932
801
643
457
233
-5
-263
-518
-767
-1032
-1289
-1537
-1768
-1961
-2118
-2254
-2336
-2381
-2383
-2331
-2239
-2133
-1990
-1824
-1642
-1436
-1225
-1006
-792
-603
-412
-237
-90
58
179
291
379
447
514
597
674
748
823
914
1003
1072
1148
1211
1277
1332
1371
1411
1416
1409
1393
1365
1307
1230
1141
1051
956
839
717
574
429
274
112
-49
-212
-381
-563
-728
-900
-1068
-1212
-1348
-1456
-1551
-1607
-1625
-1615
-1566
-1515
-1425
-1315
-1191
-1044
-889
-718
-554
-373
-189
-12
169
331
500
666
820
957
1078
1196
1271
1345
1392
1417
1413
1377
1322
1242
1171
1098
1031
975
934
916
904
930
947
978
1003
1029
1057
1053
1012
948
869
737
555
344
107
-149
-423
-697
-980
-1248
-1504
-1733
-1931
-2117
-2258
-2363
-2411
-2432
-2411
-2357
-2251
-2108
-1935
-1745
-1542
-1324
-1118
-882
-671
-467
-280
-119
47
191
321
429
540
615
685
756
824
897
956
1029
1092
1154
1210
1259
1324
1359
1386
1407
1415
1408
1363
1313
1248
1182
1089
984
884
766
635
487
335
172
-3
-180
-363
-551
-737
-919
-1087
-1245
-1373
-1491
-1571
-1638
-1669
-1664
-1632
-1578
-1495
-1391
-1259
-1116
-967
-809
-635
-437
-244
-45
138
329
514
683
848
990
1122
1236
1312
1384
1429
1457
1440
1401
1344
1257
1176
1107
1057
1007
962
927
931
946
985
1002
1034
1054
1061
1053
1017
960
862
732
550
351
113
-146
-412
-672
-949
-1220
-1465
-1707
-1931
-2125
-2285
-2404
-2471
-2500
-2482
-2421
-2325
-2179
-2001
-1805
-1594
-1367
-1139
-896
-678
-450
-266
-87
78
223
364
468
560
625
706
776
839
898
960
1020
1072
1128
1177
1235
1286
1320
1356
1376
1383
1371
1337
1304
1235
1189
1107
1025
925
807
680
518
366
196
15
-153
-331
-516
-705
-887
-1072
-1236
-1397
-1526
-1622
-1677
-1709
-1712
-1673
-1614
-1520
-1415
-1268
-1123
-974
-792
-612
-406
-213
-29
164
346
516
692
865
1016
1142
1252
1353
1414
1463
1477
1473
1443
1385
1294
1204
1116
1041
990
926
889
879
898
913
938
968
1007
1042
1034
999
946
857
738
570
373
149
-105
-368
-633
-908
-1188
-1444
-1694
-1916
-2105
-2260
-2376
-2451
-2469
-2460
-2395
-2310
-2179
-2015
-1816
-1608
-1398
-1155
-920
-678
-465
-270
-77
96
256
398
513
612
687
756
829
867
921
964
1022
1070
1104
1144
1174
1216
1255
1287
1303
1313
1306
1293
1256
1215
1159
1087
1001
896
780
658
514
357
201
41
-145
-328
-511
-701
-871
-1056
-1230
-1391
-1525
-1627
-1696
-1733
-1737
-1695
-1633
-1536
-1419
-1289
-1137
-975
-808
-633
-431
-229
-23
168
362
555
721
891
1047
1176
1303
1382
1459
1505
1522
1524
1489
1440
1367
1276
1180
1119
1068
1017
963
943
939
936
962
985
1021
1049
1055
1022
972
878
752
587
373
142
-113
-377
-651
-935
-1214
-1482
-1738
-1963
-2151
-2304
-2432
-2496
-2539
-2514
-2463
-2369
-2233
-2073
-1886
-1693
-1466
-1238
-999
-772
-544
-325
-112
81
256
399
524
637
720
796
858
918
971
1031
1078
1112
1143
1170
1193
1235
1271
1299
1319
1318
1306
1279
1242
1207
1161
1101
1022
934
816
674
519
364
186
20
-161
-349
-536
-738
-921
-1110
-1279
-1429
-1547
-1630
-1699
-1717
-1715
-1691
-1625
-1525
-1406
-1269
-1125
-964
-787
-614
-422
-221
-24
185
373
555
726
910
1064
1196
1315
1398
1471
1518
1551
1551
1526
1461
1370
1268
1179
1105
1039
977
925
903
897
905
923
937
971
982
989
969
918
836
716
559
358
134
-104
-358
-623
-881
-1173
-1440
-1691
-1914
-2100
-2267
-2394
-2484
-2515
-2520
-2464
-2378
-2251
-2098
-1916
-1706
-1481
-1248
-1011
-767
-539
-317
-127
62
239
390
515
634
728
817
887
950
1011
1053
1107
1148
1183
1218
1255
1282
1308
1335
1355
1357
1338
1297
1258
1222
1174
1102
1024
921
816
691
552
406
235
67
-124
-304
-500
-694
-897
-1080
-1266
-1424
-1568
-1668
-1721
-1760
-1761
-1736
-1676
-1597
-1474
-1344
-1202
-1035
-858
-679
-491
-303
-102
80
256
446
613
801
971
1114
1238
1342
1431
1496
1544
1558
1550
1501
1426
1356
1285
1226
1162
1114
1077
1062
1054
1053
1072
1076
1090
1088
1072
1037
966
869
724
557
344
100
-142
-405
-670
-962
-1240
-1516
-1765
-1975
-2176
-2331
-2455
-2546
-2585
-2594
-2542
-2448
-2326
-2163
-1986
-1777
-1557
-1325
-1085
-848
-622
-399
-180
20
211
379
522
657
778
894
981
1055
1120
1183
1238
1297
1328
1352
1383
1404
1427
1425
1434
1416
1393
1363
1313
1250
1185
1114
1028
925
818
695
547
399
231
47
-147
-352
-558
-748
-939
-1128
-1321
-1481
-1607
-1707
-1779
-1807
-1806
-1768
-1701
-1605
-1488
-1353
-1189
-1034
-850
-662
-479
-286
-88
91
282
463
645
816
960
1094
1200
1299
1373
1425
1458
1466
1441
1407
1356
1311
1267
1229
1198
1164
1140
1125
1113
1104
1107
1104
1093
1085
1045
988
905
794
655
465
259
21
-215
-467
-722
-982
-1239
-1495
-1725
-1945
-2138
-2286
-2402
-2469
-2512
-2499
-2446
-2360
-2237
-2086
-1921
-1731
-1517
-1293
-1061
-836
-605
-386
-171
28
228
398
556
689
815
913
998
1089
1163
1243
1292
1335
1357
1378
1411
1426
1436
1437
1426
1407
1364
1324
1263
1207
1135
1061
980
868
759
622
487
333
146
-30
-224
-422
-619
-829
-1021
-1209
-1375
-1532
-1663
-1760
-1824
-1843
-1839
-1796
-1742
-1641
-1524
-1385
-1216
-1038
-855
-670
-477
-277
-77
107
292
476
653
812
958
1092
1208
1318
1399
1467
1509
1523
1518
1471
1425
1379
1328
1302
1258
1227
1209
1186
1184
1195
1205
1206
1203
1196
1138
1069
966
837
675
457
223
-43
-290
-552
-817
-1088
-1345
-1581
-1812
-2008
-2180
-2337
-2450
-2517
-2546
-2534
-2487
-2398
-2278
-2140
-1983
-1781
-1573
-1345
-1103
-864
-638
-419
-194
17
208
380
534
679
821
959
1076
1176
1257
1337
1401
1460
1509
1545
1568
1570
1576
1562
1543
1506
1463
1413
1344
1260
1173
1081
981
869
736
596
431
255
82
-101
-289
-488
-695
-904
-1106
-1295
-1478
-1627
-1757
-1850
-1922
-1957
-1955
-1916
-1849
-1752
-1624
-1470
-1297
-1105
-905
-705
-490
-285
-76
132
329
514
687
841
983
1107
1224
1316
1406
1455
1496
1514
1506
1484
1460
1439
1410
1377
1337
1309
1279
1263
1244
1229
1216
1211
1202
1172
1123
1048
941
804
628
422
191
-31
-264
-521
-802
-1085
-1341
-1577
-1789
-1984
-2156
-2304
-2405
-2459
-2490
-2472
-2421
-2326
-2193
-2045
-1874
-1679
-1475
-1262
-1024
-801
-595
-378
-173
16
212
374
522
667
804
929
1035
1129
1201
1278
1346
1396
1452
1488
1506
1509
1510
1497
1480
1453
1416
1357
1279
1198
1117
1022
925
808
673
539
378
224
59
-115
-306
-494
-685
-879
-1073
-1260
-1424
-1585
-1710
-1807
-1872
-1894
-1894
-1860
-1788
-1695
-1569
-1421
-1256
-1081
-893
-701
-505
-309
-124
66
245
434
607
778
937
1071
1184
1286
1373
1447
1501
1524
1536
1514
1484
1452
1425
1393
1358
1336
1320
1305
1296
1294
1294
1288
1271
1230
1159
1074
956
798
609
399
175
-69
-325
-596
-865
-1125
-1389
-1616
-1833
-2019
-2191
-2328
-2428
-2487
-2503
-2482
-2428
-2336
-2209
-2070
-1889
-1700
-1490
-1268
-1057
-839
-615
-410
-204
-4
171
336
496
645
787
913
1013
1115
1209
1298
1387
1452
1503
1548
1587
1605
1615
1612
1594
1560
1503
1430
1346
1249
1157
1049
938
808
664
501
332
163
-2
-179
-368
-561
-769
-949
-1144
-1332
-1493
-1634
-1742
-1830
-1885
-1919
-1913
-1875
-1805
-1695
-1575
-1428
-1260
-1090
-903
-718
-509
-307
-96
101
281
457
630
790
939
1065
1175
1279
1360
1437
1492
1508
1515
1508
1489
1469
1439
1402
1387
1367
1345
1336
1329
1342
1323
1307
1281
1236
1177
1071
960
800
616
418
172
-69
-320
-572
-839
-1109
-1362
-1601
-1802
-1990
-2153
-2281
-2376
-2437
-2459
-2442
-2388
-2291
-2173
-2029
-1860
-1670
-1481
-1283
-1071
-856
-632
-426
-222
-31
145
299
451
601
733
871
988
1094
1188
1273
1347
1411
1474
1519
1560
1580
1591
1572
1555
1515
1470
1417
1331
1240
1136
1042
923
803
668
516
367
200
21
-154
-349
-533
-712
-900
-1099
-1281
-1443
-1587
-1700
-1795
-1857
-1889
-1876
-1837
-1770
-1680
-1558
-1411
-1246
-1077
-898
-702
-511
-323
-136
50
243
426
598
760
895
1021
1142
1246
1333
1397
1440
1467
1463
1448
1431
1419
1398
1373
1363
1367
1354
1355
1367
1362
1351
1331
1324
1278
1224
1124
991
833
648
432
194
-50
-318
-587
-876
-1141
-1396
-1639
-1854
-2046
-2211
-2335
-2431
-2490
-2505
-2475
-2414
-2315
-2184
-2032
-1865
-1685
-1496
-1296
-1086
-882
-673
-476
-271
-80
93
279
429
578
727
858
979
1096
1208
1318
1408
1488
1553
1609
1653
1671
1687
1689
1676
1642
1578
1496
1404
1303
1204
1093
984
857
711
560
406
234
67
-105
-290
-475
-674
-869
-1069
-1246
-1411
-1581
-1715
-1816
-1891
-1936
-1950
-1918
-1857
-1773
-1658
-1511
-1362
-1190
-1017
-828
-617
-419
-224
-38
139
318
489
653
817
957
1087
1184
1280
1352
1401
1436
1439
1449
1449
1442
1438
1433
1428
1419
1418
1427
1429
1424
1423
1415
1391
1346
1277
1185
1052
902
713
489
241
-29
-285
-569
-832
-1107
-1373
-1613
-1832
-2022
-2187
-2302
-2392
-2445
-2464
-2447
-2403
-2310
-2201
-2063
-1908
-1724
-1529
-1320
-1105
-895
-690
-487
-295
-109
71
227
382
520
660
781
903
1013
1112
1218
1315
1404
1480
1547
1600
1645
1670
1680
1668
1649
1609
1540
1458
1371
1278
1163
1047
918
773
616
451
287
115
-63
-254
-452
-647
-853
-1056
-1242
-1417
-1552
-1679
-1776
-1834
-1871
-1880
-1868
-1818
-1749
-1641
-1519
-1369
-1204
-1019
-828
-627
-434
-247
-52
122
297
464
633
774
913
1041
1141
1226
1285
1336
1379
1391
1401
1393
1395
1394
1384
1395
1388
1405
1420
1426
1424
1433
1430
1419
1385
1312
1215
1088
936
736
522
266
11
-248
-523
-810
-1087
-1344
-1589
-1809
-1998
-2163
-2297
-2386
-2446
-2457
-2436
-2378
-2305
-2190
-2044
-1888
-1721
-1534
-1328
-1125
-919
-733
-540
-345
-161
7
171
319
460
619
758
898
1013
1132
1233
1327
1412
1481
1549
1604
1640
1657
1667
1661
1655
1609
1564
1483
1401
1311
1198
1080
952
839
691
530
351
185
-1
-204
-393
-591
-788
-998
-1193
-1378
-1531
-1664
-1766
-1841
-1881
-1893
-1892
-1841
-1772
-1662
-1539
-1397
-1233
-1061
-877
-690
-499
-316
-125
56
238
407
581
737
869
989
1091
1183
1261
1323
1368
1387
1395
1395
1387
1388
1383
1373
1363
1369
1386
1413
1429
1435
1434
1423
1382
1313
1220
1094
938
748
535
293
35
-233
-502
-775
-1057
-1313
-1556
-1779
-1962
-2133
-2266
-2366
-2427
-2453
-2451
-2396
-2309
-2183
-2032
-1872
-1691
-1506
-1311
-1114
-918
-713
-524
-338
-154
10
181
326
477
624
763
890
1006
1108
1209
1299
1388
1474
1533
1586
1624
1647
1651
1651
1627
1600
1552
1475
1390
1299
1189
1076
961
837
685
528
364
193
7
-190
-385
-588
-787
-992
-1184
-1356
-1509
-1629
-1734
-1817
-1868
-1891
-1884
-1833
-1760
-1659
-1535
-1387
-1228
-1042
-863
-669
-485
-300
-109
75
261
426
584
715
851
958
1060
1151
1225
1283
1313
1334
1331
1323
1308
1301
1304
1305
1322
1324
1347
1370
1374
1384
1378
1365
1341
1286
1206
1074
919
743
535
300
51
-210
-475
-746
-1008
-1263
-1504
-1711
-1906
-2074
-2204
-2308
-2364
-2381
-2366
-2312
-2233
-2122
-1975
-1811
-1634
-1457
-1271
-1075
-897
-705
-526
-344
-169
-7
157
297
434
573
705
843
955
1067
1184
1282
1368
1448
1513
1575
1615
1634
1649
1633
1620
1582
1536
1474
1392
1299
1182
1081
962
825
678
522
356
185
6
-176
-370
-570
-774
-979
-1176
-1341
-1496
-1626
-1728
-1812
-1853
-1868
-1861
-1813
-1742
-1648
-1528
-1402
-1242
-1070
-885
-699
-513
-322
-125
62
245
418
585
746
883
1015
1113
1203
1270
1330
1373
1384
1388
1377
1386
1375
1375
1380
1379
1400
1411
1410
1411
1399
1385
1372
1328
1260
1163
1025
879
686
466
217
-47
-297
-574
-838
-1114
-1366
-1601
-1815
-2001
-2173
-2301
-2383
-2417
-2425
-2387
-2320
-2224
-2102
-1966
-1810
-1636
-1451
-1250
-1050
-856
-659
-488
-313
-143
29
189
344
499
651
782
910
1028
1142
1243
1342
1427
1496
1565
1617
1662
1668
1671
1650
1630
1581
1506
1434
1341
1248
1148
1025
891
757
616
467
306
137
-31
-229
-423
-624
-827
-1013
-1200
-1359
-1512
-1626
-1729
-1800
-1839
-1846
-1816
-1772
-1693
-1607
-1495
-1362
-1191
-1016
-840
-660
-468
-273
-79
122
299
475
626
752
877
991
1102
1179
1234
1289
1312
1329
1330
1326
1327
1326
1332
1329
1333
1344
1367
1375
1379
1376
1361
1341
1299
1229
1117
984
815
611
390
153
-102
-370
-640
-923
-1182
-1426
-1647
-1839
-2009
-2158
-2259
-2331
-2370
-2360
-2317
-2239
-2131
-2001
-1869
-1712
-1532
-1348
-1152
-979
-797
-606
-415
-230
-50
102
261
418
555
689
817
947
1075
1195
1287
1379
1457
1521
1567
1598
1618
1628
1610
1591
1564
1514
1444
1346
1259
1151
1062
949
818
684
531
377
210
37
-126
-305
-488
-687
-884
-1047
-1211
-1354
-1484
-1591
-1673
-1727
-1755
-1757
-1725
-1663
-1592
-1499
-1385
-1237
-1077
-903
-709
-524
-334
-149
43
222
396
548
688
826
945
1054
1133
1194
1237
1251
1257
1261
1249
1244
1241
1238
1240
1240
1257
1267
1277
1284
1288
1290
1276
1236
1166
1077
950
790
593
375
148
-90
-333
-591
-848
-1103
-1346
-1569
-1767
-1924
-2068
-2164
-2237
-2259
-2253
-2216
-2150
-2059
-1946
-1806
-1661
-1497
-1324
-1131
-950
-767
-581
-406
-234
-83
81
217
362
497
638
762
890
1010
1127
1236
1322
1410
1484
1551
1593
1624
1627
1611
1584
1544
1489
1417
1333
1235
1140
1039
916
791
653
512
358
203
57
-109
-272
-451
-631
-804
-974
-1141
-1292
-1403
-1492
-1585
-1645
-1662
-1659
-1630
-1588
-1514
-1424
-1304
-1173
-1033
-856
-693
-514
-338
-163
14
201
356
509
648
778
903
992
1073
1134
1165
1178
1199
1196
1189
1177
1175
1177
1168
1173
1178
1198
1209
1219
1227
1219
1206
1170
1104
1022
893
737
548
345
131
-98
-331
-588
-834
-1082
-1295
-1504
-1684
-1847
-1983
-2079
-2142
-2156
-2154
-2118
-2061
-1970
-1857
-1736
-1588
-1438
-1267
-1103
-933
-759
-589
-419
-257
-89
63
201
340
480
618
745
869
975
1068
1176
1265
1360
1441
1502
1555
1572
1567
1556
1527
1488
1429
1356
1275
1179
1085
977
856
727
592
457
314
164
2
-153
-316
-487
-649
-805
-957
-1082
-1206
-1315
-1395
-1464
-1499
-1531
-1527
-1503
-1448
-1391
-1314
-1209
-1089
-945
-802
-630
-485
-320
-155
7
189
354
502
636
769
878
973
1051
1114
1145
1167
1176
1172
1162
1149
1128
1109
1088
1085
1086
1083
1093
1096
1088
1077
1057
1008
954
866
756
609
435
244
43
-167
-388
-623
-856
-1070
-1264
-1448
-1619
-1755
-1869
-1950
-2000
-2023
-2013
-1965
-1891
-1804
-1702
-1587
-1450
-1306
-1147
-990
-819
-659
-505
-340
-192
-42
111
248
386
510
641
764
890
997
1091
1178
1248
1325
1389
1435
1454
1462
1442
1413
1390
1337
1272
1192
1096
1006
909
802
687
585
470
341
222
93
-38
-162
-300
-438
-577
-714
-833
-945
-1051
-1154
-1238
-1293
-1323
-1339
-1336
-1313
-1270
-1208
-1127
-1035
-926
-808
-694
-562
-411
-264
-115
44
185
332
467
588
693
792
883
954
1009
1042
1060
1063
1065
1042
1022
998
967
948
936
920
909
891
869
852
840
832
803
759
695
604
486
339
184
9
-170
-363
-574
-773
-974
-1155
-1318
-1447
-1574
-1675
-1740
-1775
-1784
-1760
-1712
-1647
-1564
-1467
-1346
-1219
-1083
-936
-787
-653
-516
-358
-216
-90
38
155
269
383
504
599
700
797
883
967
1033
1090
1134
1184
1214
1230
1227
1222
1188
1160
1107
1038
970
888
803
720
633
531
433
338
250
151
53
-45
-143
-248
-354
-471
-575
-672
-759
-845
-915
-971
-1029
-1047
-1061
-1051
-1033
-1005
-955
-894
-811
-725
-629
-536
-441
-337
-228
-104
33
159
265
386
498
594
680
750
811
846
873
888
879
860
820
768
729
679
642
612
576
556
541
532
530
515
516
517
501
474
430
381
310
217
103
-21
-160
-305
-441
-575
-717
-840
-936
-1025
-1121
-1192
-1241
-1277
-1288
-1288
-1265
-1217
-1157
-1093
-1016
-929
-819
-714
-608
-499
-398
-295
-187
-80
16
100
178
249
318
384
461
524
588
645
699
751
791
842
859
867
857
845
828
798
777
736
668
622
575
532
468
416
367
308
254
194
136
78
20
-36
-106
-175
-253
-325
-389
-464
-524
-586
-633
-655
-672
-686
-673
-664
-647
-623
-569
-515
-452
-385
-316
-241
-173
-94
-6
83
164
244
319
388
450
489
524
535
534
524
493
458
423
382
324
278
235
201
170
155
157
160
177
201
228
252
271
295
296
305
300
270
233
176
91
11
-71
-151
-227
-311
-391
-469
-525
-563
-613
-655
-672
-689
-691
-697
-686
-666
-637
-607
-577
-535
-483
-431
-367
-306
-239
-180
-116
-63
-3
46
100
164
209
254
280
323
347
371
403
413
439
450
450
440
411
398
368
340
320
281
257
220
190
165
145
132
116
114
106
94
94
86
67
57
33
-1
-45
-78
-118
-158
-202
-235
-260
-290
-309
-315
-319
-309
-302
-287
-257
-216
-181
-156
-132
-110
-66
-30
4
38
67
84
113
143
167
187
202
206
211
210
204
208
197
192
193
191
188
174
185
183
182
193
196
221
226
239
245
236
246
247
248
241
222
199
174
139
99
57
8
-42
-89
-139
-189
-250
-314
-369
-416
-472
-503
-527
-547
-538
-535
-528
-515
-494
-467
-433
-400
-371
-341
-300
-256
-198
-142
-103
-56
-12
20
44
87
119
154
193
204
225
241
255
276
276
270
257
244
235
225
219
213
192
174
170
176
185
182
184
174
173
167
160
153
123
93
62
36
-1
-38
-75
-111
-155
-195
-216
-234
-242
-252
-253
-253
-244
-238
-223
-208
-183
-158
-143
-125
-112
-88
-70
-44
-22
4
26
50
68
81
97
107
141
168
192
213
241
242
247
236
226
223
213
203
192
188
167
164
159
161
166
182
189
209
230
244
267
280
278
279
245
221
192
153
111
50
-7
-81
-146
-210
-272
-321
-376
-422
-450
-474
-488
-490
-491
-483
-465
-434
-406
-378
-353
-322
-284
-248
-211
-170
-149
-111
-85
-63
-25
6
42
54
67
70
81
92
100
117
127
132
143
150
154
150
155
156
174
181
188
199
208
223
237
242
238
226
201
187
170
139
108
80
37
2
-39
-76
-107
-141
-174
-186
-197
-214
-223
-226
-237
-240
-233
-237
-225
-213
-201
-188
-184
-170
-165
-154
-133
-104
-68
-38
-6
28
51
79
117
149
172
196
218
224
227
228
221
210
209
198
194
198
201
204
219
227
249
277
304
340
361
371
389
389
390
377
345
311
257
196
120
47
-18
-91
-159
-216
-271
-328
-367
-398
-421
-435
-439
-434
-426
-421
-407
-382
-361
-338
-321
-303
-280
-269
-249
-232
-214
-209
-183
-165
-142
-115
-93
-66
-45
-15
13
48
71
102
126
136
147
163
178
200
203
204
216
226
228
229
228
221
221
199
185
174
148
126
90
77
57
37
10
-20
-46
-75
-99
-128
-148
-170
-183
-201
-209
-221
-223
-215
-208
-201
-199
-190
-176
-156
-140
-113
-103
-88
-58
-50
-16
9
35
58
89
121
137
166
188
198
204
212
214
226
232
232
223
223
227
228
239
255
271
280
291
305
322
328
329
338
340
325
298
266
228
188
134
80
39
-14
-61
-115
-156
-199
-239
-282
-308
-330
-351
-363
-374
-390
-397
-407
-408
-391
-391
-368
-358
-338
-320
-307
-292
-284
-252
-228
-205
-198
-178
-155
-124
-88
-47
-14
24
64
88
119
144
156
171
189
210
229
231
238
225
218
219
204
189
177
159
140
119
109
88
57
45
29
11
-13
-44
-63
-77
-92
-110
-134
-143
-162
-171
-172
-188
-191
-200
-196
-192
-182
-158
-143
-122
-95
-76
-46
-28
-14
6
20
35
53
65
75
91
105
112
130
156
173
189
202
232
246
253
274
275
281
292
291
295
304
286
273
262
230
202
175
146
126
97
72
57
42
33
18
6
-10
-20
-23
-39
-45
-73
-90
-111
-130
-144
-165
-178
-186
-194
-211
-208
-213
-229
-225
-229
-219
-221
-223
-214
-213
-210
-203
-192
-179
-153
-139
-123
-100
-74
-47
-27
-15
3
23
37
43
64
71
77
91
97
103
112
122
115
105
99
93
74
68
55
45
27
3
-4
-24
-45
-57
-71
-89
-99
-118
-127
-146
-150
-159
-170
-177
-194
-190
-181
-161
-152
-123
-107
-88
-61
-33
-4
24
51
65
79
94
95
90
93
92
99
99
101
113
127
148
156
176
201
226
252
275
298
306
317
321
321
315
298
271
233
196
151
117
81
41
14
-25
-53
-75
-84
-84
-82
-86
-85
-82
-69
-61
-53
-43
-31
-16
-10
8
9
12
8
-4
-7
-10
-13
-21
-35
-29
-44
-47
-52
-62
-59
-65
-72
-73
-71
-67
-58
-53
-49
-57
-64
-56
-60
-70
-71
-75
-68
-72
-80
-71
-72
-66
-67
-57
-54
-55
-57
-67
-71
-82
-85
-95
-111
-123
-134
-142
-152
-156
-164
-171
-164
-164
-162
-163
-170
-168
-159
-158
-146
-147
-134
-119
-105
-92
-79
-55
-34
-10
0
14
37
42
47
51
55
57
64
78
78
92
111
122
141
161
176
209
235
251
276
285
303
308
306
296
281
279
245
220
196
162
122
91
66
45
29
23
19
14
16
21
25
33
38
35
34
32
30
23
25
25
26
27
29
34
28
22
27
14
2
-2
0
-3
-6
-10
-18
-24
-25
-21
-16
-11
-18
-34
-48
-52
-51
-44
-45
-40
-49
-57
-60
-66
-65
-68
-70
-72
-69
-72
-71
-89
-96
-106
-123
-130
-151
-146
-148
-160
-177
-186
-204
-208
-206
-207
-209
-211
-211
-207
-202
-193
-182
-186
-179
-173
-171
-160
-158
-129
-109
-105
-81
-70
-54
-44
-45
-40
-32
-24
-25
-13
-6
8
15
30
46
70
96
119
143
172
200
231
262
288
308
322
328
332
340
343
336
310
293
283
259
230
209
171
150
137
117
102
76
62
49
47
48
49
55
55
56
59
60
64
66
55
58
49
49
45
32
27
25
15
8
-4
-12
-23
-31
-29
-36
-37
-36
-29
-25
-24
-29
-41
-39
-40
-41
-36
-44
-45
-44
-47
-40
-52
-60
-64
-71
-76
-84
-91
-105
-107
-108
-121
-123
-131
-145
-150
-172
-176
-191
-205
-209
-220
-214
-212
-212
-210
-211
-201
-194
-191
-192
-187
-173
-157
-141
-128
-113
-114
-110
-103
-94
-77
-70
-72
-81
-84
-80
-72
-71
-65
-57
-36
-8
15
51
96
120
166
195
219
255
279
313
321
332
337
332
315
306
281
264
245
221
205
186
168
142
121
103
94
80
81
84
76
66
58
49
38
35
29
28
29
22
17
15
13
6
11
6
-4
-7
-5
-12
-1
5
-7
-6
-11
-9
-16
-16
-19
-13
-22
-16
-11
-13
-4
-7
-13
-9
-9
-4
7
8
9
-2
-6
-20
-29
-27
-43
-59
-62
-79
-95
-116
-125
-136
-148
-168
-183
-200
-198
-208
-222
-219
-215
-201
-200
-197
-186
-174
-163
-142
-133
-113
-102
-92
-79
-70
-64
-63
-59
-55
-48
-50
-46
-49
-43
-40
-27
-25
-15
1
10
26
37
55
69
88
106
124
140
163
175
185
191
197
200
195
196
177
159
152
142
122
115
98
78
68
62
62
57
52
57
52
62
59
58
55
52
48
41
41
21
32
19
28
22
15
24
14
12
18
12
14
15
14
22
29
35
44
46
42
43
35
39
37
26
32
27
28
28
14
15
12
8
1
-2
1
2
12
9
12
8
0
-8
-31
-44
-63
-83
-105
-124
-133
-150
-167
-178
-186
-190
-182
-176
-182
-172
-162
-151
-142
-132
-131
-116
-115
-109
-97
-93
-77
-77
-72
-66
-64
-53
-35
-38
-43
-29
-27
-16
-13
-7
4
9
12
29
43
51
55
66
78
88
99
105
113
118
119
113
117
111
108
100
80
80
67
64
49
35
29
20
18
15
22
26
27
29
26
18
21
27
31
33
38
24
23
20
19
16
22
30
24
40
37
35
42
44
56
57
72
77
81
83
74
78
84
87
86
91
91
90
87
87
82
73
70
59
62
54
52
57
53
47
33
28
25
10
3
-12
-24
-32
-49
-64
-77
-87
-113
-121
-131
-141
-143
-148
-153
-161
-156
-162
-154
-155
-145
-137
-135
-135
-135
-124
-128
-117
-119
-110
-99
-103
-95
-102
-97
-89
-87
-74
-61
-46
-25
-11
7
26
40
50
52
69
74
73
71
71
64
58
47
42
24
20
10
-14
-14
-29
-32
-35
-41
-33
-26
-22
-14
-7
-8
-3
-2
7
1
0
-2
1
5
11
22
17
20
20
34
29
33
47
40
36
38
47
60
64
75
82
92
107
108
119
123
133
136
131
145
133
135
137
123
127
123
122
129
130
132
122
127
126
111
102
88
77
59
39
20
7
-9
-24
-44
-58
-81
-99
-112
-121
-130
-136
-140
-143
-148
-147
-136
-129
-122
-121
-124
-121
-124
-118
-112
-103
-106
-107
-107
-109
-105
-95
-101
-103
-92
-82
-73
-63
-56
-38
-29
-15
-3
17
24
42
52
72
88
87
89
66
67
56
42
23
5
-14
-30
-46
-60
-66
-72
-80
-82
-85
-78
-86
-77
-63
-58
-53
-57
-48
-49
-39
-36
-29
-24
-18
-12
-9
4
9
23
37
42
57
53
63
67
66
85
98
109
110
117
124
131
145
146
147
139
149
142
145
144
140
147
133
147
140
135
142
139
135
121
106
88
74
64
50
36
17
6
-17
-34
-44
-67
-71
-68
-70
-70
-78
-79
-80
-88
-87
-81
-84
-85
-82
-83
-85
-88
-87
-88
-87
-87
-91
-94
-95
-95
-103
-95
-97
-91
-89
-78
-71
-68
-58
-48
-41
-29
-14
6
14
34
43
51
66
67
74
67
65
51
45
35
26
23
6
-10
-22
-31
-45
-48
-67
-74
-68
-65
-72
-76
-73
-67
-65
-72
-60
-62
-59
-55
-62
-49
-54
-42
-32
-28
-23
-13
-5
15
23
35
41
47
64
60
80
83
91
87
90
87
92
90
91
90
95
98
87
85
81
84
84
84
82
77
77
77
77
66
55
43
31
27
16
-2
-12
-22
-38
-47
-65
-65
-71
-73
-73
-66
-53
-52
-45
-40
-29
-28
-22
-16
-9
-5
6
5
10
6
10
12
2
2
-2
-6
-4
-10
-21
-24
-33
-35
-38
-39
-34
-25
-23
-27
-21
-12
1
13
16
11
15
17
14
14
9
-2
-10
-15
-29
-36
-31
-33
-35
-38
-37
-40
-33
-33
-28
-29
-27
-19
-21
-19
-26
-24
-25
-24
-37
-37
-32
-37
-37
-40
-37
-31
-21
-17
-7
1
13
15
27
34
40
54
56
66
69
71
66
65
61
51
39
36
29
32
41
37
41
48
51
58
53
55
54
50
55
43
42
35
31
21
15
9
-3
-26
-22
-36
-36
-44
-57
-58
-61
-54
-61
-59
-57
-55
-50
-42
-43
-31
-23
-18
-19
-14
-13
-18
-10
-13
-11
-15
-17
-22
-24
-28
-25
-28
-24
-9
-7
6
15
16
19
18
17
22
18
26
29
23
18
20
19
28
30
31
28
19
21
18
16
18
24
19
23
20
28
20
26
28
27
22
17
15
2
6
-4
-12
-24
-32
-33
-42
-47
-47
-48
-40
-35
-26
-27
-19
0
-5
10
8
11
16
14
14
16
15
17
25
19
23
18
13
15
17
21
21
24
22
30
28
39
28
30
35
31
35
29
20
11
17
10
4
-7
-15
-24
-33
-41
-48
-49
-58
-63
-60
-54
-47
-44
-32
-21
-10
-6
7
8
4
20
18
15
9
9
-5
-5
-12
-18
-18
-16
-16
-20
-24
-24
-15
-9
3
4
10
17
12
17
20
22
26
20
20
17
8
9
-6
-11
-10
-14
-14
-25
-16
-23
-23
-16
-22
-15
-6
6
3
11
22
25
23
27
27
21
9
9
1
1
0
-8
-8
-15
-15
-15
-16
-9
-11
-3
1
8
21
19
26
13
8
9
9
7
1
2
1
0
5
2
-4
-8
-12
-7
-11
-5
2
9
18
15
15
18
21
22
20
19
7
3
-8
-9
-25
-30
-37
-43
-39
-46
-44
-55
-49
-45
-40
-32
-34
-29
-25
-15
-11
-8
-10
-9
-5
-1
1
0
-3
4
3
0
6
4
10
8
12
13
10
11
16
17
23
32
31
41
39
39
47
45
39
33
36
39
33
30
20
13
7
1
-12
-15
-10
-17
-21
-31
-28
-29
-22
-21
-21
-25
-26
-26
-27
-23
-21
-23
-24
-20
-24
-20
-30
-20
-21
-20
-7
-10
-4
2
9
10
16
17
26
34
34
39
39
45
50
37
36
30
30
25
21
15
13
20
19
29
38
39
42
44
44
41
39
34
28
22
17
5
1
0
-6
-6
-11
-18
-18
-29
-27
-29
-38
-47
-54
-45
-46
-41
-37
-36
-29
-33
-28
-24
-23
-15
-18
-15
-13
-6
-11
-11
-15
-19
-22
-20
-17
-15
-15
-9
-1
3
4
11
15
19
25
22
25
25
31
33
26
26
24
22
11
1
5
-6
-6
-9
-7
-8
-11
-10
-6
3
1
5
6
13
8
5
5
12
3
-1
-8
-14
-17
-27
-30
-30
-31
-39
-33
-30
-22
-23
-23
-11
-1
7
26
28
36
36
40
39
37
41
42
39
40
37
29
15
9
15
9
13
16
23
27
32
35
36
31
42
40
42
39
34
38
28
22
1
-1
-10
-16
-16
-25
-34
-39
-50
-56
-57
-54
-56
-56
-57
-52
-56
-57
-53
-56
-53
-57
-47
-45
-48
-46
-45
-48
-53
-46
-43
-37
-32
-21
-21
-25
-13
-10
0
5
14
20
24
32
41
43
50
50
47
48
40
41
38
39
42
44
41
37
35
38
35
27
25
13
4
4
-1
-6
-8
-14
-21
-27
-28
-33
-37
-36
-47
-48
-48
-49
-48
-47
-44
-43
-36
-30
-25
-18
-8
-8
4
7
7
16
28
34
40
50
49
56
57
53
53
41
44
41
42
46
43
49
50
50
47
47
45
42
45
55
54
52
50
45
35
33
23
15
7
-3
-17
-25
-35
-52
-56
-59
-68
-65
-74
-81
-77
-79
-68
-69
-62
-60
-62
-54
-61
-57
-60
-62
-60
-57
-54
-50
-41
-44
-43
-32
-27
-22
-16
-7
5
8
15
17
19
29
37
38
42
46
53
56
54
52
48
48
45
33
31
27
25
25
19
20
13
13
18
13
9
12
7
10
3
-2
4
0
-8
-14
-19
-21
-20
-24
-21
-19
-10
-8
-9
-13
-3
-6
0
0
1
10
16
24
25
35
34
42
45
51
58
62
68
67
65
64
64
61
59
51
54
49
42
45
37
34
38
32
22
20
18
13
5
1
-4
-1
-8
-22
-32
-40
-46
-42
-52
-58
-58
-61
-67
-77
-73
-80
-72
-69
-69
-61
-66
-53
-52
-56
-52
-57
-66
-68
-67
-68
-65
-58
-52
-47
-36
-30
-20
-17
-5
-1
5
7
15
28
38
39
44
46
43
45
45
44
48
51
40
46
38
49
46
40
36
32
33
22
12
11
5
3
0
2
-6
-15
-6
-15
-15
-25
-36
-36
-39
-34
-37
-36
-39
-39
-34
-34
-32
-27
-17
-13
-7
-15
-17
-16
-22
-16
-10
-3
3
9
17
26
31
36
46
56
64
66
74
75
72
73
69
62
59
55
52
48
47
35
33
33
24
18
9
1
-9
-17
-24
-24
-31
-38
-35
-41
-36
-36
-42
-41
-37
-34
-43
-40
-31
-40
-34
-38
-48
-47
-52
-48
-52
-48
-46
-48
-44
-36
-28
-22
-27
-15
-6
-7
1
12
13
22
25
26
32
36
33
41
36
36
39
42
39
29
24
12
8
5
8
4
2
-2
0
-3
1
-2
2
2
3
7
6
10
11
17
12
9
7
8
11
7
8
2
0
-5
-10
-10
-17
-16
-16
-22
-20
-23
-27
-24
-17
-17
-14
-16
-17
-15
-17
-9
-13
-4
-3
-11
-5
0
7
11
19
24
23
26
31
30
33
37
34
42
38
38
36
30
27
24
21
8
5
5
2
6
9
11
9
7
7
2
-1
2
-1
2
5
-3
-3
-8
-15
-21
-25
-26
-28
-34
-35
-35
-34
-33
-31
-33
-30
-22
-19
-17
-13
-5
0
-1
9
8
7
11
14
16
16
23
27
21
18
16
18
17
13
12
8
13
14
14
7
2
-7
-8
-9
-15
-8
-17
-9
-14
-21
-13
-11
-17
-27
-23
-26
-22
-23
-14
-10
-5
-5
-6
-4
-11
-3
-10
-6
-5
-9
-2
-1
2
12
10
14
11
4
6
9
12
19
18
22
22
25
30
29
31
28
27
28
28
33
37
34
40
34
31
31
30
22
15
9
4
-7
-18
-15
-23
-30
-32
-28
-25
-24
-24
-23
-23
-19
-14
-18
-14
-16
-21
-21
-28
-26
-27
-20
-18
-22
-27
-28
-18
-23
-12
-11
-13
-8
-3
-5
-2
3
3
-1
-1
4
-4
2
-3
1
-1
-1
6
1
1
1
2
-3
3
2
-5
-6
-10
-12
-14
-10
-13
-12
-14
-8
-9
-9
-5
-7
-5
1
5
7
6
10
8
6
10
4
13
16
16
21
22
17
19
20
17
20
17
21
17
14
9
0
2
-5
-4
0
-3
-1
-2
0
2
-2
-2
-1
2
1
3
12
15
19
20
14
14
3
7
1
-1
5
4
7
6
0
-8
-13
-18
-22
-22
-14
-16
-17
-9
-13
-10
-5
-1
-5
-7
-3
0
3
-7
-10
-2
0
2
0
-2
-14
-15
-21
-21
-18
-18
-10
-21
-12
-13
-10
-7
-9
-5
-7
4
8
11
11
12
14
7
15
17
16
11
7
11
8
14
19
7
12
12
22
18
16
16
7
8
3
-5
-4
-9
-8
-2
-5
0
-5
0
4
7
8
12
16
12
12
13
16
10
9
3
3
-3
-10
-8
-12
-5
-11
-5
-6
-9
-4
-3
2
3
5
4
7
8
-1
4
3
5
14
12
9
10
9
8
9
10
13
18
14
10
6
5
3
1
7
12
13
10
15
16
7
6
2
-8
-5
-3
-16
-11
-7
-9
-2
-7
-8
-10
-17
-20
-19
-25
-20
-24
-17
-18
-24
-20
-29
-21
-19
-18
-16
-20
-19
-23
-19
-17
-19
-15
-21
-22
-20
-16
-13
-7
-5
-2
-6
5
-3
1
6
5
11
10
14
10
9
10
4
13
12
12
11
8
7
6
7
7
13
10
15
18
20
22
23
18
16
12
5
8
7
-1
-5
-4
-5
-5
-6
-9
-9
-7
-8
-10
-11
-8
0
0
7
8
10
9
15
18
15
17
21
22
22
19
24
22
24
27
28
26
21
18
18
15
14
10
10
4
0
-5
-10
-11
-15
-17
-21
-24
-26
-28
-33
-37
-41
-45
-48
-48
-49
-44
-48
-50
-41
-37
-37
-42
-33
-30
-36
-32
-34
-33
-30
-29
-25
-23
-12
-18
-9
-11
-12
-8
-6
10
17
18
25
27
31
31
32
33
30
31
33
36
30
36
33
26
27
30
28
26
30
30
31
32
25
21
15
12
13
10
11
2
5
3
-4
-3
-1
4
1
3
6
2
8
12
10
13
9
15
7
8
10
11
20
15
17
14
20
22
25
21
18
19
12
16
12
16
6
0
1
-3
1
0
-8
-5
-13
-14
-9
-16
-7
-7
-10
-12
-10
-12
-20
-19
-20
-20
-28
-29
-27
-26
-29
-31
-31
-37
-37
-37
-34
-33
-36
-30
-27
-21
-24
-21
-28
-25
-22
-22
-20
-17
-17
-9
-13
-18
-11
-21
-12
-11
-7
-2
0
1
1
-3
1
2
-2
5
6
12
13
9
9
18
22
23
23
32
34
35
37
35
32
30
26
28
24
20
31
31
34
33
37
32
30
30
21
27
29
27
21
28
26
23
18
11
13
8
6
2
-7
-10
-9
-5
-6
-6
-2
-1
-6
-1
-5
-13
-11
-13
-6
-14
-5
-2
-7
-4
-7
-2
-1
1
3
-4
-8
-7
-15
-14
-24
-27
-29
-28
-32
-31
-29
-33
-25
-20
-23
-21
-14
-11
-4
-5
-8
-3
-10
-6
-4
-4
-8
-11
-6
-8
-1
-5
-4
-6
2
2
-3
2
-2
-2
3
7
-2
-6
-5
-17
-17
-21
-20
-21
-28
-21
-24
-21
-20
-16
-12
-14
-7
-6
-1
-1
4
10
2
-2
-3
-2
1
6
6
7
9
7
16
15
22
30
29
26
21
22
18
13
18
18
17
24
20
22
24
23
20
16
20
21
23
17
23
17
25
26
23
24
18
16
13
14
15
9
13
10
9
6
8
10
7
14
12
10
6
5
3
2
-4
-8
-12
-17
-19
-18
-20
-16
-18
-17
-18
-16
-12
-20
-23
-25
-25
-27
-27
-26
-23
-24
-17
-11
-13
-7
-7
-10
-3
-12
-13
-15
-15
-16
-18
-14
-17
-14
-12
-12
-6
4
-4
3
1
3
3
-1
1
-7
-10
-17
-16
-16
-12
-18
-17
-18
-17
-11
-13
-15
-18
-13
-15
-16
-19
-19
-18
-18
-18
-17
-9
-3
0
-1
4
3
8
13
14
23
27
26
26
30
38
30
36
36
38
44
37
41
36
35
31
35
36
34
35
35
24
26
26
25
20
23
17
17
18
16
16
7
8
6
-1
3
2
2
2
1
0
-1
-3
2
-5
-2
-3
-3
-1
-6
-9
-10
-11
-7
-10
-10
-7
-17
-10
-10
-9
-8
-16
-14
-13
-18
-20
-13
-16
-21
-23
-15
-17
-11
-15
-17
-18
-22
-19
-22
-18
-28
-25
-28
-36
-32
-35
-25
-25
-18
-22
-19
-23
-24
-23
-24
-28
-27
-23
-24
-19
-23
-14
-18
-13
-15
-9
-7
-6
-2
-3
0
-3
8
10
15
23
24
27
24
26
24
29
26
27
23
23
29
29
29
29
35
31
35
37
42
46
47
41
46
43
44
44
43
42
38
27
27
29
26
30
24
23
18
13
5
2
-3
-8
-3
-5
-1
-3
-10
-10
-14
-11
-13
-14
-16
-11
-15
-19
-20
-23
-24
-22
-22
-24
-23
-20
-21
-22
-18
-21
-22
-22
-18
-19
-22
-23
-14
-18
-24
-21
-27
-22
-24
-24
-18
-16
-19
-14
-11
-12
-18
-14
-17
-17
-10
-17
-16
-24
-26
-22
-26
-24
-27
-26
-20
-18
-15
-11
-14
-7
-8
-7
-2
-4
0
1
-3
1
8
9
16
17
22
19
21
24
26
28
30
23
22
19
20
18
14
16
17
15
14
14
13
22
21
28
23
26
28
21
21
19
15
23
23
29
30
21
26
17
15
10
6
7
5
8
5
10
11
10
10
2
8
2
6
11
6
5
0
1
-2
-4
-7
-2
-5
-5
-3
-3
-3
-3
-3
-7
-8
-8
-14
-20
-14
-14
-10
-11
-14
-19
-18
-22
-19
-21
-25
-21
-22
-14
-13
-14
-17
-16
-15
-14
-18
-24
-30
-28
-23
-21
-23
-21
-13
-17
-13
-14
-18
-16
-14
-18
-21
-26
-22
-21
-19
-20
-15
-19
-12
-15
-7
0
-1
2
-5
-4
-1
3
4
8
11
11
11
15
19
18
21
23
16
22
21
21
20
24
31
33
36
37
33
32
24
28
30
32
31
28
29
29
24
24
23
21
26
26
26
27
28
16
15
11
8
7
4
10
10
10
12
9
7
10
6
9
1
-2
-4
-9
-12
-9
-8
-11
-7
-13
-7
-12
-11
-13
-11
-10
-7
-10
-14
-10
-12
-9
-10
-6
-7
-10
-12
-12
-11
-16
-19
-17
-17
-20
-24
-25
-27
-27
-24
-19
-21
-24
-20
-17
-20
-17
-18
-14
-16
-13
-12
-13
-18
-20
-17
-25
-21
-30
-29
-19
-21
-22
-21
-22
-22
-21
-21
-20
-18
-16
-17
-6
-5
-2
0
-2
-1
2
5
5
4
12
11
11
16
17
21
19
22
21
25
28
34
39
36
35
41
33
34
36
30
30
32
28
30
36
26
21
27
29
28
34
30
32
34
36
35
34
30
22
22
17
22
20
18
16
12
13
7
4
5
-3
-1
1
-4
-4
-10
-9
-12
-18
-13
-17
-17
-12
-15
-12
-14
-17
-14
-15
-22
-21
-21
-22
-17
-27
-30
-34
-35
-41
-42
-36
-36
-37
-47
-41
-41
-32
-30
-27
-24
-27
-15
-14
-12
-16
-15
-13
-10
-10
-13
-16
-14
-12
-8
-4
-7
-6
-8
-14
-13
-11
-14
-8
-7
-7
-3
2
1
11
9
5
10
5
12
10
10
10
10
11
13
9
11
12
9
6
7
8
14
20
14
13
14
17
22
25
25
29
23
25
20
19
19
18
18
19
22
18
18
16
17
18
14
15
15
10
12
15
19
17
15
13
7
7
7
2
4
3
1
6
10
6
10
8
10
14
18
17
14
16
12
13
4
7
-3
-5
-4
-4
-8
-10
-13
-18
-11
-21
-16
-19
-16
-18
-22
-25
-28
-25
-29
-28
-34
-36
-33
-33
-39
-32
-36
-40
-38
-41
-42
-39
-33
-30
-23
-23
-15
-16
-20
-18
-19
-17
-8
-12
-12
-10
-5
-2
2
7
13
11
9
9
8
9
9
11
9
16
13
17
23
20
22
23
21
21
24
14
19
21
25
27
21
21
18
24
22
23
25
24
23
23
25
24
21
23
26
31
31
32
34
30
30
31
26
24
24
21
21
17
16
19
14
15
11
9
5
4
4
3
7
7
2
-1
0
-2
-5
-1
-5
-8
-10
-15
-14
-11
-10
-12
-11
-18
-17
-24
-26
-28
-34
-24
-25
-25
-20
-22
-24
-24
-29
-24
-27
-30
-33
-41
-40
-41
-40
-37
-41
-35
