SAMPLES:	16411
BITSPERSAMPLE:	16
CHANNELS:	1
SAMPLERATE:	16000
NORMALIZED:	FALSE
-9
-12
-12
-13
-16
-14
-15
-11
-14
-10
-6
-11
-11
-13
-16
-14
-11
-6
-10
-11
-7
-11
-8
-8
-8
-2
-2
1
2
1
-4
-6
-1
-3
0
-2
0
1
3
5
3
2
6
7
4
3
-1
-2
1
4
3
4
3
3
8
3
5
5
2
3
-1
5
2
-3
-4
4
3
5
6
3
8
4
11
9
10
11
5
4
0
0
1
-1
0
2
0
0
4
-1
0
1
3
2
5
8
6
8
3
5
5
3
3
3
2
9
6
8
5
7
11
10
4
3
4
3
3
2
-1
-4
-4
-5
-7
-7
-5
-5
-7
-10
-11
-10
-10
-9
-7
-4
-8
-12
-10
-10
-6
-8
-10
-12
-16
-15
-11
-11
-11
-10
-8
-18
-18
-22
-26
-19
-24
-21
-18
-17
-16
-16
-16
-14
-14
-3
0
-2
-1
1
3
1
3
2
9
12
13
17
15
18
17
21
19
24
21
21
23
25
25
25
21
17
18
18
19
11
18
18
14
20
14
13
9
13
14
6
4
9
5
5
6
3
5
5
2
-2
-3
-3
-4
-2
-7
-8
-14
-14
-13
-11
-10
-7
-7
-8
-14
-12
-8
-11
-9
-10
-7
-11
-11
-17
-13
-17
-15
-18
-20
-14
-16
-7
-10
-9
-10
-9
-13
-13
-12
-5
-1
3
2
1
1
3
2
-4
-1
-2
4
3
4
7
6
4
1
2
-2
-2
-2
-1
5
5
2
2
0
0
0
-3
0
1
3
-3
-1
0
2
-1
4
5
0
4
3
6
5
4
2
6
7
8
4
5
8
3
7
5
7
6
9
10
12
13
10
8
11
14
13
14
15
15
19
20
22
22
27
24
25
21
15
18
13
14
8
12
4
4
-2
-10
-5
-6
-5
-7
-5
-8
-4
-4
-3
-1
1
0
-1
-3
-3
-3
-2
-7
-9
-11
-12
-15
-15
-16
-24
-18
-19
-17
-19
-19
-20
-19
-19
-16
-16
-18
-16
-17
-15
-16
-17
-12
-18
-16
-10
-10
-8
-6
1
-4
2
2
1
8
3
7
5
8
11
7
4
6
5
6
8
8
9
9
7
8
8
7
9
9
7
4
8
3
6
7
6
5
5
-1
-1
-1
-4
-4
-2
-3
1
3
0
1
-6
-6
-5
-6
-3
-5
-9
-7
-7
-6
-4
2
-1
2
-2
-2
6
4
5
-3
4
2
2
0
6
10
7
5
0
5
0
2
0
2
2
-1
5
-4
-2
-1
1
-1
-1
-1
-2
3
-2
-2
-2
-3
-5
-10
-10
-11
-14
-13
-14
-9
-10
-7
-9
-8
-7
-8
-6
-6
-10
-11
-9
-9
-10
-8
-8
-9
-4
-5
-4
-6
0
2
3
5
5
6
10
7
10
8
9
8
6
6
5
5
2
-1
3
1
0
0
-2
-5
-3
4
3
6
10
9
7
6
4
2
6
6
5
5
2
1
-1
-1
-8
-1
1
1
1
0
4
0
-2
0
-1
2
6
6
11
11
12
9
5
5
6
9
8
7
7
8
7
7
12
12
12
15
12
11
5
7
7
5
8
8
9
6
3
2
3
3
2
1
-4
-4
0
-1
-3
5
1
3
5
3
4
5
-1
1
5
3
2
3
-1
4
-1
-1
1
0
-5
-8
-5
-4
-3
-4
-2
-7
-7
-8
-3
-6
-4
-4
-12
-8
-16
-8
-8
-11
-9
-14
-7
-16
-14
-13
-10
-11
-9
-7
-9
-3
-9
-5
-6
1
0
1
5
1
4
-2
0
-1
0
2
-3
1
-1
-6
-7
-8
2
0
0
2
2
-1
-2
-6
-3
0
-1
4
2
-1
1
3
5
4
3
8
5
10
8
9
10
7
10
1
5
0
4
0
-2
2
0
3
0
4
-1
2
-1
0
0
-2
2
-4
0
-1
5
-1
-2
-1
1
-1
0
3
-2
6
-1
-2
-3
-3
-3
-3
-3
-4
0
-7
-2
-6
-1
2
4
9
4
8
6
6
12
4
4
6
5
8
0
1
3
4
3
2
-2
-6
-6
-12
-10
-14
-11
-15
-16
-14
-17
-11
-11
-7
-7
-3
-4
-4
-5
-3
-1
0
-1
-2
-1
-4
-2
-4
-4
-1
-1
-1
-2
-1
-5
-8
-4
-3
-5
2
2
0
-2
-2
-4
-1
-3
0
0
-2
5
0
-1
3
5
4
6
6
6
8
10
8
4
4
5
5
8
2
2
-4
-3
0
-4
-2
0
1
5
2
1
1
3
3
3
6
9
4
2
5
2
3
3
6
3
4
10
11
10
10
14
8
9
5
6
3
-1
2
3
-1
0
2
6
7
12
12
9
9
9
11
-3
-4
-6
-5
-5
-8
-5
-10
-7
-5
-7
-7
-7
-10
-5
-7
-8
-2
-5
-3
-4
-4
-4
-2
-5
-7
-5
-1
3
2
6
2
0
-1
-4
-4
-3
0
-6
-5
-7
-3
-6
-4
-6
-6
-6
-6
-3
-5
-1
-3
1
-1
-2
0
1
0
3
5
4
6
5
9
7
3
7
4
9
4
7
5
3
5
1
4
10
8
12
8
8
13
15
14
9
12
6
8
7
4
7
4
0
1
-4
3
1
0
6
2
4
1
5
5
2
-1
-1
3
6
7
5
3
4
0
0
-4
-3
-6
-6
-3
-9
-8
-7
-10
-6
-7
-5
-5
-6
-4
-6
-8
-9
-8
-10
-11
-14
-13
-8
-11
-10
-18
-17
-10
-12
-9
-8
-2
-8
-3
-7
-4
-2
-9
-7
-6
-4
-9
-1
-3
2
0
0
-1
-1
0
2
1
2
2
-1
2
2
3
1
1
0
1
1
6
7
7
4
5
8
6
10
10
7
8
1
-5
-3
0
3
-2
2
-1
1
1
-1
3
6
3
5
0
-3
-2
1
-2
-1
-5
-2
-2
-3
-3
-4
2
3
4
2
2
4
6
2
0
0
-3
-6
-9
-9
-3
-2
-2
-3
-1
-4
-7
-3
3
6
3
2
0
0
1
2
-2
-2
1
1
1
-3
-3
-3
-3
1
-1
2
0
2
4
4
-2
1
0
-1
0
-7
-4
-8
-7
-2
-8
-10
-8
-5
-7
-5
-2
2
5
-1
7
0
0
2
-2
-1
0
4
3
4
2
2
2
3
3
-1
5
5
6
12
11
16
17
12
14
15
16
15
12
14
11
12
7
5
5
1
2
0
-1
-4
-1
-4
-3
-8
-7
-6
-5
-2
-7
-5
-11
-10
-11
-7
-4
-9
-8
-6
-1
2
1
4
0
-1
0
1
4
2
0
0
-3
-1
4
0
-2
-2
-5
-6
-3
0
-2
0
3
6
5
3
4
4
3
1
3
-5
-1
-4
-6
-3
0
2
0
0
0
0
-3
-3
-1
-2
-2
-2
-7
-6
-5
-9
-1
-2
2
4
7
11
13
15
16
14
12
9
7
10
0
3
-2
-3
-2
-5
0
-4
-1
0
-2
5
1
3
2
1
4
1
4
-1
0
0
-4
-2
0
0
-1
-2
-5
2
-2
1
2
1
4
-1
0
5
3
5
8
1
-1
-3
-5
-4
-7
-9
-10
-4
-2
-2
2
0
-3
2
4
3
6
5
4
3
0
-1
-3
-7
-6
-9
-9
-14
-10
-15
-9
-8
-7
-5
-3
3
-3
-2
-3
-5
-2
-6
-4
-8
-7
-2
-7
-7
-8
-7
-3
0
0
4
7
6
5
3
6
4
0
3
3
2
5
6
3
4
10
1
5
9
8
6
3
-1
2
1
-1
-1
-4
-2
-1
-6
-2
-2
-5
2
-3
1
1
0
0
-1
0
0
-4
-2
-5
-5
-5
-5
-3
-2
-6
-7
-3
-8
-2
0
-1
2
2
1
2
3
-1
0
3
-1
6
3
5
0
1
1
-3
2
-2
3
1
-4
-6
-7
-4
-6
-5
-6
-6
-10
-5
-6
-4
-1
0
-1
4
3
-2
-2
-6
-6
-10
-8
-10
-6
-6
-3
-2
-2
4
2
9
8
5
5
9
8
9
8
13
10
3
8
4
9
5
6
8
4
8
7
9
8
7
5
4
7
5
3
4
4
6
3
1
5
-4
0
-1
-2
6
1
9
6
8
3
1
2
1
-1
-2
-3
-6
-7
-9
-8
-14
-8
-14
-11
-10
-14
-10
-7
-8
-10
-4
-3
0
-3
-2
1
-2
-3
-4
-5
1
5
4
9
5
9
9
12
13
13
14
11
14
12
15
14
9
10
5
9
5
8
8
7
9
8
6
3
10
4
4
1
2
0
-2
-4
-2
-1
-4
-1
-2
-2
-5
-5
-5
-4
-3
-3
-7
-7
-2
-4
-4
-1
-5
-1
-3
1
-1
-2
2
-6
2
-5
-4
-6
-7
-10
-7
-13
-10
-9
-7
-3
-4
-1
-6
2
-4
0
0
-2
-2
-4
-2
-1
-1
0
1
1
1
2
0
4
0
5
4
1
5
2
5
4
3
0
1
-2
-3
0
-2
0
-1
-1
0
2
3
-1
3
2
7
6
2
0
0
-2
0
-5
-8
-12
-11
-12
-11
-11
-11
-9
-15
-9
-10
-5
-3
-7
-2
-4
0
-2
-4
-1
3
-2
0
6
2
6
3
8
6
5
4
7
7
7
6
2
6
-1
3
-1
0
-3
-3
0
-5
0
-5
-4
1
0
-1
0
1
1
-3
-2
-3
-1
-1
-2
-2
-4
2
2
-2
-2
-5
-5
-9
-5
-6
-2
-1
-2
1
-1
4
2
4
8
6
10
10
10
11
8
6
2
4
2
1
2
-6
-5
-6
-5
-4
-6
-2
-2
-1
-2
-2
-5
-1
-1
-2
2
1
4
0
-1
1
-3
-1
-4
-4
-6
-8
-5
-6
-8
-6
-6
-5
-3
-3
-1
-4
-1
-3
-2
-4
-8
-1
-2
-1
-3
-1
1
0
5
7
6
5
4
7
7
6
10
6
9
8
8
6
5
3
2
3
5
8
10
11
9
12
8
7
6
6
8
6
4
4
4
2
-2
5
3
2
5
5
9
7
9
7
4
2
4
0
-2
0
-3
-3
-2
-2
-2
-1
0
1
2
5
3
1
3
0
-1
-1
-2
0
-2
-3
-1
-2
-2
-2
0
1
-2
3
3
1
-4
-3
-2
-7
-6
-8
-6
-2
-3
-3
-5
-9
-5
-5
-3
-1
1
1
-2
3
5
2
2
0
-2
1
-2
2
5
6
10
8
13
9
8
7
5
6
4
3
3
1
2
3
-1
0
-1
-3
-1
-4
-4
-2
0
-1
-4
-2
-2
-1
-7
-8
-9
-10
-11
-12
-10
-10
-9
-9
-10
-6
-4
-3
-5
-4
-1
-3
-1
-2
-2
-4
-5
-3
-5
-5
-5
-3
-2
-2
0
-4
1
5
2
4
1
3
2
2
8
0
4
-4
-1
2
-2
3
-4
0
-3
-8
-6
-5
-12
-9
-6
-8
-6
-6
-4
-3
-2
-9
-6
-10
-12
-12
-9
-4
-8
-4
-6
-1
4
4
3
5
9
8
5
5
6
6
0
-2
-1
-5
-2
-3
-1
0
3
5
10
11
7
11
5
8
5
7
7
6
7
2
5
4
2
3
5
-3
-3
1
1
1
0
1
2
5
4
3
5
5
9
11
8
11
10
7
2
4
7
5
5
-3
-4
-5
-3
-4
-7
-9
-5
-2
-4
-6
-3
-2
-3
-5
-4
-4
-6
-5
-5
-6
-5
-10
-11
-12
-10
-9
-9
-5
-7
-5
-4
1
-1
2
2
-2
1
1
1
-1
2
4
4
2
-2
1
2
3
3
8
8
8
8
5
4
8
2
4
4
4
5
0
-1
1
1
2
5
8
6
8
9
6
5
6
0
2
-1
0
-4
-4
0
0
3
1
5
5
4
3
5
9
7
6
2
0
4
-1
-3
3
3
1
4
-1
0
2
0
0
2
0
6
5
6
5
0
4
-1
3
2
3
5
3
2
-1
3
1
3
2
1
4
3
8
7
10
7
7
2
5
3
-3
1
-3
-3
-5
-6
-5
-7
-8
-7
-12
-10
-10
-9
-7
-7
-5
-7
-11
-10
-12
-13
-11
-7
-7
-5
-6
-6
-3
-4
-5
-9
-8
-5
-5
-4
-6
-5
-3
-1
0
4
-4
-3
-3
-4
-2
-3
-5
-2
1
3
2
4
5
6
5
4
0
3
4
2
6
7
3
5
2
4
2
-2
2
-6
1
3
5
5
5
-1
7
0
3
7
3
2
-4
-1
-2
-5
-5
-11
-8
-8
-7
-3
-8
-1
-3
-3
0
-2
-1
1
-1
-1
-2
-8
-6
-5
-5
-5
-4
-1
-4
-3
-1
-4
3
3
4
6
7
7
7
9
9
12
17
12
11
5
5
-1
1
8
28
45
25
-5
-23
-4
33
50
36
3
-34
-50
-31
0
14
-8
-61
-89
-82
-52
-34
-30
-47
-65
-70
-53
-12
17
21
9
2
9
26
47
65
74
82
67
48
38
35
43
44
34
21
-9
-37
-43
-35
-37
-58
-73
-74
-71
-72
-81
-77
-68
-59
-49
-38
-18
-10
-8
15
33
49
53
62
77
94
93
95
107
133
145
142
133
127
124
122
150
194
212
155
63
19
71
140
145
52
-48
-119
-152
-146
-105
-76
-145
-286
-367
-325
-236
-208
-235
-249
-240
-252
-249
-170
-56
-18
-45
-31
33
81
79
106
180
240
219
167
142
145
126
108
110
110
36
-64
-114
-102
-96
-138
-172
-155
-154
-197
-222
-169
-93
-58
-67
-42
21
54
65
112
212
272
259
239
275
329
322
294
294
289
254
171
136
134
102
28
-49
-82
-128
-194
-244
-250
-243
-272
-327
-345
-279
-165
-28
85
11
-129
-173
-15
303
449
373
182
5
-19
107
271
328
138
-161
-322
-270
-84
16
-40
-169
-331
-400
-350
-205
-97
-85
-126
-195
-198
-156
-100
-12
104
146
97
20
-30
4
111
217
254
181
22
-60
10
122
125
34
-43
-55
-38
-49
-47
19
58
84
107
172
215
239
278
377
532
636
674
591
479
396
441
603
636
444
162
-51
-140
-178
-213
-267
-399
-689
-983
-1060
-919
-811
-856
-924
-938
-916
-865
-731
-466
-240
-190
-194
-100
122
279
376
500
636
653
540
461
483
544
506
430
355
238
48
-105
-121
-98
-188
-355
-447
-464
-509
-587
-568
-414
-321
-332
-366
-265
-76
24
135
302
478
523
488
546
712
820
786
727
717
676
559
426
407
380
257
112
64
37
-175
-434
-504
-351
-222
-341
-545
-679
-672
-570
-408
-215
-176
-342
-487
-383
-83
182
231
174
128
129
185
326
485
496
360
214
162
205
198
134
57
-6
-127
-274
-363
-375
-378
-397
-406
-419
-427
-469
-447
-322
-175
-118
-96
-34
89
207
288
398
499
568
580
600
666
744
790
791
844
905
954
976
854
617
386
370
556
583
287
-146
-424
-513
-559
-595
-633
-762
-1137
-1513
-1553
-1253
-1004
-1078
-1258
-1299
-1180
-1027
-838
-516
-227
-167
-214
-99
239
503
588
649
812
888
777
631
620
732
733
592
440
282
61
-156
-201
-170
-230
-435
-630
-663
-679
-750
-758
-576
-380
-354
-395
-310
-84
91
212
398
625
706
629
640
841
1023
1004
874
857
866
742
582
514
505
369
111
-95
-74
25
12
-180
-466
-646
-732
-579
-332
-267
-465
-754
-850
-632
-300
-136
-173
-328
-384
-302
-64
239
386
339
176
105
212
355
380
318
252
167
47
-76
-148
-170
-184
-216
-293
-391
-508
-564
-513
-373
-235
-213
-282
-317
-220
6
178
276
327
431
575
644
712
759
821
883
944
1095
1304
1434
1298
877
520
546
933
1209
944
300
-271
-500
-459
-363
-308
-486
-1032
-1696
-1960
-1638
-1191
-1131
-1443
-1725
-1707
-1570
-1369
-1005
-608
-404
-479
-521
-236
191
452
576
755
966
944
705
581
723
894
864
692
502
297
49
-125
-116
-67
-186
-412
-545
-598
-701
-828
-748
-493
-366
-481
-579
-449
-230
-75
82
345
559
579
503
637
968
1166
1099
1016
1067
1052
896
733
703
700
513
214
105
200
242
-28
-436
-633
-667
-562
-465
-446
-540
-821
-1036
-916
-532
-251
-328
-513
-534
-381
-139
99
278
368
284
187
260
448
555
461
353
316
244
107
-45
-80
-35
-93
-218
-355
-439
-543
-603
-543
-413
-348
-393
-450
-360
-169
-54
39
159
336
485
581
649
757
858
965
1163
1527
1824
1687
1171
709
820
1359
1673
1359
639
-5
-298
-332
-233
-162
-369
-1013
-1779
-2088
-1744
-1288
-1282
-1594
-1856
-1858
-1744
-1580
-1263
-863
-667
-739
-742
-448
-62
147
256
500
807
843
623
490
647
846
853
726
574
363
85
-118
-103
-34
-151
-362
-510
-590
-718
-805
-658
-395
-267
-361
-454
-322
-74
117
282
519
658
619
555
706
995
1121
1030
953
1018
1031
887
724
720
746
589
318
233
311
342
133
-243
-442
-527
-493
-359
-294
-369
-641
-924
-866
-526
-285
-333
-542
-598
-527
-355
-133
33
129
32
-79
-6
205
334
296
247
255
214
109
-27
-22
69
42
-124
-286
-342
-414
-444
-403
-302
-265
-342
-394
-296
-52
28
7
87
325
567
616
590
557
623
772
1024
1433
1737
1593
998
519
650
1307
1781
1490
710
23
-229
-167
14
110
-111
-796
-1647
-2014
-1670
-1158
-1108
-1499
-1863
-1950
-1861
-1687
-1355
-921
-710
-809
-910
-685
-253
64
214
419
676
741
546
416
584
834
880
743
577
395
166
-38
-86
-41
-97
-291
-433
-499
-680
-832
-776
-495
-274
-337
-504
-472
-233
-3
194
423
595
572
476
603
951
1190
1133
1010
1031
1072
980
832
814
850
730
505
441
553
481
14
-403
-446
-228
-123
-320
-562
-733
-888
-951
-756
-432
-382
-683
-911
-726
-345
-77
-72
-78
-33
-43
-14
136
385
415
225
98
142
251
177
-4
-49
21
17
-173
-335
-365
-339
-338
-359
-298
-290
-383
-427
-253
8
69
54
108
360
577
553
504
540
729
948
1259
1611
1745
1363
720
533
1075
1799
1853
1181
339
-87
-86
46
185
120
-357
-1200
-1880
-1818
-1287
-979
-1265
-1790
-2037
-1969
-1796
-1574
-1218
-912
-905
-1044
-958
-573
-184
21
184
460
689
591
379
397
684
930
889
665
458
266
91
37
74
75
-96
-330
-453
-509
-632
-691
-554
-350
-309
-434
-482
-333
-112
78
246
458
562
502
466
676
1014
1149
1081
1030
1047
1012
871
785
857
883
780
671
697
536
0
-457
-463
-10
203
-179
-731
-1039
-1028
-868
-598
-364
-448
-882
-1179
-941
-315
133
44
-186
-256
-143
76
309
524
523
330
120
100
269
304
146
-9
-40
-64
-218
-397
-469
-393
-326
-372
-424
-424
-449
-432
-253
-37
79
61
77
237
474
598
630
692
803
1015
1376
1725
1757
1376
839
757
1278
1851
1766
1028
280
-97
-95
26
82
-69
-643
-1480
-1996
-1755
-1193
-1018
-1388
-1877
-2031
-1855
-1616
-1346
-1034
-860
-912
-982
-792
-380
-83
33
167
450
664
528
292
313
592
814
723
472
247
48
-97
-160
-95
-94
-257
-495
-647
-691
-698
-618
-451
-318
-297
-375
-347
-159
74
302
486
641
688
672
743
936
1143
1245
1190
1127
1096
1035
907
837
838
818
716
611
543
254
-218
-534
-383
-14
43
-375
-871
-1081
-974
-707
-440
-339
-544
-892
-997
-642
-25
292
122
-163
-269
-70
205
452
538
432
178
-38
-1
169
215
54
-127
-225
-324
-446
-554
-549
-434
-421
-536
-645
-659
-572
-372
-139
35
85
33
77
317
659
884
898
819
774
924
1343
1882
2160
1773
934
427
809
1706
2075
1445
404
-290
-436
-275
-51
63
-300
-1261
-2164
-2215
-1489
-919
-1154
-1802
-2087
-1890
-1616
-1426
-1162
-848
-769
-888
-830
-442
-5
67
46
305
725
826
506
264
398
738
828
631
434
233
4
-226
-282
-171
-127
-274
-523
-739
-879
-802
-603
-343
-222
-289
-358
-262
-36
202
439
628
728
734
751
903
1092
1166
1161
1187
1219
1128
920
747
765
828
820
769
715
449
-76
-487
-449
-17
200
-150
-747
-1087
-1071
-851
-562
-392
-480
-832
-1113
-940
-344
126
108
-135
-273
-166
73
254
400
441
323
111
31
164
234
133
-68
-143
-152
-241
-446
-560
-497
-414
-479
-648
-702
-641
-518
-319
-169
-61
-33
-7
210
474
725
797
807
844
958
1253
1681
2064
1999
1402
729
718
1401
1991
1789
898
73
-267
-224
-85
58
-94
-785
-1729
-2225
-1853
-1203
-1067
-1570
-2050
-2089
-1855
-1652
-1421
-1095
-855
-883
-937
-671
-184
99
137
253
614
883
744
467
442
710
898
802
553
356
162
-73
-250
-263
-202
-260
-479
-732
-903
-911
-778
-548
-374
-371
-430
-393
-211
63
322
541
693
746
795
943
1146
1274
1264
1247
1290
1263
1096
903
883
989
1078
961
563
158
-150
-212
-73
52
-89
-566
-1098
-1310
-1045
-674
-604
-840
-1117
-1171
-1009
-630
-205
77
24
-218
-244
70
516
706
623
508
425
339
251
276
381
320
27
-290
-408
-403
-490
-556
-548
-505
-580
-819
-889
-655
-374
-348
-361
-239
-7
114
91
243
546
857
926
859
925
1156
1588
1991
2046
1573
942
799
1357
1942
1785
955
152
-216
-268
-181
-44
-176
-852
-1800
-2242
-1815
-1198
-1179
-1710
-2086
-2011
-1758
-1564
-1327
-987
-785
-836
-815
-441
17
165
133
301
719
920
707
424
459
710
788
624
400
248
47
-219
-379
-360
-301
-367
-556
-754
-876
-901
-765
-532
-342
-334
-376
-335
-159
91
369
622
737
757
746
887
1119
1275
1310
1302
1310
1243
1084
939
957
1084
1134
979
564
115
-189
-236
-24
139
-29
-557
-1113
-1304
-1056
-647
-562
-757
-1045
-1190
-1068
-713
-276
6
-11
-265
-310
-34
376
615
593
493
401
315
269
309
404
389
136
-159
-298
-347
-447
-539
-495
-383
-439
-670
-835
-701
-464
-367
-324
-171
49
117
79
134
439
745
855
872
895
1055
1362
1776
2016
1718
1068
725
1179
1860
1867
1133
316
-99
-186
-171
-109
-141
-681
-1627
-2254
-1998
-1294
-1122
-1635
-2136
-2120
-1823
-1609
-1446
-1148
-906
-929
-985
-687
-147
115
57
136
541
924
863
531
468
742
922
826
620
446
278
3
-220
-218
-142
-221
-481
-724
-852
-861
-763
-593
-438
-378
-404
-378
-191
43
275
473
646
736
789
868
1029
1187
1264
1296
1314
1286
1168
986
986
1169
1281
1107
604
185
-40
27
160
121
-117
-599
-1102
-1282
-1024
-722
-734
-1001
-1213
-1176
-981
-698
-419
-175
-120
-264
-284
-21
360
536
468
423
373
321
221
233
400
437
203
-133
-348
-429
-444
-432
-349
-338
-526
-823
-894
-599
-274
-176
-233
-193
-51
64
154
368
632
785
739
762
1011
1397
1742
1819
1581
1104
871
1140
1708
1898
1327
477
-44
-108
11
44
-107
-579
-1325
-1965
-1964
-1438
-1108
-1434
-1991
-2178
-1950
-1632
-1378
-1152
-975
-964
-994
-755
-262
132
163
135
347
680
785
602
490
606
752
744
630
491
301
35
-178
-244
-195
-198
-372
-621
-845
-938
-842
-602
-423
-435
-525
-508
-296
-25
238
482
644
706
745
874
1120
1308
1313
1308
1335
1377
1268
1065
950
1011
1122
1096
937
536
104
-219
-235
29
167
-97
-678
-1181
-1256
-994
-677
-613
-806
-1080
-1223
-1096
-685
-249
-40
-121
-321
-317
-95
230
425
454
417
304
164
102
140
241
231
59
-155
-314
-439
-524
-461
-377
-357
-512
-739
-757
-540
-301
-247
-224
-126
37
187
272
425
605
748
810
932
1241
1643
1944
1854
1406
948
987
1530
1989
1808
992
199
-157
-114
65
113
-148
-859
-1743
-2168
-1810
-1186
-1061
-1555
-2104
-2189
-1918
-1583
-1289
-1038
-899
-972
-1027
-755
-223
130
190
255
523
775
715
510
495
744
928
827
606
388
190
-30
-210
-233
-175
-228
-484
-763
-969
-973
-765
-537
-396
-449
-542
-545
-350
-23
324
604
681
667
655
828
1104
1298
1344
1342
1365
1325
1164
1007
973
1060
1078
977
887
734
315
-191
-385
-153
190
67
-485
-1005
-1180
-1083
-848
-609
-563
-796
-1158
-1272
-888
-257
44
-26
-228
-283
-130
101
345
496
481
307
90
50
111
113
28
-48
-59
-190
-457
-671
-635
-420
-290
-392
-573
-673
-604
-361
-111
49
79
14
101
293
516
674
721
819
928
1135
1443
1773
1847
1491
964
838
1310
1831
1752
1042
293
-63
-83
-31
-25
-176
-699
-1511
-2063
-1886
-1363
-1160
-1510
-2002
-2119
-1895
-1650
-1429
-1146
-924
-887
-916
-713
-270
125
229
264
497
779
805
595
490
655
866
812
593
374
240
74
-144
-260
-260
-266
-407
-641
-862
-941
-839
-648
-490
-405
-441
-443
-351
-110
224
517
677
658
670
811
1043
1256
1331
1347
1365
1310
1164
1026
1024
1086
1087
1004
913
787
362
-117
-344
-138
175
54
-442
-967
-1185
-1103
-853
-628
-574
-782
-1108
-1203
-869
-308
-24
-101
-321
-386
-188
63
271
375
339
190
6
-16
101
147
58
-109
-184
-264
-398
-544
-538
-396
-323
-404
-559
-590
-481
-292
-136
-16
71
111
185
314
544
710
793
826
890
1099
1445
1800
1848
1482
963
802
1253
1815
1800
1115
299
-143
-174
-56
2
-141
-686
-1546
-2104
-1933
-1370
-1142
-1499
-2026
-2162
-1952
-1683
-1431
-1155
-957
-975
-998
-740
-240
111
161
211
510
807
816
609
545
731
922
902
714
537
348
126
-84
-138
-94
-135
-308
-570
-781
-853
-765
-579
-398
-384
-457
-483
-368
-142
145
426
588
600
571
672
917
1126
1212
1252
1327
1319
1160
961
907
1003
1025
929
842
838
620
65
-369
-371
4
205
-151
-666
-980
-1045
-953
-703
-433
-439
-808
-1173
-1054
-522
-29
-18
-197
-315
-294
-146
19
282
358
207
-39
-156
-16
58
-61
-200
-216
-181
-318
-547
-606
-481
-352
-431
-520
-498
-417
-335
-188
-15
128
182
222
354
577
732
775
812
921
1146
1479
1811
1899
1556
1000
778
1177
1788
1848
1177
317
-159
-244
-136
-53
-131
-601
-1415
-2048
-1986
-1437
-1133
-1405
-1881
-2054
-1923
-1694
-1468
-1174
-906
-879
-922
-746
-347
9
103
180
464
769
792
565
463
640
874
890
701
499
327
96
-123
-178
-108
-109
-313
-577
-797
-884
-796
-621
-432
-353
-397
-459
-398
-145
148
430
591
629
651
744
935
1099
1192
1270
1316
1308
1136
935
869
896
952
912
855
775
442
-69
-374
-221
187
269
-193
-728
-1000
-978
-787
-515
-362
-510
-904
-1171
-929
-368
44
-25
-239
-361
-276
-87
93
305
319
170
-54
-138
-42
-9
-105
-233
-248
-235
-383
-602
-650
-521
-408
-430
-543
-558
-473
-373
-200
-1
153
230
266
387
607
791
900
989
1081
1237
1496
1794
1935
1666
1105
822
1101
1626
1695
1119
341
-172
-315
-309
-261
-281
-672
-1482
-2160
-2158
-1613
-1227
-1442
-1914
-2117
-1946
-1700
-1477
-1137
-826
-751
-807
-670
-253
130
245
291
528
824
847
617
461
629
863
860
655
445
319
126
-104
-218
-177
-147
-288
-525
-751
-845
-763
-608
-409
-295
-320
-342
-292
-82
235
528
701
733
724
829
1021
1182
1244
1235
1242
1209
1094
934
829
825
779
614
446
455
542
419
-89
-492
-500
-283
-48
-156
-418
-705
-977
-1024
-702
-250
-193
-597
-958
-841
-399
-37
19
-10
-18
-123
-186
-65
214
322
132
-81
-135
-110
-234
-463
-467
-304
-288
-498
-734
-760
-670
-589
-486
-356
-250
-313
-393
-187
162
374
403
440
658
873
938
942
1080
1364
1683
1991
2044
1620
1024
835
1343
1952
1844
994
115
-277
-311
-267
-224
-323
-895
-1799
-2344
-2104
-1447
-1279
-1690
-2063
-2061
-1858
-1729
-1496
-1111
-768
-715
-791
-601
-159
111
177
382
776
1024
840
541
498
793
1025
964
744
484
213
-58
-164
-141
-71
-161
-417
-682
-887
-898
-745
-479
-337
-382
-451
-429
-277
-29
266
527
696
676
612
746
1027
1217
1252
1264
1287
1248
1062
871
866
933
848
581
394
413
488
283
-194
-517
-541
-374
-266
-351
-523
-768
-987
-949
-568
-184
-244
-614
-815
-597
-212
66
92
73
28
-83
-73
123
337
280
34
-127
-99
-96
-248
-441
-455
-352
-385
-555
-698
-720
-728
-701
-588
-404
-328
-423
-454
-199
151
334
359
426
639
800
867
990
1306
1657
1927
1981
1759
1367
1139
1377
1880
2018
1468
588
3
-122
-73
-57
-219
-690
-1453
-2127
-2231
-1806
-1462
-1625
-2106
-2315
-2171
-1923
-1664
-1365
-1080
-951
-916
-745
-355
11
171
294
600
914
972
782
659
787
1030
1123
985
743
421
94
-58
-64
-15
-81
-323
-644
-891
-992
-879
-617
-458
-481
-595
-584
-410
-179
91
392
623
696
635
707
945
1208
1309
1331
1347
1307
1163
982
935
993
1005
766
463
213
138
172
239
150
-253
-668
-911
-727
-334
-208
-432
-809
-1022
-891
-505
-183
-110
-259
-417
-420
-188
139
293
315
168
44
36
108
149
98
54
-33
-171
-337
-472
-532
-506
-482
-476
-525
-657
-803
-848
-684
-431
-305
-300
-380
-320
-80
159
400
567
718
813
818
890
1071
1296
1547
1850
2051
1912
1324
796
941
1586
1937
1451
541
-153
-409
-430
-373
-264
-450
-1202
-2128
-2433
-1962
-1417
-1445
-1850
-2047
-1968
-1902
-1824
-1462
-951
-668
-712
-731
-424
-55
77
188
562
1008
1063
712
450
606
940
1047
939
769
528
186
-96
-128
26
46
-149
-429
-655
-792
-850
-688
-417
-252
-323
-443
-391
-167
98
357
612
778
788
737
854
1088
1236
1253
1231
1234
1173
1005
867
860
851
691
460
272
133
5
-79
35
142
-186
-721
-1021
-789
-287
-131
-375
-675
-851
-839
-607
-232
42
-54
-397
-588
-322
124
313
207
32
-75
-116
-130
-45
53
16
-195
-435
-485
-436
-464
-514
-499
-433
-456
-636
-758
-666
-436
-236
-136
-118
-126
-93
99
380
657
777
790
811
914
1046
1154
1367
1705
2035
1964
1398
834
834
1373
1779
1547
830
118
-290
-447
-414
-290
-368
-981
-1865
-2311
-2067
-1640
-1584
-1866
-2067
-2001
-1972
-1984
-1740
-1250
-864
-748
-714
-508
-209
-47
113
513
1008
1156
890
635
699
944
1092
1058
933
729
350
16
-85
18
75
-53
-265
-498
-739
-874
-791
-533
-303
-332
-458
-436
-259
-69
152
440
690
776
745
782
979
1174
1213
1226
1281
1263
1092
895
826
822
723
521
321
148
-61
-246
-179
83
146
-353
-924
-1095
-791
-306
-158
-300
-585
-874
-984
-665
-105
174
-64
-462
-543
-247
107
202
204
143
-51
-224
-192
7
90
-101
-348
-455
-395
-414
-534
-541
-439
-386
-481
-557
-517
-430
-363
-249
-79
133
185
110
289
571
766
820
848
1002
1122
1114
1113
1393
1804
1990
1729
1154
740
846
1311
1550
1256
531
-154
-501
-539
-409
-354
-620
-1273
-2003
-2243
-1922
-1573
-1568
-1843
-2041
-2019
-1936
-1794
-1485
-1051
-809
-817
-777
-517
-185
60
237
557
923
982
819
662
762
973
1052
1011
890
682
380
96
7
50
45
-32
-206
-477
-757
-875
-684
-368
-204
-270
-372
-342
-215
-12
293
616
779
699
619
749
1011
1190
1161
1165
1220
1178
979
823
830
841
673
450
309
165
-18
-173
-60
131
-113
-690
-1086
-958
-437
-197
-361
-629
-825
-928
-782
-346
31
-9
-370
-600
-437
1
203
157
68
-59
-144
-170
-76
72
47
-120
-296
-357
-315
-338
-396
-357
-278
-303
-419
-529
-538
-424
-267
-129
-1
60
47
184
390
569
693
787
908
1025
1052
1012
1071
1256
1562
1881
1866
1325
611
357
874
1528
1497
741
-120
-610
-735
-676
-435
-315
-779
-1744
-2435
-2262
-1613
-1350
-1612
-1895
-1934
-1933
-1953
-1692
-1126
-697
-727
-830
-632
-188
71
172
471
969
1192
958
665
687
919
1041
991
908
780
444
30
-157
-47
70
1
-178
-403
-655
-843
-791
-428
-139
-168
-361
-407
-251
-40
204
500
772
812
667
677
926
1193
1252
1245
1274
1234
1043
807
751
837
778
533
268
68
-124
-252
-185
70
19
-514
-1067
-1172
-686
-251
-222
-479
-751
-924
-908
-546
-50
87
-240
-629
-647
-252
101
168
112
4
-138
-227
-165
55
146
-23
-266
-353
-275
-268
-350
-372
-266
-183
-282
-436
-481
-376
-179
-3
147
208
136
132
321
604
780
819
837
890
929
929
1034
1297
1642
1775
1517
950
496
604
1115
1469
1165
404
-282
-598
-585
-464
-365
-555
-1172
-1942
-2235
-1927
-1509
-1477
-1770
-1950
-1907
-1831
-1752
-1497
-1081
-790
-732
-678
-414
-64
137
294
655
1085
1195
961
737
801
1011
1102
1039
915
716
403
103
10
75
93
-46
-262
-474
-666
-745
-617
-389
-237
-286
-399
-335
-171
24
228
491
681
673
628
711
957
1109
1135
1131
1136
1082
921
751
718
733
624
408
204
45
-54
-94
2
43
-348
-850
-1080
-824
-386
-299
-522
-785
-943
-910
-658
-287
-92
-278
-576
-645
-303
131
222
123
-9
-80
-69
-9
154
224
82
-155
-270
-197
-122
-205
-289
-238
-183
-217
-383
-463
-370
-185
-15
59
75
23
2
206
489
684
710
657
741
845
886
883
1035
1377
1694
1683
1227
623
436
836
1378
1453
877
81
-450
-631
-524
-306
-248
-690
-1575
-2234
-2161
-1627
-1318
-1482
-1783
-1863
-1850
-1837
-1619
-1133
-696
-629
-718
-584
-204
79
195
414
856
1115
955
670
636
851
991
975
889
799
541
160
-60
-47
81
45
-109
-316
-587
-816
-813
-539
-221
-180
-340
-413
-322
-100
164
464
704
725
627
648
876
1113
1153
1094
1098
1066
932
757
661
663
567
365
202
100
-107
-330
-351
-90
14
-422
-972
-1135
-784
-375
-298
-435
-635
-858
-960
-692
-173
88
-117
-486
-547
-177
174
251
239
164
44
-103
-72
143
260
84
-171
-275
-174
-148
-253
-244
-154
-53
-151
-293
-320
-240
-118
-8
123
244
215
132
223
423
612
681
707
806
851
759
801
1131
1580
1679
1235
627
407
768
1256
1323
877
208
-346
-594
-552
-335
-274
-722
-1507
-2057
-1971
-1536
-1345
-1536
-1783
-1841
-1757
-1665
-1464
-1124
-842
-776
-693
-424
-65
107
137
336
752
1043
941
706
641
781
904
916
890
763
483
148
-56
-12
56
-21
-161
-330
-566
-746
-725
-480
-253
-213
-338
-361
-213
-47
164
434
693
739
644
636
820
1034
1118
1122
1139
1115
923
731
677
698
646
439
228
53
-155
-289
-268
-38
-52
-528
-1040
-1168
-764
-334
-273
-463
-706
-910
-949
-616
-88
144
-107
-474
-547
-197
188
279
262
176
61
-73
-36
178
304
170
-80
-203
-163
-170
-233
-245
-144
-90
-224
-368
-420
-306
-156
-44
74
131
87
60
224
494
667
709
702
760
799
740
720
895
1276
1627
1552
1025
414
233
669
1249
1311
740
-68
-580
-684
-535
-294
-260
-707
-1517
-2080
-1974
-1475
-1182
-1337
-1630
-1700
-1676
-1626
-1406
-951
-589
-489
-504
-376
-97
90
252
541
955
1111
883
566
517
713
870
882
779
578
220
-126
-244
-150
-55
-89
-240
-429
-674
-875
-804
-474
-138
-93
-256
-335
-242
-41
236
559
818
838
656
604
794
1051
1135
1097
1094
1049
854
633
546
578
560
384
156
-32
-171
-252
-169
-67
-298
-737
-1063
-906
-447
-249
-385
-670
-829
-811
-589
-225
49
-21
-321
-479
-294
139
365
352
215
52
-22
-36
105
221
213
60
-154
-216
-209
-202
-198
-166
-114
-151
-293
-415
-429
-272
-81
54
133
70
31
128
308
484
595
671
760
784
687
615
679
915
1247
1472
1347
810
214
134
657
1244
1155
462
-253
-626
-696
-601
-401
-326
-728
-1529
-2019
-1840
-1306
-1123
-1316
-1472
-1434
-1414
-1466
-1250
-734
-321
-292
-397
-256
69
245
297
556
912
1049
794
497
524
691
752
658
589
490
199
-149
-316
-239
-129
-127
-246
-426
-674
-865
-764
-421
-107
-82
-226
-287
-191
1
259
574
789
780
637
618
777
945
987
986
997
949
764
571
514
529
467
282
131
-8
-131
-194
-87
-36
-356
-792
-1003
-695
-237
-179
-414
-717
-810
-713
-425
-51
107
-72
-416
-499
-186
219
378
299
143
26
-29
21
168
266
223
32
-149
-188
-167
-171
-177
-120
-35
-60
-253
-427
-454
-270
-42
116
141
23
-86
-6
216
440
633
688
651
557
484
581
888
1302
1571
1470
925
303
210
748
1332
1319
646
-117
-518
-575
-484
-324
-258
-641
-1406
-1982
-1862
-1358
-1109
-1282
-1485
-1443
-1386
-1439
-1296
-835
-415
-314
-390
-293
-15
162
236
490
919
1105
852
510
450
635
760
701
625
504
189
-184
-381
-291
-135
-128
-269
-490
-747
-957
-867
-510
-153
-88
-260
-355
-282
-74
211
593
840
822
654
594
775
1013
1079
1076
1095
1009
800
569
481
516
468
296
137
115
51
-39
-252
-510
-653
-726
-536
-334
-339
-638
-981
-1034
-690
-245
-71
-222
-448
-504
-344
-15
317
458
348
116
20
169
407
458
342
249
205
85
-98
-173
-122
-41
-56
-156
-279
-379
-463
-491
-360
-173
-135
-224
-280
-147
108
194
172
210
387
571
612
590
599
710
944
1327
1618
1416
721
160
417
1169
1551
1115
241
-359
-558
-527
-364
-173
-347
-1114
-1920
-2085
-1555
-1077
-1141
-1461
-1556
-1449
-1413
-1309
-956
-493
-317
-390
-337
-22
245
300
420
799
1123
1037
680
461
598
774
776
694
572
315
-68
-329
-358
-272
-268
-368
-513
-722
-954
-1027
-782
-402
-222
-263
-328
-254
-141
41
360
725
900
809
687
775
996
1107
1139
1156
1150
948
653
509
555
635
576
517
352
-16
-482
-715
-457
-113
-151
-578
-1037
-1186
-1027
-771
-477
-329
-470
-775
-887
-553
-12
321
302
123
41
103
257
473
685
721
491
211
92
177
244
193
56
-68
-164
-336
-465
-434
-328
-293
-366
-476
-536
-519
-451
-311
-132
28
101
93
122
203
378
594
769
876
850
836
1024
1417
1672
1379
761
423
729
1254
1318
765
75
-348
-529
-505
-352
-283
-679
-1492
-2023
-1823
-1265
-1041
-1349
-1647
-1644
-1441
-1253
-1017
-663
-450
-459
-423
-75
334
481
404
502
856
1121
1026
722
595
627
630
596
586
470
125
-283
-518
-463
-372
-426
-534
-659
-868
-1059
-988
-669
-401
-358
-440
-367
-163
-18
118
388
699
843
829
847
993
1101
1088
1079
1194
1249
1053
742
566
567
544
383
233
137
54
-54
-155
-346
-595
-816
-823
-495
-281
-412
-790
-1045
-922
-566
-228
-103
-227
-378
-448
-280
122
452
517
315
115
143
286
388
394
320
272
132
-47
-148
-193
-133
-78
-72
-135
-303
-514
-607
-472
-201
-82
-161
-299
-318
-93
109
224
285
351
427
455
520
650
885
1161
1469
1554
1220
633
381
818
1423
1448
790
69
-320
-410
-395
-281
-198
-581
-1385
-1994
-1785
-1186
-1002
-1315
-1625
-1540
-1313
-1244
-1127
-797
-499
-451
-449
-179
167
255
150
307
813
1145
961
562
434
602
722
689
649
534
215
-246
-510
-429
-260
-297
-482
-696
-910
-1037
-985
-704
-440
-366
-453
-423
-275
-95
99
348
623
719
707
747
906
1026
1058
1106
1238
1233
995
690
607
793
949
838
479
89
-222
-305
-160
19
-43
-464
-965
-1154
-938
-661
-564
-645
-750
-810
-772
-552
-204
98
169
80
80
261
415
454
481
577
617
509
323
218
224
235
158
44
-87
-278
-462
-493
-343
-235
-343
-569
-666
-539
-381
-356
-351
-235
-45
55
69
119
271
421
528
659
809
924
974
1173
1479
1523
1078
504
454
953
1314
1012
297
-225
-422
-532
-556
-420
-407
-910
-1703
-2015
-1557
-1023
-1054
-1433
-1574
-1379
-1193
-1104
-861
-481
-295
-332
-249
137
487
495
376
580
982
1129
874
586
559
639
589
477
404
261
-61
-419
-557
-496
-448
-561
-693
-799
-915
-999
-907
-629
-434
-398
-411
-294
-106
64
249
508
701
774
799
900
1060
1135
1115
1125
1190
1141
938
708
630
625
535
351
239
193
161
90
-159
-452
-654
-699
-464
-223
-285
-612
-978
-1027
-708
-294
-85
-196
-441
-563
-437
-67
344
503
382
90
-49
84
335
473
417
334
199
18
-119
-138
-25
40
6
-91
-217
-366
-525
-502
-278
-68
-81
-244
-307
-146
46
87
136
310
508
567
491
508
621
820
1123
1490
1601
1110
354
112
720
1423
1352
585
-184
-526
-626
-564
-339
-216
-641
-1533
-2066
-1742
-1103
-948
-1264
-1517
-1440
-1312
-1296
-1100
-696
-425
-400
-428
-147
210
292
219
413
849
1079
898
604
534
621
689
663
629
456
113
-252
-415
-365
-329
-377
-520
-682
-912
-1042
-903
-580
-366
-380
-454
-408
-255
-124
112
413
640
673
602
675
881
1015
994
1039
1187
1187
976
757
755
925
906
665
423
252
100
-97
-192
-134
-146
-448
-798
-883
-736
-632
-691
-720
-660
-594
-577
-469
-167
87
116
33
80
281
420
418
430
470
453
304
169
188
269
218
-12
-185
-236
-261
-338
-408
-373
-359
-463
-573
-552
-407
-344
-362
-318
-113
72
45
-1
111
374
565
610
637
671
698
786
1092
1538
1578
1003
288
209
819
1337
1162
467
-144
-463
-606
-544
-296
-236
-751
-1579
-1926
-1546
-1058
-1036
-1343
-1475
-1346
-1258
-1221
-1001
-627
-379
-355
-271
52
308
308
270
550
977
1113
885
609
547
602
600
571
555
362
2
-347
-448
-387
-408
-471
-540
-650
-890
-1072
-963
-641
-399
-365
-378
-314
-208
-149
37
395
694
767
703
743
884
992
1019
1083
1211
1178
939
775
812
950
853
580
365
258
133
-45
-174
-187
-262
-518
-742
-758
-670
-718
-804
-788
-646
-547
-502
-388
-170
8
0
-6
150
359
451
411
422
438
390
263
198
252
305
154
-101
-260
-286
-280
-348
-397
-416
-466
-563
-557
-422
-320
-352
-409
-254
-6
135
118
93
218
402
586
710
784
778
775
949
1326
1588
1323
668
282
578
1088
1176
692
40
-375
-586
-641
-472
-312
-593
-1318
-1878
-1716
-1159
-944
-1198
-1474
-1433
-1264
-1151
-981
-657
-410
-419
-414
-144
243
390
290
350
712
954
881
651
547
635
685
629
571
464
172
-157
-331
-296
-271
-404
-558
-654
-776
-942
-963
-751
-507
-427
-456
-413
-238
-111
25
261
552
682
664
649
779
912
912
954
1053
1124
992
770
728
909
948
688
367
225
232
179
44
-70
-192
-451
-696
-749
-569
-499
-667
-819
-758
-600
-504
-403
-209
-7
15
-24
26
234
399
387
369
396
399
247
90
89
194
192
-17
-236
-326
-327
-372
-391
-349
-364
-475
-583
-516
-347
-266
-326
-292
-56
152
181
113
172
373
570
706
802
844
845
940
1268
1530
1309
722
361
616
1101
1135
624
64
-311
-509
-593
-474
-331
-607
-1297
-1846
-1683
-1144
-955
-1219
-1480
-1452
-1301
-1180
-995
-662
-451
-477
-469
-166
239
381
307
370
699
965
915
671
546
578
620
598
542
413
123
-197
-398
-402
-356
-389
-510
-647
-786
-879
-827
-619
-457
-416
-401
-318
-182
-102
34
245
462
607
642
713
844
907
902
935
1059
1114
1003
848
833
935
883
642
401
290
237
148
24
-71
-162
-366
-567
-613
-518
-504
-607
-677
-607
-481
-424
-366
-222
-51
17
-8
19
156
273
275
235
261
252
151
18
-31
64
46
-105
-288
-386
-403
-442
-459
-420
-401
-477
-560
-529
-382
-275
-294
-267
-100
119
234
245
277
397
531
651
791
901
901
850
967
1293
1528
1254
657
290
522
979
1037
631
58
-342
-568
-639
-485
-331
-563
-1238
-1804
-1724
-1233
-993
-1181
-1406
-1407
-1268
-1172
-954
-621
-376
-371
-392
-157
238
421
378
450
726
907
790
591
532
626
631
511
411
317
103
-156
-280
-282
-338
-460
-515
-526
-599
-776
-806
-622
-404
-340
-334
-202
-55
-15
43
267
559
699
638
668
835
919
860
832
941
1018
888
739
760
867
786
504
293
277
253
79
-69
-106
-195
-450
-683
-662
-510
-503
-657
-725
-647
-537
-505
-422
-181
10
-6
-111
-29
169
298
276
277
333
281
117
-12
30
114
64
-165
-356
-424
-463
-493
-495
-445
-435
-512
-559
-474
-326
-228
-189
-103
73
207
264
310
412
556
689
787
851
859
832
832
994
1300
1523
1359
842
358
367
750
1014
808
224
-323
-666
-747
-610
-447
-547
-1052
-1617
-1757
-1445
-1113
-1090
-1238
-1298
-1231
-1165
-1048
-787
-495
-348
-300
-187
35
190
226
331
575
803
839
654
473
383
403
458
489
404
183
-99
-338
-418
-431
-407
-387
-418
-561
-785
-869
-712
-461
-277
-209
-162
-130
-117
-16
233
544
720
733
737
793
822
815
846
972
1069
986
802
716
731
724
622
482
343
196
37
-49
-59
-92
-281
-515
-619
-582
-528
-568
-592
-595
-534
-462
-351
-161
-40
-13
-43
17
156
274
299
257
225
190
122
40
19
25
-47
-196
-314
-334
-343
-415
-492
-513
-468
-441
-460
-424
-377
-323
-284
-149
104
257
267
231
283
483
715
835
889
883
832
790
873
1086
1311
1368
1107
698
383
377
634
792
598
128
-336
-618
-718
-680
-621
-685
-1011
-1432
-1635
-1537
-1339
-1234
-1218
-1206
-1164
-1152
-1084
-876
-574
-343
-230
-123
19
137
205
295
501
708
774
654
519
443
396
395
400
360
222
-19
-270
-423
-446
-406
-351
-330
-463
-675
-758
-631
-365
-156
-87
-63
-33
12
117
332
559
717
751
774
824
821
815
822
907
987
950
828
728
725
711
604
459
297
214
134
77
2
-128
-311
-483
-514
-471
-429
-495
-612
-645
-555
-401
-241
-157
-157
-176
-133
17
178
251
230
164
105
72
38
34
31
-36
-149
-264
-341
-400
-467
-503
-476
-425
-423
-461
-472
-419
-359
-324
-217
-50
105
156
115
179
348
517
626
684
738
777
753
782
901
1064
1125
1102
1028
855
561
359
436
602
569
241
-186
-503
-685
-753
-687
-633
-790
-1203
-1575
-1623
-1359
-1133
-1065
-1095
-1142
-1168
-1132
-902
-550
-299
-233
-207
-70
139
286
369
474
632
705
635
506
403
349
338
324
328
248
21
-222
-351
-340
-293
-257
-254
-339
-485
-572
-489
-278
-112
-45
-6
54
151
233
351
558
714
740
716
733
789
813
795
828
849
801
675
629
662
673
522
261
130
113
113
63
-36
-188
-363
-508
-515
-416
-397
-494
-617
-603
-461
-330
-259
-216
-176
-143
-110
-19
89
123
69
34
59
46
13
-92
-152
-170
-184
-223
-300
-387
-446
-446
-412
-357
-340
-360
-372
-339
-256
-147
-46
70
125
153
215
322
451
554
624
686
733
743
756
846
898
899
906
964
982
807
501
310
380
527
490
208
-124
-400
-591
-653
-558
-510
-717
-1122
-1409
-1376
-1159
-1019
-994
-1019
-1076
-1107
-1032
-794
-523
-393
-379
-307
-105
76
138
189
317
462
502
456
404
342
262
213
229
265
199
-21
-194
-240
-226
-221
-241
-226
-253
-347
-401
-332
-154
-44
-21
4
112
214
283
366
490
584
612
644
723
803
808
766
729
742
734
705
657
642
584
471
323
192
104
60
30
-39
-137
-282
-408
-444
-391
-339
-323
-359
-397
-411
-395
-321
-211
-112
-76
-98
-115
-91
-56
-13
2
11
-33
-127
-202
-206
-176
-164
-237
-313
-350
-375
-396
-398
-325
-262
-241
-314
-330
-224
-96
-19
3
24
87
175
308
448
545
561
526
561
671
763
778
738
705
700
689
686
724
778
669
450
200
129
225
273
172
-77
-295
-495
-648
-695
-660
-665
-840
-1098
-1219
-1165
-1056
-1002
-953
-900
-879
-895
-848
-639
-421
-295
-237
-151
-34
37
56
126
254
363
382
330
292
241
205
170
192
200
129
-3
-99
-151
-179
-164
-132
-82
-100
-173
-210
-170
-52
92
215
301
317
268
289
418
596
717
746
718
675
626
627
697
761
738
638
559
527
460
367
254
204
187
126
0
-140
-239
-326
-375
-349
-318
-358
-497
-595
-557
-429
-311
-266
-282
-327
-318
-271
-165
-74
-18
-39
-91
-122
-116
-65
-75
-106
-161
-192
-177
-187
-225
-272
-270
-228
-215
-193
-186
-205
-196
-164
-74
33
46
35
38
128
254
338
368
391
405
445
522
621
699
721
691
713
816
893
852
665
507
470
531
545
410
191
-61
-277
-394
-443
-460
-576
-806
-1025
-1100
-1079
-1051
-1046
-1035
-1001
-1009
-973
-864
-691
-562
-466
-338
-178
-66
12
106
215
302
317
338
368
359
295
216
192
205
166
54
-36
-85
-129
-194
-237
-200
-160
-201
-252
-269
-213
-122
-25
72
142
204
243
302
428
566
649
684
708
736
751
755
760
755
694
626
580
520
461
378
286
179
68
-39
-81
-113
-197
-294
-396
-425
-403
-412
-430
-438
-422
-415
-389
-326
-275
-227
-217
-188
-129
-79
-52
-40
-20
-6
13
-7
-36
-66
-96
-116
-141
-148
-150
-170
-207
-239
-268
-253
-239
-205
-178
-161
-164
-143
-85
-41
33
92
147
196
222
256
317
408
481
511
505
493
524
589
690
775
820
742
592
490
493
588
607
511
299
100
-84
-207
-253
-289
-405
-630
-834
-927
-919
-910
-914
-935
-947
-968
-990
-935
-814
-703
-588
-511
-438
-363
-310
-184
-45
109
223
250
246
224
265
323
371
389
353
264
180
133
97
84
61
43
-5
-73
-147
-152
-102
-48
-17
-9
4
31
38
96
215
324
362
361
416
505
573
581
579
583
583
571
537
492
444
373
317
260
211
137
24
-68
-115
-128
-153
-212
-286
-346
-363
-362
-344
-343
-352
-375
-387
-340
-268
-204
-188
-195
-177
-127
-82
-55
2
48
46
25
-6
14
43
50
31
7
-28
-88
-132
-166
-164
-176
-203
-216
-254
-273
-279
-249
-182
-123
-102
-99
-78
-24
47
86
132
174
238
285
339
389
426
466
493
560
621
661
678
701
710
668
587
505
486
470
416
303
156
11
-141
-265
-352
-409
-512
-681
-839
-885
-875
-881
-893
-926
-922
-896
-849
-749
-599
-424
-285
-248
-209
-169
-53
90
209
259
234
174
102
109
166
202
140
22
-82
-124
-106
-85
-64
-97
-125
-108
-73
-9
61
124
181
210
270
353
405
488
536
610
647
643
607
572
572
584
586
536
438
335
243
177
122
68
6
-56
-124
-181
-241
-285
-301
-277
-255
-263
-282
-302
-285
-245
-171
-137
-101
-75
-74
-59
-47
-15
14
29
32
4
-20
-53
-91
-95
-105
-116
-141
-192
-235
-259
-264
-258
-255
-257
-277
-291
-299
-263
-199
-159
-138
-142
-124
-100
-62
0
57
88
110
108
141
174
209
217
203
254
290
334
339
327
324
355
420
490
532
548
513
457
451
472
511
491
434
353
259
178
94
21
-24
-129
-274
-411
-482
-528
-608
-655
-709
-747
-800
-833
-799
-727
-641
-598
-555
-510
-434
-323
-247
-158
-75
14
80
127
186
218
256
278
297
291
247
197
179
160
142
121
109
72
5
-35
-51
-23
-3
12
3
-8
24
47
96
147
190
208
232
265
292
302
314
332
339
355
340
310
261
217
189
186
163
120
53
15
-29
-67
-89
-107
-137
-176
-188
-187
-169
-148
-152
-138
-136
-132
-129
-119
-78
-58
-27
-12
-10
4
-2
-23
-34
-52
-53
-79
-111
-126
-139
-155
-194
-234
-248
-245
-271
-298
-309
-304
-281
-278
-262
-232
-206
-157
-112
-63
-26
11
54
118
210
259
284
286
319
357
388
419
436
436
435
435
425
401
397
411
431
433
397
344
272
254
282
292
264
182
73
-31
-99
-121
-133
-192
-294
-412
-493
-501
-491
-503
-511
-545
-577
-569
-531
-470
-435
-413
-378
-318
-254
-208
-178
-149
-99
-43
2
38
61
75
91
107
124
152
160
147
112
99
75
65
75
66
48
4
-26
-29
-5
-2
6
2
0
11
29
81
126
166
185
194
212
229
243
267
287
283
263
232
211
182
173
160
147
115
81
45
20
21
2
-23
-24
-20
-27
-54
-86
-101
-99
-95
-82
-72
-87
-110
-121
-114
-92
-75
-89
-108
-146
-165
-163
-151
-139
-171
-206
-244
-258
-253
-237
-223
-200
-172
-170
-151
-128
-104
-71
-46
-5
36
63
89
107
153
176
201
246
288
312
295
305
316
338
343
342
323
313
306
274
259
243
212
182
132
88
58
32
9
-13
-21
-70
-111
-134
-109
-69
-45
-68
-99
-98
-91
-69
-42
-30
-70
-105
-142
-142
-135
-143
-160
-201
-236
-262
-263
-236
-200
-197
-197
-204
-186
-148
-121
-104
-83
-50
-25
-14
9
22
49
68
65
65
46
42
9
-11
-28
-19
-11
-22
-48
-75
-72
-75
-60
-44
-32
-30
-38
-26
1
60
106
147
169
169
176
195
253
291
298
287
241
218
217
228
205
182
145
89
22
-34
-69
-102
-131
-182
-221
-263
-299
-335
-339
-339
-328
-323
-326
-294
-288
-279
-253
-221
-163
-115
-86
-78
-66
-30
16
81
112
129
123
99
101
98
123
155
156
144
122
94
91
98
115
144
153
146
148
165
197
253
284
283
286
283
299
321
338
360
363
354
333
332
331
313
275
240
219
210
163
80
12
-31
-53
-100
-160
-246
-310
-362
-377
-358
-373
-424
-467
-472
-456
-412
-394
-359
-322
-295
-266
-217
-143
-93
-75
-54
-28
22
44
38
39
28
30
9
14
9
-30
-74
-108
-126
-134
-135
-144
-152
-173
-176
-173
-161
-143
-104
-63
-35
-11
18
50
97
160
209
268
315
327
336
328
338
359
371
360
329
278
220
159
121
83
41
-9
-59
-88
-133
-177
-228
-256
-275
-276
-287
-298
-277
-286
-278
-255
-229
-194
-158
-133
-110
-66
-12
16
38
67
88
101
113
115
136
149
144
117
71
45
24
13
24
28
29
23
9
7
21
51
89
108
129
156
166
168
185
200
234
248
265
255
234
224
197
202
203
201
167
132
96
83
66
50
27
-5
-21
-44
-70
-94
-118
-140
-152
-139
-134
-150
-186
-211
-213
-191
-166
-165
-173
-178
-183
-171
-152
-120
-92
-85
-71
-58
-43
-32
-37
-49
-64
-56
-45
-41
-46
-70
-79
-88
-84
-82
-93
-99
-106
-94
-60
-49
-45
-48
-50
-28
3
14
31
38
61
76
93
119
105
127
159
190
210
233
238
229
226
240
252
256
232
193
148
113
94
55
38
-5
-61
-110
-160
-201
-235
-262
-280
-289
-305
-327
-337
-328
-304
-292
-264
-235
-203
-175
-145
-92
-39
16
51
75
91
130
156
182
202
216
222
210
196
172
157
156
145
127
120
90
65
40
23
29
25
26
25
30
41
58
64
63
69
89
96
112
124
138
138
139
153
152
155
147
121
100
85
77
59
16
-38
-90
-131
-158
-178
-188
-210
-239
-260
-283
-291
-270
-234
-225
-206
-185
-152
-119
-96
-63
-28
0
37
55
43
56
53
58
67
72
60
47
26
14
14
14
-2
-30
-40
-55
-62
-71
-76
-50
-51
-45
-41
-27
20
42
64
101
121
146
175
208
253
271
298
310
318
302
286
266
256
251
219
181
120
67
42
-4
-34
-85
-139
-176
-228
-244
-268
-298
-329
-372
-388
-391
-394
-401
-408
-386
-362
-335
-319
-291
-248
-224
-175
-134
-88
-64
-21
28
50
81
96
117
126
146
172
192
221
211
185
164
150
172
175
174
159
123
109
89
112
115
114
117
94
90
93
107
107
121
102
99
101
101
109
98
124
128
119
101
73
56
43
28
16
5
-17
-53
-90
-105
-120
-124
-128
-141
-158
-181
-190
-191
-175
-152
-147
-126
-124
-114
-92
-84
-47
-12
15
30
36
49
72
67
76
77
87
78
88
87
65
34
16
25
14
3
-9
-17
-40
-49
-63
-59
-45
-24
-7
4
12
32
55
70
99
117
138
159
175
185
191
204
200
192
169
143
124
108
100
74
39
2
-41
-84
-114
-158
-193
-217
-262
-286
-318
-333
-330
-341
-349
-351
-349
-324
-320
-288
-256
-228
-196
-159
-114
-78
-48
-11
24
54
112
150
176
184
186
200
214
224
228
222
210
191
192
193
180
168
139
125
129
121
119
112
108
99
100
110
129
130
148
143
135
143
136
150
119
110
94
81
59
41
26
-3
-17
-42
-66
-77
-107
-127
-142
-156
-166
-184
-194
-211
-217
-218
-212
-200
-182
-174
-164
-159
-142
-126
-113
-74
-67
-54
-44
-21
2
15
23
32
30
32
35
24
40
43
28
17
11
21
13
19
21
11
4
-4
0
12
20
23
21
31
49
68
80
88
107
104
120
142
173
174
182
194
185
186
177
160
152
132
97
61
29
-3
-36
-59
-114
-153
-192
-217
-235
-246
-254
-281
-306
-317
-304
-299
-282
-250
-237
-213
-192
-164
-132
-100
-57
-41
-17
4
18
47
70
98
123
141
151
165
172
176
174
171
178
171
174
167
145
130
125
127
133
127
118
107
93
81
80
82
87
73
57
68
73
78
70
66
59
41
29
8
-4
-32
-61
-79
-92
-118
-138
-161
-171
-184
-182
-177
-170
-178
-189
-185
-184
-162
-149
-132
-122
-118
-104
-91
-74
-47
-29
-2
14
23
36
55
79
90
96
103
113
120
123
133
131
137
133
123
104
98
83
73
78
71
60
59
67
65
72
73
76
73
60
55
58
68
75
77
83
81
76
68
69
81
76
79
63
52
47
19
-6
-35
-53
-76
-104
-128
-156
-185
-204
-210
-211
-219
-234
-242
-246
-243
-239
-223
-202
-182
-175
-171
-155
-122
-83
-54
-33
-25
-8
7
29
55
79
95
107
109
113
121
121
131
142
149
151
143
127
126
117
121
121
109
102
91
79
81
76
77
70
65
71
74
75
74
65
54
54
50
37
20
17
3
-18
-31
-50
-63
-80
-108
-123
-144
-155
-147
-152
-155
-159
-165
-170
-173
-151
-137
-117
-101
-80
-53
-50
-33
-12
6
35
48
54
61
74
80
105
114
125
118
107
119
112
121
116
107
111
104
97
87
82
77
69
73
67
62
57
55
51
47
49
46
54
44
41
49
53
60
47
43
23
1
6
-7
5
-5
-16
-44
-73
-83
-103
-109
-115
-130
-143
-161
-178
-180
-188
-190
-207
-211
-209
-213
-208
-196
-187
-181
-170
-167
-153
-119
-98
-77
-54
-32
-6
16
37
44
70
100
109
114
121
117
120
124
144
156
140
138
114
120
117
122
122
112
115
105
99
86
91
86
88
79
76
62
64
70
71
60
48
42
39
34
25
12
-1
-24
-32
-52
-70
-72
-93
-95
-122
-142
-142
-154
-161
-168
-165
-168
-158
-164
-144
-135
-124
-100
-91
-79
-69
-50
-40
-5
0
14
31
61
79
89
103
113
140
134
149
153
152
155
145
150
139
131
110
101
94
86
88
74
72
52
43
40
56
54
58
52
47
45
38
48
33
27
11
13
11
18
4
-3
-13
-32
-22
-29
-33
-39
-52
-63
-74
-90
-89
-103
-108
-122
-133
-150
-173
-192
-209
-200
-202
-201
-191
-179
-173
-154
-136
-95
-82
-64
-50
-29
0
21
49
63
80
94
100
103
110
107
112
109
113
113
99
95
106
112
119
120
99
106
99
95
83
76
73
76
61
49
54
55
47
47
48
38
41
30
21
15
-6
-9
-28
-51
-63
-92
-98
-121
-122
-129
-137
-136
-141
-136
-144
-135
-132
-135
-139
-125
-107
-79
-77
-63
-45
-20
11
18
36
49
65
83
101
124
128
137
150
157
170
160
165
160
144
136
123
113
91
81
80
74
77
75
62
38
21
29
30
38
27
1
-3
-7
-4
-7
-18
-26
-39
-45
-54
-60
-62
-65
-74
-82
-89
-88
-90
-90
-100
-92
-90
-92
-88
-90
-81
-89
-77
-72
-80
-77
-83
-77
-82
-87
-90
-101
-104
-104
-101
-91
-82
-77
-75
-67
-47
-37
-22
-6
12
26
28
37
51
66
83
86
92
101
109
118
123
130
118
128
123
121
114
112
108
90
80
58
45
28
27
30
36
18
10
1
-10
-9
-6
-16
-14
-18
-23
-35
-46
-43
-53
-52
-62
-57
-68
-80
-84
-101
-94
-115
-121
-133
-144
-138
-145
-143
-127
-115
-102
-83
-68
-54
-40
-24
4
37
51
70
98
115
129
140
157
165
168
170
178
186
186
181
171
165
159
158
147
136
136
114
91
73
64
53
37
25
11
1
-11
-19
-24
-34
-45
-60
-62
-72
-86
-86
-99
-104
-88
-87
-80
-75
-78
-86
-89
-91
-72
-59
-71
-75
-80
-82
-89
-94
-84
-81
-87
-95
-92
-83
-73
-78
-68
-55
-54
-54
-59
-58
-47
-41
-32
-19
-4
6
19
33
48
69
78
76
88
80
91
93
86
97
79
75
63
65
70
64
65
57
60
47
60
58
60
58
42
53
43
38
27
23
8
2
-5
-12
-29
-33
-35
-40
-35
-48
-48
-52
-61
-69
-79
-75
-78
-84
-90
-91
-80
-82
-71
-69
-69
-52
-48
-37
-32
-27
-17
-4
16
22
37
46
56
78
83
91
109
115
107
117
111
123
127
122
126
107
108
105
105
101
94
86
78
74
58
56
54
47
40
28
17
11
-6
-23
-35
-50
-59
-61
-74
-79
-84
-93
-102
-108
-115
-110
-107
-110
-103
-106
-104
-99
-84
-74
-72
-61
-54
-49
-28
-27
-19
-19
-31
-33
-38
-29
-30
-40
-42
-45
-54
-43
-40
-34
-36
-46
-41
-36
-40
-41
-23
-16
-7
-9
8
16
20
37
43
68
74
87
96
105
123
121
122
110
102
100
89
76
64
44
36
19
18
11
3
0
-7
-20
-20
-31
-45
-52
-58
-65
-67
-57
-61
-57
-66
-68
-65
-64
-58
-53
-52
-45
-36
-25
-29
-28
-31
-32
-23
-26
-23
-25
-22
-26
-17
-15
-10
1
4
24
41
64
68
80
91
96
103
115
125
128
126
139
138
123
133
118
118
118
110
99
83
77
61
45
39
19
8
-1
-14
-27
-44
-59
-77
-80
-92
-98
-105
-120
-125
-130
-113
-118
-112
-108
-102
-86
-78
-70
-63
-44
-34
-30
-26
-18
-5
-7
-1
3
10
17
17
14
14
4
-6
-10
-19
-20
-25
-35
-32
-29
-30
-29
-30
-22
-18
-4
1
6
14
4
10
19
20
21
27
24
31
31
27
26
25
36
37
37
48
52
54
50
47
50
43
37
34
15
10
2
-14
-20
-37
-46
-42
-45
-43
-37
-49
-58
-52
-49
-38
-31
-30
-29
-34
-39
-35
-25
-16
-12
-18
-12
-5
-2
0
12
11
26
27
21
26
20
30
26
34
35
42
45
52
55
63
68
84
94
105
103
101
108
101
104
100
91
88
80
69
65
56
50
35
24
21
22
22
10
3
1
-7
-19
-31
-36
-49
-75
-90
-96
-102
-110
-109
-104
-111
-104
-108
-96
-86
-83
-76
-63
-40
-19
-16
-18
-12
0
0
4
3
4
-2
-11
-7
-12
-14
-18
-24
-23
-24
-24
-26
-33
-25
-32
-30
-28
-29
-39
-44
-37
-32
-26
-27
-16
-4
4
19
25
29
40
37
43
51
49
39
43
38
49
51
43
40
30
25
25
21
23
27
17
12
0
-6
-15
-17
-18
-24
-37
-41
-39
-43
-42
-41
-29
-30
-22
-25
-23
-15
-7
5
15
15
14
27
23
33
30
18
23
8
5
-3
-9
-4
-8
-10
-11
-2
4
10
16
14
21
20
31
37
41
43
38
43
49
50
52
49
54
54
48
45
45
39
36
31
29
27
28
22
12
6
-11
-17
-28
-41
-46
-47
-56
-61
-76
-73
-63
-59
-46
-37
-30
-35
-26
-16
-7
3
8
13
21
28
28
32
22
20
13
14
3
-2
-6
-11
-15
-22
-33
-34
-51
-71
-59
-66
-60
-65
-57
-48
-45
-45
-49
-34
-40
-25
-10
3
8
10
15
19
32
31
30
36
29
33
32
34
33
36
26
23
28
19
17
14
9
7
1
-7
-14
-12
-22
-24
-19
-17
-14
-9
1
2
4
2
0
2
5
18
29
28
30
25
24
14
13
24
24
26
16
17
13
13
14
6
15
11
8
6
19
16
24
13
15
21
17
13
11
18
16
19
18
22
14
15
13
9
-4
-8
-12
-11
-10
-11
-7
1
3
1
2
2
8
3
4
5
-1
-4
-3
-14
-21
-24
-25
-26
-21
-18
-19
-21
-13
-9
-7
-4
-6
-1
12
7
11
18
13
15
20
16
17
11
16
11
2
-4
-6
-2
-13
-13
-19
-26
-32
-26
-35
-28
-33
-33
-39
-47
-39
-52
-32
-24
-18
-14
-15
-7
8
12
15
18
17
9
15
20
14
12
12
25
23
22
11
7
0
-3
-5
1
1
2
0
-2
0
0
-1
-4
-1
-1
4
-9
-6
-7
-13
-7
-10
-6
5
5
12
12
18
18
22
14
9
7
-5
-6
-18
-18
-22
-34
-32
-42
-35
-29
-28
-31
-30
-27
-27
-24
-24
-22
-13
-8
-2
1
-2
4
12
19
27
34
44
40
42
43
32
44
39
41
38
35
36
22
26
19
17
14
9
5
6
10
15
20
19
23
19
18
32
32
27
26
27
29
26
24
29
21
11
19
26
19
13
3
-7
-14
-19
-29
-39
-56
-61
-62
-65
-66
-62
-61
-64
-53
-49
-48
-57
-47
-49
-45
-41
-40
-39
-36
-41
-43
-35
-34
-20
-22
-13
-12
-10
-1
4
10
11
14
15
13
8
5
-5
-2
1
5
7
13
9
4
-1
1
6
10
15
20
19
22
24
20
17
11
18
24
21
24
23
21
27
33
34
38
35
38
47
35
23
24
33
23
17
18
12
11
9
-1
-11
-8
-9
-3
3
6
15
17
20
20
26
22
27
17
14
8
6
1
5
5
4
16
5
7
5
5
13
15
18
3
3
-5
-9
-14
-11
-10
-16
-13
-16
-14
-11
-5
-1
9
8
12
15
17
26
30
27
20
17
10
8
2
-4
-12
-31
-37
-46
-50
-50
-53
-56
-52
-48
-56
-45
-51
-53
-56
-59
-55
-58
-54
-57
-46
-42
-36
-29
-22
-19
-7
1
-1
14
12
23
24
25
27
20
22
18
23
20
28
41
37
46
39
42
45
44
43
39
41
40
35
27
26
27
30
20
16
14
3
6
8
10
4
1
-6
-11
-11
-16
-8
-20
-21
-17
-23
-25
-26
-26
-27
-28
-29
-32
-35
-39
-34
-30
-32
-25
-27
-18
-21
-17
-25
-22
-11
-12
-10
-12
-14
-8
-1
6
12
14
20
19
27
24
27
28
39
37
35
34
37
37
31
32
23
24
23
27
18
13
17
12
19
19
18
22
32
30
34
41
43
42
37
39
34
29
27
16
4
1
-10
-11
-21
-28
-33
-41
-38
-35
-37
-49
-45
-45
-52
-50
-50
-47
-48
-55
-51
-54
-44
-42
-42
-37
-38
-35
-29
-23
-29
-26
-22
-19
-9
-11
-5
-9
5
7
5
17
18
26
22
19
11
17
21
13
13
19
31
27
28
31
38
32
31
26
30
26
28
29
22
19
14
16
10
5
-8
-12
-27
-30
-34
-40
-42
-47
-44
-38
-32
-33
-24
-14
-13
-13
-9
-15
-12
-8
-2
-8
-2
-1
-4
-1
-12
-8
0
8
12
10
17
18
16
22
19
19
28
29
43
38
41
34
29
36
24
27
27
35
31
25
22
22
19
17
22
29
29
27
32
31
32
28
29
27
26
26
21
20
16
12
16
16
5
0
-5
-9
-19
-20
-27
-23
-17
-25
-24
-27
-33
-32
-34
-37
-40
-43
-48
-48
-55
-57
-56
-64
-67
-62
-58
-48
-44
-37
-37
-36
-27
-28
-21
-21
-16
-9
-4
2
-1
6
9
9
13
11
20
23
23
33
35
41
37
38
41
37
34
34
34
30
26
22
11
16
6
6
8
5
11
7
12
10
6
13
13
11
13
4
2
-4
-7
-13
-22
-26
-33
-37
-36
-39
-31
-27
-29
-23
-20
-20
-20
-11
-7
-3
1
8
5
8
9
12
18
22
25
26
34
39
40
38
40
35
31
35
28
17
17
-2
1
-9
-2
-6
-7
-5
-2
11
12
9
13
17
9
15
14
25
24
23
26
29
30
33
24
19
9
5
-1
-16
-15
-28
-32
-25
-32
-30
-33
-35
-32
-39
-43
-48
-52
-48
-49
-59
-57
-52
-42
-34
-21
-21
-21
-16
-14
-13
-11
-9
-8
-9
-10
-16
-20
-19
-28
-22
-17
-13
-7
-7
3
10
11
24
35
43
58
57
72
69
77
79
78
77
70
68
58
52
42
33
16
10
2
4
-4
-13
-10
-24
-31
-33
-34
-37
-46
-46
-49
-51
-58
-58
-58
-54
-52
-56
-47
-51
-43
-50
-40
-45
-38
-41
-40
-34
-37
-25
-24
-22
-21
-10
-8
8
13
16
23
25
31
28
34
34
41
46
50
60
67
66
73
65
64
66
62
61
59
54
51
44
40
36
28
24
15
7
0
-1
-4
0
0
8
5
3
8
17
19
22
24
18
17
11
1
-10
-17
-17
-25
-37
-42
-48
-50
-53
-60
-63
-58
-55
-58
-56
-57
-51
-49
-39
-33
-34
-24
-21
-17
-14
-5
2
-2
-2
-7
-3
0
-1
-8
-9
-10
-13
-8
-2
2
1
5
7
13
11
24
34
38
48
42
39
32
41
45
35
35
28
28
28
22
20
22
30
29
24
24
16
6
-7
-13
-21
-27
-35
-46
-52
-49
-56
-52
-50
-45
-42
-39
-28
-21
-13
-8
4
3
9
14
18
18
19
11
8
12
15
18
5
6
8
0
9
11
15
15
20
24
25
32
37
33
34
45
41
44
36
34
33
26
29
28
22
12
15
14
14
8
7
7
-3
2
-1
-3
1
-6
-16
-15
-13
-15
-20
-17
-22
-26
-18
-20
-18
-22
-17
-12
-13
-17
-23
-24
-23
-23
-21
-24
-28
-35
-32
-29
-33
-32
-36
-36
-35
-36
-33
-41
-39
-39
-33
-33
-37
-36
-33
-22
-19
-9
-3
10
13
19
17
23
35
40
46
45
47
48
51
45
51
48
52
51
45
44
35
37
30
26
22
18
13
7
0
-3
-7
-13
-21
-31
-28
-36
-39
-42
-41
-41
-39
-43
-44
-39
-38
-29
-25
-24
-22
-19
-11
-10
-10
-16
-17
-14
-16
-14
-13
-8
-10
1
3
6
11
9
23
19
25
31
33
43
45
40
38
34
25
18
20
22
22
21
23
20
25
25
29
30
30
27
21
7
5
-6
-12
-15
-29
-22
-26
-24
-34
-32
-27
-29
-25
-27
-22
-14
-16
-17
-14
-12
-13
-6
-5
-1
-3
-5
-6
-5
0
2
4
-1
3
-2
-6
1
5
11
8
1
2
2
-3
-2
7
2
6
2
5
6
0
8
13
20
21
20
21
21
23
27
27
30
32
36
40
46
46
45
40
43
42
34
32
31
23
15
10
-2
-7
-12
-23
-25
-36
-37
-39
-49
-49
-50
-51
-47
-52
-56
-53
-62
-56
-54
-50
-46
-43
-42
-45
-45
-46
-37
-33
-27
-24
-20
-22
-15
-8
-2
2
9
10
19
19
11
16
14
9
23
21
25
31
26
37
38
42
41
39
37
42
40
43
47
43
44
47
42
37
34
21
25
12
5
2
2
1
-2
-4
-1
4
1
2
-1
3
-3
1
6
-4
-2
1
-5
-2
-16
-21
-19
-17
-17
-8
-6
-6
7
-3
1
-2
4
2
-6
4
9
11
12
8
6
-1
-5
-2
-4
-4
-11
-13
-18
-20
-14
-12
-8
-8
1
2
4
1
2
-2
-5
-2
-7
-3
0
1
2
4
6
6
1
0
1
1
1
-4
3
0
2
-7
-13
-14
-20
-21
-33
-28
-32
-35
-34
-44
-45
-44
-37
-33
-36
-38
-38
-34
-37
-32
-22
-19
-15
-10
-3
5
3
0
3
4
0
7
-1
1
4
1
4
4
6
8
15
20
27
31
36
41
37
45
44
41
46
39
37
37
39
42
46
44
39
38
34
29
22
16
8
-8
-9
-10
-15
-23
-24
-29
-30
-30
-26
-24
-33
-29
-26
-30
-22
-18
-17
-8
-6
-10
-8
-8
-17
-13
-15
-6
-8
-9
-4
-4
2
-5
-5
-4
-1
1
0
4
2
16
20
13
17
22
24
26
18
14
20
15
15
17
15
13
10
14
18
12
16
15
13
19
20
16
7
3
5
0
4
11
11
11
13
15
9
8
7
1
5
2
-7
-8
-16
-15
-28
-25
-31
-44
-38
-44
-41
-48
-46
-45
-44
-45
-47
-40
-39
-36
-30
-29
-27
-23
-19
-18
-10
-7
-2
7
9
16
15
21
15
20
22
18
19
15
25
17
15
25
12
22
17
16
20
14
31
32
39
40
46
45
42
42
38
28
22
14
10
9
3
6
0
-5
-1
-1
0
-5
-9
-6
-15
-15
-13
-13
-7
-12
-11
-8
-13
-13
-10
-10
-2
-7
-5
-5
-7
-5
-9
-9
-3
-1
-3
-5
-14
-8
-6
1
-4
2
-1
-3
1
2
2
6
9
10
11
14
16
12
18
13
17
24
19
23
15
15
17
6
3
1
1
6
3
-2
-4
-5
-1
1
0
-1
-3
-2
-4
-2
-2
-6
-10
-12
-11
-13
-21
-26
-26
-29
-31
-40
-43
-45
-49
-44
-52
-50
-46
-44
-35
-39
-32
-32
-24
-24
-30
-22
-27
-26
-26
-14
-9
-1
5
5
16
22
21
24
29
24
25
23
26
29
29
22
21
21
20
18
18
20
18
21
27
32
28
31
28
29
22
16
24
17
18
15
7
4
-1
-6
1
-1
-4
-2
4
0
1
0
-2
3
-2
0
1
-4
-7
0
-1
-1
-3
-5
-3
-4
-5
-6
-6
-6
-2
1
-3
0
-5
0
-4
-8
0
-1
2
3
1
0
5
12
11
10
14
20
17
23
15
19
25
27
26
14
22
23
15
14
7
5
3
-2
-1
-5
-6
-6
-10
-6
-15
-15
-22
-25
-23
-28
-17
-18
-14
-22
-20
-23
-24
-23
-22
-25
-29
-33
-39
-36
-37
-36
-41
-45
-45
-38
-36
-29
-24
-24
-23
-15
-8
-4
0
-3
1
-4
-2
-3
-2
5
8
6
12
20
19
20
26
21
26
30
31
34
37
36
41
42
37
38
38
29
22
24
22
24
20
16
14
15
13
10
13
5
9
5
4
2
4
8
10
15
13
11
7
4
4
-12
-21
-27
-31
-39
-40
-34
-39
-30
-23
-19
-13
-9
-3
-10
3
0
5
10
8
20
17
18
21
25
22
25
19
21
17
15
21
19
25
26
24
27
26
19
21
19
15
12
16
13
4
15
8
-1
0
-1
0
4
2
0
-3
3
7
9
12
7
5
-3
-14
-18
-21
-35
-37
-42
-41
-38
-32
-32
-30
-28
-29
-25
-25
-23
-23
-19
-18
-15
-12
-14
-13
-17
-20
-16
-22
-23
-23
-26
-21
-26
-27
-30
-26
-27
-31
-34
-36
-31
-38
-34
-40
-34
-30
-26
-17
-18
-8
-8
-3
-3
3
6
11
12
18
20
17
18
11
6
-3
6
4
4
8
13
12
16
19
12
11
12
11
11
10
12
12
14
18
19
20
22
24
23
32
32
36
32
33
34
36
37
31
37
30
30
30
31
36
35
36
36
36
32
31
28
35
40
43
44
43
45
44
47
42
41
40
39
34
29
26
23
19
12
10
7
4
-2
-11
-19
-20
-31
-32
-40
-45
-44
-52
-48
-51
-42
-47
-51
-44
-39
-35
-39
-34
-34
-36
-40
-37
-36
-41
-44
-47
-42
-44
-48
-42
-39
-37
-39
-36
-37
-29
-24
-20
-21
-20
-17
-15
-14
-15
-13
-6
-1
2
8
1
-2
1
0
1
10
8
5
6
5
2
2
4
6
0
1
0
1
1
8
5
7
7
1
1
1
3
4
-1
-1
1
1
-1
-4
-1
-4
-7
-5
-6
-3
4
8
7
10
16
15
15
22
17
16
19
19
22
21
26
29
24
27
26
17
21
25
24
22
18
21
24
24
20
14
22
22
25
25
21
22
19
19
21
18
22
18
23
22
17
17
16
14
9
14
10
10
12
9
7
5
0
1
-5
-3
-2
-13
-15
-13
-18
-17
-22
-17
-24
-25
-20
-27
-19
-27
-23
-26
-20
-17
-20
-19
-22
-28
-28
-27
-27
-27
-26
-25
-26
-19
-22
-26
-26
-22
-23
-21
-20
-21
-16
-14
-9
-5
-4
-1
-1
-1
2
6
11
9
12
13
15
11
6
6
2
2
1
3
3
12
13
12
14
12
19
23
24
25
23
23
22
25
21
16
21
20
13
1
-2
-5
-6
-11
-9
-10
-7
-5
-10
-14
-15
-11
-8
-2
-7
-10
-6
-7
1
4
9
13
14
15
8
11
10
7
7
8
3
0
-2
-6
-5
-10
-6
-7
-3
3
2
7
5
8
9
5
8
11
12
17
16
20
21
13
12
11
13
9
6
6
4
2
-7
-9
-13
-17
-20
-24
-29
-29
-26
-24
-25
-18
-14
-15
-9
-9
-13
-7
-5
-1
7
8
9
13
6
9
8
5
4
1
4
-3
-2
-5
-7
-10
-16
-22
-22
-16
-19
-19
-18
-19
-10
-3
0
-3
-2
2
8
9
10
10
11
10
13
10
-2
-9
-2
-3
-3
-3
-5
-6
-10
-11
-13
-17
-11
-4
-4
3
6
9
5
0
1
8
5
5
4
1
11
8
8
1
-4
-3
-5
-1
-3
-4
-4
-1
3
-2
2
4
7
9
7
8
6
8
7
5
1
-3
-6
-4
-6
-9
-7
-10
-9
-9
3
-1
6
9
3
10
3
8
2
-5
-3
-2
-3
0
-2
-3
-3
-5
-2
3
7
8
6
8
8
10
10
6
13
8
9
10
11
8
10
15
15
9
8
2
1
-6
-4
2
2
0
1
4
11
11
6
13
10
12
15
16
20
16
19
16
14
8
5
7
7
6
3
3
5
1
-3
2
-1
0
-1
-1
-6
-8
-7
-9
-9
-9
-12
-10
-11
-12
-12
-5
-7
1
0
2
-1
-4
-6
-9
-11
-10
-10
-12
-4
-4
-1
-1
-2
3
3
4
-2
-5
-9
-11
-7
-11
-16
-10
-15
-12
-9
-13
-15
-13
-11
-13
-10
-9
-4
-8
-5
-5
0
-9
-9
0
-6
-5
-7
-5
-9
-12
-9
-10
-9
-15
-7
-2
5
2
-3
7
5
10
6
14
14
18
18
15
22
17
13
11
9
9
11
10
9
7
1
5
4
-6
3
1
5
5
3
4
8
14
11
9
14
10
7
5
-2
-2
2
2
7
11
7
2
-2
-1
2
1
-1
-1
1
-6
-7
-13
-11
-14
-12
-7
-10
-7
-11
-6
-8
-5
-5
-7
-2
-5
-5
-7
-5
-1
-3
1
-4
2
0
-3
-8
-12
-14
-12
-9
-6
-12
-7
-2
-2
1
3
9
9
15
3
6
6
4
6
7
2
5
0
-6
-6
-4
2
-7
-5
-1
-1
-3
-8
-12
-11
-13
-22
-19
-22
-16
-18
-14
-7
-9
-3
1
4
5
16
15
17
24
18
24
23
21
24
27
24
25
17
3
4
-4
-4
-8
-9
-9
-4
-4
-1
5
3
2
3
3
4
6
4
8
8
5
5
4
-1
-2
-6
-10
-9
-12
-17
-20
-16
-14
-16
-17
-14
-15
-11
-11
-6
-5
-1
-2
3
9
7
7
11
15
12
17
13
5
3
3
5
4
0
0
0
-4
1
-2
5
5
10
12
13
13
10
14
13
13
19
16
16
12
11
15
16
16
17
13
12
7
9
3
-4
-1
-9
-10
-14
-15
-13
-17
-17
-15
-15
-12
-17
-14
-15
-10
-4
-2
2
-1
5
4
1
8
2
3
4
2
2
-4
-10
-19
-15
-23
-24
-22
-30
-24
-30
-27
-25
-24
-20
-15
-8
-5
0
2
3
8
6
6
6
6
2
-2
2
3
1
5
2
3
9
8
12
7
12
15
18
23
26
30
33
38
31
35
31
29
30
19
15
14
17
21
17
18
20
21
23
21
12
14
10
5
1
-3
-7
-5
-7
-10
-11
-13
-10
-12
-10
-6
-8
-2
-3
1
0
-6
-11
-14
-11
-14
-13
-21
-22
-23
-32
-29
-38
-35
-34
-38
-31
-30
-23
-19
-15
-15
-13
-14
-13
-15
-12
-19
-14
-6
-8
-3
-8
-7
-2
1
1
-1
-2
-3
-3
3
3
4
4
3
2
7
4
5
5
5
6
8
7
7
13
17
19
13
18
18
18
17
11
5
7
9
3
-1
3
3
2
-1
2
-1
-1
3
0
-6
-13
-14
-18
-18
-20
-22
-21
-18
-16
-14
-10
-7
-6
-6
-5
-5
3
-3
0
-3
-7
-4
-8
-10
-14
-10
-16
-7
-11
-3
3
5
14
12
19
20
23
24
22
18
17
21
14
15
18
16
16
11
10
13
11
9
11
13
9
13
17
16
11
17
16
17
13
5
6
5
6
5
4
2
-2
5
8
7
9
10
7
3
3
-4
-6
-9
-6
-9
-10
-12
-15
-20
-22
-15
-20
-18
-11
-16
-13
-13
-14
-12
-5
1
2
3
2
6
7
10
11
9
10
5
2
6
0
10
11
11
15
15
16
11
16
9
10
7
6
-1
-1
5
3
-1
0
3
1
4
-2
-6
-8
-4
-6
0
-2
-8
-8
-14
-15
-17
-16
-17
-13
-15
-17
-13
-15
-20
-17
-17
-15
-17
-14
-11
-9
-12
-5
-7
-9
-4
-7
-3
-5
-7
-8
-7
-8
-10
-7
-4
-4
0
5
4
13
9
5
11
9
15
18
18
13
11
13
11
9
9
8
9
17
17
21
20
16
19
18
22
20
18
20
17
14
6
6
3
3
2
-3
-2
-7
-10
-5
-10
-13
-14
-12
-13
-12
-11
-9
-11
-15
-11
-17
-15
-19
-20
-15
-20
-23
-22
-26
-18
-19
-21
-18
-15
-18
-17
-10
-7
-2
-4
0
3
3
2
7
9
10
14
13
19
16
17
17
20
16
19
19
23
26
24
25
19
16
16
11
12
11
6
3
4
4
-3
-3
-2
-9
-8
-11
-15
-13
-18
-13
-17
-18
-18
-16
-16
-23
-22
-25
-20
-21
-21
-17
-19
-15
-17
-12
-12
-8
-11
-11
-14
-10
-6
-9
-7
-10
-4
-3
-3
0
7
6
9
9
8
10
13
10
10
16
16
13
14
13
12
12
14
19
17
10
9
15
15
22
19
20
19
18
16
8
11
14
5
2
2
-3
1
1
4
3
9
8
3
5
8
6
2
5
2
3
1
-3
-2
1
-3
-3
-3
0
3
1
3
-4
-2
-5
-2
-5
-6
-10
-8
-9
-8
-4
-10
-8
-10
-2
-3
-2
2
2
5
7
8
13
12
6
6
2
3
-3
-4
-5
-7
-12
-13
-5
-10
-9
-13
-16
-10
-7
-4
-9
-2
0
-8
-8
-14
-10
-9
-14
-13
-13
-14
-13
-16
-18
-22
-20
-16
-19
-17
-18
-22
-19
-22
-19
-18
-19
-15
-9
-6
0
-3
3
5
7
10
10
17
19
19
22
25
26
27
27
27
31
36
38
38
41
36
37
33
32
30
24
22
20
16
18
16
13
16
10
15
15
11
12
12
9
13
6
12
12
7
12
5
2
3
-2
-6
-4
-9
-15
-16
-18
-15
-19
-22
-24
-28
-32
-30
-34
-32
-31
-30
-30
-29
-21
-23
-17
-15
-12
-9
-7
-3
-5
-2
-7
-7
-11
-10
-10
-12
-12
-13
-17
-19
-21
-21
-17
-17
-14
-12
-8
-9
-10
-2
-2
4
3
2
8
8
14
12
11
15
11
15
14
14
14
16
14
5
12
6
3
6
3
2
6
6
0
4
1
5
7
5
7
1
-2
3
2
5
9
7
12
13
18
19
19
20
15
17
17
12
8
7
7
1
-2
-5
-6
-5
-4
-5
-1
3
6
6
3
12
6
10
8
14
16
18
20
10
10
6
1
-4
-8
-16
-13
-20
-16
-11
-19
-15
-20
-12
-7
-6
-7
-4
-9
-8
-5
-9
-6
-10
-6
-7
-11
-12
-16
-15
-17
-17
-22
-23
-19
-19
-20
-20
-20
-12
-15
-21
-20
-15
-14
-12
-8
-6
-2
2
4
3
6
5
5
3
6
0
2
1
-1
1
4
7
5
7
12
11
14
13
10
9
7
5
5
-1
-4
-7
-8
-4
-4
1
3
11
16
12
12
13
12
16
13
16
15
13
15
12
5
-3
-4
-10
-9
-13
-6
-4
-12
-8
-10
-12
-12
-12
-15
-11
-6
-9
-3
-2
7
4
8
12
11
10
7
15
13
13
16
12
14
17
16
20
20
15
20
13
13
19
17
23
23
24
21
20
24
17
18
18
17
12
9
11
12
8
3
1
0
-6
-9
-4
-5
-7
-9
-13
-15
-16
-15
-16
-12
-18
-19
-17
-13
-12
-12
-8
-4
-6
-6
-1
-9
-6
-9
-11
-12
-10
-10
-13
-8
-10
-15
-12
-13
-11
-15
-13
-7
-9
-5
-6
-7
-3
-2
0
-3
2
2
-1
-2
-2
-1
1
7
0
3
-1
-4
-5
1
-1
-2
1
0
7
8
6
5
2
5
4
6
2
-1
4
4
9
13
15
12
9
9
4
4
-1
-2
-8
-10
-10
-10
-10
-10
-11
-9
-7
-12
-10
-14
-11
-15
-10
-13
-12
-8
-12
-6
-1
-2
0
-1
6
7
11
16
9
14
16
13
8
13
13
7
9
5
3
-1
-1
3
0
0
2
4
8
9
17
18
21
24
16
17
24
19
18
11
8
7
1
0
-5
-9
-13
-16
-21
-17
-19
-18
-20
-20
-20
-19
-16
-16
-20
-16
-16
-20
-17
-20
-16
-19
-14
-13
-10
-1
-2
1
3
-2
0
-5
-4
-3
-8
-3
0
0
3
0
-3
-3
-8
-5
-8
-1
1
2
-1
3
4
7
10
8
7
11
15
13
12
9
8
9
5
0
-2
-4
-3
-6
-1
-2
1
0
-3
-3
-3
0
7
9
11
12
14
13
12
10
5
3
1
-1
-10
-8
-8
-14
-10
-9
-9
-3
-7
-2
-1
-1
-2
-2
4
5
2
3
2
1
6
3
10
11
14
16
8
12
15
12
18
23
19
23
17
13
10
3
7
3
1
1
-3
-3
-2
-3
1
-3
-1
7
7
12
11
7
7
7
8
4
11
2
2
-3
-7
-11
-14
-14
-12
-12
-7
-9
-8
0
-11
-1
-4
-5
-2
-8
-1
-6
4
2
1
-4
-8
-5
-5
-6
-2
-2
5
8
6
6
4
6
4
4
5
2
2
3
4
8
5
8
5
4
5
3
5
3
3
7
11
9
13
11
11
9
12
10
10
6
7
8
-2
0
-4
-3
-8
-12
-14
-13
-14
-15
-15
-19
-13
-16
-19
-20
-19
-17
-19
-16
-18
-15
-14
-13
-15
-16
-17
-17
-18
-26
-23
-23
-22
-20
-22
-18
-21
-18
-13
-16
-12
-11
-8
-2
-2
4
8
10
15
12
18
20
21
20
23
26
27
28
24
23
19
16
11
12
10
16
14
10
11
19
17
17
15
20
25
27
22
22
23
13
10
5
-1
-5
-9
-16
-18
-16
-17
-13
-14
-11
-9
-6
-5
-6
-7
-4
-3
-2
-4
-7
-12
-10
-9
-13
-3
-8
-7
-9
-6
-4
-9
-6
0
-3
-2
2
-1
-1
-4
-5
-5
-4
-3
0
-8
-1
-6
-7
-5
-6
-10
-10
-10
-9
-9
-8
-3
-4
-1
0
3
5
7
6
6
5
4
6
3
1
4
3
2
-1
-3
-4
-5
-4
-7
-4
-9
-7
-11
-11
-11
-8
-9
-6
-10
-8
-7
-1
4
4
7
5
5
3
5
3
7
1
8
7
6
11
7
7
6
5
2
2
-2
0
5
9
8
9
13
8
12
9
13
15
18
13
16
16
14
17
12
12
13
10
10
7
4
2
-2
-3
-4
-3
-7
-5
-3
-10
-10
-12
-6
-12
-7
-6
0
-2
-4
5
1
3
2
7
5
4
2
-1
-2
-2
-4
-6
-5
-1
-2
-1
-1
-3
-2
0
8
8
6
3
4
9
8
7
13
12
11
15
8
10
11
8
10
10
2
0
-3
-9
-7
-7
-3
-4
-4
-2
2
-2
-3
-6
-10
-9
-7
-6
-6
-7
-2
-1
-4
-2
-5
-6
-17
-13
-11
-11
-12
-14
-13
-15
-15
-21
-18
-16
-14
-18
-11
-12
-10
-9
-11
-2
-3
0
5
2
3
0
8
10
7
8
6
13
15
11
10
12
11
14
16
10
7
10
10
6
6
4
9
8
3
3
-2
0
0
-1
-2
-2
