SAMPLES:	7092
BITSPERSAMPLE:	16
CHANNELS:	1
SAMPLERATE:	16000
NORMALIZED:	FALSE
11
8
10
0
2
-1
4
14
7
4
4
7
1
-4
2
0
0
6
6
14
4
6
2
-10
0
10
4
6
7
4
4
-1
-1
4
8
5
4
9
5
-1
4
-6
-5
-2
-2
6
6
10
4
4
3
6
6
-4
-1
-3
-8
-2
1
-3
-2
-1
3
5
0
-3
-1
-11
-4
0
-8
4
3
2
-5
-2
-4
-11
-5
-9
-15
-23
-24
-24
-18
-19
-19
-19
-20
-12
-7
-7
-8
-10
-1
0
-4
-1
6
4
8
-1
-3
3
0
3
5
2
2
-13
-11
-6
1
4
3
9
13
12
7
5
5
12
8
5
8
12
4
6
4
0
1
9
10
12
17
19
6
5
13
13
10
4
6
8
0
6
8
7
5
3
7
0
-4
-5
-4
-8
-7
-11
-9
-5
-15
-4
-6
3
2
0
11
7
4
-4
-2
-5
-10
-10
-12
-13
-4
-2
-6
0
-4
-7
-6
-1
-1
-2
-7
6
2
-8
-1
1
1
-2
5
0
-4
2
2
-7
-6
-3
-11
-7
-11
-3
-1
1
-7
-2
-3
-3
-3
-6
1
2
0
-1
-7
-13
-4
-10
-7
-15
-4
-8
-13
-13
-16
-10
-14
-18
-7
-2
1
3
-1
-8
-9
-6
-7
-1
-3
-1
-2
9
4
5
5
2
4
1
6
6
2
14
19
12
9
6
7
12
14
8
10
2
11
13
12
18
5
11
5
9
17
13
2
7
12
11
9
8
13
2
7
8
8
-1
-1
5
10
13
12
15
19
9
2
5
1
-5
-1
0
7
7
6
1
-10
-10
-8
-2
-13
-8
0
1
7
3
3
-1
6
2
3
2
-5
-9
-7
-9
-15
-8
-3
-7
-1
-1
-6
-8
-1
-9
-15
-13
-11
-16
-16
-18
-16
-5
-3
-10
-9
-2
-9
0
4
0
-3
-4
3
1
-1
-1
-2
3
-2
-7
-7
-8
-1
-4
-10
4
2
-2
0
1
3
7
8
12
47
98
122
98
35
5
0
-1
0
12
87
149
150
105
4
-102
-173
-239
-269
-280
-273
-269
-278
-267
-274
-241
-180
-128
-104
-126
-122
-94
-40
8
52
153
276
355
369
374
382
372
359
330
330
363
376
363
345
359
350
306
213
136
69
-1
-56
-91
-124
-144
-157
-172
-169
-214
-253
-300
-298
-295
-309
-304
-281
-238
-185
-148
-108
-84
-88
-94
-103
-92
-67
-33
6
51
76
85
84
76
50
23
-1
-31
-35
-38
-53
-44
-39
-43
-60
-101
-125
-147
-151
-157
-147
-140
-117
-96
-70
-42
-36
-31
-42
-46
-63
-55
-21
13
37
48
69
75
65
70
54
62
73
73
87
88
86
85
93
91
68
64
59
46
44
35
38
46
54
33
15
-2
-3
-15
-10
-17
-28
-20
-23
-25
-45
-27
-15
15
34
40
81
104
126
145
161
185
207
218
247
284
280
275
267
267
257
259
261
250
242
220
203
171
149
142
132
128
130
162
201
242
279
324
350
357
339
282
229
179
138
77
21
-31
-89
-172
-269
-362
-461
-552
-677
-813
-929
-1016
-1072
-1105
-1112
-1094
-1069
-1043
-1018
-978
-939
-877
-804
-728
-618
-494
-368
-233
-105
34
159
272
378
442
515
567
606
647
680
710
748
777
782
778
753
720
664
593
537
479
412
359
299
250
177
100
37
-47
-79
-129
-193
-239
-285
-318
-326
-307
-290
-264
-234
-216
-201
-168
-148
-127
-101
-54
-11
28
76
130
171
210
218
217
218
205
200
192
179
162
146
134
113
101
96
91
83
68
50
50
52
64
83
102
135
166
190
218
251
271
281
289
288
297
305
310
362
390
447
538
656
763
836
878
874
845
775
664
542
425
300
156
26
-108
-254
-399
-552
-722
-904
-1086
-1286
-1471
-1635
-1763
-1842
-1883
-1889
-1868
-1792
-1692
-1574
-1440
-1318
-1201
-1072
-921
-755
-600
-426
-239
-39
139
303
472
612
735
824
899
949
973
976
968
976
954
944
929
886
841
800
741
668
584
487
404
326
276
204
138
86
41
2
-29
-70
-82
-97
-115
-131
-155
-159
-145
-131
-93
-61
-8
32
60
104
109
129
133
134
127
123
146
140
139
148
132
138
126
107
71
18
-22
-71
-107
-140
-154
-160
-161
-125
-82
-33
9
47
84
129
150
195
226
273
306
340
388
413
448
466
474
479
495
509
539
587
670
785
919
1021
1086
1083
1069
1023
915
767
591
423
241
41
-160
-324
-479
-627
-804
-985
-1156
-1347
-1532
-1733
-1889
-2039
-2155
-2209
-2222
-2171
-2065
-1920
-1752
-1564
-1397
-1201
-1005
-839
-676
-518
-361
-185
-12
140
312
496
657
819
959
1055
1121
1134
1131
1115
1073
1018
942
879
836
793
754
690
648
593
519
449
359
289
190
90
-20
-101
-163
-216
-224
-233
-232
-228
-208
-188
-160
-120
-82
-48
-8
18
60
94
139
194
236
280
330
363
386
416
409
394
367
312
245
195
120
63
-4
-38
-72
-121
-151
-171
-164
-157
-140
-138
-119
-119
-95
-77
-43
-11
38
94
145
220
272
325
343
379
381
417
486
548
675
821
987
1147
1252
1312
1357
1378
1340
1235
1102
924
730
496
237
0
-204
-392
-598
-805
-988
-1153
-1345
-1533
-1725
-1895
-2043
-2185
-2291
-2340
-2327
-2268
-2169
-2015
-1833
-1629
-1411
-1185
-959
-745
-553
-390
-236
-94
42
189
331
475
617
752
890
1010
1091
1156
1195
1172
1132
1060
993
908
823
732
669
610
534
480
437
406
363
315
246
173
105
31
-58
-132
-203
-278
-302
-328
-324
-283
-234
-156
-100
-32
20
77
134
162
173
169
180
198
201
222
260
305
339
366
370
356
342
303
237
178
111
20
-54
-124
-150
-157
-164
-144
-109
-74
-12
44
73
131
130
132
158
166
173
187
204
211
238
270
315
384
492
627
796
971
1116
1214
1270
1329
1335
1283
1180
1047
881
682
447
212
-1
-198
-389
-579
-780
-963
-1124
-1296
-1464
-1624
-1774
-1926
-2072
-2172
-2219
-2225
-2172
-2078
-1957
-1790
-1604
-1377
-1142
-931
-728
-537
-363
-220
-91
31
148
280
386
488
610
714
825
910
985
1042
1054
1049
1025
987
943
877
812
727
629
546
459
399
344
288
255
222
201
180
118
54
-3
-68
-154
-203
-250
-312
-313
-312
-299
-266
-220
-142
-63
16
104
173
241
284
312
330
340
341
339
339
314
308
284
273
255
232
224
191
161
136
103
62
12
-25
-51
-84
-106
-93
-76
-51
-29
7
36
88
130
157
202
234
254
278
295
320
401
479
553
687
850
1023
1153
1245
1340
1392
1427
1363
1257
1105
923
691
418
142
-121
-354
-591
-826
-1025
-1175
-1323
-1477
-1626
-1747
-1857
-1964
-2073
-2145
-2188
-2193
-2179
-2124
-2021
-1887
-1719
-1513
-1285
-1062
-846
-632
-420
-224
-44
118
266
387
479
559
640
704
762
818
887
925
962
1004
1031
1055
1037
1023
1009
963
884
784
681
603
517
435
360
277
227
170
110
72
30
0
-27
-55
-94
-135
-174
-207
-227
-244
-248
-235
-213
-166
-120
-61
6
79
149
203
260
301
328
338
323
287
250
230
182
143
97
61
32
3
7
-5
23
33
56
73
73
76
67
83
71
68
67
84
109
138
176
219
271
323
378
449
510
587
680
784
915
1027
1111
1166
1223
1257
1275
1246
1163
1043
903
706
469
220
-37
-287
-540
-811
-1049
-1247
-1415
-1573
-1718
-1817
-1917
-1999
-2070
-2113
-2124
-2110
-2060
-2000
-1913
-1815
-1676
-1521
-1349
-1177
-997
-790
-590
-388
-210
-27
138
295
420
532
634
716
795
850
900
927
933
941
970
979
989
993
977
968
927
882
820
763
692
599
515
424
334
259
191
105
40
-6
-66
-121
-144
-153
-177
-196
-199
-216
-218
-201
-188
-159
-119
-57
-14
24
73
118
142
178
211
224
239
232
218
211
200
194
177
147
105
77
46
12
12
6
7
27
64
112
158
196
225
243
247
256
267
259
274
278
280
296
318
361
417
506
591
721
876
1020
1132
1200
1288
1342
1361
1314
1213
1088
907
721
475
218
-34
-304
-567
-820
-1061
-1251
-1418
-1587
-1720
-1832
-1916
-1991
-2059
-2096
-2092
-2079
-2049
-2019
-1980
-1907
-1791
-1653
-1514
-1350
-1150
-953
-742
-524
-324
-117
66
226
359
472
568
640
704
740
791
837
865
903
937
978
1014
1032
1039
1045
1055
1034
994
944
869
794
701
612
518
426
324
228
145
63
16
-43
-98
-132
-163
-202
-229
-250
-248
-239
-218
-198
-183
-146
-120
-90
-39
-1
24
58
89
106
124
145
142
146
146
142
135
122
111
85
69
64
59
58
95
111
134
157
189
210
226
240
260
283
302
315
334
346
376
399
388
421
458
527
594
707
836
973
1086
1166
1232
1283
1320
1298
1236
1112
949
754
520
251
-5
-258
-519
-804
-1062
-1255
-1420
-1569
-1711
-1821
-1902
-1970
-1995
-2024
-2028
-2016
-1993
-1953
-1909
-1861
-1789
-1683
-1553
-1422
-1274
-1084
-892
-691
-489
-297
-100
76
235
368
473
574
667
724
781
819
845
872
894
899
924
940
955
972
985
993
980
973
934
888
820
749
676
591
486
411
327
247
179
92
33
-15
-73
-127
-167
-197
-216
-227
-227
-216
-203
-175
-145
-125
-108
-97
-96
-89
-79
-59
-29
-16
4
7
34
62
82
89
102
107
110
118
107
108
129
144
157
192
209
247
281
305
335
367
395
407
429
450
477
486
489
501
499
530
559
613
713
810
908
987
1050
1118
1148
1183
1166
1106
1009
860
678
456
225
-17
-263
-517
-769
-1014
-1226
-1404
-1574
-1708
-1808
-1889
-1949
-1987
-2011
-1998
-1976
-1942
-1895
-1846
-1795
-1711
-1631
-1532
-1400
-1265
-1122
-964
-788
-615
-436
-264
-81
81
230
364
506
612
670
738
785
810
850
879
889
908
919
936
950
960
969
959
975
969
938
918
883
840
796
709
626
528
433
342
247
153
69
-3
-83
-119
-143
-160
-171
-177
-180
-187
-173
-189
-193
-185
-198
-198
-191
-185
-155
-123
-97
-69
-48
-15
2
30
56
76
110
123
139
156
177
191
206
223
241
260
270
289
303
311
322
346
367
398
430
468
490
497
511
530
534
553
585
632
689
746
830
916
948
972
998
1009
999
945
846
726
592
399
194
-24
-267
-495
-737
-965
-1172
-1345
-1503
-1646
-1763
-1857
-1915
-1974
-1994
-1983
-1957
-1930
-1888
-1835
-1772
-1699
-1610
-1503
-1399
-1284
-1147
-1014
-872
-723
-562
-403
-238
-71
70
235
389
513
614
708
791
843
898
937
964
988
1022
1029
1043
1056
1055
1060
1057
1048
1027
994
959
925
876
820
765
685
595
509
416
322
238
159
80
0
-76
-133
-190
-235
-270
-303
-324
-326
-323
-321
-303
-286
-266
-238
-204
-183
-162
-142
-124
-98
-86
-75
-66
-47
-18
20
52
100
159
208
237
274
316
367
406
430
452
455
461
461
462
458
448
454
463
459
469
470
466
464
464
490
506
549
611
671
714
722
751
771
797
810
760
710
609
481
344
171
-8
-196
-408
-621
-835
-1041
-1221
-1388
-1533
-1653
-1749
-1820
-1871
-1912
-1920
-1906
-1873
-1827
-1781
-1729
-1655
-1564
-1463
-1373
-1286
-1185
-1071
-931
-782
-632
-475
-321
-178
-35
133
288
436
576
692
802
889
977
1046
1095
1145
1164
1179
1190
1184
1169
1140
1123
1094
1060
1036
1004
970
925
874
800
738
673
596
507
427
335
244
160
60
-51
-143
-236
-333
-390
-466
-513
-551
-561
-563
-538
-516
-489
-435
-396
-333
-273
-208
-164
-131
-98
-51
-19
16
31
59
97
135
191
256
325
397
468
521
567
601
625
632
650
639
605
573
548
547
507
483
465
435
399
382
355
327
329
333
349
383
437
489
527
553
584
618
625
605
572
511
401
280
135
-32
-203
-395
-608
-809
-1017
-1190
-1357
-1516
-1653
-1760
-1837
-1876
-1896
-1911
-1886
-1836
-1784
-1734
-1655
-1584
-1511
-1433
-1330
-1227
-1123
-1003
-879
-742
-607
-440
-286
-138
26
193
352
486
622
751
873
951
1021
1080
1127
1176
1190
1197
1219
1219
1207
1193
1167
1122
1083
1046
1014
962
915
873
827
773
695
645
564
467
392
295
202
98
-12
-116
-229
-335
-432
-503
-558
-601
-614
-626
-617
-569
-510
-462
-406
-337
-279
-226
-174
-126
-94
-66
-43
-24
-15
14
63
115
171
237
302
383
441
499
553
584
613
617
623
612
578
543
495
443
396
341
295
257
227
202
180
153
156
169
176
220
275
331
386
451
507
541
573
581
570
541
482
394
268
123
-42
-216
-396
-578
-772
-966
-1131
-1276
-1401
-1531
-1624
-1683
-1717
-1728
-1719
-1704
-1670
-1611
-1552
-1495
-1436
-1358
-1275
-1192
-1089
-995
-886
-767
-643
-516
-378
-221
-75
81
233
364
504
624
740
830
922
994
1055
1098
1142
1175
1171
1186
1168
1148
1136
1096
1040
1017
964
934
897
857
813
762
704
648
595
518
434
329
235
129
21
-92
-202
-316
-413
-494
-569
-609
-644
-654
-634
-618
-583
-531
-474
-413
-334
-270
-209
-159
-106
-56
-27
14
56
91
133
163
202
255
319
376
433
486
529
561
605
603
603
583
555
544
490
439
392
358
295
246
191
155
131
121
107
91
89
97
138
160
204
263
332
389
435
475
513
542
540
509
450
346
234
96
-59
-221
-404
-578
-761
-953
-1106
-1250
-1366
-1452
-1526
-1573
-1617
-1625
-1614
-1589
-1540
-1500
-1446
-1392
-1325
-1245
-1174
-1096
-1007
-893
-794
-705
-603
-483
-374
-253
-110
14
151
297
406
523
641
759
860
947
1013
1070
1124
1159
1172
1170
1160
1147
1118
1076
1051
996
963
914
856
802
769
732
675
610
546
499
431
348
248
163
57
-49
-147
-239
-320
-400
-467
-540
-575
-582
-591
-584
-566
-516
-469
-411
-341
-284
-219
-152
-95
-48
-2
47
74
106
140
179
218
249
281
317
358
380
414
448
460
479
490
486
465
443
413
391
354
291
236
179
151
116
75
39
5
0
-9
-7
-8
4
24
49
93
146
207
267
309
347
386
404
409
376
337
281
187
81
-54
-186
-329
-501
-673
-809
-942
-1048
-1148
-1243
-1298
-1347
-1352
-1343
-1345
-1313
-1273
-1239
-1189
-1156
-1101
-1061
-1007
-943
-908
-846
-776
-705
-614
-514
-408
-286
-167
-16
112
255
404
525
637
724
833
914
955
1005
1032
1044
1050
1058
1049
1022
993
952
907
869
819
782
749
709
675
611
571
530
490
445
389
317
237
164
81
13
-72
-161
-242
-324
-380
-435
-464
-481
-485
-469
-443
-381
-317
-253
-199
-157
-91
-52
-6
39
52
78
88
101
112
150
184
200
225
253
297
315
329
348
353
356
362
347
330
300
258
227
194
152
120
84
41
-6
-37
-65
-99
-113
-132
-144
-151
-139
-108
-51
6
68
139
201
278
369
447
491
492
484
441
383
296
191
75
-60
-201
-350
-478
-609
-733
-850
-938
-1017
-1075
-1105
-1134
-1143
-1147
-1139
-1129
-1111
-1084
-1057
-1032
-1007
-966
-933
-905
-842
-770
-699
-625
-545
-445
-328
-212
-105
22
142
246
367
489
587
675
743
800
860
889
910
920
926
917
900
875
838
807
773
756
718
702
674
638
615
593
570
528
487
450
378
321
248
168
98
14
-67
-134
-207
-260
-310
-340
-357
-364
-355
-349
-346
-326
-292
-265
-227
-190
-145
-114
-85
-53
-19
25
46
57
68
75
92
110
121
128
139
137
153
162
161
171
178
179
189
184
174
175
164
155
126
113
87
71
42
13
3
-16
-21
-22
7
40
102
160
223
299
374
443
493
543
587
619
605
586
557
483
386
271
142
6
-119
-245
-406
-547
-671
-778
-877
-962
-1026
-1086
-1130
-1155
-1170
-1160
-1157
-1142
-1125
-1121
-1098
-1078
-1044
-1019
-980
-934
-873
-797
-718
-635
-550
-454
-340
-228
-113
8
117
220
313
398
482
563
621
672
716
753
762
779
801
808
804
796
799
797
786
765
760
756
739
720
697
679
660
643
622
588
549
507
446
380
326
248
163
70
-25
-106
-178
-238
-295
-330
-374
-386
-404
-400
-381
-365
-348
-337
-300
-286
-266
-250
-239
-222
-200
-184
-161
-126
-113
-90
-66
-32
9
42
83
103
141
149
168
197
197
208
205
194
185
175
157
148
140
119
122
115
121
147
155
187
222
273
310
352
416
470
538
597
644
668
680
690
677
644
586
496
403
311
189
74
-65
-194
-332
-458
-582
-705
-801
-914
-1002
-1076
-1150
-1208
-1244
-1288
-1316
-1328
-1336
-1323
-1307
-1286
-1252
-1199
-1156
-1099
-1040
-950
-865
-779
-677
-576
-464
-359
-245
-137
-18
93
210
313
406
491
589
676
742
791
839
884
909
920
956
957
956
959
940
940
932
923
910
914
901
881
846
820
789
734
684
625
564
488
408
320
222
128
20
-82
-165
-263
-348
-425
-468
-525
-564
-592
-614
-626
-609
-591
-587
-553
-522
-493
-462
-400
-354
-304
-243
-184
-126
-83
-42
-12
35
74
104
138
188
224
259
297
333
353
360
378
378
383
388
390
384
365
341
328
297
273
268
241
235
228
225
233
248
281
319
364
403
461
501
553
602
619
641
630
620
580
507
414
306
157
3
-153
-317
-480
-634
-782
-935
-1060
-1186
-1291
-1372
-1441
-1486
-1504
-1505
-1498
-1483
-1454
-1420
-1386
-1328
-1280
-1236
-1173
-1103
-1041
-972
-880
-791
-690
-573
-453
-326
-181
-51
79
217
339
467
588
706
814
923
1004
1061
1121
1152
1178
1215
1229
1232
1229
1199
1172
1144
1111
1084
1036
1009
974
923
879
837
768
699
618
529
437
328
220
87
-38
-150
-277
-384
-482
-592
-668
-727
-774
-806
-816
-812
-789
-767
-740
-673
-615
-547
-477
-410
-337
-286
-214
-145
-78
-24
32
81
131
170
198
233
267
290
327
361
397
422
451
470
469
475
471
478
462
445
421
406
397
363
340
304
284
267
245
240
252
269
289
320
344
389
446
482
506
524
534
542
538
501
440
362
264
152
21
-112
-261
-415
-583
-734
-900
-1050
-1181
-1301
-1392
-1479
-1544
-1591
-1612
-1618
-1615
-1605
-1570
-1538
-1485
-1419
-1363
-1296
-1228
-1160
-1073
-985
-882
-782
-665
-538
-410
-256
-112
39
188
328
485
633
763
875
994
1096
1178
1242
1300
1339
1367
1395
1391
1400
1373
1348
1308
1253
1198
1145
1079
1006
950
873
810
736
659
590
513
432
360
293
219
140
29
-75
-176
-281
-378
-468
-557
-641
-702
-765
-793
-808
-806
-801
-777
-735
-701
-628
-569
-508
-445
-386
-315
-255
-193
-123
-64
-11
63
119
172
224
264
294
321
344
367
386
400
408
409
422
433
427
421
412
411
399
387
371
359
337
307
276
252
230
216
201
187
175
164
188
193
207
241
258
278
304
319
326
323
294
268
219
159
79
-20
-127
-243
-373
-506
-650
-781
-906
-1027
-1140
-1241
-1324
-1404
-1467
-1510
-1528
-1534
-1522
-1497
-1463
-1411
-1346
-1260
-1174
-1093
-1017
-918
-826
-728
-619
-517
-402
-289
-167
-39
89
225
371
512
664
795
923
1039
1146
1239
1310
1384
1428
1453
1444
1433
1409
1348
1284
1228
1174
1103
1036
962
889
820
765
708
637
579
528
451
395
346
263
201
114
52
-12
-99
-183
-272
-357
-437
-511
-592
-661
-719
-770
-800
-824
-833
-818
-802
-771
-729
-681
-621
-538
-466
-391
-302
-209
-133
-56
8
78
137
187
241
270
311
334
327
335
345
347
354
359
365
352
360
358
357
356
355
346
328
314
295
288
258
213
191
147
97
57
0
-26
-54
-64
-79
-69
-50
-32
3
42
83
136
181
211
238
262
268
244
204
148
81
-10
-106
-218
-338
-468
-600
-722
-850
-963
-1060
-1151
-1221
-1287
-1340
-1356
-1359
-1359
-1335
-1275
-1219
-1151
-1081
-1000
-905
-821
-714
-601
-490
-394
-299
-179
-54
52
163
293
400
511
627
729
842
956
1048
1131
1206
1268
1308
1338
1337
1328
1296
1249
1209
1154
1083
1006
921
835
761
679
595
530
466
402
351
300
254
214
174
129
77
20
-24
-90
-156
-209
-280
-349
-428
-502
-574
-620
-662
-713
-749
-769
-778
-776
-766
-750
-715
-665
-619
-551
-482
-416
-336
-274
-204
-133
-48
26
103
153
210
261
318
365
395
437
451
475
492
483
473
466
460
433
415
374
318
292
259
217
186
146
110
79
44
6
-26
-41
-55
-72
-68
-81
-89
-73
-70
-65
-54
-38
-5
27
63
93
117
150
171
179
173
152
116
68
16
-48
-125
-211
-307
-402
-497
-581
-674
-766
-854
-908
-973
-1029
-1064
-1072
-1083
-1090
-1070
-1032
-960
-893
-823
-758
-653
-560
-477
-364
-256
-143
-45
53
153
254
321
398
486
550
624
688
748
814
874
923
964
993
1028
1028
1038
1033
1018
996
966
919
870
813
736
673
590
518
440
371
306
217
147
81
14
-26
-77
-111
-153
-176
-200
-231
-266
-306
-334
-366
-405
-441
-472
-514
-556
-595
-628
-642
-658
-673
-676
-651
-613
-578
-532
-488
-426
-365
-293
-210
-143
-55
24
95
169
235
286
327
376
400
414
441
456
458
455
439
412
379
339
318
282
244
216
171
132
116
96
80
77
83
88
74
60
53
41
29
11
-12
-8
-27
-36
-37
-35
-8
10
23
41
69
90
120
143
152
184
201
206
194
176
168
128
82
29
-37
-103
-179
-253
-335
-423
-508
-583
-647
-703
-750
-799
-816
-816
-823
-810
-793
-777
-734
-689
-643
-598
-530
-460
-386
-308
-239
-169
-105
-42
34
100
160
229
275
340
385
432
477
506
546
564
598
639
668
680
690
695
693
674
645
619
582
544
482
434
361
298
246
175
111
53
1
-41
-90
-136
-152
-176
-188
-201
-206
-199
-179
-183
-178
-160
-160
-156
-148
-156
-177
-186
-193
-205
-214
-221
-238
-245
-247
-239
-237
-215
-207
-187
-151
-130
-91
-52
-15
15
50
73
105
130
160
172
187
196
194
210
209
206
200
194
191
187
184
184
183
190
174
180
175
169
160
152
152
135
131
108
105
83
57
32
9
-15
-29
-49
-53
-51
-49
-26
-12
1
31
75
106
145
190
209
233
257
262
280
277
259
235
202
165
117
79
38
-14
-63
-120
-181
-242
-312
-368
-424
-470
-523
-557
-587
-623
-643
-664
-676
-682
-678
-662
-649
-625
-609
-586
-565
-543
-500
-463
-421
-385
-328
-288
-240
-183
-125
-65
-19
44
100
133
185
215
251
302
331
358
368
387
386
384
378
371
370
347
338
331
328
314
297
301
286
265
265
250
251
254
242
235
223
234
225
213
206
185
188
194
185
177
166
160
161
150
130
114
93
71
53
21
-6
-36
-41
-61
-74
-75
-86
-105
-103
-112
-118
-100
-97
-94
-91
-86
-80
-62
-55
-48
-38
-37
-20
-20
-19
-12
1
8
21
26
30
32
41
44
52
66
66
89
98
104
115
128
124
123
137
119
115
113
107
110
108
108
99
99
97
84
90
84
80
91
81
86
92
92
99
98
84
83
76
71
68
67
46
29
1
-34
-70
-105
-126
-175
-221
-269
-319
-374
-423
-482
-532
-566
-600
-645
-679
-689
-719
-732
-745
-759
-748
-743
-725
-698
-667
-647
-620
-572
-518
-461
-416
-351
-301
-255
-191
-139
-65
-25
23
68
114
163
213
271
309
371
429
479
525
569
608
651
676
700
721
750
760
761
770
758
751
728
701
684
659
630
593
570
526
476
435
392
364
322
264
217
173
126
85
47
-1
-37
-83
-132
-179
-224
-266
-303
-349
-381
-406
-422
-449
-458
-459
-459
-436
-427
-388
-365
-336
-301
-269
-217
-176
-127
-82
-38
4
40
82
97
112
124
145
169
166
182
198
198
211
222
225
227
237
240
228
215
220
213
206
204
196
207
193
177
154
131
124
106
81
41
9
-17
-44
-61
-64
-71
-93
-116
-121
-116
-115
-106
-106
-114
-109
-113
-121
-137
-160
-175
-175
-203
-224
-249
-271
-299
-323
-342
-372
-390
-412
-447
-479
-489
-505
-528
-530
-541
-544
-549
-554
-548
-547
-518
-497
-481
-450
-431
-391
-359
-325
-277
-227
-183
-137
-86
-38
13
82
139
196
256
315
370
424
476
520
544
553
588
603
622
629
618
620
608
590
582
570
552
529
523
494
457
430
393
368
330
297
257
233
197
160
130
100
82
59
57
30
14
-2
-14
-28
-39
-52
-62
-73
-85
-91
-110
-121
-123
-117
-126
-143
-151
-149
-135
-146
-134
-133
-123
-114
-121
-109
-97
-82
-77
-73
-54
-45
-17
8
13
48
58
73
93
109
103
124
138
139
144
136
148
136
123
107
87
57
31
0
-29
-53
-78
-106
-130
-150
-164
-184
-197
-223
-243
-258
-272
-289
-297
-306
-315
-311
-312
-310
-296
-278
-263
-242
-215
-187
-164
-152
-135
-113
-87
-47
-12
25
59
75
103
144
164
178
190
195
208
212
216
214
210
187
173
142
99
56
23
-18
-64
-110
-184
-230
-258
-290
-331
-357
-378
-386
-402
-406
-416
-419
-404
-410
-399
-382
-364
-328
-290
-263
-225
-188
-139
-95
-51
-15
27
74
130
191
241
274
340
392
433
474
507
536
554
587
604
624
641
644
650
639
636
610
588
556
516
498
456
418
379
343
300
259
225
184
141
103
70
43
14
-13
-50
-74
-93
-100
-131
-154
-182
-204
-222
-240
-249
-270
-291
-313
-317
-325
-324
-326
-337
-328
-329
-315
-301
-288
-265
-257
-234
-227
-198
-201
-179
-150
-144
-142
-148
-140
-133
-123
-129
-122
-117
-112
-114
-113
-124
-117
-106
-97
-75
-43
-17
-10
17
34
68
81
97
124
140
146
149
151
149
147
144
141
131
126
131
126
114
127
127
145
147
148
166
175
176
177
179
183
183
165
141
133
97
76
52
12
-18
-62
-97
-137
-179
-215
-226
-238
-263
-268
-281
-292
-299
-303
-316
-316
-320
-316
-308
-316
-306
-311
-299
-291
-282
-262
-260
-236
-222
-200
-170
-139
-96
-51
-12
32
77
113
150
197
252
279
324
353
381
393
401
418
426
424
411
425
411
393
387
373
359
332
317
301
281
273
260
245
225
217
189
159
132
103
65
27
1
-46
-93
-126
-166
-207
-234
-256
-279
-304
-319
-321
-333
-334
-324
-313
-288
-282
-272
-262
-252
-233
-209
-185
-173
-152
-131
-107
-93
-76
-56
-31
-15
13
39
54
80
113
131
142
157
163
184
192
207
202
203
204
195
186
171
149
149
134
113
90
67
47
30
2
-6
-8
-37
-64
-63
-67
-97
-100
-108
-107
-117
-121
-132
-147
-148
-157
-155
-150
-151
-151
-145
-149
-151
-132
-132
-113
-86
-67
-49
-23
9
36
70
100
120
121
152
158
170
188
189
201
215
214
208
206
204
197
183
174
169
154
141
129
102
90
69
45
30
6
-12
-38
-55
-79
-104
-117
-133
-161
-179
-212
-239
-265
-269
-284
-298
-297
-306
-311
-327
-311
-306
-297
-284
-268
-248
-220
-191
-161
-135
-119
-97
-79
-67
-66
-39
-16
-9
14
32
38
65
67
82
107
115
132
164
187
198
218
232
240
250
273
279
287
290
283
288
286
278
255
253
243
219
208
181
154
140
131
105
97
78
59
57
53
38
22
6
0
-14
-11
-22
-29
-33
-41
-55
-64
-72
-75
-74
-91
-88
-86
-83
-91
-95
-86
-91
-92
-83
-77
-73
-71
-72
-86
-99
-95
-99
-94
-95
-84
-79
-81
-71
-50
-36
-37
-6
-11
0
25
36
49
44
47
58
81
94
111
118
128
141
144
168
166
165
173
194
190
183
174
181
159
136
128
108
93
71
52
17
-6
-12
-40
-59
-84
-104
-121
-145
-157
-181
-198
-220
-236
-255
-277
-288
-298
-312
-312
-328
-333
-347
-373
-379
-378
-375
-388
-392
-389
-373
-357
-343
-331
-311
-281
-255
-220
-180
-152
-122
-101
-60
-29
-14
17
44
63
78
102
126
147
164
195
218
242
269
285
294
309
326
330
335
353
354
353
367
366
362
385
391
380
370
365
349
325
318
308
281
260
241
218
197
177
156
130
115
97
80
55
23
-12
-39
-53
-78
-104
-106
-128
-137
-135
-137
-145
-149
-153
-148
-140
-127
-106
-91
-91
-86
-68
-48
-33
-28
-18
-9
-5
3
2
-1
-2
5
-1
4
-3
-10
-5
-14
0
-6
-24
-21
-23
-36
-45
-42
-34
-40
-43
-34
-30
-38
-32
-27
-31
-25
-18
-17
-27
-21
-26
-18
-21
-26
-25
-37
-39
-50
-47
-63
-68
-89
-95
-93
-114
-116
-132
-142
-152
-160
-168
-167
-180
-188
-186
-187
-188
-179
-159
-154
-148
-133
-128
-124
-106
-84
-69
-51
-45
-27
-8
-6
6
9
17
24
20
28
29
23
20
18
27
11
12
27
36
46
40
47
56
51
59
62
73
80
84
86
83
84
97
107
109
105
119
133
130
126
121
132
123
126
130
129
144
124
134
140
127
123
131
139
127
119
116
122
128
134
132
123
120
116
97
103
85
74
62
59
57
44
39
17
32
20
-1
3
-11
-18
-24
-42
-45
-50
-57
-76
-77
-88
-100
-103
-100
-106
-121
-127
-131
-123
-131
-139
-135
-128
-124
-127
-117
-112
-112
-112
-117
-100
-90
-85
-78
-57
-42
-27
-10
10
22
38
39
45
57
64
70
76
81
67
72
60
71
70
66
68
58
53
50
37
25
11
0
-17
-28
-38
-73
-89
-105
-124
-141
-154
-161
-146
-128
-125
-129
-131
-121
-111
-101
-87
-70
-41
-36
-28
-19
-24
-8
-15
-8
13
31
30
43
44
20
14
5
4
-3
-7
-2
-6
10
-1
5
-9
5
29
33
38
28
41
30
33
47
62
60
72
78
63
65
64
64
68
61
53
46
42
43
53
68
63
64
67
78
72
64
55
47
50
48
39
45
57
41
38
18
12
23
17
16
5
1
4
12
16
12
0
-11
-19
-40
-46
-55
-59
-69
-86
-91
-90
-91
-81
-72
-66
-69
-72
-61
-54
-55
-54
-50
-42
-32
-41
-37
-15
-8
-2
13
32
41
54
55
62
76
79
78
98
100
88
94
93
97
99
89
92
78
65
76
58
43
35
24
20
19
13
14
11
8
14
12
0
-1
4
-1
5
3
4
-3
-12
-11
-8
-13
-14
-25
-26
-23
-36
-41
-38
-49
-52
-54
-54
-55
-76
-66
-75
-82
-78
-84
-80
-78
-85
-87
-78
-73
-68
-73
-70
-72
-75
-73
-77
-76
-90
-87
-74
-65
-68
-79
-71
-69
-56
-45
-47
-33
-21
-16
-14
-7
12
11
3
-4
7
27
30
33
44
48
44
43
52
60
62
81
83
87
84
84
95
90
90
87
84
73
61
52
45
49
38
30
18
8
3
-7
-26
-30
-30
-34
-42
-40
-37
-39
-44
-45
-44
-43
-39
-27
-16
-20
-3
-4
11
21
30
39
47
50
64
74
77
78
89
97
90
91
95
99
101
108
103
110
111
98
94
86
83
71
64
70
60
61
62
61
57
38
29
31
18
3
1
-11
-22
-27
-32
-50
-51
-45
-55
-53
-57
-68
-72
-74
-71
-80
-80
-78
-86
-90
-104
-102
-105
-97
-100
-111
-101
-100
-102
-105
-100
-101
-108
-111
-112
-110
-102
-93
-95
-91
-90
-79
-64
-59
-43
-38
-38
-34
-28
-15
-16
-3
2
1
7
2
1
16
-3
6
25
5
12
15
18
27
30
29
29
28
34
41
22
28
30
39
46
33
55
55
48
48
39
36
38
36
41
34
22
31
34
40
41
41
32
25
29
33
31
30
29
27
20
14
21
22
17
28
26
17
24
36
49
35
38
37
40
58
70
69
57
63
73
72
75
77
78
76
74
64
60
58
57
63
54
53
47
51
42
49
49
35
36
19
12
4
1
-14
-16
-22
-25
-22
-28
-27
-39
-41
-49
-61
-66
-58
-60
-72
-70
-74
-93
-89
-98
-109
-112
-115
-118
-111
-117
-132
-124
-119
-121
-121
-127
-114
-110
-106
-99
-108
-110
-110
-102
-95
-89
-82
-86
-71
-68
-50
-34
-34
-8
-10
15
27
33
43
47
57
63
74
84
97
107
116
113
115
119
125
124
122
118
125
120
117
110
99
94
82
79
64
57
53
47
32
17
7
-8
-15
-16
-22
-47
-51
-49
-32
-20
-22
-15
-29
-23
-24
-26
-19
-8
-6
3
10
1
20
16
13
36
42
51
61
65
70
60
66
72
63
64
57
47
44
40
38
31
34
25
21
13
16
16
3
1
-19
-13
-16
-26
-36
-47
-42
-46
-50
-58
-54
-58
-73
-73
-85
-90
-85
-81
-85
-82
-80
-87
-81
-78
-80
-79
-83
-71
-66
-53
-59
-47
-40
-33
-33
-31
-16
-17
-17
-23
-13
-25
-27
-24
-22
-17
-21
-15
-17
-13
-2
4
7
13
9
10
13
10
12
0
15
13
5
13
12
11
14
20
13
14
13
17
22
15
25
27
26
33
33
39
42
42
52
46
60
63
65
69
70
77
80
79
84
87
71
80
86
81
78
70
62
56
44
44
31
28
24
20
26
11
-1
3
-3
-5
2
-8
-3
-8
-4
-20
-1
6
2
3
-3
17
19
13
18
24
20
15
4
0
-3
-4
-15
-32
-36
-40
-37
-34
-36
-47
-47
-49
-55
-63
-57
-62
-67
-63
-59
-68
-72
-73
-87
-80
-87
-98
-87
-92
-87
-89
-86
-77
-85
-91
-86
-83
-77
-68
-62
-53
-36
-35
-29
-27
-28
-16
-14
1
3
10
6
20
18
17
23
28
26
25
43
36
47
47
62
61
61
58
67
77
66
62
64
65
58
58
65
53
56
61
58
57
46
55
47
45
48
39
31
44
31
13
18
9
-1
2
5
-3
-12
-6
2
-4
-4
-3
4
9
8
10
21
21
30
30
32
45
53
43
42
53
51
47
45
49
49
52
48
44
51
32
29
29
25
22
15
14
7
8
2
-1
-5
-8
-12
-15
-16
-16
-28
-36
-32
-40
-44
-43
-41
-50
-60
-62
-54
-54
-59
-54
-66
-74
-73
-70
-87
-96
-87
-94
-97
-100
-102
-107
-98
-89
-92
-96
-82
-71
-78
-62
-68
-62
-56
-57
-54
-46
-34
-36
-34
-26
-13
-16
-12
-3
-2
19
25
31
39
46
49
44
50
56
54
41
39
42
40
44
34
36
36
26
27
35
24
32
34
21
31
35
40
37
39
48
43
56
72
74
74
76
82
77
69
65
65
67
78
63
49
58
65
51
48
46
49
54
46
35
38
36
32
33
28
22
11
10
7
14
-1
-1
-7
-19
-22
-20
-28
-39
-37
-46
-47
-51
-45
-44
-49
-40
-40
-34
-24
-28
-18
-24
-18
-23
-27
-29
-36
-34
-38
-27
-37
-38
-38
-42
-36
-37
-39
-42
-43
-41
-41
-52
-52
-49
-44
-48
-41
-40
-45
-48
-44
-41
-33
-31
-43
-26
-29
-27
-22
-30
-16
-15
-21
-23
-20
-20
-6
-8
-4
4
2
3
6
4
1
5
5
2
-3
8
11
-3
-1
11
19
15
15
18
23
28
32
31
32
32
35
36
31
25
35
43
34
33
37
25
31
39
43
49
52
55
47
58
57
57
58
52
51
52
57
60
65
56
61
63
59
52
51
48
43
42
48
40
36
26
22
17
13
12
3
2
-10
-15
-16
-24
-22
-24
-37
-34
-39
-46
-56
-56
-57
-66
-58
-59
-69
-70
-67
-67
-74
-65
-65
-64
-50
-51
-41
-36
-22
-23
-2
1
-12
-17
-13
4
5
11
11
16
15
18
17
10
16
25
26
34
26
24
21
20
11
4
6
-4
5
-8
-21
-20
-28
-26
-38
-33
-25
-29
-23
-27
-25
-13
-15
-18
-18
-22
-13
-9
-17
-25
-30
-31
-31
-24
-26
-24
-22
-23
-21
-23
-14
-19
-20
-14
-28
-19
-22
-32
-22
-18
-14
-8
-13
-4
-7
-6
3
-4
2
8
13
22
23
24
37
43
48
40
51
59
54
54
62
68
72
81
80
77
69
70
60
57
45
42
41
41
37
34
23
20
18
13
2
-1
1
-3
4
2
-2
0
-6
-12
-21
-21
-33
-33
-33
-39
-41
-45
-48
-46
-46
-44
-39
-44
-44
-46
-40
-34
-24
-27
-22
-13
-4
-11
-1
12
8
22
20
24
30
26
30
38
35
33
29
24
18
19
21
17
19
14
24
19
4
17
11
4
13
18
9
15
13
-13
-2
-3
0
-7
-19
-20
-30
-42
-43
-47
-47
-52
-69
-67
-62
-62
-51
-58
-61
-52
-56
-48
-44
-46
-38
-44
-42
-37
-45
-33
-31
-31
-23
-14
-5
-10
1
3
-1
3
3
20
22
26
32
49
50
41
50
51
46
48
46
43
44
64
60
55
57
49
49
39
47
43
44
51
57
53
56
55
43
40
34
39
30
32
31
27
24
13
19
4
-9
-13
-23
-28
-22
-35
-47
-42
-43
-53
-51
-47
-52
-50
-43
-47
-51
-43
-52
-48
-39
-34
-28
-22
-20
-21
-12
-11
-4
6
5
19
25
26
24
27
34
38
36
31
36
35
39
45
42
52
42
43
49
29
26
26
19
6
-1
0
-7
-11
-10
-13
-17
-13
-20
-17
-25
-40
-42
-42
-43
-50
-46
-46
-39
-31
-31
-35
-26
-23
-25
-23
-23
-25
-30
-30
-21
-15
-8
-13
-13
-20
-16
-5
-9
4
10
6
10
18
11
20
23
20
19
10
10
2
-3
2
3
-1
4
-4
-5
4
4
11
15
14
11
19
14
9
5
3
-2
-6
-3
-9
-4
-14
-18
-25
-21
-19
-18
-11
-15
-18
-13
-1
-3
-2
7
13
11
8
12
21
16
16
17
17
20
15
14
17
4
6
12
27
24
18
14
11
15
22
25
15
22
22
30
22
22
22
19
21
20
17
8
9
1
2
5
7
11
10
15
9
4
5
5
0
9
4
-1
-4
-2
-11
-16
-19
-19
-13
-12
-16
-15
-30
-26
-24
-29
-20
-20
-24
-29
-32
-39
-31
-28
-30
-24
-31
-28
-31
-23
-19
-20
-19
-19
-11
-20
-14
-12
-6
-2
-6
