SAMPLES:	8692
BITSPERSAMPLE:	16
CHANNELS:	1
SAMPLERATE:	16000
NORMALIZED:	FALSE
-31
-19
-22
-23
-19
-16
-17
-11
-10
1
2
1
4
-4
0
-2
9
-2
0
-4
1
3
4
2
-10
4
7
17
10
9
16
20
18
17
20
16
23
17
10
13
15
13
11
12
17
19
20
14
14
18
21
25
23
31
28
26
15
12
17
15
17
5
8
6
9
5
-1
-9
-8
-2
-8
-11
-16
-6
-5
-4
2
3
3
-2
-2
-5
-5
-2
-3
-9
-3
-3
-2
1
-2
-2
-6
-5
-7
-10
-9
-6
-14
-15
-8
-12
-14
-12
-8
-7
-9
-2
-5
-8
-5
0
1
-4
-10
-11
-6
-7
-8
-6
-13
-10
-6
-8
-12
-13
-16
-10
-6
-6
-8
0
-1
-1
-2
-6
-9
-6
-13
-9
-2
-12
-9
-5
1
2
-2
0
5
1
-4
2
-3
2
1
4
12
-3
-1
-1
-2
4
10
7
11
7
8
16
15
21
16
18
27
21
14
8
19
22
12
14
18
18
16
13
19
18
19
15
17
21
17
16
11
12
10
12
4
7
10
4
2
4
0
-5
-12
-12
-15
-20
-20
-13
-5
-8
-14
-11
-10
-13
-18
-18
-16
-16
-15
-17
-18
-17
-15
-20
-17
-23
-25
-19
-21
-17
-15
-9
-14
-12
-8
-9
-4
-9
-1
-3
4
2
7
12
8
11
10
9
10
8
5
10
14
12
12
19
15
15
16
16
20
22
21
18
20
25
23
20
24
20
19
14
13
12
10
4
11
6
12
7
4
9
10
3
-3
-1
-9
-8
-12
-18
-16
-25
-32
-34
-33
-33
-40
-40
-45
-49
-49
-52
-54
-56
-61
-62
-58
-50
-52
-48
-47
-45
-39
-34
-29
-33
-32
-31
-24
-21
-21
-20
-23
-19
-19
-19
-12
-5
-5
3
10
13
28
26
32
36
45
49
52
61
60
64
75
77
85
78
78
79
76
78
69
72
78
92
100
127
170
204
232
256
275
286
284
266
249
232
192
143
88
47
8
-44
-89
-126
-158
-192
-220
-243
-262
-284
-306
-320
-314
-305
-302
-282
-246
-198
-162
-124
-84
-41
-16
-3
-1
2
-8
-28
-47
-68
-89
-121
-149
-172
-183
-189
-203
-202
-194
-182
-172
-139
-99
-48
11
60
114
172
235
279
323
361
376
370
355
323
296
243
182
129
67
13
-56
-117
-161
-204
-245
-270
-280
-278
-263
-244
-209
-175
-140
-101
-66
-23
8
30
58
77
82
92
95
101
101
97
88
76
78
72
68
53
49
45
36
30
29
39
51
57
75
106
131
150
179
219
276
337
429
555
701
840
944
1023
1090
1102
1042
921
771
576
330
51
-213
-434
-643
-832
-980
-1069
-1120
-1140
-1130
-1081
-993
-926
-841
-741
-610
-473
-343
-193
-52
82
171
229
289
313
287
208
110
-8
-144
-303
-449
-569
-672
-765
-843
-857
-832
-766
-700
-584
-443
-299
-141
10
184
355
509
649
747
828
891
912
904
880
833
766
673
572
488
381
268
138
11
-117
-244
-359
-450
-511
-553
-552
-515
-434
-327
-203
-69
54
181
289
365
430
462
466
444
408
366
323
273
218
147
72
-11
-97
-191
-267
-325
-374
-393
-380
-342
-288
-213
-119
-23
45
102
132
163
178
182
198
203
208
218
216
234
265
291
346
412
477
590
766
957
1106
1182
1206
1173
1051
816
503
189
-170
-578
-974
-1265
-1453
-1583
-1637
-1595
-1445
-1254
-1066
-857
-604
-357
-147
15
159
308
421
477
525
547
498
378
215
40
-158
-381
-619
-804
-970
-1130
-1252
-1284
-1235
-1126
-975
-778
-508
-207
68
326
566
771
923
992
1022
1007
984
902
765
633
481
327
173
32
-74
-143
-191
-208
-175
-93
27
128
238
328
378
388
351
305
233
149
67
1
-41
-56
-59
-42
1
43
73
97
122
148
147
155
144
136
128
99
57
18
-35
-97
-172
-248
-313
-372
-398
-415
-416
-396
-368
-312
-261
-181
-97
-39
10
67
101
121
146
134
129
118
92
92
97
119
199
310
454
615
847
1182
1514
1712
1778
1706
1520
1171
665
107
-394
-837
-1306
-1683
-1879
-1882
-1752
-1564
-1293
-943
-575
-273
-25
232
466
606
673
714
703
633
508
345
167
-73
-394
-732
-1021
-1249
-1447
-1585
-1612
-1554
-1437
-1270
-1043
-741
-374
-38
262
555
808
986
1060
1087
1059
983
818
579
344
131
-95
-325
-490
-577
-623
-627
-555
-392
-152
78
291
520
762
965
1121
1274
1409
1527
1527
1346
1075
695
231
-243
-715
-1074
-1322
-1458
-1486
-1368
-1083
-744
-363
19
382
665
882
1005
1068
1047
924
711
450
195
-100
-395
-658
-874
-1078
-1250
-1350
-1337
-1218
-997
-704
-376
-22
316
547
685
766
747
633
466
308
215
171
140
124
141
171
191
226
321
444
575
812
1209
1646
1959
2087
2039
1869
1536
929
210
-394
-933
-1491
-1962
-2173
-2145
-1939
-1646
-1292
-830
-356
7
249
505
728
835
850
821
754
624
427
181
-55
-374
-777
-1219
-1554
-1776
-1920
-1959
-1849
-1597
-1302
-973
-611
-224
136
433
583
706
791
762
670
539
418
266
53
-191
-408
-535
-641
-731
-740
-620
-446
-243
45
385
769
1098
1322
1456
1514
1493
1338
1113
841
540
219
-98
-348
-478
-421
-291
-179
-66
23
-5
-65
-109
-172
-151
-41
62
152
310
450
533
585
586
460
289
124
-86
-271
-418
-592
-776
-938
-1083
-1191
-1211
-1150
-1049
-891
-639
-382
-72
286
591
876
1078
1164
1098
971
779
527
257
-4
-225
-385
-442
-435
-352
-222
-41
168
380
573
760
1083
1622
2162
2444
2527
2378
1976
1403
611
-277
-984
-1528
-2043
-2398
-2452
-2243
-1821
-1241
-674
-153
313
652
847
968
1014
907
737
556
279
-57
-375
-680
-990
-1313
-1674
-2032
-2239
-2265
-2143
-1836
-1428
-960
-470
28
448
746
931
981
916
738
513
259
16
-167
-289
-406
-505
-613
-689
-644
-515
-392
-236
10
307
646
953
1216
1457
1621
1632
1452
1177
853
490
148
-187
-469
-649
-696
-636
-488
-245
31
269
427
524
547
511
482
454
414
361
346
283
215
192
146
32
-97
-236
-422
-539
-611
-663
-679
-632
-544
-494
-422
-327
-239
-124
4
91
181
275
355
433
491
509
469
419
313
173
42
-77
-190
-281
-348
-418
-435
-400
-333
-234
-130
4
209
471
737
963
1169
1486
1935
2269
2333
2168
1760
1174
443
-395
-1184
-1667
-1956
-2175
-2177
-1923
-1524
-999
-433
80
498
776
881
902
914
775
534
250
-31
-416
-850
-1254
-1579
-1833
-2040
-2179
-2199
-2003
-1664
-1197
-603
27
549
901
1133
1255
1173
954
643
287
-10
-287
-550
-714
-752
-739
-733
-697
-661
-594
-398
-113
157
454
766
1057
1361
1540
1609
1551
1428
1179
808
421
38
-273
-506
-641
-704
-665
-516
-287
-11
283
525
687
818
870
822
671
491
261
34
-168
-382
-555
-646
-652
-618
-509
-373
-245
-103
39
160
263
336
359
323
244
91
-110
-259
-367
-465
-541
-543
-497
-416
-287
-148
-2
151
241
304
336
347
297
232
191
146
113
60
-23
-72
-105
-124
-109
-44
68
226
420
618
881
1399
2053
2486
2617
2407
1879
1116
255
-689
-1447
-1849
-2110
-2252
-2160
-1818
-1350
-774
-235
152
400
533
561
559
617
550
385
202
-71
-434
-856
-1232
-1545
-1826
-2016
-2119
-2045
-1717
-1230
-616
67
611
921
1029
969
766
447
68
-291
-566
-683
-707
-656
-493
-288
-137
-72
-80
-164
-170
-8
202
411
685
961
1209
1442
1508
1399
1179
877
436
-34
-407
-669
-752
-690
-551
-361
-155
58
257
428
587
662
746
854
917
888
871
814
658
470
195
-158
-439
-602
-747
-758
-587
-397
-200
62
318
471
619
679
573
430
249
-65
-358
-559
-751
-880
-926
-935
-897
-748
-519
-303
-35
227
413
588
714
734
691
633
514
331
162
-14
-202
-345
-395
-443
-494
-450
-434
-388
-245
-61
137
400
654
859
1218
1815
2294
2494
2415
1974
1282
489
-399
-1279
-1787
-2011
-2205
-2222
-1978
-1629
-1146
-589
-143
189
437
587
656
783
810
616
346
26
-460
-1019
-1484
-1820
-2046
-2091
-2017
-1790
-1337
-738
-154
384
779
872
759
558
307
36
-214
-399
-497
-481
-388
-308
-250
-168
-176
-214
-245
-248
-133
151
533
852
1082
1201
1189
1094
912
604
259
6
-160
-242
-171
20
290
589
816
874
841
695
483
301
203
154
167
291
507
738
930
981
873
665
323
-78
-476
-737
-830
-760
-568
-328
-72
141
254
295
231
73
-120
-284
-395
-440
-453
-466
-507
-531
-542
-557
-526
-430
-271
-96
69
207
320
401
448
394
276
95
-163
-410
-579
-675
-688
-601
-442
-244
21
261
401
524
599
568
516
502
485
545
629
684
851
1284
1741
1942
1936
1636
1006
301
-448
-1159
-1553
-1604
-1587
-1491
-1197
-885
-589
-269
-46
54
126
150
130
175
226
138
-49
-261
-566
-974
-1337
-1575
-1700
-1733
-1643
-1479
-1179
-765
-363
-41
218
314
205
72
-69
-219
-298
-309
-319
-284
-178
-83
-10
71
133
136
134
122
132
252
455
623
671
714
708
649
636
621
613
686
774
838
905
965
975
935
831
613
369
165
55
-3
-34
-35
-15
30
107
169
242
443
698
808
815
755
522
232
-38
-333
-567
-648
-686
-742
-677
-595
-584
-530
-408
-330
-266
-131
-83
-87
-73
-152
-327
-442
-528
-629
-636
-574
-508
-447
-347
-308
-300
-245
-229
-224
-173
-74
41
193
335
445
561
590
539
442
337
255
160
58
47
95
175
262
376
488
567
727
1145
1799
2303
2492
2336
1827
1045
148
-736
-1380
-1653
-1809
-1933
-1935
-1770
-1534
-1245
-903
-573
-233
86
390
707
986
1058
901
555
51
-633
-1315
-1814
-2131
-2260
-2271
-2207
-1963
-1579
-1171
-732
-329
39
343
585
809
1020
1224
1299
1242
1042
758
402
33
-274
-507
-677
-762
-743
-634
-387
-49
278
546
757
920
1066
1194
1323
1396
1428
1406
1277
1049
814
536
280
17
-258
-469
-587
-565
-473
-310
-118
95
323
509
630
722
807
884
1013
1075
922
607
167
-386
-893
-1253
-1505
-1542
-1345
-1158
-962
-732
-563
-434
-280
-165
-137
-19
115
171
232
206
-12
-258
-490
-761
-989
-1070
-1008
-874
-660
-428
-240
-9
241
402
576
726
850
921
956
955
886
795
673
539
381
258
169
84
12
-62
-97
-75
22
171
357
542
759
1130
1746
2318
2489
2290
1716
893
54
-693
-1247
-1412
-1393
-1456
-1557
-1604
-1658
-1683
-1641
-1519
-1277
-909
-462
-9
476
806
871
698
336
-195
-757
-1109
-1270
-1293
-1296
-1330
-1318
-1256
-1140
-957
-690
-375
-53
208
444
656
833
916
895
774
592
437
324
237
146
22
-162
-292
-354
-355
-209
62
321
573
793
961
1088
1190
1241
1259
1217
1092
914
725
589
454
316
150
-57
-284
-491
-660
-738
-708
-606
-437
-249
-40
131
270
372
415
446
568
758
779
664
486
116
-279
-589
-865
-1009
-980
-994
-1112
-1115
-1071
-1024
-854
-600
-319
24
376
572
641
626
371
34
-262
-502
-612
-535
-336
-151
16
47
39
112
161
238
390
605
772
876
878
835
724
560
370
205
113
45
39
-5
-82
-151
-214
-186
-53
118
278
445
536
544
747
1277
1799
2033
1899
1407
734
2
-694
-1157
-1332
-1399
-1595
-1850
-1989
-2015
-1932
-1789
-1510
-1060
-574
-93
371
762
923
815
523
133
-236
-522
-658
-669
-688
-884
-1135
-1289
-1328
-1206
-939
-518
23
469
766
993
1094
1081
924
689
463
339
321
322
306
236
77
-139
-337
-465
-456
-288
-34
187
343
472
579
708
854
950
1020
1062
1065
940
754
547
325
40
-269
-537
-720
-793
-807
-756
-684
-576
-431
-269
-68
170
392
606
744
760
704
724
791
670
360
-72
-585
-985
-1188
-1233
-1073
-831
-649
-591
-497
-358
-223
4
275
524
691
780
790
731
588
310
-26
-312
-554
-715
-720
-605
-458
-345
-264
-137
96
386
646
880
1017
984
860
652
497
400
300
227
181
149
98
25
-81
-189
-315
-462
-519
-497
-358
-184
24
142
182
224
446
1049
1691
2006
1874
1385
733
23
-607
-913
-959
-978
-1208
-1568
-1810
-1909
-1974
-1976
-1709
-1205
-657
-145
340
737
958
925
739
551
456
449
425
332
68
-435
-976
-1361
-1551
-1537
-1339
-975
-615
-394
-276
-138
104
372
567
788
1057
1294
1434
1361
1128
775
363
-35
-342
-486
-483
-430
-402
-455
-549
-514
-365
-102
227
569
882
1088
1147
1039
873
734
559
340
116
-24
-123
-257
-433
-654
-795
-794
-731
-567
-335
-65
176
307
408
485
556
649
702
729
857
965
871
641
274
-160
-488
-723
-812
-758
-707
-763
-880
-974
-1007
-929
-724
-375
54
446
748
935
1013
932
750
522
280
95
-54
-246
-400
-526
-701
-806
-801
-688
-496
-292
-96
101
330
547
736
935
1057
1056
946
766
525
284
-53
-348
-544
-656
-649
-597
-476
-348
-233
-163
-108
-44
68
307
910
1635
2026
1874
1331
741
312
-21
-201
-155
-153
-478
-1136
-1786
-2195
-2338
-2330
-2054
-1481
-835
-329
22
334
588
749
851
1000
1163
1244
1168
916
531
-51
-668
-1105
-1338
-1397
-1389
-1346
-1275
-1217
-1200
-1052
-674
-148
390
832
1166
1416
1487
1353
1093
798
555
320
97
-80
-219
-339
-424
-536
-641
-666
-599
-454
-219
56
310
572
738
817
838
859
861
794
664
510
341
203
67
-60
-133
-184
-258
-391
-487
-516
-428
-321
-190
-15
205
389
492
587
707
952
1103
1003
768
398
40
-181
-362
-483
-501
-589
-768
-904
-945
-905
-772
-688
-584
-398
-222
-77
89
260
375
474
541
560
617
629
457
246
40
-214
-427
-489
-507
-558
-576
-616
-635
-555
-340
-110
157
398
453
459
552
580
589
582
500
359
231
141
65
48
38
-40
-144
-164
-123
-76
-40
31
164
544
1069
1347
1236
838
417
185
123
122
204
251
35
-436
-954
-1248
-1351
-1429
-1409
-1189
-889
-660
-596
-581
-473
-302
-175
-74
127
311
397
338
222
73
-49
-160
-272
-290
-299
-344
-384
-410
-455
-492
-492
-483
-479
-419
-302
-176
-27
129
192
240
296
337
403
489
581
648
670
650
614
570
505
429
384
329
280
151
-14
-149
-218
-227
-245
-248
-204
-103
27
143
237
383
519
638
704
745
801
808
721
533
312
129
-27
-150
-264
-381
-490
-489
-407
-367
-332
-326
-267
-98
50
121
141
97
-71
-241
-297
-287
-235
-263
-366
-412
-418
-494
-505
-470
-348
-148
5
105
186
227
151
93
94
100
113
116
50
3
-45
-129
-146
-78
-5
61
124
140
138
141
142
162
256
334
361
359
296
266
276
261
229
138
91
86
114
144
147
188
336
657
981
1065
819
444
231
274
347
357
254
-79
-538
-966
-1177
-1151
-1082
-1106
-1135
-1020
-866
-812
-783
-667
-474
-276
-136
-16
69
26
-146
-267
-235
-131
-70
-123
-222
-317
-405
-473
-424
-282
-178
-131
-159
-166
-160
-149
-97
5
145
214
209
151
103
130
203
298
410
536
597
598
586
574
617
691
732
741
685
600
491
418
368
293
211
93
-49
-213
-317
-372
-388
-379
-381
-333
-230
-91
24
114
155
177
196
234
297
315
279
238
190
238
307
207
48
-171
-315
-282
-261
-276
-329
-468
-583
-556
-445
-305
-163
-121
-155
-129
-86
-71
-1
39
71
118
172
196
230
231
179
187
196
190
174
106
49
86
132
122
105
83
25
-11
-49
-42
53
187
297
380
406
354
234
132
46
37
91
49
3
-46
-105
-136
-133
-84
-9
91
173
346
683
790
562
208
-21
56
215
215
110
-44
-313
-604
-766
-731
-672
-778
-1001
-1078
-999
-998
-1005
-947
-809
-623
-514
-451
-355
-265
-231
-170
-10
156
191
94
-16
-38
10
51
100
167
176
141
64
8
7
-31
-111
-199
-199
-139
-124
-154
-178
-149
-63
40
146
257
389
490
568
668
792
933
1001
965
840
714
595
500
457
386
287
139
-4
-139
-215
-288
-372
-405
-400
-334
-226
-94
-15
2
10
20
34
116
230
292
325
316
379
566
605
509
328
183
237
341
334
210
-21
-284
-469
-498
-420
-356
-400
-497
-536
-475
-435
-395
-329
-241
-159
-85
-4
67
146
154
179
222
287
278
243
242
250
241
189
120
3
-103
-251
-377
-434
-512
-578
-614
-601
-558
-489
-413
-305
-189
-62
83
201
344
435
501
553
582
595
535
451
329
223
213
366
594
618
376
72
10
173
335
354
258
126
-59
-214
-279
-309
-426
-656
-858
-892
-875
-933
-1037
-1041
-965
-875
-789
-734
-619
-478
-327
-101
199
426
469
403
383
433
449
407
324
191
-3
-213
-369
-417
-437
-463
-484
-460
-372
-317
-314
-283
-179
21
198
287
365
415
465
512
618
784
923
991
933
835
743
652
588
530
482
406
298
170
62
-15
-76
-128
-168
-184
-166
-153
-126
-88
-71
-77
-100
-119
-92
-47
-39
-48
-41
59
269
437
485
434
366
423
556
649
603
447
209
-55
-172
-249
-371
-515
-722
-903
-938
-936
-952
-906
-827
-745
-590
-430
-304
-145
-7
75
214
347
369
318
257
211
215
228
187
106
26
-80
-123
-105
-82
-51
-43
-82
-138
-121
-128
-109
-79
-30
59
128
182
163
104
71
67
168
279
363
398
393
429
506
700
963
1087
931
655
475
543
656
624
427
135
-182
-483
-687
-825
-950
-1128
-1324
-1379
-1360
-1371
-1400
-1367
-1220
-1056
-881
-734
-587
-431
-267
-64
161
313
350
331
339
397
462
476
437
361
260
147
86
49
11
-76
-153
-180
-142
-62
-14
0
13
73
139
184
205
231
271
326
386
443
491
542
621
702
794
863
904
916
902
899
868
815
698
499
290
87
-85
-234
-366
-487
-600
-693
-764
-774
-749
-706
-653
-579
-473
-358
-265
-153
1
264
490
559
502
378
344
397
413
332
190
14
-161
-269
-359
-479
-596
-714
-792
-752
-689
-711
-730
-676
-629
-560
-459
-405
-306
-193
-103
72
232
286
254
259
322
463
604
634
617
578
480
403
404
403
347
250
152
106
97
6
-89
-164
-174
-134
-115
-69
-36
24
76
125
185
237
275
301
317
350
424
550
717
765
650
474
441
570
678
652
503
312
124
-74
-245
-390
-588
-852
-1068
-1158
-1213
-1351
-1537
-1615
-1543
-1389
-1239
-1089
-932
-823
-660
-420
-137
104
212
264
386
584
693
717
676
622
546
464
440
456
415
293
164
82
107
118
51
-10
-70
-79
-110
-150
-164
-139
-99
-76
-61
-43
-35
1
89
243
391
479
492
514
582
653
716
728
669
568
439
305
177
55
-99
-265
-386
-472
-570
-658
-742
-811
-819
-781
-667
-559
-423
-282
-167
2
178
432
654
676
629
520
531
664
751
718
553
353
128
-2
-26
-72
-107
-202
-329
-378
-407
-474
-515
-461
-399
-344
-321
-357
-350
-305
-245
-150
-22
21
21
90
202
341
461
505
502
512
523
512
517
481
398
316
232
142
92
-4
-134
-180
-218
-241
-288
-346
-382
-410
-365
-283
-187
-82
-19
72
143
193
228
272
391
601
734
689
505
391
455
527
495
328
97
-96
-213
-221
-205
-265
-447
-681
-817
-856
-902
-970
-1020
-1026
-1012
-1004
-984
-929
-856
-761
-622
-460
-305
-221
-164
-57
106
253
361
429
477
512
492
467
502
472
399
315
240
187
118
22
-41
-107
-144
-174
-207
-217
-181
-100
-54
-12
10
25
69
152
234
298
367
388
402
427
467
507
525
529
508
451
408
347
300
236
135
60
-26
-94
-182
-245
-261
-243
-220
-227
-254
-209
-152
-80
18
112
178
290
383
350
321
267
312
396
420
379
273
207
164
157
145
49
-48
-138
-214
-200
-229
-333
-435
-537
-596
-602
-607
-636
-612
-547
-451
-306
-205
-157
-72
66
217
340
377
367
315
293
283
316
340
299
191
93
62
31
17
-43
-110
-112
-83
-17
18
35
45
51
87
106
86
54
64
122
167
164
101
32
72
238
384
387
253
126
162
268
317
261
139
13
-78
-115
-138
-209
-352
-554
-681
-753
-875
-981
-1042
-1035
-982
-955
-947
-928
-894
-816
-662
-473
-345
-290
-264
-183
2
158
262
362
437
480
491
506
526
510
469
408
400
400
351
280
255
229
209
190
172
166
147
175
207
198
165
129
171
253
317
350
303
259
230
223
249
306
307
256
213
186
200
197
188
137
98
61
32
8
-37
-89
-179
-238
-246
-250
-233
-220
-185
-156
-105
-70
-31
47
157
376
476
470
373
286
363
397
362
267
143
31
-58
-103
-170
-246
-351
-423
-387
-344
-378
-430
-451
-414
-370
-332
-333
-318
-284
-274
-205
-167
-172
-220
-231
-128
-12
46
54
11
37
68
132
196
213
185
112
137
168
212
205
111
42
7
4
-10
-38
-23
-36
-6
34
70
129
126
163
181
200
193
149
117
106
111
176
260
243
115
-35
-40
92
211
189
81
-16
-40
-41
-3
27
-39
-161
-303
-345
-356
-413
-500
-571
-576
-580
-610
-652
-654
-653
-601
-488
-364
-286
-287
-242
-139
5
112
157
174
203
243
295
333
329
286
197
214
254
292
280
226
189
163
186
214
224
221
190
164
148
136
106
67
64
92
108
89
65
8
-2
-24
-24
-29
-50
-64
-66
-24
19
70
124
161
156
169
182
183
191
158
155
189
209
253
236
231
230
219
232
227
223
167
109
67
93
186
133
53
-60
-70
56
109
77
-59
-197
-267
-247
-180
-167
-183
-283
-362
-361
-343
-348
-394
-426
-447
-430
-393
-395
-392
-384
-344
-282
-246
-247
-303
-288
-240
-124
-31
-3
16
17
61
148
227
264
246
185
214
272
366
448
444
409
336
296
308
315
324
296
268
220
148
89
56
64
72
82
42
21
-2
-33
16
111
195
242
227
145
77
97
182
258
237
140
28
-31
-38
-27
-26
-86
-213
-328
-415
-420
-439
-500
-577
-676
-728
-758
-756
-744
-719
-704
-650
-608
-558
-525
-466
-341
-215
-103
-53
-29
20
78
173
287
372
385
373
354
395
466
509
519
486
456
427
421
426
380
326
247
180
139
102
87
60
54
49
9
-5
-7
12
41
74
116
134
103
103
144
195
224
210
168
138
148
155
213
249
270
268
251
239
221
177
122
68
14
-36
-89
-144
-193
-196
-204
-190
-165
-158
-120
-9
45
71
14
-15
64
124
138
70
13
-54
-106
-127
-151
-200
-323
-447
-469
-458
-431
-432
-445
-425
-406
-381
-357
-321
-267
-225
-159
-129
-119
-145
-141
-80
-12
55
71
49
39
82
158
260
322
332
308
264
256
278
302
296
234
146
84
51
16
10
18
15
-17
-48
-47
-34
10
47
86
103
110
89
61
48
51
61
54
80
93
124
93
38
-23
-19
79
156
177
136
97
47
29
27
20
-13
-108
-212
-297
-346
-399
-466
-497
-533
-544
-569
-597
-569
-535
-474
-403
-317
-242
-179
-113
1
148
265
339
377
361
361
385
414
448
427
372
302
251
229
214
200
174
155
156
174
205
200
197
185
144
124
98
72
45
5
-5
-34
-40
-33
-28
12
22
36
40
46
57
71
90
68
64
32
17
21
18
28
49
44
16
1
9
25
36
18
8
4
20
46
41
20
3
-3
7
8
-8
-29
-55
-95
-124
-157
-166
-172
-210
-243
-288
-319
-346
-362
-351
-347
-333
-319
-274
-225
-175
-130
-76
-33
15
75
114
163
184
170
164
125
123
118
78
40
-15
-51
-85
-111
-125
-106
-117
-119
-100
-36
39
91
131
153
194
222
250
292
313
312
296
261
230
223
205
170
129
66
34
36
48
55
43
29
27
24
9
-5
18
18
9
19
41
43
6
-41
-69
-37
8
34
10
-20
-38
-35
-18
-22
-28
-65
-115
-139
-139
-144
-181
-250
-285
-309
-339
-358
-403
-467
-495
-479
-420
-378
-342
-317
-295
-216
-122
-9
92
157
197
230
271
335
392
420
422
404
382
365
342
313
268
208
144
91
57
24
14
0
-41
-89
-143
-166
-176
-170
-173
-186
-184
-189
-196
-207
-184
-157
-120
-83
-57
-5
32
82
155
220
266
296
301
305
301
306
290
253
199
156
110
66
28
-31
-63
-93
-115
-129
-127
-74
5
43
35
15
31
90
146
198
204
181
146
103
95
93
78
4
-57
-105
-136
-147
-153
-174
-206
-190
-183
-174
-155
-165
-176
-156
-133
-102
-91
-98
-92
-96
-57
3
36
58
45
30
20
22
27
47
61
85
94
78
68
33
43
52
71
88
91
95
92
62
56
69
46
46
57
64
58
36
17
7
7
11
17
30
16
9
10
6
17
21
12
11
21
17
-5
-36
-60
-70
-73
-67
-64
-85
-113
-154
-142
-121
-123
-136
-172
-215
-245
-260
-253
-263
-284
-329
-350
-344
-338
-314
-281
-260
-238
-201
-162
-114
-64
-24
18
68
98
132
157
168
185
196
219
227
228
237
232
223
218
202
161
118
101
84
61
56
25
21
24
3
-14
-5
17
44
92
127
143
153
143
145
156
169
185
168
160
161
157
153
138
124
135
147
155
180
206
207
222
234
241
218
199
153
123
113
78
30
-29
-72
-113
-124
-143
-132
-136
-133
-123
-112
-81
-50
-33
-16
-7
-35
-44
-44
-57
-79
-107
-162
-211
-245
-264
-279
-284
-299
-306
-298
-274
-227
-180
-157
-135
-104
-92
-50
-50
-53
-63
-76
-90
-97
-101
-121
-140
-150
-147
-147
-136
-102
-74
-20
34
81
132
175
195
220
237
247
252
268
283
268
242
209
184
158
130
115
97
69
48
1
-3
-16
2
11
16
38
54
76
57
38
26
37
59
92
88
71
31
7
-9
2
20
19
29
20
9
-7
0
-9
-32
-64
-89
-125
-147
-189
-243
-289
-352
-367
-393
-406
-420
-426
-422
-383
-328
-282
-235
-171
-99
-9
78
143
189
219
237
244
248
228
209
185
173
133
93
65
26
13
10
15
-6
-11
8
16
33
32
60
53
70
86
93
93
74
73
68
74
77
91
106
129
132
148
153
141
153
137
154
159
157
121
85
43
15
-1
-16
-22
-55
-82
-76
-50
-26
2
3
8
32
73
92
119
149
160
166
158
151
135
111
100
102
80
54
17
-29
-68
-99
-128
-148
-162
-191
-203
-226
-219
-197
-200
-190
-188
-162
-133
-113
-98
-89
-86
-93
-99
-115
-127
-102
-87
-70
-47
-54
-59
-65
-37
-6
36
82
103
121
143
141
140
150
157
181
157
120
87
62
50
34
44
35
21
25
12
-6
-17
-22
-17
-41
-42
-24
-20
-35
-61
-84
-107
-108
-102
-119
-136
-135
-143
-134
-108
-83
-68
-61
-45
12
47
66
79
98
118
125
109
92
92
71
34
-4
-26
-61
-113
-166
-203
-236
-264
-284
-277
-275
-266
-255
-246
-216
-178
-143
-100
-58
-14
34
82
109
124
125
116
140
160
182
190
191
207
207
202
203
204
202
186
178
161
154
138
115
83
55
32
-7
-22
-42
-60
-60
-66
-66
-55
-52
-25
-15
11
32
67
114
154
183
207
228
248
252
233
221
209
208
196
174
138
100
82
71
80
73
86
80
50
58
53
45
42
29
6
-21
-38
-77
-112
-148
-188
-219
-239
-260
-274
-283
-281
-270
-277
-292
-284
-265
-240
-203
-202
-196
-184
-176
-159
-163
-147
-129
-111
-100
-98
-67
-71
-70
-63
-70
-50
-57
-53
-38
-36
-26
-20
13
33
65
74
76
90
92
115
131
140
142
143
138
120
122
117
103
102
98
95
97
82
69
51
38
23
14
1
-16
-34
-29
-37
-20
-9
0
14
34
57
79
100
94
104
108
128
148
163
170
165
178
176
173
159
149
136
120
94
69
43
7
-22
-64
-111
-153
-166
-192
-208
-211
-206
-211
-217
-213
-212
-196
-198
-184
-183
-166
-148
-138
-108
-95
-90
-81
-56
-36
-22
10
26
29
29
15
41
48
62
61
45
42
33
42
39
28
7
-16
-32
-29
-30
-16
-8
-2
6
19
33
58
63
81
110
127
135
135
127
116
111
113
113
102
67
55
54
46
58
58
52
35
43
30
32
43
47
56
42
46
35
21
12
-4
1
3
-6
3
-5
-13
-3
-17
-11
-6
-25
-45
-53
-61
-63
-72
-77
-79
-96
-95
-98
-93
-93
-89
-83
-55
-26
3
21
30
28
6
12
1
4
0
-11
-30
-51
-61
-66
-74
-87
-106
-102
-92
-66
-34
-23
-7
-12
-6
18
52
80
97
106
114
133
148
166
172
160
146
144
133
138
125
113
97
81
72
40
23
-6
-29
-39
-37
-37
-54
-54
-62
-58
-45
-23
-19
-22
-11
-9
-3
0
8
-8
-3
0
12
21
27
18
1
-24
-41
-48
-53
-51
-76
-96
-130
-153
-192
-216
-242
-242
-249
-247
-252
-255
-228
-236
-223
-233
-215
-214
-212
-187
-169
-143
-109
-90
-72
-48
-23
-2
11
34
40
56
49
60
77
87
83
90
82
81
100
106
121
137
142
164
171
171
182
194
188
183
188
198
210
205
199
189
191
185
198
191
190
181
178
169
157
160
157
151
129
113
112
110
106
106
107
116
102
113
128
118
126
133
121
121
93
68
52
40
35
32
14
-21
-49
-81
-110
-139
-149
-167
-181
-198
-213
-242
-254
-251
-254
-244
-236
-223
-215
-205
-194
-186
-181
-182
-192
-184
-203
-199
-196
-197
-185
-180
-166
-154
-148
-131
-104
-98
-81
-72
-68
-46
-37
-29
-6
14
39
44
57
62
82
104
114
133
141
145
147
140
131
123
111
110
93
68
50
35
13
-4
-23
-37
-54
-56
-67
-71
-59
-56
-26
3
26
50
66
79
90
92
95
105
105
109
107
115
109
98
99
106
112
110
123
115
101
86
77
70
67
62
52
45
19
-4
-26
-35
-73
-97
-106
-125
-132
-141
-133
-143
-135
-136
-135
-126
-138
-125
-106
-90
-75
-63
-38
-14
-10
1
-4
-6
6
16
20
14
17
14
24
24
43
55
67
70
67
75
63
71
68
91
95
103
115
109
99
74
64
54
47
44
36
23
24
28
28
23
25
26
35
41
44
42
44
35
30
38
39
46
39
32
19
20
15
-4
-24
-33
-46
-44
-48
-70
-77
-100
-113
-130
-128
-138
-143
-145
-158
-140
-137
-131
-140
-139
-132
-138
-129
-123
-101
-88
-77
-69
-63
-43
-25
-15
-13
-7
-17
-7
-3
10
29
26
38
33
36
40
49
51
57
62
65
71
68
88
103
120
139
152
160
167
173
188
191
195
198
194
177
142
135
116
88
81
53
41
21
-8
-16
-25
-31
-36
-47
-40
-59
-64
-69
-88
-82
-95
-72
-63
-61
-59
-65
-65
-69
-71
-71
-78
-92
-101
-99
-102
-111
-106
-103
-105
-86
-61
-42
-36
-42
-34
-42
-37
-42
-43
-48
-52
-55
-66
-86
-91
-95
-105
-104
-108
-105
-104
-114
-110
-99
-83
-64
-50
-48
-42
-28
-28
-17
-1
-1
3
16
25
31
48
59
63
69
85
104
117
142
153
168
176
183
188
180
163
159
142
132
127
103
83
63
60
42
38
39
45
41
43
41
43
44
43
56
50
53
51
48
53
53
71
79
86
81
77
82
88
80
69
76
62
62
54
54
42
32
15
5
-8
-30
-45
-52
-50
-60
-75
-86
-93
-104
-112
-112
-110
-117
-102
-98
-97
-95
-98
-89
-85
-82
-84
-92
-100
-100
-83
-91
-88
-84
-85
-93
-87
-84
-83
-75
-80
-67
-66
-55
-49
-32
-16
-15
-17
3
11
18
34
42
64
60
68
72
79
69
71
72
69
78
56
55
46
39
42
28
25
23
13
15
11
0
-8
-13
-18
-31
-28
-38
-30
-26
-33
-24
-15
-18
-31
-31
-23
-18
-7
-8
-12
-16
-21
-17
-17
-12
6
14
13
31
33
34
32
34
28
12
10
-1
-13
-29
-44
-54
-78
-76
-72
-70
-57
-54
-51
-46
-29
-21
-13
-4
-3
-8
-2
7
1
-5
-1
17
30
37
47
57
69
74
83
76
83
88
84
76
56
50
42
26
8
1
-7
-26
-30
-34
-43
-43
-42
-23
-16
-8
6
20
25
32
44
45
62
66
65
66
63
65
65
66
55
54
48
42
31
26
21
19
20
9
4
0
-12
-21
-26
-22
-29
-43
-49
-59
-54
-61
-65
-71
-71
-63
-62
-58
-52
-36
-31
-27
-26
-23
-8
9
11
8
15
18
18
8
5
13
14
17
9
1
1
-13
-2
-7
-3
-20
-11
-4
-3
1
4
9
9
18
18
45
40
43
55
55
72
62
64
60
52
51
54
64
65
74
62
63
56
46
46
34
22
6
4
1
-6
-18
-30
-46
-53
-63
-59
-55
-61
-61
-80
-79
-80
-89
-96
-94
-102
-102
-117
-113
-105
-107
-105
-107
-97
-104
-95
-87
-85
-87
-78
-76
-70
-63
-53
-52
-55
-37
-31
-14
-8
11
27
36
41
36
48
52
52
47
48
43
36
38
31
26
21
25
22
24
33
28
40
29
33
31
27
40
24
22
14
13
10
22
36
46
48
51
63
57
61
79
70
74
77
82
90
90
96
93
98
79
82
69
60
47
41
52
44
48
36
33
41
31
35
32
31
20
7
-8
-6
-5
-9
-14
-21
-15
-27
-34
-34
-34
-29
-31
-35
-27
-29
-24
-18
-19
-19
-20
-21
-18
-26
-31
-28
-31
-22
-17
-25
-26
-40
-45
-47
-49
-60
-59
-59
-64
-63
-62
-52
-48
-45
-43
-42
-37
-26
-26
-25
-17
-18
-11
-7
-13
-12
-23
-11
-5
-5
1
3
5
5
9
4
15
11
13
8
2
0
-10
-9
-19
-16
-22
-24
-32
-35
-27
-32
-29
-33
-30
-26
-21
-14
-9
-11
-12
-14
-6
-4
-1
0
2
-2
0
5
-1
3
1
1
0
-4
1
6
9
14
15
11
26
22
25
32
29
33
35
30
37
42
47
54
56
61
62
62
54
47
39
36
25
17
16
8
8
0
-5
1
13
14
11
25
35
39
36
46
47
45
46
42
36
37
34
27
16
6
2
-3
-10
-2
-1
-4
-3
-9
-9
-13
-16
-19
-24
-35
-31
-34
-29
-34
-48
-50
-55
-48
-57
-47
-52
-51
-48
-49
-42
-34
-33
-32
-25
-30
-28
-32
-35
-32
-25
-28
-32
-36
-34
-36
-31
-40
-39
-37
-38
-33
-27
-22
-22
-25
-14
-3
-3
0
-2
9
8
11
11
19
22
19
20
25
26
34
29
38
42
51
69
69
74
82
88
86
93
85
76
77
73
67
67
48
34
42
41
46
33
24
35
32
35
40
40
42
36
29
22
22
20
5
3
0
1
-4
-9
1
-7
-12
-8
-5
-4
8
10
0
-9
-12
-21
-24
-32
-35
-38
-49
-53
-68
-75
-74
-72
-78
-86
-84
-84
-86
-95
-88
-85
-83
-78
-79
-81
-83
-80
-82
-83
-73
-62
-57
-54
-46
-46
-41
-42
-37
-30
-30
-30
-20
-14
-12
-8
-2
8
18
29
23
33
32
40
41
38
35
44
42
34
43
46
50
52
65
61
67
65
73
77
76
69
61
62
57
55
47
45
38
34
31
19
19
13
12
15
19
13
16
19
26
29
29
34
38
40
38
33
36
31
9
7
8
4
-10
-15
-20
-15
-22
-23
-18
-21
-20
-23
-21
-12
-20
-17
-22
-21
-12
-8
-1
-15
-10
-1
1
3
7
1
2
-4
-6
-6
-9
-21
-29
-33
-32
-30
-33
-34
-38
-42
-39
-32
-35
-32
-16
-16
-13
-22
-19
-13
-23
-13
-10
-4
-2
-1
-5
-7
-7
-8
-3
2
-9
-15
-15
-8
-6
-12
-13
-19
-9
-5
-6
0
1
7
8
15
9
9
7
12
21
14
27
29
35
27
20
26
24
17
15
10
7
9
12
11
2
-2
-7
-7
-9
-9
-9
-6
-17
-7
-7
-9
-2
-2
6
-2
3
-4
0
-2
-6
-4
-9
0
-8
-9
-15
-16
-18
-17
-23
-24
-25
-19
-25
-19
-8
-11
-2
3
-1
4
8
5
16
22
29
40
38
51
52
54
64
65
80
65
72
82
69
66
58
54
49
50
39
32
26
22
11
8
7
-5
-2
-6
-4
-18
-18
-14
-13
-16
-30
-20
-21
-26
-26
-22
-24
-14
-11
-7
-8
-10
-12
-5
-8
-15
-14
-17
-17
-23
-20
-31
-31
-48
-57
-63
-68
-69
-76
-79
-85
-80
-82
-84
-90
-87
-81
-68
-70
-66
-62
-53
-39
-35
-29
-23
-13
-10
-6
-1
3
6
11
19
25
36
35
37
42
57
64
73
69
74
83
80
82
87
100
105
104
94
82
71
67
58
50
43
38
33
32
28
18
19
9
2
-6
-1
1
-1
1
-8
-2
-5
-18
-19
-20
-23
-26
-25
-25
-27
-45
-52
-45
-49
-43
-49
-42
-44
-47
-38
-31
-31
-26
-19
-27
-17
-17
-8
-8
-9
-8
-12
-14
-14
-19
-29
-35
-29
-39
-37
-47
-45
-45
-49
-52
-57
-47
-39
-31
-23
-8
-3
-3
-2
-1
9
21
25
28
28
31
36
39
43
42
44
39
38
49
47
41
38
39
40
33
35
37
39
43
32
31
25
20
20
23
26
28
30
37
34
34
37
30
41
40
35
34
32
28
15
13
12
15
18
11
17
9
10
10
14
9
4
3
1
-7
-20
-22
-31
-35
-36
-43
-40
-38
-35
-31
-36
-32
-39
-40
-41
-38
-36
-43
-33
-28
-26
-34
-30
-24
-18
-23
-16
-18
-22
-16
-6
-2
-2
5
3
-9
-15
-8
-8
-11
-1
-4
2
9
4
-2
-10
-10
-3
-10
-9
-13
-15
-11
-17
-22
-23
-29
-29
-33
-37
-31
-31
-25
-25
-13
-15
-8
-6
-1
13
17
23
25
34
28
35
32
28
31
28
26
18
17
11
13
8
6
-5
-5
1
4
3
9
12
12
5
13
19
20
20
16
17
6
6
8
7
8
18
25
16
15
13
10
13
14
18
32
30
36
34
33
37
36
41
38
37
36
34
27
28
16
16
18
12
20
17
10
5
2
1
-3
-7
-9
-9
1
0
0
-6
-7
-8
-15
-15
-23
-23
-25
-18
-16
-14
-5
-8
-14
-16
-12
-10
-9
-11
-12
-17
-19
-28
-33
-28
-39
-29
-45
-46
-48
-62
-57
-60
-64
-59
-61
-65
-62
-61
-56
-60
-56
-57
-52
-46
-43
-36
-42
-35
-26
-26
-24
-25
-19
-13
-6
1
0
0
8
9
18
16
16
20
19
25
25
27
26
32
33
26
40
40
39
46
48
54
48
52
52
51
58
61
67
68
66
56
65
57
51
53
46
48
44
48
40
35
26
21
17
12
20
19
22
21
27
37
31
30
27
36
33
30
24
12
5
7
0
-7
-7
-8
-16
-19
-20
-33
-32
-41
-40
-51
-49
-59
-58
-61
-64
-59
-72
-64
-61
-58
-51
-46
-42
-38
-28
-21
-16
-17
-8
-8
-6
0
5
7
6
11
8
3
-3
-3
-9
-8
-14
-12
-12
-16
-16
-22
-28
-28
-17
-13
-12
-7
-9
-2
-2
-4
0
-1
3
-4
-4
-9
-8
-10
-19
-14
-19
-22
-23
-32
-26
-31
-30
-27
-19
-23
-20
-17
-9
-12
-10
-2
5
6
5
14
9
16
11
12
19
20
25
24
34
31
37
35
31
27
30
32
32
39
37
47
45
49
58
55
55
48
58
54
51
55
44
47
42
40
44
39
37
35
32
38
37
33
37
32
38
37
29
31
17
13
13
12
12
3
6
-4
-3
4
-5
-2
-7
-7
-10
-17
-31
-28
-25
-29
-33
-39
-42
-43
-47
-47
-49
-49
-51
-58
-55
-61
-63
-65
-60
-61
-62
-62
-67
-58
-55
-63
-61
-57
-55
-47
-43
-44
-47
-47
-44
-42
-33
-30
-31
-26
-21
-21
-10
-10
-1
-5
-11
-10
-12
-6
-12
-8
-13
-6
-15
-7
1
1
10
15
18
21
29
31
28
41
43
38
55
49
51
46
47
47
48
49
49
51
49
42
50
48
51
43
41
46
39
45
35
39
42
39
38
45
45
46
44
50
43
43
41
30
21
18
17
13
8
-1
-2
-5
-9
-12
-9
-14
-12
-20
-15
-25
-32
-38
-37
-34
-38
-33
-43
-46
-43
-46
-43
-43
-33
-38
-35
-31
-29
-25
-26
-26
-25
-25
-28
-25
-35
-30
-37
-34
-38
-38
-36
-30
-30
-25
-19
-22
-11
-8
-5
-9
-4
4
7
8
10
13
9
11
14
10
3
6
8
8
4
10
10
15
13
14
24
18
22
22
16
17
12
11
5
-4
0
-13
-10
-12
-7
-5
-7
-1
1
11
6
6
5
7
15
13
14
9
10
6
5
8
8
12
10
12
10
8
12
10
10
9
14
14
10
11
4
8
9
7
14
19
14
13
5
11
11
4
9
10
1
7
15
13
12
10
3
1
11
8
11
12
14
16
14
18
18
16
16
15
12
12
14
9
13
7
6
4
0
-2
-7
-14
-12
-8
-18
-11
-16
-17
-15
-20
-24
-34
-26
-25
-19
-17
-22
-19
-11
-7
-10
-14
-16
-9
-5
-8
-5
-14
-13
-8
-14
-13
-16
-18
-20
-20
-16
-16
-14
-12
-14
-14
-9
-15
-16
-17
-17
-12
-16
-15
-21
-19
-18
-16
-20
-21
-17
-22
-19
-15
-20
-12
-7
-8
-11
-10
3
5
6
-2
-2
10
6
8
4
6
14
17
18
21
26
23
31
31
34
28
29
33
30
34
35
32
37
31
32
32
26
24
25
25
28
27
23
20
25
30
26
30
22
18
19
20
22
9
13
9
6
10
0
-8
-16
-15
-17
-19
-19
-19
-23
-24
-17
-21
-16
-32
-33
-32
-38
-37
-37
-29
-38
-40
-44
-35
-39
-43
-41
-48
-38
-44
-34
-46
-43
-34
-38
-33
-30
-19
-27
-18
-13
-8
-9
-1
3
-4
3
8
3
6
13
20
19
22
22
24
26
29
30
34
41
38
33
38
41
38
43
39
43
44
36
46
46
42
41
33
36
39
33
32
24
24
31
24
21
21
20
16
13
7
8
5
8
2
0
0
-10
-15
-11
-14
-21
-19
-19
-14
-19
-16
-19
-16
-6
-11
-6
-18
-17
-12
-20
-15
-21
-21
-27
-25
-29
-30
-25
-22
-20
-19
-13
-21
-22
-23
-20
-24
-21
-15
-15
-18
-22
-25
-23
-20
-23
-23
-20
-22
-21
-17
-23
-19
-17
-16
-19
-23
-14
-9
-6
-5
-4
-3
6
3
-1
3
-2
3
12
8
7
1
7
5
1
5
9
15
18
19
9
14
11
22
25
19
26
20
24
24
22
20
25
20
17
26
21
27
23
21
28
20
19
15
14
13
14
17
19
21
12
18
9
14
11
15
21
20
29
20
18
22
19
15
12
15
10
8
8
0
13
4
5
13
6
6
4
1
2
-1
0
-8
-7
-1
-8
-9
-12
-22
-20
-29
-32
-32
-35
-32
-40
-31
-35
-37
-34
-35
-28
-31
-30
-29
-29
-27
-30
-26
-25
-26
-21
-21
-14
-18
-13
-11
-16
-12
-9
-3
-9
-6
-11
-9
-10
-3
-1
-4
-9
-11
-11
-13
-12
-12
-8
-2
3
3
0
5
2
6
1
-1
-3
-4
-7
-3
4
-6
4
3
2
8
17
15
15
12
16
18
16
18
12
17
7
13
8
6
14
6
6
3
13
14
12
14
14
16
16
9
20
22
20
22
24
23
19
18
17
15
10
11
2
8
1
7
7
5
4
5
16
8
14
12
11
14
13
17
11
13
18
14
13
13
10
9
7
7
12
12
14
17
14
16
6
11
9
5
-3
-8
-3
-6
-11
-15
-7
-16
-16
-15
-20
-23
-23
-30
-25
-32
-30
-24
-24
-20
-21
-21
-19
-20
-25
-22
-21
-23
-32
-20
-20
-22
-23
-26
-22
-25
-22
-25
-23
-23
-28
-24
-33
-27
-28
-29
-27
-28
-21
-29
-30
-30
-28
-24
-24
-21
-19
-14
-9
-5
1
7
7
10
19
21
23
25
29
35
34
29
30
31
29
33
33
34
35
33
32
45
39
34
36
36
40
36
41
39
39
35
35
36
33
31
30
33
28
26
31
25
32
27
28
24
21
21
17
21
19
13
15
14
15
24
15
18
13
15
9
2
-3
2
8
-4
-3
-12
-20
-19
-22
-21
-23
-27
-20
-24
-22
-22
-28
-29
-33
-32
-39
-35
-39
-40
-37
-41
-39
-45
-44
-41
-43
-49
-42
-50
-48
-45
-45
-38
-40
-36
-27
-32
-27
-22
-25
-26
-26
-25
-31
-25
-25
-23
-24
-25
-24
-22
-21
-19
-13
-13
-10
-11
-5
0
-4
6
3
2
6
12
13
14
16
15
20
15
18
20
24
25
21
19
27
26
25
29
31
35
34
34
31
33
34
33
33
32
34
30
26
27
25
26
26
27
29
26
21
25
23
27
26
25
25
22
23
23
22
19
23
22
18
18
14
15
16
15
13
17
18
13
5
11
11
11
5
7
4
1
3
-4
-10
-12
-9
-10
-15
-11
-18
-13
-12
-22
-26
-25
-24
-29
-31
-36
-30
-32
-33
-34
-47
-42
-46
-39
-36
-44
-37
-35
-36
-33
-31
-28
-19
-25
-16
-21
-25
-24
-23
-22
-16
-14
-14
-4
-7
-2
-1
2
5
5
2
7
14
22
26
29
30
33
30
31
34
30
28
34
31
30
31
25
27
17
16
20
21
10
7
11
10
4
6
-1
0
-5
-10
-7
-8
-15
-13
-5
-5
-5
-12
-3
-4
-4
-6
-11
-4
-7
-8
-6
-14
-9
-12
-16
-17
-13
-10
-13
-12
-10
-3
-2
3
7
8
15
7
6
7
7
3
2
-2
-1
-4
-4
-4
-2
1
5
4
4
9
5
10
9
1
9
7
9
6
2
5
-4
1
-1
-6
-1
-1
-4
0
1
5
4
4
1
6
7
8
12
12
8
10
1
7
12
10
15
2
8
9
9
2
-1
0
-3
6
2
0
7
2
1
4
-1
-2
-6
0
-8
-3
-3
-1
-7
-7
-6
-5
-5
-9
-3
-5
-6
-3
-2
2
1
2
2
-5
-1
-2
-3
-9
-12
-14
-14
-10
-3
-9
-8
-7
-8
2
-8
-4
-7
-5
-4
-8
-1
-7
-5
0
-2
0
-2
-7
-5
-6
-9
-4
-5
-4
-1
-7
-3
-4
-6
-12
-7
-8
-9
-10
-15
-5
-13
-7
-2
2
0
3
3
4
5
-4
0
-4
2
1
3
3
