SAMPLES:	8157
BITSPERSAMPLE:	16
CHANNELS:	1
SAMPLERATE:	16000
NORMALIZED:	FALSE
-7
-2
-6
-11
-2
-9
-10
-8
4
20
17
3
3
-9
-15
-6
2
15
9
8
17
24
21
16
-7
-6
1
5
14
4
18
12
14
5
1
4
-11
2
-1
6
1
-6
-3
1
-4
-5
0
-7
-3
-1
5
15
3
3
7
5
-4
-13
-7
-4
-6
-1
-5
-3
-2
2
6
-7
-11
-10
-10
-3
-1
-6
-5
0
9
-1
6
-7
-9
-6
-12
-10
-19
-12
-24
-22
-10
-5
4
8
11
13
14
15
15
14
19
18
28
19
7
5
3
3
-6
-12
-7
5
4
13
7
10
7
4
9
10
2
15
13
16
15
21
21
11
21
20
23
15
5
2
2
-6
-10
-16
-14
-12
-8
-1
-9
-9
-7
-6
-1
-3
1
3
2
-1
-2
-6
-2
-6
-11
-6
-13
-8
-12
-15
-16
-15
-13
-6
-1
-6
-10
-6
-3
-2
0
-8
-1
-5
3
14
13
9
9
10
21
10
-5
-13
-15
-24
-20
-14
-23
-33
-30
-25
-15
-13
-8
-4
0
-1
6
13
16
10
9
20
25
20
13
10
9
11
9
10
4
1
-5
-5
2
3
-6
-3
6
6
12
16
19
18
25
27
22
19
22
26
23
24
22
15
14
16
14
9
11
17
13
16
17
12
15
13
10
2
8
13
17
26
20
14
12
13
10
5
0
-8
-11
-11
-14
-20
-23
-23
-22
-20
-18
-13
-11
-11
-14
-14
-6
-12
-17
-19
-19
-15
-19
-27
-34
-36
-30
-35
-34
-33
-39
-36
-41
-31
-26
-24
-26
-33
-28
-31
-38
-36
-40
-34
-29
-20
-16
-26
-27
-21
-17
-14
-7
2
5
2
8
5
15
22
21
17
16
24
20
23
29
22
22
20
20
22
25
43
52
76
111
128
146
160
178
191
199
191
176
167
147
106
69
33
4
-34
-72
-100
-130
-144
-157
-171
-182
-177
-176
-179
-176
-175
-171
-165
-155
-152
-151
-132
-117
-106
-89
-62
-38
-12
16
51
95
118
136
146
157
169
163
147
133
117
93
48
4
-40
-82
-122
-174
-203
-236
-249
-259
-257
-231
-206
-184
-145
-113
-79
-50
-14
21
32
46
57
73
83
84
78
80
77
68
76
72
76
64
54
53
44
38
24
24
16
24
10
7
19
22
43
45
63
101
138
187
261
366
481
596
696
790
867
939
981
964
932
862
760
620
431
239
47
-150
-351
-550
-726
-862
-947
-1015
-1058
-1063
-1029
-997
-961
-904
-842
-760
-681
-615
-546
-466
-378
-284
-195
-91
10
112
215
306
397
482
530
544
546
510
450
359
244
121
-20
-158
-267
-369
-436
-489
-515
-492
-454
-390
-326
-232
-127
-12
90
199
298
398
483
539
584
611
620
605
563
517
448
369
256
142
21
-98
-222
-345
-455
-544
-606
-654
-681
-685
-647
-593
-516
-435
-339
-237
-121
-1
110
196
286
370
454
513
564
620
654
678
682
662
641
604
552
486
409
341
282
216
168
144
127
129
186
321
500
676
812
922
1048
1167
1215
1151
1039
902
723
423
78
-263
-568
-858
-1196
-1490
-1709
-1832
-1909
-1945
-1942
-1869
-1737
-1598
-1471
-1335
-1189
-1002
-852
-717
-576
-430
-245
-78
93
284
484
665
832
965
1090
1172
1204
1137
1008
861
652
441
189
-92
-344
-586
-754
-887
-970
-987
-953
-858
-713
-555
-369
-161
55
263
435
582
723
864
964
1044
1107
1142
1136
1100
1045
961
859
706
512
302
67
-158
-396
-632
-851
-1024
-1143
-1226
-1256
-1229
-1138
-1012
-854
-688
-494
-281
-55
145
342
500
652
786
895
992
1051
1094
1106
1096
1059
995
928
850
738
598
443
290
162
33
-75
-184
-220
-152
-12
169
326
461
603
771
894
926
866
776
660
460
154
-188
-500
-768
-1027
-1318
-1574
-1724
-1802
-1824
-1794
-1724
-1609
-1475
-1330
-1192
-1053
-885
-713
-572
-451
-323
-176
3
174
359
567
760
935
1075
1200
1288
1334
1306
1202
1021
793
539
278
16
-242
-529
-775
-945
-1061
-1116
-1111
-1030
-904
-774
-632
-439
-218
9
215
387
527
650
741
821
864
866
846
793
715
616
503
389
271
133
-39
-204
-356
-494
-605
-720
-812
-865
-898
-882
-836
-720
-573
-401
-216
-33
184
399
597
766
892
1009
1091
1139
1137
1097
1065
1003
901
778
635
499
369
206
40
-106
-214
-292
-348
-380
-369
-287
-92
146
342
480
632
813
964
997
924
815
715
532
213
-127
-416
-655
-916
-1224
-1466
-1605
-1652
-1667
-1654
-1589
-1467
-1320
-1208
-1108
-988
-835
-657
-517
-373
-219
-38
163
341
524
721
940
1110
1236
1319
1362
1346
1265
1103
876
618
310
-4
-293
-574
-833
-1060
-1211
-1277
-1293
-1248
-1124
-946
-748
-571
-380
-125
116
325
481
606
735
828
885
911
931
919
879
799
691
583
451
297
108
-93
-304
-477
-653
-831
-967
-1063
-1106
-1108
-1082
-981
-846
-655
-435
-223
32
264
484
672
847
995
1102
1180
1192
1198
1155
1076
978
833
698
551
396
250
94
-47
-183
-285
-353
-391
-396
-380
-273
-62
198
437
601
757
935
1077
1115
1018
898
756
557
247
-137
-473
-764
-1007
-1305
-1563
-1713
-1768
-1764
-1764
-1707
-1581
-1412
-1268
-1137
-982
-800
-617
-451
-287
-120
76
282
502
706
919
1132
1302
1443
1532
1587
1549
1431
1255
1015
721
382
58
-259
-552
-831
-1084
-1249
-1313
-1323
-1274
-1164
-985
-745
-505
-287
-42
207
415
591
710
849
959
999
1011
960
918
829
714
549
382
224
40
-153
-384
-591
-753
-920
-1061
-1164
-1225
-1240
-1212
-1119
-1000
-825
-617
-361
-127
137
402
624
837
998
1126
1223
1289
1304
1268
1217
1129
1024
898
734
561
387
223
59
-129
-292
-410
-493
-524
-544
-522
-414
-185
103
391
601
769
982
1156
1217
1156
1000
855
661
345
-45
-436
-746
-1016
-1326
-1624
-1804
-1883
-1861
-1840
-1794
-1659
-1467
-1282
-1117
-957
-754
-534
-334
-167
6
217
434
654
865
1063
1275
1453
1565
1627
1639
1611
1497
1284
1013
706
335
-46
-392
-693
-961
-1207
-1389
-1454
-1460
-1401
-1290
-1100
-853
-626
-389
-135
141
402
603
752
885
1002
1094
1132
1134
1073
993
871
697
497
260
17
-229
-507
-788
-1037
-1229
-1395
-1502
-1549
-1523
-1440
-1311
-1112
-881
-609
-305
11
298
559
810
1016
1178
1304
1364
1372
1357
1309
1231
1122
986
845
688
513
322
158
-22
-191
-362
-494
-579
-630
-652
-627
-560
-388
-100
214
541
762
971
1204
1405
1499
1426
1281
1116
891
526
65
-350
-682
-1001
-1352
-1682
-1875
-1980
-2011
-1994
-1931
-1783
-1605
-1423
-1244
-1036
-804
-544
-316
-103
124
363
586
818
1041
1252
1441
1590
1680
1695
1665
1567
1400
1143
821
477
98
-266
-603
-915
-1177
-1413
-1558
-1596
-1586
-1510
-1368
-1171
-920
-692
-464
-192
87
343
561
763
962
1146
1268
1322
1360
1356
1300
1136
913
686
424
109
-245
-591
-910
-1189
-1430
-1614
-1716
-1717
-1644
-1497
-1301
-1040
-744
-405
-55
272
560
839
1075
1248
1362
1422
1458
1440
1404
1330
1227
1127
989
839
686
509
324
134
-38
-219
-414
-568
-674
-719
-763
-777
-686
-479
-168
168
472
718
975
1236
1425
1470
1361
1206
1029
753
334
-119
-518
-866
-1185
-1544
-1850
-2004
-2047
-2036
-1996
-1891
-1712
-1518
-1343
-1134
-924
-684
-430
-203
-9
185
417
662
905
1130
1336
1531
1670
1739
1745
1690
1583
1397
1107
759
392
3
-352
-682
-985
-1233
-1428
-1526
-1539
-1481
-1362
-1185
-936
-687
-456
-213
58
324
574
781
959
1128
1218
1297
1321
1320
1260
1114
912
696
449
152
-174
-504
-807
-1119
-1383
-1599
-1702
-1735
-1731
-1619
-1442
-1222
-944
-633
-298
32
333
616
846
1034
1203
1293
1335
1312
1269
1190
1110
997
859
726
584
448
302
140
-14
-160
-317
-463
-596
-646
-682
-697
-642
-529
-313
-11
347
687
946
1194
1445
1652
1716
1641
1469
1270
988
559
55
-394
-771
-1135
-1531
-1896
-2098
-2171
-2162
-2146
-2051
-1864
-1627
-1404
-1185
-936
-659
-373
-121
122
346
583
804
1041
1256
1431
1566
1648
1696
1661
1575
1445
1244
950
603
231
-156
-519
-864
-1171
-1401
-1602
-1692
-1689
-1609
-1461
-1257
-991
-696
-424
-140
151
435
691
863
998
1114
1216
1265
1279
1244
1169
1071
877
666
453
206
-68
-371
-687
-987
-1234
-1464
-1627
-1708
-1710
-1625
-1481
-1259
-966
-618
-247
119
451
750
1012
1232
1367
1425
1433
1377
1288
1158
1012
860
682
498
322
169
32
-90
-232
-367
-475
-564
-652
-752
-777
-746
-696
-617
-492
-290
54
420
811
1148
1417
1689
1890
2006
1984
1822
1599
1309
889
357
-191
-680
-1118
-1549
-1972
-2272
-2425
-2444
-2384
-2276
-2082
-1813
-1507
-1203
-892
-565
-238
89
354
579
797
1010
1209
1373
1505
1587
1642
1642
1583
1485
1342
1130
839
481
111
-271
-644
-965
-1276
-1520
-1711
-1831
-1847
-1776
-1618
-1388
-1114
-778
-439
-94
232
568
876
1102
1287
1398
1479
1526
1509
1432
1311
1140
918
645
379
98
-194
-517
-832
-1116
-1356
-1547
-1674
-1737
-1701
-1605
-1439
-1201
-920
-577
-219
152
499
781
1018
1215
1356
1410
1418
1371
1262
1122
972
806
645
466
277
120
-34
-163
-290
-423
-534
-639
-722
-799
-823
-819
-780
-670
-552
-361
-88
255
666
1045
1370
1621
1860
2049
2109
2002
1768
1492
1139
635
47
-493
-956
-1360
-1791
-2171
-2395
-2454
-2424
-2333
-2184
-1930
-1606
-1289
-964
-658
-334
14
296
533
738
927
1122
1294
1437
1541
1634
1669
1654
1585
1468
1297
1043
709
313
-90
-504
-895
-1246
-1541
-1775
-1962
-2029
-1983
-1839
-1618
-1329
-967
-587
-196
164
529
866
1149
1349
1451
1541
1597
1578
1490
1359
1201
977
705
400
114
-159
-452
-762
-1052
-1279
-1474
-1615
-1691
-1695
-1606
-1453
-1259
-1001
-694
-346
3
318
605
865
1068
1236
1348
1388
1371
1288
1176
1047
889
725
557
384
197
38
-98
-239
-386
-532
-647
-750
-832
-898
-938
-915
-845
-724
-570
-381
-79
297
728
1154
1493
1773
2021
2201
2256
2143
1905
1597
1186
696
104
-469
-992
-1424
-1821
-2185
-2430
-2537
-2502
-2394
-2205
-1962
-1653
-1321
-994
-676
-370
-71
210
477
668
854
1050
1225
1415
1558
1665
1739
1762
1720
1621
1446
1199
852
456
41
-388
-817
-1210
-1542
-1823
-2010
-2091
-2028
-1866
-1619
-1333
-998
-599
-184
207
563
887
1166
1338
1440
1505
1519
1500
1432
1320
1163
964
737
504
237
-40
-334
-639
-911
-1161
-1374
-1553
-1639
-1659
-1628
-1526
-1365
-1118
-831
-515
-179
137
434
717
954
1137
1256
1333
1350
1292
1192
1055
915
754
573
375
202
34
-128
-272
-425
-538
-665
-744
-821
-861
-866
-859
-791
-681
-536
-369
-152
138
532
969
1359
1663
1886
2072
2207
2210
2069
1805
1457
1069
578
5
-549
-1040
-1422
-1795
-2131
-2347
-2405
-2338
-2223
-2040
-1801
-1494
-1185
-873
-577
-270
32
293
515
716
935
1115
1304
1458
1586
1693
1737
1708
1618
1464
1236
932
534
104
-361
-804
-1202
-1568
-1839
-2025
-2141
-2140
-2044
-1840
-1543
-1210
-832
-441
-53
309
622
921
1162
1340
1454
1511
1550
1533
1478
1395
1262
1079
840
579
320
31
-261
-578
-870
-1140
-1386
-1562
-1671
-1694
-1658
-1560
-1389
-1163
-875
-537
-188
146
466
766
986
1183
1317
1393
1393
1303
1174
1028
879
696
493
299
130
-68
-248
-398
-519
-616
-712
-787
-828
-844
-833
-790
-727
-618
-486
-326
-109
146
472
873
1280
1623
1857
2049
2200
2300
2238
2000
1678
1306
857
325
-272
-804
-1257
-1636
-2006
-2318
-2470
-2495
-2391
-2249
-2029
-1753
-1424
-1075
-781
-469
-130
182
469
719
932
1138
1327
1500
1615
1696
1726
1670
1557
1381
1148
836
465
61
-352
-753
-1156
-1509
-1790
-1965
-2085
-2111
-2039
-1886
-1631
-1343
-1000
-643
-275
77
412
728
993
1220
1386
1485
1570
1614
1605
1555
1442
1306
1134
896
628
320
-29
-359
-711
-1018
-1339
-1600
-1780
-1882
-1895
-1836
-1688
-1441
-1109
-755
-376
16
415
783
1068
1287
1468
1562
1597
1528
1406
1254
1066
855
630
420
209
28
-147
-298
-422
-535
-614
-666
-708
-745
-777
-785
-762
-716
-628
-520
-349
-151
83
408
803
1230
1615
1893
2117
2282
2398
2369
2162
1841
1451
998
423
-220
-800
-1304
-1728
-2131
-2489
-2646
-2663
-2578
-2416
-2173
-1870
-1479
-1101
-751
-371
-24
312
615
837
1033
1218
1378
1501
1598
1636
1625
1561
1433
1261
1030
760
437
83
-319
-711
-1088
-1434
-1685
-1878
-2028
-2104
-2088
-1959
-1748
-1476
-1158
-793
-402
-33
327
661
1017
1322
1522
1649
1728
1804
1805
1725
1584
1404
1157
853
508
134
-225
-609
-981
-1337
-1655
-1872
-2003
-2035
-1973
-1839
-1620
-1308
-941
-531
-110
309
696
1038
1290
1458
1582
1642
1638
1564
1418
1244
1052
844
648
433
216
2
-200
-353
-496
-616
-719
-796
-860
-919
-946
-940
-907
-849
-736
-556
-330
-73
222
566
994
1463
1879
2168
2368
2526
2621
2565
2311
1936
1519
1016
416
-251
-896
-1435
-1871
-2290
-2648
-2847
-2866
-2753
-2564
-2303
-1991
-1584
-1190
-813
-426
-62
294
608
855
1076
1257
1410
1537
1634
1684
1690
1614
1475
1314
1073
776
431
41
-368
-772
-1178
-1529
-1796
-2000
-2150
-2249
-2230
-2084
-1872
-1581
-1238
-856
-434
-22
353
733
1090
1388
1622
1778
1896
1966
1974
1896
1750
1562
1283
934
553
146
-254
-663
-1061
-1439
-1761
-1995
-2128
-2173
-2119
-1959
-1696
-1374
-993
-552
-135
290
679
1015
1269
1461
1600
1669
1662
1584
1455
1269
1066
837
623
398
186
-24
-247
-401
-551
-685
-803
-887
-957
-990
-1011
-989
-917
-817
-690
-532
-302
-31
265
582
961
1410
1847
2194
2447
2605
2712
2722
2590
2298
1864
1382
851
213
-485
-1118
-1655
-2106
-2500
-2831
-2993
-2978
-2827
-2593
-2298
-1925
-1501
-1045
-605
-185
199
566
888
1130
1309
1452
1562
1642
1671
1644
1582
1470
1313
1119
862
564
238
-115
-485
-881
-1248
-1576
-1827
-2033
-2214
-2302
-2278
-2152
-1947
-1674
-1334
-935
-491
-50
374
793
1195
1560
1825
1996
2099
2157
2123
1992
1775
1524
1193
814
378
-74
-487
-883
-1253
-1590
-1852
-2025
-2097
-2055
-1935
-1732
-1469
-1145
-780
-407
-32
310
636
895
1093
1240
1354
1440
1449
1409
1290
1143
991
812
650
454
255
64
-144
-332
-507
-662
-796
-915
-990
-1023
-1019
-987
-892
-767
-605
-401
-159
118
405
705
1061
1484
1886
2249
2469
2619
2745
2761
2645
2354
1943
1469
946
331
-341
-993
-1584
-2053
-2456
-2795
-2978
-2989
-2867
-2642
-2345
-1980
-1525
-1058
-610
-203
178
522
831
1072
1230
1345
1429
1500
1530
1498
1437
1376
1270
1114
898
638
351
8
-373
-770
-1178
-1530
-1864
-2171
-2384
-2518
-2546
-2471
-2272
-1994
-1647
-1222
-756
-252
236
694
1121
1491
1797
2016
2161
2243
2236
2137
1954
1718
1433
1094
691
294
-117
-516
-917
-1287
-1555
-1766
-1906
-1979
-1949
-1854
-1677
-1436
-1138
-805
-470
-125
190
499
765
1002
1188
1319
1395
1433
1438
1394
1294
1161
993
803
612
400
174
-60
-272
-487
-679
-868
-995
-1070
-1116
-1109
-1061
-971
-851
-670
-441
-187
102
407
719
1083
1505
1907
2248
2523
2679
2777
2783
2671
2410
1990
1490
945
321
-360
-1028
-1597
-2051
-2448
-2775
-2954
-2952
-2797
-2568
-2274
-1936
-1528
-1094
-699
-337
-14
301
584
785
943
1083
1207
1318
1421
1482
1507
1486
1401
1279
1113
869
550
166
-276
-734
-1205
-1634
-2034
-2350
-2568
-2714
-2735
-2616
-2374
-2026
-1588
-1116
-588
-40
481
942
1355
1714
1993
2194
2311
2359
2320
2217
2057
1837
1569
1244
870
454
72
-333
-750
-1149
-1531
-1813
-2045
-2196
-2253
-2232
-2112
-1886
-1584
-1235
-840
-443
-21
408
798
1122
1411
1641
1804
1882
1906
1870
1772
1619
1388
1130
838
547
227
-98
-435
-717
-985
-1225
-1368
-1463
-1479
-1476
-1419
-1302
-1111
-875
-635
-333
-17
345
726
1082
1475
1913
2351
2704
2927
3029
3068
3020
2837
2481
1962
1404
796
123
-609
-1297
-1881
-2332
-2728
-3037
-3191
-3185
-3026
-2772
-2456
-2098
-1669
-1232
-803
-417
-42
305
628
924
1152
1351
1534
1690
1790
1841
1823
1748
1616
1395
1105
706
266
-216
-735
-1275
-1805
-2242
-2605
-2859
-3005
-3014
-2913
-2665
-2290
-1841
-1338
-776
-193
356
891
1368
1774
2112
2345
2484
2570
2590
2522
2359
2141
1895
1580
1211
777
321
-126
-610
-1098
-1554
-1946
-2251
-2498
-2635
-2652
-2533
-2293
-1973
-1573
-1112
-606
-82
431
918
1353
1727
2012
2188
2299
2330
2264
2123
1917
1632
1285
892
477
99
-287
-664
-1022
-1345
-1598
-1775
-1879
-1909
-1884
-1752
-1568
-1341
-1073
-749
-367
13
413
812
1213
1610
1980
2354
2698
3004
3209
3251
3198
3052
2811
2438
1917
1277
629
-55
-753
-1436
-2062
-2537
-2907
-3177
-3363
-3398
-3251
-2969
-2620
-2234
-1801
-1311
-836
-357
78
470
852
1174
1447
1640
1790
1888
1930
1924
1806
1632
1389
1085
727
297
-164
-654
-1148
-1643
-2084
-2452
-2733
-2916
-2984
-2933
-2789
-2504
-2104
-1616
-1075
-535
6
558
1089
1529
1889
2169
2364
2464
2480
2433
2350
2228
2046
1782
1468
1131
772
384
-55
-497
-909
-1321
-1685
-1999
-2226
-2350
-2375
-2295
-2118
-1843
-1459
-981
-468
49
559
1040
1470
1839
2110
2286
2360
2306
2147
1932
1631
1296
919
483
55
-400
-793
-1115
-1402
-1631
-1814
-1908
-1914
-1850
-1688
-1498
-1246
-932
-586
-230
103
449
798
1119
1417
1688
1925
2138
2292
2442
2577
2670
2715
2624
2431
2181
1896
1524
1062
507
-94
-640
-1191
-1732
-2214
-2596
-2816
-2938
-2998
-2944
-2739
-2422
-2034
-1604
-1187
-740
-293
140
500
808
1075
1281
1435
1493
1493
1418
1336
1185
979
713
414
120
-200
-524
-891
-1244
-1567
-1852
-2088
-2263
-2373
-2364
-2270
-2116
-1877
-1599
-1211
-777
-353
73
463
855
1209
1497
1702
1856
1965
2007
1979
1874
1762
1616
1431
1216
1007
784
551
282
-9
-306
-606
-903
-1194
-1448
-1639
-1767
-1807
-1767
-1625
-1374
-1068
-682
-246
213
650
1041
1371
1630
1775
1827
1775
1620
1411
1113
813
486
166
-138
-418
-659
-847
-966
-1044
-1097
-1123
-1108
-1046
-954
-847
-736
-588
-406
-208
3
233
466
716
956
1176
1393
1601
1803
1952
2066
2155
2216
2251
2234
2123
1912
1647
1354
1026
632
179
-273
-702
-1135
-1551
-1930
-2229
-2420
-2507
-2548
-2527
-2399
-2169
-1854
-1534
-1209
-849
-480
-114
198
452
664
846
971
1025
1027
982
891
770
604
397
174
-61
-303
-568
-839
-1087
-1326
-1526
-1716
-1860
-1924
-1932
-1877
-1775
-1610
-1384
-1110
-785
-447
-90
249
587
906
1189
1431
1627
1762
1824
1829
1788
1699
1586
1450
1269
1078
870
655
450
213
-28
-273
-513
-735
-936
-1102
-1222
-1273
-1252
-1172
-1058
-854
-600
-307
-17
270
558
809
1017
1152
1220
1247
1221
1154
1031
850
667
471
282
81
-136
-338
-537
-712
-853
-960
-1004
-1029
-999
-936
-824
-655
-448
-226
-2
262
527
770
981
1171
1312
1447
1545
1612
1655
1673
1679
1691
1719
1741
1713
1580
1420
1235
987
672
282
-154
-578
-1006
-1464
-1893
-2254
-2496
-2617
-2671
-2634
-2484
-2229
-1894
-1513
-1096
-671
-284
64
356
590
762
858
914
879
797
706
569
456
324
178
16
-185
-376
-574
-783
-1009
-1238
-1444
-1627
-1790
-1879
-1915
-1852
-1711
-1527
-1289
-995
-618
-230
151
525
872
1168
1401
1573
1692
1777
1812
1776
1690
1603
1513
1399
1244
1083
909
713
511
301
71
-146
-373
-605
-813
-997
-1128
-1194
-1195
-1123
-1026
-853
-617
-365
-73
206
489
710
893
1018
1082
1102
1068
975
844
702
540
382
213
39
-113
-250
-398
-529
-639
-717
-748
-751
-735
-711
-630
-505
-356
-185
2
202
432
660
869
1042
1191
1330
1411
1477
1498
1482
1456
1408
1326
1224
1141
1079
1005
874
675
454
205
-50
-338
-676
-1007
-1312
-1574
-1804
-1998
-2102
-2072
-1985
-1856
-1695
-1461
-1165
-854
-567
-338
-134
44
147
213
232
207
183
126
59
-31
-109
-172
-218
-302
-407
-513
-624
-729
-853
-988
-1132
-1253
-1339
-1381
-1373
-1297
-1164
-972
-726
-441
-138
181
525
851
1128
1333
1478
1598
1661
1655
1606
1534
1411
1277
1135
1008
869
726
591
439
301
186
80
-37
-141
-248
-353
-442
-512
-573
-615
-610
-572
-523
-461
-347
-224
-65
96
231
383
504
604
678
711
714
690
617
502
381
239
109
-36
-200
-340
-462
-543
-587
-608
-600
-572
-482
-363
-230
-86
63
224
379
519
628
729
825
887
916
926
910
881
849
806
767
712
660
597
563
560
566
568
540
452
328
185
25
-151
-372
-590
-799
-984
-1145
-1267
-1343
-1349
-1317
-1273
-1222
-1144
-1033
-928
-824
-744
-700
-661
-623
-568
-521
-477
-428
-384
-340
-294
-268
-236
-210
-215
-236
-285
-341
-425
-501
-576
-637
-683
-699
-652
-575
-444
-296
-122
57
244
415
571
706
804
873
883
876
835
806
784
741
719
720
726
732
727
747
749
740
690
602
505
398
298
183
93
21
-26
-72
-107
-151
-161
-182
-186
-188
-223
-206
-207
-172
-149
-124
-75
-17
49
101
152
182
195
173
149
118
67
27
-20
-64
-72
-77
-68
-43
-19
4
47
109
138
172
179
187
201
198
181
169
179
175
203
182
195
207
209
229
255
280
328
375
415
458
526
631
718
819
894
914
882
785
668
488
252
-34
-337
-655
-970
-1271
-1511
-1683
-1796
-1846
-1869
-1840
-1747
-1610
-1464
-1310
-1170
-1036
-915
-800
-676
-543
-424
-291
-161
-47
92
221
336
439
492
530
524
480
411
290
162
25
-117
-256
-378
-464
-511
-525
-501
-462
-389
-294
-185
-51
78
224
352
504
647
774
922
1047
1177
1278
1343
1374
1376
1337
1267
1160
999
824
622
422
232
59
-94
-219
-317
-396
-460
-520
-575
-610
-622
-612
-565
-519
-448
-350
-229
-85
75
224
357
473
551
630
679
686
650
579
490
394
289
183
53
-68
-184
-317
-444
-565
-662
-747
-806
-845
-837
-799
-717
-600
-444
-294
-102
99
282
490
667
825
939
1027
1071
1066
1040
1012
960
885
800
714
642
567
481
376
247
66
-151
-395
-635
-878
-1108
-1330
-1512
-1641
-1729
-1746
-1707
-1590
-1424
-1229
-1026
-816
-599
-391
-205
-70
32
126
195
231
273
289
306
295
265
212
155
104
23
-78
-202
-323
-439
-554
-659
-718
-743
-709
-641
-543
-401
-233
-43
146
336
520
683
835
959
1065
1149
1178
1186
1173
1128
1085
1009
910
798
690
560
419
282
143
22
-77
-175
-227
-260
-275
-235
-201
-133
-45
59
156
245
313
370
403
412
409
388
377
339
317
279
242
201
130
47
-54
-176
-313
-453
-602
-738
-858
-944
-996
-1004
-974
-923
-817
-680
-541
-382
-233
-57
110
272
408
517
619
718
777
792
802
767
710
628
519
382
237
77
-91
-246
-400
-490
-557
-588
-561
-511
-440
-331
-199
-37
122
256
353
398
435
429
398
356
286
214
130
49
-38
-122
-167
-216
-291
-388
-508
-633
-758
-878
-1004
-1118
-1195
-1228
-1207
-1156
-1040
-913
-745
-564
-369
-150
30
222
388
531
638
690
743
755
759
753
730
679
599
527
432
338
223
113
-8
-117
-223
-309
-351
-370
-364
-343
-286
-200
-105
14
146
287
428
555
683
800
895
961
1012
1039
1039
1015
966
881
769
637
501
377
258
154
40
-78
-213
-353
-504
-644
-796
-923
-1005
-1072
-1091
-1072
-1004
-885
-722
-547
-383
-220
-68
81
192
270
320
358
391
394
414
422
429
414
363
276
153
6
-162
-331
-487
-638
-781
-893
-952
-953
-922
-834
-728
-588
-412
-229
-37
136
294
430
559
697
815
924
1012
1090
1158
1174
1209
1218
1237
1218
1148
1023
851
666
433
183
-75
-339
-574
-806
-1020
-1197
-1312
-1366
-1379
-1365
-1337
-1274
-1174
-1040
-898
-722
-535
-336
-144
25
192
355
498
602
661
672
644
578
500
389
272
138
2
-119
-246
-347
-443
-504
-575
-625
-649
-652
-627
-549
-463
-368
-229
-85
91
259
435
626
783
911
992
1018
1054
1042
1004
933
831
746
632
522
395
262
164
38
-78
-188
-285
-353
-403
-425
-412
-371
-304
-237
-186
-148
-109
-61
-50
-30
-13
16
64
92
125
171
205
216
186
134
38
-75
-206
-367
-524
-676
-787
-869
-893
-888
-836
-751
-677
-582
-502
-413
-336
-277
-218
-162
-79
23
123
230
341
430
520
584
619
644
647
625
585
540
503
475
473
495
541
593
639
670
678
680
679
660
650
641
588
515
445
371
295
221
144
73
-14
-111
-226
-348
-471
-584
-698
-821
-944
-1068
-1147
-1191
-1190
-1169
-1103
-1011
-889
-730
-562
-400
-225
-72
47
144
209
243
237
225
179
130
75
25
-30
-53
-78
-99
-115
-139
-147
-169
-179
-192
-181
-181
-170
-170
-154
-106
-53
11
43
117
211
317
432
538
648
749
850
916
960
967
932
884
795
680
540
402
251
104
-18
-130
-205
-252
-263
-255
-276
-315
-367
-415
-461
-523
-564
-587
-572
-567
-534
-475
-393
-307
-245
-181
-156
-143
-146
-149
-152
-160
-162
-170
-158
-139
-126
-107
-110
-113
-142
-166
-194
-220
-233
-221
-177
-117
-27
69
167
266
365
436
498
552
593
649
702
751
769
771
775
775
784
795
798
803
811
797
763
717
697
680
665
652
603
511
392
267
126
-17
-179
-340
-489
-608
-712
-810
-868
-903
-939
-979
-1018
-1059
-1092
-1122
-1149
-1146
-1129
-1089
-1022
-912
-794
-654
-507
-365
-239
-150
-74
-15
10
15
15
27
38
28
43
59
90
106
135
161
167
177
173
181
185
184
161
137
123
105
82
92
100
129
171
212
286
368
458
547
618
659
675
644
600
530
443
357
259
164
76
0
-49
-68
-95
-110
-116
-126
-127
-128
-132
-158
-206
-271
-341
-378
-395
-393
-387
-360
-335
-299
-259
-208
-154
-98
-50
-28
5
36
66
89
115
116
122
115
94
75
48
20
-3
-25
-48
-56
-23
42
117
189
288
386
472
553
612
649
671
672
652
638
622
620
616
601
588
562
548
513
475
456
416
373
312
236
175
121
88
48
4
-26
-91
-179
-284
-393
-497
-616
-708
-800
-882
-950
-1025
-1072
-1122
-1145
-1163
-1170
-1195
-1200
-1179
-1122
-1023
-907
-770
-634
-470
-312
-180
-63
32
119
172
182
192
187
198
225
247
258
261
253
240
210
178
140
108
66
23
3
7
21
56
102
125
159
185
204
219
266
314
345
396
451
521
579
636
702
743
751
734
698
607
511
392
281
171
58
-39
-97
-136
-179
-219
-261
-272
-272
-246
-219
-192
-173
-167
-165
-169
-160
-141
-107
-76
-45
-30
-21
-6
17
45
71
94
109
129
135
151
175
190
194
164
135
109
72
60
47
27
10
5
-5
-14
-6
-1
5
-12
-25
-30
-26
-7
0
8
22
44
70
85
94
106
126
156
171
174
183
207
237
276
305
304
304
299
294
270
254
229
178
103
-6
-143
-300
-453
-607
-747
-850
-936
-1010
-1058
-1076
-1074
-1047
-1009
-976
-937
-875
-799
-716
-605
-480
-348
-218
-91
20
128
236
346
415
442
461
461
434
414
396
374
339
306
255
194
135
79
23
-25
-56
-79
-87
-86
-49
6
69
137
198
266
336
409
484
542
602
651
673
697
685
663
622
563
501
409
310
214
129
47
-35
-101
-158
-189
-208
-213
-212
-196
-183
-157
-129
-72
-9
65
111
138
139
147
149
143
132
94
69
18
-14
-51
-84
-128
-170
-216
-269
-311
-372
-404
-412
-419
-420
-431
-415
-378
-326
-267
-222
-172
-112
-63
-16
48
107
171
227
263
308
333
349
351
299
288
241
171
98
21
-57
-120
-166
-215
-228
-223
-198
-158
-110
-50
15
92
169
244
319
360
407
444
480
487
471
428
362
261
121
-23
-182
-330
-481
-617
-743
-833
-914
-970
-1008
-1022
-996
-970
-902
-813
-699
-566
-424
-271
-104
61
225
364
481
586
657
708
709
687
654
610
554
468
381
295
191
84
-39
-155
-259
-346
-404
-430
-441
-413
-359
-284
-180
-75
29
147
263
377
475
562
649
732
777
818
819
799
770
707
633
519
403
282
162
30
-100
-210
-317
-405
-478
-533
-577
-602
-595
-551
-479
-419
-346
-285
-206
-124
-38
58
134
207
241
264
259
227
181
130
75
0
-64
-144
-208
-266
-316
-344
-375
-392
-402
-397
-391
-367
-334
-289
-223
-173
-111
-30
41
118
208
273
321
351
358
368
363
337
320
264
217
155
83
37
-38
-117
-188
-243
-289
-331
-352
-336
-305
-245
-178
-96
-15
69
170
245
333
429
509
581
627
682
704
716
698
645
566
460
317
138
-31
-209
-359
-504
-618
-712
-781
-799
-800
-776
-742
-703
-634
-542
-441
-336
-209
-88
42
169
279
380
442
502
547
574
568
540
507
447
384
306
216
104
-3
-106
-214
-312
-408
-483
-541
-590
-611
-615
-582
-520
-436
-357
-264
-169
-75
23
133
226
301
366
408
454
469
482
455
421
364
295
231
145
88
25
-30
-91
-142
-187
-237
-276
-309
-328
-328
-332
-322
-314
-270
-236
-177
-114
-53
37
108
197
264
314
350
349
349
313
271
232
160
84
34
-8
-46
-93
-140
-182
-206
-209
-232
-237
-223
-211
-178
-128
-81
-16
35
82
135
185
222
244
274
299
344
370
389
396
390
375
340
285
209
132
51
-35
-105
-155
-195
-207
-206
-183
-136
-90
-55
-6
24
66
115
162
220
271
341
385
433
462
495
506
509
515
470
389
304
218
121
19
-81
-182
-279
-373
-464
-556
-646
-728
-786
-825
-853
-870
-863
-837
-776
-696
-605
-506
-401
-290
-197
-103
-40
15
62
88
112
86
66
23
-19
-59
-103
-152
-202
-258
-307
-334
-362
-362
-357
-327
-281
-216
-146
-77
-2
70
143
190
248
301
340
398
438
494
533
555
590
598
597
558
513
463
400
319
224
145
51
-18
-82
-132
-160
-182
-167
-141
-104
-63
-17
28
53
75
117
155
180
195
220
250
261
268
242
228
210
173
139
88
37
-12
-58
-81
-105
-133
-152
-164
-172
-190
-178
-163
-142
-90
-53
1
57
98
144
186
209
226
230
219
213
200
194
189
177
158
135
107
80
43
10
-28
-63
-94
-119
-131
-146
-151
-148
-122
-107
-93
-78
-62
-43
-19
9
42
75
103
108
121
137
126
118
99
76
44
12
-45
-107
-180
-248
-301
-359
-410
-474
-526
-570
-613
-637
-646
-633
-602
-563
-499
-438
-374
-324
-263
-202
-143
-107
-68
-41
-27
-4
6
26
31
39
24
14
7
-9
-21
-27
-38
-39
-31
-46
-40
-30
-25
4
32
70
119
178
244
311
380
452
510
557
586
609
620
605
581
548
503
458
413
350
292
242
193
149
111
56
10
-30
-60
-88
-101
-105
-115
-107
-97
-51
-6
41
74
117
139
150
171
176
191
194
191
178
159
130
88
49
3
-43
-86
-126
-175
-205
-224
-256
-271
-294
-312
-313
-293
-268
-232
-198
-141
-79
-25
35
78
107
136
165
184
195
197
192
175
152
126
94
45
-16
-73
-125
-181
-228
-267
-301
-323
-344
-364
-380
-383
-395
-388
-359
-317
-260
-203
-130
-61
2
74
125
173
217
234
259
262
253
245
224
202
157
111
66
32
-14
-68
-104
-130
-162
-182
-203
-232
-258
-282
-269
-273
-258
-239
-223
-186
-159
-120
-96
-69
-51
-33
7
36
51
70
76
78
98
90
82
61
38
15
-17
-46
-76
-86
-99
-81
-67
-52
-41
-21
30
70
98
128
157
183
214
255
275
313
336
364
386
383
382
350
337
302
272
240
202
166
128
93
63
33
5
-12
-35
-42
-56
-69
-72
-81
-73
-60
-39
-8
24
49
55
54
56
44
50
68
64
77
84
73
69
52
25
-4
-35
-64
-87
-112
-122
-147
-145
-152
-146
-125
-117
-98
-87
-92
-96
-92
-92
-92
-102
-110
-122
-128
-128
-136
-141
-153
-159
-167
-183
-212
-223
-230
-245
-250
-258
-248
-237
-218
-202
-165
-107
-54
3
50
87
120
146
155
170
194
200
215
211
222
220
215
209
213
209
202
195
198
215
224
223
230
232
220
205
173
137
118
73
48
17
7
3
5
9
20
10
-22
-34
-60
-92
-117
-140
-169
-193
-209
-220
-236
-247
-269
-263
-272
-270
-260
-252
-248
-223
-204
-182
-165
-150
-134
-112
-85
-67
-39
-22
18
46
73
113
125
124
128
122
121
113
98
98
97
99
113
127
132
130
132
140
133
126
114
99
87
82
63
67
67
58
66
69
80
92
106
129
133
139
139
115
104
70
51
32
5
-27
-76
-109
-145
-181
-189
-190
-196
-212
-214
-223
-231
-234
-234
-222
-206
-175
-142
-97
-60
-21
12
49
81
117
134
143
163
163
165
147
135
128
112
98
82
72
69
63
73
82
95
98
88
90
94
97
85
84
86
62
49
43
34
43
42
47
56
67
67
62
67
66
66
60
45
34
14
2
-23
-36
-74
-103
-132
-159
-181
-188
-181
-168
-144
-144
-121
-111
-98
-91
-89
-94
-92
-87
-89
-81
-78
-61
-49
-55
-58
-75
-92
-108
-120
-123
-137
-163
-177
-199
-209
-212
-205
-197
-191
-183
-164
-140
-105
-72
-40
6
41
67
91
96
115
137
152
171
187
201
222
227
234
237
221
209
186
160
140
114
97
73
52
51
36
37
19
17
3
-4
-3
-19
-14
-24
-31
-34
-46
-42
-49
-51
-41
-31
-12
1
16
27
39
45
53
67
69
77
95
103
96
83
63
42
44
57
76
90
96
106
96
81
63
50
39
25
15
11
6
7
4
10
34
43
55
65
68
81
87
92
92
84
81
74
62
37
13
-8
-31
-48
-74
-97
-133
-170
-202
-227
-241
-248
-245
-248
-241
-238
-235
-217
-202
-179
-156
-135
-127
-111
-81
-59
-37
-17
3
17
29
48
58
67
84
84
93
89
78
64
49
40
33
30
27
40
56
70
86
98
113
116
131
134
143
140
142
152
149
155
152
148
147
140
120
101
72
41
5
-36
-66
-110
-141
-168
-198
-224
-245
-272
-292
-285
-288
-282
-272
-256
-227
-187
-165
-145
-113
-83
-58
-38
-16
7
22
38
56
54
58
40
46
46
53
45
36
47
49
67
81
88
78
72
68
76
81
80
88
92
102
111
124
134
148
158
168
172
164
145
130
112
109
91
73
67
45
25
9
1
-19
-26
-45
-55
-62
-67
-56
-48
-40
-40
-51
-50
-67
-71
-92
-112
-129
-134
-133
-133
-115
-108
-74
-66
-48
-36
-30
-22
-14
-10
-5
-10
-13
-10
-10
-4
-17
-16
-18
-15
-9
5
13
30
42
44
67
67
82
85
82
78
74
75
73
72
63
72
83
82
76
70
60
60
56
63
63
72
78
77
71
52
47
39
43
44
34
26
14
12
7
-9
-21
-27
-30
-33
-40
-34
-31
-40
-33
-37
-44
-52
-51
-71
-83
-92
-101
-110
-121
-124
-121
-121
-116
-115
-114
-117
-121
-112
-110
-95
-78
-80
-87
-86
-81
-63
-56
-52
-51
-46
-31
-30
-22
-15
1
7
5
18
19
18
29
30
31
28
23
13
6
3
-1
-6
-23
-29
-36
-41
-36
-30
-34
-31
-28
-12
6
16
35
36
46
60
75
86
99
100
94
98
99
103
97
105
100
93
93
91
83
91
93
78
66
47
39
29
18
22
21
24
41
60
66
72
76
84
82
77
87
70
65
76
82
87
91
91
93
103
104
101
86
64
34
17
-3
-25
-34
-46
-62
-76
-99
-96
-96
-91
-72
-67
-44
-49
-41
-43
-42
-33
-12
-4
-9
1
6
4
-8
-20
-28
-24
-7
6
19
15
-10
-28
-48
-57
-70
-82
-93
-105
-123
-120
-121
-113
-98
-86
-77
-79
-75
-66
-69
-62
-54
-56
-48
-53
-48
-61
-77
-92
-95
-92
-84
-84
-83
-78
-77
-72
-71
-60
-56
-46
-44
-38
-38
-41
-55
-62
-69
-78
-73
-77
-66
-75
-68
-65
-56
-43
-35
-28
-29
-35
-28
-14
-1
13
16
33
44
65
88
104
125
130
146
165
182
191
199
211
220
223
226
225
223
210
192
179
156
142
133
119
93
71
63
63
63
53
56
70
66
67
63
66
83
96
88
82
68
57
48
30
17
10
20
19
17
-2
-11
-23
-36
-40
-53
-64
-97
-115
-129
-144
-159
-165
-160
-147
-135
-129
-130
-123
-109
-87
-73
-61
-48
-34
-23
-20
-3
2
1
-6
-10
-16
-23
-32
-45
-54
-57
-54
-58
-71
-91
-101
-111
-108
-105
-104
-100
-98
-85
-66
-53
-42
-44
-42
-19
9
44
52
47
48
34
47
37
31
40
30
20
-2
-5
-4
-19
-36
-47
-52
-57
-69
-72
-64
-76
-67
-69
-61
-54
-37
-26
-6
12
24
41
58
81
98
107
112
123
128
132
135
137
134
126
111
108
85
68
65
54
44
44
41
53
63
77
89
106
114
112
127
112
115
112
114
120
121
121
117
109
87
77
64
41
24
13
-5
-5
-24
-31
-37
-57
-68
-92
-106
-106
-96
-99
-97
-98
-105
-103
-98
-90
-95
-81
-86
-80
-74
-68
-70
-74
-63
-75
-78
-89
-99
-105
-110
-121
-136
-134
-133
-128
-127
-132
-116
-112
-102
-89
-77
-61
-33
-12
17
31
48
60
63
69
64
71
69
69
71
65
63
53
47
34
23
12
4
1
12
20
19
20
8
25
23
30
45
40
44
47
51
60
62
65
69
75
76
75
68
60
48
41
39
26
21
3
-6
-21
-31
-33
-36
-48
-63
-77
-82
-72
-56
-38
-32
-19
-20
0
6
23
41
51
72
76
89
80
76
66
53
35
12
-10
-10
-23
-28
-40
-46
-42
-52
-50
-55
-50
-38
-19
-16
6
23
37
52
61
65
75
78
77
89
76
82
63
51
33
5
-17
-43
-57
-80
-96
-111
-122
-135
-138
-142
-135
-129
-118
-119
-107
-97
-87
-64
-51
-32
-7
10
32
39
53
58
56
55
51
53
54
57
57
48
34
31
16
3
0
-14
-13
-20
-25
-24
-15
-17
-16
-14
-11
-2
4
29
46
60
71
82
85
92
100
92
96
87
72
55
43
39
15
5
-13
-16
-37
-47
-53
-46
-51
-48
-45
-51
-36
-29
-12
-11
-3
9
4
16
27
33
40
33
39
32
29
24
15
3
-8
-15
-18
-16
-13
-14
-17
-20
-12
-12
-22
-16
-18
-10
-3
3
11
20
29
29
29
25
28
28
35
35
34
47
44
48
38
41
37
33
26
4
-12
-23
-32
-57
-85
-104
-117
-123
-128
-129
-122
-118
-103
-86
-74
-57
-50
-28
-21
-9
-7
-12
-6
-7
-5
-9
3
14
20
11
14
11
20
30
21
27
14
17
14
9
10
1
6
3
3
2
1
-1
10
15
12
21
24
27
31
29
30
28
25
24
25
20
25
27
27
31
29
39
45
50
45
38
38
43
27
25
13
14
8
12
19
10
13
18
22
16
22
22
27
33
33
31
36
31
27
33
26
28
23
17
11
9
12
6
4
-6
-4
-16
-40
-56
-58
-61
-73
-59
-63
-57
-58
-48
-42
-46
-42
-47
-39
-41
-46
-42
-35
-35
-35
-42
-46
-46
-49
-50
-49
-49
-49
-53
-57
-66
-58
-69
-69
-64
-66
-61
-65
-61
-63
-58
-54
-35
-20
-3
12
22
31
25
30
31
27
32
23
24
19
22
26
24
31
26
26
30
32
38
45
39
36
41
50
58
70
72
67
79
91
92
103
100
109
117
120
121
111
112
108
107
99
91
84
73
65
65
49
35
30
23
10
0
-16
-17
-28
-24
-16
-21
-17
-28
-30
-30
-30
-30
-38
-41
-40
-43
-43
-45
-54
-57
-59
-66
-58
-64
-56
-49
-51
-47
-55
-70
-70
-77
-75
-76
-73
-65
-83
-74
-72
-66
-49
-43
-31
-29
-19
-6
-3
-4
-7
-4
-13
-18
-25
-38
-44
-46
-52
-54
-45
-46
-43
-42
-44
-41
-30
-27
-22
-18
-9
1
13
2
4
1
-3
4
8
26
25
38
47
39
40
47
39
40
34
20
21
21
23
16
9
17
20
14
22
20
28
35
35
33
44
66
74
77
68
65
79
71
69
66
66
73
70
76
78
77
78
77
65
61
59
48
41
34
31
38
33
38
46
48
50
50
42
44
47
54
56
55
53
50
38
27
18
10
0
-18
-25
-33
-45
-61
-67
-72
-71
-69
-71
-70
-75
-76
-74
-85
-78
-79
-81
-81
-87
-93
-86
-88
-79
-76
-79
-77
-72
-57
-56
-50
-55
-57
-55
-57
-57
-61
-62
-68
-72
-82
-95
-88
-100
-90
-88
-95
-87
-76
-70
-66
-55
-42
-31
-23
-18
-13
4
13
21
20
28
37
35
46
54
59
58
59
62
59
67
65
66
66
58
56
48
44
44
47
42
40
38
43
40
42
39
35
41
36
40
39
38
38
41
38
37
29
26
25
28
36
36
37
46
55
55
50
54
56
57
60
55
52
52
48
50
40
48
51
49
54
56
65
60
68
61
52
49
40
46
38
25
24
16
7
-7
-15
-14
-21
-22
-24
-25
-25
-29
-32
-31
-39
-36
-24
-33
-35
-45
-44
-49
-61
-66
-75
-82
-84
-93
-95
-99
-96
-104
-103
-111
-116
-118
-124
-120
-125
-114
-108
-103
-96
-99
-95
-88
-81
-68
-61
-63
-50
-37
-27
-18
-8
0
4
9
17
16
15
11
17
19
11
4
-4
1
4
8
11
11
13
14
7
10
16
20
34
49
51
52
52
59
63
72
79
78
76
70
72
80
87
77
75
77
69
67
63
50
56
62
60
61
52
52
51
58
60
55
58
49
51
50
51
55
50
51
55
63
64
71
66
78
75
69
67
58
65
63
51
43
50
35
31
28
17
13
4
-6
-13
-19
-28
-31
-41
-49
-43
-41
-52
-61
-65
-67
-70
-80
-83
-87
-90
-88
-89
-82
-85
-84
-89
-88
-77
-83
-85
-89
-105
-104
-101
-103
-108
-115
-115
-112
-113
-101
-101
-87
-77
-67
-55
-58
-45
-47
-44
-33
-34
-28
-27
-26
-24
-29
-31
-31
-31
-34
-32
-23
-19
-11
-4
8
18
26
36
43
52
66
75
84
92
93
107
113
119
122
117
116
115
110
103
104
91
87
68
59
56
50
46
35
30
24
20
20
25
23
24
18
19
23
19
17
25
26
28
31
21
22
14
11
8
15
7
-1
0
-9
-9
-21
-26
-32
-33
-36
-36
-35
-35
-30
-26
-16
-13
-7
-5
1
7
3
13
16
13
14
13
15
20
14
10
12
5
5
4
3
0
-4
-8
-15
-20
-26
-31
-31
-38
-45
-43
-43
-46
-45
-44
-39
-36
-30
-28
-33
-31
-25
-31
-22
-15
-12
-14
-17
-23
-35
-40
-39
-36
-40
-42
-43
-38
-43
-39
-41
-42
-38
-45
-36
-26
-21
-16
-20
-13
-12
-10
-12
-11
-17
-25
-27
-29
-20
-10
-11
-10
-5
-1
0
2
6
8
11
16
20
15
28
34
36
41
41
39
54
57
65
70
69
73
78
82
86
88
89
83
78
71
68
62
59
51
47
48
49
55
55
52
44
46
42
42
43
54
46
41
41
31
35
23
13
14
9
15
2
-3
-17
-18
-20
-24
-18
-24
-13
-20
-31
-37
-33
-34
-39
-44
-50
-49
-53
-58
-46
-50
-46
-50
-43
-38
-35
-40
-39
-44
-58
-47
-52
-47
-55
-45
-40
-45
-52
-47
-44
-47
-43
-45
-41
-35
-21
-20
-14
-9
-16
-7
-2
-2
3
11
15
11
11
10
-1
5
-1
1
2
8
-4
-7
-16
-17
-10
-13
-12
-8
-9
-6
-10
-18
-15
-8
-2
1
4
8
13
15
17
22
19
24
21
24
28
30
37
34
32
28
36
38
37
38
45
50
49
34
28
29
23
28
21
19
26
24
19
25
25
28
27
17
19
11
14
15
9
10
4
-1
-4
-2
-8
-5
-8
-11
-12
-21
-20
-19
-20
-34
-42
-35
-39
-42
-45
-53
-50
-49
-49
-58
-54
-49
-54
-51
-48
-51
-44
-49
-42
-33
-30
-26
-13
-15
-14
-9
-2
8
10
7
10
9
8
10
8
11
8
18
14
26
31
34
32
35
37
37
38
35
43
40
41
24
28
23
22
38
36
42
35
40
34
30
41
38
35
41
33
33
26
21
19
17
19
24
23
19
