SAMPLES:	17151
BITSPERSAMPLE:	16
CHANNELS:	1
SAMPLERATE:	16000
NORMALIZED:	FALSE
2
-3
-1
-5
-6
2
-4
2
-1
-3
-5
-4
-4
-9
-11
-2
-3
-3
-3
1
4
2
1
-1
0
1
2
2
9
9
6
4
5
6
4
0
-3
-3
0
-2
-1
2
2
3
3
0
0
1
1
2
2
3
0
-5
-9
-6
-6
-5
-2
0
2
2
4
5
5
8
4
4
3
-1
6
3
6
-2
-5
-1
-7
-12
-12
-7
-4
-6
-7
-4
-8
0
0
2
5
-2
1
-2
-4
-2
3
-1
-4
-6
-10
-11
-9
-7
-7
0
1
4
4
1
6
2
3
-2
-5
-2
-7
-6
-1
-3
-4
3
-1
2
0
2
0
-1
0
-4
-5
-9
-7
-6
-7
-6
-2
-3
-6
3
8
8
9
8
10
7
7
4
3
2
1
2
7
6
3
5
7
4
7
5
7
8
7
13
6
11
11
11
11
12
7
7
6
2
2
0
3
5
5
3
8
10
10
7
7
7
-1
0
3
4
5
2
3
6
9
3
3
6
-2
-1
-4
-6
0
-3
-3
-1
0
5
4
5
7
4
8
7
11
15
17
9
9
4
-1
5
-6
-7
-13
-11
-11
-12
-13
-13
-9
-11
-13
-9
-13
-15
-14
-15
-9
-14
-15
-17
-20
-19
-21
-18
-15
-11
-11
-6
-4
-7
-6
-4
-2
-1
-3
-2
-5
-6
-1
-5
-1
0
-1
1
3
-1
2
2
1
2
-1
0
2
5
1
-1
1
5
-2
0
-1
-1
2
1
5
5
5
11
12
18
19
14
15
9
7
9
12
12
8
12
16
16
14
13
21
13
14
11
12
7
8
0
-1
-3
-2
-4
-6
-2
-3
1
-2
2
0
-1
0
-2
-2
-3
-7
-13
-11
-10
-10
-11
-15
-15
-17
-19
-19
-19
-15
-15
-14
-11
-6
-4
-7
-5
-11
-10
-16
-14
-8
-7
-6
-8
-4
-4
-5
-6
-6
-5
-7
-7
-8
-5
-7
-6
2
0
7
7
2
-2
4
0
5
2
-6
-7
-6
-5
-5
-4
-3
3
3
9
8
7
5
6
4
4
2
5
7
4
4
5
5
5
3
5
7
4
9
10
10
17
9
16
14
17
15
12
16
9
13
11
1
2
0
4
3
4
8
-1
2
0
0
1
2
1
3
2
4
5
-3
1
1
3
-1
-4
-2
-2
-1
0
-2
3
0
-5
3
-1
-1
2
1
3
8
7
8
10
6
6
8
3
4
2
-2
-2
-4
-5
-7
-4
-6
-1
-2
-1
2
7
2
4
5
2
1
-7
-6
-7
-11
-7
-9
-5
-8
-13
-5
-8
-6
-8
-10
-6
-8
-5
-1
-5
2
-1
-2
1
0
-2
2
-1
-3
-2
-8
-2
-4
-6
-4
-3
3
2
6
5
5
6
-2
6
5
4
6
5
-1
0
0
-2
2
-1
2
-4
-3
-1
-7
-4
-1
0
-3
-6
-7
-8
-4
-4
-5
1
-1
0
5
0
1
4
4
2
0
2
-1
-6
-6
-7
-6
-8
-9
-2
-5
1
2
7
9
9
7
9
10
6
10
9
7
3
7
5
8
7
7
5
5
12
9
10
5
8
5
5
3
5
1
-1
-3
-6
1
1
1
6
5
6
2
1
1
-1
-2
-2
-5
-11
-9
-11
-7
-10
-9
-12
-10
-9
-14
-14
-13
-11
-13
-16
-16
-18
-18
-13
-14
-9
-11
0
4
4
5
5
2
2
-1
-6
-7
-8
-9
-8
-7
-7
-7
-2
-3
-2
-3
-1
-4
1
5
8
6
9
9
6
4
6
4
6
11
10
12
10
11
13
13
12
14
15
12
9
7
4
5
5
6
4
3
4
0
1
7
4
4
-1
-3
1
-3
0
-4
-2
1
-4
-3
-5
-5
-4
-1
-4
-6
-10
-7
-12
-13
-8
-10
-9
-9
-4
-4
-2
-1
-7
-9
-4
-5
-4
-4
-5
0
-1
-1
-3
-6
-8
-9
-12
-7
-6
-10
-13
-12
-7
-3
1
-1
1
-4
3
2
0
2
-2
2
0
3
4
1
6
7
3
6
0
-2
1
1
1
4
6
8
7
8
12
11
12
8
11
7
10
8
7
13
11
11
10
13
9
5
6
6
11
7
10
11
10
15
12
12
14
15
17
15
13
13
16
11
5
3
6
5
2
5
4
3
4
6
0
-2
-7
-3
-5
-5
-5
-6
-6
-4
-1
-8
-9
-7
-11
-9
-7
-6
-3
-5
-9
-6
-8
-7
-5
-10
-8
-3
-6
-5
-4
-3
-2
-11
-13
-18
-17
-13
-14
-16
-10
-9
-7
-8
-10
-7
-11
-12
-4
-4
-4
0
-1
1
6
6
2
6
-1
3
4
4
2
0
0
1
3
3
4
6
9
12
6
9
7
9
8
8
3
3
2
-1
0
-6
-6
-12
-6
-2
-7
-8
-8
-5
-2
0
3
2
3
2
0
0
1
-7
-12
-10
-13
-12
-13
-10
-8
-6
-9
-11
-10
-12
-8
-8
-6
-3
-3
-1
1
-1
-5
1
-6
0
-1
2
0
0
0
-1
3
1
-1
1
7
11
12
15
14
12
11
7
13
12
11
10
6
11
5
5
9
6
6
1
1
3
3
5
3
7
4
4
0
-1
2
-2
-3
-6
-6
-9
-4
-4
-9
-8
-4
-6
-7
-4
-5
2
-1
-2
1
3
0
2
2
2
-1
-3
0
-3
-2
-2
-1
-1
-3
-2
-3
-1
6
2
1
2
3
7
7
9
10
11
8
5
3
3
3
-2
-2
-2
-6
-10
-7
-6
-5
-4
-5
-3
-4
-2
-2
-6
-4
-1
-2
-5
-7
-9
-8
-9
-13
-9
-4
-1
-6
-1
-3
-1
-2
-2
0
-3
-1
-6
1
-4
-1
0
1
1
1
4
1
6
4
10
10
11
11
11
14
17
14
18
17
7
12
5
7
10
7
11
12
11
7
9
11
6
9
9
4
3
1
2
-1
-5
-1
-1
1
-2
2
0
0
2
2
3
-7
-7
-10
-12
-10
-10
-8
-5
-10
-9
-4
-7
0
3
4
2
-1
1
0
-6
-5
-4
-7
-5
-6
-2
-15
-10
-7
-11
-7
-6
-2
-4
2
8
7
8
7
7
5
10
9
9
8
7
7
10
8
8
6
6
3
5
4
0
4
-3
5
1
2
5
2
-1
-1
0
1
4
-1
-6
-5
-6
-8
-10
-12
-8
-11
-13
-15
-15
-11
-6
-6
-5
-4
-5
-5
-6
-12
-7
-8
-9
-11
-12
-8
-8
-4
-1
-4
0
1
4
1
2
1
-2
2
2
2
1
1
-1
-1
0
-1
0
3
-4
-5
-8
-13
-9
-8
-5
-1
0
6
6
2
2
2
7
2
3
1
2
0
-3
-4
-5
-4
-2
-4
-1
4
4
2
6
5
4
4
3
4
3
6
3
6
9
5
8
7
7
9
7
9
11
13
11
11
4
8
9
6
11
10
12
10
7
6
3
6
3
6
3
3
5
0
-3
-2
-4
-11
-8
-8
-4
-4
-7
-4
-8
-6
-4
-5
-2
-4
-5
-5
-10
-12
-15
-12
-19
-17
-13
-13
-14
-12
-7
-13
-9
-8
-7
-6
-6
-5
-13
-12
-10
-5
-7
-11
-9
-8
-3
-8
-6
-5
-1
-3
-2
1
4
11
10
16
15
12
8
10
11
5
4
4
6
6
1
3
2
4
3
9
11
14
14
14
13
12
18
10
13
9
10
11
1
5
8
6
7
8
6
9
11
5
8
2
6
1
-3
-4
-1
3
2
-3
-6
-8
-4
-5
-5
-7
-6
-4
-3
-7
-5
2
-1
2
-5
-3
1
-5
-3
-6
-2
-3
-4
1
-3
5
2
0
-6
-6
-8
-10
-7
-6
-4
-6
-3
0
5
-2
1
4
2
2
0
1
3
2
0
2
1
6
2
3
2
0
5
2
3
5
3
7
5
4
10
4
4
2
2
0
2
2
1
6
10
6
11
14
7
5
2
3
-1
4
3
4
6
5
2
7
5
5
2
-3
-1
0
-2
-3
-3
-6
-5
-9
-9
-7
-6
-2
0
-2
-1
-2
-7
-8
-11
-8
-9
-8
-9
-9
-2
-2
-3
-4
-10
-7
-4
-8
-9
-10
-10
-8
-13
-12
-9
-10
-10
-5
-8
-10
-9
-5
-5
-7
-3
-9
-8
-11
-9
-10
-10
-8
-11
-7
-4
-9
-4
-5
-2
-2
-2
2
3
6
7
8
10
9
11
5
8
11
10
11
9
8
6
8
11
9
7
5
4
3
1
3
1
4
2
-1
1
-1
1
6
4
15
14
11
9
9
2
2
2
3
3
2
5
3
5
4
-2
-7
-8
-6
-4
-3
-2
1
3
1
3
-1
-2
-2
-4
-5
-5
-7
-6
-7
-7
-3
0
-1
0
4
3
1
-1
-2
-3
-7
2
-2
2
4
0
5
1
-2
-1
-4
-3
-4
-5
-2
-1
0
1
0
0
5
2
1
2
3
2
5
7
7
5
3
7
-1
4
2
-1
2
-2
-1
-2
2
1
3
4
5
5
3
6
3
5
3
5
6
2
3
2
-5
-5
-2
-3
-3
-4
-3
2
-1
5
1
-5
-3
-6
-4
-6
-6
-6
-2
-4
-3
-4
-6
-1
-2
-2
0
3
4
8
11
5
7
0
0
1
3
1
0
7
5
6
5
1
3
1
1
2
2
-2
-7
-9
-10
-11
-7
-6
-4
1
4
5
2
0
2
1
4
-2
2
1
-3
1
1
2
1
-1
-3
2
1
7
5
5
10
9
5
5
4
10
7
8
7
3
5
-2
0
3
4
-2
0
0
-1
0
1
-1
-4
-4
-6
-4
-4
-6
-5
-7
-6
-5
-5
0
0
-3
2
1
-1
-6
-5
-1
1
3
4
1
8
2
7
0
0
2
-2
2
-7
-6
-8
-8
-7
-5
-8
-6
-7
-10
-11
-10
-5
-3
-12
-5
-7
-8
-7
-6
-9
-11
-10
-7
-4
-4
-4
3
2
4
5
1
2
3
4
3
6
1
8
3
8
8
2
6
8
12
6
8
9
9
10
8
8
7
5
4
1
-2
-7
-8
-3
-2
6
1
3
4
6
1
-2
2
1
1
-2
-3
-2
-2
-1
-3
-1
1
-3
1
-2
-6
-6
-9
-9
-11
-12
-10
-8
-4
-6
-7
-5
-3
3
0
1
-1
1
-1
-3
3
-1
2
-3
-4
-3
-4
2
0
2
3
-5
6
8
8
6
5
5
6
5
3
0
3
1
2
4
1
3
5
4
2
1
5
9
5
10
9
9
9
6
8
6
5
2
3
1
0
-1
-1
-7
-3
-3
-3
-4
-4
-5
-13
-13
-4
-9
-6
-3
-5
-1
3
3
-1
-5
-13
-2
-6
-4
2
4
9
8
6
4
4
4
1
0
-3
3
3
1
5
0
3
-2
-11
-9
-7
-8
-3
-10
-4
-7
-7
-6
-6
-2
-4
0
-4
-6
-7
-6
-3
-5
1
3
0
4
0
1
4
4
0
-2
-4
0
2
3
6
7
12
9
10
9
5
5
10
5
10
13
12
10
10
8
5
7
9
10
9
8
6
1
3
-1
2
5
4
-2
-3
-1
0
0
-2
-4
-6
1
-2
-2
-3
-5
-1
-4
-2
-7
-8
-7
-8
-11
-8
-2
2
-3
-5
-9
-7
-6
-4
-1
-8
-5
-2
-3
-2
-2
-1
-1
-3
-1
1
-2
-4
-5
-3
-10
-5
-4
-1
-4
-2
-3
-7
-5
-5
-5
-7
-7
-9
-8
-2
-1
0
3
-1
3
-1
-3
3
7
0
3
4
7
8
14
12
10
9
4
2
1
2
2
3
2
5
6
2
3
4
7
12
9
8
9
11
10
7
7
5
4
5
4
3
0
-4
-4
-7
-5
0
0
8
2
7
3
-3
-3
-2
-2
-2
-8
-9
-9
-5
-8
-9
-10
-8
-1
-1
0
3
2
-1
0
-6
-3
-4
-4
-2
-4
-3
-3
6
1
1
3
-2
-1
-5
-8
-6
-7
-6
0
2
-1
5
0
-2
0
2
2
1
5
-2
-3
-3
-6
-8
-6
-5
-2
3
3
3
3
8
2
4
3
7
0
0
1
1
1
2
1
1
2
0
2
-2
1
-3
-2
-5
-4
-3
-7
-1
4
3
2
2
7
2
1
0
1
-4
0
-2
-9
-8
-6
-5
-9
-9
-9
-9
-10
-9
-6
-9
-7
-8
-9
-8
-10
-7
-6
-6
-9
-8
-7
-5
-5
-2
-4
-5
-6
-6
1
1
2
3
5
4
5
6
5
5
5
6
1
3
0
3
1
5
5
7
4
2
4
4
9
4
4
4
2
5
2
1
7
6
11
9
7
10
11
16
16
14
16
17
14
19
14
14
10
5
11
4
9
4
4
3
2
3
-2
1
1
2
3
5
8
10
10
11
8
12
8
8
4
3
-1
-7
-8
-7
-3
-8
-4
-12
-10
-7
-9
-4
-3
-3
-2
-4
-2
-4
-8
-8
-6
-6
-6
-7
-6
-5
-7
-9
-5
-4
-6
-7
-11
-7
-8
-10
-11
-9
-9
-5
-6
-1
-2
-11
-3
-5
-3
0
-1
-3
-2
-4
-3
-10
-6
-2
-4
3
3
3
5
5
6
6
11
5
5
5
1
4
6
4
5
4
9
7
6
5
1
4
3
3
8
13
8
6
2
2
6
4
5
3
-2
1
4
1
-3
-2
-1
-3
0
-3
-2
-3
-6
-4
-2
-2
4
1
7
9
4
2
0
0
-5
-1
-5
-10
-9
-12
-7
-6
-9
-9
-11
-10
-15
-12
-6
-7
-4
-9
-5
-6
-4
-1
0
0
-7
-6
-12
-9
-8
-7
-4
-6
-6
-7
-5
-3
-4
0
-6
-4
-3
2
-7
-8
-7
-6
1
-1
-2
-2
-2
-1
-4
-2
-8
-6
-2
-1
-1
-1
4
3
7
12
14
14
13
14
14
13
11
11
9
8
4
1
3
0
-3
-3
8
2
6
5
5
4
0
0
0
1
-1
4
2
3
7
5
3
3
4
6
-1
2
-2
-5
0
2
-4
-3
-1
-5
-1
2
4
4
11
7
8
4
1
-1
-4
-5
-5
-2
-2
0
1
0
3
7
0
2
-2
3
2
5
3
4
3
7
3
3
1
2
10
8
15
11
7
5
7
5
8
3
1
-4
-4
1
-6
-2
3
-1
-2
-8
-5
-7
-5
-5
-4
-6
-8
-7
-6
-6
-1
-4
-3
-4
-1
-4
-4
-3
1
-1
3
0
-4
-2
-1
1
2
-1
-2
-5
-9
-1
-6
4
2
1
6
2
4
4
-1
1
-4
-6
1
-3
1
0
2
-3
0
1
-1
4
-4
0
-1
2
-1
3
-5
-6
-5
-5
-2
2
1
0
10
5
6
8
9
12
7
12
10
4
10
7
7
5
5
8
10
9
10
6
3
3
3
-1
0
4
-1
5
-1
2
-3
-8
-2
-5
-3
-11
-9
-13
-14
-10
-15
-12
-14
-13
-7
-3
-4
-4
-1
-3
-1
-1
-1
-2
-4
-2
-2
-1
0
1
3
1
5
3
3
3
6
5
5
6
1
3
1
2
-5
-4
-1
-2
-2
-8
-8
-8
-3
-1
1
3
2
2
0
3
4
2
-2
-1
-6
-10
-10
-8
-9
-11
-9
-12
-8
-13
-5
-8
-7
-5
0
7
3
7
4
6
2
1
1
-1
2
0
-4
2
2
5
3
5
10
9
7
4
4
-2
-6
-1
-4
-6
-5
-8
-5
-6
-5
-6
-6
-3
-3
-4
-2
-4
-3
0
-4
4
-2
-2
1
-2
0
-2
5
4
2
2
8
6
9
11
11
10
12
13
16
16
9
10
2
7
3
3
4
-1
5
3
5
4
6
6
6
2
3
2
2
1
3
3
5
7
4
5
6
6
6
2
0
-2
-1
-4
-8
-8
-10
-12
-7
-3
-2
-4
-3
2
4
4
2
-1
-2
-1
2
1
-4
0
-2
-2
-4
-4
-3
-3
0
1
-1
1
2
2
-2
-4
-2
-3
-2
-1
-6
-3
-5
-2
-11
-7
-10
-7
-5
-6
-7
-13
-12
-7
-7
-7
-1
-7
-3
-6
0
0
-1
1
-2
2
1
3
1
-3
6
6
3
4
4
7
4
5
0
-1
-1
-3
-1
2
0
0
0
1
-1
-1
-3
-1
-1
2
2
1
4
-2
2
3
-3
3
2
5
8
7
5
3
4
9
8
6
9
11
14
9
8
9
9
10
12
9
13
11
11
10
10
6
7
6
8
9
2
2
3
2
1
3
-1
2
-7
-4
-9
-10
-5
-5
-10
-9
-7
-9
-7
-8
-6
-3
-1
1
-2
-10
-8
-9
-7
-9
-14
-13
-12
-10
-9
-10
-4
-3
-6
-7
-6
-5
-1
-3
-1
0
-4
-3
-1
1
-2
3
-1
-1
-2
-1
3
-2
3
2
0
-1
-1
3
0
7
5
6
3
2
10
6
6
4
5
6
4
0
-2
-2
0
-4
-6
-3
-1
5
4
5
4
4
0
0
6
3
3
2
-1
-1
1
-2
0
2
-3
0
0
-1
3
2
-1
-2
0
-3
-1
1
3
1
2
-4
-4
-4
-8
-10
-10
-10
-15
-16
-16
-12
-11
-6
-7
-4
0
2
2
4
1
1
3
1
2
1
0
-1
-1
0
-1
0
2
-4
2
-3
1
1
-3
2
1
4
2
8
2
3
1
-1
0
3
2
0
0
-4
-1
-5
-6
-3
-4
-3
-3
0
0
3
0
-1
0
3
4
-1
0
-6
-4
-6
0
2
-1
-1
0
1
-1
4
-1
-4
0
-1
-2
0
1
6
4
9
11
11
11
10
10
6
8
7
1
2
-1
6
8
4
7
4
5
2
3
2
4
-3
-1
-1
-10
-6
-7
-5
-8
-6
-6
-2
-3
-7
-1
-1
-1
-1
1
0
0
0
-5
0
-3
1
3
8
6
0
4
4
6
1
4
2
2
4
3
4
10
10
10
8
8
11
8
7
9
6
5
8
7
3
7
5
7
7
5
2
-4
-1
-4
-4
7
11
6
-4
-5
14
22
22
1
-4
6
19
13
-3
-8
-5
-7
-11
-20
-25
-20
-25
-39
-29
-24
-31
-36
-41
-40
-37
-32
-33
-32
-34
-36
-32
-25
-16
-16
-11
-11
-13
-4
1
-2
5
10
12
13
16
35
41
46
46
43
46
54
67
64
64
54
56
65
60
57
56
58
58
47
46
43
38
35
20
16
7
8
7
-2
-9
-18
-22
-28
-28
-37
-45
-51
-55
-64
-63
-70
-73
-79
-80
-82
-78
-81
-77
-77
-76
-71
-70
-61
-54
-47
-45
-34
-32
-19
-16
-10
-3
-4
8
9
16
26
30
37
39
37
42
47
52
50
52
54
57
53
54
57
59
50
47
47
42
45
32
29
32
23
27
18
9
2
0
-2
-5
-10
-12
-18
-28
-27
-31
-37
-39
-43
-41
-42
-44
-40
-50
-42
-44
-43
-38
-32
-34
-31
-28
-27
-18
-21
-13
-11
-11
-6
-11
-13
-4
5
10
11
12
19
28
37
48
54
67
80
78
89
97
94
93
87
83
91
79
68
55
48
43
29
17
3
-4
-17
-25
-37
-35
-38
-43
-59
-64
-60
-66
-70
-75
-82
-82
-88
-87
-74
-77
-86
-88
-68
-50
-36
-36
-24
-7
7
14
9
8
11
12
0
-3
-4
-3
-7
-11
-17
-13
-20
-29
-40
-46
-55
-56
-55
-58
-59
-68
-62
-67
-61
-55
-59
-52
-49
-44
-37
-30
-25
-28
-27
-30
-22
-13
1
40
97
127
137
131
185
274
334
334
303
350
435
483
438
400
415
435
394
315
280
302
297
192
99
82
112
75
-28
-106
-109
-114
-165
-220
-230
-230
-297
-379
-420
-397
-412
-484
-544
-555
-537
-567
-590
-567
-529
-535
-584
-585
-497
-404
-388
-392
-363
-274
-186
-149
-98
-36
29
91
137
218
294
348
387
401
435
475
533
579
591
583
574
593
631
633
618
577
537
515
480
449
397
336
247
174
116
76
65
71
46
-10
-108
-145
-103
-82
-139
-268
-333
-320
-296
-346
-441
-515
-547
-579
-615
-623
-610
-596
-618
-641
-596
-515
-467
-458
-467
-433
-367
-292
-213
-159
-140
-103
-60
-10
51
96
117
128
145
181
218
251
292
327
375
406
474
570
674
731
760
789
849
954
1004
987
979
989
965
903
812
731
664
561
417
286
186
125
18
-116
-227
-304
-371
-469
-535
-600
-662
-739
-810
-830
-845
-892
-970
-1003
-1002
-999
-1014
-1024
-1006
-966
-972
-962
-901
-822
-757
-708
-652
-568
-456
-355
-263
-185
-90
-2
81
174
261
329
413
482
548
599
660
719
751
759
741
746
764
791
769
745
767
838
858
818
749
769
823
809
732
606
540
511
465
335
180
48
-51
-152
-247
-364
-477
-550
-623
-686
-719
-743
-753
-784
-821
-823
-781
-745
-703
-692
-678
-624
-544
-459
-399
-343
-298
-239
-177
-116
-39
13
38
65
54
97
161
263
357
468
559
603
666
780
958
1056
1039
975
1010
1118
1170
1073
920
835
801
709
531
393
326
248
60
-126
-197
-207
-270
-458
-624
-651
-625
-656
-757
-796
-790
-826
-877
-916
-861
-812
-848
-915
-919
-837
-771
-745
-732
-673
-631
-626
-601
-493
-366
-306
-322
-288
-166
-18
76
107
166
227
282
339
401
472
519
507
478
460
504
532
517
488
453
468
525
658
734
714
625
610
708
766
733
597
479
425
404
317
159
5
-125
-249
-370
-452
-514
-564
-640
-729
-746
-720
-673
-675
-685
-683
-633
-561
-480
-393
-345
-277
-230
-170
-112
-32
37
82
128
134
139
155
180
217
251
286
411
570
634
621
648
847
1058
1143
1046
980
1128
1302
1248
984
847
889
862
629
345
232
228
92
-229
-455
-462
-453
-652
-920
-998
-938
-953
-1128
-1216
-1153
-1093
-1207
-1304
-1250
-1094
-1066
-1168
-1172
-1032
-874
-879
-895
-773
-600
-558
-597
-481
-223
-18
21
-9
133
381
547
583
631
761
850
872
864
919
1012
1019
942
862
845
842
835
750
660
635
656
714
724
655
512
459
465
467
413
253
139
63
4
-154
-353
-504
-644
-774
-893
-1004
-1070
-1084
-1128
-1153
-1155
-1146
-1081
-1011
-939
-854
-739
-600
-467
-320
-196
-77
43
144
247
360
471
545
591
628
666
674
691
695
689
694
732
890
1015
1028
924
925
1126
1319
1305
1109
1041
1180
1295
1122
853
724
726
606
268
-10
-64
-78
-307
-662
-836
-806
-815
-1035
-1270
-1310
-1228
-1250
-1369
-1388
-1288
-1253
-1383
-1441
-1320
-1150
-1126
-1197
-1175
-992
-882
-884
-843
-666
-493
-501
-515
-346
-58
140
111
111
307
575
712
713
760
883
991
966
957
1038
1136
1124
963
839
846
883
868
809
825
873
853
774
713
771
792
668
484
346
322
325
214
-27
-259
-442
-572
-668
-789
-905
-1049
-1154
-1223
-1212
-1171
-1166
-1191
-1206
-1158
-1035
-851
-735
-667
-598
-493
-341
-163
-27
75
170
252
362
445
565
639
628
620
605
634
664
688
764
893
1005
966
864
945
1243
1436
1343
1102
1105
1337
1488
1278
938
834
856
740
407
142
118
78
-220
-622
-769
-666
-685
-970
-1288
-1333
-1210
-1192
-1324
-1384
-1327
-1315
-1385
-1444
-1323
-1148
-1150
-1273
-1265
-1071
-895
-889
-873
-738
-604
-575
-579
-394
-104
56
19
-23
166
478
623
588
590
719
866
885
865
927
1026
998
860
753
801
901
920
914
884
851
788
765
856
902
816
601
438
441
496
388
84
-202
-345
-428
-560
-687
-799
-911
-1047
-1153
-1152
-1074
-1040
-1080
-1154
-1114
-950
-788
-673
-619
-542
-451
-310
-168
-26
82
179
260
334
428
523
621
636
640
605
562
571
625
690
768
856
914
867
829
1014
1262
1359
1234
1044
1084
1324
1401
1113
780
667
698
564
236
-19
-100
-175
-469
-779
-883
-809
-859
-1159
-1428
-1430
-1292
-1279
-1390
-1453
-1395
-1346
-1408
-1414
-1254
-1099
-1121
-1225
-1189
-970
-776
-761
-759
-616
-475
-416
-384
-193
91
240
195
189
421
725
860
809
788
917
1051
1057
1027
1068
1127
1056
875
773
869
1009
1048
930
803
722
759
852
838
763
565
405
349
394
328
35
-276
-498
-607
-705
-837
-1000
-1129
-1245
-1349
-1385
-1320
-1244
-1266
-1331
-1313
-1120
-913
-753
-673
-588
-454
-284
-105
36
202
350
467
559
642
757
866
893
894
854
801
791
837
890
933
1031
1054
992
941
1046
1294
1413
1342
1111
1045
1229
1373
1197
836
590
536
464
221
-73
-240
-343
-577
-894
-1099
-1068
-1077
-1296
-1577
-1645
-1528
-1464
-1527
-1588
-1540
-1472
-1507
-1537
-1389
-1189
-1128
-1198
-1187
-992
-756
-652
-632
-527
-365
-258
-219
-65
194
421
449
389
530
812
1035
1052
989
1056
1171
1240
1230
1216
1228
1197
1070
947
925
1041
1153
1105
918
765
785
929
933
781
566
384
304
293
206
-73
-361
-614
-782
-905
-998
-1136
-1299
-1447
-1554
-1567
-1535
-1471
-1483
-1506
-1479
-1343
-1135
-955
-847
-767
-639
-460
-264
-94
79
238
383
511
591
734
854
946
968
922
870
868
944
978
1015
1096
1170
1183
1130
1143
1333
1527
1564
1381
1193
1291
1508
1485
1112
756
630
621
440
73
-218
-315
-455
-789
-1052
-1125
-1089
-1242
-1564
-1748
-1632
-1515
-1602
-1750
-1752
-1606
-1576
-1647
-1609
-1375
-1201
-1235
-1325
-1202
-905
-696
-688
-659
-462
-302
-223
-115
128
381
493
465
491
743
1015
1104
1063
1077
1189
1274
1286
1262
1266
1267
1157
1021
1000
1126
1259
1171
945
793
870
1016
992
803
579
460
398
360
187
-65
-311
-541
-722
-865
-968
-1128
-1284
-1433
-1493
-1529
-1530
-1495
-1494
-1468
-1434
-1329
-1184
-992
-871
-782
-661
-460
-238
-109
25
167
338
488
568
676
801
882
912
843
804
834
869
887
888
944
1049
1083
1086
1060
1172
1374
1471
1388
1228
1255
1450
1530
1261
905
735
727
627
293
-66
-227
-307
-574
-901
-1081
-1097
-1176
-1438
-1669
-1639
-1490
-1533
-1682
-1699
-1550
-1468
-1555
-1603
-1458
-1237
-1177
-1255
-1216
-1000
-787
-746
-727
-579
-393
-340
-311
-125
166
354
346
287
457
762
900
898
901
998
1124
1164
1097
1118
1174
1137
1032
972
1124
1299
1289
1094
903
990
1154
1153
966
750
653
621
558
353
87
-121
-340
-559
-704
-841
-997
-1166
-1295
-1371
-1387
-1390
-1416
-1425
-1382
-1311
-1238
-1135
-1002
-865
-791
-698
-556
-383
-229
-105
30
191
370
496
592
657
766
840
807
739
703
743
760
776
768
856
939
985
946
946
1182
1364
1394
1236
1185
1325
1493
1397
1050
853
844
789
502
133
-44
-101
-295
-653
-906
-953
-1000
-1201
-1470
-1570
-1479
-1488
-1642
-1708
-1594
-1455
-1503
-1610
-1547
-1313
-1193
-1264
-1304
-1173
-920
-816
-813
-703
-506
-419
-420
-317
-61
221
301
208
276
567
843
917
885
943
1108
1198
1132
1107
1189
1238
1154
1022
1055
1292
1374
1212
978
988
1192
1195
1023
800
724
732
639
372
105
-64
-267
-530
-739
-871
-970
-1144
-1340
-1406
-1390
-1408
-1484
-1527
-1457
-1325
-1234
-1180
-1056
-871
-733
-662
-528
-326
-131
-5
124
287
421
545
605
699
806
882
859
777
751
789
826
773
739
825
964
1024
1004
917
1066
1315
1373
1242
1098
1191
1372
1340
1020
746
705
687
455
79
-168
-233
-338
-676
-992
-1075
-1084
-1228
-1494
-1650
-1588
-1550
-1674
-1745
-1660
-1484
-1479
-1581
-1549
-1322
-1112
-1118
-1155
-1072
-847
-697
-682
-603
-405
-258
-271
-214
6
307
479
421
391
594
892
1017
1001
993
1078
1183
1160
1097
1115
1171
1144
1023
992
1157
1271
1190
950
855
988
1063
952
713
579
595
547
306
11
-162
-295
-519
-739
-924
-1018
-1151
-1322
-1433
-1413
-1389
-1450
-1511
-1458
-1293
-1154
-1120
-1061
-880
-673
-540
-463
-306
-79
114
208
310
470
664
779
791
824
902
934
857
777
779
823
779
733
791
935
1039
952
841
972
1258
1362
1194
1009
1087
1303
1313
971
662
628
641
417
22
-213
-241
-296
-652
-1026
-1106
-1070
-1158
-1450
-1629
-1571
-1474
-1591
-1733
-1660
-1465
-1413
-1577
-1591
-1372
-1122
-1086
-1184
-1079
-812
-627
-599
-532
-328
-163
-170
-174
17
339
520
449
391
614
913
1055
1015
1033
1157
1234
1187
1083
1107
1181
1157
1009
966
1124
1253
1178
951
869
1010
1063
967
711
588
584
524
290
-33
-203
-347
-550
-782
-967
-1097
-1209
-1397
-1512
-1499
-1476
-1517
-1593
-1566
-1407
-1229
-1181
-1134
-992
-780
-590
-465
-326
-124
86
231
352
499
664
804
862
886
958
980
934
870
899
931
909
836
891
1051
1126
1033
908
1067
1369
1482
1289
1113
1215
1440
1404
1036
751
720
704
411
-17
-237
-242
-355
-727
-1088
-1167
-1138
-1303
-1604
-1752
-1655
-1606
-1734
-1848
-1739
-1561
-1563
-1689
-1684
-1434
-1203
-1185
-1244
-1141
-906
-738
-722
-623
-409
-272
-257
-209
27
329
511
470
435
634
917
1045
1036
1060
1171
1256
1222
1162
1193
1282
1255
1121
1099
1270
1421
1325
1093
1025
1182
1257
1098
806
667
701
654
367
36
-153
-298
-516
-796
-993
-1102
-1241
-1429
-1556
-1545
-1507
-1595
-1692
-1684
-1518
-1334
-1283
-1238
-1083
-865
-696
-602
-456
-217
-28
97
198
355
552
701
764
806
901
930
842
799
835
916
925
920
1032
1168
1226
1110
1074
1323
1601
1613
1366
1251
1445
1651
1480
1053
830
866
803
413
-23
-159
-126
-332
-805
-1132
-1127
-1095
-1378
-1758
-1844
-1687
-1671
-1854
-1983
-1833
-1629
-1675
-1835
-1760
-1458
-1301
-1354
-1401
-1228
-962
-854
-854
-721
-482
-359
-361
-257
67
380
465
367
463
774
1010
1077
1058
1172
1334
1367
1291
1256
1356
1412
1285
1135
1194
1452
1551
1351
1078
1083
1314
1337
1143
854
732
749
660
368
15
-178
-348
-597
-865
-1040
-1139
-1275
-1468
-1603
-1627
-1578
-1603
-1687
-1694
-1535
-1377
-1292
-1216
-1111
-930
-761
-633
-511
-294
-84
60
179
339
526
705
780
846
933
977
906
836
889
954
968
885
956
1090
1218
1129
1007
1223
1547
1634
1365
1191
1371
1657
1551
1070
771
832
875
518
29
-213
-163
-318
-801
-1146
-1169
-1068
-1302
-1706
-1842
-1677
-1584
-1800
-1961
-1825
-1590
-1608
-1774
-1705
-1380
-1191
-1256
-1333
-1179
-873
-767
-802
-707
-427
-268
-314
-269
8
372
456
338
371
685
1002
1044
989
1064
1276
1352
1256
1194
1315
1396
1288
1103
1096
1348
1489
1305
1024
996
1192
1282
1113
889
781
779
701
442
136
-60
-278
-526
-762
-917
-1045
-1219
-1401
-1525
-1522
-1548
-1593
-1664
-1633
-1517
-1403
-1316
-1220
-1086
-921
-768
-655
-503
-300
-122
10
164
329
471
606
696
758
829
853
815
752
761
813
826
792
809
952
1095
1137
1012
1067
1354
1557
1460
1214
1197
1437
1552
1269
855
713
796
630
215
-168
-239
-234
-559
-963
-1166
-1124
-1185
-1499
-1776
-1739
-1601
-1667
-1817
-1799
-1600
-1507
-1629
-1688
-1448
-1173
-1145
-1246
-1185
-895
-661
-659
-661
-447
-198
-156
-181
-18
335
564
517
447
633
974
1142
1084
1056
1180
1319
1304
1202
1198
1279
1261
1079
947
1042
1275
1308
1094
874
879
1079
1080
921
682
532
466
400
237
-46
-291
-545
-763
-916
-1021
-1183
-1377
-1513
-1562
-1563
-1619
-1614
-1570
-1502
-1428
-1352
-1203
-1033
-856
-752
-659
-514
-283
-79
25
141
293
452
571
681
758
806
877
869
760
723
785
805
770
732
841
969
1065
1003
938
1147
1408
1507
1310
1161
1317
1568
1498
1081
812
811
826
540
99
-125
-130
-262
-644
-979
-1045
-994
-1167
-1494
-1639
-1523
-1468
-1608
-1691
-1612
-1466
-1481
-1605
-1502
-1236
-1123
-1237
-1277
-1088
-814
-733
-787
-689
-440
-312
-371
-331
-70
269
346
208
246
565
895
936
854
907
1084
1220
1190
1126
1175
1228
1138
986
951
1127
1298
1255
1068
902
960
1131
1125
1001
773
627
553
532
402
113
-193
-462
-606
-718
-871
-1088
-1264
-1378
-1458
-1517
-1563
-1498
-1454
-1470
-1462
-1370
-1172
-1001
-870
-815
-723
-520
-320
-148
-28
70
226
350
480
606
688
746
814
835
733
682
728
795
812
740
726
895
1090
1070
931
1016
1342
1524
1403
1158
1187
1465
1538
1187
802
763
859
705
238
-135
-181
-157
-447
-897
-1096
-1052
-1071
-1364
-1615
-1619
-1513
-1513
-1653
-1669
-1543
-1463
-1526
-1545
-1380
-1206
-1195
-1238
-1140
-908
-769
-791
-748
-531
-349
-334
-352
-176
141
335
259
182
407
750
913
862
799
929
1131
1151
1048
999
1070
1106
989
882
924
1140
1236
1089
878
830
1026
1141
1058
826
631
586
632
507
197
-108
-304
-409
-560
-726
-926
-1048
-1142
-1260
-1350
-1361
-1290
-1259
-1304
-1292
-1165
-1001
-854
-750
-665
-536
-420
-276
-111
43
153
228
346
447
576
622
631
695
753
668
529
513
596
640
515
419
562
808
924
772
659
932
1263
1314
1060
960
1173
1370
1241
808
615
700
675
341
-87
-204
-151
-305
-711
-1013
-1008
-979
-1142
-1443
-1535
-1398
-1362
-1474
-1532
-1400
-1243
-1290
-1406
-1313
-1086
-967
-1043
-1078
-928
-706
-653
-693
-583
-362
-240
-297
-238
19
293
335
216
284
591
857
833
712
786
1004
1115
1030
929
971
1026
960
787
732
880
1083
1089
917
766
783
981
1053
950
739
583
535
533
432
121
-182
-388
-521
-644
-808
-966
-1091
-1199
-1295
-1319
-1316
-1260
-1239
-1243
-1212
-1111
-942
-796
-633
-576
-505
-403
-224
-41
70
168
282
432
535
643
724
769
835
829
679
579
617
682
639
526
479
629
858
924
757
682
938
1206
1238
1033
904
1084
1269
1115
726
533
590
555
228
-159
-316
-298
-408
-789
-1041
-1091
-1062
-1182
-1424
-1496
-1387
-1329
-1420
-1426
-1320
-1221
-1260
-1319
-1214
-1011
-956
-1019
-982
-802
-596
-602
-646
-484
-203
-103
-198
-162
106
416
453
298
367
706
931
902
801
879
1080
1120
977
884
961
1032
913
720
679
863
1043
992
797
679
790
978
962
804
608
487
473
440
242
-89
-350
-518
-679
-834
-1022
-1148
-1236
-1334
-1401
-1445
-1424
-1336
-1306
-1331
-1255
-1090
-906
-756
-658
-555
-452
-325
-149
27
162
246
349
479
624
742
758
801
904
934
783
646
700
810
808
653
598
780
1038
1065
830
760
1046
1336
1299
1045
993
1215
1370
1126
719
602
673
591
188
-228
-309
-257
-435
-857
-1095
-1088
-1055
-1240
-1527
-1567
-1428
-1396
-1544
-1600
-1469
-1348
-1391
-1481
-1378
-1166
-1068
-1106
-1087
-903
-723
-682
-696
-505
-284
-228
-267
-144
165
403
406
320
446
750
933
887
839
973
1138
1148
1021
998
1098
1112
986
857
887
1079
1188
1081
936
835
954
1056
990
842
652
537
489
437
213
-121
-367
-550
-725
-865
-1051
-1222
-1342
-1443
-1486
-1487
-1483
-1443
-1438
-1423
-1319
-1180
-1042
-913
-815
-715
-594
-452
-259
-109
3
119
305
466
560
648
694
809
903
842
697
720
869
897
785
672
780
1046
1224
1123
902
1048
1396
1560
1388
1174
1237
1469
1487
1139
810
781
827
568
140
-144
-134
-167
-528
-910
-1043
-1012
-1093
-1386
-1574
-1496
-1403
-1547
-1719
-1637
-1432
-1420
-1595
-1632
-1373
-1144
-1177
-1271
-1180
-924
-783
-816
-782
-531
-331
-392
-442
-209
155
329
209
176
465
785
870
777
830
1037
1174
1097
975
1022
1148
1123
963
887
1051
1268
1238
1085
944
1048
1194
1144
994
802
708
667
589
383
95
-171
-393
-549
-681
-864
-1095
-1239
-1326
-1335
-1379
-1449
-1441
-1404
-1345
-1305
-1226
-1127
-979
-864
-791
-690
-519
-347
-227
-127
18
228
367
448
542
597
696
809
808
684
645
706
732
732
670
703
890
1099
1113
924
1005
1307
1536
1464
1207
1175
1420
1554
1266
857
715
758
627
220
-132
-221
-219
-478
-874
-1056
-1055
-1070
-1304
-1533
-1520
-1427
-1484
-1596
-1555
-1399
-1355
-1502
-1551
-1338
-1138
-1138
-1241
-1160
-903
-744
-780
-789
-535
-333
-358
-398
-204
155
337
260
171
423
820
940
834
805
973
1168
1122
980
999
1125
1123
967
892
1028
1206
1196
1018
934
1022
1100
1089
966
841
740
615
471
316
126
-148
-454
-633
-744
-872
-1092
-1293
-1364
-1371
-1432
-1510
-1519
-1447
-1349
-1311
-1241
-1094
-910
-768
-675
-555
-386
-224
-103
9
177
329
452
548
599
661
738
795
786
728
672
696
769
794
800
882
990
1085
1037
1025
1214
1425
1493
1320
1206
1293
1483
1417
1049
762
672
619
398
34
-218
-328
-489
-792
-1026
-1112
-1170
-1334
-1584
-1661
-1610
-1612
-1704
-1720
-1629
-1562
-1618
-1674
-1549
-1334
-1269
-1316
-1260
-1069
-841
-796
-801
-652
-392
-282
-308
-204
97
391
469
344
388
709
990
1032
965
1030
1179
1289
1218
1142
1213
1259
1180
1039
1027
1255
1386
1276
1040
968
1162
1240
1133
909
760
704
606
422
176
-68
-346
-612
-811
-924
-1064
-1246
-1426
-1531
-1532
-1571
-1578
-1580
-1521
-1418
-1353
-1254
-1123
-927
-780
-687
-590
-411
-211
-46
63
175
340
488
629
689
713
802
872
837
751
765
839
903
888
911
1037
1174
1183
1090
1210
1469
1633
1509
1276
1275
1490
1569
1251
863
719
683
504
124
-172
-285
-398
-724
-1073
-1169
-1151
-1295
-1614
-1797
-1725
-1646
-1750
-1862
-1795
-1665
-1663
-1782
-1756
-1451
-1256
-1325
-1422
-1258
-931
-736
-752
-728
-487
-254
-217
-205
-6
321
521
460
413
631
942
1104
1085
1082
1216
1349
1358
1275
1286
1386
1358
1220
1148
1281
1471
1444
1205
1055
1185
1288
1226
1020
806
736
653
433
160
-77
-301
-550
-825
-1001
-1142
-1297
-1489
-1614
-1632
-1675
-1697
-1706
-1650
-1549
-1473
-1400
-1274
-1097
-922
-802
-708
-547
-349
-159
4
128
254
403
562
653
734
816
860
851
819
846
872
918
904
902
1035
1192
1269
1142
1147
1381
1623
1646
1420
1278
1431
1648
1501
1104
852
808
733
432
36
-177
-243
-476
-856
-1112
-1165
-1180
-1408
-1697
-1792
-1703
-1706
-1825
-1865
-1754
-1672
-1771
-1827
-1652
-1374
-1315
-1425
-1440
-1199
-888
-812
-851
-715
-467
-347
-307
-192
80
357
415
345
464
788
1022
1037
991
1071
1223
1303
1253
1235
1324
1352
1264
1171
1263
1452
1492
1357
1175
1189
1278
1255
1125
935
794
663
528
300
87
-172
-472
-713
-871
-1015
-1219
-1417
-1543
-1569
-1605
-1681
-1740
-1679
-1541
-1421
-1399
-1338
-1149
-925
-763
-701
-582
-357
-146
12
129
287
417
553
673
756
861
914
890
796
786
853
903
887
884
976
1089
1164
1146
1116
1274
1466
1555
1457
1331
1401
1563
1494
1171
889
780
680
467
150
-139
-276
-468
-774
-1012
-1129
-1205
-1353
-1590
-1685
-1658
-1679
-1759
-1796
-1702
-1617
-1666
-1747
-1663
-1397
-1269
-1331
-1368
-1233
-961
-807
-774
-686
-483
-345
-310
-200
63
376
449
357
395
673
948
1027
967
979
1134
1236
1183
1120
1190
1249
1195
1077
1143
1361
1427
1282
1082
1157
1271
1235
1051
873
839
769
579
286
81
-96
-376
-691
-906
-990
-1118
-1352
-1542
-1571
-1538
-1614
-1717
-1725
-1584
-1418
-1343
-1324
-1177
-952
-786
-685
-554
-321
-123
-3
132
296
456
615
703
755
867
982
965
874
863
867
907
890
855
906
1041
1164
1144
1048
1139
1414
1547
1486
1314
1296
1458
1509
1270
954
789
730
556
234
-69
-223
-351
-659
-960
-1096
-1188
-1318
-1536
-1739
-1710
-1708
-1812
-1890
-1801
-1662
-1647
-1738
-1744
-1520
-1290
-1254
-1335
-1254
-1024
-799
-751
-700
-496
-301
-269
-273
-84
244
496
467
379
534
868
1082
1058
1018
1098
1251
1282
1187
1197
1289
1308
1185
1108
1267
1418
1408
1203
1114
1210
1251
1163
959
868
836
695
398
141
-30
-218
-532
-842
-1009
-1121
-1276
-1524
-1634
-1633
-1636
-1725
-1827
-1718
-1534
-1398
-1406
-1350
-1137
-879
-714
-637
-474
-255
-62
48
191
365
563
693
723
790
918
1008
954
880
857
919
962
942
962
1078
1196
1244
1154
1133
1387
1580
1579
1374
1264
1375
1518
1408
1044
809
729
628
362
15
-190
-300
-516
-901
-1140
-1226
-1287
-1475
-1747
-1842
-1792
-1805
-1910
-1950
-1838
-1717
-1782
-1860
-1733
-1473
-1328
-1372
-1375
-1179
-891
-745
-754
-621
-374
-241
-217
-121
136
454
577
501
527
789
1088
1182
1139
1159
1267
1358
1306
1257
1321
1361
1301
1199
1236
1414
1493
1374
1189
1191
1270
1252
1094
889
815
755
568
261
-2
-187
-396
-689
-965
-1134
-1252
-1423
-1583
-1637
-1677
-1710
-1780
-1812
-1688
-1494
-1371
-1367
-1292
-1066
-845
-707
-612
-456
-236
-49
87
210
398
611
700
707
783
924
1005
915
849
890
945
965
925
998
1202
1320
1231
1076
1277
1600
1715
1576
1315
1363
1571
1611
1284
929
808
735
548
190
-81
-192
-336
-672
-1026
-1164
-1209
-1316
-1601
-1814
-1826
-1802
-1862
-1917
-1858
-1763
-1766
-1852
-1831
-1589
-1384
-1378
-1434
-1360
-1099
-893
-837
-775
-571
-384
-321
-244
-34
288
480
425
390
596
907
1056
1053
1091
1209
1326
1316
1251
1302
1392
1357
1223
1198
1348
1503
1453
1249
1182
1275
1309
1228
1059
930
858
731
510
259
27
-208
-472
-721
-916
-1090
-1288
-1442
-1536
-1588
-1654
-1733
-1755
-1699
-1579
-1469
-1398
-1323
-1171
-986
-832
-710
-571
-397
-218
-40
87
231
404
567
654
698
812
897
910
847
825
868
922
885
870
1023
1227
1317
1180
1066
1310
1614
1687
1487
1277
1350
1558
1536
1170
853
757
697
494
145
-107
-186
-349
-678
-973
-1123
-1173
-1282
-1532
-1684
-1692
-1687
-1746
-1772
-1710
-1640
-1662
-1768
-1713
-1481
-1344
-1365
-1385
-1280
-1063
-911
-851
-742
-535
-429
-444
-349
-108
206
333
237
253
495
802
933
900
948
1081
1203
1169
1110
1198
1294
1250
1114
1104
1314
1457
1381
1161
1144
1264
1288
1174
988
904
821
689
450
223
26
-207
-470
-699
-860
-1045
-1241
-1381
-1421
-1454
-1554
-1609
-1615
-1514
-1394
-1334
-1309
-1189
-988
-844
-744
-635
-446
-287
-138
-3
146
298
452
556
599
683
820
902
854
834
829
860
892
850
839
965
1165
1236
1104
1008
1221
1502
1592
1422
1222
1268
1463
1460
1124
816
714
659
439
66
-177
-238
-378
-715
-1031
-1193
-1246
-1331
-1557
-1716
-1712
-1706
-1768
-1765
-1676
-1578
-1603
-1692
-1596
-1369
-1222
-1264
-1338
-1232
-992
-842
-830
-739
-512
-372
-389
-317
-68
270
406
305
290
571
910
1015
962
963
1140
1278
1222
1096
1169
1292
1265
1099
1066
1239
1411
1327
1123
1083
1172
1224
1125
947
844
757
598
354
112
-70
-308
-574
-804
-958
-1111
-1285
-1407
-1436
-1466
-1562
-1601
-1578
-1444
-1330
-1314
-1272
-1120
-897
-774
-688
-583
-392
-194
-81
63
222
415
544
606
671
780
942
958
898
848
849
883
867
824
828
931
1098
1173
1051
982
1190
1421
1503
1360
1149
1174
1373
1390
1061
736
603
587
410
35
-237
-312
-411
-718
-1041
-1200
-1197
-1239
-1478
-1671
-1660
-1654
-1692
-1706
-1619
-1530
-1568
-1662
-1576
-1309
-1176
-1225
-1293
-1182
-894
-738
-753
-673
-431
-285
-324
-287
-32
343
479
347
311
590
932
1036
972
964
1123
1256
1193
1092
1163
1299
1282
1160
1102
1243
1379
1298
1200
1136
1141
1129
993
875
799
684
434
188
10
-182
-397
-664
-887
-1042
-1204
-1367
-1445
-1464
-1506
-1599
-1688
-1619
-1426
-1324
-1322
-1288
-1146
-957
-807
-725
-572
-380
-197
-61
63
218
400
536
564
663
810
892
917
865
829
855
887
837
824
898
1066
1187
1169
1047
1087
1325
1517
1532
1333
1221
1317
1459
1337
1015
782
689
596
327
-29
-245
-344
-520
-850
-1132
-1243
-1240
-1358
-1573
-1684
-1710
-1734
-1743
-1673
-1579
-1552
-1642
-1678
-1491
-1249
-1187
-1249
-1245
-1037
-807
-728
-727
-573
-312
-239
-278
-188
105
430
496
363
411
725
1004
1063
1015
1065
1201
1248
1148
1126
1220
1324
1316
1215
1197
1293
1330
1289
1250
1196
1150
1040
933
872
797
581
265
19
-128
-298
-524
-793
-994
-1143
-1341
-1455
-1509
-1508
-1561
-1691
-1734
-1625
-1418
-1339
-1339
-1290
-1132
-927
-819
-706
-530
-349
-219
-87
73
284
472
575
640
720
850
889
903
905
892
895
854
836
856
1008
1152
1199
1108
1047
1265
1530
1643
1532
1319
1318
1484
1531
1283
958
785
688
520
203
-84
-210
-341
-622
-923
-1136
-1190
-1262
-1451
-1628
-1690
-1715
-1751
-1740
-1643
-1583
-1630
-1704
-1644
-1402
-1207
-1213
-1272
-1200
-965
-787
-776
-680
-474
-319
-310
-279
-76
232
427
379
321
511
825
974
994
1019
1119
1216
1162
1086
1155
1274
1290
1214
1184
1266
1340
1281
1229
1228
1214
1146
979
883
834
731
449
67
-159
-295
-465
-708
-954
-1135
-1290
-1438
-1509
-1488
-1511
-1613
-1719
-1707
-1499
-1303
-1267
-1252
-1148
-946
-787
-669
-511
-307
-134
-43
82
298
508
669
733
767
879
970
971
941
947
951
946
913
896
1003
1165
1248
1182
1074
1189
1436
1589
1557
1379
1284
1368
1450
1268
960
751
621
452
184
-111
-291
-426
-669
-974
-1183
-1305
-1382
-1512
-1686
-1738
-1765
-1837
-1856
-1741
-1630
-1633
-1725
-1715
-1507
-1287
-1227
-1276
-1226
-1032
-818
-751
-684
-490
-320
-280
-240
-66
212
434
444
408
552
828
986
1030
1058
1151
1244
1207
1155
1200
1308
1334
1279
1272
1289
1328
1258
1258
1312
1243
1110
889
806
843
786
471
80
-144
-251
-407
-656
-909
-1089
-1229
-1390
-1509
-1511
-1488
-1542
-1679
-1720
-1560
-1360
-1277
-1258
-1168
-992
-813
-671
-511
-312
-113
26
150
302
494
699
776
825
915
984
998
985
987
975
967
902
853
1023
1212
1263
1148
1023
1207
1474
1597
1482
1317
1306
1411
1415
1165
935
802
650
392
66
-152
-245
-423
-761
-1058
-1226
-1306
-1426
-1637
-1765
-1789
-1807
-1895
-1914
-1804
-1671
-1685
-1796
-1757
-1538
-1297
-1260
-1307
-1242
-1053
-857
-775
-663
-451
-303
-271
-190
-19
276
502
500
459
621
863
1022
1068
1103
1196
1278
1263
1217
1273
1376
1392
1352
1345
1379
1392
1336
1352
1374
1302
1149
918
817
843
741
386
-19
-228
-330
-483
-737
-1019
-1207
-1300
-1437
-1564
-1607
-1584
-1577
-1689
-1725
-1598
-1391
-1264
-1231
-1165
-999
-798
-610
-449
-282
-70
102
228
389
591
753
842
901
991
999
955
940
960
994
959
901
962
1133
1272
1193
1039
1217
1492
1650
1522
1300
1344
1556
1562
1213
899
838
810
560
123
-169
-225
-326
-682
-1088
-1260
-1265
-1363
-1646
-1850
-1831
-1782
-1835
-1927
-1900
-1784
-1734
-1806
-1785
-1605
-1455
-1378
-1353
-1255
-1072
-928
-841
-681
-436
-320
-286
-180
53
347
485
482
531
781
1004
1099
1120
1190
1322
1371
1331
1343
1401
1474
1488
1446
1464
1476
1439
1400
1406
1402
1311
1141
987
876
812
654
371
62
-179
-348
-523
-748
-1001
-1228
-1401
-1480
-1557
-1659
-1730
-1766
-1762
-1772
-1705
-1603
-1467
-1352
-1260
-1150
-986
-747
-552
-415
-283
-44
179
321
481
623
754
858
916
923
911
955
970
988
1018
1046
1143
1253
1323
1280
1279
1413
1593
1691
1579
1464
1504
1637
1579
1274
995
894
837
569
169
-87
-172
-321
-680
-1023
-1212
-1267
-1411
-1678
-1836
-1876
-1889
-1957
-2006
-1944
-1851
-1868
-1905
-1790
-1592
-1475
-1456
-1413
-1247
-1031
-930
-862
-690
-479
-378
-355
-218
70
375
471
449
558
855
1107
1146
1118
1215
1376
1436
1369
1315
1424
1543
1488
1390
1451
1598
1620
1491
1332
1354
1378
1295
1065
855
769
675
433
80
-191
-378
-569
-790
-1028
-1239
-1383
-1493
-1590
-1660
-1711
-1758
-1800
-1789
-1687
-1566
-1490
-1407
-1266
-1096
-941
-798
-616
-406
-197
-15
152
332
492
640
718
771
880
903
884
873
906
948
992
1127
1207
1231
1183
1167
1351
1572
1665
1528
1393
1467
1650
1653
1352
1082
981
939
745
376
85
-42
-175
-497
-843
-1037
-1106
-1238
-1559
-1751
-1750
-1745
-1837
-1943
-1920
-1856
-1832
-1869
-1849
-1669
-1504
-1480
-1471
-1312
-1109
-967
-916
-765
-534
-373
-343
-255
7
296
471
455
507
710
966
1061
1087
1159
1258
1317
1316
1313
1382
1461
1473
1481
1490
1530
1510
1447
1426
1410
1318
1196
1049
944
866
677
401
130
-74
-259
-456
-683
-942
-1130
-1285
-1420
-1511
-1617
-1686
-1739
-1778
-1760
-1696
-1593
-1487
-1384
-1303
-1198
-1040
-831
-612
-450
-311
-99
143
330
485
614
722
829
925
924
894
914
964
997
1017
1067
1181
1299
1322
1222
1229
1402
1582
1622
1474
1384
1467
1574
1456
1168
975
874
769
508
167
-46
-161
-356
-694
-977
-1117
-1198
-1380
-1630
-1771
-1802
-1820
-1906
-1971
-1922
-1890
-1921
-1936
-1820
-1620
-1507
-1493
-1437
-1267
-1044
-932
-885
-709
-488
-350
-288
-154
97
362
469
460
596
837
1031
1086
1094
1207
1362
1387
1301
1288
1399
1486
1455
1378
1430
1601
1626
1488
1345
1366
1392
1311
1122
920
808
698
486
148
-132
-320
-505
-746
-988
-1188
-1345
-1452
-1539
-1619
-1685
-1724
-1740
-1726
-1647
-1555
-1497
-1414
-1263
-1090
-961
-840
-673
-449
-231
-83
108
288
471
637
718
777
861
964
937
908
924
972
1027
1117
1245
1277
1279
1239
1360
1561
1680
1602
1412
1399
1557
1604
1357
1043
867
814
661
339
59
-88
-215
-519
-868
-1086
-1139
-1201
-1485
-1751
-1797
-1758
-1820
-1908
-1917
-1864
-1844
-1931
-1943
-1756
-1562
-1527
-1560
-1479
-1228
-1010
-970
-885
-673
-464
-360
-289
-91
210
433
455
472
666
965
1126
1120
1149
1267
1394
1392
1375
1420
1503
1536
1516
1553
1614
1651
1571
1464
1492
1479
1422
1242
1019
917
819
624
268
-19
-206
-376
-565
-797
-1016
-1197
-1317
-1440
-1522
-1613
-1636
-1680
-1739
-1689
-1587
-1473
-1415
-1347
-1253
-1078
-890
-713
-573
-426
-226
-33
121
236
449
611
657
713
747
752
794
849
860
906
996
1086
1160
1186
1194
1264
1378
1486
1525
1437
1366
1405
1467
1366
1122
908
799
714
524
234
6
-123
-277
-540
-844
-1002
-1099
-1271
-1503
-1649
-1688
-1720
-1789
-1845
-1823
-1778
-1784
-1836
-1783
-1609
-1476
-1437
-1423
-1274
-1067
-944
-828
-688
-524
-415
-308
-144
88
324
369
397
546
798
980
1020
1045
1148
1292
1334
1278
1300
1440
1518
1531
1496
1541
1632
1591
1520
1495
1496
1429
1269
1099
976
891
704
380
99
-75
-216
-388
-627
-870
-1069
-1198
-1284
-1367
-1496
-1595
-1661
-1647
-1597
-1552
-1507
-1459
-1358
-1270
-1186
-1046
-849
-656
-521
-420
-232
-18
203
344
422
509
617
717
724
733
759
813
846
881
975
1071
1154
1133
1087
1205
1404
1495
1439
1334
1347
1429
1419
1239
1025
885
761
577
300
92
-45
-212
-491
-754
-908
-1024
-1151
-1372
-1535
-1598
-1645
-1711
-1760
-1736
-1691
-1716
-1779
-1731
-1577
-1453
-1440
-1423
-1273
-1053
-899
-841
-727
-494
-302
-253
-212
-27
263
466
486
488
646
887
1047
1051
1061
1154
1284
1306
1262
1271
1358
1466
1493
1433
1397
1423
1453
1494
1412
1298
1156
1088
1019
882
677
406
167
-8
-185
-365
-546
-755
-958
-1141
-1233
-1296
-1384
-1508
-1598
-1593
-1577
-1539
-1486
-1431
-1319
-1244
-1177
-1042
-852
-657
-527
-414
-243
-57
143
277
433
546
614
671
704
764
811
805
781
785
845
965
1060
1112
1100
1069
1168
1323
1433
1384
1280
1275
1335
1323
1125
899
793
720
518
222
-32
-136
-245
-496
-809
-981
-1044
-1152
-1340
-1495
-1547
-1585
-1650
-1703
-1679
-1625
-1624
-1662
-1641
-1519
-1389
-1336
-1303
-1175
-1020
-878
-765
-639
-457
-323
-217
-113
66
298
417
462
530
696
846
937
981
1064
1172
1219
1211
1211
1257
1299
1325
1326
1369
1385
1352
1283
1252
1278
1246
1127
960
830
754
646
421
152
-77
-239
-385
-562
-755
-969
-1133
-1233
-1304
-1376
-1448
-1497
-1526
-1506
-1456
-1410
-1338
-1256
-1149
-1042
-935
-773
-611
-449
-299
-156
-12
145
326
485
570
636
697
750
772
773
770
789
825
820
852
961
1074
1096
1015
1057
1211
1371
1397
1263
1200
1257
1327
1175
912
744
672
569
331
55
-113
-212
-395
-657
-862
-1007
-1107
-1265
-1421
-1482
-1508
-1562
-1624
-1610
-1579
-1569
-1600
-1594
-1500
-1383
-1322
-1275
-1139
-968
-825
-743
-667
-457
-286
-206
-116
10
220
356
410
447
585
738
822
849
924
1046
1125
1134
1085
1107
1179
1253
1287
1266
1252
1218
1204
1211
1169
1091
981
867
761
672
562
376
153
-50
-219
-367
-522
-695
-862
-980
-1067
-1132
-1215
-1249
-1277
-1295
-1317
-1298
-1241
-1149
-1052
-976
-879
-772
-633
-521
-381
-249
-101
43
168
324
459
568
631
646
646
686
720
673
658
655
653
682
750
846
923
872
845
943
1110
1233
1175
1062
1053
1139
1150
958
740
609
519
387
162
-62
-211
-347
-557
-756
-915
-1037
-1163
-1324
-1411
-1434
-1485
-1552
-1576
-1534
-1495
-1486
-1497
-1430
-1314
-1186
-1131
-1072
-933
-798
-665
-565
-428
-278
-171
-74
53
202
340
449
531
643
769
859
908
984
1050
1069
1092
1068
1095
1142
1174
1181
1133
1106
1066
1048
1026
983
927
833
739
635
543
395
235
58
-136
-267
-360
-482
-635
-791
-890
-932
-981
-1066
-1124
-1145
-1141
-1134
-1139
-1110
-1019
-933
-863
-797
-685
-513
-397
-282
-150
0
163
292
408
482
580
691
746
767
794
828
810
758
672
566
509
508
546
546
514
491
458
580
763
873
858
732
644
708
826
773
577
330
182
135
32
-143
-400
-616
-761
-857
-934
-1068
-1190
-1256
-1317
-1321
-1297
-1312
-1281
-1240
-1174
-1110
-1086
-997
-830
-701
-630
-607
-553
-394
-190
-64
-11
73
164
249
351
483
589
655
665
657
730
850
954
944
881
833
836
897
896
858
782
721
667
639
625
575
536
469
389
297
227
198
164
54
-79
-205
-286
-301
-369
-468
-565
-665
-717
-734
-764
-783
-818
-842
-819
-778
-708
-667
-623
-556
-483
-413
-313
-214
-111
-5
86
165
228
318
411
468
510
532
562
602
624
655
630
607
521
471
428
380
308
202
240
298
325
225
78
124
231
339
292
162
168
259
343
297
145
47
8
-33
-73
-156
-258
-340
-416
-454
-502
-594
-655
-729
-744
-752
-800
-812
-756
-632
-592
-608
-590
-504
-377
-281
-269
-269
-185
-81
13
56
70
110
132
162
248
278
288
324
322
325
352
398
442
442
445
424
425
460
479
464
418
358
299
287
283
246
163
87
44
20
-30
-78
-101
-122
-181
-236
-266
-280
-264
-309
-362
-390
-371
-326
-349
-361
-365
-344
-333
-330
-298
-247
-185
-141
-102
-61
17
97
165
231
261
280
322
379
440
470
444
428
422
447
452
417
369
334
314
241
197
151
122
90
30
27
24
30
-3
-28
17
49
49
21
21
60
64
24
-47
-72
-80
-78
-122
-179
-208
-238
-264
-299
-296
-335
-368
-400
-444
-411
-366
-346
-338
-334
-327
-287
-254
-212
-163
-149
-128
-106
-75
-40
-24
13
22
47
50
43
83
111
138
137
115
129
172
214
235
225
210
232
257
261
230
184
190
178
145
99
57
49
40
-5
-72
-112
-118
-94
-119
-158
-176
-164
-137
-132
-138
-147
-139
-142
-137
-119
-83
-86
-102
-81
-41
0
-3
0
24
90
153
186
213
225
278
308
295
311
305
302
290
256
242
188
132
124
111
88
33
-25
-45
-30
-51
-98
-152
-164
-119
-111
-114
-144
-128
-90
-67
-51
-43
-27
-11
-20
-21
-7
3
20
38
34
27
6
20
32
17
6
-34
-39
-33
-33
-44
-84
-89
-80
-81
-79
-95
-77
-57
-68
-52
-61
-30
-20
-37
-62
-49
-49
-52
-37
-61
-87
-109
-105
-83
-49
-39
-58
-63
-41
-22
-1
-18
-18
0
2
4
-13
-22
-39
-45
-56
-68
-61
-51
-64
-59
-48
-22
-11
-7
-3
-7
25
42
35
35
28
44
78
106
122
92
83
110
130
117
96
88
104
129
126
111
77
70
73
69
78
70
41
42
59
71
70
42
22
29
54
48
35
35
18
22
1
-24
-28
-35
-45
-46
-54
-40
-28
-36
-48
-55
-44
-44
-34
-31
-14
9
7
-13
-16
-15
-8
-5
-33
-19
-26
-15
-21
-13
21
3
13
15
35
37
48
66
86
82
57
32
30
47
38
15
-15
-6
4
3
-12
-18
-36
-58
-54
-40
-13
-36
-48
-62
-45
-12
-39
-77
-70
-41
-42
-68
-83
-72
-61
-60
-102
-127
-94
-69
-87
-96
-113
-106
-96
-94
-104
-98
-74
-68
-47
-23
-4
3
-1
36
65
87
92
78
83
84
98
83
71
77
93
88
62
53
44
43
58
43
42
26
10
17
18
13
-1
-21
-13
-14
-7
-4
-24
-24
-25
-20
-35
-53
-56
-73
-71
-84
-82
-76
-63
-47
-30
6
38
60
62
86
94
105
87
112
113
117
127
112
130
127
135
122
108
98
100
97
102
89
66
57
57
64
56
36
9
1
-18
-28
-40
-51
-87
-114
-117
-107
-110
-126
-126
-126
-118
-128
-106
-75
-44
-22
-53
-50
-44
-18
-14
-29
-20
-39
-46
-56
-47
-35
-35
-56
-65
-57
-33
-9
-23
-35
-29
-6
11
17
15
6
22
54
61
63
46
61
84
94
68
35
28
39
35
8
-19
-37
-58
-65
-67
-71
-83
-113
-130
-135
-118
-94
-100
-106
-97
-108
-106
-98
-81
-61
-46
-44
-41
-27
-23
-7
1
1
-1
29
58
62
84
121
130
146
165
179
189
204
216
230
223
219
218
204
196
183
171
155
126
118
107
92
83
55
58
59
49
24
5
-4
-15
-12
-16
-38
-63
-85
-97
-114
-113
-137
-149
-151
-153
-140
-118
-112
-110
-107
-95
-80
-74
-59
-52
-32
-22
-37
-32
-42
-55
-60
-62
-72
-68
-55
-52
-57
-56
-52
-42
-25
-2
15
28
38
54
60
61
62
79
82
85
63
44
33
27
15
3
-10
-38
-44
-66
-64
-72
-101
-112
-122
-105
-103
-119
-135
-139
-131
-123
-120
-114
-114
-105
-95
-85
-48
-27
-28
-15
-4
2
27
46
57
54
70
82
113
130
117
128
139
135
133
144
173
198
203
198
194
207
210
223
208
181
179
174
169
148
138
131
115
85
54
51
44
43
12
-8
-25
-29
-47
-59
-76
-88
-102
-128
-127
-118
-117
-146
-160
-168
-159
-157
-154
-143
-120
-130
-129
-125
-124
-108
-112
-114
-94
-78
-64
-68
-87
-72
-72
-70
-74
-71
-69
-60
-58
-44
-21
-2
4
9
13
35
49
51
66
72
71
70
49
59
62
60
66
60
46
34
49
35
19
1
-15
-8
-7
-29
-44
-44
-18
-18
-25
-25
-31
-19
-20
-21
-30
-21
-10
5
5
4
-9
-10
8
27
2
-27
-32
-27
-14
1
0
-12
4
11
42
74
82
75
75
86
94
105
110
109
112
112
120
113
119
125
116
110
95
87
87
83
79
62
45
37
15
5
-14
-37
-50
-67
-55
-63
-68
-87
-90
-92
-107
-108
-99
-87
-75
-78
-89
-78
-84
-70
-62
-69
-56
-50
-46
-41
-41
-31
-28
-32
-33
-22
-21
-24
-23
-6
8
12
13
5
24
47
57
64
65
93
92
76
72
78
81
77
79
66
68
53
40
48
50
43
19
-9
-16
-21
-18
-29
-64
-68
-75
-70
-71
-50
-47
-53
-53
-38
-22
-20
-21
-35
-30
-37
-52
-63
-70
-70
-82
-88
-96
-89
-71
-77
-91
-92
-75
-59
-47
-42
-24
-12
5
15
39
62
59
78
66
77
88
82
86
85
66
67
76
79
81
77
68
62
55
46
59
47
40
34
14
-2
-6
0
-1
-5
-11
0
4
8
3
11
15
17
13
22
31
26
6
-4
5
6
12
-1
-6
-15
-13
-9
-3
0
-8
-14
-21
-10
0
2
-11
0
10
15
20
16
41
55
72
74
75
96
85
64
58
68
71
65
54
22
5
-15
-34
-51
-59
-70
-112
-132
-136
-135
-132
-121
-127
-118
-112
-117
-105
-122
-108
-107
-111
-106
-109
-100
-102
-106
-120
-121
-99
-104
-113
-107
-108
-86
-82
-71
-49
-29
-24
-25
-15
9
41
48
61
55
76
80
95
98
109
129
124
122
128
127
123
130
114
125
107
107
100
104
94
85
83
66
74
67
66
52
43
47
43
34
25
16
2
-5
-18
-36
-38
-18
-7
0
-10
-6
22
11
23
23
19
30
30
38
36
36
31
39
38
40
35
45
40
43
46
56
68
79
95
90
80
96
99
74
66
61
52
40
23
2
2
-26
-58
-96
-118
-126
-147
-161
-178
-174
-193
-185
-180
-174
-176
-170
-154
-155
-143
-148
-147
-147
-147
-137
-138
-130
-117
-116
-131
-130
-117
-104
-109
-104
-89
-76
-62
-67
-48
-21
10
21
17
37
51
68
79
81
93
100
112
111
116
108
117
140
137
127
124
143
134
144
134
123
121
119
129
117
110
104
106
91
81
76
62
59
66
68
73
60
48
44
49
52
41
40
32
39
48
61
62
50
41
37
43
38
22
16
16
4
0
-13
-10
-11
-14
-12
-29
-26
-6
0
22
9
5
15
19
31
28
21
22
16
27
23
-3
-13
-38
-52
-69
-73
-80
-95
-118
-141
-151
-146
-143
-157
-164
-163
-160
-150
-160
-159
-156
-153
-151
-160
-153
-149
-147
-158
-166
-164
-148
-128
-128
-119
-117
-109
-76
-60
-49
-45
-42
-41
-25
-1
18
17
25
48
64
85
92
111
132
139
137
137
129
140
139
139
132
129
132
128
127
123
129
116
104
108
105
103
114
106
113
97
87
80
68
70
64
63
57
44
33
24
19
22
14
28
32
41
47
47
33
22
19
18
16
16
13
3
-9
-15
0
-20
-35
-51
-38
-16
-2
1
-9
-7
0
17
25
32
31
33
19
4
1
7
5
-12
-39
-47
-52
-64
-82
-95
-107
-105
-106
-106
-107
-105
-106
-107
-101
-94
-95
-90
-96
-101
-99
-115
-100
-103
-118
-115
-120
-127
-122
-138
-134
-117
-106
-116
-102
-90
-65
-44
-26
-10
2
26
27
48
58
61
68
78
82
96
85
93
97
98
104
95
95
95
101
106
115
112
111
112
107
93
102
109
104
87
78
85
72
72
52
39
45
34
23
26
23
22
23
12
14
18
8
17
11
9
13
11
15
13
20
1
9
6
-3
-2
1
2
-1
0
-5
-4
-4
0
14
14
25
26
26
42
54
57
42
41
33
22
26
19
7
-1
-7
-3
-12
-25
-36
-54
-62
-64
-73
-80
-89
-89
-94
-99
-93
-99
-93
-93
-97
-102
-105
-97
-91
-100
-105
-111
-122
-113
-112
-117
-121
-108
-89
-76
-66
-60
-44
-23
-2
8
21
24
38
40
50
58
55
70
66
78
81
82
89
74
58
62
62
60
56
53
60
52
55
43
48
47
39
29
13
6
-13
-7
-16
-18
-12
-22
-14
-24
-17
-12
-8
-4
-7
2
12
21
14
18
16
38
37
36
44
52
71
59
49
43
44
49
52
52
47
52
60
66
61
66
72
86
81
75
54
55
49
33
44
37
29
25
19
5
-6
-15
-20
-18
-29
-41
-57
-63
-78
-92
-91
-107
-116
-119
-119
-109
-108
-105
-93
-93
-85
-90
-92
-94
-103
-106
-101
-106
-107
-100
-100
-86
-89
-81
-71
-53
-42
-38
-27
-15
-4
8
12
26
29
43
52
59
58
53
70
73
78
72
78
77
80
81
63
54
49
46
42
31
26
29
31
25
25
16
12
13
16
10
7
4
7
-4
-4
6
8
10
6
14
7
13
42
45
51
48
54
80
84
79
73
70
69
65
55
41
33
33
37
31
30
23
17
31
24
27
24
18
9
23
23
11
5
-3
-6
-16
-28
-43
-46
-48
-51
-59
-68
-73
-68
-71
-92
-91
-86
-82
-69
-70
-72
-65
-68
-68
-63
-63
-65
-57
-47
-42
-32
-37
-28
-24
-37
-25
-31
-20
-23
-19
-21
-36
-29
-22
-11
-16
-13
-20
1
11
11
10
10
12
12
10
9
12
24
40
36
29
23
25
27
26
36
26
25
34
35
36
28
34
26
35
35
21
25
17
32
29
26
22
21
23
16
29
44
50
37
32
36
41
51
51
54
47
50
53
48
49
49
53
41
29
41
41
27
19
18
21
11
19
3
2
-17
-31
-31
-20
-12
-16
-30
-26
-27
-25
-23
-30
-45
-51
-49
-55
-59
-71
-71
-74
-64
-53
-61
-51
-41
-31
-27
-34
-36
-34
-24
-22
-10
-8
0
2
5
9
4
7
10
1
10
15
11
8
1
0
1
-1
8
-2
-9
3
0
3
-5
-16
-10
-12
-17
-24
-16
-25
-19
-24
-28
-27
-14
-2
-3
-2
-11
-9
-8
-8
-17
-20
-28
-22
-33
-29
-29
-14
-9
-18
-6
-5
9
6
15
14
25
28
37
41
41
40
38
43
44
51
46
44
39
38
45
43
45
47
39
50
53
58
61
64
61
49
39
28
22
15
6
9
6
8
8
13
4
1
4
1
-5
-6
0
-2
-13
-19
-20
-30
-30
-40
-34
-35
-42
-47
-56
-45
-41
-43
-35
-46
-35
-25
-17
-5
-12
-11
-8
7
8
14
15
1
-5
-13
-9
-4
-14
-10
-9
-6
-5
-10
-16
-17
-16
-24
-29
-32
-38
-36
-27
-25
-19
-16
-20
-22
-27
-21
-26
-28
-20
-17
-13
-18
-12
-21
-31
-37
-40
-31
-24
-25
-24
-17
-18
-8
-15
-14
-13
-17
-12
-20
-17
-25
-15
-11
-7
-7
1
16
17
32
40
41
43
39
48
52
53
50
55
54
46
49
54
60
64
63
64
70
82
77
72
71
72
81
82
76
62
51
48
48
44
40
39
26
31
24
20
9
1
5
1
-1
-6
-16
-17
-22
-29
-31
-41
-36
-33
-36
-27
-32
-34
-23
-23
-23
-32
-22
-26
-23
-17
-30
-32
-21
-13
-19
-21
-30
-32
-24
-18
-27
-27
-21
-29
-23
-22
-21
-12
-12
-12
-13
-16
-13
-16
-19
-18
-12
-22
-31
-47
-50
-41
-47
-56
-54
-53
-57
-56
-45
-49
-58
-55
-53
-47
-34
-34
-31
-26
-24
-20
-16
-6
-6
2
13
28
42
43
54
57
54
66
70
65
69
71
66
78
81
82
87
79
72
66
64
70
74
69
67
68
61
53
50
52
44
35
39
36
29
18
13
7
6
-4
-15
-15
-33
-32
-30
-36
-42
-59
-48
-52
-57
-61
-66
-50
-56
-53
-55
-59
-56
-57
-48
-42
-36
-41
-38
-39
-28
-19
-10
-26
-28
-30
-36
-30
-27
-23
-33
-30
-22
-22
-34
-25
-20
-12
-15
-16
-8
-12
0
11
14
9
4
-3
-2
7
6
16
1
17
18
12
17
4
14
9
-1
-2
-13
-9
-6
-14
-12
-8
-4
1
2
2
1
4
10
9
17
27
25
31
37
40
33
41
48
37
38
31
37
41
42
50
44
43
37
31
34
28
28
33
25
35
29
27
35
31
44
38
25
17
20
18
20
12
15
6
7
8
-4
0
-5
-5
-13
-19
-16
-26
-30
-29
-42
-42
-40
-36
-44
-56
-51
-52
-37
-45
-42
-36
-30
-23
-24
-30
-25
-29
-35
-45
-47
-47
-53
-62
-60
-50
-49
-47
-40
-33
-35
-24
-18
-17
-7
-2
1
-6
-1
-11
-12
-13
0
8
10
24
25
33
36
43
37
48
47
40
41
40
42
44
45
38
44
44
53
45
44
37
31
36
25
16
22
23
12
5
3
5
1
6
9
18
18
20
27
17
19
25
17
30
25
21
12
9
11
5
11
-2
-10
-8
3
9
-1
-8
-12
-13
-10
-6
-9
-5
-3
-4
-7
-15
-9
-18
-23
-26
-24
-28
-31
-26
-31
-39
-35
-37
-33
-30
-35
-24
-32
-29
-26
-19
-18
-14
-13
-26
-15
-20
-17
-11
-14
-14
-18
-13
-20
-13
-13
-11
-4
-4
-7
-2
6
7
13
15
18
22
27
31
35
33
30
24
34
25
21
30
22
23
19
20
20
17
17
17
17
15
15
11
5
-2
-2
0
-2
-2
-10
-25
-22
-29
-27
-38
-36
-44
-40
-34
-37
-29
-27
-21
-31
-33
-26
-22
-28
-29
-30
-30
-21
-20
-12
-5
0
-2
1
7
11
5
14
15
21
22
29
22
29
34
38
41
38
45
50
66
68
64
55
48
49
49
48
44
40
34
18
17
23
16
5
7
3
-4
1
5
2
2
-8
-14
-24
-19
-20
-22
-19
-22
-23
-33
-37
-42
-38
-45
-45
-48
-43
-50
-49
-45
-37
-18
-12
-5
-5
-3
0
-5
2
-2
-5
-6
-4
-7
-10
-8
-2
-4
-12
2
-6
0
2
12
11
-1
-7
-10
-12
-12
-23
-17
-18
-10
1
-5
-7
-9
-2
-9
-9
-10
-16
-19
-22
-25
-19
-16
-17
-19
-23
-13
-7
-5
-7
-9
-4
-7
-8
-9
-8
8
8
2
15
18
29
35
35
46
55
63
67
69
63
70
74
62
64
60
73
73
62
60
49
43
36
39
28
21
17
-3
-7
-8
-19
-15
-11
-11
-14
-25
-24
-21
-28
-31
-27
-34
-37
-48
-40
-36
-51
-48
-49
-53
-48
-42
-47
-46
-54
-54
-49
-51
-52
-52
-42
-32
-33
-16
-26
-8
-7
-1
5
-5
11
21
29
28
27
19
30
29
24
31
20
14
21
11
14
20
11
18
10
7
11
10
8
6
19
14
23
24
18
17
22
28
18
31
25
16
12
1
0
-1
4
0
4
-5
-6
-9
-5
3
8
20
17
23
19
19
22
25
29
22
27
31
25
27
28
21
21
21
21
20
23
24
27
18
19
15
1
4
-1
-5
-13
-16
-25
-31
-36
-33
-26
-30
-33
-35
-39
-38
-31
-24
-32
-30
-29
-29
-32
-37
-38
-48
-45
-39
-42
-38
-37
-39
-38
-36
-33
-33
-32
-29
-19
-19
-16
-10
-10
-11
-5
-3
-3
-4
1
6
5
9
16
17
25
17
18
12
11
11
7
17
21
9
16
9
1
13
2
9
7
13
9
1
4
10
18
23
27
24
23
24
30
29
23
29
25
26
16
21
30
23
19
11
10
17
12
1
-3
-1
-3
0
0
-1
2
3
0
-4
-5
-3
-5
-5
0
0
-5
-7
-9
-12
-10
-15
-13
-8
-11
0
-6
-9
-17
-21
-28
-25
-28
-30
-34
-40
-37
-35
-31
-37
-37
-31
-28
-19
-7
-12
-5
2
-8
-12
-7
-4
0
5
1
7
5
13
8
12
12
1
-5
-5
0
0
5
15
17
12
14
15
22
18
24
27
18
18
18
24
20
18
20
20
21
12
19
18
17
20
19
22
19
15
5
5
8
5
4
8
1
0
-7
0
-4
-2
4
6
5
-13
-5
-9
-9
-10
-10
-11
-9
-6
-7
-10
-13
-18
-13
-13
-18
-18
-18
-12
-16
-14
-12
-4
1
3
3
-1
-12
0
3
7
11
14
16
15
24
29
23
24
23
34
32
14
14
9
17
8
16
18
13
7
5
3
3
7
6
3
4
12
6
6
-7
-7
-11
-9
-10
-19
-16
-18
-22
-23
-22
-21
-23
-25
-27
-24
-14
-16
-8
-12
-16
-12
-15
-8
2
4
9
13
15
21
13
15
9
9
17
20
18
6
7
12
7
2
0
2
3
0
1
-4
-3
-4
0
0
-3
-1
-5
-11
-8
-8
-19
-18
-19
-19
-24
-20
-16
-23
-20
-21
-19
-11
-2
-1
4
6
7
10
7
9
5
-4
6
10
8
13
7
10
16
18
15
11
15
12
20
9
12
13
9
19
17
14
8
0
2
0
5
5
1
8
5
3
9
7
9
1
6
4
1
0
-6
-11
-13
-15
-30
-36
-38
-40
-32
-36
-33
-33
-30
-19
-20
-21
-17
-23
-30
-24
-29
-24
-17
-20
-22
-23
-30
-22
-19
-19
-10
-18
-20
-19
-20
-18
-15
-4
-6
-9
-5
-1
7
9
5
8
9
13
22
17
18
21
21
21
15
16
13
14
15
20
19
15
18
15
24
18
21
18
24
17
12
17
20
19
18
19
12
10
2
14
7
14
17
20
26
21
21
21
26
23
23
15
20
17
20
13
18
14
10
14
9
17
20
20
14
15
20
22
12
-1
4
3
-4
-3
-2
-6
-8
-8
-11
-19
-19
-22
-23
-19
-18
-13
-4
2
-2
-3
-11
-14
-18
-22
-22
-21
-21
-28
-34
-33
-31
-24
-24
-21
-15
-16
-20
-21
-17
-7
-9
-5
-6
-12
-16
-24
-27
-23
-17
-11
-14
-6
-7
-8
-3
-6
-8
-7
-7
-5
-3
-2
-5
-4
-1
-2
9
-6
-2
0
5
11
4
2
9
9
10
13
14
10
18
19
21
30
31
30
33
35
32
33
33
29
28
43
44
44
43
42
40
41
29
32
30
22
25
14
20
21
11
16
16
18
20
11
10
10
10
5
0
-1
1
1
-8
-2
-11
-18
-18
-23
-29
-26
-24
-29
-23
-31
-29
-32
-33
-29
-35
-34
-39
-35
-47
-40
-38
-39
-36
-45
-40
-45
-46
-43
-36
-34
-36
-29
-33
-31
-35
-29
-26
-21
-21
-26
-23
-24
-14
-18
-11
-1
5
4
3
8
4
1
6
3
7
3
8
9
11
12
11
16
12
17
18
25
15
15
18
10
14
6
13
7
13
12
12
21
18
23
11
11
20
24
24
21
21
26
24
17
25
31
29
31
28
28
30
27
27
22
26
22
31
32
19
31
20
24
21
23
30
30
30
27
30
25
16
9
15
3
4
1
-7
-10
-12
-11
-11
-12
-13
-19
-20
-24
-24
-30
-35
-34
-34
-37
-37
-45
-47
-49
-54
-51
-45
-44
-49
-51
-59
-52
-56
-51
-49
-48
-39
-31
-30
-23
-25
-24
-14
-17
-12
-10
-3
-3
1
11
9
13
16
17
15
13
21
12
17
19
19
20
20
22
23
27
23
20
17
22
24
26
25
28
28
24
27
17
29
18
13
18
10
17
16
17
14
13
7
6
10
4
6
4
10
8
3
8
8
13
8
8
2
2
11
9
11
9
10
17
16
20
13
11
11
12
9
4
6
2
-10
-7
-12
-15
-11
-11
-8
-6
-5
-5
0
-5
-6
-13
-13
-4
-9
-4
-6
-9
-17
-20
-19
-17
-8
-15
-19
-19
-19
-15
-16
-10
-15
-27
-26
-27
-20
-17
-12
-10
-14
-9
-11
-2
-1
-1
-4
-6
3
0
5
6
0
11
15
15
15
15
18
11
19
16
15
14
12
5
-3
-2
-10
2
-2
4
3
-1
5
13
7
8
16
12
18
12
9
6
11
9
2
-1
-8
-12
-7
-10
-8
-2
-18
-13
-16
-4
-9
-2
3
-2
1
4
5
6
8
8
11
6
11
8
10
15
11
7
5
8
8
10
14
10
7
6
6
11
5
0
1
-3
-3
-6
-4
-8
-9
-8
-3
-2
1
-3
1
5
7
14
3
12
3
-2
0
2
1
-2
-4
-10
-10
-22
-16
-17
-22
-15
-20
-13
-9
-15
-16
-16
-11
-11
-5
-8
-3
-7
-9
-21
-16
-18
-18
-18
-15
-18
-17
-12
-12
-7
-12
-6
-11
-1
-4
0
-10
-8
-8
-10
-12
-20
0
-12
-7
-15
-12
-4
-14
-14
-22
-14
-12
-15
-11
-12
-12
-12
-7
-5
-2
-4
4
5
14
16
19
17
20
20
13
18
19
25
20
25
27
20
19
20
27
19
20
33
21
29
34
35
39
38
31
28
21
20
18
19
17
15
16
19
15
12
18
16
14
15
12
18
18
19
21
18
13
10
8
3
0
-6
-7
-9
-9
-11
-11
-17
-22
-13
-15
-15
-17
-20
-9
-17
-16
-16
-20
-20
-19
-16
-26
-14
-15
-17
-13
-19
-15
-19
-23
-19
-14
-2
-8
-13
-12
-15
-18
-20
-25
-21
-18
-29
-22
-26
-27
-22
-21
-17
-19
-12
-14
-15
-17
-14
-14
-11
-9
-13
-11
-12
-5
-1
-3
11
10
10
15
14
20
18
21
23
19
18
14
11
16
8
6
9
12
11
14
11
7
12
9
6
11
13
13
14
17
21
25
29
27
27
29
33
33
32
36
41
31
28
16
12
12
18
20
27
31
29
31
26
26
25
28
18
16
13
9
12
14
17
16
13
7
11
3
2
0
0
-5
-6
-8
-14
-19
-12
-18
-26
-21
-26
-22
-29
-35
-36
-40
-36
-42
-50
-45
-38
-37
-44
-45
-43
-42
-46
-44
-47
-41
-48
-52
-47
-54
-51
-42
-44
-40
-39
-44
-38
-38
-32
-33
-34
-27
-27
-24
-20
-21
-17
-13
-12
-5
-3
1
3
7
11
11
19
24
23
23
21
25
31
38
41
39
42
45
51
54
54
54
58
58
58
56
51
43
45
48
45
44
42
41
40
38
39
34
32
30
30
34
26
31
24
21
23
21
20
10
3
4
5
2
-6
-3
-5
-12
-12
-25
-23
-29
-28
-22
-27
-17
-21
-17
-20
-16
-13
-29
-25
-23
-21
-17
-18
-19
-28
-27
-31
-34
-33
-43
-30
-31
-29
-31
-27
-22
-21
-19
-25
-28
-26
-31
-29
-31
-28
-23
-15
-16
-22
-21
-15
-14
-9
-5
-10
-2
1
1
-1
-2
1
2
4
0
1
9
12
20
25
21
13
16
14
7
8
8
13
15
23
18
20
27
20
21
19
28
30
35
27
27
26
21
21
18
17
21
18
18
18
9
12
8
13
12
12
2
-6
1
-3
0
-2
-3
1
5
3
8
11
9
14
8
12
11
9
0
1
-6
-7
-4
1
2
-3
-8
0
-5
-3
-5
-4
-1
-7
-2
-10
-11
-13
-19
-21
-15
-20
-13
-14
-12
-16
-4
-4
0
-3
0
-2
-9
-3
-8
-2
-5
1
-3
-5
-7
-5
-6
-11
-9
-9
-6
-2
4
2
-5
-1
-6
-8
-8
-4
2
4
2
-5
0
-4
-9
-11
-13
-9
-8
-8
-2
-6
-7
-10
-21
-22
-24
-17
-15
-7
-7
-7
-3
-3
-2
-3
-5
2
-2
-6
-2
-3
-2
9
9
6
5
0
3
7
7
10
7
9
13
12
11
14
16
17
23
18
15
17
24
27
26
28
23
25
22
27
23
25
27
25
26
30
27
20
19
16
15
12
4
7
0
-1
-1
-3
-4
-7
-2
-4
6
11
8
7
4
0
2
-4
-6
-7
-7
-14
-25
-22
-25
-23
-23
-22
-28
-35
-37
-38
-36
-29
-17
-25
-20
-21
-21
-27
-27
-35
-35
-37
-42
-44
-33
-24
-25
-24
-19
-23
-22
-23
-17
-13
-9
-5
-6
-2
-7
-3
1
5
9
8
7
13
15
18
14
16
16
15
15
18
17
16
19
17
24
23
21
24
22
19
27
31
23
18
21
17
12
14
9
6
6
6
3
9
12
11
9
7
11
5
5
10
10
17
11
14
12
7
15
10
10
16
17
18
16
10
5
4
3
5
12
5
9
6
3
4
-10
-12
-3
-10
-7
-13
-18
-16
-22
-17
-20
-24
-23
-28
-22
-23
-23
-18
-21
-14
-11
-8
-12
-10
-19
-13
-11
-17
-16
-17
-15
-13
-5
-8
-6
-4
-10
-3
-2
-4
3
-3
0
-11
-8
-10
-3
-6
-8
-8
-3
-1
-8
-4
-2
-6
-6
-2
0
12
17
9
2
6
11
18
17
15
18
16
17
17
14
23
18
22
20
14
12
15
13
10
14
15
20
14
15
11
16
14
15
23
13
11
6
7
2
0
5
-5
-3
-2
-4
-4
0
-2
-2
-7
-5
-4
-9
-6
-16
-17
-15
-16
-12
-14
-10
-4
-1
0
-6
-3
2
5
7
0
1
-4
5
7
3
10
7
11
2
11
5
4
8
8
12
6
2
1
-1
-5
-12
-9
-4
-9
-6
-13
-7
-6
-10
-13
-14
-9
-8
-7
-2
-1
-3
0
-1
-3
-9
-4
-10
-9
-8
-13
-10
-12
-3
-1
-4
0
1
-1
-1
-7
-4
-7
-6
-7
-12
-9
-13
-15
-12
-12
-19
-15
-20
-24
-20
-22
-17
-15
-16
-11
-19
-16
-11
-8
0
-3
1
8
11
8
11
12
15
19
16
17
13
21
18
7
20
17
23
24
28
32
30
23
21
20
25
21
20
16
14
18
12
15
12
12
9
11
17
13
11
10
14
3
3
1
3
3
5
11
12
14
12
19
13
13
10
7
10
9
12
0
-2
-7
-10
-4
-12
-13
-14
-15
-14
-15
-14
-13
-15
-15
-16
-17
-15
-19
-18
-27
-29
-32
-37
-39
-41
-41
-39
-36
-37
-34
-34
-28
-31
-17
-19
-17
-17
-18
-23
-28
-29
-27
-23
-24
-18
-7
-9
-6
-8
-5
1
-4
-1
0
4
10
6
4
2
6
10
4
6
7
9
15
12
13
10
8
11
8
14
14
13
19
17
28
20
22
20
24
33
33
38
40
38
37
38
32
29
34
34
33
37
32
40
43
36
34
31
32
32
32
26
24
22
23
19
13
9
11
8
-2
-3
-7
-3
-4
-9
-13
-15
-18
-15
-19
-26
-24
-26
-25
-26
-30
-32
-35
-28
-26
-31
-39
-37
-47
-47
-42
-41
-32
-37
-37
-33
-35
-26
-32
-26
-17
-17
-10
-8
-9
-10
-13
-14
-16
-17
-18
-16
-15
-16
-12
-7
-3
4
-5
5
5
9
11
9
13
13
14
11
17
26
27
21
16
16
18
16
22
21
25
24
31
36
29
33
24
22
27
27
29
27
32
33
33
25
27
25
21
14
7
13
11
4
3
-4
-13
-11
1
5
2
5
1
7
-2
3
3
-1
-4
-6
-2
-10
-3
-2
-1
-4
-4
-6
-9
-2
-2
-6
-3
-8
-14
-15
-15
-12
-14
-9
-8
-11
-13
-16
-13
-16
-16
-18
-20
-13
-22
-24
-29
-31
-35
-32
-25
-24
-19
-15
-14
-5
-1
-6
-5
-5
-10
-15
-15
-14
-16
-13
-11
-14
-15
-15
-9
-6
0
-3
5
7
7
5
9
7
2
8
9
13
10
13
14
12
13
16
16
20
20
11
17
20
12
8
4
5
2
3
7
11
17
20
23
22
17
13
5
6
6
1
5
-3
-2
-9
-4
-4
-6
-2
-4
2
2
8
5
10
7
4
-3
-2
-2
-11
-11
-14
-20
-15
-11
-6
-12
-6
-2
1
6
4
8
12
12
11
5
1
1
-2
-5
-7
-6
-10
-1
-2
-6
-2
1
-5
-7
-4
-1
2
-4
-4
-6
-3
2
-4
-1
-12
-12
-5
-11
-1
-1
0
5
-4
-4
-5
-6
-9
-7
-8
-10
-7
-6
-1
6
8
8
9
8
12
3
1
3
-8
-4
-2
7
5
7
8
4
2
-2
0
-2
0
3
4
9
10
12
6
1
2
5
4
3
7
3
10
8
5
3
-2
3
6
6
4
3
5
7
3
0
-1
1
-2
-3
-5
-3
2
-7
-10
-2
-6
-3
-8
-6
-6
-5
-7
-11
-1
-1
-2
-3
-2
2
4
1
4
7
2
6
7
5
5
1
1
6
13
13
12
16
14
11
16
19
18
18
23
20
27
25
25
18
6
11
7
9
6
10
4
9
5
7
7
2
-5
-11
-7
-11
-4
-1
-1
-3
-2
5
5
-2
-4
-5
-14
-12
-16
-21
-22
-23
-24
-24
-24
-22
-24
-23
-18
-15
-12
-13
-19
-15
-15
-13
-17
-16
-23
-30
-25
-30
-29
-22
-23
-25
-20
-14
-10
-7
-1
0
2
6
13
11
11
11
8
9
9
9
8
8
8
9
6
8
10
4
4
1
5
7
12
13
11
7
7
9
15
15
14
9
5
5
10
12
9
8
3
11
6
2
3
9
13
10
11
6
8
9
9
7
8
8
11
9
9
11
10
6
4
6
3
4
5
4
4
2
-2
1
-1
-5
-5
-4
-3
-4
-4
-9
-10
-14
-20
-16
-18
-18
-17
-19
-27
-14
-16
-23
-22
-26
-23
-20
-19
-11
-13
-18
-19
-25
-22
-28
-28
-22
-25
-21
-19
-20
-20
-21
-12
-9
-7
-11
-4
1
4
2
8
3
5
11
9
13
13
13
10
11
9
8
9
7
8
6
11
7
19
19
24
24
27
28
27
33
35
34
29
27
17
22
13
15
13
15
20
22
25
21
21
11
16
14
5
9
9
10
13
17
14
15
9
9
7
5
11
8
5
6
1
-1
-2
-3
-9
-2
-6
-5
-4
-5
-1
-8
-4
-8
-10
-18
-20
-24
-30
-24
-27
-30
-28
-33
-25
-26
-22
-18
-16
-18
-16
-12
-13
-10
-16
-14
-13
-11
-13
-11
-9
-12
-17
-17
-13
-10
-4
4
6
4
6
7
13
15
18
13
6
-1
9
0
-6
5
6
10
15
13
16
20
21
25
25
23
19
16
13
12
3
9
10
3
9
3
3
5
6
6
3
3
3
2
6
4
7
3
8
4
8
8
4
8
2
6
10
12
11
17
11
7
4
6
4
-5
0
-1
-9
-11
-14
-14
-16
-22
-17
-17
-9
-10
-16
-12
-22
-17
-22
-18
-24
-22
-20
-26
-20
-22
-20
-13
-12
-14
-12
-12
-8
-12
-13
-12
-11
-2
-8
-10
-5
-3
-3
-7
-4
-8
-13
-5
-12
-13
-5
-5
3
7
7
11
10
11
12
17
15
17
14
13
9
4
-3
3
6
7
11
14
12
16
22
20
19
20
22
21
16
16
13
10
6
6
0
-3
5
6
8
7
12
10
7
4
0
0
-5
-2
-4
-9
-1
-5
-5
-3
-3
-8
-13
-16
-17
-17
-17
-21
-15
-15
-9
-12
-11
-12
-9
-6
-8
-4
-3
-2
-1
-6
-12
-10
-15
-16
-16
-14
-10
-4
-8
-4
-3
6
3
-4
-4
-6
-1
-5
7
5
11
16
7
10
13
11
11
5
7
7
8
5
9
13
11
15
9
1
5
5
6
13
9
11
16
19
21
24
14
6
1
-1
-2
-1
1
-1
-2
-7
1
6
9
2
5
8
11
15
7
3
3
-1
-3
-6
-5
-9
-4
-8
-12
-12
-15
-15
-17
-12
-10
-7
-4
2
2
-4
-4
-2
-3
-4
-5
-8
1
-5
1
-5
-6
-4
-6
-7
-11
-13
-14
-6
-4
-6
-5
-3
-2
2
1
9
11
16
18
15
17
12
13
11
8
6
2
2
-3
-3
-5
-3
-1
-6
1
3
0
4
6
2
4
1
3
2
-2
0
-4
-6
-4
-3
-4
-3
-4
-7
-5
-2
3
-1
-2
-2
4
6
2
0
-1
0
-4
-3
-2
1
6
15
14
10
11
12
11
7
9
10
5
8
-2
6
3
6
5
3
7
1
5
-4
-1
-5
-4
-1
-1
-2
-9
-3
-5
-3
-4
-5
-9
-9
-6
-7
-5
-5
-10
-13
-11
-11
-13
-11
-6
-1
3
1
-5
-9
-1
-2
-6
-6
-10
-6
-3
-7
-1
0
0
7
3
1
4
3
10
10
10
9
9
6
2
-1
0
2
-2
3
3
0
3
-5
0
2
-2
3
-3
-1
0
-2
-1
-1
-5
-5
0
-4
-1
-3
-5
-2
-7
-9
-8
-9
-2
-3
-3
-10
-3
-9
-3
-4
-5
-7
-7
-1
-5
-1
-6
0
-1
3
3
9
4
7
6
1
-2
-4
0
-1
0
0
-3
-2
3
4
8
1
2
-3
-1
-6
-2
-2
-5
-2
-3
-3
-7
-6
-3
-4
-4
-5
-4
-2
-1
1
0
-2
-2
-1
3
3
2
8
7
3
1
3
-2
1
-1
3
2
2
3
0
3
-3
1
5
6
8
10
17
16
17
14
10
13
14
11
11
6
7
4
2
0
4
6
8
6
4
2
3
6
8
13
16
12
6
8
6
6
2
-2
-4
-4
-7
-2
-3
-6
-1
-4
5
-1
-2
-1
-5
-5
-10
-11
-15
-18
-14
-13
-10
-12
-9
-11
-11
-9
-8
-9
-12
-19
-21
-19
-22
-20
-20
-16
-20
-16
-15
-14
-12
-13
-6
-7
-9
-6
-2
-5
-5
1
-4
-1
-2
4
6
5
6
7
10
11
15
16
13
16
21
21
20
25
20
19
22
21
22
21
19
19
21
18
20
21
19
24
19
24
18
22
25
17
16
9
9
6
3
6
7
9
9
5
6
-2
5
5
1
9
0
0
0
-6
-1
-4
-4
-4
-6
-2
-5
-4
-7
-6
-10
-4
-12
-11
-9
-8
-9
-17
-9
-8
-10
-18
-15
-25
-21
-21
-20
-17
-24
-17
-22
-22
-22
-22
-19
-16
-18
-21
-17
-12
-15
-15
-17
-20
-13
-19
-19
-18
-19
-16
-19
-14
-16
-14
-10
-14
-7
-8
-9
-1
1
9
6
11
11
6
8
3
1
2
3
7
5
7
12
8
21
15
11
13
11
16
17
15
17
19
17
20
17
13
16
14
16
15
12
15
13
16
13
10
11
14
13
18
16
10
12
0
6
9
8
16
4
6
2
2
0
-1
1
-1
-6
-7
-6
-12
-5
-7
-6
-8
-6
-5
-8
-3
-5
-2
-3
-3
-8
-5
-2
-6
-14
-14
-16
-23
-15
-20
-24
-22
-27
-20
-25
-19
-17
-15
-8
-10
-8
-3
1
3
1
-5
-7
-7
-6
-8
-6
-6
-5
-5
-2
-6
-5
-3
8
12
12
11
6
12
5
12
9
12
14
14
15
16
16
17
16
14
11
10
13
12
13
17
15
13
14
12
17
10
13
8
7
5
1
-1
-4
1
0
0
7
2
3
3
-3
2
1
-4
-9
-11
-14
-8
-9
-9
-7
-8
-7
-13
-13
-13
-15
-13
-16
-13
-8
-4
-6
-12
-9
-6
-5
-10
-7
-6
1
-3
5
8
6
6
7
8
8
10
9
12
15
18
15
14
17
19
14
8
11
16
13
15
11
8
4
8
8
14
7
2
9
2
8
-4
5
5
5
6
2
3
-4
2
0
-2
-2
-5
-12
-5
-7
-4
-8
-10
-16
-16
-10
-21
-16
-24
-24
-17
-15
-10
-14
-13
-12
-13
-11
-14
-14
-15
-16
-13
-13
-14
-16
-12
-14
-11
1
-2
5
1
3
1
3
1
-1
4
1
5
4
8
7
7
7
8
7
5
3
-5
-1
3
5
7
4
5
9
9
15
6
5
3
2
2
3
2
6
7
8
14
8
13
10
8
11
16
13
11
8
10
9
5
10
8
7
5
7
7
7
5
7
5
2
6
4
2
0
-10
-6
-11
-7
-9
-11
-11
-7
-7
-5
-7
-5
0
-9
-7
-12
-13
-13
-13
-7
-7
-9
-8
-4
-4
-10
-16
-13
-17
-16
-17
-17
-16
-15
-12
-15
-17
-16
-13
-8
-6
-4
-2
3
8
7
4
1
-1
-1
-2
-3
-2
-8
-5
-3
-3
4
4
7
11
9
12
6
4
6
3
9
9
8
10
7
12
19
18
22
21
23
22
21
18
19
17
18
20
15
13
6
11
12
6
8
7
10
0
-3
-2
-5
-5
2
-4
-1
-3
-4
1
-3
0
-5
-1
-4
-4
-9
-4
-6
-12
-13
-12
-12
-18
-17
-21
-21
-21
-20
-20
-22
-19
-18
-19
-21
-14
-11
-11
-9
-8
-10
-11
-10
-14
-11
-8
-7
-6
1
5
7
9
9
13
11
13
11
12
12
9
6
8
6
14
14
15
21
22
22
24
27
25
27
22
16
9
16
11
13
11
8
10
6
3
9
3
-2
-2
-6
-1
-2
-5
-2
-2
-6
-9
-12
-14
-10
-7
-4
-4
1
4
-5
-2
-10
-6
-6
-10
-10
-14
-14
-12
-7
-9
-6
-6
3
0
-2
0
0
-4
-4
-2
-2
-2
-2
-3
-6
-3
2
0
-2
-1
1
-2
1
2
0
4
0
1
3
4
5
3
-2
-6
-5
-6
-5
-2
-6
-7
-5
-5
-4
2
-3
5
8
5
5
11
5
8
4
5
7
8
11
4
5
4
-2
-4
-3
-3
3
4
5
5
7
9
11
2
6
2
3
1
0
1
-5
2
3
6
1
-2
0
-1
-1
4
-1
0
3
-6
-4
-9
-6
-14
-10
-7
-7
-8
-8
-6
-12
-9
-16
-12
-13
-16
-15
-11
-12
-16
-16
-12
-10
-9
-7
-10
-1
-7
-3
-5
-3
-2
-5
-5
-8
-5
-8
2
4
10
6
6
9
10
12
15
17
14
18
17
26
23
27
26
26
26
27
25
18
20
18
20
12
15
15
12
15
14
14
19
18
13
13
2
5
2
-2
-4
-7
-3
-1
-5
-4
-2
-2
-6
-7
-14
-21
-23
-26
-26
-27
-37
-29
-28
-33
-25
-25
-25
-24
-25
-17
-16
-18
-12
-12
-13
-15
-13
-17
-18
-18
-20
-19
-18
-22
-15
-14
-13
-12
-18
-15
-18
-10
-11
-8
-6
-4
-1
-3
-1
-3
0
-2
2
1
2
10
14
16
16
21
18
21
25
24
28
26
24
30
25
25
26
26
25
20
15
18
17
19
23
21
26
20
19
13
9
12
6
8
10
5
4
8
3
1
6
0
0
0
-2
-4
-6
-3
-3
-6
-7
-6
-8
-7
-8
-6
-12
-9
-5
-2
0
-1
-1
0
-5
-12
-6
-12
-9
-14
-13
-9
-9
-12
-8
-8
-9
-11
-12
