SAMPLES:	8951
BITSPERSAMPLE:	16
CHANNELS:	1
SAMPLERATE:	16000
NORMALIZED:	FALSE
-4
-8
-8
-5
-5
-12
-8
-10
-7
-5
-5
-5
-6
-8
-6
-6
-5
-5
-3
-6
-3
-9
-12
-7
-13
-13
-6
1
1
0
-4
-9
-6
1
5
-3
1
-1
0
-3
3
3
4
7
1
-1
-1
2
3
2
-3
0
-3
4
5
7
10
2
8
9
3
-1
3
7
11
13
9
5
12
13
7
10
10
9
10
7
12
10
8
4
1
3
1
8
9
6
12
9
6
16
7
12
10
12
12
5
4
0
8
5
6
-1
-1
-3
-7
-5
-4
6
5
4
1
1
-3
-3
2
-6
-9
-10
-6
-8
-10
-8
-10
-3
-10
-2
-2
-6
-10
-9
0
-3
0
-2
-2
-6
-4
-6
-11
-5
-10
-11
-6
-7
-7
-6
-11
-9
-4
-9
-8
-7
-1
-8
-12
-10
-6
-3
-3
-2
-4
-2
-2
0
-4
-3
-2
-2
-6
0
5
2
6
5
-1
2
-1
3
0
-1
2
0
-1
0
3
4
1
1
-4
2
4
6
7
8
12
11
17
9
8
6
14
9
5
6
5
-2
0
4
-2
-1
6
13
13
12
5
4
-5
1
2
4
11
4
1
0
-3
-1
-6
-9
-6
-3
3
-1
0
0
-10
-13
-9
-2
-5
-9
-6
-10
-13
-14
-12
-15
-14
-8
-7
-8
-5
-7
-11
-14
-10
-10
-15
-9
-15
-16
-7
-9
-4
-8
-7
-5
-6
-3
3
4
4
3
8
-2
2
7
0
2
-6
2
-2
-2
6
2
5
0
-3
-6
-6
1
3
8
5
7
8
4
13
14
13
10
9
8
7
6
9
3
0
-3
-5
-3
-10
-5
1
0
-1
6
3
7
11
12
11
13
9
21
12
9
11
0
2
-7
-1
-1
-5
2
2
4
8
9
13
10
12
12
7
12
7
10
8
10
2
0
5
6
-5
-6
-6
-10
-3
-8
-4
4
2
1
3
0
-1
-6
-1
4
4
6
-3
-7
3
-3
1
-2
-9
-7
-9
-1
-7
-5
-2
3
0
-5
0
-1
0
-3
-4
-1
2
-3
2
-6
-9
-10
-8
-5
-8
-8
-4
-3
-6
-5
-2
2
3
6
0
5
8
7
2
-4
-2
-2
-4
-9
-9
-7
3
3
4
4
9
9
9
10
5
3
2
5
3
5
-3
-1
-5
-8
0
1
0
6
13
12
12
11
7
10
3
8
10
7
6
-1
9
5
-1
-4
-5
0
4
-1
8
15
13
13
5
-2
-1
-13
-10
-4
-15
-11
-9
-10
-13
-15
-8
-4
-11
-2
-4
-10
-12
-10
-3
-11
-8
-8
-9
-14
-15
-17
-19
-7
-13
-9
-12
-10
-8
0
4
11
14
5
9
5
1
-5
-9
-11
-3
-9
-15
-14
-13
-15
-15
-8
-5
4
1
0
5
5
6
6
-1
1
-6
-5
-2
-12
-8
-12
-4
-4
1
7
36
82
123
139
114
79
35
11
-3
-4
-12
-46
-77
-118
-163
-202
-233
-241
-223
-174
-117
-95
-106
-138
-153
-107
-19
46
74
102
137
153
163
167
166
189
216
230
239
221
184
145
141
136
111
69
51
56
63
69
47
36
19
0
-4
6
2
4
7
4
-19
-38
-54
-76
-98
-125
-133
-121
-108
-119
-105
-89
-69
-52
-55
-36
-47
-39
-44
-41
-39
-22
-12
3
13
-5
-4
-15
-33
-48
-60
-47
-19
-20
-15
-15
-9
-11
-32
-51
-70
-75
-78
-83
-77
-61
-60
-45
-37
-39
-41
-55
-41
-28
-9
13
26
42
48
52
38
14
-12
-40
-39
-36
-34
-19
-9
0
-2
-1
-2
-3
-14
-17
-7
11
45
64
54
55
42
22
5
-14
-39
-60
-53
-54
-30
-11
8
40
63
86
97
105
106
139
162
185
229
241
281
316
339
348
339
320
303
290
276
260
246
251
244
262
303
351
388
398
395
384
362
331
311
281
249
209
164
101
32
-45
-136
-238
-353
-459
-572
-680
-761
-819
-864
-906
-943
-969
-986
-1015
-1032
-1030
-1002
-947
-887
-812
-729
-630
-528
-419
-328
-238
-139
-51
36
115
200
291
381
460
528
596
656
702
730
749
773
800
831
863
888
852
780
672
569
463
326
199
89
-3
-99
-210
-291
-353
-403
-470
-558
-609
-662
-710
-740
-756
-720
-657
-599
-536
-459
-363
-256
-165
-73
10
83
175
248
325
406
466
528
546
550
558
570
561
534
509
496
493
482
472
474
508
520
510
484
461
449
403
339
315
321
341
365
410
513
633
746
825
863
871
825
741
646
558
457
362
267
163
33
-110
-246
-415
-583
-785
-989
-1176
-1347
-1466
-1556
-1622
-1681
-1704
-1740
-1759
-1769
-1768
-1752
-1733
-1679
-1608
-1505
-1363
-1194
-1005
-788
-568
-338
-127
37
196
346
494
621
729
822
913
981
1044
1105
1146
1180
1187
1168
1132
1090
1050
1017
993
965
929
877
800
720
647
583
482
357
168
-1
-165
-305
-393
-470
-500
-545
-576
-611
-621
-598
-596
-598
-597
-584
-566
-556
-501
-403
-274
-147
-54
48
142
230
304
355
402
421
428
415
416
449
506
556
570
587
597
615
595
581
555
523
514
472
455
441
421
390
356
340
322
341
389
475
593
720
864
930
947
947
952
924
826
694
566
442
280
84
-108
-248
-380
-551
-779
-1002
-1196
-1413
-1639
-1824
-1946
-2026
-2109
-2177
-2173
-2093
-1990
-1903
-1812
-1711
-1588
-1436
-1326
-1181
-1003
-788
-584
-412
-226
-57
157
339
510
671
786
882
946
998
1041
1090
1148
1168
1196
1207
1205
1177
1139
1110
1077
1014
922
820
721
624
521
400
270
165
34
-120
-281
-399
-499
-582
-678
-739
-775
-776
-764
-751
-721
-679
-609
-564
-513
-441
-341
-227
-131
-21
102
221
334
438
530
610
677
708
727
741
754
767
770
756
756
733
697
667
639
611
584
530
484
447
374
329
271
201
125
72
70
109
199
323
451
637
755
802
839
842
840
774
651
502
403
289
130
-21
-138
-226
-344
-524
-734
-922
-1089
-1289
-1501
-1670
-1780
-1886
-1978
-2015
-1981
-1899
-1797
-1713
-1625
-1495
-1397
-1276
-1165
-1035
-898
-751
-615
-458
-290
-100
95
269
420
553
673
762
839
896
969
1007
1011
1027
1039
1057
1078
1084
1076
1052
1024
977
917
862
821
769
643
458
298
172
28
-132
-287
-382
-436
-517
-620
-677
-662
-638
-658
-689
-678
-640
-606
-590
-522
-402
-275
-185
-107
20
169
290
393
461
527
590
618
643
670
709
725
708
689
694
698
704
690
683
659
615
563
500
447
398
344
281
195
98
56
43
58
79
150
275
403
507
565
638
701
740
707
645
566
477
371
234
84
-42
-154
-263
-395
-561
-687
-827
-972
-1132
-1313
-1446
-1555
-1670
-1769
-1843
-1845
-1789
-1745
-1682
-1557
-1430
-1288
-1147
-1003
-858
-736
-615
-507
-392
-275
-157
-44
102
253
397
525
644
786
880
957
1005
1039
1057
1032
995
971
937
905
874
848
834
822
828
792
761
667
548
411
256
83
-112
-276
-430
-547
-643
-707
-725
-717
-683
-664
-633
-582
-556
-524
-517
-489
-453
-397
-336
-242
-114
3
157
289
428
532
624
673
715
742
731
703
672
662
656
657
659
656
672
704
711
705
671
624
558
462
347
241
122
19
-65
-113
-93
-28
115
269
426
565
637
733
782
799
764
681
571
440
263
80
-47
-164
-266
-379
-515
-595
-681
-790
-926
-1068
-1190
-1326
-1467
-1622
-1719
-1747
-1740
-1734
-1674
-1572
-1430
-1297
-1151
-969
-813
-674
-565
-473
-385
-311
-248
-171
-84
12
99
197
331
483
632
750
849
937
978
990
964
911
850
785
739
680
638
639
661
679
674
645
605
560
488
371
210
31
-135
-341
-501
-615
-685
-694
-696
-669
-606
-526
-447
-367
-321
-267
-224
-224
-195
-171
-104
-36
36
117
199
311
427
545
653
746
799
803
774
757
715
672
635
575
546
531
528
538
536
527
524
530
458
393
301
198
103
-3
-57
-88
-33
21
130
274
383
521
617
723
756
709
657
548
431
243
61
-124
-268
-391
-548
-655
-723
-778
-856
-913
-968
-1025
-1118
-1231
-1332
-1393
-1432
-1481
-1536
-1538
-1489
-1403
-1281
-1157
-995
-839
-672
-547
-433
-324
-236
-151
-87
-39
11
62
107
186
281
381
485
586
689
764
826
880
908
898
851
805
767
718
691
630
586
534
506
466
408
365
283
212
108
-27
-151
-267
-357
-464
-556
-601
-631
-604
-592
-537
-463
-381
-319
-264
-190
-100
-13
47
87
144
188
237
298
361
431
506
549
592
639
675
706
733
754
737
740
706
678
627
571
527
465
408
346
270
203
140
84
58
37
42
62
123
182
263
336
413
505
587
646
627
568
506
412
277
131
10
-93
-199
-356
-509
-639
-738
-817
-915
-943
-993
-1066
-1142
-1232
-1292
-1336
-1368
-1395
-1405
-1391
-1354
-1290
-1209
-1099
-963
-816
-696
-558
-430
-329
-205
-114
-19
52
87
135
197
255
319
392
474
542
604
665
712
762
780
799
797
795
760
757
745
719
648
570
513
450
390
291
194
111
25
-85
-205
-278
-326
-379
-452
-529
-555
-564
-556
-544
-486
-419
-357
-298
-240
-153
-85
-11
33
85
137
180
247
311
392
456
505
566
610
665
706
759
785
801
781
775
743
711
649
572
532
462
389
305
254
197
140
106
78
104
129
175
236
297
370
418
481
545
587
586
548
491
423
314
158
21
-102
-224
-376
-539
-676
-784
-881
-978
-1063
-1112
-1139
-1181
-1222
-1255
-1247
-1251
-1264
-1254
-1232
-1195
-1153
-1088
-1015
-937
-832
-731
-620
-508
-375
-234
-125
-44
34
99
163
203
251
292
326
375
398
425
463
523
579
629
674
697
721
728
735
758
750
697
609
515
444
368
268
164
83
8
-88
-191
-251
-285
-325
-366
-412
-429
-423
-442
-459
-445
-418
-380
-360
-330
-265
-185
-109
-48
7
68
135
201
271
355
431
503
574
610
667
708
769
815
834
829
816
801
769
748
677
609
550
474
390
309
250
189
149
115
93
107
152
231
313
389
445
501
573
596
578
555
511
452
342
186
41
-102
-235
-397
-546
-669
-789
-900
-1019
-1120
-1179
-1216
-1230
-1243
-1217
-1191
-1176
-1159
-1170
-1165
-1159
-1137
-1103
-1032
-965
-872
-783
-725
-640
-542
-395
-240
-100
23
132
230
289
333
341
368
386
401
408
410
435
463
487
524
577
624
657
692
745
787
801
767
712
648
583
490
370
262
156
39
-60
-156
-234
-278
-336
-368
-399
-418
-408
-406
-400
-394
-380
-367
-348
-338
-299
-253
-204
-168
-125
-84
-51
25
91
190
284
376
473
530
618
658
701
747
767
767
760
763
726
679
612
549
481
419
346
300
266
206
166
138
135
151
200
273
322
397
456
520
583
613
623
611
573
504
418
293
183
72
-39
-196
-364
-509
-640
-750
-858
-959
-1044
-1089
-1128
-1157
-1179
-1175
-1139
-1138
-1143
-1141
-1116
-1083
-1049
-1021
-990
-931
-859
-783
-699
-611
-496
-364
-257
-161
-66
21
100
175
219
261
289
302
317
329
361
392
429
452
496
540
579
646
691
730
759
762
738
688
645
574
500
424
314
225
124
2
-91
-189
-265
-327
-368
-403
-428
-430
-430
-419
-395
-366
-353
-350
-335
-317
-282
-256
-218
-195
-172
-143
-77
13
116
212
312
433
535
629
709
799
850
871
877
870
843
786
712
641
549
481
399
344
284
223
202
153
166
166
232
306
356
432
491
550
610
656
686
690
668
620
560
475
378
260
136
10
-151
-300
-443
-570
-690
-782
-873
-968
-1024
-1091
-1139
-1152
-1153
-1154
-1175
-1194
-1197
-1207
-1193
-1195
-1188
-1156
-1114
-1030
-943
-842
-751
-637
-518
-410
-294
-200
-114
-41
28
72
109
145
177
215
240
282
329
380
445
506
561
612
686
762
812
833
835
831
803
775
724
638
566
461
368
262
164
70
-29
-95
-185
-257
-298
-336
-371
-392
-385
-393
-398
-407
-391
-389
-370
-362
-360
-334
-296
-239
-201
-118
-46
39
145
255
358
474
575
672
751
799
844
848
836
804
753
683
608
539
452
385
326
262
219
175
165
147
150
179
226
282
348
424
489
547
629
686
733
756
753
737
677
592
470
340
211
65
-105
-282
-432
-572
-697
-798
-900
-977
-1042
-1090
-1128
-1151
-1162
-1165
-1191
-1210
-1232
-1241
-1221
-1209
-1201
-1186
-1141
-1079
-1009
-919
-821
-712
-597
-501
-413
-320
-228
-138
-55
-3
53
108
161
216
273
335
391
442
481
524
567
614
672
726
774
829
853
883
870
851
842
806
756
678
597
500
403
290
172
54
-62
-146
-242
-309
-354
-386
-419
-463
-473
-479
-473
-467
-463
-424
-404
-383
-346
-311
-258
-192
-111
-28
74
190
296
415
505
593
677
728
777
809
800
786
765
717
662
586
510
436
391
338
285
233
183
149
129
135
166
213
270
342
422
492
571
659
738
797
820
805
758
683
568
440
305
156
5
-174
-332
-483
-609
-712
-812
-884
-943
-991
-1036
-1081
-1128
-1162
-1188
-1225
-1260
-1298
-1300
-1314
-1295
-1273
-1229
-1192
-1124
-1062
-1005
-931
-855
-769
-693
-591
-492
-388
-297
-218
-135
-45
44
122
193
261
325
385
438
487
560
621
676
737
812
887
938
1010
1049
1083
1110
1100
1074
1029
974
874
761
628
472
315
152
0
-123
-225
-291
-380
-446
-489
-511
-532
-546
-545
-531
-495
-475
-434
-401
-357
-303
-257
-204
-131
-50
39
148
232
325
411
467
528
557
589
618
632
631
623
614
598
576
545
497
460
409
367
325
273
235
186
189
184
218
281
326
413
502
591
679
753
814
858
863
836
786
684
556
404
238
72
-87
-256
-409
-535
-650
-759
-862
-950
-1040
-1121
-1178
-1240
-1301
-1334
-1341
-1354
-1366
-1376
-1382
-1374
-1345
-1334
-1317
-1267
-1212
-1164
-1104
-1027
-943
-838
-736
-618
-499
-367
-224
-104
6
111
201
289
369
439
510
555
614
680
729
781
835
902
966
1028
1076
1131
1162
1179
1173
1143
1090
1029
951
839
706
552
404
265
105
-45
-172
-284
-384
-468
-533
-567
-584
-596
-585
-580
-546
-512
-465
-427
-378
-321
-291
-257
-212
-148
-90
-15
52
130
213
293
368
433
511
561
614
651
671
685
688
683
671
633
573
503
443
390
340
275
234
199
178
188
199
241
296
380
452
529
592
678
749
804
838
814
787
729
646
546
429
297
158
-6
-177
-343
-495
-645
-781
-912
-1036
-1123
-1201
-1269
-1316
-1343
-1372
-1381
-1395
-1404
-1398
-1409
-1415
-1403
-1391
-1386
-1360
-1316
-1265
-1195
-1120
-1020
-909
-792
-666
-556
-423
-295
-167
-28
86
194
294
393
491
576
658
728
791
869
914
971
1007
1033
1079
1109
1129
1133
1154
1145
1102
1059
995
919
842
753
659
535
421
280
142
17
-105
-201
-314
-405
-464
-500
-523
-530
-540
-534
-508
-487
-466
-440
-385
-344
-310
-260
-216
-151
-83
-12
78
171
247
338
392
444
512
546
574
587
590
590
584
568
554
535
515
482
458
425
391
373
365
356
336
335
335
361
398
439
474
534
578
617
673
711
745
733
720
676
602
511
380
223
47
-117
-306
-504
-677
-841
-995
-1131
-1249
-1352
-1423
-1485
-1521
-1547
-1550
-1557
-1559
-1557
-1547
-1527
-1495
-1458
-1426
-1367
-1316
-1253
-1199
-1121
-1030
-940
-828
-728
-630
-501
-379
-243
-112
41
178
299
428
538
661
762
852
918
981
1024
1058
1074
1083
1090
1103
1104
1116
1109
1112
1117
1113
1102
1074
1039
985
907
817
726
614
506
367
228
107
-5
-116
-215
-302
-385
-455
-503
-540
-576
-597
-605
-588
-576
-544
-507
-454
-405
-345
-278
-194
-106
-35
55
134
208
278
325
369
389
414
414
437
447
451
450
445
446
436
452
446
453
461
458
461
448
453
445
443
460
477
506
510
521
533
548
564
562
570
552
550
530
498
448
369
274
159
33
-113
-260
-421
-593
-758
-921
-1064
-1197
-1319
-1423
-1507
-1565
-1600
-1608
-1595
-1591
-1551
-1513
-1469
-1415
-1355
-1292
-1241
-1174
-1131
-1072
-1015
-937
-872
-799
-721
-623
-518
-407
-282
-155
-18
122
254
383
507
617
730
818
907
976
1038
1090
1113
1150
1168
1176
1169
1161
1159
1144
1130
1116
1097
1070
1049
1004
963
913
858
792
714
635
519
410
284
151
20
-107
-237
-349
-428
-512
-562
-610
-655
-679
-677
-668
-645
-607
-563
-516
-467
-414
-361
-296
-231
-157
-98
-36
26
89
148
197
234
250
273
305
326
364
405
439
476
487
530
561
582
618
621
643
642
618
609
573
551
493
433
405
374
343
325
314
308
305
280
281
269
244
206
145
84
3
-110
-227
-357
-477
-615
-754
-898
-1024
-1147
-1266
-1346
-1411
-1444
-1473
-1487
-1485
-1462
-1414
-1369
-1316
-1262
-1198
-1143
-1091
-1031
-983
-919
-868
-808
-742
-673
-610
-545
-451
-364
-256
-147
-25
108
235
360
468
604
707
799
883
945
1014
1060
1093
1108
1132
1149
1147
1143
1135
1132
1120
1111
1096
1094
1088
1083
1058
1015
977
913
849
771
681
571
456
324
199
60
-76
-203
-322
-429
-523
-579
-633
-659
-674
-700
-699
-695
-689
-670
-646
-603
-556
-508
-463
-403
-317
-241
-157
-75
13
96
175
251
305
357
412
455
484
510
545
577
593
618
622
611
593
570
542
507
462
380
324
256
218
158
95
57
23
20
8
9
15
36
54
55
62
60
44
14
-29
-80
-151
-244
-334
-440
-545
-651
-751
-847
-943
-1014
-1078
-1138
-1184
-1201
-1202
-1219
-1219
-1212
-1171
-1119
-1075
-1027
-966
-912
-847
-791
-729
-676
-606
-551
-496
-419
-345
-269
-203
-111
-20
71
183
280
389
497
599
691
781
861
928
984
1030
1066
1098
1119
1125
1140
1137
1140
1128
1119
1105
1077
1061
1043
1020
989
944
888
831
760
687
593
492
381
257
147
17
-116
-241
-352
-472
-573
-663
-733
-792
-836
-859
-859
-852
-830
-797
-740
-676
-598
-531
-461
-376
-292
-193
-107
-14
72
148
225
279
327
354
362
372
363
353
345
337
341
332
306
292
270
260
263
255
243
241
226
208
180
167
155
135
126
95
86
62
65
75
82
106
117
119
119
111
99
69
12
-57
-144
-231
-337
-424
-528
-647
-752
-849
-926
-992
-1045
-1082
-1100
-1102
-1084
-1060
-1028
-997
-961
-903
-841
-785
-735
-697
-650
-609
-561
-514
-459
-404
-358
-289
-226
-148
-69
29
120
209
307
400
491
606
700
782
870
940
1010
1067
1107
1139
1151
1146
1124
1086
1069
1034
1007
976
939
908
866
828
792
755
693
641
574
502
423
343
243
150
43
-64
-169
-280
-389
-482
-543
-620
-671
-714
-724
-728
-712
-702
-671
-649
-617
-568
-532
-463
-409
-369
-326
-283
-241
-200
-143
-103
-78
-55
-33
-1
23
52
70
102
136
179
217
255
278
298
320
341
358
364
364
360
344
321
285
264
230
188
167
127
108
97
95
98
98
106
127
143
150
163
159
159
148
127
83
24
-35
-111
-179
-251
-333
-413
-485
-563
-631
-700
-752
-801
-836
-870
-872
-870
-865
-853
-833
-798
-768
-726
-689
-638
-591
-547
-497
-453
-403
-342
-290
-211
-150
-79
-2
72
156
224
312
395
479
564
635
682
725
777
816
842
844
838
835
823
805
789
763
737
710
688
664
631
615
592
585
572
564
543
514
484
454
403
358
308
226
156
59
-25
-117
-208
-312
-398
-478
-558
-629
-690
-732
-759
-778
-799
-796
-785
-764
-736
-707
-653
-601
-541
-474
-405
-321
-237
-159
-82
-21
45
98
147
181
220
244
249
273
278
289
307
314
301
299
315
310
313
312
301
296
292
288
275
253
242
225
208
200
188
182
179
189
198
223
237
243
251
263
259
246
232
192
160
118
62
12
-64
-148
-226
-299
-384
-457
-529
-596
-658
-707
-752
-782
-803
-815
-821
-805
-783
-768
-724
-684
-633
-590
-554
-503
-454
-414
-386
-351
-326
-290
-246
-211
-166
-122
-60
-4
64
122
181
254
332
415
471
540
605
655
705
740
768
786
790
803
795
786
786
766
744
718
690
678
654
642
621
579
539
501
443
386
324
249
158
60
-38
-147
-243
-357
-461
-541
-616
-677
-737
-779
-810
-825
-831
-823
-799
-772
-741
-695
-653
-592
-517
-449
-357
-270
-188
-95
-22
32
77
108
141
157
181
192
207
226
218
237
261
270
297
317
337
366
386
420
418
425
436
431
438
432
429
421
402
389
376
378
384
389
396
393
415
434
447
451
467
475
470
457
429
386
325
249
154
66
-32
-134
-252
-363
-481
-589
-680
-775
-855
-931
-989
-1027
-1047
-1058
-1050
-1039
-1035
-1005
-977
-946
-908
-878
-838
-788
-757
-705
-664
-623
-594
-542
-466
-397
-316
-230
-133
-51
42
138
236
323
405
498
577
658
715
765
811
825
850
867
874
871
858
855
843
834
806
787
777
756
752
733
706
683
663
626
585
528
452
363
250
132
20
-99
-222
-342
-466
-560
-650
-721
-775
-812
-842
-858
-861
-861
-846
-821
-781
-736
-690
-634
-571
-526
-460
-382
-307
-242
-171
-103
-51
0
40
84
129
168
210
259
298
346
399
448
500
549
580
616
645
661
675
681
670
660
646
621
607
578
560
547
533
517
510
512
499
504
501
483
473
438
405
375
335
280
225
156
76
-12
-105
-210
-304
-401
-506
-608
-707
-771
-858
-933
-1000
-1053
-1101
-1129
-1151
-1165
-1155
-1156
-1141
-1132
-1098
-1081
-1060
-1026
-997
-949
-907
-852
-795
-744
-674
-605
-524
-438
-350
-242
-142
-30
88
211
325
430
535
642
728
820
889
942
995
1029
1059
1070
1065
1058
1054
1046
1022
985
965
937
901
870
831
796
777
729
691
627
569
500
396
324
213
127
14
-103
-222
-331
-440
-555
-642
-739
-808
-874
-921
-945
-973
-993
-996
-965
-936
-896
-830
-771
-696
-616
-522
-419
-315
-210
-106
-6
91
181
255
331
399
463
509
566
607
644
680
707
741
751
761
758
744
733
719
700
693
666
623
590
546
509
475
427
386
330
290
241
197
171
126
106
68
36
32
2
-12
-33
-54
-78
-108
-142
-189
-233
-296
-361
-417
-507
-589
-669
-752
-835
-905
-980
-1047
-1099
-1145
-1168
-1191
-1201
-1193
-1167
-1130
-1097
-1053
-1013
-957
-904
-831
-758
-688
-611
-534
-451
-359
-271
-176
-86
8
109
206
312
404
509
600
694
784
859
917
973
1024
1069
1092
1092
1088
1085
1074
1032
979
938
891
842
781
729
672
627
578
512
451
392
345
292
250
201
146
92
30
-26
-82
-142
-196
-259
-328
-400
-463
-511
-575
-624
-671
-705
-728
-734
-730
-715
-688
-655
-605
-541
-491
-416
-338
-270
-192
-122
-42
39
100
183
251
321
391
455
500
548
583
620
636
628
638
623
618
587
568
540
498
466
425
384
338
312
264
217
177
127
79
33
-12
-55
-86
-124
-145
-165
-195
-186
-196
-208
-198
-194
-189
-190
-192
-200
-209
-225
-233
-256
-296
-333
-381
-422
-485
-527
-589
-646
-692
-735
-770
-803
-827
-842
-845
-836
-807
-774
-741
-694
-643
-593
-524
-460
-406
-345
-291
-236
-174
-121
-73
-28
19
70
119
169
221
266
328
375
426
465
515
548
587
624
668
706
723
750
762
764
758
764
754
741
735
706
683
667
647
619
588
559
525
486
448
423
370
332
285
234
184
123
66
15
-42
-110
-178
-256
-328
-392
-451
-494
-534
-570
-581
-593
-610
-614
-617
-599
-578
-547
-510
-476
-442
-394
-353
-291
-229
-173
-99
-42
23
77
119
177
205
228
255
274
299
315
323
324
311
313
298
296
288
263
246
214
192
170
153
126
90
72
34
26
-1
-29
-37
-60
-56
-68
-76
-90
-92
-85
-68
-55
-46
-31
-12
1
15
23
20
32
28
25
13
1
-17
-54
-82
-125
-165
-210
-258
-300
-344
-398
-444
-489
-536
-558
-573
-599
-599
-599
-588
-568
-552
-517
-482
-437
-396
-346
-301
-257
-210
-159
-95
-42
16
64
117
170
219
275
322
363
410
451
493
526
556
587
607
631
654
665
664
671
663
645
624
596
572
545
515
477
438
399
359
324
282
243
212
167
120
87
45
0
-38
-86
-136
-178
-214
-254
-293
-335
-377
-416
-446
-471
-487
-501
-521
-521
-518
-513
-502
-494
-472
-451
-424
-400
-371
-330
-297
-252
-210
-167
-114
-68
-9
44
80
120
154
179
214
235
252
262
272
286
282
285
266
265
253
250
248
232
236
234
228
223
222
217
204
196
195
185
180
154
143
122
92
82
65
50
36
18
16
5
-5
-5
-3
-4
-4
-8
-15
-20
-34
-32
-49
-53
-64
-71
-92
-119
-155
-177
-208
-238
-262
-289
-307
-334
-359
-379
-382
-397
-389
-376
-381
-366
-352
-328
-304
-285
-263
-233
-209
-183
-167
-129
-83
-67
-34
-16
20
52
79
103
135
168
200
235
255
292
301
320
329
346
342
347
337
321
310
292
265
233
202
177
156
134
109
72
48
22
9
-17
-33
-42
-40
-43
-39
-44
-35
-32
-41
-53
-70
-72
-88
-95
-112
-138
-152
-161
-177
-183
-192
-190
-193
-178
-178
-162
-139
-103
-76
-54
-17
-4
15
46
79
91
99
111
127
141
153
151
148
148
144
146
142
139
137
127
119
114
99
102
84
84
62
40
39
23
17
4
-2
-5
-12
1
-5
4
25
37
61
69
99
112
134
159
165
189
205
213
235
241
236
247
257
262
265
257
247
237
207
177
144
103
73
43
7
-33
-85
-118
-147
-185
-206
-243
-279
-317
-352
-378
-406
-433
-457
-475
-506
-520
-536
-543
-544
-542
-529
-524
-518
-508
-483
-458
-434
-396
-364
-335
-284
-250
-209
-182
-146
-104
-68
-40
-16
8
37
68
101
128
148
165
188
201
225
236
258
273
284
303
318
332
350
362
370
377
376
396
389
389
396
393
387
379
361
347
335
314
289
264
237
203
185
156
128
102
64
31
-4
-36
-76
-106
-132
-150
-172
-185
-201
-214
-220
-231
-219
-208
-196
-192
-178
-163
-159
-138
-110
-92
-81
-59
-30
-20
11
28
47
68
81
97
106
122
126
136
134
140
142
150
161
163
163
153
157
147
134
135
132
133
136
127
128
139
137
133
128
131
132
133
129
126
128
114
98
86
72
58
51
39
25
9
-19
-48
-74
-99
-122
-155
-181
-210
-245
-292
-332
-367
-396
-423
-452
-475
-499
-512
-531
-542
-559
-565
-575
-586
-580
-567
-561
-544
-526
-499
-468
-444
-409
-376
-333
-289
-243
-199
-143
-101
-47
2
40
88
138
182
220
264
304
332
360
391
416
442
452
462
476
489
486
491
494
490
499
495
494
483
469
451
439
433
421
391
372
349
322
303
273
245
209
169
141
101
73
46
10
-29
-55
-90
-115
-145
-165
-172
-188
-190
-201
-205
-202
-193
-185
-177
-173
-169
-149
-153
-139
-120
-112
-95
-83
-67
-36
-19
7
40
47
69
80
90
94
106
104
92
89
71
58
44
29
18
7
5
1
-6
-8
-10
-15
-25
-21
-27
-36
-32
-38
-41
-40
-36
-33
-41
-51
-53
-68
-72
-80
-85
-86
-97
-92
-94
-88
-83
-83
-71
-57
-45
-38
-43
-48
-49
-53
-58
-61
-64
-70
-83
-103
-118
-122
-130
-141
-149
-165
-172
-184
-184
-177
-190
-190
-196
-192
-192
-194
-197
-197
-198
-191
-198
-189
-191
-180
-162
-151
-128
-114
-84
-49
-6
27
53
82
108
140
171
189
219
244
275
289
295
296
303
305
299
300
290
286
277
270
272
278
271
257
248
236
218
209
200
201
188
163
151
126
107
94
71
49
26
10
5
-2
-17
-27
-52
-62
-69
-86
-90
-86
-96
-101
-99
-97
-107
-105
-108
-107
-105
-101
-100
-94
-88
-79
-60
-63
-41
-35
-25
-9
-2
12
17
26
30
38
26
32
27
24
18
7
6
-3
-3
-11
-11
-19
-10
-5
-4
-6
-12
-24
-21
-28
-32
-35
-38
-36
-52
-54
-63
-65
-73
-83
-91
-86
-87
-78
-82
-88
-82
-83
-76
-64
-51
-41
-42
-23
-19
-14
-10
-3
3
6
8
7
13
15
22
22
29
25
34
35
37
37
35
33
32
29
21
21
10
1
-14
-27
-37
-49
-70
-82
-94
-105
-115
-134
-155
-156
-160
-172
-174
-179
-175
-181
-178
-172
-151
-148
-124
-112
-105
-80
-75
-54
-33
-10
14
23
46
65
79
93
101
125
132
156
167
186
200
213
232
249
262
264
279
278
276
266
260
258
251
241
233
214
195
174
146
121
97
78
57
30
15
-7
-25
-36
-66
-78
-82
-94
-89
-92
-91
-98
-103
-95
-106
-99
-95
-96
-97
-96
-94
-99
-98
-99
-95
-94
-81
-69
-58
-57
-50
-38
-21
-22
-22
-17
-7
1
-2
7
4
11
19
13
12
14
12
25
15
29
33
41
51
62
74
85
92
101
110
106
112
112
105
93
93
91
87
81
78
63
62
60
54
45
42
39
38
34
16
6
-2
-9
-27
-43
-59
-78
-84
-100
-122
-157
-157
-179
-194
-207
-228
-243
-272
-277
-293
-298
-303
-314
-308
-310
-311
-306
-295
-275
-259
-248
-233
-220
-206
-185
-172
-148
-128
-107
-81
-64
-38
-7
14
40
84
114
131
173
201
232
262
284
309
318
339
352
363
363
358
368
374
368
351
336
321
315
286
265
253
235
220
196
180
156
138
108
78
54
37
18
-8
-25
-59
-79
-101
-121
-137
-159
-176
-198
-208
-223
-238
-254
-251
-244
-235
-228
-220
-207
-196
-172
-154
-143
-123
-103
-82
-45
-24
-12
11
27
50
68
83
105
125
138
146
157
168
181
179
182
186
194
197
200
205
200
195
180
174
151
146
128
115
98
70
53
27
10
-10
-26
-45
-69
-89
-107
-124
-142
-166
-182
-191
-201
-210
-223
-222
-230
-244
-245
-256
-247
-243
-239
-246
-237
-222
-213
-194
-183
-172
-156
-157
-133
-114
-101
-92
-67
-55
-34
-26
-11
6
24
55
60
71
68
84
80
89
94
97
99
101
102
100
96
92
92
89
93
81
87
84
83
88
83
93
85
98
91
98
102
95
109
103
103
95
88
81
71
67
60
51
43
33
27
17
6
7
-5
-12
-14
-15
-26
-32
-42
-52
-53
-50
-45
-57
-46
-48
-44
-27
-26
-14
-10
-10
3
4
8
15
11
15
14
10
7
9
24
24
28
36
38
43
42
42
60
59
59
68
77
76
76
74
72
73
60
66
53
45
32
25
14
5
-10
-11
-18
-20
-21
-28
-31
-34
-38
-42
-53
-70
-72
-81
-75
-89
-87
-87
-100
-88
-95
-91
-90
-90
-76
-86
-67
-63
-60
-46
-40
-31
-21
-11
-9
4
7
22
23
41
59
60
63
65
66
75
77
80
73
67
79
71
75
74
70
70
69
68
67
50
44
34
30
23
7
-2
-19
-28
-49
-60
-76
-86
-113
-117
-129
-133
-133
-145
-145
-148
-143
-147
-137
-141
-136
-131
-132
-128
-118
-108
-109
-100
-88
-88
-70
-57
-49
-35
-25
-10
4
12
23
39
50
64
80
91
88
99
99
107
112
104
111
113
117
114
110
114
108
101
94
97
90
87
93
70
66
60
47
49
37
31
22
7
11
-1
-4
-15
-16
-30
-36
-34
-39
-29
-35
-37
-33
-37
-34
-30
-23
-17
-17
-8
-6
-4
8
3
17
14
13
23
23
28
32
43
44
50
60
65
71
79
93
91
96
100
97
110
110
109
102
102
108
99
80
82
72
63
55
39
27
26
18
8
2
-6
-19
-40
-46
-47
-45
-51
-68
-67
-67
-73
-68
-78
-86
-90
-90
-87
-90
-95
-90
-92
-95
-89
-83
-88
-85
-83
-86
-96
-96
-107
-101
-107
-111
-114
-117
-119
-124
-121
-128
-125
-129
-124
-125
-133
-120
-114
-112
-111
-109
-107
-108
-106
-99
-92
-80
-78
-73
-64
-51
-45
-36
-25
-9
4
4
11
21
32
35
43
40
60
72
83
89
100
108
110
126
135
144
147
152
142
153
151
151
148
150
150
146
151
143
146
141
129
133
125
119
113
113
113
105
108
99
102
102
91
86
69
59
49
39
42
36
30
29
39
28
32
29
32
31
31
40
36
40
38
31
30
33
32
35
24
32
25
27
17
5
8
7
6
3
2
-6
-6
-7
-19
-24
-33
-36
-35
-46
-51
-57
-65
-67
-81
-92
-106
-109
-124
-139
-143
-153
-156
-159
-161
-165
-157
-155
-146
-142
-135
-128
-121
-113
-104
-97
-109
-101
-87
-76
-85
-75
-65
-64
-70
-72
-62
-61
-51
-45
-46
-45
-45
-43
-36
-30
-29
-22
-20
-17
-7
-4
-9
-5
-5
-5
-7
-13
-15
-25
-23
-26
-25
-38
-34
-29
-27
-17
-10
-2
4
23
32
49
57
71
80
92
99
106
105
109
109
112
117
118
125
130
132
134
138
139
140
132
134
128
127
118
112
116
99
99
90
91
89
83
79
68
68
58
65
62
60
61
55
64
56
59
59
61
58
45
42
37
26
18
9
3
4
5
-5
-14
-27
-32
-29
-40
-49
-54
-64
-69
-69
-78
-83
-103
-95
-101
-102
-103
-109
-114
-120
-104
-117
-113
-108
-105
-97
-92
-83
-92
-83
-82
-85
-75
-80
-76
-84
-81
-82
-81
-89
-92
-81
-83
-71
-69
-56
-45
-41
-34
-34
-21
-11
-8
1
-1
2
1
22
36
39
39
42
42
47
51
47
51
44
51
51
45
51
52
39
42
40
42
46
46
50
36
39
31
30
33
30
39
33
40
36
43
39
44
44
40
44
37
36
31
26
13
7
9
5
5
3
-2
-9
-11
-12
-18
-13
-9
-4
-1
5
6
-3
4
10
6
20
24
27
27
28
35
32
33
38
29
44
41
38
43
31
31
25
23
18
19
20
18
18
9
3
4
-7
-3
-4
-14
-13
-20
-24
-24
-28
-27
-37
-42
-43
-43
-39
-42
-50
-50
-60
-67
-69
-70
-71
-72
-65
-68
-70
-70
-61
-64
-63
-59
-51
-47
-46
-37
-28
-21
-13
-11
-6
-5
-4
-5
8
0
10
17
20
27
28
42
47
54
58
62
68
74
73
72
76
78
85
87
78
74
65
66
72
64
59
58
52
54
46
45
36
28
25
17
14
5
-7
-4
-12
-17
-31
-31
-32
-37
-44
-48
-46
-40
-36
-35
-29
-26
-22
-26
-16
-6
-11
-12
-9
-20
-17
-17
-10
-9
-13
-17
-18
-22
-26
-18
-27
-28
-26
-21
-24
-23
-22
-21
-21
-25
-20
-21
-22
-25
-31
-24
-30
-31
-31
-37
-36
-43
-42
-29
-35
-25
-17
-19
-10
-15
-13
-8
-8
-14
-16
-23
-21
-20
-9
-14
-14
-21
-24
-22
-27
-22
-26
-21
-17
-14
-18
-13
-17
-18
-13
-13
-11
-10
-3
2
-1
-3
2
2
14
18
18
26
24
24
22
23
35
33
35
42
40
43
46
47
50
59
59
69
70
77
84
94
95
94
95
91
87
80
88
88
83
76
72
69
65
56
60
52
47
49
53
43
36
31
27
18
13
11
6
9
-1
-15
-18
-27
-22
-34
-39
-37
-44
-38
-37
-40
-43
-45
-52
-54
-63
-62
-70
-77
-77
-87
-85
-88
-86
-82
-87
-85
-84
-89
-81
-85
-81
-81
-87
-87
-86
-73
-79
-75
-70
-65
-53
-58
-60
-47
-38
-35
-25
-22
-16
-13
-4
-6
1
-2
7
21
25
28
30
38
33
48
54
54
56
65
63
56
53
52
52
58
60
58
51
52
49
48
44
40
41
46
42
43
46
42
50
52
56
40
48
38
40
45
36
42
36
37
38
44
46
43
43
44
37
26
23
8
15
14
13
11
6
14
2
-4
-7
-2
1
-6
-9
-17
-15
-10
-12
-16
-14
-11
-10
-16
-10
-15
-18
-23
-23
-21
-22
-23
-34
-31
-37
-30
-36
-33
-38
-49
-42
-42
-41
-44
-49
-42
-42
-44
-36
-35
-43
-44
-41
-46
-40
-40
-46
-38
-40
-46
-40
-48
-37
-42
-31
-38
-44
-33
-45
-36
-40
-38
-33
-38
-41
-39
-34
-32
-34
-28
-27
-27
-24
-22
-18
-12
-4
-5
5
-2
7
11
16
26
24
32
38
43
54
53
53
59
62
68
66
68
71
73
72
72
76
73
69
70
69
70
69
75
74
69
71
63
58
55
50
49
51
47
45
36
32
25
23
22
14
9
2
1
5
5
3
8
4
0
8
2
3
-11
-11
-1
-3
4
3
7
11
6
6
-1
-4
-13
-16
-20
-19
-25
-28
-38
-46
-47
-53
-49
-47
-53
-54
-60
-60
-71
-74
-74
-76
-71
-80
-78
-81
-77
-73
-72
-71
-73
-63
-70
-70
-60
-58
-47
-45
-38
-36
-26
-27
-30
-18
-22
-5
-4
-1
12
7
7
10
11
14
15
21
34
32
33
30
33
39
35
35
33
42
43
43
47
42
47
52
47
49
45
42
42
28
31
30
26
25
25
17
14
17
11
4
11
8
8
18
11
12
9
6
4
9
4
13
9
5
5
-5
0
6
8
11
13
14
12
14
4
15
17
14
23
20
31
39
43
49
50
46
44
44
43
42
41
39
36
37
36
32
27
36
36
33
33
24
20
10
8
5
-1
-12
-13
-15
-9
-18
-25
-20
-32
-30
-39
-42
-44
-51
-52
-59
-66
-61
-67
-71
-80
-85
-81
-84
-84
-82
-84
-81
-84
-88
-72
-74
-75
-71
-76
-65
-62
-61
-55
-57
-48
-42
-40
-35
-33
-25
-21
-18
-12
-5
-3
-1
4
15
18
23
19
26
28
30
36
30
32
36
32
40
44
47
60
56
73
72
74
77
72
68
75
73
61
60
54
55
45
51
51
51
50
41
39
35
35
23
25
22
17
17
3
1
-3
-10
-10
-4
-1
0
-4
2
-1
2
4
2
10
13
12
12
7
4
0
5
-5
-2
-2
-8
-2
0
8
5
11
11
18
11
2
5
1
6
-5
-10
-7
-11
-17
-22
-22
-17
-22
-13
-22
-24
-21
-37
-32
-34
-34
-36
-42
-44
-47
-45
-46
-58
-56
-59
-62
-60
-69
-80
-74
-67
-65
-58
-53
-52
-50
-49
-46
-39
-36
-31
-24
-18
-13
-8
-3
-3
3
8
8
14
22
30
29
31
28
23
32
26
31
29
29
40
35
35
38
42
41
45
45
51
52
50
46
42
39
42
45
41
43
39
42
27
28
27
14
21
21
16
16
17
19
22
22
23
27
24
26
21
17
15
10
20
20
19
14
8
12
11
11
16
13
10
13
10
0
12
5
3
-4
-4
-4
-11
-5
-15
-14
-20
-20
-25
-35
-38
-31
-28
-28
-25
-21
-27
-20
-24
-23
-19
-21
-19
-28
-25
-29
-31
-39
-33
-39
-39
-31
-29
-23
-20
-18
-12
-18
-20
-15
-16
-25
-21
-17
-17
-10
-15
-5
-10
-13
-9
-7
-2
-10
-8
-10
-7
-5
-3
-7
-10
-7
-8
-9
-11
-13
-10
-13
-14
-8
0
10
11
16
12
21
25
23
35
23
29
30
27
24
26
22
19
14
15
15
5
7
3
5
11
13
11
18
15
18
15
13
12
18
17
13
10
11
16
18
20
24
24
22
26
18
19
21
20
21
20
18
18
20
19
16
12
14
13
15
6
3
-8
-10
-6
-15
-12
-18
-24
-21
-17
-18
-16
-24
-30
-26
-28
-20
-18
-16
-22
-24
-29
-35
-36
-33
-36
-41
-39
-30
-27
-25
-19
-22
-19
-14
-17
-22
-16
-18
-12
-9
-17
-8
-6
-1
-4
-4
0
8
9
12
14
6
9
14
12
9
16
18
17
15
18
20
19
17
18
17
17
23
23
26
20
22
20
20
19
13
12
11
9
5
9
7
-3
1
-3
-10
-6
-5
-14
-25
-21
-19
-23
-17
-24
-15
-15
-17
-14
-15
-9
-12
-9
-8
-7
-1
5
12
11
11
15
15
18
18
14
13
15
22
19
18
27
25
24
20
22
15
22
24
22
28
29
25
23
21
21
21
24
20
17
10
10
-1
-2
-4
-4
-6
-8
1
-13
-11
-17
-19
-32
-37
-35
-35
-36
-44
-45
-43
-46
-44
-50
-48
-44
-44
-45
-44
-46
-44
-43
-42
-35
-37
-31
-30
-27
-24
-18
-11
1
-2
4
5
16
15
12
21
16
15
20
22
30
34
37
38
41
49
46
51
48
44
44
41
41
36
37
30
29
24
19
20
23
16
15
14
6
3
1
-2
-4
-12
-17
-14
-23
-19
-17
-18
-22
-20
-16
-11
-14
-15
-17
-14
-12
-13
-7
-9
-10
-9
-10
-1
-1
1
-1
-1
10
13
15
11
23
21
19
22
23
24
24
20
23
22
21
24
11
16
8
15
14
8
3
-6
-4
-1
3
0
-2
-6
-8
-11
-12
-19
-25
-24
-28
-29
-34
-32
-35
-28
-26
-26
-21
-27
-24
-27
-16
-21
-19
-20
-29
-23
-27
-23
-23
-24
-27
-26
-20
-25
-16
-10
-8
-9
-11
-7
-2
4
2
4
13
13
23
29
30
24
28
25
25
29
21
18
22
21
21
34
35
34
37
31
24
29
27
23
22
12
15
12
12
9
0
-3
-6
-10
-4
-9
-17
-14
-18
-16
-18
-18
-17
-21
-17
-14
-18
-13
-11
-14
-5
-8
-8
-5
-4
-4
-5
0
-2
1
1
5
7
10
14
16
16
20
22
20
23
16
22
18
21
17
21
20
19
23
20
13
17
11
6
4
0
-1
-9
-4
-10
-12
-15
-17
-22
-25
-23
-24
-24
-25
-28
-32
-38
-35
-36
-38
-37
-39
-43
-43
-40
-39
-35
-43
-37
-35
-35
-35
-38
-33
-31
-28
-28
-21
-18
-14
-16
-8
-1
4
8
15
15
23
25
26
34
38
48
47
52
59
57
58
64
59
60
62
60
67
58
57
57
54
53
47
46
46
46
33
29
22
21
17
12
2
-4
-4
-8
-8
-18
-21
-25
-27
-34
-39
-39
-45
-41
-35
-34
-30
-33
-31
-27
-25
-28
-28
-28
-31
-22
-29
-31
-22
-22
-27
-33
-27
-24
-13
-9
-10
-7
-2
0
3
8
12
15
17
24
16
24
19
19
18
17
21
19
14
14
15
11
13
7
3
5
3
6
-2
-5
-1
-9
-10
-18
-16
-21
-24
-20
-23
-23
-27
-23
-22
-20
-24
-26
-22
-23
-22
-26
-18
-17
-15
-17
-17
-15
-17
-8
-7
-3
-8
-6
-7
-3
4
1
14
14
14
18
14
18
17
25
22
27
26
32
38
31
40
31
36
36
32
40
35
36
42
45
33
35
34
33
28
22
24
26
27
24
22
15
14
9
8
8
4
4
-3
-9
-20
-23
-21
-23
-30
-30
-31
-21
-24
-33
-28
-31
-21
-25
-22
-18
-19
-20
-24
-22
-17
-21
-19
-16
-19
-19
-18
-19
-13
-15
-18
-15
-15
-15
-19
-13
-8
-12
-6
-4
-3
-5
-10
-8
-15
-12
-8
-10
-5
0
-4
-7
1
4
1
-2
-6
-2
-3
-5
0
-1
-12
-1
-10
-6
-12
-2
1
-1
-4
-12
-8
-10
1
3
5
-1
1
-1
7
9
5
9
13
16
11
5
3
4
10
7
6
11
7
12
13
14
18
23
28
22
32
24
28
25
30
28
26
29
24
22
14
19
16
20
26
22
27
21
23
28
23
29
27
27
27
22
18
8
3
3
-1
-5
-10
-12
-22
-16
-15
-13
-16
-12
-15
-19
-14
-22
-18
-25
-19
-25
-32
-29
-28
-27
-29
-31
-26
-27
-24
-21
-23
-17
-15
-11
-12
-11
-19
-13
-12
-10
-11
-19
-19
-21
-18
-24
-19
-14
-11
-6
-6
-12
-12
-5
-3
-1
4
10
2
0
8
7
5
-1
4
14
13
13
11
12
13
10
10
14
11
9
10
12
13
13
9
15
14
15
17
14
23
17
11
15
11
6
7
7
9
4
9
12
9
13
6
0
0
-1
2
1
2
-1
-4
3
7
-2
1
-3
4
4
3
9
3
8
7
1
2
2
2
2
1
2
2
3
1
-5
-1
5
1
4
4
-4
-2
-5
-3
-5
-11
-4
-8
-13
-13
-17
-11
-14
-15
-15
-13
-14
-7
-10
-7
-7
-6
-2
-3
-4
-5
-10
-11
-10
-16
-16
-19
-13
-17
-17
-17
-15
-15
-16
-13
-15
-11
-13
-12
-13
-14
-6
-4
-6
-5
-4
1
-1
2
-1
-4
5
-9
-6
-8
-3
3
1
7
6
5
10
11
18
17
19
19
16
17
16
19
21
23
26
28
24
23
28
28
25
25
27
30
25
28
24
23
16
11
13
7
9
17
14
13
13
3
11
9
0
-2
-3
-1
0
-5
-6
-2
-3
-1
-3
-2
-1
2
2
-3
-2
-11
-9
-11
-9
-16
-16
-14
-19
-15
-23
-18
-14
-20
-15
-15
-16
-12
-12
-12
-17
-20
-19
-24
-25
-27
-28
-27
-24
-25
-21
-26
-15
-15
-16
-14
-12
-8
-8
-4
1
-4
-5
-2
-3
2
-1
-3
-1
0
-2
0
-2
-2
-2
-3
-2
2
4
7
12
11
14
11
18
13
14
15
17
15
14
21
12
20
16
20
20
18
21
18
20
24
21
21
19
12
18
15
14
16
17
19
24
11
14
16
19
17
10
13
12
10
4
1
3
-3
-1
-2
-4
-6
-10
-7
-4
1
-7
1
-8
-7
-6
-11
-6
-10
-9
-15
-14
-15
-15
-13
-12
-10
-12
-7
-9
-7
-9
-15
-13
-14
-11
-15
-3
-9
-15
-9
-15
-13
-16
-8
-9
-9
-7
-10
-7
-7
-2
-6
-6
-5
-6
-3
-5
-4
-4
-5
-3
-10
-11
-8
-7
-8
-14
-16
-13
-17
-13
-16
-24
-18
-9
-13
-12
-11
-12
-6
-5
-10
-10
-6
0
-6
0
7
4
7
3
1
1
5
1
5
1
-2
2
-2
2
3
0
6
9
4
12
12
13
13
14
17
13
14
20
27
24
30
31
28
30
26
26
29
28
30
33
36
33
35
31
28
32
32
23
20
24
22
23
21
20
24
11
14
9
11
10
5
3
1
-4
-2
-9
-12
-19
-23
-18
-20
-14
-18
-14
-20
-22
-22
-25
-24
-26
-22
-28
-25
-20
-25
-27
-31
-29
-33
-35
-31
-33
-26
-24
-25
-22
-18
-19
-18
-20
-12
-12
-12
-13
-11
-7
-2
-3
-7
0
0
2
-2
0
3
2
3
3
7
4
8
5
3
10
5
4
6
3
3
3
1
0
3
2
9
12
13
14
14
12
7
4
3
4
5
1
0
1
5
3
-1
-1
2
7
10
10
8
16
18
15
15
9
18
16
14
14
12
17
5
6
-1
3
5
4
10
14
15
16
14
16
14
12
12
17
13
8
10
7
6
-1
4
2
-1
3
-1
0
3
0
3
5
-3
0
-2
-1
-5
-5
-6
-10
-9
-17
-15
-15
-17
-14
-15
-13
-11
-19
-13
-18
-20
-19
-18
-21
-18
-20
-27
-19
-18
-23
-19
-22
-26
-20
-20
-19
-20
-16
-16
-15
-18
-13
-13
-10
-7
-9
-8
-10
-10
-6
-14
-12
-5
-7
-1
3
2
5
5
5
8
8
5
4
7
9
8
15
10
15
15
20
19
19
18
16
13
14
17
12
11
15
15
11
12
13
13
11
12
12
13
17
18
12
17
17
14
10
12
12
16
16
19
22
20
14
19
19
16
14
18
13
10
13
2
6
1
8
7
6
8
2
4
-2
4
1
5
1
-5
4
-4
-5
-6
-8
-11
-13
-15
-18
-18
-17
-14
-17
-17
-16
-16
-15
-13
-21
-20
-18
-22
-19
-17
-21
-19
-24
-27
-24
-25
-25
-23
-23
-25
-23
-28
-22
-19
-17
-12
-9
-10
-7
-1
-5
3
-3
7
6
2
3
-1
7
3
12
5
12
6
5
10
3
5
-4
1
4
4
6
14
15
19
19
15
15
12
