SAMPLES:	22954
BITSPERSAMPLE:	16
CHANNELS:	1
SAMPLERATE:	16000
NORMALIZED:	FALSE
-4
-4
-2
4
3
-2
0
4
4
2
2
4
8
8
9
4
7
13
13
13
14
7
11
12
10
4
6
6
3
6
5
7
7
7
9
6
6
3
4
3
1
-1
5
3
2
4
0
5
4
1
3
-4
1
-4
-8
-2
-9
-8
-4
-10
-5
-10
-11
-8
-8
-7
-7
-6
-5
-5
-4
-3
-11
-9
-10
-8
-9
-5
-7
-3
2
1
-3
-7
-9
-6
-9
-8
-8
-14
-13
-16
-7
-3
-3
0
-2
1
2
2
9
5
5
-1
-4
-6
-3
-4
1
1
1
7
0
6
3
8
7
7
6
12
12
11
12
10
8
4
3
1
0
5
7
8
14
9
7
7
6
7
3
10
11
9
12
10
15
13
8
12
9
2
4
2
4
5
1
1
1
-2
-2
-4
-6
-7
-9
-6
-7
-5
-3
-7
-4
-5
-2
-1
-3
0
-5
-4
-5
-4
-5
-1
-4
1
-2
-4
-1
1
3
3
3
-2
-1
-5
-1
-5
-6
-8
-6
-5
-6
0
2
-1
7
9
0
2
2
2
2
1
-3
-4
-7
-6
-7
-2
-1
0
-5
-8
-2
-3
-8
-1
-4
-7
0
-1
2
2
7
4
2
0
-1
1
3
3
5
2
-3
5
0
2
2
3
7
11
13
12
11
13
9
9
7
3
2
-8
-5
-3
-2
-1
1
0
-5
-4
-1
5
4
1
1
1
2
1
-2
0
-2
-2
0
0
5
6
2
4
3
6
9
10
13
7
7
1
4
5
3
-2
-3
-4
-2
0
-5
-2
-1
-4
-3
-1
-6
-9
-9
-9
-15
-12
-15
-14
-21
-21
-21
-26
-23
-25
-22
-26
-14
-16
-13
-15
-16
-13
-13
-10
-8
-10
-11
-13
-14
-12
-8
-4
-2
1
5
10
7
6
5
7
4
4
5
5
4
0
0
5
6
5
6
5
12
11
11
15
14
10
15
15
21
17
17
18
22
20
18
21
16
18
12
13
2
-3
2
0
0
2
3
1
4
6
4
6
5
0
5
5
-2
-2
3
1
3
1
-1
-1
0
4
1
1
0
-2
-4
-5
1
-2
-9
-4
-6
-6
-7
-8
-10
-10
-2
-4
-2
-3
-3
-3
-10
-7
-10
-8
-6
-11
-5
-7
-3
1
6
2
7
1
4
4
-1
5
-3
-3
-5
-3
-6
-2
-2
-2
0
-2
-4
1
0
-6
0
-2
2
2
-7
-3
-3
-2
-3
-7
-3
-1
-4
-2
-2
-2
-6
-5
-2
-4
3
0
-1
0
1
-3
1
-4
-4
1
-5
1
2
7
7
7
6
4
6
2
6
7
5
12
6
5
13
10
14
9
10
11
9
9
9
16
9
10
14
13
11
6
6
6
9
4
-2
4
-1
-3
-2
-3
3
-1
-2
-5
-8
-7
-3
-5
-8
1
1
-2
1
-6
-7
-13
-15
-7
-5
-7
-7
-7
-10
-8
-7
-2
-1
-2
2
2
2
0
-4
-6
-11
-11
-9
-1
1
1
3
1
0
1
1
3
1
2
-3
3
0
2
3
0
2
5
3
6
8
6
10
10
5
1
-2
-1
-2
-2
-2
-9
-6
-12
-10
-9
-19
-14
-8
-6
-9
-8
-5
-6
-6
-4
-2
-7
-3
-5
-7
-7
-10
-1
-3
-6
-6
-5
0
4
6
3
4
2
2
1
3
3
-5
0
-3
0
3
-1
1
-2
2
3
1
3
3
4
4
6
7
7
3
3
3
1
3
6
11
9
11
8
12
8
8
8
6
9
9
7
2
2
1
-1
0
3
-4
2
-1
-4
-1
-3
-4
-5
-8
-8
-6
-6
-6
-2
-1
-1
-6
-1
5
3
1
-3
-1
-4
-6
-7
-8
-2
-1
-4
-3
-3
-2
-3
-3
0
1
8
5
8
5
2
5
4
4
3
5
0
6
2
4
5
9
1
1
1
-1
8
4
4
0
0
1
-1
-3
0
1
-3
0
-2
-4
-1
-3
-4
4
1
-2
1
-3
-7
-2
-5
-1
-5
-7
-2
-7
-2
-6
-4
-3
-4
-9
-6
-6
-9
-7
-12
-3
0
0
-4
-9
-6
-4
-5
-2
-3
-4
-1
0
-1
-1
2
0
4
3
1
4
6
3
6
1
-5
0
-3
-4
-1
-1
6
-2
1
4
5
10
5
9
5
13
11
11
11
7
7
6
4
8
8
8
2
4
8
5
2
1
3
1
0
2
0
2
0
0
3
-5
-6
-1
0
5
5
7
5
4
4
1
1
1
-6
-3
-2
-3
1
-2
1
3
8
1
1
4
-3
0
-2
-1
-6
-4
-10
-8
-6
-5
-10
-10
-3
-5
-1
-5
-5
-9
-6
-8
-4
-1
2
-4
-3
-2
-5
-9
-8
-5
-6
2
-4
-6
-5
-3
-5
-2
0
-2
3
0
1
0
2
-1
4
8
4
9
4
8
11
13
12
7
8
6
9
8
10
11
17
15
11
10
5
3
5
3
1
0
1
2
7
6
7
9
5
2
0
0
1
-1
-7
-7
-8
-8
-11
-10
-13
-10
-14
-7
-6
-7
-13
-13
-10
-15
-14
-16
-11
-11
-6
-6
-5
-8
-10
-4
-5
-7
-7
-5
-2
-3
-2
0
2
3
1
1
5
-1
-4
1
-1
3
5
4
3
-2
1
5
4
6
11
15
8
4
5
5
5
5
4
8
11
11
6
3
6
2
0
1
4
2
-1
2
-5
-3
-5
-7
-5
-9
-8
-10
-5
-4
2
1
6
2
-3
5
1
5
0
2
0
1
-4
-3
-3
-5
-2
-2
-1
5
1
3
2
-1
4
-2
5
7
6
6
1
-2
1
-1
-3
-7
-2
-1
-5
-3
-6
-4
-1
-8
-5
-5
-6
-1
-9
-6
-12
-11
-11
-16
-10
-11
-15
-14
-13
-13
-12
-9
1
-1
0
4
6
5
3
-3
8
6
3
-1
2
-3
2
5
6
5
5
10
9
6
12
9
8
12
8
10
4
7
5
5
9
9
10
12
12
12
7
15
7
9
11
2
4
3
12
12
14
11
4
8
13
10
10
16
15
14
9
7
3
4
5
6
7
5
9
5
-2
3
-3
-1
-3
-3
-2
-7
-7
-12
-8
-8
-13
-13
-15
-11
-9
-15
-13
-16
-15
-12
-14
-2
-7
-6
-6
-6
-5
-7
-6
-6
0
-1
-3
1
1
0
1
0
4
4
3
6
5
6
3
3
6
-2
3
-1
-1
-1
-5
-5
-10
-11
-9
-12
-7
-8
-7
-4
-6
-8
-5
-4
-10
-2
-5
-4
0
-2
-4
-5
-7
-3
-7
-7
1
-1
-2
-2
-1
3
5
-2
2
-1
2
-3
1
2
2
3
-1
-1
0
0
2
3
9
10
9
11
1
6
0
3
1
-2
-2
-5
-2
-5
1
0
3
-3
4
6
9
9
8
6
1
7
6
6
5
7
10
9
9
8
5
1
-2
-1
-1
1
2
-1
0
5
-3
-1
-3
-2
-5
-5
1
2
1
1
2
1
5
-4
-2
-5
-6
-3
-3
2
-3
-8
-9
-9
-9
-9
-7
-3
1
-9
-4
-6
-9
-8
-10
-7
-12
-9
-7
-11
-3
-5
-5
-2
-6
0
-4
3
2
7
8
6
10
10
12
9
6
1
9
10
10
4
2
1
-3
0
2
7
3
2
1
8
8
2
2
-6
-7
-8
-12
-9
-14
-11
-11
-1
0
-7
-6
-5
-2
4
2
9
7
-2
1
1
0
-1
-1
0
-5
-7
-7
-5
-6
-7
2
1
8
8
9
9
7
4
3
3
2
5
3
5
4
0
1
1
0
-4
-4
5
-4
-1
-1
-6
1
-4
1
-3
5
4
1
11
6
11
4
4
4
10
6
4
6
7
3
-2
-1
3
-4
-2
-4
-11
-2
-5
2
0
-2
2
5
0
-3
-1
-5
-2
0
-1
2
4
3
7
6
4
5
8
10
5
9
3
4
7
4
6
2
4
3
1
6
9
10
8
8
6
4
3
10
8
7
7
4
-1
-5
-2
-8
-8
-9
-12
-9
-12
-9
-10
-13
-12
-9
-9
-10
-4
-11
-8
-6
-8
-4
-5
-5
0
2
2
-7
-10
-7
-6
-9
-5
-3
-8
-5
-8
-6
-7
-6
-1
-1
-8
-1
1
-1
0
-7
-3
0
-1
3
0
0
1
0
6
-2
2
2
4
5
0
1
-5
3
-1
5
8
7
9
0
7
8
10
6
8
2
2
4
7
5
2
6
7
1
1
2
-2
2
0
7
1
6
4
0
1
-1
2
-4
-4
-5
-5
-8
-10
-7
-3
-3
-7
-7
-5
1
-1
-1
-2
0
1
-3
-4
-4
-5
-5
-5
-2
2
2
3
0
7
8
4
11
9
7
13
9
1
5
5
2
3
4
0
4
-3
-5
-5
-5
-1
-2
-5
-7
-7
-11
-12
-6
-12
-5
-9
-12
-9
-10
-14
-11
-10
-10
-7
-5
-4
-4
-2
-7
-7
-7
-4
-3
0
1
2
7
9
7
10
10
4
13
5
8
11
9
13
14
12
7
3
3
-1
0
3
-1
0
-2
-3
-1
-3
-2
-3
-4
-4
-10
-7
-4
-7
-3
-6
-6
-10
-7
-12
-11
-1
-5
-6
-4
-5
-2
-2
2
10
3
6
2
2
1
4
1
1
5
11
11
6
7
9
13
12
19
16
11
8
4
10
6
7
8
9
14
8
8
13
8
11
9
5
2
-1
2
1
0
4
5
2
0
1
0
-1
2
-2
-2
-1
-6
-4
-8
-5
-1
-6
-3
-1
-1
-1
-4
-3
-5
-7
-7
-7
-6
-7
-2
-4
-9
-5
-6
-6
-5
-7
-3
0
-6
-1
-3
0
2
0
-3
-3
0
0
-2
5
4
4
6
6
7
3
10
11
9
13
5
6
11
4
3
2
1
-1
1
0
3
9
4
3
5
2
9
5
-2
2
-3
-3
-7
-4
-7
-5
-6
-6
-8
-11
-9
-9
-11
-9
-8
-11
-13
-11
-12
-11
-8
-3
-4
-5
-3
-3
-1
-1
-1
-1
-6
-4
-8
-1
-2
-3
4
3
2
7
9
3
7
5
11
9
4
8
4
3
0
-1
2
5
7
4
5
7
6
5
5
6
4
4
4
7
10
2
1
-1
2
-2
-4
-7
-10
-10
-12
-11
-8
-9
-10
-1
-7
-3
-5
-10
-7
-12
-9
-9
-7
-12
-10
-12
-14
-16
-12
-16
-17
-11
-10
-10
-8
-6
-13
-4
1
-5
-7
-2
5
1
4
4
4
2
1
-1
-1
3
-5
0
1
5
0
2
8
3
6
3
8
9
13
7
10
12
9
10
4
10
11
11
13
9
12
13
8
7
-1
0
2
2
-3
-2
-1
-1
2
1
3
6
7
1
1
1
0
-5
-4
-4
-2
-6
-2
-8
-9
-1
-5
-3
5
7
2
0
-2
2
1
4
6
9
10
8
10
6
8
10
6
6
8
6
3
4
2
1
-5
-3
-5
-4
1
-1
0
0
-1
1
1
6
2
3
5
8
5
-1
6
0
6
3
-1
7
3
5
8
0
0
-2
2
0
1
3
-1
1
-1
-4
-6
0
0
7
2
2
-1
-3
2
-4
0
2
0
-1
2
-3
-1
-1
3
-1
-2
-1
-1
0
4
4
1
0
1
4
6
4
5
1
-1
1
-1
9
3
6
9
10
4
-1
-3
-3
-6
-10
-6
-11
-9
-8
-12
-12
-13
-13
-13
-15
-12
-9
-10
-14
-13
-14
-14
-9
-12
-16
-13
-15
-16
-7
-12
-10
-15
-9
-5
-3
-6
-11
-4
-6
-4
2
-3
6
3
3
9
9
6
3
6
3
5
6
6
5
4
8
6
9
4
2
5
6
8
1
12
9
4
5
-1
0
4
5
-2
-1
-2
-1
0
1
6
3
3
-2
0
-1
0
0
6
6
5
9
2
1
0
-2
2
3
3
4
5
11
5
7
4
6
7
7
4
7
4
3
1
6
1
-2
1
-3
5
2
7
1
-1
-1
-2
-4
-3
-10
-8
-10
-11
-10
-15
-12
-12
-5
-9
-5
0
4
4
-1
1
-2
4
0
2
5
4
5
3
-1
3
4
-2
7
4
2
1
-2
-4
-2
-5
1
1
-2
-1
-3
3
-3
-3
-3
-5
-6
-5
1
-1
-1
4
6
1
1
-3
-3
0
0
1
1
2
4
9
9
6
5
3
5
4
3
-1
1
2
-2
-1
-1
-1
-2
-5
-3
-4
-5
-3
-5
-2
-3
-7
-6
-4
-2
-1
-2
4
4
-2
-3
-7
-7
-5
-11
-9
-4
-5
-3
-6
-4
-3
-2
-2
2
-1
3
-1
-2
6
3
3
-4
-3
0
0
5
3
9
11
7
9
4
2
-1
5
5
5
8
9
10
9
9
6
9
8
7
6
6
8
6
3
2
4
5
2
2
7
8
9
8
8
9
3
-3
-3
-1
-2
-5
-5
-5
-3
-3
-4
-4
1
-4
-1
-5
-6
-5
-12
-14
-12
-9
-9
-11
-14
-9
-8
-6
-8
-4
-2
1
-3
-5
-3
-5
-2
0
0
-1
-1
-4
-4
-5
-5
-5
-5
-5
-9
-3
-7
-8
-1
-5
2
6
8
8
9
11
6
6
6
9
6
4
10
7
7
10
10
13
12
12
9
13
12
11
8
3
8
-2
3
6
2
3
2
2
2
1
-1
-7
-3
-6
-6
-6
-7
-5
-4
-2
5
2
6
2
-4
-7
-7
-7
-12
-5
-6
-3
-2
-5
-5
1
-2
5
4
0
1
-4
3
-5
-1
-2
4
4
-4
-7
-3
-3
-1
1
0
4
1
4
8
4
4
3
-2
-5
-2
2
-3
5
1
-4
2
-6
-4
0
-4
-2
-2
-9
-2
-1
-3
-6
-9
-3
-11
-9
-11
-11
-7
-9
-8
-12
-10
-8
-14
-10
-11
-8
-2
-1
0
-3
-2
-1
-3
-5
-1
3
0
4
4
4
5
5
2
10
11
8
8
6
6
3
11
9
11
17
13
14
16
14
13
10
4
5
6
1
1
0
-3
5
-3
-2
-2
-2
-1
-2
0
-4
-3
-2
-2
-1
-6
-6
-11
-7
-8
-14
-10
-9
-8
-8
-4
-5
-6
-5
-6
1
3
11
12
10
10
7
5
6
10
4
6
7
5
-1
-3
-3
1
1
1
6
8
10
10
6
10
8
8
5
2
1
-1
2
-3
-2
-8
-10
-8
-6
-5
-3
-3
3
-5
-7
-4
-8
-6
-5
0
1
-2
-7
-11
-9
-13
-13
-14
-10
-13
-9
-8
-10
-6
-3
1
0
-3
3
8
5
7
6
10
11
7
10
4
9
8
11
7
3
7
2
2
1
5
5
1
4
5
5
1
6
4
5
9
6
12
9
4
2
9
3
4
8
3
3
1
2
2
-4
-3
5
5
7
2
-1
-1
-5
-4
2
6
-4
-5
-5
-4
-6
-3
-1
-3
2
-3
3
0
-2
-1
-4
-2
-5
-2
-1
-5
-3
-8
-1
-2
2
3
-2
9
0
0
0
0
1
0
-4
-7
-4
-5
-5
-4
0
-1
0
1
5
4
2
4
5
5
-2
1
-3
0
-3
0
2
-3
-5
-2
-3
-6
-4
-4
-11
-13
-15
-9
-7
-11
-5
-11
-8
-13
-18
-17
-17
-16
-19
-17
-13
-13
-9
-13
-10
-6
-2
-3
-3
1
-4
0
4
5
5
4
6
5
3
3
2
4
6
11
11
10
14
8
13
12
10
8
10
12
11
13
12
8
6
5
6
9
12
9
10
9
1
0
-3
-1
-3
-2
4
2
2
1
2
7
3
-4
-4
-3
-7
-2
-6
-11
-2
-6
-5
-2
-1
3
4
7
7
8
11
10
9
5
8
6
10
10
11
6
7
2
5
5
4
2
0
4
0
-2
-2
1
3
3
-2
-1
1
-1
0
-7
-13
-14
-10
-10
-7
-4
-9
-6
-10
-7
-9
-9
-8
-7
-7
-7
-6
-7
-7
-10
-9
-8
-5
-2
-4
-1
-1
-4
3
-4
0
2
-4
4
1
-2
0
-2
4
1
2
4
0
6
4
3
-1
-1
-2
1
0
1
1
1
8
2
5
1
4
6
8
12
4
11
8
9
10
8
9
7
7
2
5
3
9
8
3
6
5
-1
0
2
-1
-1
-4
-3
-7
-6
-3
-2
3
-2
1
-2
-2
-4
-2
2
-3
0
-9
-5
-7
-8
-4
-4
0
-4
-4
-9
-5
-8
-6
-7
-4
-2
-1
2
6
6
6
5
0
0
-2
2
-1
2
4
0
-2
-2
-1
-1
-2
-2
-4
-10
-5
-9
-7
-7
-7
-3
5
-3
2
-1
-3
1
1
-1
-5
-5
-8
-2
-9
-4
-4
-6
-1
-1
-4
-6
-6
0
-3
4
4
6
12
14
12
7
10
6
4
6
4
8
9
6
4
6
2
5
2
-2
3
2
5
6
5
7
8
3
5
8
11
10
13
7
2
2
-5
1
-2
1
1
-5
1
-3
-1
-4
-4
-1
-1
-1
-3
-6
-4
-3
-10
-5
-11
-3
-4
-3
-3
-4
-7
-13
-9
-11
-9
-13
-11
-11
-11
-7
-5
4
0
0
0
-2
3
1
3
5
7
3
3
4
3
4
4
4
4
3
6
-1
2
1
0
4
0
3
7
3
3
8
1
4
3
3
2
-5
0
-7
-5
-3
-5
-4
0
2
3
4
-3
-2
0
-1
4
0
5
2
1
-1
1
1
-2
-5
-8
-4
-3
-6
-8
1
1
1
1
2
5
3
7
2
4
5
4
5
10
3
4
0
-3
-4
-10
0
-5
-3
1
-2
-7
-4
-9
-4
-1
-2
3
-2
3
1
-3
0
-1
0
-2
-7
-11
-9
-6
-6
-7
-6
-5
-6
-3
1
4
2
1
6
2
1
1
3
0
2
3
0
2
4
4
-3
3
0
3
1
-5
-1
-3
-2
-6
-5
-4
-8
-5
-10
-5
-2
-1
1
-1
6
7
1
4
2
3
4
4
3
5
5
5
8
8
5
6
9
6
10
3
7
6
6
6
2
5
3
3
1
-1
2
1
5
5
4
8
4
7
7
2
5
5
4
3
1
1
2
5
3
-1
-2
0
1
-6
0
0
3
-1
-4
-1
-1
-4
-6
0
1
6
1
6
7
8
7
7
4
1
3
-1
2
1
-4
-1
-2
-4
-1
-5
-6
-5
-4
-10
-6
-4
-2
1
-3
-4
-3
-8
-3
-6
-6
-4
-8
-10
-7
-7
-4
-9
-8
-1
-2
0
-4
-3
-4
-3
-5
-1
-6
-5
-3
0
-4
-1
-1
-4
-5
-3
-2
2
4
1
7
4
8
6
11
6
4
4
2
3
1
3
2
-2
-3
-5
-1
3
0
2
3
-1
1
2
2
2
1
2
0
-2
-2
1
-2
0
1
2
5
-1
1
1
5
2
0
0
-1
1
1
1
0
2
3
1
2
5
2
1
1
-1
-1
-2
-3
-7
-6
-10
-12
-10
-10
-11
-6
-7
-7
-6
-3
-4
-6
-3
-4
-9
-4
-3
-2
-2
-4
-1
1
1
-5
-2
3
-2
3
0
5
6
2
6
2
8
4
1
3
-1
-2
-3
1
1
-2
2
-2
0
2
3
0
1
2
1
-2
-3
-6
-1
1
-4
-4
-7
-4
-5
-4
-1
-6
-5
-1
-1
4
5
8
8
6
8
3
2
3
3
6
4
-1
1
2
0
3
-3
3
2
5
6
4
5
3
3
3
4
-3
-4
-2
0
0
0
4
2
2
3
4
5
11
11
11
14
8
5
6
6
8
1
-1
6
3
4
-1
2
3
2
6
6
8
11
10
8
6
5
5
1
0
0
6
0
1
4
-3
-1
-1
-8
-3
-2
-3
-1
-1
3
2
0
5
1
1
3
1
3
-4
-1
1
-1
-3
-2
-5
-1
-3
-3
0
-4
-3
-3
-6
-4
-5
-4
-7
-8
-10
-13
-9
-13
-10
-10
-10
-10
-8
-6
-10
-4
-9
-6
-6
-5
0
-5
7
2
-3
4
2
2
3
-4
-1
-1
1
4
2
0
1
2
0
-1
-2
6
3
2
0
-2
-1
-3
-2
-2
-2
0
-2
-2
1
2
-1
1
-1
-1
-1
0
2
-1
-1
3
8
4
3
1
3
-2
1
-1
-3
-3
-7
-5
-5
-9
-9
-9
-9
-1
-4
-2
-4
-5
-5
-3
-9
-6
-5
-3
1
-2
2
-1
3
2
3
2
4
2
-4
-3
-2
-1
-3
0
-4
-3
-4
1
-2
-2
7
3
1
-2
2
1
5
7
6
11
4
7
6
3
8
8
10
9
5
5
7
7
7
4
6
2
7
6
7
7
7
13
13
15
10
7
7
4
1
-1
1
3
3
-1
0
-4
-2
1
0
-5
-2
-6
-5
-6
0
-1
-4
-3
-3
0
-1
-2
-6
-2
-7
-12
-10
-10
-9
-8
-9
-12
-9
-12
-3
-3
-6
-7
-3
-2
-5
0
-6
-4
-10
-1
-2
-2
-1
-8
-6
-7
-1
-5
-3
2
0
-3
-4
-3
2
0
-6
4
0
3
3
6
8
8
9
11
5
3
-1
3
6
2
5
2
2
-1
-3
2
2
4
5
1
5
3
2
-4
-6
-3
-5
2
0
-1
-3
-1
-4
-3
0
-4
3
2
5
4
6
7
7
8
6
9
11
7
14
8
9
12
4
5
-1
3
8
7
6
5
5
6
10
7
4
2
1
3
1
-3
-5
-1
-3
-7
1
2
-3
-2
-1
-4
-7
-11
-6
-9
-8
-9
-9
-9
-8
-2
-1
1
1
-5
-8
-9
-7
-7
-2
-2
-1
1
-2
0
-1
2
-3
-1
2
-2
-7
-4
-6
0
-2
-2
-5
-1
4
2
3
3
1
-4
1
-3
-5
-3
-5
-3
-3
-3
0
-1
1
8
8
11
7
4
11
12
6
4
-1
2
-3
-2
-2
-4
-4
-5
-1
-1
5
1
5
6
2
1
3
0
-1
0
-4
2
6
6
4
3
3
1
-1
0
-3
-2
0
0
1
3
1
-3
-3
-2
-2
-2
-3
-3
-2
5
3
6
6
1
4
3
6
-4
-3
3
-7
-4
-4
-11
-6
-13
-13
-7
-3
-2
-2
-1
-3
0
-1
-6
-2
2
1
-4
-7
-1
-4
-4
-3
-4
3
1
-1
-3
-7
-7
-7
-6
-3
-1
2
5
0
0
-2
0
2
1
-1
-2
1
-3
-1
-2
-2
-1
-2
4
6
3
4
8
9
5
2
0
1
6
4
9
2
7
8
3
5
0
1
8
4
2
5
2
2
-1
1
0
1
0
-6
-1
-3
5
1
-1
-2
-3
-6
-4
-5
-2
2
-5
-4
-8
-11
-11
-13
-13
-10
-9
-12
-9
-5
2
1
-6
-3
-9
-7
-7
-12
-11
-13
-13
-13
-14
-3
2
2
6
2
3
2
3
4
5
5
-1
-2
-1
4
7
5
4
7
3
6
11
17
12
5
10
-1
5
4
5
6
5
7
8
8
7
12
16
15
14
15
8
6
9
10
11
5
7
8
5
6
4
6
4
1
8
7
7
12
9
11
9
8
6
5
4
3
5
5
8
0
-3
-1
-3
-3
0
0
1
-3
-4
-3
2
-1
0
-2
-2
-5
-10
-5
-12
-8
-12
-5
-4
-7
-7
-4
-6
-7
-6
-4
-5
-8
-13
-14
-9
-5
-3
-6
-4
-8
-4
0
1
6
0
1
-3
0
-4
-4
-2
-2
0
-1
-3
-3
-3
-1
-4
-14
-11
-13
-11
-5
-13
-5
-5
0
1
1
-3
-2
-2
-10
-1
2
4
2
6
7
9
10
8
9
14
13
14
10
8
5
3
8
9
3
2
7
2
2
7
11
7
7
9
7
0
4
5
0
5
-2
-6
-6
-3
-9
-9
-13
-12
-4
-6
-7
-5
-7
-11
-13
-15
-12
-13
-17
-12
-15
-11
-16
-14
-10
-12
-13
-11
-7
-4
-5
-2
1
0
-1
-8
-7
-9
-1
-4
-1
-4
-7
-8
-6
0
0
0
-2
5
-2
-2
0
0
0
2
2
4
6
3
5
4
3
6
4
6
4
2
-2
5
9
13
17
12
11
10
14
13
12
11
13
16
15
11
9
7
7
4
11
9
6
10
4
10
4
2
3
-2
1
-4
-4
-3
-1
-4
-3
-6
-2
-1
-1
1
-6
-3
1
4
5
-1
-7
-3
-6
-4
-3
-3
-3
-3
-5
-2
-1
0
2
2
1
7
1
-5
-7
-2
1
-5
-8
-6
1
-4
-2
-7
-2
0
-3
0
-3
-1
-3
1
0
0
-6
-7
-11
-13
-11
-9
-9
-2
2
1
3
5
8
9
12
1
4
4
8
9
4
6
10
8
6
11
10
11
11
13
9
13
9
15
13
9
7
6
11
7
4
-1
3
2
4
3
2
4
-2
1
-1
-1
0
-3
2
1
8
3
1
0
0
-6
-4
-5
-2
-5
-16
-12
-8
-11
-13
-14
-16
-5
-10
-8
-10
-15
-12
-14
-11
-16
-15
-15
-11
-9
-16
-8
-11
-8
-4
-3
-3
-3
-2
-4
-1
0
-6
-3
-4
-7
3
-2
3
7
-3
-1
-3
3
3
1
8
4
9
14
11
11
4
3
6
5
8
5
10
11
7
10
15
15
12
7
2
5
3
4
0
4
-1
3
1
0
2
4
2
1
3
4
4
0
-1
-2
-2
-4
-5
-2
-4
0
3
-3
-5
-8
-3
-1
1
-2
3
0
2
3
0
-3
-2
5
0
2
1
0
0
-2
-4
-2
-10
0
-4
0
-3
-4
-4
-5
2
0
3
2
-3
-4
-1
-3
-6
-3
-3
-7
-2
0
-7
-4
-10
-9
-3
1
-2
-1
-7
-11
-8
-15
-5
-5
-3
-3
-8
0
-6
-3
1
0
-5
0
4
1
8
2
4
-1
-3
4
0
4
0
4
3
5
3
2
3
5
8
4
9
6
11
4
11
10
12
12
8
15
9
9
7
5
4
3
7
3
-1
0
1
5
9
5
2
6
5
8
7
-1
1
-2
-7
-7
-2
-3
-7
-13
-13
-13
-13
-12
-11
-8
-10
-13
-11
-12
-11
-9
-5
-7
-12
-15
-14
-6
-6
-6
-4
-1
-7
-12
-11
-17
-16
-12
-9
-4
-6
0
-6
-4
-1
3
2
8
10
11
9
2
9
11
15
9
6
6
9
9
14
11
10
9
4
5
8
7
15
12
12
17
16
14
10
10
12
12
8
7
10
8
8
6
5
4
8
8
10
13
8
14
10
2
0
-2
1
2
-1
0
2
1
1
1
-1
0
2
0
-3
-9
-7
-7
-3
-7
-8
0
-5
-2
-3
1
-3
-1
-1
-1
-6
-11
-7
-11
-8
-11
-8
-11
-7
-6
-3
-3
-8
-7
-8
-1
-8
1
-5
0
0
-2
3
-3
-2
-2
0
-2
7
3
-5
-5
-5
1
1
1
3
-3
-1
-7
-3
-5
-5
-6
-2
1
-4
-7
-6
-10
-9
-7
-8
-7
-8
-6
-5
-5
-7
-4
-7
-5
-3
1
4
0
3
-1
3
1
-2
1
2
4
-2
4
5
6
4
5
10
10
8
13
9
11
13
7
12
4
11
4
8
12
3
12
1
3
-2
4
5
1
2
-1
-2
-1
1
-3
-1
-2
8
5
5
2
1
-3
-1
4
-4
1
-2
0
-3
-7
0
-4
-5
-5
-4
-7
-4
0
-6
-3
-5
-5
-4
-6
-6
-1
-6
-7
-9
-10
-6
-7
1
3
3
-1
-7
-4
-7
-3
-6
-5
-2
-5
-5
-8
-9
-4
0
-4
-3
-4
0
1
-3
-4
-5
0
3
4
5
0
-2
-3
0
-6
5
6
7
5
2
4
-1
2
3
7
4
4
5
5
5
0
-3
0
-4
-3
0
1
2
2
3
4
2
-3
0
-3
3
2
-2
5
7
6
9
11
5
7
7
5
1
5
-1
1
3
5
6
2
1
-1
1
4
5
6
4
5
-1
-2
0
0
2
-5
-4
-4
-5
-2
-6
-1
7
0
2
-2
1
-3
-8
0
0
6
4
5
2
-1
-3
-2
3
0
6
7
6
9
8
4
8
4
4
-3
-1
6
2
8
9
4
5
0
0
-3
1
6
4
1
-1
1
9
1
-3
1
-2
2
-3
-3
-2
-6
-8
-4
-7
-7
-5
-1
-4
-5
2
-2
-5
-3
-9
-3
-5
-7
1
-2
-3
-5
-4
-6
-5
-10
-11
-9
-11
-12
-9
0
-3
-4
-9
-9
-11
-15
-11
-12
-6
-10
-8
1
3
-5
4
-2
7
11
10
12
9
12
10
6
14
19
19
14
10
15
20
21
19
22
21
22
26
24
27
19
21
19
21
18
18
20
14
12
13
11
6
0
-4
-4
-13
-15
-18
-20
-32
-37
-42
-46
-47
-52
-49
-51
-50
-49
-51
-53
-58
-58
-60
-59
-52
-51
-46
-49
-43
-39
-38
-34
-28
-21
-22
-15
-4
-5
1
9
14
19
26
33
39
45
47
57
59
66
78
85
94
96
107
116
118
127
126
126
128
136
130
126
118
108
100
82
68
51
27
14
-12
-28
-50
-62
-75
-90
-101
-116
-120
-132
-144
-155
-158
-160
-163
-162
-164
-165
-159
-159
-141
-134
-126
-113
-103
-92
-81
-66
-45
-32
-21
-1
19
37
57
72
83
107
123
132
143
152
153
156
164
160
160
151
144
135
124
113
97
84
66
48
26
2
-15
-31
-47
-64
-78
-95
-109
-121
-136
-142
-154
-159
-163
-165
-164
-153
-148
-139
-126
-114
-100
-81
-63
-49
-33
-10
9
30
44
57
75
85
107
123
132
153
166
174
187
187
196
193
194
193
192
186
173
170
158
152
135
125
109
99
84
70
59
39
24
7
-7
-23
-42
-64
-79
-96
-110
-118
-130
-141
-151
-162
-165
-177
-180
-187
-189
-188
-193
-184
-184
-181
-171
-166
-165
-157
-144
-136
-127
-119
-107
-105
-94
-81
-78
-64
-56
-46
-36
-23
-16
-6
2
13
19
32
35
43
46
47
57
59
63
60
62
60
56
62
59
58
58
59
66
69
65
73
77
74
85
87
92
102
109
116
128
141
158
174
193
208
230
252
272
291
306
328
341
353
357
358
357
340
323
290
255
214
168
122
66
13
-44
-101
-155
-216
-277
-333
-379
-429
-461
-495
-524
-539
-552
-556
-562
-561
-553
-541
-523
-504
-482
-455
-428
-392
-354
-300
-258
-205
-156
-96
-38
20
79
136
189
239
293
332
378
410
436
457
478
481
478
470
454
434
401
369
328
281
237
180
128
75
11
-44
-99
-152
-195
-241
-280
-321
-350
-372
-397
-405
-412
-415
-408
-395
-371
-352
-326
-293
-250
-193
-143
-83
-23
44
112
195
273
351
430
508
596
678
766
838
912
977
1025
1060
1077
1078
1070
1030
970
889
784
675
539
400
252
89
-78
-238
-396
-552
-700
-834
-960
-1078
-1170
-1243
-1301
-1343
-1369
-1374
-1365
-1342
-1308
-1272
-1219
-1157
-1079
-1004
-921
-817
-717
-601
-488
-366
-243
-118
15
141
275
403
521
633
742
836
927
999
1066
1114
1138
1162
1164
1159
1127
1079
1034
960
893
812
739
643
549
451
345
247
137
34
-69
-166
-274
-378
-476
-563
-640
-706
-770
-815
-855
-881
-901
-903
-896
-870
-833
-793
-739
-662
-595
-504
-414
-319
-221
-126
-30
62
152
226
296
356
424
473
509
531
547
563
570
578
587
598
606
613
624
627
640
644
653
666
684
702
715
731
743
759
754
757
745
710
665
601
522
430
320
197
68
-73
-217
-370
-524
-673
-815
-937
-1037
-1133
-1211
-1266
-1308
-1321
-1329
-1320
-1284
-1251
-1205
-1152
-1091
-1021
-956
-878
-797
-711
-627
-555
-470
-382
-299
-203
-110
-23
66
158
252
343
437
536
623
706
771
830
882
923
961
996
1005
1010
1007
990
968
923
876
824
764
690
613
524
435
334
223
109
-12
-126
-237
-347
-448
-553
-649
-730
-797
-850
-889
-932
-939
-932
-910
-870
-815
-744
-667
-586
-499
-403
-309
-202
-102
-3
88
188
281
362
443
515
580
632
688
744
777
817
834
853
878
893
911
932
962
986
1008
1032
1057
1073
1068
1052
1012
960
882
789
676
536
374
182
-18
-223
-424
-627
-825
-1024
-1206
-1382
-1534
-1646
-1742
-1809
-1858
-1873
-1863
-1825
-1743
-1641
-1521
-1401
-1261
-1118
-967
-808
-652
-505
-363
-222
-85
49
170
287
397
498
596
692
772
858
933
993
1040
1084
1121
1139
1154
1139
1114
1085
1050
993
937
869
786
696
596
496
390
292
195
88
-21
-125
-233
-340
-441
-549
-643
-732
-815
-883
-930
-972
-998
-1002
-992
-960
-927
-876
-809
-720
-628
-525
-426
-308
-196
-82
30
136
253
356
448
541
608
673
729
781
818
837
850
852
847
825
803
776
740
700
674
667
657
652
662
679
705
734
766
782
798
799
787
746
693
620
514
396
243
64
-121
-318
-505
-705
-902
-1085
-1254
-1397
-1526
-1628
-1702
-1750
-1766
-1755
-1715
-1645
-1559
-1464
-1365
-1251
-1125
-993
-856
-723
-597
-477
-355
-228
-122
-1
98
194
293
387
493
595
688
769
858
937
1011
1076
1136
1192
1231
1259
1274
1283
1264
1242
1208
1141
1076
983
894
789
689
573
439
301
164
22
-127
-275
-429
-563
-700
-825
-952
-1057
-1149
-1220
-1287
-1323
-1342
-1321
-1291
-1242
-1182
-1101
-1010
-895
-768
-634
-491
-341
-196
-52
99
243
397
528
660
778
884
969
1028
1079
1120
1153
1172
1172
1167
1152
1135
1119
1100
1082
1064
1049
1039
1037
1034
1025
1023
999
965
917
841
734
614
469
291
84
-144
-389
-625
-862
-1098
-1315
-1528
-1708
-1860
-1989
-2096
-2150
-2179
-2155
-2106
-2028
-1911
-1788
-1638
-1483
-1306
-1129
-941
-758
-572
-401
-240
-74
70
215
353
480
595
707
798
891
973
1054
1125
1185
1256
1311
1355
1383
1401
1383
1361
1326
1269
1210
1136
1055
965
846
725
602
471
343
204
67
-87
-229
-374
-513
-650
-780
-910
-1035
-1149
-1250
-1312
-1367
-1396
-1409
-1414
-1377
-1323
-1255
-1161
-1052
-912
-778
-623
-473
-313
-142
17
178
329
468
613
750
870
979
1067
1145
1195
1239
1259
1263
1264
1253
1228
1198
1137
1069
1000
949
900
857
822
790
775
768
761
750
746
727
693
640
561
464
345
206
24
-173
-381
-589
-810
-1022
-1231
-1421
-1587
-1734
-1832
-1921
-1975
-1991
-1987
-1944
-1881
-1788
-1651
-1498
-1337
-1172
-999
-821
-643
-467
-304
-150
-16
128
238
340
427
494
566
627
699
765
842
912
963
1020
1060
1104
1139
1156
1155
1153
1137
1105
1069
1011
944
865
774
661
562
458
355
248
117
-7
-131
-255
-382
-500
-617
-731
-829
-926
-1009
-1093
-1158
-1212
-1239
-1244
-1229
-1195
-1148
-1072
-985
-877
-758
-628
-492
-348
-196
-32
137
298
456
609
741
853
942
1022
1094
1151
1188
1207
1208
1184
1158
1110
1063
999
931
875
821
786
752
732
697
695
692
697
700
700
703
696
696
662
608
514
402
268
101
-101
-317
-521
-739
-957
-1174
-1383
-1569
-1730
-1851
-1944
-2003
-2028
-2019
-1981
-1902
-1795
-1682
-1535
-1383
-1209
-1033
-857
-669
-510
-349
-206
-76
36
147
246
343
435
521
600
674
758
826
892
967
1028
1075
1135
1177
1213
1246
1268
1269
1253
1222
1177
1121
1033
956
858
767
665
554
425
295
167
25
-120
-264
-418
-578
-732
-883
-1016
-1143
-1242
-1330
-1397
-1441
-1462
-1464
-1430
-1374
-1288
-1184
-1068
-934
-789
-621
-456
-286
-127
51
219
379
548
684
826
948
1042
1130
1190
1239
1266
1274
1276
1268
1234
1201
1134
1058
986
941
904
874
838
824
816
813
817
819
836
827
814
780
707
625
508
360
171
-39
-265
-489
-717
-939
-1161
-1373
-1566
-1749
-1892
-2007
-2077
-2112
-2113
-2095
-2030
-1926
-1793
-1638
-1475
-1303
-1118
-939
-749
-566
-386
-222
-82
60
181
298
398
480
556
627
688
753
815
880
941
995
1045
1090
1136
1179
1207
1218
1215
1195
1154
1125
1079
1013
940
860
762
668
571
463
350
213
80
-67
-215
-372
-534
-688
-851
-999
-1134
-1250
-1359
-1449
-1501
-1518
-1524
-1503
-1451
-1371
-1267
-1151
-1022
-872
-698
-519
-337
-160
35
214
392
568
725
862
972
1073
1159
1231
1286
1312
1327
1331
1312
1277
1239
1187
1137
1093
1048
1011
986
957
951
958
965
977
978
990
986
978
934
862
763
634
475
273
40
-207
-452
-696
-953
-1204
-1455
-1664
-1848
-2010
-2131
-2229
-2285
-2301
-2284
-2217
-2113
-1979
-1818
-1640
-1456
-1269
-1071
-883
-692
-513
-349
-182
-29
114
237
355
473
568
666
754
832
913
987
1047
1100
1151
1202
1256
1299
1326
1337
1323
1301
1271
1230
1166
1090
1008
920
822
719
606
494
367
235
92
-62
-225
-387
-560
-750
-928
-1084
-1228
-1347
-1449
-1533
-1588
-1617
-1608
-1569
-1511
-1419
-1307
-1163
-999
-832
-648
-461
-265
-78
111
298
479
649
807
959
1088
1200
1282
1352
1400
1428
1436
1427
1406
1362
1301
1241
1158
1069
1006
936
882
847
812
787
769
764
758
748
750
747
724
671
589
488
349
187
-17
-226
-450
-685
-915
-1160
-1386
-1584
-1766
-1921
-2046
-2151
-2207
-2221
-2194
-2132
-2040
-1906
-1747
-1572
-1380
-1184
-997
-795
-602
-415
-252
-102
43
176
284
389
487
557
620
679
729
787
849
896
949
995
1040
1084
1126
1168
1184
1185
1177
1164
1141
1112
1064
995
930
854
772
679
577
477
343
204
49
-120
-279
-448
-626
-802
-978
-1132
-1268
-1372
-1445
-1492
-1520
-1521
-1491
-1423
-1320
-1204
-1063
-926
-774
-610
-429
-253
-67
106
275
436
601
753
880
994
1082
1158
1202
1240
1258
1267
1242
1209
1159
1104
1041
977
915
856
815
771
749
739
756
785
821
864
909
936
947
927
872
798
682
536
333
106
-130
-368
-606
-867
-1131
-1376
-1599
-1796
-1972
-2106
-2207
-2269
-2292
-2274
-2214
-2113
-1973
-1806
-1638
-1457
-1266
-1061
-851
-658
-471
-311
-140
13
156
281
384
484
570
661
754
834
908
978
1033
1088
1149
1194
1268
1307
1339
1357
1351
1343
1320
1298
1269
1217
1142
1066
987
894
785
668
532
373
181
-7
-202
-394
-598
-807
-1011
-1201
-1365
-1502
-1630
-1712
-1768
-1798
-1772
-1731
-1646
-1520
-1381
-1244
-1078
-890
-700
-488
-277
-77
116
310
495
687
855
1000
1126
1230
1320
1376
1418
1444
1445
1425
1385
1325
1243
1167
1097
1039
987
945
917
890
885
895
910
923
918
934
934
916
872
779
662
514
321
93
-153
-408
-667
-940
-1211
-1460
-1703
-1920
-2099
-2254
-2357
-2419
-2447
-2431
-2359
-2248
-2106
-1939
-1759
-1555
-1332
-1109
-883
-655
-452
-249
-63
117
291
430
557
667
770
860
940
1014
1082
1147
1201
1248
1288
1321
1357
1389
1411
1406
1397
1365
1340
1312
1267
1222
1158
1071
978
872
751
616
470
298
110
-84
-304
-515
-738
-946
-1155
-1346
-1514
-1661
-1767
-1844
-1896
-1918
-1893
-1838
-1750
-1629
-1474
-1298
-1113
-923
-707
-486
-251
-20
190
398
588
784
965
1125
1261
1363
1455
1524
1582
1626
1630
1595
1543
1461
1364
1280
1188
1105
1034
978
919
890
888
887
896
895
905
906
902
868
801
704
568
390
173
-73
-324
-568
-826
-1097
-1367
-1627
-1857
-2054
-2221
-2358
-2448
-2492
-2509
-2474
-2389
-2259
-2117
-1932
-1729
-1524
-1296
-1059
-810
-573
-344
-137
52
241
408
561
682
792
892
982
1056
1130
1192
1239
1280
1300
1322
1351
1375
1397
1410
1392
1367
1336
1311
1272
1219
1153
1079
990
891
779
659
517
353
179
-4
-195
-409
-612
-814
-1029
-1247
-1446
-1622
-1748
-1835
-1908
-1944
-1946
-1910
-1842
-1727
-1584
-1418
-1231
-1043
-840
-611
-372
-125
108
323
533
736
929
1102
1251
1367
1463
1535
1588
1624
1633
1610
1561
1490
1403
1314
1236
1170
1101
1035
970
928
913
910
919
939
948
958
958
933
878
800
684
513
303
69
-181
-420
-672
-935
-1209
-1494
-1749
-1964
-2149
-2298
-2414
-2499
-2536
-2521
-2463
-2365
-2232
-2066
-1877
-1672
-1446
-1209
-961
-730
-501
-289
-103
93
271
446
580
696
793
895
977
1045
1109
1160
1208
1242
1268
1280
1313
1338
1358
1364
1340
1329
1312
1284
1250
1203
1149
1077
987
899
793
673
541
381
215
25
-170
-358
-554
-754
-963
-1163
-1350
-1512
-1645
-1743
-1813
-1864
-1878
-1849
-1770
-1663
-1531
-1372
-1218
-1027
-819
-605
-370
-147
66
280
479
667
849
1010
1157
1275
1360
1423
1477
1515
1520
1502
1458
1397
1326
1245
1176
1119
1051
991
953
945
955
980
1003
1025
1056
1079
1081
1066
1017
921
784
605
383
138
-124
-371
-657
-954
-1233
-1520
-1769
-2008
-2193
-2357
-2484
-2565
-2602
-2575
-2509
-2394
-2239
-2078
-1894
-1684
-1459
-1216
-969
-718
-500
-290
-99
88
276
440
564
686
792
887
972
1051
1123
1179
1228
1263
1298
1335
1392
1416
1437
1443
1435
1439
1408
1396
1358
1300
1234
1146
1059
950
838
707
558
393
210
10
-193
-405
-626
-855
-1089
-1325
-1526
-1692
-1823
-1926
-1992
-2022
-2025
-1981
-1893
-1780
-1638
-1469
-1288
-1090
-873
-637
-402
-170
56
280
492
700
908
1074
1223
1342
1439
1516
1563
1597
1599
1582
1542
1489
1410
1344
1292
1230
1167
1112
1075
1049
1047
1065
1077
1093
1097
1114
1086
1032
950
824
671
481
250
-6
-267
-540
-820
-1120
-1409
-1673
-1908
-2110
-2291
-2442
-2563
-2628
-2662
-2637
-2562
-2452
-2291
-2117
-1919
-1693
-1455
-1205
-937
-673
-429
-197
11
214
403
565
684
796
888
973
1054
1122
1179
1232
1276
1306
1345
1374
1413
1449
1474
1471
1460
1451
1429
1390
1345
1283
1210
1121
1012
911
780
633
480
307
125
-49
-231
-411
-612
-821
-1022
-1221
-1394
-1527
-1641
-1740
-1799
-1824
-1816
-1773
-1694
-1591
-1450
-1306
-1141
-963
-772
-553
-337
-123
72
261
460
646
810
953
1078
1164
1245
1307
1346
1379
1381
1351
1300
1247
1165
1106
1057
1011
962
908
881
876
885
901
927
950
980
995
998
982
918
827
701
535
328
100
-147
-397
-654
-924
-1181
-1453
-1696
-1920
-2118
-2277
-2403
-2482
-2509
-2489
-2432
-2326
-2191
-2026
-1830
-1626
-1397
-1156
-914
-678
-450
-231
-27
172
349
503
632
753
853
934
1015
1082
1140
1189
1230
1272
1306
1348
1373
1400
1419
1427
1419
1409
1384
1350
1322
1275
1208
1135
1038
926
799
664
508
328
136
-55
-244
-449
-655
-871
-1075
-1270
-1439
-1575
-1685
-1768
-1821
-1834
-1815
-1770
-1683
-1571
-1439
-1285
-1123
-936
-740
-529
-316
-103
108
302
506
691
859
1002
1118
1211
1292
1350
1383
1399
1398
1376
1324
1254
1167
1085
1012
951
887
828
784
767
770
790
807
841
865
897
918
903
862
771
649
479
278
55
-178
-416
-665
-925
-1195
-1444
-1673
-1864
-2026
-2167
-2263
-2339
-2357
-2334
-2271
-2177
-2058
-1897
-1711
-1510
-1286
-1060
-814
-591
-375
-168
27
213
372
494
598
693
772
837
901
954
982
1015
1046
1076
1094
1119
1150
1178
1209
1230
1245
1241
1221
1218
1193
1158
1110
1056
980
897
799
680
552
400
240
64
-114
-298
-497
-704
-898
-1086
-1254
-1399
-1516
-1617
-1668
-1701
-1707
-1655
-1591
-1497
-1380
-1246
-1089
-926
-743
-537
-328
-125
68
248
428
610
774
924
1052
1149
1210
1264
1298
1322
1323
1306
1264
1201
1137
1046
986
933
880
847
813
817
835
859
897
922
956
985
1006
1001
957
878
755
591
395
167
-80
-331
-586
-850
-1119
-1379
-1612
-1826
-2010
-2172
-2294
-2375
-2425
-2430
-2385
-2291
-2170
-2012
-1833
-1640
-1431
-1199
-969
-728
-506
-301
-86
96
265
406
524
635
715
793
854
915
973
1023
1076
1100
1149
1195
1245
1288
1324
1346
1345
1353
1339
1315
1277
1231
1159
1075
981
874
756
629
477
330
175
0
-170
-345
-530
-721
-919
-1114
-1271
-1417
-1526
-1628
-1695
-1728
-1719
-1684
-1621
-1527
-1413
-1258
-1095
-918
-728
-518
-312
-108
89
289
471
651
815
960
1091
1206
1286
1357
1406
1421
1414
1384
1336
1261
1167
1073
990
921
855
805
774
759
762
782
813
839
870
901
925
930
903
836
745
613
455
246
-3
-250
-487
-740
-1005
-1264
-1499
-1708
-1893
-2044
-2177
-2271
-2324
-2345
-2317
-2254
-2143
-1997
-1831
-1643
-1441
-1228
-998
-770
-557
-360
-179
-13
138
273
390
485
583
659
724
793
849
916
966
1022
1076
1133
1177
1227
1275
1310
1325
1324
1330
1317
1290
1243
1186
1109
1031
938
834
724
578
432
264
92
-68
-249
-429
-610
-788
-980
-1149
-1309
-1431
-1537
-1609
-1649
-1672
-1646
-1594
-1510
-1403
-1285
-1137
-991
-812
-631
-432
-237
-47
160
339
531
703
863
998
1105
1190
1260
1313
1350
1360
1356
1333
1281
1216
1133
1047
964
895
835
787
746
730
735
753
783
807
828
853
871
869
823
755
639
492
308
79
-144
-391
-632
-885
-1146
-1391
-1620
-1815
-1978
-2117
-2227
-2309
-2353
-2340
-2290
-2192
-2055
-1894
-1705
-1510
-1292
-1060
-827
-609
-412
-223
-55
111
264
397
508
588
664
739
809
879
945
992
1050
1091
1120
1152
1181
1216
1236
1254
1269
1276
1273
1253
1216
1158
1086
1010
926
826
718
595
455
301
132
-20
-176
-332
-485
-649
-821
-1020
-1192
-1331
-1440
-1534
-1596
-1624
-1632
-1595
-1534
-1448
-1329
-1193
-1038
-884
-696
-505
-310
-105
78
262
440
620
775
934
1052
1150
1232
1279
1328
1337
1346
1319
1276
1222
1133
1036
948
875
815
770
729
704
694
706
734
752
779
815
839
846
832
797
716
597
434
240
21
-204
-437
-679
-941
-1193
-1430
-1642
-1839
-2000
-2131
-2232
-2297
-2318
-2282
-2229
-2116
-1969
-1791
-1597
-1394
-1171
-948
-719
-506
-313
-134
29
180
306
414
492
576
648
713
779
846
908
957
1004
1048
1095
1145
1199
1242
1263
1276
1278
1287
1269
1250
1216
1165
1109
1035
966
862
743
612
464
303
118
-62
-235
-417
-599
-793
-988
-1156
-1296
-1412
-1507
-1571
-1621
-1639
-1617
-1556
-1472
-1351
-1221
-1083
-931
-763
-572
-385
-195
-5
180
351
525
687
831
970
1089
1183
1250
1296
1319
1322
1311
1270
1211
1125
1027
944
870
810
741
701
673
668
676
699
732
761
795
826
858
855
837
769
658
506
310
109
-111
-348
-593
-857
-1115
-1355
-1586
-1779
-1942
-2097
-2211
-2291
-2315
-2295
-2235
-2123
-1982
-1821
-1634
-1438
-1231
-1006
-782
-565
-369
-188
-14
143
290
420
512
583
660
727
784
845
900
944
989
1028
1060
1099
1147
1194
1237
1255
1262
1269
1248
1238
1216
1159
1091
1012
919
830
729
604
468
301
137
-46
-226
-404
-596
-769
-955
-1143
-1298
-1434
-1528
-1609
-1654
-1670
-1667
-1611
-1538
-1428
-1303
-1160
-1009
-842
-656
-454
-250
-44
151
345
525
696
861
1008
1133
1223
1298
1340
1376
1389
1384
1354
1301
1228
1139
1051
970
904
847
791
746
711
711
729
752
783
814
839
858
848
821
765
681
563
404
206
-12
-242
-485
-730
-1001
-1263
-1513
-1726
-1922
-2075
-2206
-2309
-2365
-2376
-2328
-2249
-2121
-1965
-1776
-1579
-1362
-1130
-904
-682
-488
-294
-120
52
198
333
444
535
605
683
758
820
881
934
987
1016
1056
1082
1127
1172
1194
1213
1228
1239
1236
1224
1201
1157
1106
1041
950
854
747
633
514
375
222
44
-122
-293
-478
-657
-832
-997
-1148
-1272
-1379
-1462
-1533
-1571
-1578
-1537
-1464
-1371
-1257
-1120
-972
-819
-647
-455
-259
-75
112
281
460
634
782
925
1042
1138
1221
1287
1319
1324
1306
1279
1234
1169
1087
999
929
856
799
754
705
678
671
676
698
717
741
770
788
792
780
742
687
592
454
266
54
-169
-394
-630
-861
-1105
-1341
-1549
-1738
-1911
-2070
-2177
-2248
-2276
-2275
-2224
-2130
-2007
-1833
-1665
-1469
-1265
-1047
-823
-615
-415
-236
-62
89
234
354
457
549
632
716
788
850
915
972
1027
1063
1101
1147
1191
1228
1243
1245
1241
1249
1250
1237
1204
1155
1097
1032
949
851
742
625
488
337
181
9
-165
-350
-549
-761
-963
-1143
-1302
-1427
-1533
-1616
-1655
-1678
-1671
-1623
-1537
-1435
-1310
-1163
-1008
-839
-655
-444
-244
-41
153
347
529
709
879
1015
1135
1237
1319
1383
1418
1421
1400
1362
1299
1214
1117
1017
937
874
812
777
743
729
749
769
802
810
835
863
882
892
853
782
677
538
356
134
-90
-327
-570
-824
-1088
-1341
-1581
-1793
-1974
-2129
-2250
-2330
-2368
-2345
-2299
-2202
-2073
-1916
-1738
-1554
-1360
-1152
-928
-705
-502
-316
-143
27
185
312
428
524
611
709
789
862
935
992
1046
1083
1125
1181
1233
1272
1292
1290
1285
1282
1280
1257
1237
1179
1109
1038
927
838
733
624
489
348
187
17
-150
-312
-494
-686
-876
-1059
-1212
-1361
-1475
-1579
-1650
-1683
-1684
-1641
-1576
-1473
-1352
-1221
-1079
-896
-715
-514
-313
-121
77
263
457
649
827
972
1100
1201
1279
1327
1365
1373
1371
1345
1288
1219
1138
1054
976
907
838
797
754
739
744
743
766
797
826
858
883
883
864
815
740
622
452
249
34
-186
-435
-688
-954
-1209
-1451
-1667
-1856
-2031
-2168
-2262
-2326
-2338
-2309
-2236
-2124
-1981
-1819
-1637
-1438
-1235
-1007
-791
-587
-393
-208
-34
127
265
395
503
606
692
774
858
926
990
1057
1090
1131
1181
1212
1258
1272
1286
1283
1277
1261
1246
1221
1173
1119
1047
969
882
784
679
553
412
244
76
-96
-275
-450
-645
-844
-1043
-1220
-1387
-1513
-1623
-1711
-1743
-1762
-1734
-1667
-1561
-1441
-1309
-1151
-987
-795
-593
-381
-168
39
238
430
620
815
988
1149
1276
1368
1442
1483
1496
1480
1456
1402
1329
1235
1135
1052
987
933
894
856
827
826
834
842
839
836
856
866
857
833
764
674
550
383
187
-32
-253
-478
-720
-961
-1213
-1461
-1691
-1888
-2054
-2195
-2291
-2347
-2371
-2347
-2287
-2179
-2034
-1869
-1694
-1501
-1292
-1065
-848
-637
-445
-269
-90
67
226
355
462
564
664
768
847
927
997
1063
1112
1164
1215
1262
1299
1325
1328
1316
1305
1283
1267
1229
1171
1103
1034
955
872
770
665
537
400
253
92
-64
-219
-384
-564
-748
-935
-1101
-1248
-1375
-1479
-1570
-1628
-1645
-1631
-1591
-1531
-1448
-1346
-1203
-1046
-875
-686
-485
-287
-97
99
310
500
681
849
998
1127
1227
1306
1357
1379
1377
1353
1309
1249
1169
1086
996
919
848
798
766
750
741
755
771
803
835
880
921
942
933
895
829
737
591
416
208
-2
-223
-471
-720
-983
-1222
-1456
-1673
-1858
-2034
-2175
-2270
-2334
-2331
-2292
-2222
-2114
-1969
-1797
-1606
-1405
-1196
-984
-772
-576
-405
-229
-71
80
200
303
405
485
570
654
747
833
906
979
1042
1109
1166
1228
1292
1328
1361
1366
1356
1355
1336
1302
1267
1207
1137
1057
981
894
785
659
513
365
212
38
-150
-337
-536
-749
-952
-1140
-1312
-1465
-1582
-1667
-1724
-1738
-1735
-1685
-1621
-1528
-1415
-1287
-1124
-945
-753
-562
-355
-163
41
236
438
626
806
960
1099
1209
1301
1373
1413
1420
1402
1368
1296
1207
1116
1034
964
912
861
830
817
836
870
917
959
988
1021
1031
1037
1013
965
875
740
583
365
133
-113
-357
-616
-887
-1155
-1420
-1640
-1846
-2029
-2181
-2305
-2370
-2396
-2386
-2336
-2225
-2089
-1928
-1743
-1556
-1339
-1124
-904
-706
-516
-332
-161
13
159
286
393
496
593
682
778
860
934
1008
1061
1122
1169
1231
1294
1339
1374
1383
1374
1370
1351
1332
1289
1214
1140
1054
949
849
733
604
459
297
151
-16
-189
-359
-535
-731
-914
-1076
-1219
-1349
-1466
-1561
-1640
-1669
-1671
-1646
-1577
-1496
-1381
-1254
-1108
-936
-766
-564
-370
-173
19
222
419
617
789
944
1082
1187
1270
1321
1350
1356
1333
1284
1220
1132
1039
952
878
823
788
759
750
761
789
830
877
926
964
1007
1039
1035
1004
929
822
677
494
281
52
-185
-431
-686
-954
-1219
-1467
-1679
-1869
-2032
-2171
-2258
-2307
-2301
-2262
-2184
-2072
-1942
-1776
-1600
-1399
-1191
-983
-789
-611
-439
-267
-118
30
148
256
353
436
516
604
690
764
835
898
959
1029
1102
1180
1242
1293
1333
1348
1364
1369
1354
1335
1282
1220
1137
1048
948
831
714
572
431
272
115
-54
-224
-416
-610
-807
-1005
-1173
-1325
-1444
-1549
-1631
-1677
-1698
-1681
-1634
-1565
-1461
-1334
-1191
-1033
-862
-664
-462
-251
-42
155
362
563
757
932
1082
1212
1307
1369
1405
1413
1394
1366
1312
1251
1174
1097
1032
983
949
908
885
873
890
920
948
979
1004
1018
1033
1013
968
888
768
627
418
188
-52
-292
-543
-804
-1082
-1348
-1580
-1795
-1970
-2123
-2240
-2325
-2367
-2362
-2324
-2239
-2125
-1983
-1813
-1636
-1450
-1236
-1017
-794
-594
-403
-226
-67
82
205
317
423
516
607
694
778
854
926
983
1038
1085
1135
1196
1251
1291
1321
1335
1337
1326
1306
1285
1237
1182
1106
1028
934
815
695
562
415
260
100
-64
-236
-405
-596
-798
-997
-1183
-1334
-1471
-1577
-1660
-1718
-1734
-1706
-1655
-1568
-1463
-1337
-1200
-1043
-855
-659
-452
-247
-41
162
373
574
769
948
1099
1223
1331
1413
1455
1470
1451
1416
1351
1257
1150
1054
979
914
873
837
822
828
854
889
932
985
1029
1074
1095
1097
1056
973
857
690
491
257
12
-246
-512
-785
-1069
-1334
-1571
-1785
-1973
-2133
-2265
-2355
-2400
-2392
-2337
-2244
-2100
-1948
-1794
-1606
-1400
-1201
-990
-803
-626
-455
-289
-118
37
174
283
378
478
572
659
742
808
884
941
1016
1093
1162
1235
1287
1341
1371
1403
1425
1427
1415
1371
1302
1220
1141
1045
944
819
690
549
404
262
99
-69
-232
-409
-595
-770
-943
-1115
-1281
-1419
-1555
-1650
-1725
-1741
-1740
-1713
-1638
-1544
-1426
-1290
-1137
-958
-758
-562
-347
-149
70
276
466
665
843
1011
1146
1246
1332
1379
1407
1412
1390
1343
1279
1201
1118
1054
1003
974
954
944
948
971
994
1026
1065
1108
1135
1146
1125
1080
994
869
701
487
257
12
-240
-510
-795
-1082
-1355
-1608
-1825
-2021
-2195
-2335
-2418
-2459
-2458
-2404
-2313
-2189
-2037
-1856
-1666
-1464
-1240
-1030
-820
-633
-441
-250
-88
66
211
329
438
535
631
730
824
908
971
1046
1104
1157
1218
1293
1347
1394
1421
1443
1463
1461
1447
1403
1358
1298
1215
1110
994
876
732
572
384
179
-27
-235
-446
-659
-868
-1065
-1247
-1405
-1539
-1649
-1725
-1787
-1808
-1807
-1754
-1668
-1564
-1454
-1308
-1145
-966
-755
-559
-344
-149
66
283
507
718
904
1065
1196
1297
1372
1430
1450
1453
1418
1361
1280
1196
1122
1075
1034
986
958
937
937
952
982
1013
1044
1081
1097
1106
1080
1027
941
821
641
425
188
-61
-306
-571
-836
-1108
-1377
-1623
-1843
-2030
-2198
-2324
-2404
-2444
-2431
-2382
-2289
-2167
-2015
-1854
-1659
-1448
-1227
-995
-794
-597
-407
-217
-35
135
279
400
506
592
694
787
877
957
1029
1088
1136
1200
1257
1329
1388
1434
1457
1466
1474
1455
1440
1398
1350
1275
1188
1092
976
850
705
544
363
187
7
-192
-391
-593
-792
-992
-1176
-1343
-1493
-1619
-1738
-1805
-1825
-1838
-1803
-1740
-1657
-1556
-1433
-1273
-1103
-895
-677
-447
-227
3
228
440
646
832
1007
1158
1276
1362
1431
1466
1466
1447
1392
1320
1241
1165
1110
1064
1024
988
963
965
978
1010
1050
1077
1100
1134
1153
1130
1084
1005
883
721
508
282
29
-227
-494
-774
-1057
-1326
-1583
-1812
-2009
-2186
-2318
-2407
-2459
-2475
-2446
-2349
-2228
-2090
-1929
-1758
-1563
-1355
-1138
-909
-712
-526
-332
-170
-5
146
285
419
534
653
756
858
964
1051
1131
1190
1242
1300
1363
1418
1457
1484
1496
1503
1507
1485
1452
1398
1337
1253
1162
1063
938
805
653
496
319
121
-90
-297
-523
-756
-971
-1187
-1375
-1526
-1658
-1755
-1833
-1876
-1877
-1852
-1795
-1694
-1584
-1452
-1312
-1146
-937
-735
-522
-311
-92
135
364
592
795
978
1127
1236
1318
1379
1422
1435
1414
1368
1305
1225
1167
1121
1090
1052
1018
998
1007
1036
1069
1107
1128
1159
1188
1184
1160
1105
1009
882
708
500
265
32
-238
-501
-785
-1057
-1315
-1572
-1793
-1987
-2153
-2295
-2390
-2447
-2446
-2402
-2333
-2217
-2084
-1929
-1754
-1557
-1336
-1118
-903
-703
-524
-338
-162
13
166
301
434
552
676
775
872
965
1044
1106
1167
1243
1316
1386
1427
1460
1477
1488
1490
1481
1452
1399
1331
1240
1157
1060
956
836
689
522
355
179
11
-156
-344
-546
-753
-943
-1128
-1291
-1431
-1540
-1633
-1706
-1752
-1751
-1727
-1673
-1598
-1504
-1376
-1212
-1024
-825
-623
-403
-188
18
239
448
667
860
1013
1132
1222
1293
1342
1374
1389
1362
1302
1236
1154
1084
1046
1000
955
925
910
915
954
1000
1051
1076
1096
1118
1113
1078
1005
915
777
598
391
165
-65
-314
-577
-855
-1124
-1369
-1603
-1805
-1980
-2136
-2254
-2338
-2372
-2366
-2323
-2241
-2146
-2015
-1851
-1680
-1485
-1272
-1061
-858
-675
-491
-307
-132
41
193
333
466
590
706
816
920
1005
1083
1170
1237
1319
1390
1454
1499
1505
1505
1503
1502
1496
1472
1428
1362
1283
1201
1106
994
866
719
554
386
197
7
-185
-382
-593
-809
-1022
-1210
-1384
-1520
-1634
-1720
-1787
-1847
-1844
-1810
-1750
-1665
-1567
-1437
-1288
-1113
-907
-691
-463
-245
-33
196
429
649
857
1034
1187
1305
1395
1450
1470
1461
1435
1379
1313
1237
1159
1103
1053
1024
991
981
988
1017
1054
1097
1122
1141
1148
1128
1079
987
873
722
529
303
74
-168
-405
-680
-961
-1227
-1476
-1708
-1919
-2095
-2245
-2356
-2434
-2465
-2439
-2382
-2283
-2150
-2000
-1830
-1646
-1439
-1218
-1001
-797
-591
-393
-205
-14
148
292
416
538
656
747
841
937
1031
1112
1189
1255
1329
1404
1464
1509
1547
1561
1558
1552
1533
1499
1437
1360
1266
1154
1045
917
774
623
459
272
89
-102
-292
-476
-679
-890
-1086
-1260
-1403
-1536
-1651
-1730
-1786
-1802
-1796
-1745
-1679
-1586
-1472
-1345
-1190
-1015
-825
-623
-414
-199
5
223
451
663
869
1031
1184
1302
1386
1437
1462
1452
1410
1346
1243
1162
1098
1049
1012
974
947
936
956
981
1026
1077
1111
1147
1162
1143
1102
1017
914
756
560
344
103
-134
-399
-665
-947
-1226
-1482
-1716
-1919
-2098
-2228
-2331
-2383
-2404
-2380
-2308
-2209
-2071
-1933
-1777
-1601
-1406
-1197
-991
-794
-604
-432
-259
-83
77
221
344
458
568
672
775
872
966
1049
1127
1199
1270
1347
1408
1456
1490
1515
1527
1529
1518
1496
1449
1384
1309
1222
1120
1003
866
714
540
361
175
-30
-221
-422
-632
-845
-1043
-1218
-1363
-1493
-1600
-1688
-1757
-1780
-1780
-1739
-1669
-1571
-1459
-1325
-1172
-992
-799
-595
-384
-177
41
266
480
680
865
1020
1146
1247
1328
1394
1417
1412
1378
1322
1240
1165
1108
1047
998
955
929
910
923
945
974
1000
1023
1052
1060
1044
1003
932
836
686
507
300
66
-173
-419
-677
-957
-1219
-1471
-1691
-1887
-2062
-2200
-2293
-2356
-2375
-2346
-2282
-2179
-2059
-1926
-1762
-1577
-1379
-1166
-964
-757
-562
-379
-205
-35
117
257
380
486
593
690
800
901
990
1071
1145
1208
1269
1334
1408
1460
1490
1518
1521
1521
1507
1470
1433
1371
1296
1203
1095
979
857
702
542
368
180
-10
-212
-409
-621
-833
-1041
-1219
-1375
-1508
-1607
-1695
-1754
-1777
-1771
-1723
-1659
-1567
-1458
-1334
-1191
-1024
-831
-617
-406
-202
12
236
460
660
860
1023
1153
1254
1325
1365
1374
1357
1313
1249
1156
1078
1013
953
912
880
862
856
861
900
944
979
1016
1048
1067
1059
1023
958
865
724
556
350
132
-114
-367
-630
-893
-1144
-1390
-1601
-1803
-1975
-2122
-2218
-2275
-2303
-2283
-2224
-2132
-2016
-1873
-1713
-1538
-1355
-1168
-969
-783
-603
-430
-249
-72
74
214
326
428
534
622
715
811
894
977
1041
1107
1185
1252
1325
1390
1423
1455
1472
1489
1492
1480
1448
1397
1320
1228
1115
995
872
712
545
368
186
4
-187
-379
-585
-785
-974
-1138
-1279
-1405
-1502
-1587
-1652
-1696
-1700
-1668
-1598
-1514
-1418
-1299
-1173
-1007
-831
-645
-462
-273
-66
159
370
580
758
914
1054
1166
1262
1326
1364
1361
1330
1267
1194
1116
1040
973
914
875
855
851
870
902
945
991
1031
1083
1106
1108
1097
1033
934
799
631
437
212
-18
-250
-495
-754
-1018
-1264
-1490
-1692
-1872
-2039
-2166
-2254
-2293
-2298
-2252
-2177
-2077
-1952
-1814
-1642
-1456
-1260
-1056
-867
-689
-516
-345
-182
-31
105
237
339
435
547
642
747
838
918
995
1066
1126
1189
1259
1314
1360
1391
1414
1437
1469
1467
1430
1382
1331
1266
1186
1079
956
822
674
499
322
131
-62
-263
-465
-672
-859
-1045
-1206
-1341
-1462
-1554
-1640
-1690
-1707
-1679
-1641
-1560
-1467
-1354
-1213
-1059
-878
-681
-486
-296
-81
126
347
556
745
918
1041
1141
1217
1271
1309
1318
1307
1248
1187
1112
1058
1001
953
923
889
877
872
903
941
993
1022
1058
1080
1091
1075
1024
943
815
648
440
209
-24
-274
-531
-795
-1053
-1310
-1546
-1736
-1909
-2057
-2178
-2255
-2301
-2290
-2244
-2163
-2061
-1949
-1801
-1631
-1445
-1245
-1045
-845
-654
-490
-315
-143
18
159
271
389
491
593
697
780
849
919
969
1033
1097
1176
1253
1317
1377
1403
1428
1448
1449
1452
1431
1375
1318
1238
1145
1044
938
808
647
468
297
112
-72
-264
-455
-656
-852
-1043
-1197
-1342
-1460
-1552
-1628
-1675
-1690
-1669
-1630
-1550
-1467
-1357
-1231
-1070
-891
-697
-495
-294
-82
118
337
533
715
877
1018
1143
1223
1288
1314
1314
1286
1223
1157
1076
1013
952
903
857
824
804
823
850
886
937
979
1010
1030
1035
1029
990
922
822
670
466
248
23
-214
-452
-708
-959
-1218
-1438
-1649
-1818
-1963
-2075
-2154
-2207
-2211
-2188
-2120
-2043
-1928
-1791
-1629
-1452
-1269
-1075
-890
-694
-509
-330
-168
-22
117
231
334
438
521
609
695
765
844
916
984
1055
1125
1201
1272
1320
1360
1387
1404
1420
1423
1417
1379
1315
1249
1175
1081
988
864
727
565
387
204
12
-161
-359
-560
-776
-960
-1123
-1267
-1397
-1513
-1600
-1660
-1685
-1672
-1622
-1548
-1449
-1337
-1202
-1054
-883
-708
-525
-337
-150
50
260
462
651
826
971
1090
1188
1242
1282
1298
1276
1226
1156
1089
1022
952
910
852
829
815
803
834
863
903
941
984
1011
1029
1028
1013
947
855
721
544
337
94
-138
-395
-646
-911
-1151
-1388
-1607
-1793
-1953
-2074
-2159
-2204
-2212
-2183
-2107
-2006
-1889
-1752
-1604
-1433
-1246
-1059
-864
-693
-513
-355
-205
-50
80
215
326
430
515
603
686
764
831
890
942
1008
1079
1144
1211
1281
1324
1350
1375
1382
1390
1390
1360
1299
1244
1165
1079
983
872
732
571
391
205
15
-174
-363
-569
-762
-953
-1101
-1240
-1357
-1458
-1546
-1602
-1639
-1639
-1607
-1549
-1470
-1367
-1250
-1098
-942
-754
-560
-365
-167
25
230
435
629
794
939
1059
1157
1221
1258
1266
1255
1217
1154
1091
1019
955
893
842
820
796
791
799
826
870
916
953
989
1018
1028
1010
954
863
735
555
348
111
-132
-368
-621
-878
-1132
-1364
-1571
-1758
-1905
-2030
-2122
-2175
-2194
-2178
-2133
-2053
-1935
-1796
-1644
-1472
-1296
-1109
-912
-717
-545
-379
-220
-70
66
191
297
386
488
586
670
763
839
911
969
1038
1100
1172
1251
1317
1353
1378
1388
1406
1419
1410
1379
1320
1256
1181
1097
983
870
735
592
428
256
79
-99
-277
-467
-659
-848
-1031
-1182
-1307
-1417
-1503
-1574
-1628
-1622
-1600
-1560
-1494
-1405
-1303
-1175
-1017
-846
-661
-469
-276
-84
126
330
547
741
911
1044
1142
1209
1261
1282
1265
1225
1170
1101
1029
957
876
831
798
789
778
784
810
839
879
898
929
953
968
959
928
852
745
620
445
253
46
-173
-415
-662
-906
-1146
-1366
-1554
-1728
-1871
-1988
-2081
-2127
-2127
-2099
-2038
-1944
-1827
-1698
-1548
-1378
-1192
-1011
-833
-655
-493
-333
-190
-44
86
194
291
377
465
549
634
708
773
842
898
971
1053
1126
1204
1260
1295
1336
1354
1362
1350
1341
1308
1258
1204
1138
1068
968
863
753
618
466
314
145
-28
-213
-399
-583
-766
-932
-1083
-1220
-1342
-1437
-1514
-1560
-1571
-1551
-1514
-1443
-1359
-1264
-1119
-964
-804
-646
-481
-308
-127
51
249
451
634
799
931
1046
1136
1203
1248
1238
1199
1143
1071
992
911
833
761
707
670
663
672
696
721
766
806
846
883
913
926
918
874
793
682
534
364
159
-54
-286
-505
-743
-956
-1167
-1368
-1535
-1693
-1828
-1930
-1998
-2025
-2022
-1982
-1911
-1810
-1686
-1536
-1387
-1217
-1049
-888
-724
-553
-394
-248
-114
4
115
206
279
348
420
492
561
637
703
765
833
896
963
1039
1115
1174
1230
1262
1285
1284
1272
1250
1196
1152
1088
1030
955
866
762
637
505
374
244
105
-35
-190
-352
-523
-675
-826
-970
-1091
-1209
-1303
-1364
-1403
-1415
-1402
-1360
-1309
-1237
-1148
-1042
-909
-754
-605
-443
-264
-97
89
257
436
584
724
845
951
1017
1040
1033
1011
976
937
887
831
774
715
672
639
634
624
646
651
671
696
727
773
809
831
840
831
791
733
651
541
414
259
77
-120
-314
-511
-712
-900
-1091
-1275
-1442
-1579
-1684
-1757
-1801
-1811
-1795
-1735
-1662
-1554
-1434
-1301
-1156
-1024
-868
-721
-555
-425
-296
-185
-98
0
77
157
225
297
361
439
504
581
654
722
801
872
940
996
1034
1078
1118
1124
1139
1135
1128
1116
1080
1033
965
891
828
746
666
573
455
346
210
73
-72
-213
-367
-532
-695
-855
-998
-1113
-1212
-1293
-1359
-1379
-1371
-1338
-1282
-1214
-1120
-1022
-915
-798
-670
-534
-395
-245
-105
41
183
332
485
633
765
874
961
1008
1032
1038
1024
992
926
867
810
760
722
676
655
644
634
646
656
691
725
751
776
794
809
810
790
742
676
584
467
318
162
-2
-177
-369
-575
-779
-971
-1167
-1317
-1443
-1573
-1658
-1726
-1750
-1728
-1689
-1623
-1541
-1427
-1288
-1151
-1018
-871
-742
-609
-491
-376
-243
-140
-61
12
67
130
200
263
325
381
443
514
590
663
733
799
868
921
971
1011
1041
1070
1074
1061
1039
997
969
922
875
820
755
683
600
512
417
311
197
80
-61
-199
-348
-487
-625
-763
-875
-991
-1080
-1129
-1166
-1178
-1186
-1171
-1155
-1118
-1056
-985
-888
-789
-681
-577
-459
-335
-195
-53
85
221
367
507
638
750
846
927
968
994
993
973
933
877
806
736
681
628
584
567
561
546
553
567
591
630
669
703
742
765
785
788
758
713
625
512
367
194
19
-169
-365
-585
-797
-996
-1184
-1345
-1487
-1598
-1678
-1729
-1741
-1700
-1641
-1551
-1446
-1324
-1190
-1059
-908
-780
-654
-533
-425
-319
-239
-138
-61
6
65
110
176
237
301
366
439
498
559
632
695
769
830
877
923
962
997
1029
1058
1063
1046
1026
992
947
895
838
766
681
586
484
377
261
147
23
-107
-240
-371
-490
-613
-726
-821
-902
-976
-1032
-1063
-1092
-1100
-1099
-1085
-1066
-1020
-971
-900
-828
-744
-643
-527
-412
-274
-131
10
173
322
491
641
777
876
940
985
988
977
932
877
820
747
663
578
505
447
417
406
405
421
474
543
622
714
794
867
933
969
981
939
886
796
669
505
315
117
-86
-308
-537
-768
-984
-1164
-1340
-1480
-1596
-1677
-1711
-1709
-1668
-1593
-1495
-1389
-1272
-1147
-1017
-873
-733
-596
-482
-396
-308
-234
-161
-106
-56
5
44
92
134
183
250
314
385
458
537
610
700
782
861
925
974
1022
1051
1076
1078
1066
1037
1001
944
887
837
767
679
593
504
412
315
201
84
-49
-180
-312
-435
-555
-684
-786
-885
-972
-1031
-1098
-1124
-1166
-1179
-1184
-1187
-1158
-1105
-1039
-957
-858
-750
-623
-488
-327
-165
15
191
351
514
664
782
887
953
977
994
970
937
871
797
723
635
559
500
459
448
471
485
546
616
693
798
877
967
1034
1095
1129
1130
1080
1005
899
754
577
373
146
-83
-327
-565
-814
-1052
-1247
-1421
-1551
-1656
-1720
-1739
-1716
-1658
-1575
-1482
-1361
-1235
-1115
-978
-852
-727
-611
-510
-428
-358
-300
-242
-190
-150
-114
-83
-39
12
77
136
207
290
375
474
571
668
768
840
906
960
999
1035
1040
1033
1012
972
938
886
827
766
686
620
526
426
333
244
143
30
-83
-200
-308
-418
-534
-653
-764
-859
-951
-1029
-1091
-1137
-1183
-1188
-1177
-1148
-1094
-1031
-945
-844
-738
-623
-475
-344
-184
-29
106
245
388
519
636
749
836
891
936
943
930
915
865
816
761
709
652
601
560
546
555
580
613
655
705
795
857
915
969
1023
1047
1047
1025
954
860
729
573
394
188
-32
-264
-491
-698
-906
-1096
-1258
-1405
-1524
-1592
-1637
-1637
-1604
-1552
-1472
-1372
-1245
-1127
-1008
-895
-787
-687
-611
-534
-468
-404
-341
-301
-253
-202
-157
-101
-38
45
128
222
298
375
469
560
650
732
810
869
923
958
975
1000
1004
987
958
926
885
829
762
695
620
529
446
350
249
147
41
-71
-204
-338
-464
-594
-720
-830
-935
-1018
-1087
-1151
-1180
-1179
-1157
-1139
-1100
-1044
-983
-895
-794
-688
-575
-452
-337
-205
-65
68
191
306
419
534
650
746
839
905
954
976
984
981
960
933
893
844
778
731
692
667
662
669
682
702
740
772
809
845
881
902
898
879
835
767
665
548
402
236
59
-126
-328
-518
-711
-894
-1052
-1205
-1326
-1420
-1483
-1523
-1530
-1503
-1451
-1379
-1287
-1189
-1080
-967
-861
-763
-661
-579
-498
-430
-364
-291
-235
-176
-142
-94
-46
4
63
130
195
278
360
434
524
597
687
751
819
880
909
936
947
931
906
871
830
779
722
655
575
482
391
287
188
84
-33
-139
-243
-349
-464
-563
-668
-757
-839
-902
-960
-992
-1009
-1000
-975
-952
-928
-889
-833
-784
-711
-633
-541
-460
-369
-277
-166
-52
60
197
315
439
558
687
803
900
975
1028
1070
1074
1072
1039
1006
941
868
790
710
642
586
543
495
472
462
472
511
548
584
640
674
707
720
712
686
633
554
432
291
130
-49
-241
-437
-631
-805
-974
-1120
-1233
-1320
-1392
-1439
-1454
-1440
-1380
-1310
-1211
-1119
-1024
-921
-813
-702
-610
-515
-445
-371
-332
-277
-215
-178
-137
-100
-51
-5
60
127
221
303
390
480
550
621
690
749
797
839
867
885
871
848
805
752
696
626
551
476
388
299
211
115
20
-61
-142
-209
-289
-362
-438
-508
-582
-648
-710
-768
-805
-843
-864
-886
-888
-895
-866
-837
-809
-751
-693
-611
-527
-436
-332
-212
-79
59
207
350
503
644
779
903
1004
1086
1120
1151
1139
1109
1069
1010
941
849
738
626
512
423
353
311
277
259
258
277
331
386
446
504
573
613
633
646
621
580
502
387
243
93
-67
-234
-404
-579
-755
-894
-1017
-1125
-1205
-1247
-1283
-1281
-1263
-1212
-1122
-1042
-940
-842
-744
-672
-582
-503
-438
-378
-337
-289
-253
-218
-177
-133
-88
-39
25
96
168
240
310
377
442
505
555
608
653
664
669
657
639
607
568
525
477
430
371
324
284
243
184
135
85
21
-26
-75
-126
-185
-253
-313
-381
-448
-499
-559
-616
-679
-724
-752
-773
-777
-793
-773
-755
-704
-620
-539
-430
-313
-180
-40
101
242
396
531
651
758
846
922
964
1002
998
979
932
871
806
718
644
558
475
389
311
248
194
144
111
96
105
127
160
203
251
313
354
412
459
486
498
489
457
387
294
201
89
-25
-136
-275
-403
-522
-625
-718
-791
-854
-896
-923
-941
-926
-901
-855
-789
-734
-683
-631
-578
-532
-478
-430
-391
-362
-321
-287
-239
-192
-143
-100
-61
-12
40
99
151
192
226
258
283
309
321
316
300
283
270
249
238
236
222
211
203
208
219
222
226
230
232
219
185
156
110
50
-14
-87
-162
-238
-314
-387
-461
-522
-575
-610
-627
-636
-618
-592
-549
-487
-405
-309
-198
-93
28
139
256
377
482
580
651
700
736
762
770
763
744
712
669
622
568
503
435
379
317
273
234
191
159
125
94
71
51
42
30
22
22
22
27
41
48
54
72
86
93
112
124
131
113
81
48
10
-44
-101
-157
-208
-246
-295
-329
-361
-378
-394
-411
-419
-413
-398
-375
-355
-324
-309
-300
-281
-252
-212
-184
-153
-140
-120
-105
-85
-65
-58
-64
-77
-90
-108
-135
-156
-176
-204
-220
-241
-255
-250
-252
-251
-246
-228
-197
-168
-134
-92
-36
6
52
87
108
119
117
107
89
66
28
-6
-37
-64
-88
-101
-106
-108
-101
-85
-65
-37
-14
19
52
101
148
202
244
293
347
384
410
435
456
463
462
463
461
448
433
418
402
384
364
348
319
294
266
227
196
161
113
61
19
-27
-64
-89
-113
-131
-133
-135
-128
-121
-114
-95
-62
-22
10
43
69
92
115
132
144
152
144
129
106
88
65
34
1
-33
-51
-86
-105
-133
-155
-160
-171
-177
-174
-170
-167
-143
-133
-131
-135
-132
-131
-134
-138
-160
-170
-191
-211
-218
-239
-256
-274
-291
-306
-320
-332
-330
-323
-316
-311
-297
-282
-265
-244
-235
-226
-219
-199
-198
-191
-189
-186
-200
-204
-199
-209
-197
-194
-177
-160
-127
-98
-60
-9
23
71
107
142
177
203
242
264
274
295
307
315
322
327
330
343
347
353
357
369
376
363
371
377
391
399
400
399
385
378
370
337
305
270
229
195
146
114
76
42
2
-15
-20
-33
-45
-53
-61
-63
-61
-62
-65
-65
-54
-36
-18
-3
7
17
22
33
31
30
29
16
-1
-6
-23
-29
-27
-29
-29
-33
-18
-20
-12
-8
-22
-18
-25
-41
-45
-70
-83
-106
-118
-137
-149
-162
-175
-190
-217
-240
-257
-273
-285
-297
-310
-326
-326
-324
-319
-299
-298
-284
-275
-278
-278
-263
-258
-252
-254
-257
-263
-274
-275
-262
-248
-222
-194
-163
-116
-76
-27
15
52
97
132
161
190
206
224
230
245
230
221
215
195
180
151
117
99
80
60
58
54
65
91
115
154
191
222
253
280
306
332
344
353
360
355
349
333
315
291
265
234
213
186
167
155
137
112
98
95
88
81
74
67
65
55
55
46
40
38
37
30
24
19
18
10
6
2
-7
-18
-39
-47
-55
-65
-76
-86
-96
-91
-94
-92
-95
-90
-89
-91
-103
-119
-130
-139
-156
-170
-183
-197
-209
-210
-200
-209
-200
-199
-177
-178
-173
-159
-171
-166
-168
-179
-179
-196
-207
-230
-260
-271
-296
-303
-316
-319
-298
-292
-274
-268
-247
-215
-181
-142
-102
-62
-21
19
62
95
121
148
163
191
201
217
218
215
205
188
172
146
135
119
107
86
85
82
92
102
109
128
136
149
161
176
198
217
236
241
245
244
229
221
211
202
192
184
184
178
171
155
144
134
116
112
96
92
83
91
77
65
66
66
68
75
79
76
76
69
68
55
36
22
12
6
-15
-24
-20
-28
-32
-48
-55
-59
-73
-79
-88
-90
-92
-108
-123
-134
-139
-148
-142
-132
-124
-115
-100
-91
-89
-95
-94
-96
-110
-107
-123
-127
-133
-149
-158
-178
-197
-211
-237
-248
-260
-271
-283
-288
-293
-299
-289
-287
-270
-248
-218
-181
-149
-114
-76
-29
16
56
85
109
125
139
159
171
176
175
175
161
140
119
95
86
73
59
44
33
27
12
13
12
17
27
35
46
57
70
80
91
112
125
137
154
156
172
175
183
187
180
166
147
138
128
114
108
102
102
100
103
102
100
87
79
82
85
97
110
117
117
121
135
136
126
118
119
107
97
81
66
49
23
12
-15
-36
-56
-81
-103
-130
-146
-167
-181
-189
-203
-203
-205
-193
-168
-147
-126
-105
-88
-77
-57
-46
-32
-19
-18
-6
-14
-29
-32
-51
-68
-91
-108
-125
-134
-139
-146
-157
-162
-159
-160
-153
-148
-145
-132
-126
-112
-92
-84
-60
-47
-35
-22
-6
-5
-3
12
14
22
22
26
23
26
29
23
29
31
32
29
24
19
8
-12
-29
-32
-52
-61
-74
-75
-83
-78
-82
-69
-49
-19
11
40
83
110
139
158
177
185
202
204
201
188
192
173
155
146
129
129
110
99
95
90
86
95
93
109
128
143
161
177
187
192
193
186
171
148
130
111
103
85
58
38
8
-17
-47
-71
-94
-110
-120
-130
-138
-143
-142
-139
-125
-107
-94
-76
-57
-46
-21
-7
-1
2
10
12
7
20
12
6
-3
-12
-16
-42
-50
-66
-79
-98
-106
-121
-129
-138
-140
-145
-154
-152
-140
-141
-138
-130
-137
-132
-125
-110
-97
-86
-69
-59
-38
-22
-12
-1
5
15
11
13
-1
-6
-13
-13
-21
-29
-29
-44
-41
-45
-53
-63
-78
-82
-77
-86
-79
-87
-74
-63
-43
-31
-16
11
29
45
68
79
96
112
116
117
120
126
131
132
122
114
105
93
85
83
81
80
81
85
88
105
119
138
148
160
169
180
188
190
191
186
176
162
144
129
106
77
43
19
-3
-28
-50
-64
-76
-78
-89
-85
-89
-80
-71
-65
-41
-44
-33
-29
-16
-6
-7
-8
-13
-22
-16
-16
-11
-15
-18
-9
-24
-20
-27
-37
-38
-47
-51
-56
-67
-80
-91
-98
-111
-127
-130
-142
-163
-163
-173
-174
-164
-157
-146
-124
-110
-90
-68
-43
-26
-12
7
14
27
32
29
25
15
3
-8
-10
-20
-26
-30
-33
-32
-39
-36
-36
-26
-25
-25
-22
-23
-8
-17
-10
5
15
22
18
17
17
20
23
30
35
40
40
40
37
45
51
54
58
65
68
81
99
103
119
120
132
130
127
130
139
146
140
142
145
146
138
132
124
114
94
77
68
50
44
28
11
9
5
3
-1
-3
-1
-8
-14
-19
-23
-22
-25
-24
-33
-39
-40
-52
-43
-42
-40
-38
-34
-22
-29
-16
-11
-12
-6
-15
-21
-27
-27
-24
-31
-37
-56
-62
-76
-86
-106
-116
-121
-128
-127
-132
-135
-139
-125
-124
-119
-108
-99
-86
-70
-47
-39
-35
-18
-9
-2
-3
0
8
3
2
1
-3
-11
-8
-5
-4
-2
-8
-11
-3
-2
2
9
21
20
22
14
5
0
-7
-7
-16
-21
-23
-27
-28
-26
-20
-9
7
20
34
45
54
65
74
84
77
75
77
79
85
84
82
77
74
72
80
65
68
83
82
97
93
83
83
68
73
72
69
68
70
66
65
58
55
59
46
52
52
44
36
30
24
25
22
21
13
18
18
12
13
11
14
8
0
8
7
1
8
2
-2
-5
-12
-29
-53
-64
-93
-108
-115
-129
-144
-164
-170
-177
-175
-172
-170
-175
-160
-156
-145
-133
-124
-119
-115
-106
-98
-80
-76
-59
-46
-28
-11
1
14
26
37
44
52
59
60
64
60
54
44
36
39
33
30
31
32
39
39
32
23
18
29
27
29
24
17
20
23
20
15
7
3
4
8
17
14
23
23
22
25
31
26
18
16
7
-2
-17
-14
-14
-18
-21
-26
-19
-16
-2
13
29
40
53
63
72
86
88
91
93
92
92
89
72
71
65
61
52
40
32
26
29
26
33
36
35
41
45
50
49
57
67
63
58
47
44
40
33
31
10
-3
-24
-47
-58
-74
-84
-90
-109
-120
-128
-144
-155
-162
-166
-175
-168
-166
-172
-163
-171
-161
-157
-151
-137
-121
-99
-88
-61
-42
-26
-10
14
29
45
59
65
71
76
87
89
85
97
103
106
111
109
115
112
102
85
84
76
76
57
52
43
29
24
20
11
5
8
1
6
-8
-13
-23
-31
-26
-40
-46
-53
-66
-74
-84
-86
-85
-93
-91
-86
-80
-72
-67
-49
-44
-29
-22
-5
1
10
16
34
48
67
78
80
96
98
109
114
112
116
119
109
113
105
104
104
102
116
104
109
114
114
118
117
108
101
96
83
74
68
55
47
33
25
2
-15
-28
-40
-59
-70
-79
-104
-107
-118
-139
-151
-166
-173
-173
-179
-180
-178
-178
-173
-176
-172
-178
-167
-162
-148
-139
-129
-103
-98
-74
-56
-37
-22
-6
-1
6
12
29
40
48
67
73
90
105
124
138
146
160
167
166
163
150
145
127
120
109
93
79
54
47
26
23
21
10
5
-9
-13
-23
-28
-42
-39
-53
-68
-75
-98
-110
-116
-113
-111
-122
-119
-120
-108
-104
-104
-94
-82
-72
-64
-56
-53
-44
-26
-15
-3
11
18
33
43
59
77
81
94
107
112
123
127
130
136
135
135
144
141
140
140
140
135
132
126
116
111
99
82
71
62
53
38
21
2
-6
-18
-34
-49
-67
-79
-95
-103
-116
-125
-131
-138
-143
-147
-146
-150
-159
-156
-157
-151
-143
-148
-139
-148
-130
-119
-105
-93
-85
-79
-72
-58
-51
-32
-18
2
16
29
47
66
81
94
107
113
119
125
128
139
133
142
149
140
139
127
122
102
99
89
72
59
42
28
19
0
-12
-22
-27
-28
-41
-48
-49
-53
-61
-59
-65
-72
-83
-82
-89
-95
-95
-96
-101
-104
-96
-102
-100
-91
-83
-69
-58
-49
-39
-27
-9
1
20
29
37
45
50
70
76
87
95
112
121
127
130
136
147
146
149
144
145
140
126
130
118
114
107
91
76
56
50
45
37
24
8
3
-9
-22
-22
-44
-54
-67
-83
-93
-100
-103
-112
-122
-125
-130
-138
-136
-149
-144
-150
-152
-139
-138
-133
-136
-134
-125
-115
-102
-89
-73
-64
-46
-30
-15
4
23
45
59
75
90
101
107
109
119
127
123
118
122
117
116
112
114
108
101
91
82
66
54
47
36
22
1
-7
-5
-11
-20
-16
-21
-26
-30
-38
-40
-49
-56
-62
-75
-79
-85
-93
-99
-110
-120
-124
-120
-118
-111
-105
-97
-86
-71
-57
-52
-32
-26
-8
12
23
52
57
69
73
83
91
92
102
103
100
103
106
108
113
110
109
104
102
110
102
99
97
89
84
76
56
40
25
15
7
-5
-5
-12
-23
-29
-30
-36
-42
-48
-53
-55
-54
-62
-57
-64
-74
-77
-80
-75
-80
-83
-88
-94
-100
-102
-114
-122
-123
-117
-110
-108
-97
-88
-72
-55
-40
-23
-4
16
35
48
64
78
88
92
91
100
95
99
92
89
91
93
92
83
79
81
79
71
63
58
45
46
38
23
23
17
15
4
3
-5
-16
-31
-39
-45
-56
-63
-67
-74
-75
-77
-74
-77
-83
-84
-88
-85
-90
-86
-84
-77
-64
-61
-43
-38
-26
-15
-6
6
20
35
41
48
55
68
72
78
82
91
85
87
79
82
80
75
69
61
61
55
48
48
42
26
29
14
17
12
12
12
9
9
3
3
0
2
-1
1
-1
-4
-5
-9
-18
-22
-34
-42
-49
-56
-63
-69
-76
-88
-97
-102
-98
-104
-102
-96
-91
-80
-79
-70
-61
-52
-44
-39
-26
-9
4
11
20
23
31
38
44
50
55
58
66
73
67
66
54
52
52
52
52
44
47
42
37
34
31
27
17
17
9
5
2
-1
-5
-9
-10
-19
-26
-43
-45
-49
-56
-64
-60
-68
-65
-69
-71
-65
-62
-58
-53
-39
-34
-25
-15
2
9
11
14
26
45
59
68
80
93
100
103
110
112
107
110
99
96
98
89
80
69
56
45
38
25
22
13
8
8
2
2
-4
-5
-7
-15
-13
-18
-14
-14
-16
-21
-33
-27
-32
-38
-43
-45
-51
-58
-63
-65
-69
-72
-71
-78
-82
-83
-86
-87
-88
-82
-80
-77
-73
-64
-54
-39
-36
-26
-8
3
16
32
43
44
49
51
64
68
72
70
65
66
67
66
61
59
54
46
46
50
39
29
19
17
11
12
7
0
-6
-12
-26
-32
-33
-37
-34
-43
-39
-44
-43
-38
-46
-46
-50
-43
-47
-53
-46
-49
-47
-42
-36
-33
-35
-29
-33
-28
-24
-22
2
8
22
30
45
55
60
75
82
86
82
75
65
63
50
44
46
45
41
34
38
25
15
8
6
12
10
17
12
11
9
8
10
7
11
3
7
0
5
7
11
19
11
13
5
1
1
-5
-12
-24
-26
-44
-47
-56
-54
-61
-64
-66
-68
-62
-64
-52
-58
-56
-54
-55
-43
-31
-30
-26
-19
-6
10
12
21
17
20
29
29
27
37
39
37
37
33
26
21
14
5
2
0
-5
-5
-2
-2
7
5
5
5
0
1
-4
-9
-12
-17
-21
-25
-34
-27
-24
-31
-30
-30
-31
-29
-33
-35
-37
-34
-32
-27
-20
-25
-23
-13
-1
-7
-6
-6
1
11
17
25
24
29
38
43
51
54
60
57
57
58
55
54
50
47
41
38
35
32
20
13
17
14
12
14
7
5
9
8
6
8
2
11
18
16
20
18
17
25
22
23
19
21
20
18
17
12
7
-4
-13
-23
-28
-37
-38
-41
-44
-47
-46
-45
-47
-46
-39
-43
-34
-34
-35
-18
-16
-13
-7
0
0
5
3
3
0
-5
-6
-10
-6
-5
-11
-12
-16
-12
-11
-5
-2
-2
5
9
5
8
12
11
12
16
11
6
2
-7
-7
-10
-10
-13
-17
-20
-18
-18
-12
-12
-4
-10
-13
-14
-14
-13
-1
-1
-1
0
-2
8
14
18
18
25
30
31
41
43
41
46
37
43
41
38
36
36
31
28
20
16
19
16
20
15
4
0
-5
-11
-15
-19
-21
-18
-18
-18
-6
-3
0
5
4
8
9
6
5
3
4
5
3
8
2
-5
-2
-5
-7
-11
-12
-12
-20
-19
-31
-31
-31
-32
-23
-29
-28
-25
-20
-13
-11
-8
-3
-4
0
5
4
9
8
8
2
-3
-4
-6
-4
-5
-9
-7
-4
-6
-6
-8
-10
-5
-14
-17
-24
-25
-19
-27
-26
-27
-31
-30
-40
-36
-38
-35
-30
-35
-35
-26
-23
-25
-19
-14
-12
-16
-5
-5
-10
-3
-7
6
15
14
27
28
31
30
27
34
34
32
34
42
46
52
55
62
64
61
63
59
60
60
56
59
54
49
39
28
14
16
6
0
-3
-6
-11
-13
-16
-19
-11
-18
-17
-18
-17
-16
-17
-8
-11
-12
-12
-15
-10
-8
-8
-13
-16
-16
-22
-13
-12
-5
-7
-7
-7
-9
-3
0
2
-5
-2
-4
-2
4
0
0
5
8
9
14
10
6
3
3
-3
2
-4
-11
-13
-23
-20
-25
-21
-19
-23
-23
-27
-28
-30
-33
-25
-23
-17
-18
-21
-23
-24
-29
-38
-38
-41
-35
-42
-42
-41
-42
-40
-33
-32
-25
-12
-19
-10
-10
-11
-4
-7
-7
-6
-6
4
7
11
12
14
19
27
34
39
44
43
50
52
59
68
64
73
70
73
74
76
69
67
67
67
59
50
55
46
40
44
41
39
29
29
25
15
7
9
5
6
4
9
8
6
4
0
-2
-3
-4
-6
-3
-5
-13
-19
-20
-21
-32
-32
-33
-39
-46
-51
-45
-49
-47
-53
-51
-45
-38
-25
-23
-19
-12
-14
-12
-13
-8
-10
-6
0
-3
2
-4
-7
-5
-2
-2
4
-4
3
5
2
2
0
-4
-12
-18
-21
-22
-19
-19
-21
-23
-28
-32
-32
-31
-38
-44
-46
-54
-52
-50
-46
-48
-54
-47
-47
-42
-30
-23
-22
-26
-29
-28
-25
-23
-17
-18
-9
-5
5
10
15
27
35
42
55
61
66
77
81
89
87
98
94
92
83
86
90
84
81
78
76
74
67
55
58
47
51
49
47
46
37
31
22
19
14
12
9
5
-2
-7
-16
-17
-24
-31
-26
-32
-42
-43
-45
-41
-41
-41
-43
-43
-50
-46
-45
-47
-39
-49
-42
-43
-44
-41
-39
-38
-32
-33
-29
-28
-27
-32
-28
-20
-22
-19
-22
-23
-25
-25
-20
-23
-21
-16
-17
-13
-13
-16
-23
-19
-21
-21
-19
-17
-9
-13
-10
-15
-13
-9
-7
-4
-1
-2
-10
-1
-6
0
-4
-7
-14
-15
-9
-18
-17
-13
-14
-11
-14
-12
-15
-13
-15
-9
-3
1
7
0
5
16
20
25
25
30
37
40
40
43
48
57
57
67
68
69
76
70
68
63
61
60
70
60
60
54
51
44
35
31
33
26
30
25
19
19
12
14
5
9
11
10
15
13
3
-6
-8
-10
-19
-21
-25
-26
-29
-33
-35
-38
-35
-38
-32
-32
-36
-36
-31
-28
-29
-27
-25
-20
-23
-17
-22
-20
-16
-14
-13
-12
-13
-10
-5
-1
-7
-12
-12
-18
-13
-15
-17
-17
-14
-14
-18
-18
-17
-13
-5
-15
-15
-15
-20
-19
-23
-20
-18
-16
-21
-19
-19
-14
-13
-20
-18
-19
-12
-17
-14
-7
-6
-2
0
-3
1
0
0
2
2
6
4
6
0
6
8
7
7
10
18
19
19
24
20
28
35
40
44
47
51
53
50
44
44
40
46
40
43
44
41
49
40
35
41
36
31
32
29
27
24
22
22
22
15
15
14
13
9
11
8
2
1
-13
-15
-21
-15
-21
-26
-35
-36
-37
-42
-42
-50
-53
-53
-50
-42
-44
-41
-38
-34
-32
-26
-22
-22
-21
-20
-16
-18
-16
-20
-19
-19
-16
-17
-25
-24
-25
-20
-26
-22
-24
-20
-25
-32
-26
-26
-23
-23
-17
-17
-19
-14
-12
-14
-14
-4
-2
3
3
2
5
7
12
5
6
3
-1
-3
-2
0
4
4
3
-5
-5
-4
-3
3
4
5
0
-2
-1
-1
3
7
14
18
32
33
35
47
48
43
45
43
46
46
41
44
33
31
30
27
30
24
31
35
27
35
37
36
39
38
33
31
28
20
23
15
16
13
9
10
12
11
6
2
-15
-8
-13
-17
-13
-12
-17
-21
-19
-18
-15
-18
-23
-25
-25
-19
-17
-21
-25
-28
-25
-23
-15
-13
-12
-6
-6
-2
-5
-1
-3
-9
-16
-21
-26
-30
-29
-32
-40
-47
-50
-52
-50
-50
-48
-45
-45
-44
-44
-41
-45
-44
-37
-43
-31
-30
-26
-20
-14
-10
-7
-6
-8
-3
-9
-16
-13
-19
-14
-10
-9
-3
5
13
14
19
18
20
23
26
29
34
41
44
48
44
44
44
46
50
44
50
56
52
58
57
58
57
58
55
58
61
57
60
61
59
58
61
63
59
51
49
50
50
50
47
47
35
30
32
30
30
22
16
6
1
-3
-8
-6
-15
-12
-12
-14
-25
-34
-37
-44
-49
-56
-56
-60
-55
-56
-60
-60
-66
-67
-59
-62
-60
-62
-59
-62
-62
-56
-55
-48
-46
-47
-42
-38
-40
-33
-39
-43
-38
-35
-34
-28
-30
-28
-24
-23
-19
-18
-16
-14
-21
-14
-15
-6
-5
-6
-8
-9
-4
-2
4
2
-1
-2
-1
0
-3
1
2
0
3
6
6
0
9
8
11
3
3
8
4
7
16
16
20
23
20
24
28
33
37
37
36
41
39
47
48
48
56
59
60
61
62
53
61
60
59
63
57
59
52
52
53
49
50
53
48
47
40
35
30
23
21
21
20
14
12
11
16
5
7
2
-6
-13
-21
-16
-17
-25
-32
-30
-36
-30
-33
-37
-39
-39
-40
-43
-43
-53
-51
-58
-54
-57
-56
-54
-53
-48
-55
-50
-47
-47
-41
-46
-45
-54
-51
-52
-56
-53
-58
-58
-57
-58
-57
-50
-44
-41
-40
-36
-30
-25
-18
-19
-16
-14
-7
-3
2
3
3
4
2
6
12
13
14
17
23
29
27
29
26
30
31
28
32
32
29
26
20
17
12
12
7
9
10
5
5
8
17
14
22
23
27
29
25
29
33
40
37
34
35
34
39
35
40
46
50
55
52
54
55
50
47
46
47
41
44
35
34
31
26
36
37
43
37
37
36
38
31
28
29
19
18
16
10
-7
-14
-17
-26
-31
-41
-41
-40
-39
-35
-35
-32
-32
-38
-37
-41
-37
-37
-39
-40
-50
-44
-49
-50
-50
-47
-49
-49
-55
-53
-46
-52
-46
-43
-42
-44
-43
-49
-43
-39
-33
-26
-30
-24
-21
-18
-14
-9
-6
-2
1
1
6
12
16
21
21
18
24
23
23
26
30
38
32
34
30
22
22
17
14
9
4
3
-1
-5
-3
-3
-1
-2
-2
-2
3
2
6
11
12
17
27
24
21
23
26
27
25
29
30
24
31
35
35
36
33
30
31
34
33
34
32
32
26
32
35
30
33
31
29
34
38
35
38
38
39
42
37
32
20
22
20
10
3
-2
-5
-7
-12
-17
-30
-32
-35
-40
-34
-45
-41
-52
-57
-60
-67
-64
-65
-65
-66
-67
-70
-62
-63
-62
-59
-61
-54
-56
-56
-56
-53
-56
-56
-56
-49
-44
-44
-39
-38
-32
-27
-20
-17
-13
-10
-5
4
8
9
7
14
14
21
21
16
21
18
22
18
16
17
14
13
16
13
7
6
3
10
8
6
4
1
0
-4
3
4
8
11
18
23
26
22
23
25
24
27
22
26
22
20
21
20
24
22
21
31
34
38
42
43
44
42
43
45
48
48
47
48
45
46
39
47
43
48
48
46
48
45
45
37
32
24
22
24
26
16
19
10
1
-1
-8
-16
-25
-25
-26
-34
-35
-37
-39
-50
-51
-54
-54
-52
-56
-52
-64
-58
-63
-62
-72
-72
-69
-75
-75
-71
-62
-59
-57
-55
-45
-46
-43
-42
-41
-34
-31
-28
-27
-28
-20
-17
-11
-2
-1
3
12
13
19
22
28
28
26
25
18
25
20
22
19
28
31
28
25
23
28
29
25
24
24
24
26
24
29
20
27
23
21
25
26
25
25
28
28
26
29
29
35
38
41
42
38
35
34
36
36
36
38
29
30
23
22
25
22
31
32
32
37
39
34
37
35
35
31
33
26
25
19
21
15
12
6
-2
-2
-7
-10
-18
-26
-26
-29
-35
-37
-35
-34
-40
-42
-46
-49
-54
-52
-55
-56
-56
-58
-62
-59
-60
-63
-59
-63
-64
-72
-69
-68
-70
-67
-60
-58
-49
-50
-51
-47
-46
-39
-35
-37
-36
-31
-29
-22
-18
-14
-11
-7
-5
-2
-1
2
7
2
9
14
16
19
24
27
25
30
35
36
40
39
42
42
41
41
43
35
38
37
35
32
26
26
24
24
26
23
24
25
23
26
24
20
20
20
21
21
20
21
23
25
26
27
25
29
26
28
29
29
29
24
29
27
23
27
22
22
21
20
22
23
26
28
25
20
22
19
15
17
16
11
6
-1
4
-7
-9
-19
-24
-25
-30
-27
-34
-35
-41
-39
-38
-45
-45
-46
-43
-51
-49
-48
-54
-48
-56
-50
-54
-51
-48
-52
-49
-42
-42
-39
-37
-37
-31
-25
-27
-28
-21
-25
-23
-23
-25
-16
-19
-12
-9
-7
-5
-1
1
0
1
6
4
6
11
14
17
18
18
19
18
23
27
24
23
24
20
23
21
25
25
25
21
26
27
23
25
22
26
22
26
20
21
19
20
14
17
20
18
15
20
24
28
29
32
33
24
30
28
26
27
23
21
24
24
24
25
25
27
28
27
31
29
26
30
26
28
27
24
22
17
18
11
4
1
-1
-9
-8
-8
-6
-13
-19
-16
-23
-26
-24
-28
-28
-32
-29
-38
-37
-38
-33
-38
-43
-44
-52
-51
-50
-48
-50
-49
-52
-44
-43
-40
-35
-35
-23
-23
-24
-20
-18
-15
-9
-10
-6
-15
-16
-14
-10
-4
-2
1
1
4
7
8
9
8
9
10
13
7
6
5
7
4
4
2
3
0
0
4
1
-1
2
0
7
7
7
7
6
17
10
19
14
19
14
17
18
19
26
18
17
16
15
17
21
19
20
17
19
23
25
28
24
24
19
21
17
24
21
15
17
15
17
15
17
18
20
24
24
23
19
18
15
16
18
10
6
3
0
-6
-5
-15
-16
-17
-17
-19
-30
-25
-21
-20
-26
-24
-32
-30
-27
-31
-34
-28
-34
-37
-33
-32
-34
-36
-34
-36
-25
-30
-21
-22
-19
-24
-25
-18
-22
-23
-24
-23
-20
-20
-15
-10
-4
-8
-4
2
6
5
7
12
11
13
12
11
7
6
7
5
8
8
5
11
7
12
10
7
6
-3
3
1
4
3
6
13
7
8
11
11
19
15
15
13
14
13
11
16
13
15
13
11
12
9
11
11
11
16
19
14
10
7
8
13
17
15
19
18
22
26
23
21
23
24
21
18
18
9
5
8
5
2
5
8
9
5
3
-1
2
3
1
-1
-4
-6
-8
-9
-14
-15
-16
-14
-16
-21
-23
-25
-23
-26
-25
-27
-27
-23
-23
-21
-26
-26
-17
-24
-25
-27
-24
-28
-27
-23
-16
-17
-13
-14
-18
-15
-17
-9
-11
-2
-2
1
7
2
1
1
2
3
-3
-1
-2
2
2
1
3
1
3
1
1
-1
-1
1
1
-1
3
5
12
9
12
11
6
11
12
16
11
12
14
16
19
17
17
14
14
10
13
9
13
16
16
17
18
21
14
20
19
23
31
29
25
19
16
18
17
18
20
15
16
18
16
12
11
13
17
22
21
17
16
19
13
9
11
4
7
-2
-8
-5
-12
-14
-19
-16
-19
-27
-21
-27
-26
-31
-33
-32
-32
-30
-29
-28
-29
-24
-24
-21
-21
-25
-25
-25
-23
-23
-23
-19
-19
-16
-17
-17
-16
-9
-9
-5
-4
0
0
4
1
0
-1
-4
4
-8
-5
-12
-10
-5
-10
-3
-4
1
1
3
4
3
4
5
0
-3
3
-1
-2
-3
-7
-10
-7
-5
-1
3
10
5
10
13
11
15
20
19
18
23
20
24
19
13
15
14
17
17
14
22
23
21
26
24
19
11
10
12
10
15
15
12
14
9
9
0
-2
-1
-7
-9
-16
-15
-15
-16
-15
-12
-13
-9
-6
-4
-3
-3
0
-1
-6
-4
-5
-6
-8
-12
-13
-11
-12
-14
-8
-11
-16
-10
-7
-3
0
2
-1
-1
8
-4
-7
-6
-10
-10
-13
-11
-9
-12
-11
-13
-11
-8
0
-5
-2
-3
0
3
3
6
9
7
3
5
1
-4
-6
-3
-8
-9
-9
-15
-14
-18
-11
-8
-8
-7
-5
0
0
1
1
0
-6
-9
-9
-10
-6
-1
-2
0
2
0
3
5
10
12
9
14
15
11
16
16
16
13
8
16
17
19
17
14
15
15
15
12
16
19
22
18
22
20
15
17
21
15
12
13
10
11
13
8
8
7
9
5
6
-1
-8
-6
0
-4
-2
1
-3
-3
-1
1
-5
-9
-9
-10
-10
-11
-13
-11
-9
-9
-9
-6
-3
-7
-8
-10
-6
-5
-4
-2
-4
1
3
-3
-2
-4
-2
-7
-2
1
-3
-8
-10
-5
-8
-8
-1
-2
1
-6
-12
-9
-12
-6
-4
-7
-9
-12
-7
-1
-10
-11
-14
-11
-9
-8
-9
-2
-7
-6
-3
-4
-2
-3
2
1
3
4
4
2
-2
-3
-3
-3
-3
0
0
1
2
0
2
5
4
10
4
3
1
6
10
7
8
5
7
6
6
11
11
7
15
11
19
21
17
22
17
19
12
14
17
20
20
16
19
18
15
13
8
3
1
3
1
4
1
-1
-3
-6
-2
-5
0
-8
-9
-10
-12
-10
-15
-18
-16
-23
-31
-30
-34
-34
-30
-37
-30
-29
-33
-24
-23
-16
-18
-12
-20
-14
-12
-9
-4
-8
-3
1
4
5
8
2
3
3
2
5
0
3
4
-1
-1
1
4
13
12
11
12
10
11
14
17
14
18
11
5
3
3
8
11
9
13
9
6
6
4
1
4
0
-2
-8
-5
-7
-7
-4
-3
-5
-8
-5
-8
-4
-3
-3
-3
1
-3
2
1
-2
1
2
4
8
12
13
17
11
14
12
12
17
19
22
13
14
6
11
8
4
10
6
10
10
8
9
13
0
-2
-1
2
2
-1
0
5
4
-1
1
-7
-9
-15
-16
-22
-22
-23
-28
-22
-24
-22
-20
-14
-13
-12
-12
-9
-11
-13
-15
-9
-12
-12
-15
-17
-13
-10
-4
-6
-3
-6
-2
-1
-1
-2
-1
2
0
2
2
5
11
8
4
6
0
2
1
4
4
2
4
5
5
2
5
0
4
4
5
2
1
4
5
5
3
7
3
7
8
4
5
10
7
10
9
10
9
8
10
12
14
13
13
13
13
13
15
16
12
17
17
15
17
9
10
7
5
6
9
9
8
8
13
14
9
10
5
7
5
9
8
6
7
10
3
0
-1
-5
-6
-7
-6
-6
-7
-5
2
-1
0
-4
-8
-7
-9
-11
-7
-10
-9
-7
-12
-11
-11
-10
-13
-8
-13
-12
-17
-23
-21
-21
-21
-24
-15
-25
-20
-18
-20
-21
-23
-22
-26
-25
-21
-22
-22
-23
-20
-17
-19
-14
-7
-7
-6
-4
0
-2
-2
3
2
9
9
14
12
10
16
18
19
23
26
23
24
19
31
25
20
18
19
20
20
16
20
20
16
17
7
7
5
7
7
5
8
11
5
4
2
5
7
1
-2
-2
3
0
2
5
10
7
-2
-10
-13
-12
-15
-9
-12
-15
-14
-13
-10
-3
-2
-1
-1
2
3
0
3
3
1
2
1
-1
1
0
2
1
0
2
1
-2
-10
-16
-13
-8
-12
-8
-9
-8
-10
-13
-13
-9
-4
-7
-10
-13
-10
-18
-21
-16
-21
-20
-18
-23
-22
-17
-14
-6
-5
-7
-7
-3
-2
-2
1
5
4
1
1
4
2
7
8
7
9
11
9
8
4
5
7
11
14
13
18
17
18
21
21
19
18
15
8
5
3
6
6
2
5
7
8
7
10
4
4
1
0
-1
-3
-2
-1
-6
-3
-2
0
2
2
-1
-3
-3
-4
-1
-1
1
-1
-7
-6
0
-2
4
2
-5
-3
-2
7
10
6
13
13
5
4
3
5
4
6
8
1
4
3
4
2
5
6
6
8
10
4
6
6
1
2
0
4
5
5
0
-1
2
3
2
3
10
10
7
5
4
8
3
6
2
1
3
-2
-5
-8
-8
-8
-9
-11
-11
-11
-16
-12
-17
-15
-9
-2
-1
-4
-3
-3
-7
-6
-6
-10
-8
-5
-5
1
-1
-1
-6
-6
-4
0
-5
-1
1
-4
-5
-7
-3
-2
1
-1
0
-5
6
13
12
15
8
2
5
2
2
4
5
10
8
10
5
3
-4
-7
3
1
2
0
5
3
7
4
-1
4
1
5
5
0
0
-4
-12
-12
-18
-19
-13
-14
-14
-10
-11
-9
-10
-7
-8
-7
0
-4
0
-2
2
-2
-1
-3
-6
-6
-4
-1
-7
-5
-4
-1
-1
-2
-2
3
1
-2
3
4
12
17
9
5
4
6
3
0
0
-2
0
-8
-5
-3
-1
1
-4
-5
-13
-12
-13
-12
-17
-19
-13
-9
-12
-10
-6
-5
-2
-3
7
6
7
4
3
4
8
9
10
12
3
3
7
6
6
9
15
18
14
13
13
13
10
7
10
9
13
13
13
14
16
19
15
9
9
6
2
2
1
-4
-7
-9
-12
-17
-9
-9
-9
-3
-3
4
7
9
11
7
2
2
7
8
6
9
0
-1
5
3
2
6
1
-2
1
0
1
4
0
-2
-4
-4
7
1
7
6
5
4
-4
0
-3
2
-1
-7
-3
-7
-9
-8
-12
-10
-17
-12
-17
-18
-17
-18
-19
-19
-17
-17
-18
-15
-16
-20
-17
-8
-6
-10
-11
-13
-5
-5
-4
0
-2
0
-5
-2
-6
-6
1
2
-4
1
1
3
4
8
11
11
15
14
10
10
15
11
6
5
4
3
1
1
-1
5
10
6
13
12
15
14
14
13
15
13
12
7
5
10
5
11
14
11
12
16
12
12
4
9
14
13
14
10
10
8
3
5
2
5
3
-1
-1
-4
-1
-4
1
0
0
-5
-6
-6
-7
-4
-3
-2
-1
-7
-5
-3
-3
-3
-9
-1
-6
-13
-9
-12
-12
-14
-12
-14
-13
-10
-10
-9
-4
-5
-6
-7
-5
-7
-5
-5
-5
-1
-2
2
-1
-1
-5
-5
-9
-7
-9
-14
-6
-13
-9
-5
-9
-9
-12
-9
-4
-6
-6
-8
-1
-2
-4
1
-7
-7
-5
-6
-3
-5
-9
-7
-5
-3
5
3
11
9
11
10
13
21
15
16
7
11
8
12
10
9
14
13
14
11
8
12
7
10
8
3
3
6
1
1
-1
-3
-1
-4
1
-4
-1
0
-2
7
1
2
4
1
4
-5
-5
-8
-13
-9
-9
-6
-6
-7
-1
0
-3
6
4
4
4
-2
2
3
3
6
0
10
8
10
12
6
14
7
8
6
4
7
-4
-2
-5
-5
-3
-8
-7
-1
-9
-6
-9
-4
-4
-7
-1
1
-2
3
5
3
3
0
1
-5
-5
-3
-6
-8
-7
-7
-7
0
-3
-5
-11
-5
-6
-15
-14
-10
-8
-7
-12
-9
-5
-11
-15
-18
-14
-11
-6
-1
1
4
4
11
8
8
4
4
2
3
5
0
0
-3
-2
5
6
2
0
5
4
4
8
11
5
3
5
5
10
6
5
6
3
-2
-2
-11
-5
-6
0
3
1
2
1
8
0
2
0
2
1
1
2
-4
-3
0
0
-3
-5
-1
3
2
3
3
7
9
6
-1
0
1
5
3
2
5
10
10
9
10
11
6
8
11
10
4
7
2
4
10
4
5
-2
1
-2
2
2
1
-1
-1
-1
-2
1
10
5
-1
0
-4
0
5
6
7
7
5
4
4
5
4
1
-2
-1
-1
-6
-4
-4
-10
-1
-5
-7
-5
-7
-5
-6
1
2
-2
-1
0
-5
-6
-2
-9
-3
-1
-6
-2
-6
-7
-6
-9
-10
-9
-6
-2
-7
-8
-6
-7
-6
-6
-3
-1
2
2
5
4
2
8
5
3
-4
1
0
-5
-3
-7
-1
-2
1
-2
-3
1
-4
-6
-6
-2
0
-4
-4
-8
-14
-13
-11
-16
-15
-9
-9
-4
-2
-1
-1
4
-1
-3
0
2
0
-1
2
4
7
9
12
13
13
16
12
12
12
13
16
17
13
12
14
9
11
0
1
4
2
14
5
8
9
8
14
7
13
13
10
10
4
1
-2
-7
-8
-10
-13
-19
-19
-14
-20
-20
-18
-22
-17
-16
-14
-12
-12
-7
-14
-17
-21
-14
-15
-13
-13
-17
-15
-15
-9
-10
-5
-7
-7
0
-2
0
8
6
7
14
13
13
6
12
11
7
11
9
10
11
9
7
13
12
14
11
10
10
10
13
13
10
14
7
8
10
4
7
7
6
9
7
1
2
5
2
1
-2
0
-2
-1
-4
-3
2
0
-4
-6
-7
-9
-7
-2
0
1
-4
-6
-6
-4
-6
-9
-5
-4
-3
-6
1
3
6
3
8
3
3
0
1
7
1
0
0
3
-1
-2
-4
0
0
-3
-1
-2
-3
1
-3
-2
-5
-7
-9
-8
-6
-9
-9
-8
-7
-10
1
-5
-4
-3
-5
3
-1
0
1
5
3
6
3
3
4
3
10
9
8
9
3
-3
0
3
2
-1
-1
2
5
0
0
3
-1
-2
-1
-3
1
-1
1
1
-4
-1
-1
-4
-2
-2
-4
3
9
8
7
6
5
9
10
8
-1
-1
-4
-2
-1
-6
-4
-8
-4
-1
3
4
2
3
4
4
7
5
2
6
2
6
9
9
11
10
6
6
-1
2
8
7
9
7
1
-3
-8
-7
-6
-6
-8
-11
-10
-9
-14
-17
-13
-17
-13
-14
-13
-17
-12
-11
-8
-14
-5
-6
-8
-6
-7
-2
-6
-7
-3
1
0
5
0
2
-1
-2
-3
-11
-8
-3
-2
-5
3
2
2
7
6
9
10
9
7
3
4
4
5
6
5
3
0
2
2
1
-4
2
-2
-5
-4
-12
-5
-1
2
1
1
9
5
6
8
10
9
9
8
10
11
12
14
9
11
8
8
6
3
0
3
4
9
9
11
7
11
9
5
2
-1
1
-2
-2
-7
-1
-6
-2
-2
-3
-2
-4
2
-3
2
1
-3
-3
-5
-5
-7
-4
-8
-6
-1
-4
0
-2
1
1
-4
-6
-8
-9
-7
-8
-7
-5
-9
-2
-4
-3
-9
-2
1
0
1
2
7
0
7
5
8
8
8
8
7
11
6
-1
4
4
6
0
-3
2
-2
-2
-4
-1
-2
-2
-4
-9
-11
-11
-11
-8
-10
-11
-13
-12
-10
-10
-2
-1
2
2
-2
2
-1
-3
-2
-3
-3
-1
-5
-6
-7
-4
-7
-2
-6
-4
-6
-3
-2
-3
-3
-2
-3
-2
1
1
1
-2
3
0
-2
-1
3
5
3
0
-4
-5
-4
-4
-4
-3
-4
1
3
3
7
7
4
9
12
10
14
8
13
14
16
19
25
27
22
22
21
19
19
17
21
14
10
9
7
8
4
11
2
3
-3
2
4
-1
1
-6
-8
-11
-15
-10
-12
-13
-10
-10
-7
-11
-9
-10
-10
-13
-15
-15
-15
-11
-9
-8
-4
-7
-8
-8
-8
-6
-9
-4
-7
-7
-4
-4
1
-9
-6
-10
-12
-12
-7
-5
-4
-2
-1
4
2
1
3
5
8
7
8
4
-5
-2
-7
1
1
-4
4
5
7
5
5
6
6
9
8
9
5
4
4
5
8
5
2
-3
-3
-3
-4
-6
-3
-2
-6
-4
-3
-4
2
1
-1
2
0
3
4
-1
-3
2
8
10
8
12
4
6
3
2
10
7
11
9
3
4
7
10
6
6
8
7
15
8
10
9
10
9
4
8
1
2
1
1
5
0
5
-1
1
1
-1
4
0
5
-2
-2
-5
-6
-7
-5
-2
1
0
-7
-9
-13
-14
-10
-7
-10
-9
-11
-9
-10
-9
-11
-10
-10
-10
-10
-13
-15
-12
-13
-11
-12
-12
-8
-13
-15
-6
-3
-1
-2
-7
-1
-5
-1
-3
-6
-4
-6
-5
-8
-3
-4
-4
-3
-5
-9
-9
-10
-4
-2
-4
1
-3
2
0
3
5
4
9
3
1
3
4
6
7
4
5
9
4
4
2
6
3
7
11
10
6
7
7
2
9
6
7
1
0
6
2
-1
6
-2
0
3
2
4
5
4
6
0
4
5
2
8
4
8
-2
6
9
6
8
4
4
10
5
6
7
4
9
3
4
1
2
-1
-1
-6
-4
-2
-1
4
1
0
-1
1
2
4
3
-7
-4
-5
-7
-2
-3
-5
-7
-8
-6
-8
-5
-6
-6
-6
-1
-1
-3
-1
1
1
4
3
1
7
4
2
-1
-1
-6
-5
-2
-5
-6
-5
-5
-1
-5
-2
-5
2
-2
-6
-1
0
2
-1
3
1
1
3
5
2
0
-1
3
-4
3
-3
-2
0
-2
5
5
3
1
5
1
8
-2
1
1
7
8
4
8
3
6
4
12
11
13
13
13
16
13
13
12
9
7
5
3
5
3
6
4
12
11
8
2
3
2
4
1
0
-1
-6
-5
-8
-12
-11
-16
-13
-15
-12
-11
-15
-18
-15
-12
-11
-12
-13
-10
-8
-5
-11
-8
-10
-7
-7
-10
-4
-5
-4
-4
-3
0
-7
-5
-8
-3
0
-1
4
0
2
3
2
-3
-4
-4
-5
-8
-7
-5
-2
3
1
1
-3
1
2
-1
2
1
-2
-1
-1
1
1
4
1
1
0
-3
-1
-3
0
-5
-1
-2
5
12
4
1
1
0
1
4
-2
4
3
1
4
4
7
6
9
8
3
11
8
16
13
12
13
10
14
6
9
4
3
8
5
6
11
9
11
10
12
10
3
3
4
-1
-1
-4
-5
-2
-11
-6
-7
-4
-5
-4
-6
-5
-1
-6
-10
-15
-7
-9
-11
-14
-12
-13
-11
-10
-5
-3
-7
-12
-10
-5
-2
-4
-6
-8
-7
-2
-5
2
-4
-2
-1
0
-5
-6
-6
-7
-4
0
1
2
-1
-5
2
-7
-3
4
0
3
2
0
2
0
-1
-6
-11
-4
-7
-7
-6
-1
-5
1
1
1
6
3
5
8
6
0
-1
-4
-2
-2
-5
0
-4
2
-2
-3
-1
-3
-1
1
5
5
9
9
8
11
11
15
12
9
12
8
10
14
12
12
14
15
12
7
10
15
15
16
13
9
9
9
4
9
8
5
2
4
5
-1
-7
-8
-11
-8
-2
-7
-2
-3
1
4
4
4
6
3
1
-1
-6
-4
-7
-3
-2
-5
-5
-3
1
3
0
-3
-4
-6
-9
-8
-9
-9
-4
-5
-7
-9
-8
-6
-6
-1
-3
-2
-8
-7
-7
-2
-2
-4
-3
-2
-3
-6
1
0
4
1
2
-1
-2
-4
-10
-6
-4
-1
-4
-1
2
4
5
3
1
5
5
8
4
1
2
3
-1
-1
4
2
2
1
0
7
2
2
0
0
5
6
8
11
5
8
7
2
5
0
-2
-3
-2
-3
-2
0
-1
2
9
4
6
12
6
8
4
3
1
2
3
1
5
3
5
3
4
2
5
2
-4
-6
-3
1
-3
-2
-11
-7
-13
-17
-10
-16
-11
-18
-9
-8
-5
-6
-11
-6
-12
-4
-5
-7
-5
-4
-3
-8
-9
-8
-12
-9
-5
-4
-8
-9
-11
-8
-11
-13
-8
-7
-1
-5
-4
-2
0
3
8
6
6
10
3
10
6
4
4
1
3
6
4
9
10
8
6
7
8
7
8
8
10
11
9
12
10
14
12
16
18
12
19
14
10
12
7
7
6
1
1
1
-3
-4
-5
-6
-7
-3
-3
-7
-8
-10
-8
-10
-10
-14
-17
-14
-11
-12
-9
-10
-10
-9
-9
-9
-10
-3
-1
-1
-6
-6
-7
-2
-4
-5
-5
-11
-10
-11
-10
-8
-8
-4
2
1
4
7
7
8
9
10
8
6
6
7
5
4
0
2
7
7
3
6
7
5
7
5
3
2
5
-3
-1
-4
-5
-4
-2
-3
-1
-1
1
2
-3
-2
0
1
1
2
-1
0
-6
0
1
0
-2
3
2
2
5
2
6
3
8
9
4
3
1
2
5
1
2
2
4
1
5
1
5
8
13
16
12
10
11
8
5
3
3
1
4
3
5
6
5
3
2
1
0
0
6
4
2
-1
-4
-6
-3
-4
-6
-2
-1
-5
-4
0
2
5
7
8
10
10
3
9
5
10
8
4
1
-1
-4
1
-2
-4
0
-2
0
-4
1
3
3
5
1
1
-1
3
0
1
0
1
-3
-5
-2
-2
3
0
-2
-8
-11
-9
-10
-5
-10
-7
-5
-5
-7
-8
-10
-15
-14
-12
-13
-10
-11
-12
-14
-12
-15
-18
-14
-10
-10
-14
-11
-13
-15
-12
-12
-11
-17
-11
-14
-16
-13
-4
-6
-9
-4
-5
4
3
5
2
4
4
4
3
3
8
4
12
15
12
11
10
10
14
11
10
11
11
18
18
11
8
9
4
6
5
5
6
5
8
3
2
6
1
1
6
9
6
7
1
3
6
3
4
1
-2
-3
3
0
4
4
7
1
-1
1
1
0
-2
-2
-11
-2
-5
-3
-2
-1
-6
-10
-2
-8
-1
-9
-11
-10
-8
-1
-5
-3
1
1
4
5
2
3
2
4
-4
-2
-3
-8
-5
-9
-7
-9
-9
-7
-5
-4
-3
-3
-2
2
1
1
0
-3
0
-2
-3
-1
-3
4
7
3
7
4
3
4
-2
0
-1
0
-2
1
0
-2
-2
-9
2
-4
-2
1
-1
-1
-2
-2
-1
4
1
7
5
4
-1
-5
6
2
3
2
5
3
-2
5
3
2
5
2
5
3
1
4
1
1
7
6
8
10
7
13
10
14
7
10
9
6
6
1
4
1
5
9
3
4
4
1
5
3
5
3
9
9
5
4
2
1
4
4
6
3
4
4
3
6
3
2
-1
1
-1
-7
-9
-7
-5
-3
0
-5
-5
-5
-10
-7
-8
-6
-4
-9
-5
-8
-10
-12
-13
-8
-6
-16
-16
-19
-13
-14
-8
-7
-10
-6
-9
0
0
1
-2
0
-4
1
3
-7
-6
-2
1
1
-2
-5
-1
-1
-3
0
1
3
7
10
8
5
2
0
2
1
5
3
-2
4
-4
-2
-6
-8
-2
1
-1
2
5
6
6
5
2
1
3
4
3
2
5
2
2
5
1
6
8
7
7
7
6
6
4
-1
3
2
0
1
3
4
0
3
1
4
2
-3
3
8
3
-2
-6
-1
2
-3
-4
-2
2
-1
0
-1
-1
5
5
3
3
1
4
2
-1
-3
-4
-2
-7
0
-2
2
-1
-2
1
-7
-5
-9
-6
-8
-8
1
-1
-3
-6
-6
-2
-12
-5
-5
-11
-5
-7
-5
-3
3
0
-6
-4
-5
-2
-2
5
2
3
0
1
5
5
13
11
11
10
8
5
5
2
5
3
2
6
9
3
-2
5
-4
-4
-4
-6
-9
-8
-7
-7
-5
-6
-6
-3
-1
-4
-4
-3
-1
-3
-8
-8
-8
-9
-11
-7
-2
-4
-2
-3
0
0
3
-2
1
-1
-6
-4
-3
0
0
-3
-2
1
-1
1
4
6
3
7
8
3
3
2
2
2
-1
-3
2
0
-4
-1
3
-1
3
5
-2
-1
-2
0
-3
1
1
0
1
-4
3
-3
-2
2
5
1
-2
-2
-4
2
-1
2
2
0
8
5
8
10
3
5
2
-4
-1
0
3
6
2
10
4
6
4
3
4
3
5
2
-1
-4
2
1
0
5
8
10
5
5
6
8
3
7
6
5
8
0
4
5
9
5
5
3
3
8
8
6
6
5
5
4
1
3
5
2
2
2
2
3
4
1
-2
-1
1
-2
0
-4
-3
-5
-9
-5
-5
-3
-3
-6
-10
-9
-16
-13
-7
-12
-2
-8
-7
-7
-13
-6
-7
-7
-9
-7
-3
-4
-3
-4
-7
-5
-5
-2
-5
-4
-1
0
1
-5
-4
-2
-4
-3
0
-5
-3
-1
-5
-3
-6
-7
-7
-4
-1
4
0
5
4
1
5
4
4
3
1
3
1
1
4
2
4
1
2
7
8
12
5
3
11
12
14
12
12
13
7
9
10
8
13
12
13
11
13
6
9
8
12
14
6
4
1
-2
0
0
-4
-5
-3
3
1
-6
-9
-7
-5
-8
-10
-9
-7
-6
-7
-12
-9
-12
-10
-7
-4
-6
-7
-7
-14
-16
-17
-18
-15
-15
-12
-8
-9
-7
-10
-6
-2
-6
-4
-8
-7
-4
-8
-5
-8
-8
-6
-7
-2
-5
-3
-7
-10
-6
-4
-2
-3
-5
-9
-3
-9
-2
1
4
8
7
5
5
11
10
7
12
6
4
4
1
2
0
4
4
6
5
3
3
-1
-2
-3
-1
-5
-6
-5
-7
-6
-9
-6
-6
-5
0
4
6
5
5
-1
4
3
0
1
2
5
5
6
8
3
5
3
10
13
2
6
3
2
10
3
8
8
6
6
0
8
10
12
8
10
7
5
5
0
-3
0
6
6
7
7
4
4
8
6
7
6
5
6
5
6
1
-1
-2
0
4
0
3
1
0
0
1
-2
-3
-3
-4
5
0
2
0
3
9
8
5
2
8
4
2
0
1
-1
-3
0
-6
0
-4
-4
-4
-8
-6
-5
-4
-5
-6
-7
-5
-2
-3
-2
-3
-6
-1
-2
-5
-10
-14
-12
-12
-10
-7
-5
-2
-3
-1
-3
-5
2
-5
2
3
1
5
3
7
3
3
-2
2
6
3
3
5
4
0
1
-1
-1
1
0
-4
4
-1
-4
-1
-4
-3
-9
-7
0
-3
4
-2
2
-1
0
2
-5
-2
0
4
2
4
6
11
6
6
6
4
4
10
12
10
5
4
8
3
2
4
9
14
4
4
4
2
3
-3
-6
-7
-11
-8
-10
-7
-10
-11
-5
-5
-3
-4
-1
-3
-2
-1
-4
-4
-9
-7
-7
-7
-1
-2
-5
-2
-2
-4
-5
-3
0
-6
-14
-10
-9
-11
-11
-10
-8
-8
-6
-8
-7
-1
0
0
2
-1
2
-4
1
0
-4
3
-4
1
2
1
2
3
5
1
4
4
8
6
7
9
1
8
5
1
7
1
1
5
5
3
1
-3
4
4
7
7
1
7
9
9
10
7
1
0
3
3
5
2
3
6
7
4
4
2
4
-1
-5
-1
-12
-10
-11
-4
-8
-5
-9
-12
-8
-12
-12
-6
-9
-9
-3
-4
-2
-1
3
-2
1
0
0
0
-5
-4
-5
-10
-7
-6
-4
-4
-3
-6
-5
-2
5
0
-4
-7
-7
-4
-3
-4
-7
-4
-2
1
7
7
5
7
7
12
5
8
6
8
10
4
7
7
7
11
4
8
8
11
5
10
6
9
8
5
13
9
12
8
13
13
7
10
10
6
5
8
9
7
8
1
2
2
-4
2
-3
-2
1
8
5
1
8
9
6
9
2
5
2
-4
-2
-5
-7
-7
-1
-2
-4
-6
-7
-11
-14
-11
-14
-12
-11
-7
-6
-8
-7
-9
-9
-4
-6
-10
-8
-9
-12
-4
-6
-4
-3
-3
-2
-3
2
2
7
7
6
10
5
7
4
4
4
8
5
1
5
3
2
3
3
-1
-2
1
-1
0
3
0
-2
1
1
3
3
4
7
0
1
-6
-5
-12
-9
-6
-8
-6
-6
-7
-6
-5
-4
-11
-11
-9
-10
-5
-11
-9
-3
-7
0
-1
-1
2
0
4
4
3
3
6
7
3
2
11
4
8
5
3
8
0
-1
1
0
-1
1
0
4
2
3
3
5
3
4
5
1
-2
2
3
1
4
6
4
-1
3
7
5
5
6
1
3
-3
-2
-1
0
1
-4
-2
1
5
4
3
-1
-2
3
6
2
1
-2
-4
-4
-3
-4
-5
-7
-7
-5
-7
-9
-8
-7
-10
-10
-8
-9
-7
-6
-7
0
-1
2
4
2
5
0
2
-1
-1
0
-1
-3
0
-5
-10
-5
-3
-6
-3
-5
-3
-1
2
-3
-5
-4
-4
-4
-1
-2
-1
-3
1
-1
2
2
-1
-3
-4
-5
-4
-3
2
-3
-7
-2
-4
-3
-4
-4
-5
1
-6
-3
-1
-7
0
-5
-2
1
4
8
1
3
2
5
4
2
5
5
4
4
3
-2
8
8
3
11
10
10
8
9
12
6
10
10
7
7
8
11
13
14
10
10
12
9
10
11
7
9
8
9
7
8
6
5
1
-3
0
-3
-3
-6
-7
-10
-7
-3
-9
-6
-11
-8
-16
-11
-11
-11
-5
-8
-6
-10
-7
-7
-6
-2
-1
-1
-2
-2
3
3
8
3
3
0
0
-2
-2
5
2
4
-2
4
4
6
2
8
7
6
8
5
8
1
3
-4
-1
-4
-3
2
-8
-5
-4
-2
0
-5
-3
-1
0
3
3
5
5
1
4
-2
0
-2
-5
-1
1
-5
0
0
3
1
-2
2
-5
-1
2
-1
-3
-2
0
3
3
3
4
7
5
3
3
2
5
6
1
0
1
3
7
7
0
1
1
5
5
2
4
-2
-1
-5
-6
-8
-6
-8
-9
-3
4
3
3
1
3
4
4
5
0
3
0
-1
-3
-3
-1
-1
3
1
-1
0
0
3
1
-3
-2
-3
-5
-4
-2
-2
-2
-9
-6
-5
-4
-3
-4
1
-2
-4
-4
-6
-6
-5
-9
-3
-3
-4
-8
-14
-6
-11
-13
-9
-4
-4
-2
-5
-4
-1
-5
-6
-4
-9
-10
-4
-5
1
-4
-3
2
-1
5
6
7
3
-2
4
2
1
0
-2
2
2
-2
-3
-5
-2
1
-1
6
8
8
8
1
3
4
3
1
3
2
6
6
-2
0
-3
0
-5
-1
0
-4
-6
-10
-7
0
4
5
5
4
2
11
6
9
3
7
4
-2
-5
-7
3
-5
-3
-6
-2
1
6
7
2
-2
2
0
1
-2
-1
4
1
1
4
0
1
0
2
3
1
5
6
8
8
9
8
2
7
4
3
6
4
3
4
3
3
3
-1
-1
0
-1
0
-1
-5
1
0
3
-1
0
-1
2
5
2
5
2
7
10
4
5
-2
-5
-2
-4
-4
-5
-10
-6
-7
-7
-5
-3
0
0
1
-8
-4
-1
-4
-1
-4
-3
-5
-4
-2
-2
