SAMPLES:	15539
BITSPERSAMPLE:	16
CHANNELS:	1
SAMPLERATE:	16000
NORMALIZED:	FALSE
13
3
-1
2
0
-5
-3
-4
-6
0
-1
3
2
2
-1
-2
-1
3
6
4
8
6
7
4
3
8
9
7
7
8
5
4
-1
0
-3
-5
-7
-10
-7
-7
-1
-1
4
6
4
7
8
8
4
5
9
6
-2
-9
-9
-10
-13
-7
-14
-10
-5
-8
2
-1
-1
6
8
5
3
4
3
-2
3
2
4
4
0
6
0
6
1
1
3
1
4
0
2
-1
1
-4
-2
-2
-1
-1
4
-1
5
3
-1
-4
-9
-6
-10
-8
-12
-11
-11
-13
-13
-13
-13
-15
-12
-9
-7
-7
-10
-6
-5
-2
-2
1
2
4
3
1
3
4
6
-2
2
0
-3
-1
-4
1
-1
0
1
4
4
1
8
8
6
8
11
12
7
4
8
8
2
5
8
6
4
4
2
4
6
6
11
4
5
5
2
3
6
7
4
3
3
4
5
1
0
6
9
6
3
2
2
2
0
-1
1
-6
-3
0
0
0
-3
1
0
-3
-4
-3
-10
-14
-12
-14
-15
-12
-15
-16
-10
-19
-15
-15
-9
-7
-7
-5
-1
4
3
1
-2
4
1
-1
-4
2
2
-1
-4
-2
2
1
3
1
5
4
9
7
8
12
4
3
-4
0
2
-5
-4
-2
-1
1
2
-1
-3
-2
0
0
3
4
3
-1
-4
-6
-9
-7
-9
-7
-4
-4
-3
-4
-3
-3
-3
-4
-8
-6
-12
-12
-11
-12
-6
-7
-4
-2
-5
-4
1
2
4
2
6
6
7
8
9
4
5
8
3
4
1
3
-1
1
2
-2
1
1
-1
3
3
0
-2
0
1
0
0
-8
0
-5
-8
-5
-16
-9
-9
-6
-6
-5
-1
1
-4
3
3
1
4
5
7
7
6
3
1
0
1
5
2
-6
-3
-1
-1
3
5
7
8
6
4
5
7
11
11
9
12
10
14
11
9
13
11
15
10
14
13
9
10
13
7
8
6
4
4
11
9
6
6
0
9
3
2
0
4
2
9
9
3
5
1
0
-4
-3
-8
-11
-10
-7
-9
-5
-6
-9
-5
-7
-1
-2
-3
-3
-5
-1
-7
-6
-9
-12
-9
-10
-9
-6
-7
-5
-5
3
1
2
3
2
8
3
7
6
10
6
-1
-2
-1
1
-4
1
-6
-2
-6
-2
1
1
4
3
5
9
5
4
7
2
6
4
1
0
0
3
3
0
0
5
7
3
5
2
2
-1
3
1
-1
3
-3
0
-5
-1
-2
-8
-8
-8
-7
-4
-4
-6
-3
-9
-5
-9
-17
-14
-16
-16
-17
-14
-15
-7
-8
-10
-5
-5
-2
-5
-5
-2
-2
-3
3
-6
-1
-4
-2
5
7
9
10
10
6
5
7
5
9
1
5
2
1
-5
-7
-4
-2
2
0
4
5
10
6
8
14
11
8
7
3
1
0
-2
-3
-1
-5
-4
-7
-10
-9
-13
-10
-7
0
-2
-1
-3
-2
1
-3
0
-4
-2
-6
-7
-8
-7
-7
-7
-9
-8
-9
-5
-4
-3
-8
-8
-6
-10
-5
-1
2
-1
2
2
-4
-1
2
3
3
-2
-4
-6
-5
2
5
-3
-3
-3
0
4
5
2
1
0
7
5
8
9
7
9
7
8
9
4
5
1
-2
-6
-2
0
-2
2
1
8
5
5
5
4
2
7
5
9
8
8
8
9
8
4
4
4
-2
2
0
-2
-4
-4
-7
-6
0
1
-2
4
2
1
4
0
4
2
0
-1
-4
-3
0
0
2
-4
1
2
-2
-3
-7
-1
2
5
8
11
6
5
8
0
3
3
4
2
1
8
3
3
3
2
5
2
4
5
5
6
10
12
13
14
13
6
10
7
12
12
4
8
-3
1
-4
-3
-4
-5
-6
-6
-4
-7
-4
-5
-6
-7
-7
-5
-5
-9
-7
-2
0
0
-2
-2
-4
-2
-8
-8
-9
-10
-9
-10
-10
-13
-12
-12
-11
-10
-7
-9
-5
0
-1
4
4
9
7
8
12
11
11
13
8
12
7
8
7
2
2
2
-1
-4
-2
-4
-3
-4
1
-3
-2
4
2
6
2
6
-4
-3
-4
-5
-2
-3
4
-4
-3
-5
-4
-2
-3
-3
1
7
6
5
9
7
9
5
3
5
1
-3
-1
0
0
1
-1
0
-2
-1
-3
-1
0
5
8
4
9
8
-3
-3
-7
-8
-3
-4
-9
-7
-8
-6
-9
-8
-10
-6
-8
-9
-11
-14
-13
-12
-13
-8
-2
-7
0
-7
-5
-8
-8
0
-7
-2
-7
-7
-8
-1
-3
-9
-6
-8
-4
-4
-6
-2
-2
-1
3
5
14
8
7
5
3
3
2
2
-2
1
-1
-3
-1
1
1
3
3
4
3
2
4
1
4
-3
-4
-5
-4
-2
2
5
5
5
6
7
6
6
4
-2
-2
0
-4
5
-3
1
4
0
4
1
6
6
2
2
3
5
4
7
8
8
5
4
0
-4
0
-9
-7
-6
-7
-9
-6
-5
-3
-7
-11
0
-1
-1
2
5
2
4
2
4
6
6
8
7
0
-1
-4
-4
-2
-4
2
5
2
9
10
11
8
10
12
5
9
7
5
-1
-1
0
5
9
10
12
6
8
7
10
13
12
16
12
14
8
7
7
3
10
8
6
8
6
0
-2
1
-1
-3
-4
-3
-10
-9
-9
-11
-14
-13
-15
-12
-17
-13
-11
-11
-4
-6
-3
-2
-4
2
1
-4
-3
-2
-4
-7
-5
-5
-2
-3
-8
-2
-3
-2
3
-1
5
4
4
5
0
1
4
3
6
3
1
1
6
7
4
4
5
9
6
5
5
4
6
3
4
1
2
-1
-4
-4
-6
-8
-8
-12
-10
-14
-15
-10
-9
-11
-11
-9
-8
-6
-6
0
-1
-2
-1
-3
-6
-3
1
1
0
-2
-2
-2
-5
-1
3
8
5
5
6
0
-1
-2
1
4
4
3
1
-3
-3
1
1
2
1
7
8
10
8
10
11
6
13
4
10
8
9
11
10
9
7
8
10
8
9
10
7
7
1
4
1
-3
-6
-4
-5
-3
-6
-8
-3
-7
-6
-13
-10
-5
-10
-7
-11
-9
-16
-18
-17
-21
-16
-13
-12
-8
-5
-7
-3
-1
0
5
0
3
3
-2
-1
-1
-3
-8
-12
-7
-10
-8
-4
-4
-2
-2
2
4
-2
-1
-2
-3
-2
0
-2
-2
-1
4
-2
-4
-4
0
-1
-6
-2
-3
-3
-2
-3
-4
-3
2
6
1
7
5
4
4
6
9
11
10
8
7
8
11
9
10
12
10
11
11
8
11
9
9
4
4
3
-1
5
2
-1
4
0
0
1
-5
-2
-6
0
1
-5
-8
-5
-5
-3
-3
-5
-3
-6
-1
-3
-1
-4
-6
-6
-2
-4
-7
-2
-4
0
1
2
0
2
5
5
8
8
4
-1
-1
-5
-4
-2
-7
-9
-11
-13
-11
-7
-5
-2
-1
1
6
3
2
4
11
17
10
9
9
10
9
4
7
2
2
1
5
7
9
7
2
6
6
4
0
2
-1
4
0
1
-1
-4
-3
-5
-8
-5
-4
-5
-6
-5
-4
-8
0
-3
1
3
10
9
11
10
9
15
12
12
2
5
4
2
4
0
-3
-4
-5
-7
-7
-12
-13
-15
-9
-8
-8
-2
-4
0
-2
4
0
0
2
0
0
-6
-9
-7
-5
-6
-3
-2
-1
3
5
5
6
3
5
10
9
11
6
10
9
7
6
4
3
-1
1
3
2
2
2
2
4
1
3
2
2
5
2
2
6
2
2
3
-3
-4
-4
-3
-7
-10
-7
-10
-10
-10
-12
-9
-14
-11
-8
-10
-10
-8
-4
-5
-2
-2
-4
-3
-4
-3
-3
-4
-4
-2
1
-4
0
-6
-9
-3
-6
0
0
4
12
9
9
9
5
6
2
2
4
6
1
3
1
1
-2
-3
-3
2
5
1
4
8
13
10
11
8
10
5
2
3
6
5
1
-3
-5
-8
-2
-9
-2
1
-5
6
0
4
-1
-1
-6
-4
-7
-10
-5
-11
-9
-8
-15
-14
-14
-12
-12
-16
-12
-11
-12
-12
-9
-9
-10
-7
-11
-11
-5
-6
-2
1
-4
-1
-1
-4
-6
-2
-9
-8
-10
-9
-7
-6
1
1
0
4
8
5
4
4
6
5
11
14
9
11
7
12
8
10
6
0
3
6
8
3
7
7
14
15
12
18
14
18
20
19
16
16
13
7
7
4
2
0
0
-1
-1
2
1
-3
-3
-4
0
-3
-4
-2
1
0
5
4
0
4
3
1
-4
-5
-7
-7
-6
0
-3
-1
-1
0
7
4
6
3
4
4
2
2
1
1
5
2
6
5
3
5
1
5
6
2
2
3
8
7
3
2
1
-1
-2
-2
2
0
-4
-1
-4
-8
-12
-7
-10
-13
-9
-12
-9
-11
-8
-13
-13
-15
-21
-19
-19
-13
-17
-11
-7
-7
-7
-13
-2
-4
-1
0
-1
3
2
4
5
6
10
9
7
10
9
10
10
12
12
6
9
8
8
7
7
11
9
12
15
14
13
16
13
9
12
7
8
2
2
3
1
1
0
-1
1
0
5
-2
1
4
1
6
-1
-1
-5
-9
-7
-8
-10
-11
-12
-13
-15
-16
-20
-20
-25
-25
-21
-27
-20
-16
-15
-9
-9
-3
-4
0
-2
-1
1
-3
-3
-7
-5
-2
1
2
-1
-1
3
5
5
7
4
4
6
5
5
7
5
10
6
11
11
9
11
2
9
11
11
12
8
12
3
4
5
1
3
0
2
6
8
5
5
1
0
7
1
4
0
3
1
-1
-3
-4
-2
-11
-8
-10
-8
-6
-8
-2
-5
-4
0
0
-1
3
0
-2
-4
-1
2
-1
-3
-1
-1
-1
-5
-4
-6
-10
-8
-9
-4
-2
-3
0
-4
0
0
-1
2
1
-3
-2
-5
-6
-2
0
-2
-4
-1
1
-3
1
1
4
7
4
10
11
10
11
12
8
9
11
11
10
8
3
8
1
-2
1
0
2
7
2
9
1
-3
-4
-6
-8
-11
-3
-3
1
-3
1
4
4
2
3
-2
-3
-3
-7
-7
-8
-6
-9
-8
-12
-11
-9
-11
-11
-12
-14
-12
-8
-3
0
-1
-5
-6
-7
-8
-10
-7
-7
-7
-2
-4
-1
-4
0
2
5
6
3
1
-2
-5
-3
-5
-4
-6
-11
-6
-5
-4
-5
-2
-2
3
-1
2
4
2
3
3
3
-3
-3
0
3
10
13
14
16
11
13
16
16
14
19
18
14
13
7
7
7
10
7
14
15
15
13
13
13
14
14
11
16
13
12
7
7
10
10
12
9
10
7
5
6
3
7
1
-6
-4
-7
-8
-7
-5
-8
-7
-8
-6
-9
-11
-9
-9
-6
-9
-10
-11
-9
-7
-8
-10
-13
-13
-16
-14
-11
-13
-12
-8
-10
-4
-4
-8
-4
-4
-1
-3
-8
-3
-3
-4
-3
-5
1
2
6
5
4
3
4
-1
-1
4
3
6
6
1
4
0
3
2
-2
2
2
1
0
-4
-3
-5
-8
-8
-5
-6
0
2
2
4
4
6
6
7
0
-2
-3
1
6
1
6
11
9
9
1
0
4
6
9
8
7
4
1
4
2
-2
2
-1
2
2
0
2
2
4
-1
1
2
2
6
2
6
5
7
2
1
-2
0
0
-3
-6
-6
-6
-5
-5
-10
-6
-11
-12
-12
-4
-8
-5
-5
-12
-10
-9
-11
-11
-9
-5
-5
0
-1
0
-4
-7
-2
-4
-2
1
2
1
-5
-1
-2
1
1
-1
1
-5
-2
-2
-1
-1
-3
-7
-4
-11
-10
-12
-13
-8
-11
-7
-3
3
-1
3
1
-1
5
-1
0
-2
-1
0
3
2
-4
1
-5
-3
-5
-1
2
-1
4
4
6
6
7
10
7
6
9
6
8
2
6
4
2
2
2
5
4
0
-1
6
0
3
1
-1
-1
-2
-5
-3
-6
-3
3
-1
2
5
4
4
5
5
8
2
1
-3
-2
-1
-3
1
2
10
3
1
2
2
2
-1
4
9
6
7
6
11
11
12
10
13
11
7
13
6
11
9
8
4
8
9
8
10
8
11
10
7
6
7
4
3
1
-1
2
5
6
2
-1
-4
-6
-4
-7
-2
-6
-6
-4
-1
0
-1
3
5
0
-3
-7
-1
-3
-4
-3
-6
-6
-12
-11
-14
-12
-9
-13
-15
-18
-18
-18
-11
-12
-8
-1
-1
3
7
4
0
-1
4
-1
0
3
0
5
-2
-2
-4
-2
4
3
6
8
7
11
10
15
13
13
11
8
12
11
12
8
5
3
2
-2
-3
0
0
-1
2
2
-5
-1
-5
3
0
2
1
0
3
-4
-2
-4
-5
-5
-1
-7
-7
-5
-8
-5
-11
-6
-9
-5
-2
0
-1
0
0
-4
-2
-5
-6
-9
-15
-12
-14
-12
-11
-11
-9
-9
-7
-11
-5
-1
-4
-4
-2
-5
-4
-3
-4
-6
-5
-9
-5
-5
-3
-2
-1
-5
-3
-3
-1
0
-5
5
-3
3
-2
-1
5
6
6
6
9
4
6
7
9
7
9
2
5
6
5
9
5
7
5
5
6
4
-2
-6
1
2
3
1
-4
-2
1
-1
7
3
1
1
6
5
3
3
4
1
0
2
-3
1
0
-2
-2
-2
1
1
2
-1
-2
0
2
-1
-6
-5
0
4
3
1
1
0
-2
-5
-8
-12
-9
-8
-8
-7
-6
-2
-4
-3
1
-2
4
0
-1
2
2
3
-1
2
1
3
4
9
6
11
10
8
10
6
7
5
3
3
1
1
3
5
7
6
6
1
3
2
-2
0
-3
-1
-1
-1
-6
-2
-5
-4
-2
-1
1
-4
-4
-2
1
0
-2
-1
0
-3
0
-2
0
3
-2
0
3
2
1
3
-2
1
7
7
11
2
11
8
12
9
8
10
4
7
7
6
8
5
5
4
4
4
-2
-1
-1
1
-1
0
2
0
4
5
7
5
8
4
3
-4
-6
-7
-16
-14
-14
-16
-14
-16
-16
-17
-16
-11
-10
-9
-9
-6
-4
-2
-6
-7
-9
-4
-5
-8
-8
-5
0
-6
-3
-5
-6
-1
0
0
5
5
2
6
10
7
10
8
8
9
8
8
13
9
12
10
10
14
10
12
8
8
11
13
11
16
14
15
8
2
-1
-9
-7
-10
-9
-1
20
23
12
-4
12
50
41
24
7
5
31
31
-3
-24
-26
-31
-44
-55
-58
-60
-65
-91
-90
-78
-71
-77
-96
-107
-101
-80
-67
-59
-46
-43
-37
-25
-12
2
17
18
19
34
43
54
59
56
66
65
57
63
79
88
92
92
83
93
112
123
124
120
115
116
118
119
100
84
75
59
36
20
23
14
-3
-29
-44
-37
-22
-23
-40
-52
-46
-32
-31
-39
-42
-40
-45
-51
-50
-51
-44
-48
-77
-84
-79
-88
-88
-95
-100
-104
-109
-105
-96
-90
-81
-93
-90
-73
-65
-58
-54
-47
-46
-39
-36
-36
-20
-27
-28
-36
-35
-28
-34
-43
-45
-41
-18
24
53
72
69
97
135
160
178
168
171
181
181
159
137
117
87
52
12
-14
-35
-53
-86
-109
-119
-119
-127
-140
-146
-150
-145
-143
-131
-127
-127
-134
-136
-127
-125
-111
-98
-93
-79
-78
-69
-66
-53
-26
-1
45
112
159
189
224
314
409
462
482
517
597
679
696
665
659
678
657
600
523
480
453
366
246
167
142
86
-14
-137
-182
-198
-262
-354
-412
-429
-461
-523
-598
-620
-617
-669
-738
-772
-772
-759
-776
-786
-766
-748
-738
-748
-712
-629
-565
-523
-485
-423
-324
-227
-166
-85
-16
67
126
188
281
360
413
460
499
553
599
630
658
672
672
675
693
700
693
660
620
594
567
557
566
550
506
433
414
423
389
329
233
154
116
66
-22
-132
-218
-295
-381
-462
-519
-555
-621
-683
-727
-728
-718
-720
-720
-710
-693
-650
-612
-565
-521
-472
-429
-374
-308
-241
-168
-110
-58
-7
56
98
166
200
231
267
294
340
399
493
578
643
649
671
748
866
941
925
895
919
996
1003
932
850
803
752
622
485
394
336
232
51
-97
-162
-208
-311
-463
-579
-618
-656
-714
-786
-803
-808
-871
-933
-962
-930
-923
-967
-996
-975
-928
-902
-897
-851
-787
-750
-730
-679
-573
-458
-404
-356
-281
-179
-62
17
88
171
237
306
394
470
558
604
633
667
688
700
709
711
722
711
735
781
834
843
801
810
815
820
780
714
654
615
554
432
311
198
94
-39
-197
-322
-423
-499
-591
-687
-740
-777
-807
-838
-863
-859
-829
-786
-754
-700
-656
-600
-529
-443
-362
-290
-226
-156
-71
-2
48
74
113
159
188
212
270
366
482
582
620
618
706
881
1019
1048
1002
1042
1159
1203
1105
977
942
933
806
589
440
395
333
108
-134
-236
-260
-347
-556
-733
-775
-755
-819
-946
-959
-906
-918
-1005
-1049
-996
-934
-951
-1020
-999
-921
-863
-841
-811
-716
-648
-647
-617
-489
-313
-211
-193
-157
-35
125
201
253
323
399
458
493
564
649
695
663
605
573
595
605
615
618
677
678
619
572
637
776
706
594
491
471
516
491
323
138
33
-69
-179
-283
-362
-466
-588
-718
-771
-752
-763
-797
-871
-908
-832
-749
-675
-625
-579
-508
-412
-281
-155
-56
29
102
175
235
343
457
477
453
452
438
455
482
528
617
713
750
667
673
899
1135
1173
1034
955
1098
1285
1244
998
856
860
796
530
274
224
220
11
-358
-560
-512
-482
-687
-997
-1114
-1050
-1034
-1158
-1247
-1204
-1156
-1248
-1344
-1284
-1130
-1079
-1180
-1248
-1161
-1004
-940
-944
-871
-751
-705
-683
-562
-341
-156
-112
-129
-17
206
405
490
538
621
700
744
799
888
994
1003
907
843
848
907
987
1050
1015
916
833
888
1004
987
872
687
581
579
571
444
215
3
-180
-333
-442
-544
-675
-835
-1004
-1109
-1143
-1129
-1121
-1157
-1227
-1234
-1128
-988
-871
-807
-744
-644
-507
-345
-209
-82
65
162
253
367
507
620
672
663
652
647
690
768
878
1018
1069
999
897
1059
1343
1446
1329
1158
1195
1399
1455
1228
1024
969
899
668
364
236
239
86
-307
-644
-696
-645
-759
-1086
-1352
-1333
-1298
-1390
-1480
-1466
-1394
-1457
-1602
-1611
-1430
-1278
-1328
-1449
-1425
-1271
-1119
-1053
-971
-817
-740
-732
-641
-385
-131
-1
16
53
250
472
617
715
818
888
949
1003
1067
1151
1181
1138
1055
1041
1133
1284
1318
1186
1025
1044
1174
1177
1080
915
804
776
688
499
332
211
1
-263
-491
-601
-676
-826
-1027
-1173
-1222
-1262
-1310
-1358
-1360
-1325
-1286
-1258
-1146
-983
-866
-807
-692
-505
-328
-203
-93
57
226
373
457
514
610
682
663
599
612
712
814
947
1052
1036
966
1047
1280
1468
1454
1289
1227
1396
1549
1394
1119
1031
1009
823
469
222
205
165
-146
-567
-745
-678
-678
-952
-1294
-1387
-1297
-1348
-1483
-1542
-1499
-1444
-1543
-1638
-1546
-1364
-1313
-1387
-1415
-1294
-1121
-1028
-971
-826
-678
-646
-615
-434
-148
32
79
93
247
481
651
685
759
898
971
980
981
1070
1150
1181
1138
1172
1256
1311
1292
1223
1234
1176
1139
1089
1018
962
882
742
541
377
210
56
-118
-324
-545
-739
-875
-997
-1106
-1224
-1323
-1394
-1430
-1457
-1450
-1386
-1317
-1238
-1179
-1055
-913
-754
-620
-466
-310
-111
73
206
367
504
637
715
767
761
777
816
837
896
1025
1171
1168
1112
1079
1264
1484
1527
1408
1304
1430
1601
1550
1253
1074
1045
954
682
350
208
152
-46
-438
-763
-823
-815
-1026
-1384
-1563
-1528
-1509
-1658
-1772
-1743
-1642
-1705
-1843
-1799
-1615
-1493
-1547
-1592
-1468
-1259
-1160
-1110
-990
-780
-665
-658
-533
-246
24
123
136
248
532
782
860
901
1036
1141
1177
1183
1219
1352
1441
1493
1515
1503
1490
1493
1568
1536
1417
1295
1207
1210
1190
1003
703
495
349
176
-26
-239
-439
-620
-834
-1041
-1165
-1229
-1309
-1491
-1666
-1702
-1612
-1556
-1549
-1544
-1482
-1357
-1212
-1059
-903
-736
-583
-400
-211
1
214
364
481
592
662
695
739
831
920
955
1076
1236
1304
1290
1271
1436
1661
1726
1605
1494
1613
1814
1756
1463
1280
1266
1205
916
542
374
359
174
-245
-600
-671
-686
-961
-1360
-1567
-1506
-1512
-1747
-1921
-1894
-1786
-1841
-2038
-2067
-1854
-1720
-1807
-1870
-1761
-1511
-1380
-1383
-1270
-1036
-865
-836
-728
-454
-136
54
52
171
487
760
880
906
998
1144
1240
1265
1336
1482
1654
1739
1680
1647
1672
1820
1859
1708
1582
1480
1477
1465
1343
1086
864
682
477
266
91
-91
-342
-586
-800
-934
-1054
-1241
-1401
-1550
-1652
-1680
-1686
-1669
-1609
-1594
-1600
-1491
-1317
-1128
-997
-868
-720
-513
-315
-123
53
211
373
454
477
505
639
731
797
868
1040
1211
1233
1190
1281
1536
1716
1714
1540
1565
1788
1916
1716
1426
1348
1355
1244
919
596
477
418
135
-274
-500
-540
-629
-973
-1348
-1443
-1398
-1482
-1713
-1855
-1799
-1736
-1854
-2045
-2018
-1846
-1799
-1894
-1947
-1805
-1581
-1496
-1467
-1318
-1129
-1003
-922
-723
-438
-166
-51
-4
186
489
737
841
893
982
1103
1210
1297
1406
1575
1733
1736
1652
1656
1857
1988
1877
1661
1536
1575
1637
1518
1207
977
846
677
449
239
80
-124
-401
-666
-824
-904
-1047
-1267
-1497
-1591
-1591
-1584
-1603
-1583
-1540
-1522
-1473
-1363
-1163
-978
-855
-757
-619
-407
-184
-2
141
294
393
403
439
580
723
775
833
985
1171
1252
1221
1261
1486
1700
1694
1540
1516
1700
1838
1676
1395
1262
1238
1132
837
518
374
288
24
-359
-606
-658
-756
-1040
-1381
-1515
-1484
-1559
-1745
-1881
-1862
-1803
-1884
-2034
-2013
-1854
-1785
-1866
-1922
-1821
-1598
-1500
-1495
-1359
-1135
-943
-871
-741
-470
-146
33
65
197
484
782
948
992
1054
1212
1339
1446
1582
1791
1878
1848
1752
1822
2004
2017
1922
1723
1654
1667
1644
1437
1225
1039
831
593
354
194
28
-189
-512
-735
-840
-964
-1157
-1410
-1572
-1606
-1609
-1675
-1725
-1666
-1601
-1518
-1480
-1386
-1194
-1021
-872
-730
-562
-369
-170
2
184
357
435
400
472
636
795
917
1074
1215
1284
1291
1330
1602
1838
1870
1682
1595
1810
2012
1900
1536
1349
1321
1198
899
576
428
349
47
-399
-653
-657
-716
-1059
-1475
-1652
-1589
-1626
-1873
-2029
-2011
-1975
-2096
-2261
-2236
-2037
-1944
-2059
-2133
-2010
-1746
-1600
-1555
-1424
-1241
-1099
-995
-783
-445
-172
-63
-1
187
536
807
926
1031
1158
1314
1424
1525
1713
1984
2114
2026
1914
1976
2218
2276
2116
1908
1802
1831
1845
1686
1391
1182
976
727
471
251
83
-133
-436
-739
-943
-1009
-1101
-1342
-1618
-1761
-1734
-1707
-1746
-1778
-1786
-1694
-1592
-1538
-1405
-1212
-979
-827
-693
-506
-273
-38
123
244
342
403
474
579
730
846
1047
1232
1267
1256
1320
1579
1822
1895
1745
1649
1840
2086
2020
1691
1482
1457
1392
1082
724
577
525
288
-186
-529
-573
-581
-875
-1331
-1576
-1569
-1598
-1819
-2035
-2064
-2020
-2103
-2268
-2295
-2151
-2060
-2135
-2210
-2129
-1933
-1800
-1740
-1595
-1415
-1301
-1232
-1011
-662
-376
-256
-189
-13
324
630
791
910
1066
1219
1331
1468
1687
1969
2117
2069
1985
2038
2271
2355
2275
2101
1974
1979
1991
1878
1610
1367
1129
890
649
427
222
-12
-300
-599
-827
-960
-1055
-1248
-1499
-1686
-1742
-1729
-1735
-1756
-1772
-1714
-1653
-1570
-1459
-1277
-1081
-951
-817
-659
-437
-226
-61
104
220
247
279
434
609
762
934
1052
1116
1205
1295
1505
1738
1826
1748
1638
1771
2013
2076
1818
1559
1478
1408
1223
929
703
586
374
-11
-389
-497
-513
-730
-1130
-1438
-1478
-1491
-1661
-1849
-1929
-1949
-2013
-2175
-2267
-2144
-2035
-2089
-2189
-2164
-1992
-1830
-1744
-1637
-1483
-1365
-1290
-1110
-790
-479
-312
-272
-157
140
500
707
822
958
1085
1205
1349
1605
1902
2059
2011
1919
2005
2273
2391
2315
2118
2000
1996
1999
1859
1591
1360
1109
852
612
395
222
11
-303
-596
-822
-933
-1013
-1200
-1451
-1620
-1640
-1619
-1639
-1672
-1681
-1600
-1521
-1464
-1332
-1134
-912
-781
-683
-551
-338
-129
44
207
324
358
354
469
617
799
965
1069
1137
1174
1267
1457
1677
1787
1687
1552
1659
1915
1961
1711
1447
1350
1301
1123
803
547
437
245
-158
-516
-630
-625
-845
-1292
-1594
-1601
-1576
-1733
-1955
-2052
-1991
-2006
-2182
-2280
-2152
-1992
-2016
-2154
-2132
-1930
-1734
-1640
-1557
-1412
-1240
-1131
-965
-671
-361
-165
-111
1
312
645
838
929
1038
1170
1277
1400
1643
1938
2079
2017
1883
2003
2280
2391
2287
2073
1967
1996
2005
1827
1579
1343
1098
833
579
412
239
5
-330
-669
-877
-972
-1086
-1304
-1570
-1705
-1714
-1694
-1693
-1741
-1736
-1662
-1558
-1479
-1364
-1171
-982
-831
-739
-576
-334
-116
55
210
290
322
368
501
658
807
954
1089
1191
1266
1359
1535
1762
1879
1801
1683
1809
2045
2115
1856
1587
1471
1449
1281
935
656
523
350
-61
-474
-631
-635
-877
-1358
-1700
-1738
-1673
-1820
-2109
-2242
-2176
-2163
-2327
-2443
-2345
-2222
-2236
-2334
-2288
-2066
-1875
-1814
-1726
-1534
-1355
-1233
-1087
-787
-448
-231
-169
-49
272
644
826
920
1046
1228
1399
1537
1762
2062
2221
2181
2112
2233
2452
2504
2396
2213
2159
2173
2128
1929
1686
1480
1230
968
725
502
281
9
-295
-575
-818
-987
-1150
-1375
-1595
-1747
-1800
-1806
-1797
-1841
-1889
-1808
-1717
-1629
-1563
-1381
-1158
-968
-834
-712
-476
-253
-59
86
194
289
374
471
567
771
997
1147
1235
1310
1403
1581
1823
1967
1949
1871
1947
2118
2182
1983
1740
1594
1518
1365
1032
733
589
436
66
-353
-553
-618
-800
-1200
-1577
-1681
-1678
-1824
-2076
-2209
-2186
-2172
-2323
-2471
-2405
-2283
-2269
-2328
-2347
-2190
-2008
-1908
-1799
-1633
-1469
-1355
-1201
-909
-568
-333
-237
-125
143
474
685
827
985
1156
1333
1507
1753
2039
2210
2175
2126
2257
2436
2492
2413
2284
2241
2233
2133
1899
1693
1542
1306
1000
713
516
323
98
-221
-525
-747
-904
-1075
-1309
-1471
-1569
-1648
-1716
-1737
-1733
-1704
-1670
-1603
-1539
-1438
-1267
-1099
-919
-775
-622
-471
-293
-46
118
184
222
304
424
562
740
910
1087
1188
1229
1268
1499
1792
1902
1802
1677
1826
2056
2087
1820
1582
1528
1475
1277
909
705
641
439
-2
-397
-487
-514
-749
-1173
-1486
-1538
-1555
-1756
-1980
-2063
-2043
-2124
-2314
-2371
-2261
-2157
-2219
-2296
-2252
-2119
-1970
-1887
-1746
-1572
-1466
-1406
-1232
-904
-568
-401
-342
-184
120
412
591
719
909
1076
1222
1413
1728
2005
2090
2037
2076
2294
2429
2433
2324
2252
2264
2229
2063
1832
1670
1497
1253
977
726
516
315
75
-217
-497
-720
-876
-1040
-1262
-1449
-1543
-1628
-1669
-1691
-1743
-1711
-1631
-1565
-1518
-1424
-1241
-1035
-890
-774
-622
-443
-218
-22
101
167
263
381
429
536
745
967
1119
1168
1176
1291
1595
1808
1835
1706
1701
1916
2065
1983
1730
1599
1547
1445
1164
818
707
645
347
-113
-430
-498
-550
-859
-1309
-1569
-1608
-1659
-1853
-2020
-2078
-2093
-2194
-2343
-2386
-2268
-2200
-2250
-2299
-2232
-2051
-1909
-1790
-1640
-1510
-1395
-1318
-1095
-774
-453
-298
-262
-91
241
564
716
825
972
1164
1332
1505
1783
2049
2163
2087
2056
2278
2450
2486
2345
2189
2168
2185
2037
1773
1580
1392
1163
895
632
417
241
11
-273
-581
-795
-906
-1062
-1273
-1454
-1567
-1610
-1637
-1644
-1660
-1669
-1642
-1559
-1501
-1388
-1218
-1027
-821
-708
-556
-386
-178
47
153
196
247
380
473
556
698
874
1077
1180
1197
1218
1447
1729
1822
1711
1624
1776
1990
1999
1710
1469
1436
1416
1180
777
566
516
348
-70
-470
-582
-610
-817
-1241
-1565
-1595
-1597
-1775
-2007
-2087
-2045
-2101
-2279
-2349
-2229
-2110
-2135
-2209
-2170
-1988
-1813
-1724
-1587
-1412
-1278
-1199
-1039
-724
-405
-238
-188
-64
225
537
716
838
980
1134
1280
1429
1664
1959
2093
2054
1999
2156
2391
2450
2368
2181
2118
2123
2073
1828
1582
1408
1185
927
644
411
217
10
-288
-608
-822
-974
-1085
-1307
-1520
-1616
-1653
-1669
-1700
-1715
-1689
-1602
-1563
-1513
-1401
-1202
-984
-853
-736
-586
-368
-167
10
150
232
287
365
486
598
765
922
1080
1210
1274
1297
1471
1742
1879
1805
1675
1771
2003
2075
1843
1559
1481
1463
1266
885
608
529
369
-54
-489
-631
-639
-830
-1264
-1633
-1677
-1652
-1803
-2065
-2182
-2117
-2134
-2309
-2431
-2314
-2162
-2170
-2282
-2282
-2106
-1888
-1792
-1690
-1515
-1337
-1198
-1046
-768
-425
-198
-128
-21
258
595
796
912
1023
1175
1329
1481
1663
1941
2151
2147
2075
2140
2418
2557
2489
2298
2186
2236
2228
2044
1720
1480
1269
1006
719
449
218
-2
-296
-649
-909
-1059
-1173
-1383
-1629
-1787
-1832
-1810
-1833
-1872
-1870
-1812
-1719
-1656
-1573
-1393
-1184
-1018
-890
-762
-534
-291
-121
24
150
246
324
440
557
704
906
1109
1230
1304
1353
1496
1772
1954
1943
1815
1856
2090
2219
2042
1740
1623
1597
1451
1123
803
681
574
253
-226
-469
-502
-636
-1011
-1438
-1581
-1554
-1656
-1904
-2071
-2084
-2078
-2235
-2398
-2371
-2232
-2209
-2310
-2336
-2215
-2037
-1911
-1821
-1655
-1496
-1419
-1315
-1021
-664
-415
-330
-240
20
374
622
730
867
1042
1207
1335
1492
1760
2037
2123
2076
2046
2249
2507
2549
2417
2230
2207
2265
2230
2006
1705
1491
1275
1010
720
478
260
0
-344
-687
-886
-992
-1120
-1380
-1647
-1767
-1721
-1738
-1804
-1849
-1835
-1735
-1684
-1638
-1536
-1317
-1116
-1009
-939
-763
-481
-271
-145
-30
97
182
262
393
527
695
939
1102
1138
1172
1303
1584
1802
1844
1736
1714
1961
2175
2099
1788
1646
1649
1547
1291
975
820
721
415
-47
-347
-391
-470
-813
-1281
-1495
-1488
-1535
-1745
-1979
-2027
-2006
-2112
-2286
-2313
-2173
-2110
-2209
-2301
-2239
-2053
-1916
-1860
-1717
-1535
-1451
-1355
-1094
-750
-477
-346
-305
-112
263
561
706
818
951
1105
1250
1419
1617
1876
2073
2074
2043
2088
2342
2479
2403
2247
2101
2137
2182
2080
1758
1464
1272
1032
780
530
295
59
-217
-537
-766
-894
-1012
-1203
-1514
-1700
-1708
-1671
-1718
-1786
-1792
-1752
-1681
-1652
-1524
-1337
-1154
-1031
-935
-769
-521
-289
-158
-18
139
213
247
363
578
737
925
1076
1157
1249
1352
1571
1774
1896
1838
1746
1890
2107
2155
1899
1645
1599
1537
1329
1018
786
656
459
34
-346
-446
-499
-753
-1198
-1491
-1564
-1569
-1766
-2013
-2095
-2076
-2133
-2312
-2397
-2317
-2194
-2243
-2344
-2298
-2098
-1928
-1846
-1732
-1563
-1387
-1289
-1081
-750
-460
-276
-227
-103
227
575
772
892
1019
1174
1321
1472
1644
1863
2081
2169
2119
2106
2226
2462
2487
2326
2132
2056
2105
2096
1890
1511
1268
1062
825
566
305
63
-217
-541
-830
-987
-1104
-1294
-1553
-1803
-1891
-1862
-1879
-1960
-1947
-1902
-1850
-1788
-1698
-1504
-1297
-1142
-1041
-876
-653
-407
-206
-56
111
237
274
333
559
776
920
1108
1246
1345
1407
1549
1789
1990
2031
1891
1892
2096
2274
2140
1818
1686
1656
1530
1205
912
783
652
317
-140
-357
-389
-561
-979
-1389
-1508
-1517
-1653
-1926
-2069
-2057
-2119
-2293
-2444
-2370
-2230
-2253
-2387
-2402
-2226
-2035
-1955
-1894
-1699
-1514
-1430
-1306
-1002
-644
-390
-286
-225
47
434
702
827
948
1088
1229
1372
1528
1714
1939
2127
2155
2135
2153
2333
2528
2471
2274
2092
2069
2149
2075
1751
1393
1179
986
728
469
248
-10
-328
-649
-895
-1010
-1146
-1382
-1664
-1864
-1870
-1830
-1895
-1932
-1891
-1863
-1841
-1768
-1600
-1383
-1245
-1130
-979
-767
-536
-334
-148
36
201
263
269
438
702
875
988
1161
1317
1395
1444
1662
1927
2080
2019
1845
1955
2240
2310
2001
1697
1646
1589
1363
1011
774
651
423
-9
-379
-489
-537
-816
-1271
-1560
-1607
-1634
-1840
-2057
-2096
-2084
-2180
-2353
-2388
-2254
-2171
-2257
-2349
-2262
-2064
-1911
-1842
-1709
-1510
-1377
-1313
-1110
-769
-458
-286
-239
-80
289
634
828
916
1050
1213
1349
1497
1670
1874
2094
2186
2123
2092
2171
2397
2464
2296
2081
1979
2011
2031
1837
1448
1151
947
694
452
232
8
-244
-579
-894
-1031
-1102
-1283
-1531
-1798
-1880
-1851
-1854
-1896
-1905
-1883
-1844
-1749
-1607
-1411
-1253
-1106
-950
-762
-565
-365
-132
64
254
353
378
473
715
916
1002
1176
1336
1426
1451
1582
1856
2049
2056
1899
1876
2112
2293
2109
1784
1648
1608
1441
1101
809
655
458
90
-326
-516
-581
-784
-1208
-1576
-1660
-1678
-1837
-2080
-2176
-2148
-2210
-2342
-2431
-2362
-2250
-2273
-2358
-2331
-2175
-1985
-1890
-1756
-1550
-1396
-1324
-1185
-867
-538
-328
-231
-122
164
516
754
880
1037
1217
1359
1479
1646
1863
2103
2262
2218
2183
2220
2428
2556
2438
2241
2048
2030
2067
1964
1617
1289
1069
831
575
324
80
-174
-482
-789
-985
-1088
-1234
-1490
-1747
-1911
-1915
-1913
-1977
-1986
-1966
-1915
-1872
-1769
-1586
-1379
-1226
-1105
-910
-705
-467
-234
-41
150
316
354
414
605
859
992
1117
1313
1460
1515
1560
1792
2038
2169
2053
1884
2022
2300
2309
1989
1706
1660
1593
1328
958
720
575
324
-107
-457
-563
-651
-961
-1417
-1647
-1642
-1719
-1963
-2172
-2203
-2195
-2290
-2459
-2481
-2342
-2271
-2340
-2388
-2299
-2091
-1944
-1879
-1718
-1512
-1383
-1313
-1082
-742
-447
-290
-214
-33
300
623
804
934
1114
1256
1395
1555
1751
1957
2161
2281
2247
2237
2292
2501
2575
2405
2174
2024
2050
2062
1881
1483
1179
997
758
482
225
1
-278
-604
-894
-1055
-1139
-1317
-1567
-1805
-1891
-1872
-1880
-1920
-1904
-1833
-1813
-1728
-1615
-1439
-1263
-1126
-953
-782
-594
-372
-140
41
184
239
285
409
655
852
978
1176
1371
1438
1424
1583
1916
2122
2078
1864
1846
2151
2327
2076
1723
1613
1604
1432
1073
759
654
466
65
-344
-505
-534
-744
-1190
-1547
-1608
-1618
-1771
-2022
-2111
-2110
-2200
-2358
-2444
-2353
-2228
-2264
-2345
-2311
-2145
-1987
-1897
-1765
-1577
-1450
-1387
-1217
-860
-540
-367
-271
-145
168
498
725
892
1092
1242
1319
1432
1641
1872
2016
2114
2175
2193
2206
2273
2425
2442
2267
2060
1950
1988
1993
1757
1340
1024
845
646
376
108
-153
-468
-764
-970
-1097
-1233
-1449
-1678
-1881
-1935
-1909
-1899
-1897
-1860
-1823
-1816
-1708
-1500
-1296
-1147
-1025
-860
-650
-408
-188
2
166
262
336
404
574
807
943
1078
1263
1406
1410
1435
1721
2024
2128
1969
1831
2000
2312
2328
1957
1687
1670
1618
1332
953
712
601
331
-123
-468
-568
-627
-951
-1394
-1654
-1663
-1714
-1940
-2115
-2161
-2162
-2268
-2410
-2418
-2303
-2236
-2295
-2358
-2298
-2128
-1947
-1832
-1705
-1567
-1457
-1324
-1061
-725
-485
-334
-226
-22
292
594
791
990
1155
1269
1371
1537
1765
1939
2035
2136
2224
2249
2271
2334
2427
2364
2196
2035
1969
2000
1912
1614
1217
966
773
541
289
26
-260
-580
-848
-1037
-1154
-1322
-1538
-1740
-1884
-1919
-1914
-1911
-1898
-1853
-1842
-1801
-1665
-1465
-1274
-1152
-1006
-840
-645
-417
-190
27
172
246
312
408
592
807
955
1143
1341
1413
1392
1558
1912
2130
2080
1874
1886
2151
2345
2148
1801
1689
1677
1523
1154
868
737
586
180
-258
-414
-435
-621
-1041
-1431
-1538
-1560
-1732
-1953
-2070
-2064
-2137
-2316
-2441
-2343
-2217
-2234
-2333
-2352
-2205
-2028
-1900
-1793
-1644
-1521
-1443
-1264
-952
-658
-454
-321
-187
52
372
643
836
1026
1159
1256
1402
1624
1843
1936
2038
2145
2177
2202
2219
2350
2406
2265
2059
1917
1931
1979
1802
1428
1098
886
723
481
229
-36
-318
-615
-849
-993
-1133
-1319
-1535
-1740
-1841
-1860
-1840
-1820
-1839
-1840
-1826
-1716
-1526
-1361
-1225
-1109
-955
-751
-565
-356
-116
87
196
272
359
481
695
857
969
1169
1331
1406
1368
1548
1877
2028
1980
1789
1825
2111
2262
2016
1679
1572
1566
1399
1022
739
614
440
65
-358
-520
-585
-757
-1139
-1490
-1579
-1598
-1747
-1945
-2007
-2009
-2078
-2241
-2310
-2198
-2080
-2120
-2226
-2224
-2060
-1872
-1779
-1705
-1542
-1379
-1270
-1123
-847
-568
-328
-218
-133
107
448
745
910
1032
1124
1261
1431
1591
1716
1819
1932
2055
2101
2090
2120
2219
2285
2147
1946
1829
1839
1857
1662
1316
988
799
615
360
114
-139
-412
-676
-887
-1035
-1180
-1360
-1544
-1713
-1836
-1845
-1800
-1762
-1757
-1764
-1748
-1618
-1397
-1230
-1114
-1017
-849
-645
-425
-212
0
179
287
403
483
601
747
887
1034
1207
1390
1424
1393
1558
1868
2015
1959
1811
1836
2056
2183
1972
1655
1535
1480
1312
968
641
496
305
-38
-419
-633
-723
-895
-1210
-1556
-1693
-1722
-1846
-2014
-2089
-2086
-2158
-2283
-2334
-2237
-2126
-2138
-2188
-2182
-2045
-1829
-1698
-1641
-1485
-1317
-1221
-1069
-799
-472
-228
-97
-21
192
542
833
991
1093
1223
1387
1554
1691
1808
1930
2046
2149
2183
2151
2156
2250
2286
2109
1920
1828
1797
1760
1571
1255
918
719
528
280
51
-225
-502
-770
-964
-1102
-1260
-1425
-1600
-1753
-1852
-1869
-1838
-1811
-1796
-1790
-1746
-1615
-1407
-1241
-1127
-1007
-819
-597
-396
-187
33
236
339
423
494
577
762
941
1115
1291
1410
1445
1437
1703
1987
2051
1932
1802
1924
2166
2226
1925
1617
1500
1433
1190
826
583
465
217
-168
-513
-653
-733
-945
-1299
-1625
-1726
-1755
-1902
-2022
-2057
-2088
-2182
-2318
-2293
-2158
-2092
-2146
-2201
-2136
-1983
-1794
-1694
-1573
-1407
-1264
-1181
-997
-675
-385
-218
-138
-17
277
640
871
1007
1103
1256
1414
1561
1702
1840
1977
2071
2099
2109
2138
2198
2270
2233
2057
1920
1835
1821
1738
1515
1195
907
714
500
287
48
-217
-516
-780
-961
-1081
-1222
-1430
-1611
-1763
-1812
-1819
-1814
-1809
-1792
-1770
-1722
-1576
-1402
-1206
-1112
-994
-802
-612
-412
-199
-6
151
267
354
441
573
727
901
1075
1231
1344
1366
1427
1701
1964
1979
1841
1754
1889
2111
2096
1773
1527
1462
1419
1183
826
628
506
261
-152
-464
-562
-655
-895
-1285
-1554
-1604
-1636
-1802
-1963
-2016
-2067
-2177
-2268
-2236
-2133
-2112
-2179
-2203
-2107
-1928
-1765
-1677
-1560
-1409
-1303
-1206
-985
-652
-394
-261
-205
-22
323
644
817
902
1047
1235
1393
1515
1654
1828
1971
2039
2067
2085
2143
2209
2249
2165
2003
1910
1853
1827
1717
1467
1173
899
700
461
234
16
-248
-545
-803
-943
-1053
-1224
-1450
-1647
-1758
-1796
-1786
-1778
-1775
-1765
-1728
-1652
-1511
-1302
-1156
-1041
-889
-717
-497
-312
-131
43
161
257
343
482
634
780
995
1180
1317
1331
1345
1597
1900
2031
1885
1710
1809
2049
2107
1828
1532
1460
1429
1233
871
622
528
302
-88
-438
-553
-581
-777
-1153
-1446
-1516
-1559
-1707
-1878
-1934
-1970
-2087
-2224
-2227
-2095
-2036
-2127
-2210
-2136
-1943
-1802
-1706
-1569
-1395
-1305
-1248
-1045
-675
-367
-234
-212
-72
262
599
781
886
1023
1177
1325
1424
1564
1730
1861
1929
2005
2066
2125
2164
2181
2170
2046
1936
1858
1807
1737
1549
1263
984
783
575
326
91
-171
-452
-740
-928
-1043
-1163
-1368
-1582
-1701
-1761
-1760
-1776
-1772
-1761
-1734
-1684
-1581
-1404
-1226
-1110
-1003
-842
-623
-414
-233
-54
120
239
330
437
546
722
916
1121
1266
1359
1367
1470
1800
2024
1996
1830
1779
1977
2150
2047
1718
1528
1474
1348
1064
748
594
474
159
-277
-500
-543
-654
-963
-1321
-1500
-1528
-1626
-1829
-1933
-1958
-2032
-2173
-2285
-2201
-2092
-2123
-2223
-2238
-2097
-1922
-1820
-1700
-1544
-1413
-1354
-1238
-924
-588
-371
-304
-237
21
382
646
800
915
1067
1207
1342
1468
1634
1782
1842
1917
2011
2106
2169
2148
2104
2101
2012
1956
1893
1820
1716
1529
1291
1026
817
574
358
116
-162
-468
-711
-865
-1010
-1186
-1428
-1577
-1657
-1709
-1752
-1761
-1734
-1707
-1663
-1597
-1462
-1274
-1136
-1054
-927
-730
-501
-334
-187
7
156
239
326
455
618
761
937
1138
1270
1336
1329
1481
1790
1969
1882
1703
1745
1990
2092
1862
1566
1438
1394
1243
889
616
502
332
-43
-416
-565
-608
-780
-1146
-1429
-1521
-1554
-1702
-1900
-1949
-1962
-2053
-2203
-2253
-2135
-2045
-2092
-2181
-2134
-1984
-1853
-1767
-1653
-1472
-1365
-1301
-1130
-827
-521
-346
-278
-160
140
460
681
817
965
1126
1254
1372
1494
1643
1743
1812
1884
2003
2095
2145
2110
2075
2071
1974
1922
1854
1758
1625
1447
1214
945
713
482
289
61
-226
-497
-714
-863
-998
-1191
-1394
-1516
-1584
-1661
-1697
-1656
-1634
-1627
-1606
-1498
-1355
-1208
-1085
-979
-826
-622
-412
-274
-104
72
213
262
362
504
609
740
936
1133
1237
1252
1238
1465
1765
1889
1750
1591
1713
1945
1956
1678
1458
1414
1347
1118
766
560
446
243
-140
-446
-529
-596
-837
-1208
-1423
-1476
-1521
-1691
-1846
-1874
-1885
-2009
-2144
-2152
-2034
-1983
-2062
-2113
-2020
-1868
-1747
-1668
-1533
-1374
-1297
-1211
-1025
-727
-473
-335
-259
-100
197
483
672
823
965
1093
1216
1331
1473
1612
1716
1768
1838
1936
2025
2075
2015
1997
1991
1927
1884
1798
1682
1536
1385
1146
861
627
411
204
-49
-331
-575
-748
-903
-1063
-1251
-1425
-1522
-1590
-1663
-1672
-1628
-1584
-1582
-1526
-1403
-1272
-1151
-1059
-929
-742
-535
-382
-242
-43
147
263
304
406
543
652
788
1004
1187
1278
1268
1264
1508
1791
1878
1720
1610
1759
1967
1932
1663
1460
1393
1299
1051
734
536
430
221
-168
-447
-539
-642
-882
-1209
-1403
-1467
-1557
-1704
-1831
-1852
-1883
-1999
-2143
-2145
-2036
-1982
-2032
-2098
-2024
-1887
-1735
-1654
-1537
-1383
-1304
-1202
-1005
-716
-467
-315
-248
-100
191
475
674
823
957
1105
1249
1366
1489
1629
1712
1762
1821
1922
2043
2097
2016
1950
1957
1932
1875
1774
1615
1500
1388
1164
860
616
416
202
-72
-350
-553
-739
-896
-1083
-1273
-1440
-1531
-1607
-1676
-1685
-1641
-1609
-1613
-1538
-1432
-1326
-1216
-1094
-952
-785
-611
-456
-314
-132
48
180
243
375
509
595
707
885
1129
1268
1292
1263
1402
1682
1847
1802
1658
1675
1835
1926
1766
1507
1382
1278
1137
842
573
454
315
34
-300
-514
-613
-721
-960
-1232
-1400
-1453
-1564
-1708
-1763
-1804
-1888
-2003
-2064
-1995
-1895
-1902
-1994
-1996
-1869
-1694
-1607
-1549
-1413
-1265
-1157
-1056
-830
-535
-299
-224
-163
50
349
618
738
839
997
1145
1249
1336
1454
1568
1638
1648
1730
1862
1941
1935
1835
1859
1877
1841
1753
1594
1515
1435
1269
955
699
534
342
92
-168
-390
-595
-766
-952
-1126
-1260
-1376
-1484
-1584
-1613
-1570
-1547
-1556
-1509
-1402
-1307
-1192
-1075
-949
-813
-642
-497
-336
-208
-34
126
206
322
398
470
584
737
921
1086
1181
1241
1262
1444
1666
1742
1688
1582
1620
1738
1757
1593
1364
1222
1155
1005
730
504
362
228
-71
-390
-558
-657
-770
-1040
-1313
-1449
-1514
-1599
-1703
-1777
-1817
-1895
-1977
-2017
-1934
-1844
-1856
-1910
-1880
-1728
-1585
-1492
-1407
-1282
-1153
-1051
-914
-669
-393
-205
-144
-48
227
525
730
840
944
1105
1235
1312
1367
1475
1604
1636
1624
1702
1861
1935
1870
1736
1749
1794
1744
1647
1495
1408
1301
1107
817
576
400
170
-83
-342
-553
-733
-912
-1092
-1239
-1348
-1465
-1559
-1649
-1636
-1600
-1565
-1540
-1497
-1383
-1273
-1145
-1001
-860
-706
-553
-388
-233
-70
114
252
342
428
541
632
721
815
972
1162
1306
1329
1266
1406
1652
1811
1746
1577
1579
1751
1816
1618
1352
1214
1158
1007
699
429
292
163
-109
-441
-654
-756
-858
-1096
-1361
-1502
-1554
-1637
-1752
-1805
-1833
-1920
-2016
-2024
-1936
-1854
-1873
-1926
-1871
-1710
-1583
-1516
-1436
-1258
-1082
-1015
-912
-690
-379
-186
-108
-27
193
510
719
826
941
1098
1227
1298
1379
1496
1572
1612
1604
1675
1823
1894
1823
1715
1730
1761
1732
1612
1446
1360
1272
1085
816
555
390
190
-60
-301
-518
-672
-853
-1010
-1157
-1291
-1409
-1502
-1593
-1613
-1564
-1546
-1550
-1514
-1402
-1272
-1163
-1058
-894
-733
-562
-425
-263
-57
126
278
348
468
595
680
712
781
947
1161
1304
1299
1227
1301
1566
1760
1743
1598
1548
1650
1746
1655
1420
1227
1148
1020
779
493
306
206
-1
-322
-597
-744
-838
-974
-1236
-1480
-1567
-1606
-1690
-1774
-1851
-1895
-1936
-1974
-1952
-1891
-1863
-1865
-1812
-1721
-1612
-1519
-1409
-1260
-1101
-992
-936
-746
-481
-202
-63
-41
97
399
695
864
938
1033
1173
1304
1381
1402
1500
1556
1569
1556
1643
1792
1850
1750
1584
1598
1676
1669
1534
1315
1196
1116
981
735
486
288
61
-165
-375
-570
-752
-946
-1109
-1250
-1366
-1457
-1522
-1550
-1559
-1556
-1552
-1495
-1377
-1253
-1167
-1093
-928
-763
-621
-494
-348
-127
31
153
261
374
506
596
608
638
765
916
1081
1203
1234
1201
1220
1420
1599
1661
1553
1419
1491
1625
1618
1363
1111
1023
958
738
439
253
170
-6
-364
-656
-760
-796
-964
-1263
-1501
-1526
-1537
-1642
-1775
-1789
-1765
-1828
-1917
-1901
-1752
-1645
-1657
-1709
-1631
-1461
-1306
-1223
-1129
-966
-851
-788
-605
-343
-81
34
58
221
497
761
873
917
1045
1209
1302
1334
1378
1455
1492
1459
1423
1485
1622
1677
1603
1471
1441
1521
1501
1425
1277
1108
988
890
745
502
237
-4
-227
-409
-584
-785
-968
-1126
-1228
-1339
-1452
-1509
-1530
-1565
-1565
-1504
-1425
-1349
-1236
-1123
-1011
-883
-749
-584
-389
-210
-60
78
193
351
494
573
668
708
721
725
810
953
1102
1196
1138
1093
1195
1432
1554
1494
1381
1328
1395
1446
1358
1161
985
852
710
498
277
150
-1
-242
-545
-742
-830
-929
-1083
-1326
-1501
-1571
-1591
-1641
-1693
-1716
-1769
-1817
-1824
-1747
-1643
-1570
-1562
-1534
-1467
-1328
-1177
-1077
-929
-780
-696
-600
-397
-129
73
167
259
411
668
871
971
1041
1131
1238
1282
1305
1333
1392
1415
1370
1363
1452
1581
1602
1463
1334
1352
1438
1402
1266
1073
946
875
776
567
271
72
-116
-297
-477
-682
-845
-1003
-1121
-1246
-1365
-1462
-1496
-1521
-1545
-1520
-1463
-1390
-1285
-1176
-1100
-1002
-866
-689
-515
-351
-193
-59
83
256
421
532
585
686
725
748
795
847
935
1070
1152
1138
1103
1141
1349
1501
1479
1351
1267
1355
1467
1429
1213
988
893
798
618
372
159
32
-160
-429
-673
-811
-893
-1034
-1277
-1501
-1570
-1556
-1591
-1670
-1726
-1783
-1794
-1774
-1705
-1614
-1592
-1582
-1556
-1444
-1310
-1202
-1105
-995
-799
-678
-607
-455
-228
-3
141
248
380
581
804
911
970
1041
1152
1227
1239
1240
1289
1337
1378
1411
1413
1412
1401
1393
1367
1363
1315
1228
1153
1092
1036
906
740
532
359
191
-2
-183
-371
-546
-721
-877
-1001
-1114
-1218
-1313
-1390
-1424
-1425
-1391
-1350
-1276
-1228
-1175
-1090
-966
-787
-639
-531
-425
-263
-44
143
261
334
418
544
648
676
705
739
783
817
848
942
1057
1101
1075
1025
1134
1277
1351
1324
1235
1261
1304
1278
1117
926
801
703
523
316
100
-83
-240
-459
-678
-831
-964
-1084
-1215
-1342
-1429
-1496
-1558
-1584
-1576
-1589
-1610
-1641
-1597
-1504
-1420
-1388
-1353
-1280
-1176
-1045
-940
-795
-650
-558
-494
-347
-147
53
207
274
365
514
690
813
896
984
1052
1090
1102
1143
1211
1243
1221
1213
1227
1259
1254
1202
1177
1177
1153
1095
1014
946
893
812
659
457
255
122
-14
-187
-380
-581
-745
-877
-946
-1062
-1179
-1295
-1376
-1375
-1346
-1287
-1267
-1244
-1169
-1080
-965
-842
-729
-582
-433
-295
-156
-15
144
275
385
456
555
647
687
691
695
731
778
830
859
925
1017
1053
998
1000
1127
1262
1309
1214
1124
1155
1219
1140
937
796
682
560
357
124
-24
-162
-348
-603
-804
-904
-970
-1137
-1298
-1391
-1426
-1487
-1548
-1537
-1493
-1467
-1529
-1542
-1448
-1312
-1268
-1268
-1217
-1110
-940
-841
-763
-640
-501
-416
-340
-194
5
174
238
295
402
568
720
792
847
905
976
1026
1037
1063
1078
1078
1042
1031
1077
1144
1203
1174
1088
1022
1036
1098
1092
954
790
685
611
544
358
108
-103
-270
-399
-563
-719
-880
-1029
-1121
-1200
-1225
-1269
-1293
-1294
-1283
-1214
-1151
-1063
-978
-866
-758
-678
-551
-381
-221
-103
2
115
268
413
516
539
585
659
688
680
680
741
791
848
900
941
968
962
993
1097
1183
1207
1132
1075
1120
1192
1119
896
720
627
527
346
143
-60
-190
-372
-582
-737
-841
-913
-1055
-1251
-1354
-1363
-1383
-1441
-1514
-1511
-1469
-1456
-1460
-1430
-1345
-1244
-1192
-1131
-1040
-922
-785
-698
-599
-486
-403
-287
-154
-8
137
252
311
404
538
675
776
847
918
962
1014
1041
1062
1095
1095
1083
1109
1157
1191
1175
1103
1083
1131
1130
1072
965
878
819
738
609
404
212
43
-116
-242
-395
-558
-731
-891
-971
-1057
-1145
-1209
-1255
-1300
-1302
-1263
-1219
-1158
-1105
-1045
-956
-844
-708
-583
-466
-340
-207
-31
112
236
335
397
466
542
594
614
641
649
659
657
671
738
843
920
925
899
953
1115
1228
1180
1086
1068
1126
1139
998
816
693
626
473
265
88
-51
-174
-373
-581
-714
-817
-940
-1080
-1177
-1243
-1308
-1380
-1410
-1359
-1317
-1360
-1421
-1379
-1248
-1144
-1140
-1139
-1060
-939
-836
-764
-686
-554
-441
-374
-304
-154
42
172
234
281
384
538
650
732
789
852
875
924
970
1000
1041
1007
1006
1061
1119
1114
1074
1012
1051
1076
1033
971
886
826
764
666
507
344
197
20
-150
-315
-468
-593
-729
-844
-942
-1020
-1094
-1151
-1196
-1208
-1172
-1156
-1113
-1053
-969
-899
-826
-713
-576
-439
-317
-209
-97
20
146
265
350
407
467
493
485
510
556
594
629
615
649
734
842
888
848
894
994
1108
1138
1074
1066
1088
1089
993
843
706
618
479
291
117
-64
-222
-398
-550
-679
-806
-942
-1059
-1115
-1146
-1204
-1286
-1301
-1266
-1213
-1226
-1285
-1269
-1210
-1110
-1065
-1043
-991
-897
-742
-647
-568
-499
-394
-295
-209
-65
52
149
229
335
447
566
673
773
859
923
985
1029
1051
1063
1052
1039
1013
1022
1037
1029
982
935
910
868
826
747
659
561
475
352
195
31
-108
-254
-394
-534
-667
-787
-871
-955
-1017
-1065
-1118
-1143
-1181
-1144
-1070
-981
-908
-820
-690
-554
-412
-299
-214
-117
8
127
243
311
359
405
435
479
513
495
470
446
465
525
579
622
656
700
743
774
862
930
976
959
914
927
969
978
849
668
514
423
308
152
-17
-168
-278
-408
-482
-543
-649
-797
-957
-982
-999
-1027
-1138
-1268
-1290
-1254
-1236
-1266
-1260
-1211
-1129
-1041
-979
-880
-756
-600
-452
-305
-181
-112
-4
115
270
382
438
481
532
631
698
731
753
768
808
821
816
813
820
817
768
716
716
740
744
660
545
493
492
489
402
267
178
134
100
-7
-169
-297
-364
-427
-517
-610
-674
-719
-770
-806
-810
-772
-759
-750
-727
-663
-559
-484
-431
-371
-297
-226
-166
-96
-21
46
110
175
229
296
335
358
422
456
465
460
437
469
489
500
517
557
588
585
563
593
651
707
690
624
626
631
652
563
448
344
292
249
138
28
-100
-199
-304
-411
-506
-605
-690
-800
-869
-928
-980
-1018
-1039
-1029
-1032
-1034
-1012
-920
-831
-737
-677
-618
-506
-401
-300
-215
-134
-40
38
89
145
230
334
383
401
443
494
550
596
586
588
598
584
585
573
540
518
488
442
430
429
381
324
280
241
199
177
149
106
45
-13
-62
-115
-159
-222
-271
-322
-368
-401
-443
-445
-449
-466
-470
-480
-461
-427
-414
-382
-337
-285
-234
-192
-162
-104
-30
21
55
116
180
237
311
360
395
408
427
473
485
473
438
388
360
378
423
429
425
374
334
381
425
447
397
334
332
355
383
341
255
162
86
31
-30
-109
-207
-330
-427
-465
-507
-558
-643
-729
-735
-724
-723
-735
-735
-703
-681
-663
-632
-584
-525
-483
-430
-355
-280
-187
-130
-66
4
84
139
164
210
278
325
361
376
402
430
437
453
439
436
418
394
378
348
318
290
251
239
228
196
151
125
98
88
78
38
11
-28
-45
-66
-91
-107
-145
-173
-207
-239
-252
-250
-253
-260
-281
-291
-285
-260
-260
-243
-249
-251
-214
-200
-169
-135
-98
-63
-8
68
122
160
171
215
269
304
308
312
333
348
365
352
359
328
301
278
266
266
235
198
158
142
161
177
160
128
112
116
124
124
74
48
9
-18
-51
-92
-126
-173
-235
-268
-278
-313
-350
-381
-393
-417
-421
-440
-432
-416
-401
-396
-358
-302
-270
-246
-223
-177
-121
-74
-61
-24
24
87
130
146
150
182
206
226
238
227
230
232
257
253
236
216
199
192
157
131
122
120
107
93
89
57
45
57
27
6
-19
-41
-46
-65
-74
-104
-117
-120
-123
-125
-150
-162
-172
-168
-159
-170
-176
-175
-166
-160
-146
-152
-143
-115
-105
-65
-39
-26
-9
11
65
99
125
171
201
244
262
275
288
292
287
279
265
256
238
212
188
152
133
114
105
107
83
50
44
55
66
61
27
30
12
4
13
-21
-53
-81
-91
-79
-87
-122
-150
-199
-206
-209
-214
-237
-268
-293
-292
-272
-260
-263
-281
-258
-212
-158
-135
-141
-111
-59
1
23
33
52
79
144
152
134
123
121
133
155
136
118
100
106
116
107
101
93
94
84
69
50
35
50
38
36
30
14
5
-7
-28
-54
-76
-87
-76
-72
-88
-118
-122
-116
-95
-74
-69
-84
-103
-116
-87
-81
-79
-69
-91
-79
-59
-29
-29
-11
19
30
65
100
127
163
205
209
220
242
253
264
247
239
218
215
201
174
156
155
135
106
74
63
64
42
12
-2
-24
-31
-50
-83
-84
-101
-118
-142
-153
-125
-123
-122
-143
-158
-163
-169
-169
-176
-167
-152
-169
-176
-159
-152
-152
-173
-174
-145
-107
-83
-75
-66
-36
0
34
57
86
120
124
129
134
132
141
169
163
148
134
128
134
131
136
95
74
60
73
87
67
40
18
-1
-10
-16
-34
-56
-66
-72
-97
-94
-118
-122
-133
-152
-166
-159
-155
-155
-150
-158
-140
-127
-111
-86
-57
-39
-47
-42
-32
3
67
74
88
110
151
165
179
200
206
234
257
246
229
224
222
210
174
150
140
150
139
103
77
63
54
56
30
-4
-43
-68
-78
-81
-78
-118
-143
-159
-155
-173
-198
-190
-174
-161
-175
-174
-164
-144
-126
-118
-126
-115
-89
-80
-82
-82
-65
-70
-72
-50
-49
-39
-29
-30
-23
-28
-13
-3
29
52
70
75
95
119
144
163
182
191
165
157
152
144
134
106
95
80
69
40
22
10
-10
-1
-23
-37
-60
-49
-52
-71
-78
-92
-89
-84
-81
-104
-97
-95
-98
-103
-104
-95
-92
-84
-81
-62
-57
-45
-37
-23
-7
-1
26
54
82
108
104
105
124
156
158
162
161
151
155
156
153
139
126
106
91
80
51
31
9
5
11
-7
-11
-51
-67
-72
-77
-99
-119
-124
-135
-134
-143
-149
-152
-157
-142
-131
-126
-137
-139
-121
-108
-83
-78
-71
-58
-31
-12
-4
2
12
8
4
23
29
41
52
58
80
84
91
94
97
112
105
107
99
106
119
112
117
126
126
123
116
107
96
76
85
66
65
51
27
7
-14
-25
-49
-69
-69
-61
-54
-64
-90
-99
-107
-107
-142
-139
-132
-120
-125
-142
-130
-122
-104
-105
-93
-87
-85
-44
-32
-4
3
11
36
47
69
77
88
86
121
147
160
164
152
152
141
163
149
132
130
122
124
105
74
60
47
45
21
2
-17
-24
-27
-41
-61
-94
-110
-123
-131
-132
-139
-135
-127
-134
-137
-138
-144
-134
-132
-124
-112
-105
-95
-103
-94
-95
-87
-85
-75
-46
-29
-17
-5
5
12
46
61
70
81
89
99
88
87
92
114
109
119
106
98
114
104
120
102
97
95
88
66
49
70
68
45
17
6
1
-9
-29
-40
-34
-23
-35
-54
-47
-35
-25
-25
-54
-67
-56
-49
-46
-45
-38
-25
-19
-14
4
10
9
6
21
21
24
22
20
39
41
45
40
51
51
56
54
55
65
45
46
48
49
39
34
27
27
29
26
14
8
1
-8
-8
-9
-14
-37
-48
-68
-72
-85
-104
-110
-116
-120
-126
-124
-113
-108
-107
-97
-84
-91
-77
-71
-73
-71
-76
-77
-76
-76
-80
-61
-46
-18
-13
-3
-3
-5
-3
0
8
6
4
1
14
11
12
24
33
32
47
50
66
76
72
99
87
84
84
88
95
97
84
68
68
65
68
58
38
50
51
53
45
29
29
17
19
12
7
6
7
9
3
20
34
33
17
23
30
44
51
33
28
30
43
48
33
34
32
34
32
34
31
29
20
12
5
10
17
20
15
5
0
3
3
7
0
-21
-22
-24
-28
-45
-54
-51
-47
-47
-53
-49
-55
-66
-77
-99
-108
-121
-119
-111
-119
-120
-133
-116
-102
-100
-94
-87
-73
-71
-53
-48
-45
-50
-40
-46
-50
-39
-27
-35
-33
-28
-25
-4
-12
-9
-14
-3
8
13
8
14
24
38
49
35
27
34
40
69
55
56
59
62
68
43
51
48
55
59
42
57
67
82
98
84
83
94
98
110
90
74
68
61
64
58
50
30
20
4
1
6
15
26
24
28
23
40
51
60
66
58
55
54
58
36
34
34
25
19
16
16
1
-13
-19
-23
-19
-16
-28
-38
-39
-23
-16
-27
-22
-28
-25
-15
-28
-37
-28
-36
-64
-71
-89
-77
-84
-92
-92
-101
-102
-101
-107
-105
-99
-100
-94
-85
-75
-69
-66
-67
-62
-44
-46
-51
-32
-43
-31
-39
-47
-49
-46
-24
-24
-28
-21
-12
-6
-4
-13
-12
2
7
-1
11
13
23
43
49
60
56
69
73
72
73
71
74
65
57
60
58
69
68
60
71
60
91
91
87
88
79
90
82
79
74
70
56
57
46
26
21
3
-5
-21
-25
-18
4
12
11
10
14
20
11
9
-4
4
7
-5
-19
-50
-42
-41
-53
-60
-55
-48
-46
-54
-55
-46
-26
-16
-17
-3
-18
-23
-18
-24
-20
-17
-14
-2
-9
-2
-18
-20
-21
-16
-19
-23
-14
-11
-9
-13
-6
-9
-8
-10
-24
-31
-28
-23
-11
-19
-20
-23
-13
-6
-3
-16
-9
-10
-14
-21
-31
-24
-34
-35
-46
-47
-45
-54
-59
-57
-55
-41
-29
-22
-17
-1
3
11
18
23
23
22
18
21
39
38
41
41
43
53
68
73
77
73
68
74
76
65
62
61
49
44
46
52
34
26
25
21
8
6
9
11
10
-3
1
5
6
-11
-23
-30
-36
-34
-39
-31
-40
-48
-61
-64
-64
-58
-56
-57
-62
-48
-46
-54
-57
-39
-31
-20
-11
-14
-5
2
26
31
41
40
52
67
68
74
66
67
75
59
55
57
54
44
36
30
31
39
38
25
8
22
25
34
18
4
6
16
16
14
9
9
-7
-18
-13
-35
-38
-51
-51
-52
-69
-70
-79
-76
-79
-79
-72
-78
-66
-73
-60
-59
-55
-40
-34
-34
-24
-25
-26
-23
-17
-15
-9
2
12
18
36
30
35
38
23
34
44
51
45
40
42
40
39
38
47
39
39
41
43
45
48
42
35
33
26
36
20
21
13
10
6
9
6
-6
-6
-21
-18
-25
-20
-26
-17
-18
-28
-27
-33
-34
-35
-42
-36
-23
-21
-10
-8
-6
-4
6
15
22
25
36
36
39
41
36
42
27
32
38
43
45
31
20
21
18
13
16
23
22
21
8
9
12
-7
-15
-14
-22
-28
-40
-44
-44
-47
-56
-61
-72
-84
-90
-93
-83
-83
-93
-90
-71
-77
-74
-80
-64
-46
-38
-43
-47
-35
-35
-23
-9
1
19
31
27
32
36
46
55
58
59
61
69
71
67
62
55
67
60
42
57
50
41
53
46
40
46
31
34
21
26
17
11
12
-3
3
1
-4
0
-5
-11
-1
-7
-17
-26
-35
-36
-31
-35
-42
-38
-41
-44
-50
-49
-34
-42
-27
-32
-20
-15
-14
-9
1
0
7
24
38
42
42
51
29
30
36
46
41
40
39
50
46
32
33
35
34
17
16
0
-2
-6
-18
-28
-46
-53
-67
-67
-68
-65
-60
-59
-60
-61
-65
-62
-53
-46
-46
-55
-59
-60
-61
-57
-58
-46
-32
-35
-12
12
15
25
32
36
43
55
62
72
75
86
86
89
87
84
85
90
87
77
74
64
63
57
47
31
37
41
40
33
24
21
24
12
0
-5
-16
-22
-29
-29
-43
-49
-57
-50
-59
-64
-55
-64
-52
-52
-53
-42
-43
-39
-29
-24
-18
-22
-27
-20
-24
-20
-14
-9
-4
-11
1
6
14
20
37
44
44
51
59
66
60
47
55
54
60
58
52
41
40
45
34
28
18
10
3
-9
-6
-9
-26
-41
-53
-55
-51
-42
-49
-55
-58
-67
-65
-61
-60
-66
-65
-66
-66
-54
-44
-44
-39
-34
-28
-29
-31
-22
-19
-16
-11
-3
16
28
34
31
51
61
65
60
64
75
64
57
52
61
64
58
59
59
61
60
51
52
41
40
30
17
13
1
-3
-6
-15
-21
-32
-41
-46
-55
-56
-65
-73
-79
-88
-86
-86
-85
-75
-67
-51
-33
-32
-19
-20
-24
-22
-12
2
7
0
-3
-3
-5
-4
14
17
8
19
22
27
38
43
36
41
43
43
36
40
42
44
51
46
36
37
25
12
11
6
8
10
10
6
-5
-6
-14
-16
-14
-28
-26
-33
-33
-31
-27
-42
-37
-36
-36
-21
-9
-9
-14
-6
-5
7
-3
-8
-1
-6
-1
-3
-1
10
14
26
23
26
28
26
33
35
32
35
34
28
27
28
28
29
28
28
26
18
12
7
-9
-14
-17
-18
-19
-25
-39
-38
-47
-47
-58
-66
-66
-59
-58
-64
-68
-59
-51
-42
-50
-47
-35
-34
-36
-33
-18
-13
-7
-2
4
11
30
34
41
49
48
51
51
58
63
58
60
52
58
64
53
59
48
47
50
62
55
42
45
33
46
41
33
29
24
24
13
-1
4
-1
1
6
2
-4
-19
-29
-39
-43
-57
-68
-67
-72
-70
-60
-54
-53
-52
-52
-50
-41
-40
-34
-22
-32
-23
-23
-20
-12
-10
-5
-5
6
6
0
10
23
30
42
31
44
46
53
58
55
59
48
36
36
26
31
38
30
34
26
31
25
25
22
21
9
-1
-14
-19
-32
-38
-39
-50
-47
-59
-47
-49
-52
-52
-57
-59
-55
-65
-69
-73
-63
-39
-44
-24
-20
-7
-2
1
9
8
15
34
48
45
58
51
48
50
53
64
70
63
64
65
62
61
55
54
50
58
53
48
40
36
34
23
9
12
1
5
-4
-7
-15
-20
-27
-34
-32
-42
-34
-54
-59
-68
-65
-64
-79
-77
-80
-86
-90
-79
-73
-65
-74
-63
-50
-42
-36
-37
-24
-19
-18
-13
4
14
25
32
41
55
53
54
58
50
43
42
40
40
42
45
48
37
40
39
37
26
22
24
18
17
13
10
0
-2
-3
-5
-11
-16
-27
-29
-38
-40
-44
-45
-32
-34
-38
-39
-30
-26
-33
-32
-34
-30
-21
-13
-7
-14
3
13
22
40
35
36
29
39
46
44
56
47
53
56
56
52
49
52
38
40
38
27
24
28
25
14
11
3
-4
-2
-8
-14
-10
-17
-22
-28
-28
-31
-36
-34
-29
-30
-31
-34
-43
-38
-52
-61
-62
-54
-51
-54
-47
-40
-48
-46
-43
-45
-40
-40
-30
-23
-12
-7
-9
1
0
4
8
9
24
27
26
27
23
21
38
27
31
30
33
41
23
42
37
35
44
37
32
33
30
31
22
25
28
16
16
8
5
6
1
12
12
4
6
-1
6
-6
-11
-20
-24
-14
-19
-7
-8
-12
-7
-16
-22
-18
-18
-20
-15
-4
2
10
9
10
17
10
9
11
6
7
4
2
2
5
7
4
9
7
7
14
4
12
9
10
14
15
14
6
-2
-3
0
-6
-3
-8
-12
-10
-8
-16
-9
0
-5
-15
-16
-18
-30
-29
-36
-39
-35
-28
-15
-13
-16
-10
-11
-13
-2
-3
-6
3
7
16
9
10
15
19
23
12
-2
0
6
7
10
10
18
22
21
21
23
26
23
31
26
20
15
13
3
-1
-8
-13
-9
-15
-11
-4
-5
-4
-4
-6
-9
-8
-7
-8
-19
-29
-28
-25
-25
-25
-17
-18
-12
-4
-1
6
4
13
22
17
30
32
23
29
23
25
25
22
17
17
14
7
10
4
8
9
-1
10
8
-4
-4
-12
-10
-4
-3
-1
-8
-14
-10
-13
-27
-26
-27
-26
-27
-23
-21
-28
-19
-14
-17
-11
-6
0
7
10
11
5
3
0
1
-6
-4
2
-7
-2
4
-2
3
-1
-1
2
0
4
2
8
5
-7
-7
-9
-6
-10
-6
5
7
10
5
6
3
-8
-15
-16
-15
-18
-19
-27
-22
-22
-21
-23
-23
-7
-10
-18
-12
-5
-8
-6
-8
-11
-13
-10
5
7
7
19
16
18
32
29
32
31
28
29
22
22
25
22
12
9
8
4
11
2
-2
-1
4
2
-2
2
5
-7
-1
-1
0
-1
-10
3
-17
-14
-21
-22
-25
-29
-29
-28
-22
-8
-6
-7
-2
1
6
-3
12
9
6
8
8
10
14
21
6
18
16
8
15
9
22
32
32
36
37
38
41
45
50
44
23
21
23
11
5
-9
3
2
-8
-10
-14
-21
-17
-33
-28
-28
-33
-23
-23
-20
-16
-20
-19
-17
-32
-23
-37
-37
-32
-30
-25
-22
-26
-20
-16
-11
-6
-6
3
-1
2
6
1
1
5
13
21
20
32
34
33
30
29
32
37
42
41
36
34
33
26
22
17
15
13
6
8
13
0
10
8
9
11
10
19
6
-4
2
-7
-18
-24
-22
-16
-22
-31
-28
-24
-29
-30
-24
-31
-37
-28
-41
-22
-26
-29
-26
-19
-20
-22
-17
-17
-13
-10
-3
-5
5
8
19
15
25
21
18
20
24
28
20
20
19
22
16
12
5
3
2
0
4
-4
-2
-5
-11
-17
-16
-10
-7
-5
-12
-11
-13
-17
-12
-13
-18
-20
-22
-23
-24
-18
-16
-19
-22
-13
-16
-13
-11
-17
0
2
5
7
0
5
0
3
2
21
21
20
25
18
24
32
31
30
43
40
37
34
36
31
30
28
24
20
17
22
35
35
28
20
20
20
6
3
-10
-9
-12
-24
-30
-29
-33
-38
-36
-39
-39
-34
-36
-25
-16
-21
-22
-16
-34
-33
-42
-46
-35
-39
-27
-29
-17
-15
-11
-14
-9
-5
-4
2
5
6
4
0
7
11
5
10
9
12
20
26
22
35
28
29
29
24
23
24
27
15
20
17
27
17
9
21
17
15
8
13
15
12
5
-5
-3
-7
-8
-8
-10
-17
-16
-11
-14
-25
-22
-20
-21
-18
-31
-30
-35
-28
-25
-27
-27
-16
-11
-10
0
11
12
6
14
21
23
23
25
31
38
41
39
33
22
29
24
19
15
16
18
16
12
10
3
5
3
-1
-1
-7
-10
-13
-13
-13
-14
-26
-25
-32
-27
-32
-37
-33
-43
-39
-33
-34
-22
-26
-24
-17
-18
-11
-15
-5
-4
-3
-5
1
-5
0
8
4
1
11
15
18
23
18
27
25
24
25
32
32
32
38
39
36
40
29
36
31
28
30
23
26
17
10
10
5
2
-2
-2
-2
-5
-5
-11
-15
-24
-22
-26
-21
-24
-27
-20
-20
-20
-26
-26
-28
-28
-27
-28
-28
-28
-23
-21
-13
-12
-13
-7
-7
-4
7
3
3
9
9
17
12
18
23
27
24
25
22
18
22
21
19
10
7
-2
5
-2
-2
-3
0
9
10
10
7
10
2
-1
-8
-7
-4
-4
-11
-17
-12
-9
-10
-18
-14
-15
-10
-9
-7
-4
-8
-1
0
-9
1
1
8
4
5
17
6
6
6
18
13
18
22
24
27
27
28
22
27
21
21
24
22
19
20
8
3
3
-6
-14
-18
-14
-14
-18
-24
-22
-22
-17
-28
-27
-31
-36
-31
-25
-23
-18
-22
-24
-21
-28
-24
-29
-21
-24
-23
-19
-15
-22
-23
-30
-20
-16
-16
-13
-11
1
-12
-12
-11
-3
-5
2
10
9
13
21
25
22
25
28
34
26
28
30
26
26
19
21
15
10
8
0
-1
-3
-1
0
5
6
7
2
1
-2
-8
-13
-11
-4
-11
-12
-7
1
6
5
6
-1
5
19
22
18
15
16
13
17
12
15
14
22
31
17
15
18
22
19
15
11
3
6
5
5
9
0
5
5
16
11
-2
5
-2
-3
-10
-10
-10
-16
-18
-15
-19
-19
-19
-14
-22
-27
-34
-38
-28
-39
-27
-30
-18
-16
-13
-12
-18
-8
-11
-7
-14
-16
-15
-15
-15
-12
-12
-11
-1
2
1
-6
-4
-13
-6
-4
-5
-10
-4
0
8
13
17
20
19
14
7
11
2
8
9
20
19
15
10
3
9
4
16
19
8
10
-1
4
3
10
12
9
4
-2
9
9
11
6
4
4
7
3
8
10
1
16
19
21
23
23
19
15
12
4
2
10
6
4
0
6
1
-3
11
7
9
4
13
13
9
5
3
-5
-4
-1
-5
0
-6
-2
-9
0
-6
-2
-3
-1
4
6
5
-2
2
-4
-4
-11
-14
-8
-10
-10
-11
-9
-6
-1
-4
-4
-10
-4
-9
-14
-9
-14
-9
-12
-14
-7
-11
-5
-4
-6
-9
-17
-19
-26
-25
-22
-22
-14
-10
-8
1
6
5
7
-2
1
4
7
8
7
12
10
9
3
6
-4
-1
-3
-3
-10
-9
-4
-8
-4
-4
-2
-8
-8
-6
0
4
-1
1
2
7
7
5
3
-1
7
9
7
5
0
3
5
1
3
4
9
19
11
21
18
20
32
26
23
23
23
21
18
22
15
10
15
3
7
7
7
-2
-6
-2
-5
-1
-6
-8
-15
-11
-6
-6
-12
-9
-7
-11
-6
-7
-8
-16
-12
-25
-27
-28
-30
-29
-33
-33
-36
-36
-38
-30
-25
-24
-23
-33
-27
-19
-16
-19
-21
-15
-9
-13
-7
-7
-11
-9
-3
3
-2
3
5
8
12
13
11
11
12
12
18
24
27
26
18
21
23
28
31
36
35
45
42
38
37
32
33
24
22
14
17
10
9
3
-5
-1
-1
2
2
0
-3
-2
-4
-3
0
-3
-1
-6
-7
-9
-15
-14
-4
4
7
1
0
5
-1
1
-7
-5
4
4
3
3
-3
1
-3
-2
-2
-13
-6
-14
-14
-9
-7
-7
-11
-16
-14
-15
-9
-10
-7
-4
-7
-5
-18
-14
-24
-26
-28
-23
-13
-17
-11
-10
-4
1
0
1
11
6
7
6
13
11
5
4
-3
6
8
13
12
18
9
13
13
21
20
20
22
13
22
15
22
24
24
22
21
22
17
17
13
7
8
12
1
-4
-6
-12
-7
-12
-7
-8
-16
-13
-18
-6
-14
-20
-15
-21
-20
-17
-18
-15
-14
-10
-6
-9
-12
-9
-13
-14
-5
-10
-7
-12
-12
-6
-7
-4
-2
1
-2
-3
1
-2
-7
-8
-4
-4
-3
6
4
3
17
9
11
15
11
16
16
17
14
11
12
16
6
8
16
10
15
13
12
18
14
13
12
11
19
16
15
11
10
14
9
5
6
-1
4
2
-4
-7
-12
-17
-18
-18
-22
-16
-17
-14
-12
-15
-12
-16
-13
-16
-20
-23
-19
-16
-22
-15
-22
-20
-13
-9
-2
-2
1
2
-3
1
-4
0
-3
4
1
7
5
-5
1
-9
2
-4
-9
-8
-11
-11
-13
-15
-12
-8
-6
-15
-10
-10
-14
-5
-7
-4
-1
2
7
4
4
5
3
4
3
0
0
-5
0
1
7
8
3
9
11
12
8
12
17
30
24
27
24
24
34
32
31
31
28
24
19
14
11
13
12
8
8
6
7
13
9
14
12
4
3
0
3
5
1
4
3
2
-6
-13
-14
-27
-24
-24
-20
-18
-21
-10
-17
-6
-8
-7
-7
-10
2
2
6
7
8
-2
-6
-7
-10
-11
-18
-13
-17
-15
-16
-15
-8
-14
-14
-13
-13
-10
-10
-15
-14
-17
-26
-23
-20
-23
-18
-15
-16
-17
-21
-25
-23
-20
-17
-9
-10
-1
-3
1
9
7
16
19
16
18
23
24
27
24
21
15
16
14
13
13
16
18
17
19
16
15
19
15
9
18
15
18
18
28
34
28
27
19
12
11
5
6
9
12
12
6
-2
-2
1
0
3
-4
1
2
5
10
2
1
1
-3
6
-3
-2
6
2
-2
-6
-3
-10
-9
-15
-23
-25
-21
-23
-29
-20
-29
-20
-20
-16
-15
-14
-12
-12
-8
-1
3
-3
4
-1
5
3
3
-1
2
2
4
8
5
5
9
14
4
4
0
0
-6
-8
-4
-7
-7
-2
-14
-9
-7
-7
-7
-14
-12
-10
-8
-11
-2
0
2
1
2
3
0
4
2
0
0
-3
2
-3
-1
0
-2
-7
-7
-7
-3
3
5
15
16
17
12
18
21
15
18
19
18
19
23
24
17
15
14
14
12
13
13
5
4
0
-2
-2
1
-5
-5
-7
-3
0
-2
-7
-10
-14
-17
-12
-16
-14
-6
0
-2
4
-2
0
4
4
9
9
9
5
2
-5
-10
-18
-18
-8
-11
-8
-11
-5
-4
-2
0
-3
4
2
2
0
3
5
7
0
4
7
5
8
3
-2
2
-1
-5
-4
-13
-9
-10
-14
-14
-10
-5
-13
-14
-16
-18
-23
-26
-24
-27
-20
-24
-28
-23
-16
-22
-17
-15
-12
-12
-13
-10
-12
-7
-6
-4
0
-4
-3
-6
-3
2
6
-3
-7
-2
1
5
2
7
18
15
19
24
18
23
22
25
25
22
22
20
20
26
22
21
25
19
21
16
13
16
16
12
16
12
8
4
5
6
9
10
5
2
7
10
9
2
7
-1
4
2
-9
-8
-5
0
-3
-1
3
-1
-2
-11
-10
-12
-12
-5
-11
-17
-20
-14
-17
-13
-11
-10
-16
-7
-5
-5
-2
-1
10
10
13
12
17
9
12
0
-2
2
-6
-8
-14
-6
-7
-2
-15
-4
-2
-4
-1
-15
-1
-7
-11
-11
-12
-16
-11
-13
-13
-15
-17
-6
-4
-3
2
5
5
8
12
9
11
10
8
0
7
11
11
8
15
17
14
19
20
21
22
17
16
11
9
14
4
3
6
6
6
10
9
5
1
-1
6
-2
-4
-5
-7
0
0
-1
2
-4
-5
-1
2
-2
-2
-13
-9
-4
-1
-1
-2
9
-1
9
6
10
3
-3
3
0
1
0
1
-3
-3
0
2
5
-2
-9
-11
-9
-11
-5
-3
1
-4
-7
-7
-15
-11
-14
-18
-12
-12
-6
-8
-1
-8
-14
-13
-15
-13
-10
-8
-16
-13
-17
-11
-5
-3
-3
-13
-10
-7
-2
-10
-19
-18
-13
-15
-6
-5
-8
-2
-7
-1
-3
-6
1
6
6
12
9
8
11
4
7
9
17
10
16
12
15
18
9
11
9
4
-2
0
2
7
8
9
10
14
17
17
18
17
20
17
16
16
10
8
11
0
2
-3
-2
-4
-7
-9
-10
-5
-5
-7
-13
-10
-8
-13
-8
-7
-16
-9
-8
-4
-4
-3
4
-2
6
6
10
9
5
8
7
9
11
6
10
10
6
7
5
3
-5
0
8
4
-2
-4
-9
-4
-9
-8
-3
-8
3
-2
-2
4
1
9
6
2
-5
-6
-11
-18
-15
-16
-16
-22
-22
-25
-21
-24
-20
-11
-9
-10
-14
-11
-11
-5
-11
-11
-7
-11
-3
-8
2
-1
6
9
-1
-4
-10
-10
-6
-6
-6
-10
-6
-1
-1
0
-3
0
6
9
8
9
12
14
17
14
13
13
10
4
7
11
8
12
11
14
12
12
19
11
11
10
12
17
14
10
11
8
9
6
8
9
7
7
11
8
6
9
9
17
18
23
25
22
20
17
18
13
7
8
11
13
2
10
5
3
8
6
-1
-7
-2
1
-3
2
8
2
-1
-12
-6
-10
-14
-11
-18
-13
-22
-22
-16
-19
-15
-15
-17
-13
-4
-3
-14
-14
-11
-10
-10
-15
-10
-11
-13
-13
-12
-11
-6
-8
-10
-14
-10
-9
-16
-13
-20
-21
-15
-11
-18
-16
-13
-12
-8
1
-2
2
-1
4
2
4
-1
-6
5
6
9
11
14
9
7
4
10
8
8
12
18
12
9
18
14
10
13
9
16
8
8
11
5
10
14
17
12
10
9
7
7
7
13
6
2
5
5
12
3
4
10
2
10
2
1
-1
-5
0
2
0
-1
-1
2
1
-5
-7
-5
-9
-11
-10
-12
-12
-15
-18
-18
-14
-18
-12
-15
-17
-16
-23
-20
-18
-16
-14
-12
-12
-13
-13
-17
-16
-12
-8
-7
-11
-2
-6
-3
-4
-6
-3
3
5
0
8
8
2
5
2
6
7
6
1
-1
-7
-1
-5
-3
2
1
4
4
-4
-8
-8
-6
-1
-3
4
6
3
6
10
4
5
14
15
12
6
5
11
12
8
10
6
8
5
3
1
4
14
14
12
10
11
14
14
19
15
11
11
14
23
21
23
20
19
16
16
11
8
-1
3
0
0
-2
-7
-6
-4
-2
-12
-6
-3
-5
-11
-10
-14
-16
-11
-18
-20
-18
-19
-11
-14
-9
-13
-5
-8
-5
-1
-1
-2
-2
-2
-7
-3
-7
-2
-4
2
-1
2
-3
-2
-6
-8
-2
-4
-4
-8
-5
-5
1
1
-4
1
-6
2
-7
-9
-9
-9
2
-5
2
-1
5
5
3
9
7
14
10
9
8
0
-2
1
4
-1
4
4
4
4
2
11
13
17
10
9
14
10
12
9
11
9
7
7
7
3
6
5
13
10
14
14
8
3
2
6
3
-3
-4
-5
-16
-9
-11
-6
-8
-4
-8
-10
-8
-12
-13
-13
-13
-10
-13
-11
-16
-11
-6
-15
-11
-4
-8
-9
1
-1
0
-4
-6
-11
-6
-9
-3
-10
-6
-10
-13
-8
-6
-5
1
7
6
8
9
11
10
16
19
16
12
17
14
11
6
11
7
9
13
16
14
8
6
8
15
10
17
14
14
10
5
8
3
-5
-3
-7
-12
-19
-20
-18
-20
-17
-17
-17
-13
-20
-24
-24
-25
-21
-20
-17
-16
-20
-13
-13
-5
-8
-6
-2
-1
-6
-8
-10
-10
-8
-6
-7
-5
1
1
-1
0
6
12
19
11
11
15
14
14
11
17
16
10
15
16
19
13
12
15
9
12
6
5
2
0
8
5
10
13
9
6
6
9
7
10
5
4
8
-1
3
10
-1
1
-7
-4
-1
-5
-3
-6
-2
1
0
-4
-5
-1
-1
-1
3
-1
7
7
6
5
1
-1
-9
-11
-11
-8
-7
-11
-11
-10
-14
-16
-19
-21
-16
-12
-8
-2
-5
-2
2
-1
-2
1
0
-4
-4
-9
-3
-3
3
5
-2
0
-6
0
-2
-6
-4
-10
-10
-12
-6
-6
0
4
4
8
3
-3
-6
-3
-2
-7
-5
2
9
6
10
8
8
8
2
3
1
3
0
4
-1
-4
0
-2
0
-6
-9
-8
1
3
5
7
2
7
7
2
4
6
5
4
9
5
3
4
8
9
8
13
16
19
20
16
13
17
14
14
14
16
17
18
17
12
13
17
22
20
13
20
14
11
8
6
3
0
-5
-4
-10
-13
-12
-19
-13
-19
-18
-17
-15
-13
-19
-14
-19
-14
-13
-20
-19
-19
-21
-21
-20
-21
-18
-20
-20
-17
-17
-17
-18
-22
-14
-23
-16
-16
-14
-14
-11
-9
-11
-6
-6
1
-6
6
4
5
5
6
6
1
12
17
15
19
23
24
24
20
24
24
24
20
19
20
16
17
11
19
14
22
22
19
17
9
7
-1
-5
-4
-7
-8
-8
-7
-7
-3
-5
-2
3
2
3
4
6
8
8
5
1
-6
-11
-6
-7
-13
-10
-12
-13
-14
-12
-1
-4
-1
4
4
7
5
1
1
5
-3
4
-9
-5
-5
-12
-8
-17
-4
-16
-7
-6
-6
-6
-12
-1
-3
6
-3
-7
-7
-7
-5
-12
-15
-12
-13
-16
-16
-13
-12
-10
-8
-9
-13
-5
0
0
-1
-6
-7
-1
3
1
3
6
8
8
14
15
15
20
15
23
22
25
21
26
23
18
22
17
14
21
19
15
21
14
21
24
22
19
19
10
5
-1
-6
-3
-8
-3
-5
-12
-10
-15
-14
-21
-20
-23
-20
-13
-20
-16
-10
-11
-11
-12
-10
-10
-16
-14
-16
-21
-16
-15
-15
-14
-17
-9
-13
-18
-13
-7
-3
-2
-4
-4
-8
-5
-7
-7
0
1
-4
5
2
1
4
3
2
4
5
8
5
1
6
8
12
9
12
8
12
11
13
12
6
8
6
9
13
10
8
5
8
0
4
2
1
2
0
3
-3
-3
0
1
2
9
2
3
5
6
7
7
6
-3
-3
-7
-10
-4
-7
-4
-4
-3
-2
-6
-8
-6
-6
-2
-5
-8
-4
-7
-2
-4
0
1
2
7
4
9
7
1
3
2
4
4
8
0
10
8
8
5
2
8
-2
4
7
-2
-2
3
-5
-2
1
-1
-6
-3
-7
-5
1
0
1
3
7
2
2
1
11
7
8
8
7
7
1
0
0
9
0
10
2
7
6
1
0
-5
-2
-1
-1
-8
-9
-9
-6
-10
-10
-11
-5
-8
-6
-7
-7
-6
-9
-4
-6
-4
4
-1
5
2
7
10
3
7
-1
2
5
5
11
7
8
3
4
4
1
-1
-7
-6
-4
-5
-6
-4
-9
-7
-13
-8
-12
-7
-2
-7
-3
-1
-3
-7
-8
-8
-6
-7
-4
3
0
1
1
3
-1
-4
1
-1
4
-1
-1
7
9
10
8
8
2
6
5
4
-1
0
-4
-6
-7
-10
-7
-4
4
-6
2
3
7
3
7
10
12
12
3
3
3
4
0
-5
-4
1
3
7
2
1
5
1
1
1
7
6
3
7
13
9
11
1
-3
-2
0
3
-8
-8
-6
-7
-8
-8
-9
-8
-5
-6
-6
-3
0
-5
-3
-6
-4
-7
-8
-8
-7
-10
-16
-12
-12
-11
-10
-10
-10
-13
-16
-16
-14
-13
-3
-1
-5
-1
0
1
3
7
8
5
6
7
13
10
6
9
3
1
4
2
3
-1
1
-1
-2
3
8
9
9
12
10
8
7
7
4
6
4
1
6
3
6
0
0
5
0
6
9
6
9
8
6
0
0
-4
-6
-10
-5
-5
-12
-8
-8
-5
-6
-3
-8
-4
-7
-11
-8
-7
-8
-6
-5
-9
-1
-6
-6
-7
2
3
-2
9
9
16
16
16
15
13
14
14
12
7
9
12
12
14
17
13
12
9
10
12
7
9
9
7
-1
4
-1
0
3
-1
1
-3
-2
1
-2
-3
-2
-7
-4
-4
-6
-3
-3
3
0
8
5
2
5
3
8
8
3
2
2
1
2
4
-2
0
10
5
12
12
14
15
13
9
5
11
7
-1
-3
-1
-3
-13
-11
-11
-13
-13
-10
-13
-14
-16
-14
-13
-17
-17
-20
-19
-15
-16
-16
-14
-17
-23
-24
-20
-20
-17
-18
-18
-19
-8
-10
-5
1
-5
1
1
4
2
3
7
8
9
6
4
-2
-4
0
9
7
5
2
-2
-2
-4
2
1
-2
-2
-6
-7
2
6
5
8
8
12
12
5
11
5
-1
0
-7
1
-2
1
6
4
13
4
10
9
5
7
0
3
1
-3
-2
-6
-6
-6
-8
-6
-1
5
5
8
7
8
4
-5
-5
-1
-3
-4
-4
-6
2
-5
-3
-4
-5
1
-4
-6
-11
-12
-3
-7
-4
-3
-5
-4
-6
-5
-6
1
9
7
6
7
6
8
-1
1
-1
-1
4
1
9
2
0
3
1
2
2
5
8
12
14
12
19
20
22
14
18
15
13
10
6
4
0
0
0
-3
-2
-2
-3
2
-2
6
6
11
8
3
7
6
3
6
5
2
0
-2
-6
-9
-9
-5
-1
-2
-1
2
3
0
-7
-6
-12
-13
-14
-11
-10
-12
-15
-16
-10
-17
-14
-14
-15
-14
-9
-9
-7
-8
-9
-11
-6
-4
-2
2
2
4
-3
1
7
1
2
1
1
-2
3
4
2
3
-3
-3
-3
-3
-1
5
9
9
7
3
8
3
4
1
2
3
4
2
-1
2
-2
-1
2
0
3
5
9
17
11
9
10
14
15
11
7
8
3
3
4
3
1
-3
4
1
1
1
-1
3
4
7
8
10
8
10
7
3
2
-4
-9
-10
-10
-13
-9
-5
-5
-2
2
2
1
3
-5
-2
-1
-8
-6
-6
-1
-4
-5
-1
-2
3
3
0
0
-6
-9
-12
-10
-9
-9
-8
-12
-3
-7
-7
-3
-4
-7
-7
-7
-11
-12
-11
-11
-9
-10
-4
1
1
0
1
-7
0
-6
