SAMPLES:	17477
BITSPERSAMPLE:	16
CHANNELS:	1
SAMPLERATE:	16000
NORMALIZED:	FALSE
-7
-3
0
3
3
4
4
8
6
3
4
9
3
9
9
10
9
4
4
3
4
6
4
1
4
4
8
6
10
12
10
7
7
0
0
-1
-5
0
-5
-6
-7
-8
-4
-7
-7
-8
-8
-7
-7
-6
-9
-4
-3
-8
0
-1
1
-4
-6
-2
-6
-1
-3
2
0
-1
-2
-3
1
-1
-1
0
-1
5
5
4
9
4
7
6
8
7
7
6
1
5
0
-5
-7
-4
-6
-10
-4
-3
-2
-4
-5
-1
-3
-4
-8
-7
-1
-10
-7
-10
-12
-8
-10
-1
-7
-7
-8
-7
-6
-6
-12
-14
-8
-9
-3
-10
-9
-10
-6
-11
-8
-11
-6
-2
1
6
7
7
7
6
3
4
6
5
1
4
2
2
1
1
3
-1
2
1
5
6
6
9
5
14
8
7
8
8
6
8
8
9
7
2
8
7
7
8
7
4
4
7
5
5
0
1
3
3
6
3
2
0
0
-1
-3
-10
-4
-2
-3
1
-4
1
-3
-6
-3
-6
-4
-3
-4
-6
-3
-4
-2
-1
1
0
1
7
3
6
2
1
2
-1
-1
0
-2
2
1
2
5
5
5
0
0
-3
-6
-7
-1
-1
1
-1
-5
-3
-1
-1
-5
2
-5
-3
-4
-6
-4
-8
-10
-13
-9
-10
-10
-6
-7
-7
-8
-13
-11
-14
-11
-9
-4
-2
-1
-2
-4
-7
-4
-2
-1
-2
-5
-3
-6
-4
-5
0
-3
-4
5
2
7
8
9
10
8
7
8
6
3
5
2
5
3
3
6
6
9
4
6
3
8
9
9
12
11
13
11
16
15
19
19
11
16
13
13
9
10
7
3
5
5
8
7
0
0
-1
-3
0
0
-4
-6
-10
-7
-8
-7
-6
-3
-4
-6
-8
-11
-9
-6
-4
-1
-7
-3
-1
-5
-1
-3
0
-4
-3
-6
-7
-4
-4
-2
-2
0
-2
-1
2
3
10
6
5
4
5
1
-2
5
-2
-4
-4
-9
-2
-4
0
-3
-1
-3
0
-3
0
5
0
8
7
4
2
4
9
4
2
0
0
-1
-2
-3
-5
-4
-9
-4
0
-4
-1
-3
-4
-1
-1
-2
-3
0
0
-1
1
5
4
4
0
2
0
-1
-5
-7
-6
-7
-6
-10
-3
1
2
4
5
4
9
7
7
7
6
4
5
3
6
-1
-4
0
0
-4
-3
-1
-6
-1
-5
-2
-1
1
1
3
7
6
2
0
2
-1
-3
-4
-3
2
-2
-2
-1
-4
-3
-1
-2
1
-1
-5
0
-6
-2
-3
0
1
-1
-1
2
7
7
7
9
11
9
6
4
3
-4
-4
-8
-5
-6
-7
-7
-10
-8
-12
-11
-9
-11
-6
-2
-4
-3
-4
-3
-3
0
3
-1
4
0
1
-3
-6
0
0
-2
3
3
0
2
-2
2
-2
5
5
2
3
-2
-2
4
2
1
-4
-5
0
-10
-11
-12
-16
-17
-12
-18
-13
-13
-13
-6
-5
-3
0
-3
2
1
2
3
-2
3
2
6
7
8
10
12
6
5
6
3
8
1
2
-1
1
2
2
5
6
10
8
6
8
7
13
6
8
5
5
4
5
4
4
2
-3
-2
1
2
-2
-3
-7
-9
-12
-6
-6
-2
-2
-5
-5
-6
-5
0
-4
-6
-8
-9
-8
-11
-5
0
-3
-5
-6
-4
-3
3
4
4
7
10
9
11
12
15
13
18
15
16
19
12
16
12
13
9
9
7
3
3
1
7
8
3
9
10
8
10
11
8
9
14
14
6
11
8
8
2
3
-2
-3
-4
-11
-9
-8
-12
-10
-13
-13
-13
-15
-13
-15
-11
-11
-10
-8
-9
-5
-7
-6
-4
-5
-3
-2
-3
-3
-3
0
2
0
-3
0
-2
-5
0
-1
4
7
5
0
2
2
3
4
4
3
4
4
9
9
7
6
3
0
0
-6
-7
0
-3
-4
-5
-5
-4
-2
3
0
0
3
0
5
7
3
3
3
3
5
0
0
-4
-1
-6
-7
-4
-11
-10
-12
-13
-13
-11
-9
-9
-3
-2
-1
0
-4
2
-3
0
2
2
0
-4
-4
-2
0
1
2
1
4
4
5
4
5
5
5
7
4
6
8
7
14
7
7
7
5
6
8
9
9
6
10
9
9
6
3
7
1
-7
-6
-10
-2
-6
-7
-7
-13
-3
-1
-2
3
1
-6
-3
-2
-2
-11
-10
-9
-14
-16
-15
-15
-11
-12
-16
-17
-14
-18
-21
-19
-19
-14
-19
-18
-18
-13
-10
-12
-7
-2
-5
-6
-5
-4
-1
-1
-2
-1
-2
5
1
6
10
11
13
11
12
9
10
11
12
14
16
11
14
11
14
13
11
7
5
3
0
1
1
3
-1
2
0
-3
0
-4
-5
-8
-7
-5
-6
-8
-5
-6
1
-4
-1
-2
4
5
0
1
3
-2
3
7
1
7
7
11
10
7
3
8
8
9
10
7
6
9
11
6
7
-2
0
4
0
3
-2
3
2
6
6
3
9
5
7
7
6
5
2
-3
0
3
3
4
6
5
4
4
-1
0
4
1
-1
-3
-1
-2
-3
-5
-6
-3
-2
-3
2
1
1
5
2
7
5
5
6
5
8
8
7
4
2
1
5
3
6
2
1
0
-2
1
-5
-4
-5
-4
-6
2
-5
1
-4
-1
2
-2
1
-2
-2
0
4
2
2
0
-5
-6
-5
-9
-7
-10
-5
-6
-5
-4
-8
-4
-2
-4
2
0
-4
3
-2
-2
-3
-2
-2
-2
-1
-3
-4
-5
-2
-3
2
-1
-2
1
0
3
0
1
3
2
3
6
7
1
4
-3
-1
-2
-4
6
0
0
0
0
0
-1
-1
2
0
-2
1
-1
-5
-2
-3
1
0
0
1
-2
3
5
5
4
7
8
6
5
3
3
5
6
4
4
0
1
-9
-7
-9
-4
-1
-3
-1
1
4
3
3
-3
-2
-4
-5
-9
-4
-13
-15
-16
-11
-11
-16
-14
-13
-10
-12
-13
-10
-12
-10
-7
-6
-2
-3
0
-1
-2
0
-5
-1
-2
-5
-3
-11
-9
-11
-13
-8
-4
-5
-2
-3
-3
3
2
6
3
0
4
7
13
11
7
6
4
6
7
2
2
-3
3
3
-1
0
-3
2
1
0
-3
2
3
-2
-1
-2
3
0
1
2
3
5
1
5
2
7
6
0
5
-1
-2
0
-4
0
-2
3
8
7
10
6
7
9
9
5
4
10
7
11
8
9
10
7
10
6
8
2
5
5
0
-2
-4
-4
-8
-6
-2
-2
2
5
6
11
7
9
8
8
7
4
4
2
2
-9
-3
-3
-11
-5
-4
-2
-5
1
-2
-3
-3
-3
2
0
6
3
7
6
6
8
5
10
12
8
10
6
6
5
1
3
0
-1
-1
-5
-5
-5
-9
-9
-10
-8
-7
-5
0
-1
-2
-5
0
-2
0
-3
-3
-1
-4
-4
-2
1
-2
4
4
4
4
3
6
5
8
4
1
0
-3
0
0
0
1
4
3
1
0
-1
1
6
4
0
0
-6
-1
-5
-6
-5
-6
-2
1
1
-3
1
4
5
1
0
5
1
-3
-4
-4
-1
-2
0
-4
-9
-7
-10
-4
-4
-3
-1
-2
-3
-5
1
-1
1
3
0
2
2
1
-2
0
-2
4
2
-4
-7
-7
-8
-11
-11
-11
-5
-9
-2
-2
0
1
2
-2
-2
-2
-7
-5
-8
-9
-12
-11
-8
-14
-11
-13
-7
-9
-4
-1
-1
-2
-3
-1
1
-3
1
1
4
2
5
11
7
10
5
9
5
10
9
10
12
8
7
7
4
-1
2
0
0
1
1
5
4
4
4
-2
1
-4
3
-1
3
6
4
0
3
2
3
4
-1
3
1
2
5
5
1
0
-7
-8
-4
-3
-1
-3
1
0
3
0
-2
3
0
1
-1
-8
-5
-9
-10
-11
-16
-14
-14
-12
-12
-9
-5
-5
-6
-6
-3
-3
2
2
3
2
-2
0
4
6
4
7
1
-3
7
-1
4
-2
2
1
2
2
4
5
4
10
3
5
0
6
5
8
6
0
-1
0
1
2
2
3
4
0
9
2
3
3
4
4
7
3
4
2
4
-1
2
-2
-2
1
-4
2
-3
1
-4
-2
-1
1
1
-1
1
3
2
6
0
2
-1
-2
1
1
4
2
5
4
0
4
7
4
4
1
0
4
3
4
-2
1
1
4
4
1
3
1
3
0
6
8
8
0
7
12
10
11
7
6
5
1
4
4
-4
1
-1
-3
0
-5
-6
-4
-5
-8
-11
-11
-6
-8
-6
-8
-2
-3
-6
-6
-3
-4
-6
-4
-5
-6
-9
-8
-8
-6
-10
-5
-5
-4
-2
1
0
3
3
3
-1
-2
-4
-8
-4
-4
-5
-2
0
-3
1
1
-1
3
1
4
-1
5
1
-1
2
-3
3
7
6
5
6
5
5
-3
4
-1
3
6
2
4
2
4
4
6
1
5
11
7
5
4
8
4
3
5
3
0
-1
-1
-1
2
-1
-4
-4
-2
2
-3
-1
-2
-3
-3
-1
4
-3
1
0
0
2
-1
-1
1
3
2
2
0
-1
-2
2
0
-6
-10
-9
-7
-6
-5
-4
-3
-3
0
-3
-3
0
3
0
-4
-5
-4
-2
-6
-5
-7
-7
-8
-9
-10
-3
-6
-6
-3
-5
-5
-4
-3
-3
-2
0
-2
-3
-5
-7
-12
-7
-9
-11
-9
-7
-2
-5
-1
-6
-4
-3
-3
-3
-1
1
3
5
4
6
6
8
9
4
6
4
4
8
3
1
1
3
0
2
6
12
14
15
15
14
15
10
11
15
7
8
5
6
8
4
0
-3
-3
-6
-5
-4
-5
-3
-6
-6
-6
-5
-2
-8
-7
-8
-8
-6
-8
-1
-5
-5
-6
-6
0
-5
-4
-2
-4
-7
-4
0
0
-4
-3
-1
-2
6
5
6
4
7
7
3
7
4
3
4
5
6
5
4
5
4
4
2
-3
2
-1
3
-2
1
0
1
2
3
4
2
2
4
7
1
6
4
5
3
2
-2
-3
-1
-1
-2
-4
-4
-1
0
0
4
5
5
7
8
7
10
2
6
2
2
7
1
5
-1
0
-1
0
-5
-3
-2
-4
-3
-5
-6
-7
-6
-9
-7
-7
-9
-7
-3
-4
0
1
1
4
3
3
4
6
8
5
4
2
-2
-2
-4
-2
-5
0
0
0
2
5
5
4
6
4
6
4
4
2
2
0
4
2
2
-2
0
3
6
2
5
6
5
9
0
0
0
1
2
-5
0
-6
-2
-6
-13
-9
-12
-8
-9
-5
-5
-4
-3
-4
-3
0
-2
-3
0
-2
-1
-2
-5
-5
-2
3
-1
2
3
6
3
8
4
6
5
4
4
2
10
5
11
8
6
3
4
12
4
9
7
4
6
0
1
1
1
-2
-3
-4
-7
-5
-9
-6
-3
-8
-6
-9
-10
-13
-9
-16
-10
-10
-11
-12
-10
-6
-15
-10
-10
-6
-2
-5
-4
-4
-3
0
-2
0
2
-2
-3
-2
-5
-5
-2
2
4
5
3
1
2
2
3
3
2
-1
-2
-2
-2
-5
-2
-2
-3
-4
-3
-1
0
4
3
5
4
4
5
2
4
3
3
7
2
6
4
9
8
7
3
3
8
4
3
0
4
4
3
-2
-5
-3
-6
-5
-7
-2
3
-1
-1
-3
1
0
0
2
1
0
0
-2
-4
-2
-1
4
0
-1
0
-4
-5
-7
-5
-9
-9
-9
-12
-8
-6
-9
-8
-3
1
6
2
7
2
3
-3
-6
-4
-1
-6
-8
-1
-1
-1
-4
0
1
0
4
6
9
9
9
9
6
9
6
9
8
2
10
1
-2
2
-3
3
0
0
2
4
9
5
10
11
8
2
0
3
-1
3
-1
3
0
-2
1
-1
3
4
1
1
5
7
4
5
4
1
10
4
5
7
4
9
6
9
8
5
6
5
4
3
0
4
2
3
5
3
-2
0
4
5
5
2
5
2
0
-1
-5
-2
-2
0
2
1
0
-2
-5
-6
-3
4
19
50
55
16
-17
-21
23
70
70
17
-37
-70
-61
-20
9
-3
-60
-119
-133
-90
-39
-21
-40
-65
-88
-73
-46
1
34
37
26
21
26
44
67
88
105
87
39
1
-17
-5
20
14
-27
-80
-113
-120
-91
-73
-82
-120
-141
-111
-66
-47
-36
-29
-5
54
102
166
236
305
353
335
290
297
388
494
493
389
250
167
134
105
94
39
-108
-327
-478
-471
-398
-409
-511
-593
-628
-631
-594
-493
-357
-294
-290
-265
-139
1
99
209
332
445
464
427
447
510
553
560
524
442
320
179
100
83
12
-131
-265
-343
-403
-493
-581
-592
-544
-533
-554
-542
-472
-391
-312
-195
-52
76
126
183
307
463
572
606
629
673
701
665
635
628
589
481
351
259
165
45
-95
-218
-294
-392
-520
-611
-644
-651
-663
-664
-616
-486
-316
-136
-114
-171
-167
-9
315
574
589
448
320
289
407
569
615
456
188
-28
-58
48
86
-2
-178
-394
-499
-501
-440
-356
-369
-414
-458
-469
-400
-288
-156
-39
29
16
-27
-9
62
173
287
304
209
117
78
168
303
290
175
33
-32
18
60
46
37
20
49
114
207
345
501
605
569
497
504
651
848
888
718
500
307
194
139
98
11
-221
-588
-864
-902
-827
-832
-984
-1124
-1181
-1184
-1136
-1000
-799
-673
-625
-545
-356
-99
83
224
430
602
666
648
653
732
799
784
734
663
529
363
247
195
107
-58
-243
-344
-398
-526
-660
-695
-615
-557
-589
-591
-508
-380
-268
-115
88
255
320
360
497
689
812
843
840
866
871
819
748
697
643
505
332
185
56
-93
-280
-387
-380
-343
-390
-644
-892
-939
-769
-446
-278
-366
-562
-652
-519
-208
95
179
42
-128
-122
109
422
579
515
356
229
241
335
434
471
360
191
37
-70
-95
-112
-143
-187
-271
-423
-567
-601
-534
-408
-334
-375
-416
-409
-290
-60
182
232
191
192
315
502
614
669
715
856
1054
1240
1250
1016
731
693
1012
1307
1173
635
110
-78
-36
6
-98
-374
-836
-1371
-1611
-1452
-1194
-1234
-1535
-1745
-1729
-1618
-1484
-1211
-865
-630
-598
-570
-340
12
317
571
832
1009
935
756
770
1003
1201
1171
946
677
447
264
200
205
77
-237
-556
-697
-732
-815
-911
-894
-797
-772
-856
-868
-694
-459
-279
-80
153
301
327
402
695
1049
1204
1114
1030
1084
1142
1131
1077
1031
893
648
446
382
388
259
-8
-256
-401
-516
-622
-682
-699
-752
-898
-1002
-936
-791
-691
-654
-588
-463
-326
-205
-44
155
308
400
434
516
600
622
592
573
558
492
345
181
52
-4
-67
-175
-311
-470
-587
-650
-642
-604
-596
-662
-729
-692
-529
-339
-185
-92
8
130
247
379
550
714
898
1190
1519
1724
1540
1108
929
1301
1869
1943
1354
602
197
152
202
213
66
-415
-1191
-1779
-1740
-1292
-1131
-1475
-1881
-1995
-1886
-1792
-1625
-1244
-905
-873
-973
-807
-405
-64
172
453
817
969
763
579
763
1141
1332
1203
951
736
495
325
352
407
215
-185
-466
-562
-631
-837
-935
-794
-679
-794
-988
-943
-677
-455
-320
-119
101
145
98
271
685
1015
1026
928
954
1091
1119
1063
1103
1137
972
656
461
504
591
546
289
-118
-468
-714
-619
-313
-277
-598
-1092
-1341
-1155
-801
-563
-565
-704
-832
-825
-522
-65
240
326
216
170
314
508
691
793
841
770
562
353
292
329
342
278
89
-185
-436
-599
-608
-487
-417
-525
-702
-772
-644
-367
-227
-254
-250
-111
157
394
581
919
1303
1429
1152
875
1061
1623
2011
1818
1245
795
575
490
532
568
367
-318
-1156
-1513
-1249
-929
-1046
-1501
-1861
-1959
-1970
-1861
-1516
-1123
-1016
-1197
-1264
-939
-505
-242
-71
243
534
508
330
350
669
971
1015
903
763
560
329
238
328
346
122
-195
-361
-439
-624
-786
-694
-425
-408
-658
-785
-622
-362
-183
-16
234
402
339
275
527
927
1085
1015
948
1007
1014
891
803
873
926
739
490
443
566
604
378
-58
-327
-443
-372
-179
-193
-467
-880
-1123
-1008
-644
-447
-572
-793
-899
-791
-491
-111
98
122
-25
-108
43
289
491
524
480
415
287
134
116
168
236
222
39
-181
-324
-344
-311
-198
-149
-235
-341
-393
-269
-33
60
-3
-29
90
415
824
1130
1205
940
562
537
1090
1721
1791
1178
487
294
409
560
597
452
21
-710
-1270
-1238
-781
-635
-988
-1409
-1597
-1591
-1596
-1446
-1017
-638
-658
-901
-884
-588
-270
-61
133
424
481
231
27
207
579
766
690
522
375
163
-29
-35
96
63
-173
-424
-526
-626
-791
-796
-552
-336
-395
-604
-660
-426
-186
-22
160
342
369
262
341
650
948
972
856
880
954
936
812
789
868
804
651
583
697
625
176
-220
-258
28
182
-87
-480
-697
-817
-822
-653
-407
-417
-722
-993
-879
-436
-98
-60
-79
-29
23
122
253
493
621
506
357
336
366
314
176
113
156
107
-154
-438
-510
-465
-374
-404
-486
-532
-559
-470
-265
-94
-75
-138
-105
153
517
821
1051
1255
1271
1034
863
1087
1619
1932
1625
997
494
360
412
452
405
129
-513
-1284
-1584
-1336
-961
-990
-1420
-1768
-1857
-1785
-1597
-1221
-800
-599
-689
-781
-538
-137
161
397
655
842
748
465
378
617
909
966
768
484
201
-83
-252
-208
-151
-276
-568
-862
-1008
-1114
-1133
-983
-742
-662
-826
-925
-780
-451
-126
125
305
406
404
454
738
1081
1260
1219
1142
1179
1188
1105
1017
999
976
818
614
546
607
493
29
-349
-448
-324
-189
-381
-675
-891
-1031
-1028
-793
-521
-521
-714
-865
-735
-366
-57
74
146
181
193
239
366
593
730
695
612
508
415
329
278
325
344
215
-132
-436
-514
-468
-362
-343
-455
-605
-681
-583
-320
-138
-182
-262
-165
205
684
1047
1175
1034
773
721
1079
1663
1924
1571
927
516
481
589
594
461
146
-451
-1080
-1343
-1129
-880
-983
-1325
-1605
-1707
-1742
-1659
-1345
-916
-729
-854
-959
-761
-387
-91
154
432
639
605
400
384
643
929
968
808
610
439
211
84
77
66
-48
-264
-452
-645
-844
-923
-774
-557
-512
-698
-860
-788
-562
-318
-83
118
151
85
112
376
729
914
909
883
949
963
898
880
951
942
779
610
616
753
733
329
-111
-250
-148
35
12
-297
-626
-895
-1005
-814
-501
-463
-710
-950
-951
-684
-327
-135
-53
-21
-92
-58
91
335
544
572
539
490
403
319
336
456
568
509
170
-170
-304
-216
-68
1
-140
-371
-482
-439
-202
32
14
-150
-177
94
518
880
1007
846
575
423
664
1228
1611
1402
816
336
264
454
545
437
197
-255
-853
-1191
-1108
-786
-715
-994
-1340
-1476
-1464
-1426
-1240
-886
-635
-676
-848
-803
-502
-168
66
259
433
441
259
142
326
625
767
659
453
267
104
-22
-25
30
9
-179
-423
-608
-758
-813
-718
-505
-394
-520
-708
-721
-483
-208
9
157
219
177
142
341
672
912
917
817
825
895
881
825
846
874
803
653
635
772
793
369
-114
-220
11
255
130
-262
-608
-766
-836
-705
-437
-395
-655
-948
-949
-617
-255
-138
-134
-98
-62
-1
89
281
486
544
500
436
338
264
235
293
424
407
173
-141
-274
-263
-165
-88
-155
-261
-400
-411
-225
-47
-66
-217
-202
16
346
616
769
937
899
671
559
852
1352
1580
1272
745
392
291
308
328
328
103
-519
-1228
-1446
-1168
-849
-919
-1284
-1573
-1645
-1646
-1521
-1168
-770
-641
-761
-810
-603
-241
40
273
519
684
613
414
388
611
876
924
795
590
352
132
-1
13
42
-32
-256
-534
-779
-982
-1012
-821
-592
-551
-716
-899
-850
-569
-237
61
244
285
230
283
542
875
1079
1093
1064
1046
1013
950
916
972
987
901
789
740
717
369
-110
-308
-164
109
9
-467
-893
-1016
-969
-784
-548
-492
-734
-1019
-1044
-660
-139
102
66
27
35
161
336
501
741
813
713
566
442
388
405
416
448
384
119
-250
-457
-449
-337
-301
-456
-637
-729
-654
-446
-245
-242
-313
-312
-77
336
644
853
1020
1112
1054
927
1005
1368
1680
1571
1114
671
435
359
300
245
117
-316
-1008
-1497
-1501
-1211
-1073
-1303
-1645
-1818
-1857
-1772
-1487
-1069
-782
-746
-830
-747
-390
-27
251
489
737
780
603
465
571
860
1051
968
727
477
216
38
-5
64
61
-125
-420
-699
-905
-944
-832
-613
-483
-636
-840
-850
-597
-253
34
242
308
312
347
541
877
1120
1193
1127
1091
1067
1022
957
928
939
872
789
737
693
322
-171
-366
-195
123
31
-504
-988
-1143
-1042
-831
-642
-616
-878
-1164
-1202
-798
-264
-36
-77
-131
-52
152
351
518
702
760
673
573
517
527
555
534
503
472
274
-26
-207
-215
-102
-79
-245
-472
-571
-504
-316
-137
-168
-302
-355
-206
111
419
635
823
964
867
633
599
955
1475
1620
1254
697
307
214
289
386
387
32
-723
-1391
-1521
-1154
-814
-942
-1369
-1676
-1737
-1643
-1428
-1059
-714
-633
-769
-838
-614
-271
0
239
508
656
520
268
240
543
879
947
784
516
260
59
11
111
172
48
-234
-531
-748
-876
-843
-620
-423
-463
-718
-889
-775
-451
-120
127
237
200
116
166
480
841
977
920
864
876
865
830
815
933
996
956
912
899
654
170
-119
5
390
482
-35
-670
-946
-884
-650
-441
-373
-646
-1046
-1235
-957
-395
-73
-162
-330
-344
-144
109
311
549
630
553
441
391
481
583
616
612
606
453
116
-135
-168
-11
152
44
-225
-476
-541
-356
-103
5
-128
-319
-352
-55
338
599
767
838
791
591
463
697
1213
1507
1231
668
209
131
230
265
260
74
-487
-1185
-1517
-1285
-871
-823
-1212
-1575
-1672
-1650
-1528
-1233
-857
-636
-717
-875
-711
-320
-12
200
420
644
647
398
261
459
816
952
785
526
275
77
-48
-11
101
31
-224
-525
-728
-843
-857
-703
-489
-421
-606
-790
-743
-483
-186
33
207
272
205
187
425
821
1096
1070
973
987
973
916
865
939
1019
1005
905
892
751
300
-79
-110
278
497
92
-568
-938
-911
-734
-535
-452
-626
-998
-1291
-1148
-569
-107
-113
-293
-366
-189
59
246
468
647
639
542
464
500
626
670
645
635
547
274
-10
-117
-16
143
103
-110
-351
-449
-378
-175
-65
-137
-274
-300
-98
177
400
621
779
787
576
383
540
1022
1378
1214
735
267
77
66
123
208
103
-411
-1127
-1497
-1364
-986
-887
-1189
-1480
-1572
-1582
-1507
-1267
-889
-618
-626
-694
-546
-254
6
229
498
752
775
554
381
519
806
966
875
637
361
119
-29
-23
50
-12
-203
-459
-706
-897
-958
-818
-596
-522
-667
-834
-821
-613
-357
-107
113
230
207
185
374
697
922
951
938
972
979
863
766
806
922
981
951
905
595
129
-171
-60
370
504
32
-631
-968
-916
-639
-415
-419
-662
-1008
-1209
-965
-401
-18
-39
-201
-257
-83
175
400
582
649
615
535
481
529
635
688
664
623
461
189
-2
-61
72
186
66
-212
-447
-487
-299
-80
-35
-123
-224
-199
-9
222
518
863
1009
876
576
443
720
1239
1484
1254
719
191
-58
-50
110
177
-60
-731
-1394
-1630
-1434
-1103
-1076
-1339
-1600
-1730
-1733
-1570
-1232
-885
-690
-670
-631
-464
-232
-4
265
624
869
819
576
442
606
868
1019
939
691
364
62
-98
-78
-35
-116
-307
-552
-824
-1052
-1098
-904
-625
-569
-685
-818
-767
-575
-328
-30
247
356
256
210
402
773
1004
1024
1001
1021
978
871
823
898
976
879
772
766
827
508
-45
-273
-123
263
266
-224
-722
-955
-949
-759
-447
-349
-618
-1007
-1106
-741
-166
108
17
-65
-86
45
245
449
687
733
631
498
451
501
549
601
585
523
286
-28
-157
-100
15
5
-152
-315
-383
-371
-238
-86
-117
-245
-266
-42
355
655
796
857
821
624
532
824
1327
1547
1208
588
216
195
228
201
124
-113
-650
-1322
-1596
-1334
-989
-1061
-1445
-1730
-1732
-1661
-1592
-1326
-932
-749
-808
-825
-609
-237
40
236
510
800
798
574
466
667
997
1107
981
755
511
286
142
156
189
41
-234
-491
-691
-862
-991
-940
-759
-688
-811
-963
-941
-739
-504
-279
-47
99
87
72
280
643
871
900
867
935
1008
964
901
902
956
856
682
725
871
841
325
-209
-302
-54
252
137
-312
-696
-938
-989
-730
-356
-319
-656
-979
-1014
-621
-182
3
48
52
32
116
277
514
776
815
730
657
577
540
539
601
660
585
267
-90
-222
-169
-7
69
-74
-349
-571
-604
-326
-83
-57
-206
-350
-181
185
571
838
973
831
561
480
849
1453
1679
1293
683
318
264
312
350
296
6
-622
-1293
-1486
-1226
-950
-1042
-1417
-1712
-1766
-1769
-1705
-1387
-986
-814
-879
-951
-764
-399
-114
139
455
664
600
382
370
622
935
1030
887
681
459
227
102
149
219
119
-131
-402
-633
-795
-851
-726
-530
-489
-666
-859
-830
-627
-366
-130
19
54
-5
21
260
579
731
739
728
796
840
768
710
762
848
812
789
841
908
634
99
-137
-24
343
391
-31
-534
-832
-876
-757
-454
-306
-537
-927
-1125
-877
-329
10
13
-10
-44
36
200
374
686
802
735
630
540
563
630
658
680
672
515
185
-54
-97
14
128
64
-148
-372
-446
-353
-141
-95
-208
-361
-345
-22
344
649
790
662
379
236
556
1143
1507
1280
676
241
149
253
345
326
89
-454
-1135
-1443
-1232
-900
-893
-1220
-1539
-1622
-1603
-1537
-1301
-929
-719
-758
-835
-723
-425
-138
84
352
597
562
362
267
459
774
907
832
659
454
240
69
80
146
115
-66
-325
-571
-766
-833
-715
-476
-393
-514
-695
-715
-534
-257
-17
159
202
142
166
335
621
818
817
777
812
842
795
709
701
719
657
555
531
598
635
345
-127
-319
-238
9
96
-176
-563
-819
-911
-743
-383
-212
-375
-716
-878
-652
-192
165
240
233
130
124
237
400
696
788
716
574
412
377
444
525
537
473
238
-80
-270
-247
-109
-11
-70
-252
-397
-454
-322
-76
-4
-27
-90
-88
105
354
631
967
1122
916
549
430
764
1299
1490
1119
513
25
-153
-18
198
213
-167
-956
-1602
-1657
-1263
-882
-942
-1357
-1678
-1766
-1681
-1403
-982
-643
-604
-734
-753
-516
-152
132
402
635
724
597
354
350
597
880
927
706
407
111
-68
-114
-46
1
-162
-439
-729
-907
-964
-890
-704
-544
-527
-687
-778
-659
-375
-59
161
280
344
355
410
615
848
995
1051
1031
1009
931
812
750
793
831
733
563
464
483
429
82
-266
-364
-263
-111
-200
-514
-774
-898
-863
-614
-326
-326
-605
-827
-730
-314
137
322
270
183
110
206
417
703
879
785
618
511
491
514
547
524
501
383
74
-180
-246
-166
-34
-27
-201
-426
-580
-554
-240
33
17
-166
-331
-198
164
519
827
1055
975
577
296
530
1172
1636
1417
754
225
45
97
274
359
160
-503
-1359
-1704
-1410
-966
-913
-1296
-1707
-1863
-1858
-1710
-1314
-832
-647
-781
-913
-760
-349
-33
202
503
726
686
424
312
532
877
1027
921
694
430
158
28
88
191
99
-214
-529
-733
-843
-911
-835
-645
-572
-708
-870
-830
-586
-347
-137
78
243
327
306
420
695
956
1086
1096
1111
1070
972
904
966
1061
974
703
422
397
521
651
449
-44
-443
-615
-369
-94
-168
-559
-938
-1087
-907
-537
-363
-480
-714
-822
-659
-215
170
248
226
101
147
373
543
730
761
724
676
558
514
515
538
499
390
224
37
-102
-194
-253
-287
-297
-405
-469
-449
-342
-222
-281
-391
-369
-138
239
551
755
885
779
532
510
934
1487
1664
1277
676
374
391
513
569
475
68
-595
-1236
-1377
-1035
-816
-1007
-1480
-1859
-1978
-1873
-1650
-1300
-1006
-976
-1110
-1120
-823
-409
-95
170
407
571
537
394
437
704
969
1043
897
660
430
260
204
247
211
-4
-291
-494
-638
-770
-855
-825
-684
-618
-717
-807
-764
-586
-373
-144
97
231
241
235
391
679
928
1022
1037
1025
989
936
947
1035
1037
859
579
366
349
464
556
525
124
-394
-707
-584
-113
86
-223
-733
-1036
-1033
-726
-336
-176
-328
-621
-766
-516
7
340
368
293
186
221
311
484
761
853
772
536
317
273
310
338
343
317
114
-248
-512
-512
-296
-91
-144
-424
-627
-655
-438
-146
-48
-88
-192
-104
222
622
938
1056
886
661
686
1033
1437
1516
1190
744
471
416
426
402
188
-203
-739
-1177
-1242
-1106
-1068
-1286
-1586
-1762
-1738
-1678
-1544
-1260
-998
-950
-969
-888
-611
-277
-81
101
318
470
464
403
479
683
850
827
713
578
438
261
118
66
22
-73
-251
-433
-605
-778
-825
-729
-586
-475
-539
-620
-569
-434
-193
60
273
357
342
377
566
784
953
1000
997
1001
941
894
878
880
784
629
499
404
307
243
262
366
214
-267
-646
-667
-268
51
-101
-470
-745
-855
-699
-333
-33
-72
-403
-675
-572
-52
393
477
371
153
93
227
461
792
868
669
367
141
149
277
303
222
72
-161
-387
-500
-445
-338
-279
-396
-626
-645
-555
-332
-141
-137
-192
-224
-95
248
637
952
1141
1056
791
622
865
1389
1754
1608
1060
585
387
401
468
473
233
-344
-1103
-1511
-1343
-1014
-968
-1315
-1753
-1942
-1881
-1674
-1337
-1012
-891
-1016
-1085
-885
-485
-156
3
211
423
496
383
325
483
751
883
788
595
405
207
72
45
96
57
-128
-368
-600
-753
-790
-707
-530
-394
-453
-600
-648
-505
-247
35
278
392
375
350
467
734
990
1093
1101
1074
1013
942
894
909
929
856
665
438
201
92
110
251
365
47
-489
-865
-785
-315
-9
-129
-487
-806
-899
-667
-236
58
6
-293
-510
-342
114
443
517
423
279
252
334
478
652
639
493
296
83
-40
-83
-93
-65
-74
-274
-595
-809
-821
-640
-447
-425
-582
-730
-764
-553
-209
17
62
2
-3
174
422
703
1074
1412
1564
1356
989
886
1230
1711
1885
1549
908
374
130
130
260
254
-178
-914
-1519
-1668
-1436
-1247
-1400
-1664
-1811
-1860
-1808
-1660
-1403
-1121
-966
-893
-762
-560
-381
-198
84
471
763
737
523
413
550
751
884
872
678
390
88
-50
-48
-5
-87
-241
-437
-643
-794
-818
-650
-448
-396
-465
-537
-465
-301
-108
163
396
544
534
537
669
855
1030
1143
1199
1180
1045
871
835
907
964
843
572
307
78
-43
-48
91
220
157
-309
-825
-928
-619
-96
119
-137
-587
-870
-811
-373
162
361
83
-307
-453
-181
352
671
680
469
199
97
163
323
456
339
92
-165
-357
-427
-435
-371
-311
-355
-588
-861
-947
-822
-612
-454
-433
-481
-448
-371
-117
154
248
260
333
530
889
1211
1407
1512
1353
1147
1134
1404
1706
1713
1342
862
550
397
268
203
52
-327
-859
-1338
-1449
-1283
-1241
-1430
-1690
-1856
-1861
-1781
-1626
-1341
-1129
-1084
-1071
-944
-652
-364
-137
108
384
533
484
396
485
701
846
844
709
538
370
239
163
132
78
-42
-185
-342
-510
-658
-661
-555
-460
-470
-550
-590
-527
-327
-68
218
331
318
309
456
736
962
1036
1018
1016
1016
961
912
910
889
786
613
476
378
243
35
-109
-140
-65
39
61
-220
-634
-842
-654
-130
209
45
-411
-678
-616
-238
234
385
207
-119
-289
-89
346
626
530
297
35
-17
72
117
130
-9
-207
-372
-479
-547
-573
-601
-588
-584
-635
-743
-810
-784
-676
-459
-305
-227
-155
-51
158
398
486
543
652
877
1129
1343
1528
1618
1562
1315
1146
1311
1591
1668
1380
879
455
205
64
19
-42
-316
-888
-1471
-1674
-1538
-1412
-1504
-1733
-1871
-1907
-1877
-1715
-1439
-1123
-1004
-988
-843
-576
-356
-188
1
346
618
614
461
395
497
661
766
754
658
426
129
-39
-40
22
0
-133
-325
-554
-753
-845
-689
-414
-271
-320
-479
-488
-311
-25
277
498
598
568
560
663
897
1110
1201
1185
1124
1031
929
861
867
869
785
599
368
154
-3
-94
-22
122
198
64
-409
-789
-808
-418
103
235
-105
-545
-716
-513
-15
411
407
28
-368
-443
-89
413
576
393
66
-221
-227
-133
28
42
-118
-366
-581
-688
-701
-646
-619
-601
-627
-746
-844
-784
-600
-371
-182
-151
-193
-174
24
336
625
673
561
538
728
993
1236
1469
1612
1582
1318
1054
1051
1321
1518
1439
1055
564
138
-78
-94
-34
-138
-641
-1251
-1643
-1669
-1517
-1432
-1508
-1668
-1790
-1877
-1756
-1508
-1227
-1016
-905
-780
-636
-454
-317
-80
264
556
710
644
535
494
559
716
874
889
710
377
86
-29
17
86
67
-80
-352
-664
-830
-738
-466
-241
-261
-412
-511
-429
-216
87
404
587
577
511
525
706
953
1088
1131
1107
1004
869
777
772
836
849
702
430
210
112
180
307
191
-121
-455
-578
-423
-206
-177
-347
-546
-648
-551
-334
-130
-90
-245
-378
-309
-52
197
259
180
57
-2
-10
74
164
182
60
-149
-342
-420
-421
-434
-467
-535
-627
-751
-856
-822
-663
-509
-432
-456
-451
-410
-287
-68
157
357
456
496
518
558
689
860
1045
1238
1447
1632
1655
1414
1081
984
1212
1546
1565
1149
566
102
-78
-73
-4
-73
-498
-1144
-1687
-1762
-1479
-1286
-1383
-1645
-1846
-1902
-1828
-1625
-1298
-1022
-927
-917
-808
-560
-312
-105
171
508
745
683
494
451
593
777
874
838
647
374
93
-74
-47
33
-3
-141
-360
-614
-781
-755
-521
-272
-219
-312
-425
-428
-245
66
377
572
577
483
507
670
857
991
1090
1163
1125
982
853
834
922
932
811
615
439
316
242
248
205
-26
-309
-462
-387
-236
-255
-446
-635
-677
-591
-439
-319
-294
-354
-423
-370
-183
13
62
29
-15
-18
9
1
31
48
22
-84
-219
-301
-341
-373
-400
-417
-424
-513
-632
-699
-657
-555
-494
-478
-462
-394
-300
-159
-17
120
272
414
518
619
734
817
916
1078
1324
1631
1803
1640
1231
935
1008
1351
1591
1419
891
297
-120
-199
-72
26
-192
-781
-1413
-1741
-1647
-1429
-1368
-1485
-1674
-1834
-1905
-1789
-1480
-1145
-950
-897
-828
-632
-421
-213
60
408
672
695
551
444
531
726
866
872
725
478
208
35
16
60
57
-68
-265
-519
-724
-756
-605
-397
-298
-342
-445
-459
-342
-126
139
374
486
478
484
582
774
991
1131
1208
1188
1075
952
943
1010
1023
921
728
558
472
387
244
57
-114
-231
-294
-347
-451
-590
-707
-761
-699
-611
-573
-603
-639
-584
-434
-253
-135
-57
-57
-19
72
169
251
261
203
164
147
105
22
-74
-164
-240
-296
-366
-450
-531
-601
-670
-705
-677
-598
-541
-512
-486
-409
-298
-134
74
276
435
508
561
686
869
1034
1178
1408
1673
1773
1563
1186
1030
1236
1565
1645
1315
774
279
-26
-83
-7
-10
-387
-1092
-1684
-1811
-1580
-1410
-1499
-1724
-1925
-2005
-1945
-1688
-1341
-1096
-1032
-1006
-808
-476
-216
-57
173
499
741
744
625
615
683
791
860
862
769
503
205
27
32
25
-35
-155
-348
-589
-801
-846
-681
-489
-446
-521
-554
-480
-324
-107
140
382
487
504
585
789
996
1120
1222
1309
1363
1262
1110
1043
1040
994
887
773
655
490
188
-66
-139
-124
-162
-335
-553
-708
-784
-809
-739
-593
-541
-629
-722
-660
-467
-260
-140
-91
-48
-36
2
90
237
303
241
135
80
59
-20
-121
-191
-227
-301
-433
-552
-590
-600
-653
-707
-724
-716
-671
-618
-505
-365
-266
-236
-57
189
410
530
530
624
783
983
1201
1520
1832
1850
1560
1187
1106
1443
1794
1755
1346
781
327
103
85
167
108
-370
-1123
-1644
-1671
-1414
-1290
-1485
-1765
-1957
-2045
-1954
-1668
-1317
-1103
-1104
-1103
-896
-583
-296
-68
211
480
603
569
519
637
823
907
885
799
663
459
230
111
41
-52
-171
-288
-398
-606
-803
-821
-668
-527
-517
-577
-558
-439
-285
-65
219
444
499
504
658
923
1099
1147
1176
1254
1305
1242
1118
1069
1048
938
783
671
608
518
331
64
-171
-312
-387
-343
-325
-461
-701
-876
-864
-708
-523
-470
-517
-576
-577
-499
-303
-61
51
52
-45
-38
57
139
196
197
180
116
-35
-205
-257
-242
-242
-267
-372
-516
-634
-720
-689
-572
-504
-514
-579
-551
-393
-202
-98
-24
149
386
569
640
628
681
904
1315
1785
1996
1728
1211
929
1194
1748
1988
1655
985
383
78
100
237
263
-81
-807
-1450
-1663
-1498
-1332
-1372
-1577
-1790
-1937
-2017
-1888
-1526
-1157
-968
-942
-901
-724
-531
-272
107
499
685
600
429
435
613
820
902
848
663
391
147
1
10
4
-76
-223
-409
-626
-832
-868
-732
-508
-412
-469
-546
-541
-399
-108
223
490
571
547
570
753
1010
1198
1314
1312
1279
1177
1092
1057
1077
1027
878
742
628
536
465
294
5
-197
-304
-260
-196
-343
-608
-797
-814
-690
-543
-496
-594
-679
-672
-518
-304
-145
-107
-144
-172
-109
21
84
108
83
11
-28
-95
-186
-241
-288
-326
-361
-438
-571
-675
-703
-669
-582
-523
-566
-596
-546
-356
-88
34
37
105
271
533
695
731
802
1033
1414
1770
1859
1593
1190
1035
1344
1783
1894
1436
741
260
124
232
300
141
-348
-1027
-1496
-1516
-1282
-1180
-1382
-1678
-1801
-1799
-1752
-1600
-1356
-1097
-955
-913
-787
-612
-440
-203
125
498
649
513
335
376
603
782
804
688
483
259
57
-11
5
-42
-153
-335
-494
-662
-762
-746
-615
-457
-413
-453
-456
-364
-202
47
330
535
594
584
662
864
1094
1231
1295
1286
1195
1074
1004
1056
1108
1010
835
682
623
538
328
133
9
-37
-113
-238
-380
-531
-652
-702
-615
-504
-537
-701
-817
-746
-546
-374
-310
-317
-353
-350
-254
-89
80
127
12
-86
-82
-56
-59
-146
-248
-283
-322
-412
-500
-566
-592
-614
-591
-540
-477
-459
-475
-400
-275
-122
10
112
250
380
464
508
641
918
1257
1598
1730
1587
1247
1041
1250
1712
1954
1658
1025
471
269
317
378
287
-71
-684
-1277
-1491
-1325
-1080
-1143
-1469
-1748
-1832
-1757
-1600
-1338
-1076
-937
-947
-906
-712
-411
-172
52
319
521
544
411
350
479
691
803
737
550
302
97
-6
-10
39
-45
-244
-465
-683
-799
-774
-626
-469
-456
-551
-604
-540
-349
-83
170
382
467
460
507
718
983
1152
1236
1280
1270
1185
1079
1064
1138
1146
1004
794
574
454
430
446
384
112
-202
-431
-416
-277
-301
-481
-681
-828
-844
-764
-658
-613
-635
-686
-668
-494
-289
-194
-146
-139
-80
-19
-8
25
21
21
-19
-92
-182
-274
-347
-393
-362
-354
-446
-579
-707
-688
-565
-432
-355
-362
-372
-349
-215
-34
145
329
424
487
547
663
906
1216
1562
1759
1661
1320
1046
1207
1671
1967
1705
1059
532
314
305
326
258
-55
-649
-1269
-1526
-1355
-1154
-1262
-1576
-1765
-1786
-1758
-1717
-1516
-1170
-995
-970
-923
-725
-466
-283
-52
289
545
541
375
324
512
722
807
769
637
421
154
26
62
72
-41
-205
-364
-553
-757
-852
-711
-478
-411
-492
-583
-539
-370
-147
171
452
571
487
474
692
998
1202
1249
1283
1332
1261
1131
1104
1176
1200
1057
836
682
602
496
374
177
12
-178
-359
-403
-434
-539
-720
-854
-851
-784
-736
-753
-771
-736
-666
-562
-428
-312
-234
-197
-182
-76
32
100
98
47
42
40
-35
-112
-184
-248
-317
-372
-401
-436
-493
-588
-643
-597
-519
-436
-393
-341
-234
-150
-85
-2
226
460
593
619
600
749
1039
1451
1785
1803
1407
976
1025
1525
1995
1872
1238
586
269
231
275
292
53
-515
-1233
-1607
-1453
-1178
-1225
-1546
-1760
-1754
-1723
-1720
-1564
-1287
-1061
-987
-890
-675
-453
-338
-186
209
611
701
510
399
535
750
873
852
770
587
314
93
31
48
-27
-182
-321
-491
-717
-903
-872
-635
-485
-504
-574
-561
-460
-265
7
318
503
495
490
655
963
1147
1224
1300
1359
1329
1210
1139
1181
1204
1082
865
686
536
390
284
250
148
-113
-422
-575
-503
-448
-542
-712
-818
-843
-868
-816
-694
-582
-579
-634
-614
-465
-301
-188
-106
-37
4
-46
-74
-18
52
71
7
-99
-206
-271
-320
-329
-291
-321
-444
-574
-610
-493
-380
-316
-298
-303
-224
-132
-12
110
265
381
503
561
618
745
963
1352
1704
1790
1415
926
869
1377
1963
1953
1308
596
214
154
244
344
224
-350
-1182
-1696
-1544
-1153
-1135
-1483
-1769
-1811
-1783
-1773
-1634
-1332
-1097
-1057
-997
-774
-515
-381
-271
92
563
723
518
318
418
685
866
919
851
653
331
91
85
150
98
-74
-236
-420
-664
-859
-803
-562
-415
-498
-610
-576
-449
-305
-81
288
527
548
509
645
916
1113
1208
1279
1383
1343
1168
1071
1129
1181
1082
859
656
483
231
4
-12
145
229
-12
-502
-875
-898
-651
-321
-191
-416
-841
-1130
-1037
-586
-162
-94
-366
-654
-720
-517
-132
158
217
30
-248
-351
-253
-66
52
-10
-147
-310
-473
-548
-480
-335
-221
-238
-413
-540
-530
-411
-229
-28
96
61
-29
-32
204
505
641
610
601
733
971
1311
1637
1724
1380
919
902
1444
1985
1828
1137
507
286
267
250
258
127
-439
-1258
-1706
-1461
-1023
-1098
-1559
-1859
-1811
-1739
-1696
-1508
-1156
-992
-1115
-1111
-779
-395
-294
-272
57
499
601
397
289
508
747
801
771
766
638
334
124
140
201
60
-179
-273
-345
-575
-832
-798
-502
-325
-438
-570
-490
-333
-195
24
357
576
523
442
621
950
1134
1126
1162
1275
1232
1025
913
1015
1116
981
725
524
389
172
-23
14
169
120
-285
-672
-732
-538
-362
-381
-449
-558
-708
-793
-635
-303
-127
-263
-477
-487
-311
-143
-80
-7
3
-80
-200
-244
-115
-15
-60
-220
-323
-366
-423
-486
-470
-340
-295
-434
-600
-613
-427
-197
-78
-58
-52
-70
-7
207
501
680
598
452
440
681
1017
1392
1725
1779
1379
756
583
1158
1918
2009
1306
464
10
-6
88
233
261
-244
-1175
-1873
-1746
-1166
-954
-1319
-1723
-1821
-1788
-1813
-1636
-1177
-829
-882
-1035
-871
-505
-302
-225
83
561
748
466
197
304
621
790
813
801
660
337
1
-19
149
183
-2
-188
-295
-527
-769
-766
-434
-169
-240
-466
-500
-331
-163
40
361
598
595
443
510
814
1041
1071
1071
1178
1191
1026
851
853
988
947
755
570
424
210
-64
-118
46
134
-120
-508
-689
-603
-475
-429
-386
-397
-499
-661
-653
-371
-152
-143
-283
-343
-278
-198
-130
-73
-16
-61
-171
-253
-202
-146
-185
-290
-384
-435
-504
-586
-580
-480
-401
-421
-538
-558
-458
-286
-145
-75
-8
52
84
196
382
608
707
655
638
674
778
894
1177
1536
1769
1514
857
481
768
1515
1833
1420
635
30
-208
-190
54
266
-26
-875
-1733
-1849
-1322
-977
-1150
-1463
-1580
-1630
-1737
-1656
-1211
-770
-697
-826
-725
-460
-346
-315
-19
540
837
601
255
275
515
693
761
827
773
467
62
-33
113
147
6
-98
-105
-283
-655
-837
-558
-167
-119
-292
-363
-286
-224
-136
180
572
670
474
400
627
883
948
938
1036
1107
949
729
705
824
804
635
462
391
216
-126
-327
-228
-55
-107
-367
-613
-680
-673
-575
-375
-223
-308
-561
-652
-445
-145
-32
-107
-188
-178
-166
-145
-57
26
-5
-148
-237
-192
-136
-183
-309
-372
-356
-392
-446
-505
-506
-455
-441
-413
-353
-283
-252
-227
-75
105
237
236
218
321
511
674
736
746
757
749
710
705
833
1041
1275
1484
1443
963
381
292
885
1535
1458
678
-110
-397
-345
-149
55
45
-507
-1422
-1948
-1620
-1018
-891
-1243
-1555
-1642
-1699
-1716
-1419
-851
-549
-703
-833
-653
-361
-226
-53
430
890
891
456
194
391
730
938
953
857
602
145
-102
19
231
243
41
-131
-317
-601
-817
-649
-209
-11
-173
-405
-457
-368
-233
38
461
687
524
294
356
682
907
943
991
1054
965
708
570
714
873
788
496
273
104
-93
-259
-280
-136
-138
-382
-690
-808
-733
-616
-447
-288
-273
-435
-620
-582
-297
-3
78
9
-100
-156
-133
-70
90
182
119
-77
-214
-226
-200
-153
-166
-208
-288
-421
-496
-488
-373
-260
-233
-289
-360
-318
-204
-69
70
211
284
261
220
305
506
665
725
712
719
708
636
592
658
855
1046
1201
1225
936
398
112
448
1164
1428
869
29
-447
-407
-177
33
131
-203
-1031
-1789
-1827
-1191
-755
-931
-1355
-1603
-1672
-1688
-1518
-979
-520
-483
-685
-683
-375
-130
32
378
841
1004
671
297
328
657
907
934
868
631
251
-62
-19
173
180
-11
-202
-287
-455
-714
-797
-526
-205
-204
-360
-445
-420
-357
-175
241
596
619
367
296
553
860
953
980
1048
1038
837
621
635
754
728
522
339
222
24
-280
-425
-324
-187
-245
-455
-642
-771
-798
-684
-363
-68
-141
-465
-631
-403
-32
194
250
150
-39
-181
-147
93
298
251
13
-221
-249
-182
-140
-153
-180
-203
-260
-367
-446
-431
-378
-290
-196
-139
-180
-263
-304
-195
49
228
246
145
128
275
471
611
634
599
569
537
519
550
624
722
865
1086
1094
745
282
184
662
1199
1197
652
20
-282
-255
-103
93
76
-399
-1154
-1632
-1439
-961
-772
-1039
-1383
-1511
-1543
-1466
-1149
-675
-417
-493
-621
-474
-162
36
226
533
833
843
533
299
404
635
764
770
674
447
93
-157
-118
55
66
-127
-340
-546
-765
-865
-712
-413
-232
-359
-536
-568
-420
-210
46
381
588
531
351
418
696
917
984
982
986
888
698
586
624
717
640
413
224
93
-106
-318
-374
-266
-178
-324
-534
-678
-645
-531
-359
-172
-99
-215
-359
-278
-27
220
291
208
88
46
51
142
258
253
90
-113
-194
-148
-104
-120
-169
-242
-283
-387
-442
-412
-356
-318
-310
-318
-328
-315
-316
-263
-137
-12
32
-24
-40
90
265
377
371
389
421
416
391
388
494
623
769
957
1111
1000
550
263
557
1236
1532
1068
334
-58
-37
110
265
336
60
-704
-1432
-1483
-961
-609
-811
-1213
-1386
-1404
-1447
-1332
-906
-482
-482
-684
-643
-339
-60
32
253
641
802
571
248
240
464
614
613
571
465
157
-177
-251
-126
-85
-227
-380
-450
-607
-847
-886
-617
-318
-281
-438
-453
-349
-248
-130
145
480
558
411
389
605
835
899
859
973
1039
885
639
563
667
690
516
330
200
37
-212
-365
-321
-218
-293
-477
-568
-566
-527
-502
-321
-98
-26
-124
-177
-60
153
273
298
320
293
202
154
230
312
306
143
-18
-57
-49
-68
-108
-171
-228
-306
-424
-485
-492
-458
-452
-447
-433
-419
-420
-416
-345
-212
-117
-90
-122
-103
52
173
232
217
212
271
288
298
340
431
497
628
911
1238
1228
752
329
489
1233
1713
1418
705
179
77
144
330
532
378
-399
-1258
-1451
-947
-518
-728
-1166
-1391
-1411
-1492
-1457
-1090
-654
-592
-778
-732
-421
-217
-198
19
493
808
583
120
20
294
603
691
611
416
66
-299
-324
-89
29
-177
-473
-573
-622
-737
-800
-621
-350
-298
-438
-465
-345
-201
-82
151
483
638
549
456
612
844
929
929
980
1073
936
682
596
697
743
592
387
275
132
-141
-359
-294
-143
-220
-446
-619
-559
-433
-395
-311
-160
-53
-93
-113
55
292
341
272
234
326
414
358
279
266
268
172
62
13
-21
-112
-271
-384
-373
-375
-505
-654
-708
-672
-660
-689
-668
-592
-564
-605
-603
-472
-331
-283
-291
-254
-127
-19
29
111
226
306
316
368
478
593
605
561
654
948
1322
1536
1300
804
556
836
1439
1713
1372
732
278
162
263
469
480
82
-628
-1191
-1194
-855
-737
-993
-1313
-1492
-1522
-1495
-1345
-1065
-900
-891
-859
-681
-460
-319
-177
123
445
541
370
211
218
334
508
573
489
277
-9
-161
-130
-78
-175
-312
-364
-410
-588
-826
-839
-612
-374
-325
-401
-407
-366
-267
-60
272
596
634
525
500
658
868
993
1075
1135
1094
887
723
702
770
766
626
458
284
44
-179
-236
-179
-149
-288
-512
-650
-661
-550
-411
-242
-140
-163
-168
-95
111
314
436
511
531
510
488
467
460
439
352
212
81
-26
-144
-274
-405
-521
-611
-716
-824
-893
-927
-919
-904
-885
-888
-911
-884
-802
-643
-513
-418
-340
-285
-154
-6
130
259
361
443
508
577
676
755
779
788
785
786
796
888
1112
1392
1577
1328
824
536
760
1342
1633
1338
721
188
-39
10
216
313
-10
-682
-1318
-1442
-1196
-1035
-1115
-1336
-1550
-1689
-1687
-1510
-1180
-959
-888
-834
-693
-540
-406
-239
46
384
543
483
326
261
306
459
597
618
467
155
-76
-131
-105
-147
-229
-293
-358
-529
-749
-802
-624
-397
-346
-368
-336
-290
-216
-93
193
487
595
586
617
784
952
1031
1105
1241
1273
1142
960
858
856
824
698
539
366
133
-112
-258
-268
-280
-389
-568
-651
-646
-598
-554
-440
-270
-185
-179
-146
0
196
356
393
411
461
447
385
344
335
287
148
-24
-173
-270
-415
-588
-694
-767
-850
-992
-1089
-1095
-1028
-1013
-1027
-984
-871
-725
-613
-489
-332
-176
-65
69
237
397
533
618
690
807
905
971
1007
1013
982
976
946
880
842
780
781
886
1073
1187
992
554
227
334
767
1046
824
302
-148
-370
-331
-160
-52
-291
-825
-1317
-1454
-1252
-1083
-1112
-1258
-1411
-1506
-1474
-1322
-1069
-880
-762
-674
-571
-441
-334
-185
39
330
488
424
302
265
344
500
621
587
463
193
22
40
46
-8
-144
-206
-228
-332
-504
-567
-443
-307
-280
-304
-260
-201
-99
93
358
586
636
621
706
930
1124
1161
1131
1109
1079
1027
978
939
867
694
486
358
281
135
-74
-229
-305
-383
-500
-637
-683
-710
-757
-746
-710
-604
-515
-445
-352
-253
-138
-30
113
261
327
296
233
216
229
222
133
-6
-129
-281
-406
-533
-613
-656
-763
-868
-914
-913
-915
-907
-834
-697
-561
-459
-386
-255
-55
150
311
463
595
698
775
895
1043
1150
1170
1123
1094
1081
1066
995
894
785
642
501
373
287
286
328
398
423
265
-24
-209
-79
278
471
299
-88
-390
-476
-384
-200
-152
-353
-776
-1162
-1234
-1064
-883
-852
-964
-1125
-1183
-1155
-1010
-761
-540
-431
-465
-476
-383
-205
-24
176
367
395
292
170
179
328
465
497
420
285
112
8
15
76
103
14
-117
-196
-266
-334
-313
-182
-12
39
-17
-35
61
249
432
601
688
722
737
756
868
999
1000
923
858
799
755
648
529
462
363
183
-44
-205
-331
-432
-529
-634
-682
-787
-924
-1009
-965
-833
-711
-642
-599
-485
-378
-246
-96
96
273
326
318
343
439
447
416
364
293
201
60
-74
-157
-210
-308
-441
-585
-634
-674
-689
-668
-603
-525
-485
-450
-356
-160
54
200
285
385
513
637
745
869
985
1023
951
871
846
818
796
737
611
452
251
52
-69
-122
-181
-247
-366
-487
-548
-529
-422
-254
-65
-34
-130
-207
-130
137
378
450
378
221
108
61
105
171
107
-116
-388
-554
-597
-566
-570
-629
-751
-860
-918
-875
-739
-617
-547
-512
-487
-413
-266
-125
46
201
298
339
356
407
484
552
572
535
488
410
353
318
263
193
112
58
24
-16
-82
-138
-142
-98
-60
-37
-12
2
44
120
231
337
363
349
343
371
391
384
372
354
282
165
52
-22
-65
-158
-277
-353
-401
-444
-554
-654
-680
-666
-647
-622
-533
-441
-381
-319
-234
-61
112
235
312
383
453
489
522
528
548
505
437
364
277
222
106
-6
-98
-174
-259
-324
-378
-405
-390
-410
-360
-288
-216
-164
-127
-36
85
200
289
362
423
481
506
514
545
576
570
527
464
396
316
207
104
29
-69
-164
-267
-356
-387
-384
-377
-404
-469
-488
-437
-292
-119
11
38
-69
-138
-31
241
477
459
295
145
101
220
353
406
261
-6
-238
-282
-151
-63
-147
-341
-509
-578
-542
-484
-385
-325
-312
-323
-347
-289
-199
-89
20
143
242
242
176
176
270
388
473
420
337
248
212
216
201
181
119
37
-41
-116
-154
-178
-184
-192
-241
-297
-364
-394
-394
-350
-297
-322
-344
-342
-290
-206
-170
-145
-138
-93
-15
43
76
92
102
134
160
191
205
197
191
200
273
365
408
307
164
144
247
455
494
396
246
117
110
146
232
207
87
-64
-184
-168
-111
-74
-96
-174
-277
-328
-297
-193
-64
-27
-39
-72
-74
-45
26
98
163
192
121
61
46
67
96
131
119
86
16
-54
-56
-7
12
-8
-76
-140
-165
-176
-125
-73
-21
-11
-23
-26
36
122
213
322
411
484
479
428
413
468
588
622
539
383
220
93
51
67
63
-96
-352
-541
-598
-545
-516
-533
-595
-671
-715
-709
-611
-460
-354
-294
-241
-180
-119
-48
57
191
346
385
334
265
213
233
283
291
230
81
-72
-161
-208
-233
-294
-390
-464
-528
-588
-599
-593
-559
-522
-509
-459
-445
-404
-353
-249
-109
-35
23
38
111
211
299
362
400
406
365
348
386
445
476
476
447
371
312
297
358
437
461
421
338
314
301
319
349
364
290
215
163
174
222
203
119
31
1
-14
-48
-77
-90
-126
-193
-245
-288
-271
-273
-270
-271
-268
-299
-346
-311
-211
-116
-102
-150
-221
-212
-155
-52
9
1
-59
-108
-66
-8
68
68
37
32
22
49
58
63
72
85
99
109
113
110
176
299
424
476
391
298
303
402
552
622
567
425
279
207
215
232
178
-4
-180
-296
-375
-426
-484
-517
-569
-635
-685
-708
-684
-600
-498
-424
-368
-366
-335
-249
-84
87
174
196
155
141
158
211
265
272
197
103
5
-76
-132
-171
-203
-291
-364
-488
-606
-638
-611
-539
-488
-490
-523
-504
-427
-280
-153
-13
49
111
204
296
399
454
540
609
648
633
602
610
632
681
691
618
510
379
309
319
339
351
257
126
14
-17
6
42
47
-3
-64
-104
-96
-56
-9
6
11
-25
-64
-91
-50
3
28
-5
-104
-189
-241
-234
-219
-206
-226
-291
-360
-387
-372
-344
-298
-272
-235
-232
-260
-253
-190
-67
35
85
100
78
89
155
236
337
387
390
369
366
397
443
481
479
492
503
518
522
446
375
328
350
411
423
367
249
104
0
-16
26
41
-27
-158
-302
-388
-408
-377
-356
-366
-416
-491
-559
-589
-535
-471
-428
-414
-417
-457
-479
-411
-344
-300
-284
-281
-300
-306
-294
-291
-252
-246
-233
-240
-246
-273
-312
-296
-266
-211
-201
-250
-290
-311
-265
-180
-98
-33
-24
-19
0
59
159
271
353
392
412
422
422
463
528
581
600
573
529
496
473
494
503
461
403
343
281
239
228
222
204
144
63
12
10
19
35
50
37
14
-22
-29
-25
-7
9
3
-15
-43
-65
-65
-55
-37
-65
-104
-148
-198
-208
-194
-193
-245
-281
-328
-340
-306
-266
-251
-243
-242
-230
-184
-114
-45
23
90
116
159
210
281
347
388
397
385
389
415
455
494
492
457
401
346
339
329
327
283
224
156
81
47
34
3
-60
-151
-227
-260
-239
-250
-287
-337
-406
-421
-418
-385
-355
-356
-386
-411
-403
-353
-324
-316
-328
-348
-355
-348
-317
-298
-277
-291
-324
-325
-315
-305
-294
-268
-244
-255
-250
-252
-238
-213
-179
-117
-83
-77
-65
-31
26
79
124
172
204
231
239
262
312
381
416
419
383
365
380
415
446
435
412
351
316
308
316
315
281
239
193
154
136
115
95
97
80
46
17
0
13
38
72
70
47
23
18
31
31
40
32
14
-24
-55
-59
-47
-59
-82
-97
-126
-150
-169
-177
-183
-170
-169
-222
-243
-245
-221
-169
-139
-127
-117
-135
-120
-55
36
110
131
150
161
210
268
301
351
371
377
370
377
394
391
377
350
342
316
277
227
184
146
109
63
10
-41
-87
-144
-217
-239
-246
-247
-289
-347
-385
-404
-397
-381
-355
-343
-367
-394
-387
-368
-320
-292
-277
-299
-319
-292
-272
-236
-207
-218
-231
-234
-231
-225
-219
-225
-214
-202
-184
-184
-204
-181
-152
-108
-64
-22
20
47
74
118
179
234
282
301
320
350
369
370
364
362
358
356
328
321
307
280
245
217
192
160
134
105
90
82
98
110
99
77
45
19
32
65
82
66
40
27
25
18
54
85
79
50
13
23
39
18
-8
-21
-36
-46
-67
-97
-120
-123
-141
-142
-113
-126
-141
-166
-149
-108
-89
-103
-93
-76
-54
-31
-31
12
23
41
40
68
122
158
179
179
196
201
214
204
232
243
258
250
201
191
161
140
129
118
101
76
44
14
-23
-35
-54
-86
-126
-176
-190
-217
-233
-262
-269
-272
-302
-319
-341
-334
-322
-309
-311
-311
-310
-313
-296
-268
-238
-228
-218
-219
-209
-188
-174
-149
-131
-134
-120
-120
-104
-85
-84
-78
-83
-65
-55
-61
-33
-11
16
27
41
77
108
141
189
223
251
282
284
317
342
359
374
379
350
333
310
282
265
248
243
219
184
159
148
146
152
159
144
113
97
77
59
81
83
71
44
-5
-19
-9
16
8
18
3
-26
-39
-36
-7
-3
-12
-39
-61
-84
-110
-129
-162
-181
-198
-205
-212
-232
-247
-251
-226
-193
-144
-134
-135
-106
-62
13
55
72
63
66
77
113
163
168
162
141
129
138
162
181
181
166
147
117
106
119
119
122
93
64
40
2
-29
-35
-22
-40
-83
-117
-147
-150
-148
-151
-169
-219
-264
-312
-308
-292
-287
-286
-290
-296
-300
-271
-242
-203
-158
-115
-86
-73
-63
-46
-11
22
63
68
62
53
36
44
52
76
84
65
37
4
5
11
9
-5
-35
-40
-49
-24
-1
17
46
63
90
119
150
185
239
279
304
306
308
323
322
335
324
316
277
242
214
185
149
135
118
71
26
-14
-37
-26
-16
-29
-64
-85
-86
-88
-66
-56
-36
-54
-60
-52
-36
-25
-12
-17
-29
-53
-74
-71
-76
-106
-120
-143
-182
-193
-223
-229
-235
-231
-235
-247
-268
-246
-205
-160
-138
-127
-120
-88
-41
5
65
94
106
109
126
156
179
195
212
202
205
207
197
193
170
161
140
110
82
40
38
20
-4
-32
-78
-114
-127
-124
-122
-127
-153
-171
-198
-193
-165
-160
-137
-131
-143
-151
-125
-99
-69
-61
-69
-84
-88
-69
-49
-28
7
30
37
24
38
63
99
114
116
135
131
136
131
133
155
160
149
134
119
115
88
69
55
43
25
5
-3
5
21
22
18
9
-2
-1
12
30
42
55
41
45
49
55
83
89
97
90
88
87
99
96
106
98
62
37
-1
-16
-16
-22
-40
-87
-122
-125
-145
-128
-115
-127
-139
-155
-164
-150
-135
-127
-125
-116
-108
-98
-89
-66
-56
-44
-39
-52
-53
-49
-34
-51
-54
-57
-59
-66
-72
-73
-76
-73
-72
-51
-26
-23
-17
-11
9
42
59
87
117
130
143
156
187
210
214
201
193
197
200
207
207
189
168
123
102
105
70
44
23
12
-10
-37
-70
-105
-110
-116
-133
-144
-161
-183
-184
-152
-129
-128
-120
-121
-102
-80
-54
-17
0
22
29
43
61
93
113
129
127
123
126
113
112
98
88
81
57
28
11
0
-6
-22
-33
-51
-67
-73
-92
-103
-88
-73
-70
-65
-59
-67
-69
-49
-10
11
7
3
-2
-3
7
18
15
11
18
24
21
16
17
15
15
18
8
-7
-15
-15
-16
-20
-21
-17
-21
-40
-34
-30
-22
-16
-21
-8
-18
-22
-22
-22
-10
6
14
12
12
12
14
17
14
16
4
-26
-48
-59
-72
-67
-71
-74
-80
-89
-80
-69
-57
-37
-14
-17
-6
2
25
35
49
58
52
44
39
48
74
87
93
96
73
79
72
74
95
102
89
67
36
19
25
8
8
-21
-40
-63
-78
-79
-94
-76
-87
-81
-75
-80
-68
-59
-37
-15
8
11
13
22
32
35
54
76
95
102
84
83
105
117
125
123
109
92
84
76
79
71
46
32
10
-15
-24
-31
-42
-51
-63
-74
-94
-92
-87
-88
-88
-96
-103
-104
-98
-96
-83
-72
-65
-50
-39
-25
-16
6
27
35
39
33
35
41
52
55
60
49
37
32
27
21
12
6
0
-17
-25
-31
-32
-40
-36
-29
-36
-42
-61
-57
-56
-27
-19
-13
-14
-18
-13
-8
9
7
11
-14
-27
-13
-16
-23
-32
-46
-52
-62
-85
-89
-97
-100
-94
-92
-101
-109
-100
-83
-48
-32
-24
-9
3
22
40
77
96
106
103
108
123
127
135
141
154
149
148
142
132
123
124
112
79
67
58
42
22
2
-19
-27
-34
-34
-46
-32
-27
-21
-9
8
22
41
69
87
117
132
133
142
140
146
160
167
149
133
123
102
86
81
71
24
-15
-47
-73
-75
-103
-114
-132
-146
-169
-177
-169
-166
-163
-161
-162
-162
-153
-146
-122
-110
-100
-88
-86
-69
-60
-43
-38
-47
-48
-49
-36
-33
-39
-46
-50
-30
-22
-29
-26
-34
-30
-15
-9
-6
-14
-10
-4
11
23
19
26
21
24
37
48
60
64
59
57
59
59
60
54
43
35
13
3
-1
-11
-19
-16
-25
-31
-46
-52
-52
-45
-44
-43
-51
-65
-53
-52
-27
-18
-26
-34
-43
-29
-16
-14
-11
-8
-18
-19
-10
18
42
58
71
91
102
116
119
137
150
150
140
129
120
114
115
119
113
103
92
73
61
57
59
50
45
40
21
19
11
18
18
21
25
13
26
28
25
34
40
47
55
48
34
23
15
16
6
-10
-35
-59
-86
-91
-103
-110
-126
-149
-167
-185
-190
-183
-187
-186
-186
-186
-173
-167
-161
-143
-126
-108
-86
-70
-57
-40
-17
-5
11
18
29
25
28
39
31
34
19
-2
-2
-7
1
4
6
9
7
10
10
21
25
18
25
31
40
39
46
53
54
58
58
53
53
59
55
75
81
71
68
62
52
39
31
24
18
4
-16
-38
-57
-73
-74
-69
-73
-67
-68
-74
-53
-27
-16
-6
-4
4
17
22
33
45
62
64
56
54
62
74
87
96
100
84
87
91
96
114
105
110
105
91
78
68
74
86
95
99
75
62
58
57
57
57
51
34
22
8
5
10
9
-2
-20
-44
-39
-43
-37
-23
-39
-46
-68
-80
-80
-80
-75
-84
-91
-102
-121
-134
-130
-116
-110
-129
-134
-141
-143
-136
-141
-124
-125
-127
-135
-136
-118
-111
-88
-76
-68
-47
-36
-21
5
29
48
54
71
83
88
95
97
108
112
109
95
77
74
69
69
61
49
38
29
28
25
27
30
19
20
17
18
14
21
19
23
37
31
41
22
21
26
18
22
11
-7
-19
-35
-41
-47
-39
-46
-55
-64
-80
-87
-95
-92
-91
-90
-84
-89
-81
-80
-57
-39
-28
-18
-23
-19
-1
25
46
62
64
70
82
82
96
106
111
113
111
118
118
119
120
121
130
118
115
111
103
108
92
91
97
94
89
84
72
57
47
37
26
34
14
7
3
-17
-27
-47
-65
-82
-92
-93
-109
-117
-125
-130
-124
-125
-121
-117
-126
-127
-128
-124
-118
-125
-122
-130
-119
-104
-96
-103
-91
-78
-73
-45
-42
-34
-22
-24
-20
-16
-9
-1
-1
11
20
26
33
35
54
73
82
79
78
81
84
87
90
89
87
78
74
67
53
61
45
34
25
7
14
4
5
0
1
-23
-33
-43
-53
-47
-51
-59
-61
-64
-70
-54
-65
-57
-59
-50
-44
-59
-49
-53
-53
-56
-46
-44
-43
-41
-41
-28
-33
-22
-23
-12
0
4
19
22
30
41
42
52
67
82
101
109
121
128
130
138
152
155
160
162
160
146
150
144
135
139
127
125
117
100
88
76
62
51
39
26
17
7
0
-9
-18
-34
-47
-51
-51
-59
-66
-68
-75
-86
-96
-97
-118
-114
-123
-125
-128
-140
-135
-141
-142
-152
-145
-142
-143
-137
-138
-140
-138
-123
-110
-98
-98
-87
-75
-53
-35
-24
-3
14
29
38
43
57
66
68
72
77
88
88
90
88
81
81
79
76
69
69
71
72
72
71
68
69
58
61
59
55
44
38
32
24
19
13
10
3
8
-14
-23
-28
-28
-30
-33
-46
-59
-67
-69
-68
-64
-68
-77
-75
-74
-65
-66
-65
-68
-64
-51
-34
-21
-15
-9
-13
-9
6
16
27
32
38
42
47
44
65
65
68
68
60
65
57
55
55
49
46
44
47
58
63
57
63
68
67
65
60
76
75
70
74
57
52
55
41
31
24
26
4
-15
-17
-34
-36
-43
-51
-52
-62
-71
-74
-75
-68
-78
-79
-83
-78
-79
-85
-81
-80
-79
-77
-70
-67
-57
-57
-56
-55
-41
-33
-26
-23
-23
-26
-25
-20
-14
3
-3
-3
-4
-2
20
30
35
41
51
63
67
73
78
89
90
89
96
96
92
92
86
77
68
57
38
28
16
4
-3
-10
-26
-41
-53
-56
-69
-67
-73
-78
-83
-98
-99
-114
-119
-113
-113
-109
-112
-116
-116
-102
-96
-95
-88
-87
-82
-81
-63
-58
-51
-39
-27
-15
-16
7
13
20
33
26
40
48
65
79
81
100
110
119
126
120
122
116
121
133
130
129
123
124
118
113
113
117
109
107
100
93
84
73
63
60
51
58
59
51
41
19
14
-3
-2
-10
-23
-38
-53
-56
-59
-70
-80
-81
-85
-86
-89
-95
-105
-102
-90
-77
-79
-81
-85
-90
-79
-66
-65
-61
-56
-60
-46
-37
-25
-19
-11
-5
0
7
9
11
18
22
26
23
21
17
6
10
15
25
17
17
15
33
33
34
44
39
38
41
51
45
46
48
39
25
26
34
35
29
17
15
1
-9
-13
-24
-32
-48
-57
-72
-78
-84
-98
-107
-105
-112
-119
-120
-115
-103
-94
-84
-87
-74
-77
-63
-53
-41
-28
-26
-18
-14
-8
-4
8
23
29
48
48
61
72
71
89
98
96
109
106
105
105
91
100
98
99
104
98
95
84
83
87
78
77
79
70
66
63
60
52
42
37
38
26
23
14
8
-2
-1
-9
-23
-29
-37
-37
-48
-47
-64
-63
-63
-60
-60
-69
-66
-68
-63
-66
-65
-60
-59
-63
-58
-56
-49
-44
-50
-39
-35
-38
-29
-27
-11
-1
5
8
0
7
15
16
19
16
21
23
16
21
22
17
7
2
4
5
15
10
14
15
27
31
44
59
67
70
58
55
49
46
39
30
28
25
17
8
-11
-12
-25
-34
-37
-54
-62
-78
-85
-94
-106
-106
-113
-118
-119
-123
-120
-119
-124
-129
-125
-121
-111
-91
-77
-61
-47
-31
-28
-14
-4
6
22
27
48
45
46
56
66
76
77
85
89
88
94
102
110
107
104
105
106
114
122
119
121
117
108
106
102
96
93
89
82
61
63
47
36
24
-2
-3
-19
-22
-37
-41
-50
-45
-45
-58
-59
-63
-57
-56
-55
-64
-67
-59
-54
-36
-43
-46
-41
-32
-27
-24
-9
-5
-12
-12
-14
-20
-12
-24
-19
-19
-16
-13
-18
-10
-16
-21
-9
-10
0
5
9
5
16
22
21
18
19
26
30
30
36
32
25
27
23
17
12
17
10
11
14
18
7
10
15
6
-1
-4
-8
-5
-10
-16
-26
-32
-37
-50
-60
-60
-70
-67
-72
-73
-80
-88
-90
-92
-96
-95
-96
-99
-86
-87
-76
-73
-69
-67
-63
-48
-33
-15
-9
2
19
32
51
62
78
96
102
109
110
123
121
119
118
120
116
107
107
102
112
113
113
99
85
80
75
79
68
67
61
53
48
44
42
33
30
22
12
9
1
-9
-19
-32
-44
-57
-66
-73
-86
-83
-88
-91
-93
-95
-100
-101
-100
-85
-85
-83
-66
-60
-47
-41
-32
-32
-15
-5
8
17
26
32
36
41
38
45
40
35
30
25
17
14
18
12
8
4
0
3
10
1
-7
8
6
8
24
9
14
22
20
28
35
32
35
35
31
26
23
8
9
9
0
-2
0
-10
-20
-28
-40
-38
-39
-41
-41
-50
-54
-58
-57
-55
-64
-65
-75
-76
-73
-87
-85
-81
-84
-74
-68
-57
-55
-52
-50
-48
-41
-33
-26
-25
-14
-13
-1
1
3
11
21
31
42
60
58
73
79
84
87
97
106
108
109
111
115
125
118
116
127
114
114
95
92
85
62
55
41
26
16
1
-9
-13
-24
-23
-27
-33
-31
-47
-51
-52
-52
-60
-57
-69
-68
-70
-73
-66
-71
-60
-62
-57
-58
-49
-42
-37
-20
-16
-7
-4
4
4
0
9
16
20
31
31
32
31
33
35
35
37
26
18
13
14
10
8
-1
-6
-11
-13
-9
-10
-13
-12
-17
-13
-8
-2
2
-3
-3
-3
2
3
-6
3
5
12
19
9
6
2
-2
4
-3
-12
-18
-32
-31
-39
-52
-55
-63
-74
-75
-72
-71
-66
-68
-57
-56
-59
-55
-42
-25
-17
-9
-6
2
8
6
7
13
16
28
26
29
35
38
39
37
41
45
44
49
56
52
60
53
49
53
47
53
47
55
48
58
72
62
72
62
63
66
63
62
48
38
23
23
13
1
-11
-22
-32
-43
-56
-60
-63
-70
-70
-76
-80
-77
-74
-70
-58
-49
-39
-38
-37
-29
-28
-18
-10
-14
-4
-4
-1
11
5
10
3
10
29
24
29
38
39
50
49
48
47
47
51
45
42
39
37
33
28
29
30
31
30
36
36
31
32
25
19
17
13
11
11
4
0
-6
-11
-16
-12
-19
-19
-21
-30
-33
-37
-38
-38
-42
-46
-51
-61
-50
-62
-64
-69
-71
-67
-73
-66
-63
-60
-64
-65
-75
-72
-63
-64
-62
-59
-56
-45
-34
-24
-16
-12
6
10
9
25
30
39
52
58
58
61
64
63
60
61
59
53
50
42
42
42
41
39
44
37
37
34
35
37
42
46
39
45
42
37
32
31
28
25
17
12
0
-5
-11
-18
-19
-21
-15
-28
-33
-35
-40
-46
-52
-54
-57
-49
-48
-49
-44
-47
-42
-45
-37
-29
-17
-7
-10
-1
-1
12
16
23
29
30
33
44
44
47
42
45
47
47
48
38
31
33
24
29
26
26
22
5
7
2
0
-1
-5
-3
0
-9
-7
-13
-4
-2
-6
-5
-9
0
-9
-13
-10
-21
-22
-23
-23
-18
-25
-29
-27
-36
-39
-38
-44
-48
-56
-52
-51
-51
-45
-47
-36
-36
-31
-28
-29
-22
-29
-27
-24
-23
-23
-25
-19
-22
-14
0
1
10
7
13
19
28
39
44
54
64
66
68
76
68
70
59
51
56
53
48
43
32
29
21
19
15
11
19
20
27
24
29
29
14
11
5
-7
-16
-15
-27
-35
-44
-46
-46
-51
-48
-47
-43
-42
-43
-36
-40
-44
-37
-40
-35
-37
-37
-33
-35
-38
-45
-43
-34
-26
-24
-12
-4
8
15
20
29
36
41
51
57
57
59
60
56
52
55
54
58
56
54
52
46
41
40
46
40
35
32
29
21
18
15
15
18
18
14
7
14
11
10
8
2
2
-8
-3
-12
-18
-30
-34
-39
-39
-43
-40
-44
-59
-53
-59
-57
-57
-54
-44
-46
-44
-45
-41
-36
-34
-31
-29
-31
-32
-25
-31
-27
-23
-19
-8
-6
-7
4
7
11
15
18
18
23
32
32
37
31
41
39
42
46
37
44
41
44
39
37
43
48
37
33
33
20
20
9
0
-13
-12
-18
-20
-17
-29
-29
-25
-31
-26
-18
-18
-19
-22
-21
-23
-25
-26
-33
-29
-30
-30
-32
-30
-23
-26
-22
-26
-21
-17
-13
-14
-14
-9
-4
-3
-4
-9
-11
-13
-9
-15
-10
-3
4
20
21
31
43
52
60
57
63
64
71
76
72
70
60
51
47
29
26
23
20
17
10
11
6
6
3
0
-5
-9
-11
-14
-9
-11
-16
-16
-17
-16
-20
-20
-28
-28
-30
-33
-37
-48
-39
-41
-45
-37
-42
-39
-40
-51
-36
-39
-35
-36
-39
-31
-34
-23
-27
-19
-15
-16
-10
-13
-5
2
1
5
6
9
12
21
23
37
45
46
38
35
34
30
33
27
26
12
12
16
9
16
10
12
10
7
1
5
9
5
9
1
-2
-10
-14
-18
-15
-24
-23
-25
-39
-37
-41
-37
-44
-45
-37
-39
-34
-27
-20
-6
-11
-2
3
9
15
15
15
17
14
17
17
15
18
18
22
20
19
15
13
18
25
28
30
40
40
52
52
52
54
50
46
44
46
40
37
33
35
37
31
32
27
19
22
22
13
11
8
8
3
-4
-10
-19
-27
-26
-26
-29
-36
-42
-42
-47
-50
-52
-55
-44
-35
-37
-28
-33
-25
-16
-24
-15
-9
-5
0
-7
1
7
2
0
-5
-11
-17
-14
-11
-2
-3
-9
-13
-11
-7
0
4
3
7
13
12
11
6
14
13
11
9
6
9
1
6
2
12
11
13
15
12
14
12
14
11
4
6
0
-6
-6
-15
-10
-10
-14
-17
-18
-24
-22
-22
-19
-18
-17
-17
-24
-18
-17
-11
-13
-14
-10
-7
-9
-13
-5
-4
5
0
-1
7
3
11
14
21
11
13
10
9
17
11
14
11
12
4
8
9
3
6
10
13
10
10
9
18
21
18
17
17
16
20
23
23
19
18
13
11
12
10
6
6
4
1
4
-4
1
1
3
-6
-10
-13
-8
-18
-20
-16
-13
-13
-16
-21
-23
-19
-22
-12
-11
-7
-7
-9
0
3
14
19
21
14
26
17
9
11
-1
2
-2
5
-6
-5
-7
-3
-8
-8
-10
-13
-12
-7
-5
-4
-9
-15
-17
-17
-17
-10
-10
-11
-9
-11
-9
-3
2
-7
-4
-5
-7
-1
-2
-7
-12
-14
-16
-21
-22
-24
-35
-26
-32
-39
-42
-38
-38
-32
-29
-31
-22
-23
-19
-15
-15
-8
-7
-2
3
6
12
22
23
21
24
33
35
31
32
37
41
44
40
38
36
39
43
36
41
36
32
35
30
34
22
26
20
18
16
13
19
9
13
14
6
5
-2
-5
-6
-8
-5
-6
-7
-8
-2
-8
-6
-8
-12
-2
-6
-9
-9
-20
-22
-25
-24
-22
-23
-25
-21
-18
-16
-12
-15
-9
-8
-3
-6
-2
-2
2
-2
4
5
4
15
20
25
25
25
28
28
32
32
33
29
25
24
25
15
11
7
7
9
7
8
-4
-7
-6
-14
-16
-26
-25
-32
-35
-32
-32
-22
-21
-22
-26
-17
-20
-16
-13
-12
-7
-6
-3
-7
-6
-7
-12
-12
-12
-13
-13
-23
-19
-21
-19
-21
-22
-21
-19
-13
-11
-6
-1
-2
5
9
20
27
22
24
25
23
29
34
29
34
24
22
24
22
28
24
25
26
22
14
11
5
12
2
2
4
-6
1
-6
-6
-8
-13
-7
-9
-8
-6
-12
-11
-13
-12
-7
-8
-13
-11
-12
-15
-5
-10
-8
-16
-11
-11
-13
-4
-10
-4
-6
-7
-5
-1
-1
-3
-1
2
-1
4
1
3
6
4
9
13
23
14
19
15
20
22
18
23
17
17
22
25
24
24
17
17
16
20
19
12
11
5
-1
-4
-7
-6
-6
-6
-5
-4
-8
-15
-14
-20
-22
-29
-32
-34
-39
-37
-44
-48
-60
-59
-56
-50
-44
-34
-34
-28
-24
-22
-14
-7
0
2
3
-3
-1
2
2
2
-1
-5
-7
-12
-12
-12
-13
-13
-12
-15
-9
-9
-8
-9
-1
5
6
19
23
18
22
28
28
35
39
40
42
41
43
44
44
43
41
37
36
31
26
26
24
14
17
6
-1
-4
-10
-13
-17
-20
-30
-28
-25
-22
-19
-20
-15
-8
-6
-2
7
12
19
23
29
24
25
32
35
22
25
28
27
20
12
13
8
15
5
12
13
13
11
11
14
8
12
7
10
16
9
14
5
1
4
-1
5
0
-8
-12
-10
-11
-15
-15
-23
-23
-23
-24
-24
-21
-22
-29
-28
-37
-39
-40
-44
-45
-45
-48
-52
-46
-53
-49
-44
-41
-34
-33
-29
-32
-27
-26
-27
-22
-21
-21
-12
-7
-6
-5
7
12
18
25
25
32
24
22
23
22
21
18
18
14
17
14
19
23
24
26
24
30
25
32
25
28
22
21
21
16
16
13
19
21
22
27
32
21
23
25
27
28
25
31
20
20
11
3
0
-5
-13
-9
-16
-17
-20
-22
-12
-24
-19
-26
-19
-17
-15
-13
-12
-9
-3
-3
-4
1
6
10
10
13
16
26
24
28
25
23
19
16
18
14
10
15
21
18
20
9
12
11
12
15
6
13
7
9
6
-1
4
-4
-6
-10
-6
-7
-13
-13
-26
-20
-27
-34
-30
-30
-31
-30
-34
-36
-36
-42
-42
-42
-46
-47
-50
-54
-52
-49
-48
-48
-39
-41
-38
-30
-29
-25
-14
-12
-9
-7
-4
4
5
13
4
11
11
16
20
25
23
29
38
35
32
34
35
31
37
38
34
22
22
18
16
17
12
14
4
4
3
4
7
4
4
11
8
12
8
3
6
6
0
2
-2
2
-2
-8
-10
-12
-14
-11
-11
-14
-10
-6
-8
-13
-13
-13
-12
-13
-13
-8
-6
-11
-9
-8
-5
-5
-6
2
0
2
4
8
5
12
13
16
27
18
23
25
25
29
30
28
27
24
26
22
28
30
23
27
25
24
29
20
21
22
17
21
16
19
10
4
7
3
1
-6
-9
-10
-16
-16
-24
-23
-30
-36
-38
-46
-45
-44
-43
-42
-42
-42
-32
-35
-33
-35
-22
-27
-32
-32
-33
-28
-33
-34
-35
-27
-28
-17
-12
-13
-4
-2
5
11
14
17
18
14
16
16
15
23
17
15
27
27
30
29
27
31
30
28
28
27
28
26
32
25
18
21
8
9
7
2
0
-2
-11
-13
-10
-12
-11
-13
-6
-4
-7
1
4
5
6
1
4
8
2
7
4
2
6
-3
-2
1
2
4
3
0
-1
-1
-1
-1
-5
-1
7
11
12
6
6
6
11
17
15
19
20
22
26
30
31
26
27
31
24
30
28
24
25
19
26
18
22
20
13
9
3
3
4
-1
-8
-10
-23
-22
-20
-24
-28
-28
-33
-25
-40
-41
-50
-50
-45
-54
-50
-55
-55
-59
-61
-60
-57
-56
-52
-42
-44
-37
-39
-41
-33
-36
-35
-30
-20
-16
-10
-8
-4
-2
-1
8
10
18
20
17
24
24
31
29
38
39
39
42
35
43
41
42
41
37
33
36
31
39
31
35
40
34
33
30
27
24
20
18
15
7
0
-4
-8
-15
-15
-23
-20
-24
-22
-24
-25
-26
-27
-21
-21
-17
-20
-9
-13
-12
-12
-17
-17
-10
-11
-13
-9
-15
-10
-6
-3
-5
-3
4
12
14
12
13
15
18
13
18
20
22
27
21
20
18
19
14
16
21
25
22
22
20
16
18
20
16
13
14
19
20
17
17
11
14
6
3
2
-5
-12
-11
-18
-25
-25
-29
-29
-30
-26
-27
-29
-29
-33
-27
-27
-27
-29
-27
-24
-30
-27
-28
-28
-26
-23
-25
-24
-23
-24
-20
-19
-11
-13
-5
-2
-5
-2
6
7
7
11
10
18
12
15
15
17
16
14
20
18
22
24
29
28
30
26
33
31
28
28
27
24
20
19
9
14
6
-2
-7
-10
-10
-20
-20
-29
-34
-36
-38
-29
-31
-31
-26
-25
-20
-12
-12
-10
-9
-6
-9
-4
-2
-4
-4
-7
-1
-2
-3
2
-1
0
0
5
11
4
8
17
15
17
24
14
23
29
30
30
30
38
31
30
20
24
17
18
19
12
19
23
22
21
20
13
17
15
17
16
14
12
15
10
4
2
-1
-6
-5
-8
-10
-12
-21
-19
-20
-23
-22
-22
-16
-23
-22
-19
-22
-21
-19
-18
-19
-17
-21
-18
-24
-23
-24
-20
-19
-16
-9
-8
-7
-4
0
-1
3
0
0
-2
-3
-5
-4
-7
-2
3
9
7
7
15
11
18
21
20
24
13
14
9
13
15
7
8
12
14
16
18
15
8
9
3
2
-3
-8
-11
-14
-19
-22
-23
-30
-30
-32
-29
-29
-30
-24
-20
-23
-19
-23
-21
-23
-18
-15
-10
-11
-2
-6
-7
-9
-5
2
-4
2
3
8
8
7
10
15
20
18
26
23
20
26
26
26
29
32
29
29
25
26
21
23
24
21
19
18
21
25
24
14
22
20
21
21
15
16
16
9
8
0
-4
-9
-16
-18
-23
-23
-31
-30
-31
-28
-28
-24
-25
-22
-23
-21
-24
-32
-25
-28
-27
-25
-24
-25
-28
-24
-25
-18
-22
-17
-16
-13
-8
-9
-3
2
4
8
7
5
15
15
15
21
22
24
21
20
15
10
15
18
18
17
19
15
15
14
16
12
18
23
18
21
16
17
13
10
11
13
10
11
12
8
9
0
-4
-8
-11
-18
-13
-17
-22
-22
-26
-24
-23
-25
-21
-27
-25
-25
-23
-17
-26
-22
-27
-22
-23
-21
-25
-24
-16
-16
-10
-12
4
-2
6
8
13
16
13
18
13
17
14
15
12
8
12
11
13
3
6
5
11
17
18
24
11
13
13
9
8
10
5
1
6
7
12
9
9
6
3
-1
-2
6
4
1
-2
2
1
3
0
-11
0
-2
-2
0
-1
1
-8
-4
1
0
8
4
-1
10
3
11
10
6
11
5
6
5
-2
3
-1
1
6
4
9
7
12
9
5
10
5
13
14
14
12
9
7
4
6
4
8
-1
3
2
0
1
1
6
5
10
-1
3
-6
-9
-14
-23
-17
-25
-21
-16
-20
-24
-26
-27
-20
-27
-18
-14
-12
-10
-14
-16
-20
-23
-26
-25
-24
-18
-21
-23
-12
-13
-10
-11
-7
-3
0
0
-5
4
1
7
5
11
8
14
22
18
25
24
20
25
20
22
17
19
18
10
14
5
7
9
7
9
10
12
13
18
17
19
24
20
10
6
7
3
5
-1
-6
-6
-9
-11
-14
-12
-15
-18
-12
-17
-17
-16
-18
-16
-16
-17
-15
-11
-7
-8
-7
-1
-2
-5
-7
-2
-1
-2
1
7
4
9
13
1
13
10
13
10
9
14
8
13
10
19
17
14
15
13
8
9
8
4
6
-1
2
2
-2
-1
-7
-6
-11
-13
-10
-12
-8
-10
-7
-8
-11
-9
-11
-9
-13
-16
-9
-13
-9
-8
-10
-11
-14
-17
-25
-21
-18
-19
-11
-10
-10
-9
-12
-11
-4
-8
-4
-7
-3
3
2
6
-3
2
2
3
-3
-8
-1
-6
-1
-6
-3
-3
-1
2
4
12
8
17
18
22
27
31
34
34
31
23
31
15
11
5
3
0
-2
-1
-8
-6
-11
-2
-8
-6
1
-9
-4
-10
-14
-8
-13
-14
-14
-17
-19
-20
-15
-18
-11
-9
-12
-12
-9
-7
-8
-1
3
6
1
0
-2
7
6
2
2
1
4
5
8
12
19
15
23
24
29
30
31
35
31
27
27
27
21
23
22
26
26
22
23
21
20
24
16
18
21
15
15
14
19
11
13
13
9
9
3
1
-4
-10
-4
-6
-7
-6
-13
-9
-17
-17
-18
-17
-16
-21
-28
-23
-25
-25
-25
-25
-26
-23
-27
-31
-25
-33
-32
-35
-34
-32
-36
-32
-26
-21
-23
-24
-18
-8
-11
-2
4
0
3
1
-3
0
1
0
4
6
3
0
7
4
7
6
9
8
8
13
10
12
10
8
11
11
15
14
15
18
17
15
13
15
12
11
6
3
2
-1
-2
-6
-12
-10
-9
-4
1
-1
-4
-3
-5
-3
3
2
2
3
0
1
-1
4
5
4
7
8
13
16
20
18
19
19
20
19
21
22
14
15
16
20
9
11
13
13
12
11
10
4
7
9
9
5
3
1
-4
-3
-5
-3
1
-6
-5
-6
-7
-8
-6
-15
-18
-18
-19
-15
-23
-22
-24
-27
-30
-31
-35
-34
-36
-28
-26
-32
-27
-28
-31
-24
-23
-22
-22
-21
-21
-24
-23
-23
-18
-16
-13
-15
-9
-8
-7
-8
-6
-5
-6
-1
0
4
0
5
5
4
5
0
1
2
6
5
6
10
10
12
22
28
31
30
28
24
22
22
21
27
25
19
19
17
16
16
13
13
16
15
12
14
15
10
8
5
2
7
10
11
13
15
9
13
13
10
10
6
4
2
-3
1
2
-3
1
-4
2
1
-3
0
-2
7
10
10
7
5
3
3
3
-1
-1
2
-2
-2
-10
-1
-3
-7
-3
-3
-5
-8
-5
-6
0
-5
-2
-12
-6
-9
-7
-7
-10
-9
-13
-6
-15
-6
-10
-8
-9
-9
-8
-13
-6
-9
-12
-14
-20
-17
-13
-15
-13
-10
-3
0
-2
-4
-9
-3
0
1
0
2
3
2
8
6
8
11
9
13
6
9
11
11
16
15
13
9
10
12
8
7
8
4
10
11
12
10
13
18
18
18
12
11
12
12
8
8
6
5
-5
-5
1
2
0
-2
-2
-11
-5
-9
-4
-5
-10
-7
-5
1
1
-1
2
-3
-3
-5
-15
-8
-16
-9
-13
-11
-12
-13
-11
-8
-5
-8
-4
-11
-6
-8
-8
-10
-5
-6
-2
1
0
7
5
7
8
10
11
8
7
4
4
7
9
6
-1
3
2
5
5
7
11
1
8
3
5
8
-1
2
0
-3
-1
-1
1
-4
-6
-4
-6
-2
-3
-2
-6
-8
-15
-15
-20
-19
-23
-25
-27
-30
-25
-23
-21
-23
-16
-14
-11
-7
-7
0
2
1
7
4
4
3
2
2
-2
3
-3
2
-5
-3
-1
-3
-1
1
0
7
11
10
12
16
17
12
15
10
13
8
8
6
6
9
8
10
8
5
3
9
5
5
0
3
9
2
10
3
6
3
7
7
5
2
-7
-8
-11
-6
-4
-5
0
1
-3
-3
-5
2
-1
-2
2
-1
5
3
-3
-4
-3
1
-2
-4
0
3
3
7
5
2
8
4
2
2
6
4
-1
5
3
7
4
-1
-1
-2
6
3
9
7
8
10
1
10
-1
2
-6
-8
-8
-11
-4
-9
-8
-9
-4
-4
1
2
-2
-2
0
1
2
-1
3
7
5
5
3
7
-2
-4
0
-4
-7
-11
-13
-12
-16
-19
-22
-23
-14
-18
-12
-8
-11
-3
-2
3
0
5
4
6
8
4
9
7
12
7
11
12
6
8
6
10
7
8
9
9
13
15
15
16
17
20
20
21
22
18
17
11
7
5
3
6
3
-1
-4
-5
-9
-8
-11
-6
-8
-3
-4
-9
-8
-5
-7
-8
-9
-10
-10
-14
-15
-16
-14
-15
-17
-11
-12
-3
-7
-2
3
0
7
6
3
5
4
4
0
-1
-1
-2
2
2
5
0
4
3
6
10
12
9
10
14
11
18
16
21
15
13
12
8
11
6
1
0
0
-2
-6
-5
-12
-9
-13
-11
-6
-12
-7
-8
-10
-7
-4
-8
-7
-16
-12
-13
-16
-18
-21
-24
-26
-23
-22
-19
-21
-14
-14
-12
-8
-5
-3
-4
-1
-1
-4
2
3
-1
4
4
4
3
2
2
0
4
8
7
7
6
7
13
18
21
19
20
22
19
19
13
17
9
12
14
13
13
7
13
4
9
8
6
8
7
4
-4
2
-5
-6
-5
-4
-5
-11
-11
-18
-13
-17
-8
-14
-14
-22
-22
-18
-18
-16
-20
-11
-6
0
4
0
0
0
0
1
1
-3
-4
-1
-1
3
-1
-1
-3
-1
0
3
1
0
0
2
4
0
2
2
5
6
5
5
8
5
10
9
8
3
3
3
0
3
-1
-3
-6
-7
-9
-5
-5
-4
0
-2
-1
-4
-3
0
0
3
5
8
10
8
9
5
6
-1
-4
-2
-5
-7
-10
-7
-12
-10
-7
-1
2
-3
-1
-1
6
6
5
7
6
10
9
7
9
9
12
9
7
9
11
9
10
10
10
10
6
6
0
6
4
2
0
-3
-6
-6
-6
-5
0
-3
2
-4
-4
-5
-9
-3
-5
-1
-5
-3
-5
-3
-3
-2
-4
-3
0
-5
-2
0
0
1
-3
-3
-3
-2
-4
-3
-1
0
-3
-3
-8
-5
-1
-3
5
2
6
9
7
9
3
8
11
8
9
7
6
6
6
7
-1
0
3
1
1
4
3
6
6
7
8
7
8
7
8
8
3
5
2
0
1
0
1
-2
0
0
1
-2
-3
-4
-4
-7
-7
-7
-4
-9
-2
-6
-10
-8
-12
-6
-8
-6
-11
-1
3
4
5
0
8
1
3
3
-7
-9
-9
-11
-11
-15
-10
-9
-8
-11
-13
-14
-14
-14
-17
-16
-14
-7
-12
-5
-7
0
1
2
1
2
4
4
5
3
5
3
6
6
5
6
2
2
3
-3
-1
5
9
16
17
17
12
14
11
5
3
-3
0
-1
-7
-12
-14
-7
-6
-1
0
0
7
7
8
6
8
9
6
8
8
7
0
2
-1
0
0
3
4
5
3
1
3
4
3
4
0
-4
-3
-5
-5
-6
-4
-6
-6
-7
-8
-9
-12
-8
-5
-7
-4
0
-9
-9
-7
-16
-11
-14
-12
-10
-7
-5
-2
-7
-7
-4
-6
-6
-7
-6
-10
-13
-7
-14
-6
-2
3
5
3
3
5
11
7
13
11
13
9
14
10
10
10
13
14
16
16
13
15
9
9
9
8
11
15
7
8
0
0
2
3
-1
1
-1
3
7
7
9
5
5
1
2
-5
-7
-5
-7
-9
-12
-13
-9
-10
-11
-12
-6
-9
-6
-2
-8
-4
-2
2
-1
-2
-3
-3
-4
-5
-6
-2
-5
-10
-8
-8
-8
-6
-8
-8
-1
1
0
-1
1
-1
1
6
6
6
2
4
6
-2
4
4
6
6
4
4
8
9
8
10
8
9
9
12
8
15
9
5
3
-3
-1
-4
-1
0
1
3
7
2
6
1
2
5
-1
4
2
1
0
3
-2
-1
3
0
-1
1
2
-5
-4
1
1
-1
0
-6
-4
-3
-4
3
3
8
9
12
12
7
13
8
9
10
7
8
2
7
-1
-1
1
-2
4
-8
-2
-10
-6
-4
-6
-3
-4
-6
-1
-5
-3
0
-7
-6
-4
-11
-9
-14
-13
-12
-15
-11
-15
-7
-10
-6
-3
-5
-3
-2
-4
-3
3
2
2
0
0
-1
-2
3
8
1
3
0
-3
4
-1
3
0
4
3
2
2
7
2
-3
-4
-2
-2
0
-2
2
7
4
9
5
9
4
3
4
6
4
6
4
6
4
7
4
0
-3
-8
-3
-6
-7
-5
-5
-7
-6
-6
-8
-7
-10
-9
-7
-9
-10
-9
-11
-11
-10
-11
-10
-10
-14
-13
-9
-12
-9
-11
-6
-2
4
5
6
5
2
7
0
5
-2
-3
-1
-1
-2
2
3
1
3
0
4
5
10
11
12
4
5
4
7
8
2
0
2
2
0
-1
-5
-7
-6
-9
-3
-5
0
-5
-4
-1
-1
3
-5
3
0
0
2
2
4
9
5
5
3
9
11
5
4
3
2
3
2
1
2
6
4
3
8
9
11
3
6
1
2
2
-8
-2
-2
-3
-6
-6
-4
-3
-4
-1
3
3
6
5
2
2
4
7
5
-1
3
-2
-1
0
-3
-4
-1
2
3
2
-1
-1
3
1
0
1
-3
-3
-4
-6
-12
-6
-5
-4
-4
-6
-6
-10
-4
-6
1
-1
-2
2
-1
-1
2
4
-1
2
-1
-2
-3
-5
-2
-4
-2
-5
-5
2
0
7
11
17
15
20
19
11
18
12
17
14
18
21
16
22
19
18
19
15
15
14
9
10
7
7
4
-1
5
4
5
6
3
1
0
-2
-1
-5
-7
-7
-8
-9
-11
-11
-15
-12
-10
-13
-14
-11
-11
-13
-17
-17
-21
-14
-18
-18
-22
-29
-20
-24
-24
-17
-17
-15
-12
-10
-9
-1
-2
2
4
8
11
11
13
11
11
13
10
10
9
7
9
9
6
8
9
3
5
3
2
0
1
0
0
-2
-1
0
0
0
-2
-3
3
3
0
4
-1
-3
-1
-4
-6
-8
-11
-11
-6
-10
-10
-10
-5
-5
-9
-7
-9
-9
-10
-5
0
-1
2
3
8
14
10
10
12
9
6
-1
-2
-5
-8
-12
-10
-11
-6
-5
-10
-4
1
1
1
2
-3
6
5
7
11
3
8
6
3
0
1
3
1
7
7
6
11
13
12
11
6
1
0
-1
-5
-2
1
-6
-6
-7
-10
-10
-3
-1
0
5
1
5
3
-2
-2
-1
-3
-1
0
2
4
7
3
-1
-2
-4
-5
-3
-5
-4
-2
-4
-2
-4
-3
-2
-5
-2
-4
-2
0
-1
0
0
3
7
6
10
12
9
6
6
6
7
4
5
4
3
1
-5
4
2
3
0
5
6
0
3
2
-3
0
-6
-6
-6
-5
-4
-8
-4
-5
-9
-9
-12
-3
3
3
9
5
3
4
7
-1
1
1
4
2
-3
0
-5
-7
-3
-1
-1
-2
1
5
2
-2
6
4
14
14
13
14
13
15
10
11
9
9
7
8
6
5
4
3
1
1
-2
-2
-4
-3
-2
-5
-5
-2
-1
-8
-4
-6
-6
-1
-3
-6
-8
-9
-9
-13
-11
-14
-9
-9
-8
-8
-14
-11
-10
-13
-13
-12
-7
-4
-8
-6
-7
-9
-10
-7
-10
-6
-8
-5
-10
-3
-3
-1
8
2
6
8
9
9
8
11
15
13
13
10
16
14
11
13
13
12
14
17
15
14
18
16
12
11
15
15
18
18
21
13
12
13
12
7
6
6
1
1
-5
-10
-12
-12
-11
-11
-13
-11
-11
-15
-10
-10
-11
-8
-11
-6
-8
-13
-10
-12
-10
-7
-11
-9
-7
-10
-9
-6
-7
-7
-5
-11
-9
-9
-10
-10
-10
-5
-5
-4
-7
-3
-3
-2
-5
-5
-3
-4
-3
0
2
1
1
2
4
3
6
6
4
11
13
8
6
5
8
4
2
2
1
0
0
-1
-1
-5
-1
5
3
3
