SAMPLES:	17477
BITSPERSAMPLE:	16
CHANNELS:	1
SAMPLERATE:	16000
NORMALIZED:	FALSE
7
6
7
5
6
1
6
6
6
9
2
3
3
0
3
6
11
13
10
13
9
6
7
4
9
11
5
6
8
1
2
2
0
2
1
2
2
0
1
6
11
8
5
12
11
9
6
2
0
7
4
1
0
-2
0
2
-5
-4
-5
-3
-7
-11
-6
-11
-6
-14
-12
-9
-7
-9
-7
-12
-10
-11
-9
-5
-6
-3
-3
-2
-6
-7
-8
-13
-10
-11
-14
-10
-9
-6
-6
1
-6
-3
-4
-1
1
0
-1
3
-2
-4
-4
-1
-2
-1
7
7
6
4
1
2
4
1
4
-5
-3
-8
-9
-7
-4
0
-7
-4
-5
-4
-7
-4
-4
-7
-8
-7
-12
-8
-7
-5
-2
3
8
13
14
12
14
16
17
19
18
17
19
22
23
16
16
12
10
13
11
11
10
13
11
9
9
6
6
-1
0
-2
-3
-5
-2
-2
0
-2
1
1
-2
1
2
7
4
7
4
7
1
3
-1
-4
-3
-8
-8
-12
-10
-11
-15
-15
-18
-20
-16
-18
-18
-17
-19
-12
-12
-10
-10
-9
-4
-5
0
1
1
8
2
6
7
10
4
5
8
9
9
4
5
5
4
6
10
5
5
2
0
1
-1
0
-4
2
2
-5
4
5
6
5
7
6
0
1
-1
6
-1
-4
-3
-6
-5
-4
-6
-2
-4
-1
-1
-4
-6
-6
1
-3
-5
-6
-7
-4
-4
-4
1
-7
-10
-9
-2
-3
-2
3
3
6
7
8
7
8
6
5
5
3
3
3
0
-1
1
-6
-3
-4
1
6
6
9
7
9
8
10
9
5
8
9
7
2
-2
-3
-2
-7
-5
-4
-3
0
-5
-1
3
4
1
7
4
5
9
1
6
2
-2
1
-6
-1
-9
-5
1
-5
-3
-5
-6
-9
-7
-15
-12
-14
-14
-9
-12
-8
-14
-7
-8
-9
2
2
6
6
6
9
12
14
15
14
19
20
17
17
11
16
12
12
10
5
6
2
1
1
2
-2
1
-5
-3
0
-7
-5
-9
-5
-10
-8
-6
-4
0
-2
0
0
4
2
5
4
1
2
-1
1
0
-5
-9
-11
-10
-12
-14
-15
-16
-14
-13
-10
-7
-10
-4
-2
-1
4
3
6
2
9
6
6
3
3
-1
-4
0
-4
-5
-10
-8
-7
-13
-14
-14
-12
-8
-10
-7
-4
1
5
3
10
7
6
5
2
-1
0
-4
-11
-7
-10
-11
-8
-9
-8
-6
1
6
5
11
8
10
11
6
6
7
5
0
-2
-4
-5
-7
-5
-8
-10
-6
-9
-7
-6
0
4
4
2
6
7
3
10
6
4
6
4
9
4
8
11
10
11
10
11
11
11
13
9
11
12
6
12
8
6
2
3
7
3
5
-1
6
5
3
5
0
3
-1
-3
-7
-6
-4
-8
-7
-5
-5
-8
-4
-7
-8
-9
-6
-8
-15
-10
-12
-9
-1
-6
-1
-3
-11
-9
-12
-12
-11
-2
-6
-5
-3
-1
3
4
9
8
13
13
14
14
17
20
19
17
13
13
12
10
11
10
6
13
16
16
12
13
12
10
5
5
6
4
4
3
1
-1
3
0
-2
-1
-1
-2
-3
-1
-2
0
1
1
2
1
0
-3
-6
-3
-5
-7
-5
-7
-8
-11
-12
-14
-13
-12
-12
-11
-15
-10
-13
-14
-7
-7
-3
-3
-2
0
-4
-7
-6
-6
-7
-6
-5
-9
-6
-4
-6
-6
-3
-5
-6
-5
-6
-6
-3
-6
2
4
2
2
5
0
3
6
4
8
0
3
1
2
2
2
-2
-3
1
1
6
8
11
14
10
12
11
6
12
6
7
8
3
2
2
1
-3
-1
-2
-2
-8
-9
-6
-2
-2
0
4
3
5
5
3
0
-4
-7
-7
-11
-10
-10
-8
-9
-12
-8
-7
-10
-3
-3
-4
1
0
4
5
1
2
-3
-5
-10
-10
-9
-8
-11
-9
-3
-7
-6
-8
-3
-4
-5
-6
-4
1
1
0
-1
6
6
7
6
7
8
5
3
4
7
2
3
3
0
1
1
-5
-3
1
0
-1
0
0
6
8
5
3
2
2
-1
3
-3
-1
0
-5
1
-2
0
-3
0
-1
5
8
10
6
5
8
2
9
9
9
7
9
8
2
3
-1
0
0
-3
-3
-5
-8
-6
-5
-6
-6
-4
-4
-4
0
-4
0
-5
1
0
-1
4
2
3
1
-3
0
-2
2
2
2
1
-2
-2
-3
-1
-5
0
-3
2
2
2
1
-4
-4
-4
1
2
-1
0
2
2
6
9
4
8
11
5
4
4
6
5
1
2
1
0
2
3
5
4
8
1
2
-3
-4
1
-1
-1
-1
3
2
7
7
7
9
15
8
14
10
13
14
12
16
12
14
10
7
1
2
0
1
2
-1
-4
-6
-4
-4
-5
-8
-3
-6
-4
0
-4
-1
0
2
-2
-4
-4
-2
-2
-9
-6
-9
-8
-5
-9
-6
-4
-5
-9
-6
-7
-6
-7
-7
-6
-11
-10
-10
-7
-3
-6
-7
-5
-8
0
1
-2
4
4
5
4
4
-2
-8
-3
-5
-3
-5
-7
-7
-6
-4
0
-2
-3
1
-1
-3
-5
-4
-4
-4
-2
-2
-1
-3
-2
-3
-2
-3
2
-4
-5
0
1
4
5
5
0
1
1
5
3
3
2
2
3
-4
-1
-4
-1
3
5
8
7
7
6
13
13
13
12
5
2
0
-4
3
2
4
3
-6
3
3
5
7
0
7
8
6
4
0
2
1
3
4
2
-2
-3
-2
-4
-10
-7
-12
-11
-8
-12
-13
-13
-13
-15
-14
-15
-18
-17
-13
-10
-4
-3
-6
-8
-4
-7
-4
-3
-5
-8
-10
-10
-5
-6
-7
-10
-8
-5
-1
5
7
7
5
8
8
4
9
3
5
7
3
2
-1
0
-2
-4
-4
0
-1
-3
2
5
8
10
5
7
7
2
3
5
4
5
3
-1
-4
-1
2
6
10
9
2
5
9
10
13
10
14
9
4
3
1
4
8
8
4
7
7
9
11
12
11
9
7
5
3
3
5
7
9
0
-2
0
3
3
6
10
10
8
8
12
7
10
5
8
1
3
-1
-7
-3
-4
-4
-4
-8
-12
-12
-9
-5
-3
3
8
-2
2
-4
-3
0
-4
-1
-5
-6
-8
-7
-1
0
-2
-6
-13
-11
-6
-10
-11
-11
-8
-10
-5
-4
-1
4
4
3
1
6
3
3
8
4
2
-3
2
4
-2
4
4
7
5
3
-3
-5
-5
-6
-1
-5
-2
-9
-8
-12
-9
-2
-1
-3
-6
-2
-5
-2
2
4
6
3
-2
3
5
13
13
10
9
2
3
1
2
2
-3
-4
-4
-7
-10
-14
-9
-9
-8
-9
-10
-10
-4
-1
3
0
2
3
7
10
9
9
9
5
7
9
8
12
7
1
3
3
4
6
0
-3
-2
-4
-3
-6
-9
-8
-11
-13
-12
-3
-7
-4
-7
-12
-10
-7
-3
-4
-1
1
1
0
-3
0
-1
-1
6
1
1
3
-3
1
5
5
2
0
-1
-2
-1
0
-1
-3
-2
-5
-1
4
5
0
-1
-1
3
-3
0
-1
-2
2
2
3
5
7
-2
-3
-7
-3
0
-3
-8
-10
-12
-5
-5
-8
-9
-15
-12
-12
-5
2
0
1
-2
2
4
10
8
9
13
7
10
11
11
6
3
-2
-5
-1
-6
-3
-6
-10
-4
-4
-3
-5
-6
-1
-2
1
-2
0
-3
-4
-7
0
0
-1
2
0
1
2
4
0
-1
-1
-1
-2
0
-1
3
2
-3
-2
-3
3
1
-6
-5
-8
-7
-1
-2
-1
1
1
5
7
9
10
11
14
11
10
11
11
11
12
10
9
8
11
11
5
9
6
8
12
10
10
7
5
4
8
5
5
7
6
3
1
3
5
3
2
1
-2
5
3
5
7
5
3
2
3
-5
-3
-5
-5
-7
-7
-11
-12
-4
-8
-5
-6
-7
-4
-1
3
3
4
7
1
1
2
-1
-1
-5
-4
-7
-6
-8
-10
-8
-12
-7
-7
-3
6
3
6
7
3
1
-2
3
1
-3
0
1
-1
1
3
4
10
9
9
7
4
3
3
7
7
7
1
-3
-1
-9
-3
-2
-7
-1
-7
-4
-1
-4
-1
-3
-2
-2
-5
-3
-1
-4
1
-3
-3
-1
-4
-3
-8
-8
-7
-10
-12
-8
-11
-7
-5
-4
-4
-6
-9
-10
-10
-11
-3
-5
-2
-1
-3
-4
-7
-8
-7
-6
-4
-6
-4
-10
1
2
4
8
11
9
5
7
0
4
2
4
7
6
6
3
6
7
3
7
3
5
6
11
9
6
7
5
3
2
1
0
1
1
0
0
-1
-5
-1
-5
-4
-1
1
4
2
6
3
9
5
2
5
-1
-3
-7
-6
-10
-11
-8
-6
-9
-4
0
-6
0
0
-4
2
0
-3
-1
4
8
2
5
8
10
9
4
1
2
3
5
5
0
2
-1
-3
-3
-4
-4
-2
-6
-6
-5
-6
-9
-12
-8
-12
-6
-7
-4
-2
-1
2
-2
2
3
0
-4
-3
0
0
0
-1
0
-5
-3
-4
-4
1
0
3
-1
-4
-5
-4
0
-1
-2
0
-3
-2
-3
-5
-1
-3
-2
-1
-3
-1
-2
-7
2
-2
1
3
2
4
3
2
5
5
5
0
4
4
0
2
0
0
5
4
-1
3
1
-1
2
4
0
3
5
8
9
9
9
8
9
7
11
10
10
10
5
8
9
7
7
6
9
7
4
3
1
8
8
4
8
9
8
8
13
9
10
5
11
6
0
1
4
2
1
-1
-3
-2
-2
-2
0
-2
-7
-3
-1
-3
-1
-4
-4
-3
-3
-2
-2
-3
-1
4
3
5
1
0
-3
-4
-4
-2
-2
-1
-4
-1
3
1
2
-5
0
-2
-4
-3
-7
-4
-9
-4
-9
-3
1
-1
-1
-8
-1
0
-2
-1
0
0
-3
-2
-4
-6
-7
-7
-4
-5
-8
-7
-4
-3
-3
0
-2
0
-1
-6
-6
-6
-8
-6
-5
-4
-6
-7
-5
-6
-4
-5
-6
2
-2
-3
0
-4
-4
-4
-5
-2
-5
3
4
5
5
6
1
3
5
7
6
1
2
0
6
4
3
2
7
2
7
4
3
5
1
9
5
4
4
1
1
2
-1
3
-3
-1
-2
-6
-2
-4
-3
1
0
3
4
0
5
2
3
-3
-1
0
0
0
-4
-4
-6
-4
-7
-3
-4
-3
0
-2
-4
-1
0
-2
-6
-9
-5
-6
-5
-3
-3
-5
-9
-9
-6
-8
-7
-2
-7
-3
-8
-5
-2
-4
1
-5
-2
-3
-3
1
-1
2
3
-3
0
0
0
-4
-3
-2
-3
-5
-7
1
4
5
7
7
11
8
4
9
9
9
9
4
5
4
1
4
4
6
1
-1
-2
1
1
3
0
4
5
4
4
4
5
2
4
-2
-5
-8
-9
-2
-7
-4
-2
-4
1
-4
-1
-3
2
2
-2
3
3
5
6
8
6
11
8
10
8
8
12
8
11
10
11
11
7
5
5
3
4
3
3
6
7
10
9
5
10
8
11
10
5
5
1
4
2
3
-2
-2
-3
-12
-8
-12
-12
-9
-10
-10
-8
-7
-4
-2
-4
0
-1
-4
0
0
-1
0
0
1
-5
-5
-4
-4
-2
1
6
2
3
3
4
1
3
7
4
4
0
-1
1
0
1
-6
-4
-6
-11
-7
-10
-4
-5
-11
-10
-11
-6
-5
-4
-4
-3
0
1
2
5
2
5
4
0
5
2
1
3
1
2
3
-2
0
3
3
6
4
5
7
5
7
4
5
9
9
9
8
7
2
5
3
0
-5
-3
-5
-8
-4
-4
-5
-3
-4
-3
-1
-6
-2
-4
-4
-3
-7
-3
-8
-7
-12
-8
-9
-10
-8
-11
-10
-13
-10
-6
-7
-9
-6
-3
-2
-7
-1
-3
-1
-4
-7
-8
-10
-9
-8
-6
-5
-4
-1
-1
-2
2
-1
1
2
2
5
4
7
6
9
14
15
20
15
19
15
14
14
8
8
1
3
5
1
3
1
4
5
2
5
2
8
8
5
5
8
9
4
3
-1
1
-7
-9
-10
-15
-17
-13
-14
-12
-15
-11
-14
-14
-12
-13
-10
-11
-10
-10
-9
-8
-11
-9
-12
-9
-7
-5
-4
-1
-2
1
0
-3
3
4
5
3
2
1
5
4
2
5
4
6
7
7
6
2
5
8
5
5
9
5
4
6
3
5
4
7
9
6
10
8
8
8
12
15
8
9
10
9
10
6
7
3
1
1
-6
-6
-7
-6
-8
-6
-7
-5
-7
-3
3
2
3
-1
1
2
3
-2
-2
-7
-4
-5
-5
-5
-3
-3
-1
-3
-4
-1
-3
0
1
3
0
5
0
8
5
10
12
9
8
4
8
10
13
10
12
10
10
8
11
13
10
8
5
3
2
3
2
2
-1
0
-1
-2
-3
-5
-7
-8
-9
-14
-14
-17
-15
-13
-15
-16
-13
-17
-12
-11
-9
-6
-6
-3
-3
0
4
4
7
11
4
4
3
4
7
5
4
5
7
8
6
8
7
13
8
10
9
9
9
6
5
1
2
0
-1
-1
-2
-2
-1
0
1
1
0
-6
-7
-7
-7
-5
-2
-8
-5
-11
-7
-8
-9
-5
-8
-4
-3
-2
-1
-1
0
0
-1
3
0
1
3
1
2
0
2
2
-1
3
-2
2
1
-4
-4
-7
-1
-5
-5
-5
-7
-4
-3
-4
-7
-7
-10
-14
-9
-5
-10
-11
-10
-10
-10
-11
-13
-8
-4
-4
-2
-4
-3
1
-2
3
3
5
8
6
8
5
8
6
1
5
3
7
5
2
0
2
1
0
0
-3
0
-9
-5
-2
-3
2
-4
1
-2
-4
2
1
1
3
5
5
5
5
6
4
2
2
7
4
9
5
2
2
-2
-1
2
-1
3
5
5
5
7
14
12
28
56
69
50
0
-23
3
59
90
54
-1
-59
-72
-43
6
28
-7
-81
-137
-114
-55
0
0
-33
-64
-81
-60
-21
30
41
39
16
7
19
31
60
81
88
65
29
-2
-2
17
43
51
24
-14
-64
-53
-29
-13
-27
-51
-53
-45
-55
-62
-50
-31
-16
-7
-8
-3
-1
5
27
54
67
51
30
30
48
63
52
45
32
21
15
15
18
22
8
-10
-12
-28
-42
-54
-51
-39
-37
-38
-47
-52
-50
-60
-67
-57
-3
97
195
182
44
-65
-9
205
353
305
152
33
-2
28
117
231
188
-48
-268
-277
-120
-29
-83
-176
-239
-304
-361
-305
-166
-88
-138
-213
-189
-124
-112
-80
27
155
198
141
91
122
178
233
300
330
277
155
85
121
168
123
41
16
20
-73
-210
-247
-146
-103
-169
-226
-244
-249
-273
-232
-104
-9
-62
-152
-130
5
100
113
127
181
201
192
251
352
383
284
209
252
340
321
189
89
43
2
-60
-105
-133
-235
-362
-425
-394
-342
-357
-403
-408
-356
-283
-232
-165
-95
-48
21
93
178
246
279
311
357
393
410
390
337
287
265
227
173
120
47
-23
-78
-124
-191
-258
-299
-311
-322
-346
-365
-379
-371
-354
-326
-281
-195
-85
33
168
310
454
530
505
496
615
851
1003
922
719
583
543
510
419
308
157
-138
-464
-612
-595
-572
-733
-973
-1111
-1152
-1142
-1092
-950
-810
-785
-800
-696
-463
-233
-71
78
278
417
470
500
617
780
886
893
850
779
674
566
532
524
409
210
4
-103
-206
-357
-491
-514
-505
-599
-713
-739
-660
-595
-550
-410
-252
-174
-171
-87
118
325
429
469
542
632
652
663
709
760
743
638
549
501
447
328
206
130
48
-90
-250
-351
-418
-481
-539
-572
-549
-490
-388
-287
-268
-350
-409
-272
20
243
263
152
57
77
178
333
397
321
144
-17
-16
89
158
117
-1
-130
-234
-248
-203
-136
-139
-207
-271
-297
-294
-277
-201
-125
-79
-113
-153
-132
-64
28
73
117
98
34
13
74
168
163
90
26
52
71
19
-37
-31
24
97
178
287
422
538
630
625
553
540
725
1014
1099
887
581
408
373
346
273
167
-95
-552
-940
-1003
-848
-828
-1074
-1346
-1472
-1459
-1411
-1285
-1070
-924
-882
-874
-652
-324
-66
112
283
531
689
721
749
858
987
1027
955
893
802
625
464
382
321
171
-59
-223
-335
-513
-711
-765
-686
-650
-752
-827
-750
-614
-516
-400
-191
18
98
140
328
580
732
780
830
983
1075
1011
953
935
936
834
661
553
445
291
117
-1
-87
-280
-523
-663
-655
-603
-656
-753
-790
-792
-746
-660
-521
-377
-345
-346
-284
-110
93
234
320
348
367
369
428
525
592
569
462
364
269
230
200
144
71
-55
-183
-281
-378
-423
-447
-459
-504
-579
-620
-599
-514
-448
-373
-300
-201
-122
-56
-7
85
214
315
397
447
497
551
642
824
1052
1249
1227
948
673
681
1015
1287
1171
702
246
16
-22
-2
-68
-261
-701
-1224
-1519
-1435
-1215
-1234
-1472
-1689
-1729
-1650
-1544
-1303
-986
-758
-670
-574
-330
-11
274
483
738
949
1007
926
904
1014
1151
1184
1072
884
679
456
294
210
90
-96
-328
-495
-636
-847
-989
-940
-814
-796
-885
-929
-814
-639
-504
-269
22
203
247
285
517
817
1023
1080
1129
1203
1200
1132
1114
1156
1136
987
749
576
427
241
34
-100
-214
-380
-545
-579
-554
-675
-920
-1047
-879
-581
-446
-543
-663
-660
-512
-290
-47
84
42
-103
-131
92
365
517
464
323
244
240
311
371
356
262
121
-21
-122
-172
-222
-272
-328
-399
-499
-591
-647
-613
-518
-419
-393
-427
-389
-253
-24
160
195
193
276
466
711
894
1049
1248
1440
1441
1206
993
1102
1513
1749
1467
890
435
243
206
190
100
-188
-786
-1487
-1790
-1543
-1273
-1400
-1814
-2109
-2135
-2037
-1886
-1582
-1243
-1075
-1064
-983
-654
-236
95
355
690
1004
1063
917
900
1142
1443
1540
1422
1195
938
691
570
561
459
201
-128
-370
-587
-831
-991
-944
-845
-905
-1074
-1129
-1013
-855
-692
-429
-85
75
51
141
470
847
1057
1117
1217
1303
1287
1215
1226
1326
1323
1118
839
682
531
322
93
-31
-67
-143
-327
-650
-946
-1117
-1070
-821
-635
-719
-986
-1213
-1151
-800
-430
-233
-279
-423
-412
-184
196
521
614
539
389
359
495
668
722
616
450
258
91
-26
-75
-112
-184
-344
-550
-738
-799
-751
-706
-652
-633
-647
-642
-561
-317
-22
163
234
260
390
600
816
1050
1354
1648
1816
1715
1412
1216
1368
1807
2039
1692
997
392
183
221
277
143
-296
-991
-1677
-1945
-1717
-1439
-1524
-1915
-2255
-2317
-2185
-1998
-1690
-1325
-1087
-1038
-1029
-783
-380
26
369
691
921
925
768
729
1000
1344
1477
1318
1010
715
530
460
482
438
224
-88
-375
-596
-737
-804
-712
-600
-663
-850
-952
-852
-638
-451
-258
-30
70
68
135
405
765
961
984
987
1031
1066
1079
1109
1171
1139
957
739
596
525
477
455
417
190
-268
-686
-790
-529
-319
-472
-849
-1205
-1297
-1142
-848
-607
-603
-810
-974
-853
-404
28
212
181
95
163
324
525
684
785
770
610
448
354
357
371
333
213
1
-263
-508
-608
-526
-409
-426
-596
-774
-800
-631
-376
-204
-127
-63
25
148
269
461
723
993
1266
1517
1621
1469
1203
1151
1513
1949
1965
1442
809
446
385
431
343
113
-374
-1029
-1550
-1678
-1486
-1377
-1614
-1995
-2185
-2172
-2103
-1993
-1738
-1391
-1182
-1161
-1113
-849
-460
-93
216
515
733
705
627
694
996
1278
1312
1101
839
640
525
493
466
389
174
-128
-392
-535
-584
-580
-562
-565
-638
-745
-763
-637
-411
-212
-57
54
106
165
302
563
831
983
1031
1009
1021
1044
1070
1116
1115
1035
871
772
801
798
557
137
-162
-151
-46
-117
-414
-749
-1002
-1098
-1012
-864
-791
-949
-1177
-1210
-925
-552
-340
-293
-314
-281
-155
82
342
516
549
476
433
439
461
450
434
408
367
236
51
-99
-170
-163
-172
-253
-351
-446
-482
-420
-361
-325
-315
-241
-64
79
109
104
177
383
641
905
1204
1419
1420
1108
816
955
1505
1919
1718
1065
508
334
392
433
373
138
-424
-1154
-1604
-1437
-1080
-1087
-1530
-1982
-2059
-1969
-1851
-1695
-1413
-1184
-1216
-1303
-1145
-704
-303
-110
58
335
512
446
372
565
953
1171
1066
835
700
601
510
428
421
359
162
-59
-235
-400
-547
-547
-436
-363
-457
-614
-632
-478
-268
-81
72
161
148
159
339
662
864
889
846
857
930
921
915
948
989
969
916
919
762
403
11
-63
175
343
69
-460
-832
-908
-765
-633
-601
-728
-987
-1203
-1097
-700
-322
-264
-452
-542
-394
-137
85
216
283
275
211
184
296
435
405
255
149
144
107
-50
-197
-216
-179
-206
-352
-477
-473
-387
-273
-180
-138
-116
-75
43
201
350
438
429
491
640
874
1211
1516
1607
1287
790
629
1062
1663
1709
1092
376
42
50
155
171
96
-312
-1033
-1561
-1502
-1034
-860
-1206
-1676
-1815
-1653
-1525
-1416
-1242
-1040
-994
-1050
-939
-607
-297
-185
-83
194
460
435
208
192
469
756
764
550
383
287
201
105
82
117
61
-103
-292
-442
-512
-480
-317
-174
-182
-294
-341
-265
-56
138
319
460
455
431
484
682
849
888
886
883
882
783
645
613
766
948
990
801
407
42
-134
53
376
392
-11
-616
-999
-898
-567
-348
-463
-778
-1063
-1130
-858
-436
-101
-103
-350
-502
-328
31
338
433
414
326
180
127
198
343
384
248
52
-116
-228
-325
-352
-243
-158
-238
-503
-715
-649
-388
-168
-52
-37
-12
15
65
247
524
741
817
768
833
1079
1407
1635
1596
1278
922
907
1236
1515
1327
750
213
-13
-6
-22
-124
-388
-861
-1400
-1657
-1452
-1162
-1216
-1614
-1884
-1792
-1546
-1394
-1306
-1150
-984
-913
-826
-589
-251
-32
23
134
406
604
551
411
429
627
730
627
426
316
243
97
-64
-132
-116
-149
-326
-535
-656
-686
-589
-485
-412
-393
-399
-376
-260
-83
157
364
460
512
572
714
862
962
990
1026
1079
1082
978
895
981
1165
1182
897
473
171
124
244
316
151
-190
-649
-961
-919
-658
-496
-683
-1018
-1198
-1076
-780
-486
-248
-185
-261
-330
-198
149
494
595
531
444
389
377
413
460
465
383
145
-73
-188
-247
-316
-387
-420
-479
-604
-740
-745
-609
-481
-445
-453
-327
-123
-5
50
143
358
595
708
776
966
1352
1757
1847
1545
1081
931
1327
1836
1842
1227
468
71
13
88
100
-83
-607
-1369
-1903
-1823
-1367
-1195
-1543
-2047
-2177
-1965
-1700
-1514
-1317
-1073
-958
-929
-755
-364
23
197
283
511
790
843
642
531
732
997
980
718
460
302
165
-4
-124
-153
-207
-406
-698
-929
-968
-828
-651
-540
-571
-593
-536
-381
-136
151
418
558
587
602
764
1028
1211
1267
1270
1291
1301
1175
1039
1014
1066
1125
1119
1043
794
239
-254
-368
-50
297
23
-657
-1257
-1474
-1265
-902
-707
-813
-1140
-1458
-1376
-829
-210
74
-45
-242
-192
102
448
706
799
715
557
431
421
511
536
422
240
85
-92
-331
-486
-487
-415
-408
-578
-812
-906
-741
-458
-259
-246
-354
-394
-190
173
502
654
613
582
821
1379
1908
1937
1403
883
990
1622
2084
1830
1073
412
108
93
194
224
-27
-740
-1546
-1882
-1578
-1149
-1164
-1635
-2041
-2075
-1903
-1640
-1389
-1119
-962
-989
-997
-763
-327
-8
157
307
506
641
586
465
599
868
970
818
572
423
299
158
37
-46
-80
-166
-371
-635
-865
-889
-726
-523
-456
-543
-654
-632
-457
-171
146
382
435
370
394
613
916
1105
1141
1127
1129
1130
1059
1006
1056
1196
1337
1330
973
335
-70
-48
357
621
252
-437
-1069
-1308
-1038
-590
-416
-737
-1283
-1620
-1411
-831
-312
-127
-276
-538
-566
-265
175
576
698
600
459
355
395
525
665
709
585
358
74
-142
-276
-264
-133
-126
-295
-636
-891
-842
-587
-354
-298
-308
-337
-369
-381
-233
173
519
597
557
714
1177
1574
1482
1069
896
1257
1835
2014
1581
924
529
419
465
509
414
-3
-786
-1524
-1654
-1190
-866
-1145
-1803
-2214
-2096
-1795
-1534
-1312
-1174
-1205
-1347
-1275
-818
-278
-2
15
108
361
498
446
428
673
978
1016
772
517
431
419
345
218
116
4
-144
-370
-589
-718
-691
-555
-489
-559
-690
-733
-614
-410
-160
63
205
207
190
324
636
941
1047
1022
1022
1089
1128
1093
1109
1190
1264
1347
1368
1151
598
99
-16
360
736
439
-341
-1017
-1255
-1005
-610
-499
-757
-1253
-1612
-1490
-927
-357
-172
-369
-672
-642
-252
214
543
593
501
406
346
412
578
685
626
471
330
140
-24
-201
-270
-203
-173
-300
-564
-723
-659
-450
-344
-356
-332
-249
-162
-162
-87
189
498
620
617
784
1183
1540
1499
1125
861
1038
1552
1814
1524
913
402
185
169
182
167
-103
-762
-1521
-1820
-1479
-1031
-1087
-1642
-2087
-2092
-1770
-1451
-1207
-1035
-1021
-1107
-1084
-740
-199
105
136
158
346
567
573
475
537
775
902
772
531
381
319
239
92
0
-25
-100
-285
-553
-735
-723
-579
-453
-450
-519
-532
-470
-303
-70
178
362
424
412
495
748
980
1072
1037
1052
1144
1219
1258
1322
1366
1231
889
628
641
799
730
350
-53
-301
-398
-480
-567
-622
-785
-1059
-1284
-1249
-966
-736
-708
-761
-718
-550
-386
-260
-63
175
336
351
317
315
368
450
511
546
458
192
-105
-205
-73
53
-92
-361
-565
-590
-554
-555
-546
-498
-445
-419
-391
-320
-168
-49
42
184
421
617
658
586
690
1052
1538
1836
1614
1032
612
805
1472
1889
1513
671
17
-126
-20
71
52
-203
-859
-1638
-1934
-1560
-1049
-1075
-1559
-1929
-1873
-1640
-1465
-1268
-992
-804
-804
-847
-652
-261
23
125
267
543
707
563
328
396
722
926
790
509
328
230
107
-43
-73
-42
-95
-288
-588
-820
-815
-621
-435
-369
-418
-480
-444
-323
-102
191
448
528
441
451
649
913
1047
1073
1098
1126
1090
974
926
1054
1282
1423
1287
754
206
-16
186
618
646
138
-556
-1088
-1136
-734
-409
-494
-908
-1382
-1486
-1189
-712
-329
-248
-445
-670
-582
-225
224
469
450
379
282
200
241
360
470
500
367
146
-108
-276
-323
-227
-77
-106
-330
-643
-723
-462
-168
-102
-205
-297
-167
-45
11
187
415
511
511
600
1013
1563
1706
1300
780
730
1262
1869
1894
1282
537
115
98
250
328
158
-409
-1233
-1803
-1705
-1197
-953
-1322
-1951
-2224
-2024
-1659
-1385
-1224
-1134
-1149
-1130
-968
-549
-139
44
85
229
519
639
574
460
594
845
943
754
512
387
309
205
69
46
60
-14
-297
-663
-806
-647
-401
-299
-394
-510
-513
-437
-280
-18
287
439
359
284
397
683
906
986
1012
1053
1086
1000
937
981
1173
1384
1448
1230
628
149
51
412
841
678
1
-731
-1151
-1003
-559
-314
-539
-1120
-1529
-1503
-1051
-527
-226
-288
-575
-727
-523
-82
349
508
400
263
189
197
265
362
427
396
229
6
-203
-315
-287
-191
-92
-162
-401
-638
-664
-421
-167
-74
-115
-131
-74
1
87
322
566
681
668
670
912
1352
1661
1540
1072
644
775
1332
1668
1352
595
3
-151
-72
17
0
-291
-960
-1693
-1887
-1444
-949
-1035
-1657
-2094
-1974
-1577
-1292
-1137
-1023
-940
-965
-933
-619
-186
94
157
203
388
609
584
448
465
641
789
709
527
397
294
175
18
-52
3
23
-124
-437
-698
-689
-452
-215
-212
-331
-402
-341
-223
-28
225
419
456
354
372
613
882
944
851
828
911
974
886
837
1044
1323
1410
956
333
61
233
658
769
429
-148
-749
-1032
-791
-343
-214
-599
-1185
-1417
-1113
-635
-300
-211
-321
-528
-569
-330
101
444
428
249
128
142
233
267
297
329
255
52
-202
-331
-348
-327
-321
-344
-388
-514
-676
-639
-381
-162
-91
-119
-28
70
69
144
400
766
928
879
829
1071
1540
1807
1545
971
719
1068
1605
1605
997
266
-141
-208
-157
-106
-196
-646
-1476
-2076
-1910
-1299
-1016
-1422
-2027
-2195
-1891
-1502
-1243
-1045
-917
-916
-941
-731
-259
130
211
163
319
609
728
576
428
581
795
805
609
401
255
160
46
-26
1
12
-104
-374
-624
-688
-499
-262
-172
-264
-350
-292
-164
2
198
421
560
534
457
544
757
918
942
933
1007
1022
926
775
879
1202
1456
1225
510
-3
-39
363
760
640
72
-634
-1143
-1066
-502
-131
-353
-1004
-1471
-1371
-881
-404
-182
-193
-389
-536
-430
-41
427
592
473
322
220
229
228
263
351
391
218
-140
-421
-475
-382
-310
-316
-406
-589
-785
-827
-602
-365
-300
-316
-233
-23
32
-28
68
437
812
968
922
1047
1492
1789
1572
1094
942
1403
1937
1874
1218
549
247
196
203
180
60
-457
-1389
-2078
-1940
-1321
-1059
-1509
-2190
-2419
-2187
-1874
-1542
-1204
-997
-1083
-1284
-1103
-536
33
197
146
309
582
679
534
517
835
1116
1070
727
492
458
409
297
155
103
70
-77
-346
-614
-725
-605
-425
-332
-412
-554
-539
-395
-176
101
336
458
414
385
576
896
1109
1079
1003
1038
1106
1092
983
1059
1329
1555
1317
604
72
-3
356
729
616
69
-657
-1274
-1298
-731
-264
-430
-1115
-1705
-1650
-1095
-502
-204
-205
-390
-562
-445
3
538
827
754
549
390
348
416
507
617
641
393
-11
-367
-474
-374
-266
-298
-476
-703
-953
-1036
-820
-527
-392
-404
-425
-330
-237
-209
-64
272
616
794
868
1101
1520
1751
1491
1085
1068
1623
2128
1951
1262
644
391
351
367
397
267
-355
-1367
-2009
-1770
-1115
-974
-1564
-2213
-2408
-2237
-1969
-1643
-1277
-1126
-1300
-1491
-1217
-568
-39
65
66
298
584
609
443
499
831
1095
994
719
528
444
336
237
205
267
197
-51
-391
-633
-675
-511
-287
-224
-356
-555
-598
-436
-117
195
386
418
336
308
527
883
1098
1049
914
914
1067
1114
1099
1204
1441
1553
1082
455
158
336
714
730
358
-120
-660
-1077
-998
-591
-362
-628
-1281
-1667
-1489
-1009
-579
-385
-393
-576
-634
-438
12
481
699
676
527
392
375
479
667
794
777
496
76
-230
-350
-232
-42
-56
-284
-653
-938
-859
-658
-493
-432
-422
-375
-410
-491
-371
-29
282
552
870
1233
1401
1075
627
757
1536
2289
2213
1411
669
420
537
713
795
700
119
-860
-1602
-1555
-991
-700
-1094
-1749
-2144
-2203
-2089
-1834
-1430
-1090
-1082
-1371
-1459
-1143
-622
-213
-28
161
292
229
65
98
501
945
1051
799
476
319
267
255
265
280
263
126
-153
-478
-629
-500
-222
-78
-185
-359
-467
-429
-271
18
367
597
523
312
326
591
908
1057
1113
1087
993
847
770
883
1109
1269
1283
1207
844
310
-34
64
538
782
348
-395
-957
-1108
-822
-487
-432
-659
-1129
-1490
-1407
-927
-369
-135
-284
-529
-493
-193
179
448
546
557
484
369
333
450
539
513
407
231
52
-171
-362
-369
-259
-248
-433
-667
-771
-671
-536
-466
-391
-334
-231
-230
-238
-131
110
374
547
725
1030
1410
1506
1162
763
866
1509
2054
1846
1108
470
289
376
435
414
245
-314
-1172
-1707
-1505
-953
-788
-1299
-1958
-2183
-2003
-1727
-1464
-1193
-1043
-1147
-1327
-1191
-694
-191
8
8
119
264
257
193
314
638
799
666
379
239
270
237
126
-15
-55
-35
-89
-301
-574
-679
-516
-264
-151
-223
-334
-335
-238
-31
300
634
754
612
501
689
1027
1248
1207
1093
1063
1059
1014
974
1005
1118
1188
1239
1077
557
62
-144
119
535
519
-46
-726
-1203
-1159
-726
-420
-499
-893
-1353
-1491
-1145
-582
-140
-83
-350
-542
-364
16
412
580
573
481
346
276
313
434
511
429
265
36
-217
-346
-414
-351
-276
-348
-569
-749
-787
-615
-427
-384
-288
-100
-25
-120
-181
20
451
735
833
1056
1513
1632
1163
594
700
1615
2293
1981
1065
352
206
317
404
511
440
-230
-1346
-2015
-1712
-977
-760
-1316
-2009
-2264
-2205
-2014
-1636
-1163
-886
-1058
-1417
-1339
-755
-225
-4
57
216
367
258
75
192
603
877
808
514
318
220
107
-11
10
100
141
-30
-361
-690
-768
-510
-157
-20
-175
-365
-415
-272
33
418
734
816
634
506
689
1049
1278
1277
1221
1216
1175
1051
935
984
1102
1213
1268
1247
824
133
-297
-201
415
707
243
-583
-1222
-1335
-938
-455
-341
-669
-1239
-1622
-1389
-741
-168
-25
-267
-543
-506
-181
213
513
582
511
350
221
237
300
343
312
224
84
-139
-434
-606
-580
-418
-341
-462
-702
-891
-798
-549
-322
-173
-147
-109
-76
-32
150
462
715
905
1155
1545
1721
1358
784
750
1490
2273
2229
1379
514
145
214
429
624
541
-157
-1304
-2043
-1805
-1028
-686
-1128
-1853
-2283
-2283
-2026
-1613
-1120
-889
-1044
-1369
-1367
-861
-304
38
164
305
417
301
103
167
566
900
836
511
202
32
-45
-116
-91
-25
-52
-254
-581
-863
-879
-590
-231
-99
-244
-433
-472
-318
-2
423
784
852
702
573
766
1123
1354
1411
1356
1325
1229
1077
950
1007
1094
1154
1165
1167
902
240
-324
-394
142
630
378
-464
-1185
-1428
-1093
-524
-234
-431
-1021
-1548
-1461
-814
-118
166
-42
-396
-524
-279
182
597
749
622
355
185
202
334
396
313
163
-12
-249
-475
-626
-609
-491
-415
-511
-729
-891
-869
-580
-322
-183
-159
-100
5
52
121
347
690
1042
1349
1630
1708
1373
885
821
1493
2280
2272
1407
490
108
193
404
517
404
-211
-1261
-2020
-1888
-1188
-816
-1155
-1833
-2227
-2224
-2010
-1603
-1118
-830
-915
-1237
-1284
-874
-305
46
210
344
420
314
104
133
421
719
733
516
264
23
-199
-316
-208
-39
-51
-291
-652
-931
-999
-738
-332
-110
-213
-470
-528
-324
62
469
783
888
793
687
811
1152
1428
1475
1416
1391
1350
1233
1068
998
1078
1097
1096
1087
1023
575
-101
-434
-232
348
536
-12
-829
-1304
-1284
-807
-296
-243
-659
-1269
-1519
-1082
-366
109
100
-207
-480
-419
-56
394
714
670
396
168
96
176
239
185
85
-23
-167
-417
-663
-752
-672
-510
-431
-568
-839
-1006
-879
-459
-83
18
-100
-201
-144
90
440
799
1039
1140
1316
1627
1660
1301
947
1163
1902
2281
1809
949
412
306
364
420
433
199
-625
-1618
-1937
-1418
-824
-909
-1531
-2098
-2186
-2056
-1777
-1297
-875
-816
-1120
-1360
-1094
-485
-65
69
197
347
343
108
-22
216
610
744
536
261
14
-148
-245
-194
-49
-34
-243
-555
-801
-898
-747
-454
-174
-173
-410
-529
-407
-88
274
633
846
833
651
627
940
1361
1559
1474
1369
1339
1277
1135
1044
1095
1168
1063
937
875
801
382
-213
-433
-157
311
245
-395
-985
-1185
-1028
-638
-350
-406
-789
-1300
-1383
-865
-201
118
-36
-353
-460
-261
94
432
601
521
303
96
67
162
224
131
-33
-126
-260
-524
-785
-840
-671
-509
-538
-750
-934
-933
-718
-382
-93
-18
-104
-128
-14
287
663
909
1012
1232
1620
1925
1751
1261
1028
1483
2202
2329
1711
914
463
356
383
480
502
51
-907
-1761
-1827
-1253
-881
-1136
-1722
-2114
-2164
-2047
-1714
-1249
-931
-987
-1278
-1318
-906
-401
-96
10
166
338
310
132
77
262
523
577
443
253
28
-224
-358
-294
-155
-135
-355
-679
-959
-1019
-821
-518
-326
-365
-510
-516
-339
-45
285
636
855
818
717
816
1148
1412
1485
1448
1472
1498
1329
1112
1038
1177
1219
1067
913
887
904
550
10
-235
-37
279
221
-256
-714
-873
-884
-704
-459
-401
-670
-1083
-1176
-778
-247
0
-110
-294
-347
-219
-24
229
417
373
188
19
1
23
-21
-151
-230
-228
-325
-598
-878
-944
-793
-620
-598
-726
-881
-938
-780
-440
-92
18
-61
-78
73
385
691
917
1009
1081
1315
1720
2064
1966
1460
1087
1365
2006
2237
1738
947
415
228
242
293
292
-62
-910
-1738
-1878
-1387
-996
-1207
-1786
-2169
-2116
-1885
-1572
-1266
-1082
-1106
-1267
-1193
-784
-294
-83
-69
15
226
339
214
95
240
485
557
396
157
-3
-147
-230
-266
-250
-280
-351
-485
-662
-804
-798
-576
-325
-223
-279
-297
-193
32
332
665
857
870
809
904
1138
1372
1464
1417
1377
1344
1267
1159
1139
1139
1042
818
730
800
887
667
97
-259
-258
15
165
-23
-381
-696
-949
-917
-598
-350
-447
-837
-1082
-914
-490
-168
-83
-150
-262
-296
-148
115
331
304
90
-27
-53
-92
-205
-323
-335
-316
-378
-605
-802
-842
-817
-725
-658
-649
-684
-733
-665
-401
-132
7
22
77
299
507
616
700
858
1138
1547
1960
2065
1684
1136
1047
1686
2387
2337
1509
663
280
308
441
517
377
-248
-1229
-1876
-1706
-1137
-953
-1389
-1998
-2191
-2048
-1840
-1623
-1363
-1169
-1184
-1275
-1183
-803
-419
-239
-128
100
309
230
22
-2
292
618
634
395
133
-22
-147
-211
-211
-160
-165
-281
-555
-829
-892
-707
-388
-212
-244
-346
-334
-213
42
415
738
887
808
717
864
1177
1395
1421
1393
1431
1414
1276
1113
1069
1120
1067
950
936
1021
883
291
-221
-274
107
459
241
-316
-783
-1059
-1017
-643
-303
-347
-786
-1263
-1222
-682
-151
29
-159
-414
-484
-303
-5
289
384
227
-4
-146
-138
-77
-111
-218
-323
-350
-471
-652
-739
-757
-707
-628
-597
-607
-644
-637
-483
-222
-28
46
99
187
357
526
739
929
1074
1252
1592
1999
2008
1578
1103
1200
1868
2297
1968
1208
587
331
286
327
405
211
-526
-1478
-1902
-1536
-1059
-1107
-1653
-2096
-2114
-1973
-1805
-1567
-1296
-1234
-1362
-1403
-1061
-562
-351
-388
-311
-5
246
211
16
84
356
530
478
302
183
62
-74
-182
-140
-80
-125
-310
-562
-694
-639
-420
-233
-193
-246
-233
-147
33
277
548
772
836
797
879
1114
1302
1327
1265
1314
1425
1368
1173
1032
1023
1076
1015
974
1039
1095
711
78
-252
-108
335
452
40
-497
-850
-1040
-909
-559
-343
-554
-1040
-1356
-1117
-539
-171
-188
-381
-534
-481
-271
31
248
222
-1
-221
-251
-156
-94
-199
-338
-367
-407
-567
-748
-820
-762
-658
-606
-619
-632
-623
-541
-321
-105
60
134
242
410
555
653
842
1048
1210
1419
1687
2015
2044
1597
1157
1243
1830
2260
1949
1148
504
287
255
298
286
51
-594
-1466
-1918
-1628
-1137
-1113
-1584
-2078
-2146
-1938
-1732
-1556
-1355
-1259
-1321
-1339
-1112
-707
-461
-405
-303
-46
181
147
-27
-24
218
456
488
357
166
12
-90
-134
-130
-131
-133
-207
-378
-619
-672
-453
-147
-8
-64
-80
-22
112
276
527
825
944
855
772
930
1189
1298
1260
1261
1338
1296
1090
945
1005
1110
1030
883
886
1025
845
261
-198
-176
210
421
103
-403
-776
-999
-938
-656
-407
-518
-970
-1328
-1187
-673
-271
-225
-371
-476
-450
-266
-19
160
141
-27
-200
-217
-119
-127
-232
-370
-375
-362
-477
-647
-758
-726
-636
-534
-486
-454
-445
-463
-349
-144
45
140
265
463
621
681
687
830
1050
1331
1591
1905
2088
1856
1291
961
1309
2035
2233
1613
746
267
188
202
206
181
-94
-949
-1809
-1971
-1498
-1111
-1313
-1854
-2163
-2097
-2024
-1933
-1647
-1285
-1173
-1347
-1383
-1078
-651
-432
-339
-77
261
339
113
-8
215
538
628
505
375
262
79
-123
-174
-18
81
20
-186
-465
-635
-562
-309
8
130
17
-108
-94
114
430
742
890
875
785
846
1102
1334
1386
1317
1280
1302
1268
1180
1161
1290
1307
1107
793
566
499
459
359
216
96
-187
-545
-748
-717
-621
-703
-924
-1096
-1076
-988
-891
-753
-564
-522
-608
-610
-440
-141
36
37
-34
-101
-173
-211
-144
17
68
-124
-447
-658
-647
-541
-479
-536
-621
-733
-828
-775
-597
-435
-395
-393
-294
-72
137
298
446
641
817
944
1052
1178
1274
1305
1455
1856
2340
2245
1535
802
854
1650
2160
1796
906
191
-162
-258
-141
85
-7
-780
-1825
-2248
-1809
-1240
-1248
-1697
-2040
-2078
-2066
-2047
-1783
-1359
-1082
-1147
-1247
-1043
-680
-485
-377
-65
349
537
289
15
87
416
669
661
538
368
156
-29
-126
-40
74
73
-45
-301
-513
-550
-360
-67
102
69
21
15
83
252
498
806
955
924
867
951
1089
1159
1214
1314
1405
1296
1060
908
943
980
900
775
718
733
657
426
16
-242
-319
-229
-72
-175
-557
-979
-1237
-1138
-733
-536
-727
-1067
-1261
-1130
-776
-463
-254
-264
-465
-627
-530
-236
5
41
-50
-81
-149
-284
-372
-308
-151
-102
-195
-374
-532
-627
-604
-445
-223
-124
-214
-373
-340
-64
192
343
463
633
792
812
795
942
1191
1381
1521
1798
2120
2127
1637
1070
1055
1651
2162
1913
1115
361
-19
-124
-67
3
-120
-727
-1644
-2181
-2002
-1516
-1385
-1755
-2199
-2386
-2386
-2282
-2029
-1655
-1363
-1353
-1476
-1371
-972
-544
-268
-11
265
462
443
305
353
616
861
882
765
602
457
302
158
93
122
157
141
-18
-327
-538
-478
-175
72
99
-20
-115
-93
70
405
780
955
852
709
806
1086
1293
1338
1297
1322
1325
1221
1163
1193
1263
1271
1087
818
575
388
253
153
83
-88
-394
-778
-995
-962
-845
-833
-967
-1146
-1253
-1172
-995
-743
-590
-588
-682
-695
-527
-284
-67
10
-53
-176
-246
-219
-116
-15
-57
-183
-338
-450
-455
-418
-341
-349
-413
-515
-582
-563
-488
-405
-286
-127
19
99
110
232
497
813
1026
1113
1089
1059
1107
1277
1533
1730
1835
1911
1922
1616
1116
833
1113
1655
1691
1026
183
-312
-451
-420
-338
-315
-626
-1472
-2278
-2427
-1957
-1490
-1568
-2016
-2344
-2406
-2318
-2046
-1602
-1167
-1025
-1139
-1155
-828
-381
-62
152
441
730
748
491
332
530
880
1076
970
741
489
266
137
175
328
420
302
-54
-440
-605
-421
-85
142
94
-88
-181
-147
37
347
666
855
816
703
744
944
1127
1236
1301
1354
1331
1154
959
910
1053
1196
1128
752
267
-84
-162
-13
95
-62
-498
-996
-1254
-1133
-882
-780
-964
-1221
-1342
-1256
-1082
-842
-648
-608
-633
-649
-519
-325
-139
-80
-52
-1
21
-41
-106
-99
-31
33
-11
-111
-257
-356
-394
-317
-207
-166
-270
-420
-395
-175
24
102
65
133
382
584
694
763
880
1049
1192
1301
1377
1425
1423
1390
1431
1606
1854
1910
1494
853
442
635
1153
1256
711
-88
-663
-874
-838
-753
-718
-1009
-1735
-2468
-2606
-2184
-1769
-1793
-2095
-2283
-2259
-2138
-1913
-1521
-1081
-826
-775
-707
-457
-105
156
383
688
1002
1069
854
645
700
976
1142
1089
901
652
422
194
121
197
255
226
-4
-304
-525
-511
-271
-44
87
59
-16
-76
-42
192
584
926
963
847
827
981
1128
1162
1191
1257
1282
1113
851
747
838
907
759
462
147
-92
-214
-234
-234
-355
-654
-1050
-1267
-1187
-990
-968
-1079
-1221
-1245
-1188
-1069
-867
-661
-542
-598
-609
-453
-193
-22
20
78
120
132
87
82
202
299
245
55
-66
-60
-21
-36
-102
-145
-151
-192
-165
-51
85
140
112
163
334
524
625
678
773
915
1035
1127
1191
1219
1199
1135
1089
1111
1231
1387
1476
1306
809
285
135
494
873
703
-7
-719
-1091
-1134
-1015
-922
-1015
-1470
-2218
-2615
-2382
-1848
-1599
-1782
-2109
-2181
-1993
-1706
-1332
-936
-667
-600
-557
-345
58
393
559
686
896
1071
1069
913
844
947
1075
1111
1021
877
654
378
163
144
273
341
187
-154
-513
-598
-369
-28
191
136
-34
-133
-67
220
582
846
887
757
660
774
977
1072
1076
1039
1026
950
781
606
528
550
552
440
207
-105
-383
-518
-495
-455
-536
-817
-1143
-1300
-1238
-1056
-967
-1061
-1222
-1291
-1204
-962
-686
-513
-497
-535
-482
-308
-50
166
277
282
214
192
286
419
485
438
335
256
206
152
116
98
95
43
-40
-55
-12
63
71
64
120
258
398
416
395
440
561
710
777
815
818
816
812
835
897
923
825
687
717
938
1105
908
368
-77
-81
264
459
167
-415
-922
-1171
-1188
-1084
-1000
-1163
-1691
-2217
-2311
-1906
-1511
-1491
-1700
-1818
-1639
-1382
-1105
-816
-550
-355
-243
-30
297
578
704
750
943
1211
1336
1213
983
888
963
1061
1059
925
659
376
131
0
35
88
49
-82
-299
-496
-504
-340
-115
6
8
-33
-30
28
189
448
673
764
719
677
726
768
794
851
909
889
697
429
291
321
402
331
103
-184
-432
-567
-599
-570
-605
-783
-1058
-1242
-1218
-1067
-990
-1040
-1075
-1034
-932
-794
-627
-453
-308
-236
-123
56
239
334
382
454
557
642
635
602
593
590
555
482
398
304
206
92
56
47
27
-48
-118
-160
-164
-95
-14
52
72
55
39
132
285
447
557
567
514
462
463
606
782
825
691
477
408
581
877
1067
888
369
-156
-262
109
430
284
-277
-869
-1159
-1185
-1068
-935
-977
-1355
-1872
-2034
-1749
-1347
-1233
-1366
-1458
-1309
-1060
-833
-564
-290
-61
62
189
443
745
889
883
918
1099
1252
1183
987
860
849
798
684
602
545
386
69
-184
-263
-171
-98
-196
-439
-709
-805
-670
-392
-209
-187
-278
-318
-192
46
331
554
597
537
492
594
764
824
784
726
690
642
566
500
471
383
191
-11
-163
-224
-287
-445
-609
-733
-808
-888
-921
-910
-878
-858
-861
-807
-689
-542
-420
-272
-97
51
158
242
371
508
653
753
784
749
681
641
609
632
596
479
276
73
-55
-82
-88
-165
-304
-441
-537
-578
-564
-490
-430
-377
-322
-288
-216
-173
-117
7
188
389
499
480
435
488
643
815
877
823
716
641
697
822
994
930
532
98
-59
167
409
285
-161
-586
-795
-849
-832
-820
-875
-1132
-1471
-1644
-1510
-1247
-1155
-1206
-1232
-1103
-918
-786
-624
-358
-78
113
227
373
540
697
774
892
1043
1107
1026
841
726
714
751
695
557
357
136
-67
-222
-305
-353
-396
-447
-573
-698
-750
-668
-509
-401
-352
-310
-216
-102
17
164
320
458
528
577
649
708
701
662
650
686
756
765
694
550
353
147
42
67
100
-9
-272
-535
-706
-727
-661
-608
-653
-751
-827
-824
-670
-465
-288
-185
-147
-66
86
252
408
474
523
595
659
692
633
537
460
426
426
365
185
-32
-236
-328
-356
-396
-468
-632
-753
-835
-837
-768
-702
-606
-520
-446
-371
-299
-155
1
195
407
560
666
646
661
760
927
1105
1180
1115
1004
912
965
1154
1269
1132
784
441
340
461
506
318
-38
-381
-655
-814
-864
-882
-997
-1280
-1559
-1646
-1518
-1370
-1329
-1345
-1291
-1122
-961
-800
-603
-383
-189
8
197
393
532
597
636
716
849
884
793
674
618
559
455
329
228
120
-43
-215
-377
-489
-567
-600
-632
-694
-768
-822
-750
-607
-458
-366
-275
-192
-86
69
263
461
558
612
660
759
837
874
895
921
982
1022
972
824
593
418
366
411
387
207
-95
-421
-565
-507
-378
-367
-530
-761
-868
-781
-550
-300
-200
-217
-274
-269
-132
113
316
400
386
335
324
361
402
396
348
282
210
69
-95
-252
-372
-426
-460
-533
-638
-758
-833
-825
-761
-698
-624
-571
-511
-411
-258
-61
97
215
293
402
577
762
933
1072
1122
1128
1153
1214
1277
1292
1326
1410
1469
1342
1026
708
555
592
654
549
198
-269
-727
-941
-894
-760
-834
-1194
-1640
-1883
-1793
-1534
-1315
-1283
-1358
-1434
-1381
-1169
-860
-565
-365
-250
-175
-71
75
220
361
529
656
692
621
455
350
354
418
440
366
190
-69
-258
-371
-406
-359
-357
-448
-620
-786
-795
-673
-478
-300
-193
-174
-192
-124
73
373
620
748
780
782
813
879
1009
1183
1308
1320
1195
1033
909
874
884
860
740
525
256
3
-154
-222
-251
-311
-461
-672
-819
-881
-832
-709
-612
-553
-576
-621
-587
-488
-286
-66
59
81
9
-16
31
124
206
225
151
16
-134
-205
-227
-243
-282
-363
-456
-562
-644
-691
-672
-586
-460
-410
-411
-396
-344
-183
66
295
455
508
509
596
775
1019
1215
1336
1327
1263
1220
1277
1475
1653
1699
1541
1241
965
833
884
917
794
455
-15
-438
-711
-794
-836
-964
-1239
-1597
-1876
-1974
-1888
-1757
-1694
-1693
-1708
-1676
-1544
-1293
-1029
-769
-551
-380
-220
-73
78
267
463
641
707
681
626
550
528
519
521
490
353
150
-68
-220
-309
-341
-346
-395
-510
-654
-744
-735
-576
-375
-207
-130
-126
-55
54
283
564
809
963
1052
1108
1173
1250
1352
1468
1510
1418
1222
1054
938
845
703
527
319
73
-166
-380
-521
-623
-709
-791
-862
-922
-969
-948
-866
-740
-628
-568
-506
-448
-351
-250
-131
-17
49
84
52
16
34
59
37
0
-56
-103
-167
-257
-321
-360
-364
-388
-427
-470
-488
-470
-413
-297
-172
-97
-34
44
180
367
535
711
811
883
975
1045
1117
1205
1306
1401
1369
1254
1186
1244
1344
1223
869
505
354
383
421
308
21
-372
-763
-930
-851
-720
-774
-1007
-1260
-1372
-1313
-1173
-1020
-964
-1024
-1091
-1063
-948
-805
-701
-632
-587
-550
-504
-454
-414
-370
-306
-249
-216
-224
-275
-308
-275
-195
-114
-87
-78
-45
-27
-42
-60
9
145
280
298
238
198
232
341
474
587
606
546
517
544
565
590
564
566
585
582
552
500
444
423
426
486
523
463
374
306
348
456
532
537
456
344
290
304
347
365
277
127
-7
-105
-162
-236
-350
-496
-654
-774
-872
-937
-992
-1043
-1084
-1105
-1055
-984
-907
-830
-787
-689
-546
-351
-199
-85
5
78
201
339
463
565
606
583
564
599
644
661
604
509
423
345
291
278
253
221
173
119
105
150
217
271
296
329
368
425
543
699
863
896
854
765
746
860
930
896
758
518
290
139
39
-82
-294
-606
-929
-1135
-1241
-1298
-1381
-1554
-1739
-1831
-1794
-1667
-1550
-1479
-1386
-1275
-1119
-910
-681
-473
-316
-190
-42
157
327
419
431
476
514
534
518
470
452
426
344
237
155
122
52
-24
-55
-50
-60
-84
-91
-21
81
157
228
320
455
560
635
706
804
910
993
1032
1029
1022
1035
1014
969
907
820
702
574
446
356
292
177
-9
-189
-316
-411
-494
-567
-651
-734
-812
-862
-860
-840
-826
-849
-836
-786
-691
-585
-537
-495
-457
-413
-358
-262
-186
-130
-100
-87
-31
45
149
204
215
219
243
277
321
377
449
480
477
459
437
448
448
467
514
520
487
416
369
389
406
412
378
319
259
209
180
193
215
195
119
35
26
53
79
61
20
-32
-64
-81
-123
-182
-240
-307
-348
-367
-419
-519
-660
-779
-815
-781
-759
-776
-863
-951
-978
-945
-865
-789
-743
-705
-681
-594
-491
-359
-245
-162
-50
46
152
226
287
363
427
467
473
433
403
401
433
463
445
375
295
245
257
281
274
241
177
147
160
206
255
281
273
281
346
425
480
511
523
554
612
647
676
672
639
581
530
498
453
374
251
97
15
-47
-146
-263
-403
-519
-601
-656
-706
-755
-829
-863
-865
-848
-818
-784
-758
-742
-661
-578
-490
-401
-317
-236
-153
-57
52
178
251
298
339
427
526
602
627
590
573
565
601
634
651
595
486
406
361
361
353
289
217
161
116
94
63
36
6
-13
-41
-25
-26
-44
-27
-8
18
11
-5
-23
-40
-47
-62
-80
-108
-161
-220
-271
-306
-340
-381
-438
-497
-549
-581
-628
-656
-660
-630
-602
-625
-644
-670
-658
-579
-496
-414
-351
-342
-310
-244
-152
-13
100
173
204
234
283
355
443
477
487
474
462
431
434
461
461
437
356
286
254
254
260
242
218
175
141
121
124
164
199
209
202
231
248
268
288
316
341
362
379
370
357
315
269
246
185
135
56
-62
-157
-245
-320
-398
-480
-548
-603
-642
-696
-732
-754
-750
-721
-693
-643
-594
-535
-487
-413
-309
-210
-97
-5
77
158
240
303
397
492
556
595
601
612
632
654
662
658
638
619
560
500
453
438
394
339
259
171
132
87
58
47
25
-4
-50
-92
-96
-109
-92
-107
-122
-137
-163
-203
-222
-240
-230
-222
-269
-291
-329
-361
-389
-400
-376
-363
-386
-425
-486
-518
-503
-463
-447
-435
-433
-461
-459
-427
-367
-300
-247
-202
-171
-140
-102
-51
5
40
81
127
170
212
235
267
322
371
410
426
442
475
484
484
499
502
486
456
421
408
391
349
286
242
226
217
186
158
142
105
69
26
25
41
55
42
3
-31
-55
-53
-40
-23
-44
-91
-126
-147
-149
-157
-188
-225
-274
-309
-325
-352
-390
-437
-477
-485
-474
-469
-492
-523
-532
-483
-423
-377
-349
-312
-279
-222
-135
-46
64
142
187
214
285
380
485
548
594
631
654
674
664
662
644
630
598
569
522
458
374
326
311
268
201
113
29
-29
-61
-92
-123
-163
-212
-250
-273
-267
-262
-255
-273
-284
-261
-256
-252
-265
-268
-259
-256
-259
-282
-326
-336
-329
-318
-308
-318
-352
-381
-396
-373
-327
-284
-274
-289
-288
-242
-158
-83
-38
-22
-5
35
96
162
234
271
287
290
302
343
384
405
408
412
420
401
395
388
388
383
364
340
301
266
219
188
201
185
157
86
17
10
6
14
6
-14
-45
-80
-101
-87
-77
-74
-82
-115
-151
-181
-174
-181
-175
-191
-216
-228
-251
-271
-305
-302
-291
-310
-328
-360
-377
-368
-369
-365
-355
-334
-319
-304
-276
-226
-176
-142
-95
-48
6
44
89
172
249
302
306
319
357
401
448
482
499
500
480
455
451
469
479
457
428
396
400
377
339
289
239
175
115
56
7
-38
-87
-158
-224
-252
-286
-306
-314
-313
-304
-321
-335
-356
-332
-301
-281
-262
-258
-264
-270
-273
-267
-255
-242
-253
-263
-262
-265
-239
-212
-197
-187
-175
-149
-129
-105
-63
-8
41
66
94
128
185
212
264
301
339
376
374
391
421
443
459
475
471
468
419
402
393
383
359
321
268
209
166
120
84
46
2
-58
-105
-143
-167
-182
-203
-216
-239
-257
-282
-292
-280
-265
-232
-246
-248
-254
-251
-242
-224
-195
-196
-193
-216
-234
-221
-243
-235
-258
-264
-277
-296
-295
-293
-274
-252
-230
-210
-167
-136
-85
-56
1
68
114
152
163
220
241
281
324
346
383
361
343
346
363
388
405
378
344
318
291
275
268
245
214
178
150
127
86
58
41
32
1
-48
-92
-127
-153
-166
-172
-181
-196
-241
-284
-296
-283
-265
-257
-271
-297
-294
-296
-271
-247
-243
-223
-225
-228
-212
-189
-160
-124
-98
-77
-60
-40
-10
18
56
92
123
144
153
172
187
205
255
281
310
298
296
309
350
392
394
390
366
356
362
364
372
365
339
301
270
250
208
167
108
87
71
39
-9
-72
-110
-141
-179
-204
-237
-279
-328
-375
-387
-381
-380
-410
-444
-447
-426
-407
-392
-362
-315
-290
-279
-241
-208
-158
-124
-113
-80
-62
-52
-72
-65
-39
-14
-2
-11
-25
-50
-45
-34
-15
-1
-2
-6
-8
26
45
75
99
110
139
134
147
166
194
237
261
258
261
270
294
295
291
304
283
272
240
221
197
168
137
105
72
22
-36
-78
-96
-92
-97
-141
-186
-219
-229
-220
-196
-195
-210
-228
-217
-202
-161
-137
-136
-121
-110
-91
-79
-68
-53
-29
-26
-21
-16
-10
-11
-20
-24
-28
-9
-12
-20
-19
8
25
41
55
89
126
162
192
223
255
284
327
359
394
412
429
438
442
453
436
418
404
371
330
290
236
197
131
72
15
-53
-101
-149
-199
-244
-292
-340
-369
-405
-419
-439
-461
-476
-484
-467
-454
-437
-423
-412
-391
-351
-328
-285
-249
-201
-164
-144
-106
-84
-62
-51
-24
-2
5
6
5
7
11
10
21
31
46
27
22
36
46
67
84
99
112
116
131
158
182
209
216
222
226
240
257
249
248
231
206
196
172
165
140
126
100
70
55
20
-10
-40
-69
-101
-105
-128
-140
-160
-187
-180
-166
-142
-148
-159
-175
-166
-140
-130
-114
-98
-92
-97
-84
-72
-44
-28
-32
-23
-11
-1
12
11
22
22
30
39
54
68
61
69
87
115
131
120
121
136
163
185
206
214
197
203
223
249
265
252
239
233
236
244
240
236
211
207
192
185
175
127
98
67
45
26
-5
-39
-73
-101
-128
-155
-182
-213
-261
-286
-323
-345
-366
-379
-393
-425
-420
-415
-406
-394
-379
-366
-350
-297
-261
-233
-207
-166
-108
-67
-25
8
48
103
136
152
161
183
191
186
197
202
195
171
158
131
122
100
78
52
34
31
7
-14
-41
-53
-52
-33
-28
-26
-18
-3
24
44
73
96
102
99
104
108
120
115
104
81
72
52
29
6
-20
-28
-72
-97
-121
-134
-145
-158
-179
-178
-180
-179
-177
-164
-135
-122
-90
-79
-35
2
30
70
97
126
148
160
176
184
200
203
195
184
178
185
177
157
110
95
71
69
72
67
57
23
10
20
29
52
67
78
101
123
165
204
226
229
240
244
255
256
236
217
186
158
134
89
55
-1
-58
-92
-128
-165
-220
-273
-315
-356
-378
-396
-395
-402
-413
-410
-406
-391
-381
-350
-313
-283
-256
-219
-188
-139
-88
-49
-22
13
39
57
92
118
142
172
168
173
181
189
195
182
182
183
169
148
139
121
79
48
40
23
18
-5
-27
-30
-40
-51
-48
-49
-55
-56
-63
-66
-57
-54
-58
-64
-58
-60
-62
-66
-64
-48
-28
-25
-6
3
-5
12
24
28
29
25
14
-1
-17
-24
-14
-22
-25
-43
-51
-63
-66
-52
-37
-30
-27
-29
-25
-6
12
22
48
57
65
79
97
112
129
157
175
192
189
183
184
196
205
185
183
158
148
135
127
131
100
83
72
60
50
51
36
41
26
23
33
32
52
59
50
55
46
33
36
11
5
-15
-27
-38
-68
-94
-122
-147
-169
-183
-202
-227
-244
-270
-285
-309
-319
-316
-318
-315
-305
-291
-291
-262
-232
-196
-158
-133
-90
-46
6
46
109
143
168
194
228
262
295
314
313
327
307
295
259
233
201
161
133
97
63
14
-31
-64
-105
-123
-147
-165
-188
-207
-212
-210
-199
-181
-168
-169
-158
-143
-113
-66
-41
-28
-7
-4
12
17
29
56
60
62
61
50
49
53
43
38
30
-3
-23
-39
-43
-42
-54
-55
-60
-59
-64
-59
-39
-15
17
33
51
64
85
116
140
175
187
185
202
182
204
203
208
203
172
147
125
108
83
73
49
32
2
-24
-53
-59
-62
-61
-55
-48
-49
-51
-41
-31
6
28
51
57
61
57
78
101
107
97
82
63
49
44
26
15
-14
-39
-66
-95
-115
-134
-157
-164
-182
-191
-200
-195
-202
-191
-178
-166
-142
-141
-130
-122
-86
-44
-14
11
35
47
75
112
147
166
195
206
197
204
191
198
173
155
130
107
81
41
-4
-42
-73
-109
-127
-159
-186
-210
-231
-248
-243
-237
-245
-246
-248
-251
-226
-209
-189
-171
-147
-134
-122
-94
-60
-26
-13
13
33
51
72
94
104
122
130
128
143
145
136
137
133
123
123
107
92
78
74
65
59
51
37
46
45
48
59
70
80
89
113
130
137
153
154
161
165
176
188
180
172
170
152
122
98
78
74
51
24
1
-32
-58
-81
-89
-94
-98
-118
-119
-114
-107
-99
-95
-94
-86
-79
-72
-69
-68
-71
-54
-32
-19
-13
-16
-20
0
13
3
-7
-20
-25
-47
-44
-52
-62
-63
-84
-97
-98
-86
-87
-99
-95
-102
-80
-74
-70
-41
-34
-11
8
30
51
68
84
104
133
150
166
164
149
154
154
145
140
118
80
42
8
-14
-43
-82
-116
-146
-175
-206
-229
-244
-246
-257
-271
-274
-276
-263
-250
-233
-217
-199
-182
-161
-124
-80
-32
12
37
61
85
110
126
151
160
172
169
173
171
175
172
146
137
123
106
108
93
91
90
83
80
72
81
68
73
78
102
96
103
107
113
118
125
139
146
147
152
145
139
134
126
118
97
78
45
37
6
-15
-52
-74
-105
-121
-137
-156
-163
-178
-187
-189
-189
-189
-176
-168
-137
-129
-114
-97
-67
-48
-32
-13
-8
12
13
26
26
36
50
47
50
46
52
56
59
59
54
50
32
30
8
13
29
28
25
25
42
36
33
33
48
53
52
51
46
34
45
50
42
53
36
23
13
6
10
-6
-10
-18
-25
-49
-71
-97
-130
-122
-141
-158
-188
-201
-218
-241
-253
-265
-261
-263
-255
-245
-217
-193
-169
-145
-120
-90
-62
-40
-18
16
43
64
81
99
123
133
150
163
185
185
184
177
177
190
170
162
159
165
164
163
161
156
144
140
135
130
131
120
103
94
99
96
90
81
85
82
84
88
85
84
66
56
50
43
38
23
10
-7
-30
-44
-60
-85
-103
-123
-130
-147
-164
-170
-173
-174
-179
-182
-172
-157
-146
-129
-116
-90
-75
-55
-37
-25
-3
2
17
35
50
55
68
75
87
91
85
87
76
84
82
82
93
84
75
58
44
33
13
11
11
-1
-7
-12
-16
-24
-22
-12
-24
-16
-26
-33
-28
-33
-32
-40
-41
-53
-71
-76
-66
-66
-92
-106
-124
-136
-145
-151
-167
-180
-172
-174
-181
-182
-188
-183
-179
-170
-163
-156
-138
-128
-106
-85
-58
-29
1
25
45
67
104
125
143
167
187
202
218
233
242
244
244
247
250
247
241
230
215
204
180
163
145
136
119
101
82
81
68
53
43
28
33
30
25
18
5
-8
2
-1
-5
-16
-25
-37
-36
-49
-65
-78
-102
-110
-124
-135
-146
-170
-186
-184
-186
-188
-179
-191
-189
-183
-174
-158
-138
-126
-122
-98
-72
-50
-23
2
14
30
44
63
87
106
115
122
131
145
155
155
148
150
145
155
153
154
148
131
123
121
119
115
98
81
66
66
69
55
37
20
-3
-14
-22
-30
-36
-55
-66
-76
-95
-115
-116
-130
-136
-144
-149
-162
-180
-190
-203
-195
-198
-186
-181
-176
-174
-165
-156
-150
-142
-136
-119
-111
-90
-81
-56
-37
-26
-8
12
39
52
76
93
114
133
142
150
148
159
169
182
184
179
178
180
178
176
178
175
164
164
162
165
154
148
134
122
103
85
70
61
51
32
19
-1
-5
-26
-37
-55
-71
-81
-83
-83
-98
-107
-118
-115
-112
-117
-120
-130
-125
-116
-127
-115
-124
-123
-124
-132
-121
-120
-121
-110
-104
-105
-99
-95
-85
-70
-55
-34
-18
-7
3
15
36
49
64
85
106
117
127
141
150
162
175
179
185
192
194
187
183
184
167
163
153
146
129
111
85
86
68
42
23
3
-20
-38
-46
-59
-73
-95
-113
-135
-154
-170
-173
-182
-195
-204
-206
-209
-216
-212
-207
-192
-185
-188
-166
-153
-151
-138
-129
-123
-108
-98
-84
-64
-47
-31
-16
3
14
22
38
60
76
102
104
119
131
152
171
188
190
189
200
194
190
192
190
186
180
168
162
147
145
135
117
106
89
80
64
61
42
38
27
8
4
-16
-32
-45
-58
-63
-66
-84
-94
-115
-126
-141
-146
-156
-163
-161
-168
-161
-158
-157
-155
-144
-139
-128
-121
-123
-120
-115
-114
-106
-90
-70
-54
-38
-30
-6
6
24
45
55
76
84
89
98
99
109
120
130
139
132
140
141
142
146
150
152
152
143
146
144
139
137
129
124
110
82
76
66
55
47
37
21
-9
-29
-43
-59
-73
-99
-113
-133
-152
-164
-184
-193
-195
-207
-209
-210
-213
-213
-208
-193
-177
-153
-138
-124
-117
-110
-89
-70
-53
-36
-31
-15
-3
10
24
34
60
71
73
83
87
96
108
115
132
141
147
149
153
163
165
175
166
165
172
175
168
174
172
167
156
143
133
123
111
88
66
51
29
7
-12
-34
-56
-77
-94
-108
-131
-148
-148
-161
-168
-182
-198
-192
-193
-188
-189
-201
-196
-196
-184
-167
-146
-135
-127
-117
-96
-72
-54
-40
-24
-18
-5
7
16
21
26
52
57
65
65
72
85
95
108
121
140
146
156
162
169
175
167
183
173
174
171
155
159
156
164
160
150
143
129
121
102
85
65
42
28
9
-5
-22
-32
-42
-66
-72
-83
-87
-105
-121
-121
-129
-140
-149
-154
-159
-161
-180
-169
-171
-167
-167
-168
-161
-161
-155
-139
-118
-113
-101
-91
-70
-65
-57
-48
-33
-18
-8
18
21
37
46
61
60
74
75
78
94
92
113
117
127
124
126
126
127
125
123
128
118
119
101
104
102
82
82
66
52
47
33
26
7
-10
-23
-39
-40
-55
-77
-86
-99
-99
-108
-119
-123
-137
-148
-160
-168
-171
-167
-159
-154
-152
-152
-141
-138
-125
-106
-103
-79
-59
-43
-26
-4
4
24
39
47
59
74
85
96
108
121
116
130
136
141
156
159
176
177
178
179
185
185
181
180
172
158
150
131
128
121
118
104
83
74
62
48
28
17
-2
-18
-41
-47
-61
-74
-92
-98
-109
-124
-133
-143
-144
-147
-149
-163
-158
-157
-160
-162
-166
-164
-153
-149
-145
-128
-124
-115
-107
-94
-74
-56
-46
-34
-15
-9
12
26
37
38
37
43
48
46
61
60
61
64
60
66
71
89
98
104
110
120
122
118
123
120
120
118
121
110
97
79
75
59
54
45
37
32
15
9
-11
-21
-30
-35
-48
-65
-76
-84
-102
-114
-123
-136
-153
-156
-168
-172
-168
-171
-155
-161
-150
-133
-128
-118
-105
-93
-76
-69
-63
-39
-26
-13
2
15
25
40
55
68
83
93
99
109
120
124
133
136
138
147
150
146
153
151
159
167
165
168
161
148
148
141
138
127
125
114
95
82
65
50
38
21
3
-11
-21
-38
-51
-58
-74
-87
-99
-109
-112
-112
-129
-134
-140
-140
-129
-132
-126
-120
-119
-116
-121
-110
-109
-93
-84
-77
-67
-59
-54
-49
-37
-32
-25
-24
-13
-2
2
6
9
13
25
34
35
39
37
43
56
56
68
72
73
80
85
87
94
92
94
89
83
86
78
78
70
66
67
65
60
53
45
37
19
6
-7
-18
-32
-50
-58
-81
-92
-98
-115
-121
-134
-140
-142
-153
-150
-156
-139
-145
-147
-139
-135
-126
-117
-103
-85
-89
-76
-55
-43
-14
1
16
23
32
44
59
75
81
93
102
113
126
126
134
136
132
150
143
144
149
140
136
130
135
132
115
102
98
85
80
71
53
55
38
31
20
4
2
-15
-20
-31
-39
-48
-59
-69
-80
-93
-101
-110
-115
-119
-121
-113
-112
-117
-120
-119
-112
-100
-96
-80
-84
-65
-53
-43
-36
-26
-12
-6
10
12
22
36
38
36
41
53
59
67
66
69
68
64
65
62
58
54
53
54
47
41
45
34
32
30
34
31
31
33
33
35
36
36
41
32
32
32
19
18
18
12
5
-8
-19
-30
-50
-60
-77
-89
-97
-107
-117
-123
-133
-139
-145
-148
-145
-150
-143
-138
-125
-120
-114
-111
-97
-82
-66
-53
-48
-34
-28
-8
8
20
31
38
42
54
65
75
82
82
90
97
110
111
117
121
128
126
133
136
143
148
144
146
149
146
141
131
123
109
103
102
87
77
66
56
41
30
13
-2
-14
-36
-44
-56
-63
-75
-82
-86
-94
-109
-113
-112
-110
-106
-112
-104
-97
-89
-83
-80
-77
-63
-66
-56
-49
-41
-28
-25
-11
-7
7
14
22
35
39
46
54
53
60
59
62
59
59
65
59
59
59
52
55
51
56
56
58
49
45
44
36
38
29
22
13
4
-7
-22
-27
-25
-32
-30
-34
-32
-37
-38
-39
-34
-32
-32
-32
-44
-53
-65
-83
-85
-89
-100
-107
-118
-128
-124
-132
-131
-129
-122
-114
-116
-104
-92
-91
-78
-79
-65
-51
-43
-22
-10
8
17
34
42
59
70
87
99
115
116
122
134
145
136
145
145
138
140
128
125
116
111
102
92
83
74
61
60
46
37
30
19
18
9
2
5
9
3
-6
-10
-10
-15
-20
-27
-31
-42
-41
-52
-64
-69
-86
-89
-96
-102
-106
-109
-113
-112
-105
-98
-90
-78
-74
-73
-52
-49
-29
-17
-1
19
29
43
60
74
76
77
81
93
95
93
87
84
81
81
72
64
61
53
50
43
38
37
29
26
15
0
-3
-12
-15
-17
-21
-26
-29
-26
-32
-37
-34
-37
-33
-38
-30
-38
-41
-46
-58
-56
-63
-67
-70
-78
-74
-79
-86
-86
-89
-85
-87
-88
-78
-85
-89
-84
-89
-81
-76
-64
-57
-50
-30
-29
-7
6
4
25
27
38
51
65
83
89
92
92
106
108
108
107
105
108
112
119
107
107
112
114
115
108
104
96
84
80
70
61
43
31
26
9
0
-6
-18
-27
-32
-36
-38
-36
-36
-33
-39
-43
-40
-40
-52
-64
-59
-60
-55
-60
-57
-58
-63
-49
-55
-45
-44
-44
-38
-37
-25
-30
-28
-28
-20
-11
-2
-3
5
18
28
38
52
54
62
75
74
77
86
99
98
92
96
92
82
76
63
67
62
50
43
33
25
6
3
-9
-15
-20
-28
-37
-45
-51
-60
-63
-66
-68
-71
-69
-79
-77
-81
-76
-70
-79
-75
-88
-76
-74
-72
-70
-71
-66
-67
-65
-65
-63
-63
-58
-54
-59
-60
-61
-55
-51
-45
-33
-33
-24
-15
2
15
19
37
43
46
57
57
63
69
77
82
89
92
96
100
100
95
93
98
98
96
97
83
78
69
59
56
46
32
21
18
7
0
-11
-16
-25
-30
-34
-34
-33
-37
-33
-46
-50
-52
-61
-54
-51
-49
-47
-46
-38
-41
-34
-35
-28
-25
-21
-21
-25
-19
-20
-18
-21
-19
-17
-7
3
3
8
11
15
25
34
40
46
58
54
58
68
71
78
78
83
81
80
77
67
68
61
63
52
42
28
25
8
1
-2
-18
-22
-29
-38
-47
-54
-55
-61
-71
-68
-72
-80
-78
-85
-88
-83
-87
-84
-86
-79
-78
-81
-72
-66
-63
-63
-58
-57
-54
-51
-54
-45
-46
-36
-34
-37
-23
-20
-11
-11
-8
-3
3
9
11
14
15
13
23
35
41
48
48
56
56
64
66
62
69
73
75
78
74
69
63
55
57
48
52
43
46
40
35
37
32
28
24
25
18
18
11
0
-9
-19
-23
-26
-27
-27
-34
-37
-40
-38
-36
-36
-29
-22
-11
-11
-16
-11
-5
-2
5
4
6
8
5
11
11
12
14
17
23
24
22
22
26
32
28
30
30
30
33
32
41
39
37
30
34
27
30
36
30
29
30
35
30
25
16
15
9
3
-8
-7
-14
-23
-36
-39
-32
-39
-47
-45
-50
-58
-69
-66
-63
-71
-77
-87
-89
-88
-84
-94
-84
-85
-82
-72
-67
-56
-51
-42
-31
-16
-8
6
11
14
22
21
29
28
34
38
29
32
31
30
28
25
30
31
30
34
42
36
41
45
46
42
38
39
41
46
45
43
46
43
40
46
32
34
30
28
24
15
20
16
11
9
4
-4
-3
-11
-20
-21
-34
-36
-43
-49
-54
-57
-56
-54
-52
-57
-53
-47
-45
-44
-35
-27
-22
-21
-12
-7
-6
0
6
10
23
32
29
32
32
37
45
43
46
47
43
43
38
39
39
36
40
30
35
32
34
39
33
30
23
19
21
21
19
17
16
16
6
-4
-4
-8
-14
-19
-17
-18
-14
-21
-20
-27
-31
-42
-43
-47
-56
-57
-65
-74
-72
-73
-80
-80
-85
-75
-75
-77
-75
-72
-65
-67
-59
-57
-57
-48
-45
-41
-34
-22
-22
-16
-7
-4
14
23
27
44
50
57
62
61
64
65
68
66
66
56
54
53
47
47
42
41
34
29
30
26
24
23
23
13
14
15
12
10
8
14
18
19
16
19
19
17
20
14
12
10
5
-2
-13
-13
-22
-28
-26
-27
-31
-33
-37
-38
-38
-32
-31
-28
-23
-17
-10
0
3
12
22
29
33
40
51
49
55
60
61
62
57
55
61
57
50
42
41
41
32
22
15
13
-1
-3
-10
-13
-11
-16
-16
-18
-19
-21
-21
-24
-27
-36
-37
-37
-43
-51
-53
-52
-50
-46
-45
-41
-45
-46
-47
-46
-49
-46
-45
-46
-48
-43
-48
-47
-44
-43
-37
-35
-32
-33
-33
-32
-28
-20
-15
-11
3
10
7
13
20
33
37
43
42
43
51
49
55
65
64
67
64
67
64
57
61
53
51
38
35
33
16
9
3
1
1
-4
-8
-11
-10
-10
-14
-4
-8
-11
-8
-1
1
2
-4
-1
-8
-6
-7
-17
-7
-5
-12
-16
-17
-16
-20
-19
-18
-15
-21
-19
-20
-20
-24
-20
-20
-21
-23
-16
-15
-20
-10
-11
-7
1
8
19
24
33
41
42
49
46
48
45
50
58
55
54
53
51
46
43
34
30
24
22
15
8
4
-4
-12
-13
-17
-19
-23
-34
-32
-32
-28
-40
-31
-33
-34
-32
-31
-27
-38
-31
-40
-42
-39
-35
-34
-34
-35
-41
-45
-39
-34
-36
-34
-42
-43
-40
-39
-40
-43
-41
-35
-33
-33
-28
-25
-18
-12
-1
2
6
13
13
21
20
29
28
35
39
40
48
43
47
50
50
49
50
48
43
45
43
35
30
25
21
16
7
1
-2
-11
-11
-16
-15
-18
-21
-13
-15
-15
-12
-12
-9
-7
-7
3
-1
3
4
7
6
3
7
7
8
3
1
-1
-7
-9
-9
-15
-19
-13
-10
-11
-9
-5
-5
-1
1
0
6
11
10
15
22
31
34
35
43
50
53
49
52
50
45
51
49
47
40
31
30
25
21
16
6
-2
-11
-19
-23
-32
-32
-31
-37
-35
-36
-34
-32
-34
-34
-39
-33
-35
-40
-38
-45
-39
-41
-42
-40
-39
-44
-39
-30
-33
-22
-27
-31
-27
-25
-29
-31
-28
-27
-22
-20
-16
-11
-9
-13
-11
-4
0
5
15
24
35
35
40
39
41
43
49
52
56
58
55
70
60
61
58
54
49
45
34
26
23
20
15
9
5
-12
-15
-18
-27
-28
-23
-19
-25
-24
-28
-25
-34
-36
-31
-30
-27
-30
-29
-29
-30
-27
-29
-30
-19
-13
-17
-16
-20
-14
-13
-14
-14
-13
-7
-9
-3
1
-2
1
5
8
9
19
21
23
23
20
26
27
28
35
33
38
35
40
31
31
34
31
35
32
27
26
23
24
22
27
29
18
20
17
16
17
13
2
-6
-9
-13
-21
-28
-27
-32
-35
-33
-40
-41
-43
-39
-31
-35
-32
-35
-33
-34
-33
-33
-32
-22
-27
-22
-19
-17
-12
-5
4
7
10
11
11
12
12
15
10
11
8
7
8
9
12
17
23
20
22
26
23
13
23
20
18
13
19
17
14
15
10
8
7
9
4
3
2
-3
-5
-9
-14
-19
-21
-20
-29
-28
-31
-32
-36
-33
-33
-34
-31
-31
-29
-32
-35
-33
-32
-27
-23
-23
-14
-11
-5
0
-1
7
3
5
6
8
13
11
17
15
20
19
21
27
28
31
31
29
32
34
31
29
31
33
26
27
21
26
31
25
29
29
26
19
15
17
14
16
12
12
6
-3
-4
-3
-12
-6
-12
-19
-22
-18
-18
-26
-24
-30
-33
-31
-25
-25
-25
-27
-29
-33
-34
-31
-28
-33
-30
-28
-26
-18
-17
-10
-8
-2
4
2
12
14
15
16
18
22
24
28
30
38
34
40
47
42
40
35
33
31
27
30
27
25
21
18
14
13
10
6
5
5
-2
3
1
7
-3
-4
-8
-12
-11
-16
-18
-24
-18
-26
-26
-31
-30
-32
-44
-44
-51
-52
-56
-53
-51
-52
-39
-43
-43
-37
-35
-22
-21
-16
-15
-16
-11
-6
-1
-1
6
8
9
18
22
23
24
24
23
27
32
33
30
29
26
31
34
26
28
31
24
26
26
30
32
21
27
26
22
19
12
7
0
-4
-9
-9
-10
-13
-14
-13
-12
-7
-9
-10
-8
-6
-4
-4
-9
-7
-10
-10
-16
-13
-9
-16
-22
-22
-25
-14
-13
-12
-10
-10
-3
-5
-3
-4
0
8
8
4
12
14
15
13
21
19
27
29
30
32
24
27
26
31
32
34
30
27
28
24
18
15
24
20
25
16
21
19
18
15
8
4
0
3
-1
-6
-11
-6
-17
-13
-13
-17
-19
-23
-28
-34
-26
-30
-28
-30
-36
-36
-46
-41
-47
-47
-44
-41
-47
-47
-41
-36
-35
-36
-23
-22
-23
-27
-18
-19
-20
-13
-12
-2
-6
-3
-1
2
7
11
20
25
31
35
35
42
38
38
47
44
45
39
40
40
34
26
24
27
25
20
14
14
8
6
5
1
-3
-7
-5
-9
-12
-18
-13
-18
-17
-11
-14
-12
-14
-11
-18
-9
-13
-21
-16
-26
-16
-29
-32
-32
-30
-24
-27
-32
-29
-32
-26
-25
-27
-16
-15
-5
-1
-2
6
6
15
17
21
27
31
35
36
47
48
46
53
48
47
44
49
53
48
50
44
41
40
37
36
33
29
32
27
19
19
7
3
1
-9
-11
-17
-23
-26
-31
-34
-36
-38
-42
-40
-38
-42
-40
-39
-36
-39
-43
-40
-48
-43
-36
-42
-45
-40
-38
-36
-36
-39
-34
-33
-34
-25
-21
-11
-7
0
-2
3
8
8
20
19
20
18
24
30
26
25
30
32
29
32
38
37
39
37
34
31
30
27
22
22
17
10
8
-2
-6
-2
-11
-6
-13
-14
-9
-11
-9
-12
-15
-12
-13
-12
-9
-11
-17
-18
-16
-18
-17
-17
-9
-7
-2
4
4
7
2
11
10
15
16
6
10
6
7
1
-5
-3
3
4
2
-1
1
6
4
9
15
13
22
19
21
25
27
32
31
26
32
28
32
34
27
36
27
24
19
21
13
13
7
5
-1
5
4
-1
1
-8
-8
-13
-9
-14
-10
-11
-12
-9
-16
-19
-26
-30
-35
-34
-29
-38
-35
-37
-41
-41
-45
-45
-46
-39
-34
-27
-31
-25
-32
-26
-20
-20
-16
-17
-12
-12
-13
-4
-6
0
5
10
18
16
21
22
31
28
32
33
30
33
28
28
21
26
22
23
23
20
25
23
27
20
17
17
14
5
7
0
-7
-11
-20
-20
-25
-31
-33
-32
-38
-44
-43
-38
-32
-27
-22
-20
-19
-11
-11
-12
-7
-5
-9
1
1
6
13
7
12
13
19
17
18
23
18
24
25
18
20
18
19
28
22
26
25
25
27
18
24
25
35
36
41
41
41
41
38
39
32
29
31
21
20
17
14
4
5
-1
-2
-1
-6
-7
-13
-16
-15
-21
-23
-23
-27
-34
-43
-46
-54
-51
-48
-50
-44
-47
-44
-47
-45
-38
-40
-34
-35
-32
-32
-27
-25
-27
-26
-28
-26
-28
-21
-21
-22
-15
-17
-8
-3
4
8
10
12
22
11
14
17
21
28
23
22
25
27
26
26
25
29
30
26
24
25
20
26
20
13
8
8
7
3
1
-2
-7
-7
-12
-11
-15
-13
-16
-20
-25
-27
-33
-37
-30
-36
-37
-37
-34
-32
-23
-19
-13
-12
-6
-9
-9
-3
0
11
13
13
19
20
23
30
27
33
33
37
41
42
44
43
45
44
46
45
43
37
39
42
38
37
35
38
39
39
36
40
38
39
35
32
35
35
36
25
21
17
16
8
1
-4
-13
-18
-21
-30
-31
-35
-42
-37
-46
-40
-51
-50
-53
-50
-56
-58
-56
-56
-56
-52
-50
-51
-41
-47
-38
-36
-34
-31
-30
-29
-30
-30
-26
-22
-19
-18
-13
-12
-4
-1
9
7
11
18
19
19
18
23
22
24
24
27
28
28
31
33
35
30
26
21
21
25
25
28
26
22
26
19
20
17
13
15
3
6
-2
-8
-8
-8
-9
-11
-16
-16
-18
-23
-17
-20
-15
-20
-24
-22
-27
-26
-26
-21
-22
-16
-16
-13
-8
-2
7
10
19
22
29
25
28
33
34
35
34
38
40
39
37
36
29
25
24
23
22
22
21
21
16
8
10
12
12
12
12
13
10
14
7
6
6
-2
-2
-3
-5
-10
-13
-21
-29
-28
-34
-35
-37
-33
-36
-43
-40
-39
-41
-38
-37
-29
-33
-33
-38
-33
-33
-37
-33
-35
-26
-28
-27
-25
-24
-18
-18
-18
-13
-12
-6
-5
-10
-9
-11
-4
0
2
7
5
11
13
19
20
23
18
20
22
23
27
28
23
20
19
15
17
16
17
16
11
13
12
11
11
9
6
5
5
4
3
-1
-8
-9
-9
-16
-13
-12
-11
-7
-8
-8
-10
-3
0
-7
-6
-9
-8
-9
-13
-10
-3
-3
-7
-5
-1
5
2
3
5
9
14
13
15
17
16
27
30
34
34
32
37
37
44
39
33
37
37
42
43
39
40
35
37
34
25
19
17
16
1
-5
-2
-7
-15
-20
-22
-23
-26
-24
-24
-26
-23
-26
-23
-23
-26
-21
-23
-27
-32
-34
-34
-42
-40
-43
-43
-44
-41
-39
-37
-32
-36
-36
-35
-30
-28
-27
-24
-20
-16
-11
-5
-4
1
4
4
2
10
6
11
14
17
18
20
20
20
19
25
21
21
26
22
19
22
25
21
24
21
23
26
21
20
22
22
15
13
14
9
14
13
7
11
7
10
6
1
1
-8
-9
-16
-9
-14
-10
-11
-12
-9
-11
-4
0
1
2
-5
-8
-5
-8
-6
-8
-3
1
6
6
10
7
11
14
12
16
17
24
28
26
30
32
30
35
30
29
31
25
28
17
22
25
19
16
16
18
14
11
6
7
11
9
4
2
-9
-13
-19
-28
-27
-24
-32
-32
-35
-40
-41
-47
-50
-46
-46
-41
-46
-47
-44
-41
-40
-37
-35
-40
-37
-34
-32
-29
-28
-30
-25
-21
-23
-17
-13
-7
-2
0
-3
-1
1
-6
-2
-6
-5
-3
-3
3
5
6
9
11
16
20
16
27
24
31
30
25
27
19
30
28
28
27
28
24
23
23
19
13
16
11
15
17
15
10
-2
2
-4
-1
-1
-2
-1
-2
-7
-7
-7
-2
5
0
2
-1
-3
-10
-9
-8
-2
-12
-10
-7
-12
-9
-11
-14
-14
-15
-10
-7
-8
-3
-9
0
-4
-3
-2
-5
1
1
10
7
5
13
13
21
27
29
26
27
30
31
33
34
28
22
20
15
11
9
4
-3
3
2
0
-4
-10
-9
-11
-16
-12
-12
-13
-11
-13
-16
-24
-23
-22
-32
-33
-38
-40
-35
-37
-34
-32
-35
-30
-26
-25
-18
-12
-8
-4
0
-3
-1
1
1
6
10
9
13
11
16
15
18
24
27
31
29
32
27
29
28
32
26
22
27
24
21
24
20
17
17
10
15
14
8
5
3
0
2
2
-3
1
-9
-8
-12
-6
-8
-15
-11
-21
-17
-18
-17
-16
-16
-16
-15
-11
-17
-17
-13
-12
-9
-13
-7
-7
-5
0
-1
0
4
1
7
4
1
7
9
11
11
11
11
13
9
7
8
6
10
10
15
10
14
15
15
12
18
24
25
23
17
24
25
21
18
20
16
13
6
5
6
0
-2
-4
-3
-3
-5
-10
-4
-14
-15
-22
-16
-18
-20
-22
-21
-20
-24
-22
-20
-23
-26
-24
-28
-30
-32
-26
-24
-24
-24
-26
-17
-15
-18
-15
-14
-9
-5
2
6
2
7
2
6
12
11
12
6
20
19
20
18
24
26
24
28
26
21
20
18
16
10
9
10
10
11
9
4
10
9
6
7
6
2
2
5
3
-2
-2
-6
-12
-10
-20
-15
-21
-22
-23
-24
-30
-33
-36
-34
-33
-33
-27
-25
-24
-29
-21
-26
-29
-23
-20
-14
-14
-6
-2
2
1
4
-1
7
7
9
8
8
5
4
6
2
9
10
7
5
3
9
8
10
15
13
13
9
15
18
16
18
22
17
16
12
12
13
16
14
13
14
14
6
6
1
1
-2
-7
-5
-8
-6
-7
-4
-6
-10
-8
-5
-3
2
-2
-1
1
3
7
3
6
5
5
2
4
0
2
8
7
9
14
13
14
11
12
15
14
19
15
18
17
11
8
9
8
7
0
2
4
3
-1
4
7
9
8
4
6
5
7
-1
-5
-1
-7
-7
-11
-16
-14
-21
-23
-23
-26
-24
-20
-20
-20
-22
-20
-22
-22
-19
-22
-22
-21
-18
-14
-15
-18
-15
-16
-15
-9
-7
-9
-4
-3
1
1
4
6
7
8
11
13
10
7
10
13
16
19
13
19
18
21
22
24
20
23
21
25
24
20
21
16
21
14
16
13
9
12
10
11
14
12
10
6
6
6
12
6
8
7
-1
-1
-6
-5
-4
1
-2
-8
-8
-11
-11
-17
-20
-17
-25
-23
-26
-24
-23
-24
-25
-22
-25
-19
-12
-13
-8
-8
-11
-1
-4
0
-1
-4
-1
1
-1
1
6
3
4
8
5
9
11
11
12
10
14
14
20
21
19
15
14
6
11
3
8
7
3
3
-4
3
-5
0
1
0
3
-5
-11
-10
-16
-21
-17
-16
-20
-19
-9
-14
-7
-10
-12
-15
-14
-13
-15
-18
-16
-18
-19
-14
-20
-14
-10
-7
-9
-5
-5
0
2
0
10
13
11
8
14
17
16
18
20
23
19
24
21
16
16
8
7
2
2
8
8
2
6
6
9
10
14
13
10
11
8
8
4
2
2
3
1
-3
-3
-6
-8
-11
-12
-14
-13
-12
-20
-18
-24
-24
-22
-22
-19
-21
-23
-20
-17
-12
-4
-10
-6
-2
0
-1
0
6
1
5
0
3
5
6
2
1
6
7
9
9
12
10
10
11
8
10
10
12
10
5
7
10
8
8
5
6
6
5
10
3
6
3
1
0
6
3
2
-5
-1
1
-2
3
-4
-5
-7
-6
-5
-6
-6
-8
-9
-9
-7
-7
-11
-13
-16
-11
-16
-17
-17
-19
-14
-19
-16
-14
-14
-6
-5
1
3
0
6
12
11
12
15
15
14
16
14
16
17
18
20
23
23
28
26
28
25
25
25
19
17
16
15
12
13
11
14
11
9
10
6
5
5
2
7
0
-3
-3
-3
-6
-15
-9
-18
-11
-15
-9
-11
-14
-13
-13
-11
-13
-8
-9
-8
-11
-14
-17
-15
-16
-15
-15
-16
-14
-12
-8
-8
1
2
-1
1
4
7
6
10
13
11
11
14
15
14
15
16
14
13
18
17
14
15
17
10
5
4
6
0
1
4
-2
4
-6
-6
-9
-10
-8
-14
-12
-13
-9
-17
-16
-19
-24
-20
-23
-18
-18
-15
-13
-11
-8
-12
-8
-11
-12
-7
-7
-5
-4
-4
0
3
3
4
1
2
6
5
1
2
2
0
-1
1
-4
-2
4
-1
-5
-5
-10
-10
-9
-11
-6
-3
1
-2
4
3
4
10
9
12
17
10
6
6
2
1
-2
-2
0
-1
-6
-3
-3
-2
-4
-4
-5
-11
-10
-4
-3
-4
-4
-1
0
-2
-6
-7
-9
-13
-6
-2
-3
-8
-6
-1
-2
3
6
6
1
3
1
5
9
7
13
10
9
11
20
18
18
21
25
27
25
29
24
25
26
27
25
19
18
12
11
12
7
6
6
6
4
4
3
5
-1
-2
-2
-6
-3
-3
-7
-11
-12
-15
-15
-14
-14
-11
-14
-13
-18
-20
-25
-23
-23
-23
-23
-20
-15
-13
-7
-11
-8
-12
-11
-12
-7
-9
-10
-2
0
-8
-6
-4
-4
-2
-6
-3
-3
1
0
3
8
7
12
10
13
15
15
13
16
17
19
11
14
11
7
4
4
2
2
8
1
-2
-4
2
0
1
-3
1
-1
-2
-2
-6
-12
-12
-14
-13
-16
-15
-14
-16
-15
-17
-18
-22
-20
-23
-19
-19
-18
-18
-22
-28
-22
-16
-15
-9
-10
-2
-5
2
-1
7
9
12
15
14
15
19
24
25
32
32
31
32
34
33
31
35
35
37
38
31
35
31
30
34
30
28
30
20
15
15
13
15
7
4
7
9
6
1
-2
-4
-12
-5
-9
-14
-5
-9
-15
-17
-16
-19
-19
-22
-21
-20
-15
-16
-18
-25
-28
-28
-27
-30
-26
-20
-17
-14
-11
-8
-8
-4
-1
-4
-3
1
-3
1
0
3
-1
5
2
3
5
5
6
-1
2
7
7
7
10
11
12
10
15
13
9
11
8
2
-5
-4
-4
-7
-8
-12
-10
-11
-14
-15
-16
-10
-9
-7
-7
-9
-15
-14
-18
-18
-15
-19
-17
-18
-23
-24
-25
-22
-22
-18
-18
-18
-11
-10
-5
-3
0
6
2
4
3
8
8
13
16
15
15
14
17
12
17
14
17
19
23
25
20
22
23
24
28
21
25
24
25
29
24
23
23
22
23
23
17
17
14
14
10
9
11
9
8
1
-1
0
-4
-7
-12
-7
-9
-12
-8
-9
-10
-18
-19
-20
-16
-22
-17
-15
-25
-20
-19
-24
-21
-26
-25
-22
-24
-26
-23
-22
-21
-21
-19
-14
-12
-10
-1
-2
0
6
4
10
7
9
8
5
3
3
4
4
-2
-1
5
0
1
2
3
3
7
8
10
11
8
9
8
4
9
11
7
0
3
4
-1
0
-3
-5
-11
-9
-13
-11
-10
-12
-2
-5
-4
-3
-6
-3
-4
-3
-4
-4
-4
-2
1
-3
-2
-1
0
4
4
0
2
6
5
4
3
5
6
6
8
2
4
1
2
10
12
17
14
8
13
11
8
9
8
9
10
8
9
9
13
8
8
8
8
9
7
8
12
13
4
6
5
3
4
5
7
8
4
3
-2
1
6
0
-1
-5
-6
-6
-4
-3
-5
0
-1
0
-7
-6
0
1
-2
-1
1
-2
2
-1
0
4
3
9
0
-3
1
3
3
2
3
-1
-4
1
1
-2
1
-3
2
2
-1
-3
-7
-9
-10
-8
-12
-7
-10
-13
-9
-18
-15
-19
-16
-24
-20
-15
-19
-17
-19
-21
-23
-24
-22
-16
-18
-13
-17
-12
-15
-17
-17
-15
-7
-8
-2
-2
-2
-4
-9
-5
-4
-1
3
2
7
11
11
12
10
15
15
17
17
20
17
22
23
24
25
25
29
28
30
28
33
28
30
30
27
25
17
17
14
10
6
6
6
4
5
6
5
5
1
1
0
0
-5
-7
-8
-9
-6
-12
-10
-9
-7
-12
-13
-12
-15
-14
-15
-13
-18
-16
-9
-13
-9
-10
-9
-8
-9
-2
0
-4
-2
-1
-2
0
4
4
5
6
6
7
0
2
5
1
0
0
-2
4
-3
1
-3
5
5
1
2
-3
-1
-4
-4
-4
-5
-5
-5
-8
-6
-7
-3
-4
-10
-5
-6
-7
-8
-9
-9
-14
-11
-15
-12
-13
-11
-18
-21
-22
-20
-19
-22
-16
-16
-16
-13
-17
-16
-12
-10
-7
-9
-4
-4
0
-3
6
9
7
11
11
16
14
16
15
19
17
18
20
20
19
17
15
19
20
22
23
24
21
19
22
21
22
19
20
15
15
16
9
3
2
4
1
1
2
1
3
6
1
-2
-4
-5
-3
-6
-7
-7
-14
-13
-17
-21
-14
-15
-12
-12
-11
-16
-11
-10
-2
-4
-6
2
-1
2
-2
-8
-10
-10
-12
-6
-12
-6
-4
-5
5
1
1
5
3
7
9
10
16
11
14
14
10
9
8
7
9
13
9
9
10
8
9
8
4
1
2
1
-5
-3
-8
-5
-5
-5
-4
-8
-1
-8
-13
-15
-9
-8
-10
-10
-12
-13
-11
-10
-6
-12
-10
-12
-16
-19
-17
-14
-12
-15
-12
-12
-15
-9
-5
-3
1
2
5
15
15
19
20
20
14
13
14
15
15
18
14
14
14
13
19
18
16
18
19
19
20
21
25
25
27
28
23
15
10
10
3
1
2
1
-2
-6
-3
-6
-8
-5
-8
-10
-11
-5
-10
-5
-5
-6
-5
-11
-7
-14
-9
-9
-7
-8
-12
-9
-10
-10
-9
-13
-10
-10
-8
-7
-8
-10
-6
-6
-8
-8
-10
-7
-8
-5
-6
-5
-4
-3
-5
-4
-3
-6
-2
-1
2
-3
3
3
-1
0
0
3
3
0
1
0
0
0
-5
-8
-9
-7
-2
-9
-7
-4
-6
-5
-5
0
-3
-4
-1
-2
-1
2
5
5
3
-4
-6
-5
-5
-6
-7
-7
-7
-8
-9
-9
-4
-3
-3
-4
-7
-1
-4
-1
2
-1
4
6
10
11
10
10
16
15
11
15
7
9
6
6
0
-4
3
-1
-2
-1
4
3
4
7
6
10
15
23
20
15
14
17
20
12
6
4
3
1
-3
-5
-5
-8
-8
-10
-13
-13
-15
-11
-7
-7
-7
-8
-9
-5
-9
-2
-5
0
0
-4
1
-2
2
-2
-2
2
2
2
2
-1
1
0
-1
0
-3
-5
-1
-2
-5
-3
-3
-3
-4
-6
-8
-10
-13
-6
-5
1
-1
-1
-1
1
3
6
6
2
0
-2
-1
-2
-3
0
0
1
5
2
5
2
6
5
2
6
2
3
4
4
3
2
-2
-3
-3
-2
-2
0
1
2
3
5
7
7
5
3
7
5
4
3
5
1
-1
1
1
3
4
9
12
11
16
23
20
21
21
20
17
11
13
10
6
8
1
8
6
8
10
9
12
8
9
6
2
5
0
-3
1
-3
-6
1
-4
-1
-3
-3
-4
-13
-13
-15
-14
-14
-14
-16
-17
-17
-20
-23
-20
-19
-17
-15
-19
-21
-22
-21
-23
-17
-16
-10
-9
-9
-10
-5
0
2
4
4
6
10
6
5
10
10
10
6
3
8
6
8
7
4
2
7
11
11
7
6
6
5
9
6
0
-1
0
0
3
0
1
0
4
-3
-2
-3
-2
0
-1
-2
-6
-3
-1
-1
-2
-6
-4
-8
-5
-6
-11
-10
-12
-11
-13
-11
-11
-10
-12
-8
-10
-9
-6
-7
-8
0
-6
-5
0
1
0
4
6
0
4
1
-1
2
5
5
6
6
4
5
8
10
14
13
15
13
16
14
15
16
11
12
8
13
6
0
-1
0
-4
-6
-6
-2
0
-6
-1
1
2
-5
-5
-4
-8
-3
-8
-5
-5
-6
-10
-9
-8
-7
-4
-9
-6
-1
-2
-4
-3
0
2
-1
2
2
7
8
12
11
9
14
14
16
11
14
14
10
6
6
3
4
3
3
5
3
-1
-2
-3
-2
3
3
5
5
7
2
3
-3
-3
-5
-6
-10
-5
-12
-15
-14
-13
-8
-8
-10
-13
-10
-10
-6
-6
-6
-6
