SAMPLES:	8903
BITSPERSAMPLE:	16
CHANNELS:	1
SAMPLERATE:	16000
NORMALIZED:	FALSE
6
1
-2
-11
-1
-4
-4
-3
11
22
15
12
5
0
2
8
10
14
-5
0
-5
8
4
4
1
4
2
1
-2
-4
3
-5
7
-1
-2
-3
-6
-3
-8
-10
-6
-4
-5
-12
-18
-6
-10
-2
0
1
6
-3
5
6
6
2
8
6
6
-5
2
2
-4
-2
-6
-1
-7
-2
-4
-4
-6
-18
-20
-17
-14
-12
-14
-12
-7
-2
-16
-18
-15
-3
-1
-11
-13
-9
-11
-7
-16
-16
-15
-9
-7
-17
-16
-13
-11
-15
-11
-14
-13
-21
-14
-6
-3
2
-6
-10
-11
-11
-2
-2
-3
-1
4
4
-2
2
2
13
-1
-12
-11
0
6
-3
1
-7
3
-3
3
4
7
16
14
17
26
19
18
28
23
45
50
47
55
52
59
62
60
65
81
92
92
85
87
83
79
79
73
56
48
29
10
-5
-22
-32
-47
-60
-74
-75
-75
-86
-89
-92
-88
-90
-83
-87
-78
-76
-77
-69
-62
-51
-48
-33
-15
-2
8
24
42
58
66
64
59
57
55
29
3
-27
-53
-73
-94
-121
-149
-157
-164
-168
-171
-156
-139
-115
-95
-87
-66
-50
-40
-25
-20
-12
-9
1
5
0
7
11
17
24
33
30
33
42
43
42
40
43
45
48
46
49
54
54
47
50
54
75
94
117
158
202
275
344
415
471
519
580
620
651
641
614
581
524
427
312
200
96
-12
-149
-274
-383
-465
-526
-575
-602
-603
-587
-579
-565
-549
-523
-493
-456
-443
-421
-380
-324
-268
-210
-149
-74
4
78
151
209
273
314
340
342
324
289
237
174
99
1
-103
-194
-260
-305
-343
-363
-357
-331
-306
-270
-213
-150
-89
-33
31
89
160
242
314
371
400
434
452
449
418
371
302
228
138
42
-59
-164
-256
-367
-457
-535
-571
-590
-581
-566
-530
-477
-411
-340
-262
-178
-84
2
78
138
209
278
345
401
434
475
511
525
529
541
531
514
473
436
386
337
294
254
224
210
209
256
342
473
615
739
855
953
1031
1090
1092
1020
905
747
539
257
-45
-340
-605
-867
-1144
-1370
-1529
-1607
-1647
-1647
-1614
-1526
-1407
-1278
-1151
-1011
-848
-701
-563
-456
-335
-214
-78
60
185
305
428
555
662
756
828
848
832
781
685
552
391
217
31
-177
-384
-572
-706
-780
-828
-829
-805
-730
-623
-487
-334
-181
-12
126
261
401
562
715
839
921
979
1054
1108
1111
1057
978
873
729
545
304
81
-122
-318
-547
-766
-927
-1045
-1096
-1126
-1101
-1041
-951
-811
-657
-483
-290
-99
93
258
418
564
687
780
841
891
936
954
947
916
864
803
705
597
471
347
202
69
-31
-126
-178
-214
-217
-125
17
197
382
519
663
816
945
1000
950
838
714
512
227
-85
-400
-678
-955
-1249
-1502
-1684
-1748
-1750
-1735
-1685
-1575
-1428
-1246
-1081
-907
-720
-540
-377
-246
-100
29
189
338
460
583
691
791
883
952
994
1002
950
853
711
514
327
121
-100
-304
-516
-691
-824
-907
-940
-935
-896
-817
-701
-566
-405
-225
-62
94
230
365
553
731
885
983
1024
1070
1106
1095
1002
890
781
623
382
105
-152
-371
-559
-770
-948
-1064
-1091
-1057
-1001
-891
-744
-554
-360
-165
31
241
448
617
726
815
887
950
982
981
943
900
879
819
739
626
507
387
224
52
-102
-234
-322
-405
-488
-546
-548
-449
-256
-17
207
386
582
784
961
1057
1039
964
841
648
373
32
-294
-578
-852
-1162
-1475
-1665
-1754
-1757
-1731
-1682
-1563
-1403
-1218
-1048
-870
-677
-470
-291
-148
-10
110
291
456
578
699
801
907
993
1052
1076
1034
951
803
623
423
202
-22
-249
-470
-694
-878
-1012
-1067
-1085
-1056
-984
-878
-728
-564
-368
-169
28
207
365
499
689
894
1061
1157
1189
1222
1233
1206
1091
940
760
558
296
-19
-321
-568
-793
-1019
-1228
-1350
-1362
-1306
-1210
-1073
-896
-652
-382
-125
89
314
543
722
852
915
994
1061
1091
1059
992
936
888
807
701
570
467
347
201
45
-122
-255
-383
-445
-514
-572
-581
-511
-303
-39
236
485
698
917
1115
1283
1321
1254
1129
945
679
315
-75
-426
-744
-1086
-1442
-1725
-1868
-1895
-1878
-1863
-1779
-1619
-1408
-1211
-1015
-774
-532
-299
-132
25
182
350
545
695
809
932
1037
1132
1192
1217
1210
1135
987
787
564
294
13
-253
-540
-813
-1039
-1202
-1273
-1285
-1255
-1167
-1025
-846
-623
-406
-190
47
238
407
555
704
885
1053
1136
1152
1170
1184
1169
1068
874
667
439
180
-113
-439
-720
-953
-1167
-1359
-1504
-1517
-1450
-1338
-1169
-978
-706
-397
-82
207
443
697
920
1078
1153
1194
1223
1244
1196
1080
960
851
743
603
465
331
191
71
-64
-230
-369
-472
-533
-615
-672
-681
-628
-468
-210
106
399
673
918
1170
1398
1563
1599
1504
1352
1128
824
398
-30
-411
-775
-1169
-1559
-1840
-1996
-2032
-2015
-1964
-1845
-1628
-1379
-1132
-876
-612
-340
-94
101
277
447
635
798
920
1021
1123
1211
1260
1299
1292
1228
1097
898
651
368
80
-230
-553
-858
-1141
-1363
-1543
-1606
-1598
-1544
-1438
-1274
-1048
-780
-502
-216
76
318
545
744
948
1143
1281
1329
1320
1296
1226
1115
929
694
454
181
-119
-449
-749
-1010
-1210
-1387
-1528
-1590
-1554
-1423
-1254
-1057
-803
-493
-157
152
417
673
925
1130
1254
1316
1329
1352
1331
1255
1134
988
838
700
554
394
229
66
-77
-240
-405
-536
-629
-705
-743
-763
-724
-618
-443
-154
208
552
851
1095
1354
1626
1820
1820
1685
1509
1255
922
459
-31
-455
-849
-1265
-1696
-2004
-2156
-2179
-2174
-2126
-1998
-1786
-1502
-1227
-939
-662
-347
-70
164
366
556
761
956
1106
1196
1285
1370
1423
1446
1399
1302
1135
911
643
324
11
-335
-698
-1026
-1326
-1597
-1782
-1846
-1835
-1749
-1641
-1436
-1142
-821
-465
-124
226
538
816
1030
1252
1447
1552
1567
1496
1393
1286
1120
854
555
260
-29
-330
-642
-934
-1143
-1294
-1427
-1524
-1554
-1480
-1304
-1114
-921
-684
-395
-70
241
498
758
1005
1212
1320
1386
1435
1457
1431
1315
1177
1015
854
673
490
276
80
-120
-307
-457
-613
-728
-824
-863
-896
-873
-805
-686
-475
-171
192
550
855
1082
1363
1643
1840
1853
1692
1503
1286
968
515
21
-434
-827
-1251
-1674
-2011
-2179
-2217
-2223
-2191
-2085
-1871
-1587
-1284
-990
-694
-378
-54
209
430
641
858
1096
1248
1358
1446
1521
1569
1570
1532
1404
1239
993
716
416
71
-294
-651
-999
-1306
-1562
-1764
-1828
-1800
-1737
-1607
-1420
-1110
-761
-420
-83
247
570
835
1079
1292
1506
1609
1604
1532
1435
1311
1094
801
490
176
-142
-492
-831
-1136
-1359
-1527
-1679
-1765
-1763
-1655
-1457
-1258
-1041
-757
-441
-97
217
487
746
1007
1195
1312
1370
1426
1432
1367
1250
1093
944
786
614
413
228
50
-131
-308
-452
-579
-663
-715
-760
-786
-768
-677
-529
-316
-26
334
716
1014
1253
1524
1793
1994
1979
1801
1583
1341
1021
525
-4
-477
-884
-1329
-1772
-2090
-2259
-2309
-2272
-2235
-2107
-1878
-1587
-1245
-957
-644
-345
-40
244
465
654
861
1058
1210
1317
1377
1460
1536
1542
1477
1360
1186
960
679
342
-20
-387
-749
-1089
-1406
-1677
-1864
-1923
-1879
-1794
-1662
-1446
-1106
-734
-364
4
360
703
959
1188
1377
1536
1615
1590
1488
1359
1216
1009
729
423
130
-173
-481
-781
-1039
-1232
-1398
-1549
-1647
-1676
-1575
-1406
-1197
-984
-716
-405
-69
242
513
799
1052
1255
1365
1421
1442
1435
1364
1204
1034
857
665
485
311
130
-33
-208
-372
-488
-585
-664
-703
-726
-716
-686
-596
-437
-209
106
447
810
1099
1335
1607
1876
2033
1994
1825
1584
1326
968
469
-76
-561
-990
-1453
-1898
-2232
-2400
-2455
-2435
-2380
-2251
-2006
-1680
-1329
-985
-666
-332
9
294
520
726
923
1120
1280
1372
1422
1483
1527
1547
1494
1372
1172
934
651
342
-10
-389
-754
-1110
-1394
-1656
-1833
-1901
-1877
-1792
-1643
-1408
-1062
-673
-298
60
450
807
1089
1287
1459
1634
1714
1682
1546
1383
1219
1037
761
424
90
-212
-507
-819
-1092
-1318
-1469
-1569
-1643
-1654
-1573
-1411
-1191
-971
-715
-412
-91
256
573
833
1087
1275
1392
1463
1471
1474
1399
1255
1073
866
667
484
298
97
-91
-270
-424
-527
-630
-720
-778
-794
-789
-767
-684
-558
-329
-48
276
646
981
1253
1521
1784
1998
2059
1939
1712
1469
1153
696
169
-369
-840
-1291
-1747
-2137
-2402
-2533
-2545
-2510
-2411
-2179
-1876
-1500
-1133
-771
-439
-95
239
506
743
938
1128
1299
1385
1455
1508
1532
1528
1481
1387
1217
1022
736
444
122
-249
-632
-1000
-1279
-1556
-1773
-1900
-1906
-1842
-1713
-1507
-1223
-854
-486
-113
242
627
953
1206
1384
1547
1675
1723
1686
1575
1434
1243
1025
731
438
104
-227
-541
-865
-1156
-1404
-1588
-1721
-1802
-1793
-1703
-1523
-1264
-1000
-670
-312
43
400
715
1014
1268
1426
1524
1565
1550
1486
1350
1175
979
744
522
301
90
-120
-327
-470
-598
-700
-760
-832
-869
-877
-829
-769
-672
-526
-343
-69
303
684
1061
1336
1594
1874
2088
2182
2070
1862
1618
1311
880
319
-248
-739
-1209
-1680
-2128
-2433
-2580
-2599
-2560
-2467
-2263
-1968
-1565
-1168
-787
-425
-53
310
600
845
1043
1249
1420
1523
1565
1584
1592
1609
1541
1436
1243
1011
757
439
117
-262
-619
-965
-1288
-1568
-1812
-1949
-1969
-1913
-1795
-1619
-1352
-1012
-634
-261
121
512
850
1102
1317
1504
1673
1772
1745
1649
1510
1326
1087
813
481
140
-209
-547
-866
-1164
-1417
-1629
-1770
-1846
-1864
-1805
-1646
-1394
-1106
-802
-473
-100
272
621
919
1168
1365
1507
1577
1563
1514
1402
1250
1056
811
558
362
158
-63
-258
-441
-577
-672
-756
-824
-864
-882
-859
-789
-688
-546
-383
-143
175
567
968
1295
1564
1824
2101
2289
2312
2156
1932
1672
1330
838
252
-288
-787
-1268
-1791
-2230
-2463
-2548
-2563
-2530
-2394
-2121
-1767
-1375
-986
-627
-257
107
426
690
910
1094
1249
1376
1439
1468
1487
1476
1453
1385
1206
994
743
471
174
-186
-560
-911
-1247
-1550
-1789
-1971
-2027
-2018
-1939
-1785
-1560
-1263
-880
-487
-116
270
628
938
1176
1379
1572
1710
1751
1718
1609
1482
1324
1098
796
455
125
-213
-531
-869
-1194
-1473
-1683
-1835
-1918
-1931
-1837
-1653
-1401
-1119
-805
-417
-19
377
737
1051
1316
1523
1634
1658
1649
1571
1431
1229
991
754
512
275
44
-179
-361
-529
-654
-756
-828
-845
-852
-847
-842
-771
-660
-485
-299
-44
301
688
1064
1384
1642
1941
2211
2363
2353
2160
1950
1692
1317
778
199
-354
-871
-1384
-1891
-2291
-2514
-2602
-2620
-2577
-2425
-2134
-1775
-1399
-1045
-694
-337
23
365
640
864
1065
1244
1406
1497
1544
1586
1591
1560
1449
1267
1038
792
497
168
-210
-607
-953
-1285
-1571
-1797
-1952
-2011
-2005
-1935
-1779
-1554
-1246
-886
-542
-160
224
587
918
1184
1389
1568
1698
1770
1768
1719
1602
1431
1202
928
607
234
-130
-473
-834
-1207
-1537
-1803
-1980
-2087
-2117
-2041
-1838
-1566
-1214
-818
-407
57
515
916
1243
1495
1690
1804
1827
1742
1600
1439
1217
965
681
408
164
-56
-259
-438
-595
-708
-808
-866
-916
-983
-1001
-975
-917
-833
-707
-521
-268
67
472
898
1293
1628
1967
2266
2502
2625
2537
2336
2059
1716
1221
587
-21
-581
-1114
-1648
-2142
-2504
-2696
-2728
-2725
-2636
-2418
-2090
-1705
-1328
-948
-560
-165
217
540
807
1051
1251
1443
1563
1631
1656
1657
1639
1553
1382
1156
887
601
287
-56
-416
-803
-1130
-1402
-1630
-1840
-2006
-2054
-1997
-1879
-1731
-1509
-1217
-885
-528
-187
162
531
879
1159
1390
1603
1811
1962
2012
1973
1865
1694
1452
1154
773
335
-117
-560
-1016
-1474
-1839
-2106
-2272
-2339
-2322
-2162
-1871
-1488
-1066
-603
-121
373
794
1163
1458
1666
1794
1806
1737
1573
1384
1154
928
691
432
197
-2
-165
-319
-449
-584
-671
-748
-822
-885
-921
-914
-903
-885
-821
-704
-529
-291
-11
369
829
1286
1663
1959
2264
2550
2717
2673
2455
2164
1827
1370
784
123
-498
-1052
-1589
-2121
-2526
-2756
-2846
-2832
-2766
-2587
-2290
-1906
-1481
-1052
-640
-243
165
554
875
1121
1297
1457
1578
1640
1630
1590
1546
1441
1279
1081
841
579
293
-7
-317
-640
-933
-1215
-1463
-1682
-1860
-1959
-2004
-1965
-1867
-1717
-1483
-1167
-815
-448
-58
344
741
1091
1404
1664
1892
2050
2123
2110
2007
1817
1560
1237
865
441
-54
-522
-944
-1350
-1691
-1981
-2143
-2189
-2139
-1999
-1748
-1410
-1026
-611
-198
223
596
940
1199
1394
1507
1539
1511
1434
1317
1157
984
787
572
367
195
26
-115
-267
-390
-499
-611
-715
-802
-857
-915
-946
-948
-916
-820
-649
-460
-203
145
569
1043
1476
1818
2120
2403
2622
2733
2602
2359
2041
1658
1165
538
-104
-694
-1212
-1740
-2244
-2608
-2800
-2836
-2792
-2662
-2453
-2142
-1733
-1311
-872
-469
-63
334
669
946
1154
1310
1449
1534
1535
1481
1403
1349
1272
1122
916
723
515
293
43
-247
-523
-801
-1080
-1380
-1665
-1879
-2001
-2075
-2072
-2036
-1919
-1679
-1335
-942
-547
-96
381
846
1265
1610
1917
2136
2267
2290
2227
2062
1806
1473
1078
650
190
-265
-702
-1088
-1437
-1723
-1919
-1988
-1968
-1915
-1768
-1553
-1238
-909
-580
-247
71
407
653
865
1030
1142
1239
1273
1281
1237
1165
1065
958
835
672
529
363
208
44
-153
-340
-489
-643
-765
-882
-979
-1028
-1033
-974
-862
-684
-488
-216
132
584
1057
1467
1796
2099
2381
2605
2673
2566
2366
2093
1730
1232
629
10
-574
-1122
-1668
-2166
-2515
-2733
-2795
-2761
-2656
-2451
-2132
-1739
-1329
-909
-517
-138
235
556
812
996
1128
1221
1293
1289
1264
1225
1174
1134
1034
918
783
619
437
206
-60
-363
-688
-1040
-1381
-1700
-1973
-2166
-2304
-2349
-2288
-2149
-1881
-1519
-1097
-627
-107
424
934
1388
1787
2092
2290
2397
2416
2343
2179
1918
1544
1162
762
333
-80
-522
-893
-1203
-1473
-1680
-1843
-1894
-1890
-1823
-1687
-1508
-1274
-990
-681
-362
-61
227
507
775
999
1174
1309
1388
1443
1438
1394
1323
1199
1066
872
667
442
207
-18
-274
-503
-721
-908
-1055
-1152
-1231
-1270
-1246
-1135
-965
-760
-502
-201
202
685
1195
1652
2023
2356
2660
2914
3007
2896
2668
2363
1980
1472
806
99
-532
-1108
-1666
-2198
-2603
-2814
-2863
-2844
-2757
-2555
-2236
-1832
-1428
-1028
-687
-343
-11
275
496
671
794
912
1051
1135
1204
1254
1317
1358
1364
1309
1191
1021
803
532
157
-267
-724
-1181
-1611
-2025
-2365
-2603
-2729
-2744
-2640
-2413
-2033
-1588
-1083
-530
33
599
1129
1595
1961
2232
2391
2477
2469
2392
2242
1984
1649
1302
918
538
142
-284
-683
-1043
-1376
-1684
-1922
-2059
-2148
-2164
-2103
-1933
-1698
-1392
-1023
-648
-244
146
529
892
1214
1468
1676
1807
1885
1892
1823
1716
1540
1316
1060
771
467
169
-116
-422
-714
-978
-1184
-1361
-1500
-1561
-1541
-1482
-1369
-1182
-917
-586
-230
200
688
1242
1778
2240
2601
2906
3175
3351
3335
3105
2738
2320
1841
1201
484
-245
-891
-1450
-2008
-2465
-2799
-2956
-2973
-2926
-2806
-2615
-2328
-1962
-1594
-1231
-887
-550
-195
139
430
674
910
1153
1374
1540
1642
1722
1783
1785
1671
1458
1200
877
499
56
-457
-973
-1452
-1909
-2316
-2657
-2878
-2975
-2925
-2743
-2469
-2113
-1646
-1111
-557
13
548
1077
1531
1922
2192
2367
2451
2446
2381
2250
2064
1800
1489
1146
796
425
19
-371
-765
-1128
-1461
-1772
-2014
-2175
-2257
-2281
-2199
-2041
-1780
-1437
-1027
-581
-127
350
806
1222
1592
1865
2077
2198
2249
2191
2029
1828
1536
1208
842
439
58
-333
-683
-983
-1246
-1453
-1594
-1672
-1687
-1618
-1478
-1281
-1022
-731
-398
-28
344
750
1164
1609
2035
2430
2756
2944
3073
3132
3104
2915
2568
2125
1625
1092
496
-176
-810
-1372
-1891
-2378
-2778
-3043
-3137
-3099
-3013
-2867
-2622
-2276
-1873
-1423
-980
-533
-119
300
682
1006
1268
1483
1664
1771
1798
1754
1658
1534
1333
1042
699
308
-93
-515
-946
-1357
-1751
-2095
-2360
-2558
-2690
-2703
-2605
-2414
-2124
-1775
-1371
-881
-357
142
644
1084
1472
1823
2109
2299
2399
2422
2383
2273
2118
1918
1678
1367
1000
638
248
-134
-543
-936
-1310
-1634
-1902
-2108
-2251
-2274
-2186
-2009
-1741
-1411
-1000
-544
-48
435
879
1293
1643
1906
2063
2126
2097
1981
1779
1504
1181
816
446
68
-281
-589
-861
-1099
-1256
-1358
-1393
-1400
-1364
-1253
-1115
-936
-731
-510
-251
47
325
611
902
1237
1584
1945
2285
2571
2753
2880
2954
2931
2804
2507
2091
1617
1102
520
-143
-811
-1383
-1916
-2378
-2799
-3056
-3165
-3147
-3013
-2834
-2557
-2182
-1739
-1297
-836
-414
-13
375
704
974
1158
1289
1381
1424
1416
1324
1198
1053
895
681
421
124
-200
-520
-856
-1171
-1470
-1753
-1976
-2113
-2206
-2209
-2140
-1993
-1752
-1462
-1134
-773
-369
72
474
826
1170
1462
1714
1901
2023
2089
2074
2002
1871
1722
1539
1312
1048
738
413
71
-270
-600
-909
-1227
-1503
-1709
-1837
-1875
-1860
-1745
-1531
-1261
-919
-536
-118
291
677
999
1263
1448
1579
1632
1600
1482
1272
1075
851
616
354
95
-142
-344
-521
-677
-781
-850
-884
-905
-927
-902
-848
-746
-614
-484
-327
-142
79
311
600
890
1181
1473
1782
2106
2408
2652
2746
2752
2692
2573
2348
1943
1463
939
406
-156
-797
-1381
-1887
-2267
-2612
-2887
-3034
-3042
-2917
-2712
-2470
-2164
-1794
-1373
-938
-549
-212
124
439
700
892
1000
1086
1134
1158
1094
987
864
742
597
404
170
-97
-339
-589
-840
-1111
-1358
-1552
-1717
-1834
-1917
-1936
-1884
-1747
-1560
-1332
-1045
-691
-284
116
499
874
1207
1514
1759
1948
2075
2120
2097
2020
1879
1693
1519
1303
1073
805
501
178
-113
-387
-673
-970
-1233
-1405
-1515
-1589
-1606
-1567
-1422
-1200
-962
-657
-355
-25
298
584
825
1015
1181
1283
1340
1292
1179
1058
926
772
552
330
111
-90
-274
-459
-606
-738
-822
-870
-909
-876
-795
-678
-542
-391
-203
6
212
442
697
950
1189
1408
1651
1887
2126
2331
2428
2431
2371
2286
2115
1848
1432
963
483
-10
-549
-1119
-1653
-2072
-2396
-2671
-2877
-2979
-2917
-2743
-2499
-2244
-1920
-1526
-1101
-689
-333
-35
248
501
699
834
901
948
938
911
844
760
644
511
384
215
12
-227
-465
-712
-970
-1228
-1467
-1655
-1797
-1894
-1914
-1893
-1761
-1585
-1310
-977
-616
-208
195
600
990
1341
1625
1852
2004
2115
2156
2149
2090
1977
1828
1632
1411
1191
980
757
495
197
-133
-421
-666
-931
-1204
-1442
-1596
-1678
-1710
-1672
-1534
-1312
-1036
-734
-412
-49
311
652
932
1110
1237
1324
1337
1284
1161
975
778
578
387
171
-33
-225
-378
-491
-602
-672
-720
-713
-679
-641
-577
-509
-389
-251
-97
81
249
448
652
884
1125
1342
1532
1686
1833
1977
2089
2133
2094
1946
1757
1524
1230
860
409
-42
-472
-908
-1356
-1744
-2057
-2284
-2450
-2564
-2582
-2505
-2321
-2068
-1813
-1516
-1221
-911
-614
-344
-87
124
294
419
506
556
579
566
563
515
431
322
229
123
-17
-171
-357
-549
-755
-940
-1120
-1275
-1405
-1499
-1529
-1517
-1456
-1307
-1091
-816
-499
-170
177
531
896
1223
1499
1731
1890
2001
2037
2008
1939
1799
1617
1419
1199
978
752
516
319
128
-50
-216
-366
-512
-665
-783
-885
-985
-1078
-1136
-1135
-1077
-972
-845
-675
-469
-222
40
286
522
741
924
1040
1103
1105
1073
983
833
660
465
265
63
-124
-289
-440
-552
-617
-639
-631
-598
-514
-403
-263
-125
21
165
313
455
574
684
778
865
941
998
1050
1096
1122
1131
1160
1205
1236
1217
1149
1026
886
727
514
234
-72
-374
-682
-991
-1310
-1573
-1781
-1925
-2017
-2083
-2067
-1971
-1819
-1628
-1436
-1259
-1048
-840
-635
-472
-347
-246
-157
-79
-18
15
43
55
78
98
84
67
37
29
-42
-128
-239
-349
-462
-565
-649
-721
-739
-721
-666
-563
-423
-261
-56
159
384
589
791
951
1091
1171
1218
1244
1223
1194
1133
1076
993
941
888
835
783
751
716
645
570
485
361
241
119
-20
-190
-353
-482
-613
-705
-784
-824
-811
-750
-650
-527
-381
-214
-37
123
241
350
430
490
515
517
476
389
325
256
209
137
63
13
-31
-50
-56
-68
-71
-64
-66
-71
-62
-54
-32
-20
-1
26
39
51
88
118
157
216
271
352
417
477
538
605
699
790
902
978
1021
995
955
898
786
635
398
133
-154
-464
-776
-1119
-1417
-1658
-1862
-2033
-2142
-2164
-2118
-2028
-1899
-1745
-1570
-1365
-1161
-979
-799
-631
-467
-316
-194
-63
56
177
302
411
512
599
697
769
789
770
719
626
498
353
179
7
-160
-297
-427
-516
-565
-572
-543
-471
-358
-239
-82
91
279
459
645
825
986
1107
1231
1319
1383
1436
1445
1435
1381
1299
1186
1062
902
714
510
270
39
-171
-364
-564
-739
-878
-983
-1062
-1069
-1040
-989
-907
-799
-644
-475
-298
-127
52
223
367
484
598
695
770
788
787
771
734
650
556
421
281
129
-39
-204
-377
-549
-701
-829
-921
-989
-1007
-959
-870
-764
-633
-475
-279
-68
144
358
548
727
888
1026
1132
1215
1256
1277
1291
1291
1287
1253
1131
981
797
586
337
21
-324
-687
-1027
-1356
-1675
-1962
-2164
-2263
-2308
-2308
-2223
-2064
-1822
-1554
-1273
-989
-711
-430
-174
53
226
381
498
611
685
717
743
768
771
749
701
616
511
385
245
71
-122
-320
-503
-667
-796
-885
-926
-884
-790
-655
-470
-244
21
294
551
787
969
1138
1263
1340
1384
1384
1346
1275
1187
1086
983
882
787
669
556
425
294
171
47
-75
-202
-320
-419
-498
-545
-549
-531
-494
-429
-352
-230
-102
26
138
239
323
387
442
470
488
453
394
309
214
102
-15
-124
-268
-409
-559
-684
-807
-901
-948
-980
-971
-905
-809
-674
-512
-346
-163
15
202
353
486
583
664
715
725
697
661
602
512
424
319
230
147
79
26
-44
-89
-119
-128
-105
-70
-34
-16
-25
-26
-28
-28
-52
-88
-135
-180
-221
-282
-328
-353
-362
-343
-363
-384
-404
-424
-452
-486
-548
-615
-708
-793
-856
-919
-915
-917
-891
-832
-715
-562
-367
-183
9
194
351
508
636
715
780
803
796
761
719
665
611
546
494
430
352
290
218
135
33
-47
-132
-201
-270
-317
-339
-321
-281
-200
-85
60
239
414
603
778
941
1075
1166
1217
1222
1195
1123
1067
979
865
728
565
393
224
58
-121
-304
-513
-693
-868
-1016
-1154
-1256
-1297
-1300
-1265
-1192
-1081
-940
-761
-570
-370
-180
-5
162
321
447
546
630
680
710
716
701
646
548
427
285
119
-73
-252
-474
-661
-846
-999
-1104
-1178
-1186
-1167
-1081
-947
-779
-584
-372
-145
90
319
519
719
888
1034
1146
1244
1347
1463
1553
1618
1602
1562
1494
1364
1180
923
629
311
-11
-368
-724
-1060
-1319
-1534
-1730
-1862
-1946
-1948
-1889
-1777
-1638
-1456
-1250
-1018
-780
-551
-281
-11
261
485
680
842
986
1087
1142
1159
1085
980
838
665
457
254
50
-155
-346
-521
-638
-715
-754
-756
-723
-670
-602
-503
-388
-262
-116
23
160
297
438
592
745
891
1021
1133
1217
1269
1286
1259
1210
1110
956
779
587
401
214
51
-91
-218
-310
-392
-466
-522
-576
-624
-674
-703
-733
-741
-712
-678
-613
-523
-400
-254
-102
46
173
289
362
399
373
304
188
70
-69
-220
-363
-490
-583
-648
-686
-691
-684
-656
-629
-603
-570
-534
-492
-440
-391
-331
-267
-177
-62
47
184
303
441
569
666
757
829
896
946
963
983
983
989
980
950
938
928
928
915
872
788
688
566
433
280
99
-61
-228
-378
-524
-653
-741
-793
-840
-881
-933
-966
-996
-1031
-1039
-1074
-1077
-1073
-1041
-983
-900
-771
-592
-406
-202
-12
185
366
505
604
637
625
552
449
341
233
114
8
-94
-166
-196
-199
-181
-151
-133
-124
-121
-128
-142
-157
-172
-200
-220
-202
-167
-93
10
137
284
431
604
749
913
1034
1111
1140
1138
1104
1013
902
760
616
460
316
186
59
-52
-155
-257
-362
-445
-542
-629
-700
-786
-864
-898
-910
-898
-864
-798
-710
-621
-521
-440
-338
-240
-154
-84
-8
57
99
146
184
206
218
209
178
133
83
22
-60
-138
-232
-311
-356
-381
-370
-345
-286
-194
-77
67
200
352
489
610
696
737
802
848
885
914
926
946
978
1008
1026
1043
1058
1081
1083
1045
981
891
738
581
407
209
-12
-244
-449
-644
-806
-945
-1066
-1139
-1186
-1223
-1237
-1234
-1218
-1187
-1172
-1145
-1117
-1093
-1039
-970
-878
-784
-689
-576
-470
-355
-241
-133
-39
50
129
188
233
259
278
285
281
265
240
237
231
188
158
138
117
104
91
69
63
68
66
71
76
112
151
174
208
249
305
354
397
436
474
518
552
585
611
617
625
608
569
524
459
384
322
220
133
53
-24
-99
-195
-278
-349
-429
-488
-543
-607
-626
-647
-653
-638
-625
-600
-544
-474
-392
-307
-224
-136
-52
29
119
186
250
308
342
361
369
364
342
307
251
188
127
49
-5
-53
-96
-119
-112
-72
-24
43
121
204
302
391
457
497
530
550
565
578
598
610
626
666
688
706
721
730
720
717
707
683
633
530
400
233
68
-115
-310
-501
-680
-852
-1030
-1164
-1275
-1356
-1420
-1461
-1469
-1480
-1460
-1433
-1377
-1313
-1234
-1132
-1015
-862
-702
-538
-365
-181
-10
150
275
398
481
545
581
595
594
570
525
464
410
345
278
214
163
90
26
-30
-54
-80
-94
-102
-92
-65
-25
18
58
109
154
199
244
286
327
359
384
426
469
534
574
623
679
708
734
712
688
627
555
460
337
210
62
-65
-183
-276
-363
-420
-466
-505
-516
-513
-501
-474
-458
-431
-393
-372
-337
-307
-261
-214
-157
-121
-78
-23
38
111
177
240
295
355
417
452
476
488
475
449
401
316
227
143
55
-34
-115
-178
-230
-258
-238
-222
-172
-128
-70
-33
-1
41
65
108
138
162
188
223
274
323
369
427
474
522
538
529
540
536
519
477
410
332
214
101
-31
-196
-382
-570
-752
-927
-1090
-1238
-1350
-1417
-1460
-1480
-1469
-1420
-1317
-1214
-1078
-927
-774
-607
-454
-314
-162
-14
118
242
354
466
562
619
680
727
750
764
755
713
637
556
449
334
212
84
-26
-137
-215
-268
-305
-301
-273
-238
-173
-95
-17
81
168
269
360
441
528
592
650
704
742
783
782
773
751
717
661
569
475
363
254
135
21
-79
-167
-243
-302
-351
-364
-361
-352
-347
-338
-327
-305
-279
-259
-221
-167
-108
-37
28
88
140
190
230
254
259
227
209
149
77
10
-55
-121
-190
-257
-307
-343
-369
-369
-380
-400
-412
-406
-379
-344
-317
-276
-222
-158
-98
-18
61
148
232
312
379
430
488
515
528
506
478
434
374
328
269
214
151
100
52
20
-7
-15
-1
13
47
67
68
33
-4
-61
-154
-256
-355
-459
-551
-641
-732
-800
-863
-887
-904
-923
-938
-942
-930
-904
-838
-760
-657
-536
-396
-238
-83
91
259
406
529
623
705
754
783
797
792
782
760
727
675
619
570
494
396
285
161
56
-50
-158
-244
-323
-375
-379
-363
-324
-251
-170
-67
47
146
262
367
474
559
630
680
735
769
778
774
757
733
684
598
499
401
294
179
52
-69
-190
-303
-435
-537
-637
-719
-793
-850
-874
-892
-858
-798
-714
-595
-473
-339
-205
-94
3
99
169
211
229
225
225
203
173
150
105
57
-3
-74
-125
-191
-256
-306
-363
-388
-406
-396
-368
-332
-276
-200
-117
-46
20
88
151
200
252
299
356
405
459
497
524
538
534
504
458
394
337
270
198
124
56
-7
-69
-107
-148
-168
-170
-137
-91
-49
-8
15
18
29
26
13
-9
-45
-89
-146
-215
-273
-325
-394
-452
-501
-540
-564
-569
-553
-519
-470
-401
-321
-236
-135
-27
83
189
277
339
392
435
468
487
486
483
493
485
473
452
414
374
327
283
222
166
88
29
-30
-69
-117
-169
-228
-276
-317
-332
-348
-353
-338
-308
-259
-202
-117
-50
46
144
242
323
380
423
446
444
425
393
338
282
232
167
94
27
-41
-111
-180
-236
-294
-364
-413
-458
-482
-503
-518
-520
-504
-478
-429
-379
-314
-237
-161
-88
-17
63
155
234
293
335
361
371
367
326
280
218
142
68
-2
-68
-140
-194
-232
-253
-256
-260
-252
-231
-217
-193
-162
-116
-55
10
57
125
193
267
333
394
439
463
487
493
500
508
507
498
467
424
383
334
279
213
150
67
20
-21
-51
-62
-65
-47
-44
-46
-54
-75
-96
-113
-150
-178
-205
-229
-245
-240
-238
-209
-195
-176
-157
-144
-138
-150
-152
-163
-165
-171
-172
-184
-201
-203
-221
-242
-257
-275
-297
-319
-332
-317
-276
-239
-188
-127
-80
-47
-27
-12
-2
-7
-21
-51
-79
-91
-114
-128
-146
-154
-156
-153
-143
-135
-117
-72
-29
16
64
125
195
244
306
338
378
389
399
392
371
357
326
308
279
257
242
232
228
216
167
134
94
39
-31
-99
-153
-220
-265
-315
-327
-336
-336
-314
-286
-238
-184
-137
-83
-1
70
144
215
267
306
339
357
360
328
281
230
177
130
88
36
2
-30
-50
-66
-97
-111
-126
-133
-126
-118
-114
-94
-69
-21
16
47
101
140
188
225
254
273
288
303
311
327
338
349
360
352
334
321
293
267
230
195
160
136
124
102
98
85
73
36
-12
-68
-145
-216
-290
-349
-391
-426
-458
-480
-487
-507
-519
-537
-562
-584
-601
-630
-643
-664
-662
-621
-596
-545
-482
-434
-387
-333
-288
-244
-209
-149
-86
-13
52
114
177
229
273
296
298
287
266
228
192
156
111
92
60
38
22
6
0
-12
10
3
-2
13
28
48
86
128
179
241
298
359
405
444
481
510
536
555
579
600
601
583
554
507
446
388
315
213
118
22
-91
-177
-258
-334
-394
-445
-462
-483
-487
-478
-468
-433
-374
-305
-242
-154
-76
13
110
191
258
316
357
404
418
411
392
362
335
297
254
185
111
41
-27
-93
-150
-220
-279
-325
-364
-387
-383
-365
-323
-284
-236
-162
-109
-37
22
104
173
238
308
363
409
437
465
459
449
411
356
289
215
140
67
-25
-107
-178
-235
-282
-319
-347
-374
-390
-414
-428
-451
-461
-470
-457
-455
-419
-375
-322
-264
-226
-189
-173
-158
-176
-183
-202
-236
-261
-282
-308
-312
-313
-308
-294
-282
-267
-259
-236
-215
-188
-160
-125
-84
-32
17
75
127
180
227
262
298
325
361
376
408
417
438
463
468
463
457
434
392
344
279
220
174
126
78
46
24
10
13
23
26
41
60
96
122
148
187
242
290
320
353
377
394
381
367
346
305
261
206
137
70
12
-49
-102
-159
-202
-236
-274
-314
-351
-366
-396
-395
-392
-382
-344
-300
-245
-184
-120
-61
-1
53
97
127
154
172
187
187
177
164
142
119
94
57
23
-19
-70
-115
-145
-167
-180
-201
-207
-211
-196
-182
-169
-154
-149
-130
-119
-99
-86
-65
-50
-31
-20
3
24
36
28
10
2
-13
-31
-47
-69
-63
-74
-73
-64
-63
-38
-25
3
30
44
67
96
111
118
116
140
164
171
174
161
149
129
106
83
46
17
-25
-64
-94
-131
-159
-178
-190
-194
-204
-210
-221
-232
-234
-240
-241
-228
-217
-192
-163
-126
-62
-13
45
88
138
187
216
240
253
270
264
258
245
229
215
193
181
167
154
143
120
103
70
41
9
-12
-20
-24
-29
-36
-16
-8
3
29
56
70
89
97
110
120
117
95
80
71
55
29
11
-2
-9
-38
-54
-58
-64
-75
-96
-109
-108
-112
-111
-109
-110
-92
-64
-41
-24
-2
20
59
71
95
117
124
140
123
109
80
51
13
-43
-79
-125
-150
-170
-182
-191
-213
-215
-213
-202
-198
-192
-194
-184
-176
-171
-163
-163
-140
-111
-75
-51
-9
18
57
80
85
86
80
107
120
139
147
160
171
171
172
148
141
117
111
117
118
110
103
106
110
120
119
113
104
98
95
107
97
94
97
100
112
130
132
124
120
110
102
79
74
47
4
-40
-76
-126
-170
-225
-275
-285
-306
-304
-303
-311
-295
-289
-276
-257
-244
-219
-210
-196
-191
-181
-172
-165
-151
-135
-106
-98
-89
-77
-70
-55
-55
-49
-38
-26
-13
-4
5
17
35
49
56
62
84
103
114
138
158
194
213
231
240
245
244
232
229
216
211
191
176
152
131
118
89
74
59
51
42
35
24
17
10
1
-10
-21
-38
-41
-35
-36
-46
-55
-53
-51
-56
-69
-73
-53
-46
-33
-13
-5
2
10
10
17
30
41
61
80
91
96
100
90
80
56
37
23
25
38
43
36
29
27
22
15
18
21
18
20
9
18
26
30
36
43
38
33
26
31
39
40
44
40
42
31
27
19
19
19
-2
-6
-38
-59
-91
-136
-147
-155
-161
-161
-166
-166
-164
-158
-153
-151
-157
-169
-162
-150
-128
-119
-126
-131
-123
-129
-117
-108
-91
-55
-35
3
25
41
42
38
38
32
25
23
14
14
20
20
17
11
10
6
16
23
38
59
59
68
62
68
75
72
77
64
65
70
75
91
103
121
116
126
134
141
124
99
67
21
4
-24
-52
-84
-111
-127
-135
-126
-130
-128
-119
-109
-99
-90
-75
-57
-35
-29
-1
6
17
23
25
25
18
35
30
56
72
85
97
110
133
121
126
112
107
97
88
76
54
62
51
53
33
24
0
-16
-19
-16
-18
-6
8
28
44
41
45
46
45
34
26
12
0
-6
-21
-39
-48
-56
-41
-22
-9
0
-2
-14
-24
-24
-38
-45
-62
-78
-98
-109
-112
-124
-132
-132
-116
-96
-76
-56
-29
-12
-10
4
13
11
17
7
-1
-26
-44
-56
-76
-74
-52
-29
-27
-30
-40
-43
-25
-13
10
24
41
46
51
47
44
44
28
36
59
78
101
110
100
106
98
96
98
102
107
116
108
99
67
27
2
-18
-42
-51
-59
-62
-60
-68
-86
-96
-99
-107
-103
-80
-71
-66
-47
-39
-38
-44
-47
-65
-66
-77
-73
-55
-49
-40
-38
-21
-15
-13
3
0
2
9
3
-2
2
4
8
6
25
25
39
36
48
48
62
74
78
86
85
93
90
94
90
81
63
59
45
37
35
30
26
2
-16
-28
-49
-69
-83
-94
-107
-123
-117
-110
-95
-84
-78
-48
-36
-9
15
26
33
37
41
39
32
37
49
55
67
72
65
70
72
79
84
80
75
65
67
53
33
21
10
20
38
36
49
48
40
42
51
47
53
64
64
68
59
43
43
40
58
61
79
86
78
75
51
36
20
15
11
12
11
6
-2
-21
-48
-65
-75
-83
-68
-56
-47
-48
-61
-64
-75
-83
-85
-88
-71
-73
-70
-71
-85
-93
-96
-86
-79
-77
-65
-70
-65
-69
-89
-92
-119
-115
-125
-128
-117
-120
-110
-106
-106
-109
-108
-98
-92
-84
-74
-69
-56
-55
-53
-57
-50
-34
-26
-16
3
11
28
43
41
48
58
80
99
104
103
108
121
107
84
60
31
17
3
-11
-25
-29
-39
-51
-51
-56
-58
-59
-53
-45
-28
-17
-4
30
57
89
105
127
138
157
166
183
210
219
229
244
229
233
226
198
190
175
160
125
96
66
36
10
0
-20
-27
-44
-65
-68
-68
-51
-41
-36
-26
-24
-1
-1
-5
4
8
22
49
68
70
62
55
41
22
16
11
-5
-28
-52
-73
-89
-112
-124
-137
-147
-163
-174
-183
-194
-194
-192
-161
-132
-94
-66
-51
-27
-10
23
37
56
89
105
125
132
116
104
71
43
20
-6
-28
-67
-96
-130
-151
-183
-207
-218
-230
-231
-232
-230
-223
-216
-195
-168
-145
-119
-89
-62
-34
-2
36
74
92
111
128
138
131
132
124
112
101
82
65
43
26
-3
-18
-40
-51
-53
-57
-68
-63
-59
-68
-64
-58
-42
-22
-4
18
50
75
95
115
126
146
162
190
213
230
249
247
237
213
200
188
170
147
131
129
122
104
91
80
80
74
73
80
96
106
103
97
93
91
95
102
112
108
92
65
39
5
-8
-24
-26
-16
-34
-50
-66
-85
-96
-110
-113
-120
-126
-131
-146
-156
-168
-166
-141
-109
-100
-90
-94
-95
-92
-108
-103
-85
-63
-53
-35
-38
-47
-64
-78
-89
-81
-77
-88
-97
-127
-154
-171
-179
-181
-170
-151
-124
-98
-72
-67
-60
-51
-28
2
17
36
41
51
57
56
53
51
43
29
34
27
16
15
-2
-17
-17
-32
-39
-43
-44
-43
-41
-32
-20
1
11
27
39
47
56
70
82
95
104
109
105
111
114
107
105
93
82
67
64
48
34
26
10
1
-16
-24
-35
-47
-50
-48
-46
-24
-5
7
34
65
85
105
125
144
158
158
165
176
179
167
144
128
108
83
72
37
19
5
-8
-16
-27
-32
-52
-58
-58
-46
-46
-45
-39
-35
-24
-16
-6
-6
9
15
32
35
28
19
13
13
2
-6
-23
-37
-48
-71
-106
-144
-168
-181
-199
-195
-190
-188
-187
-186
-180
-167
-144
-113
-81
-44
-18
-4
8
17
30
42
52
53
58
56
54
46
29
12
3
-9
-20
-27
-35
-43
-52
-59
-64
-66
-80
-92
-89
-82
-79
-63
-48
-24
-2
15
43
70
96
109
112
109
105
103
106
101
109
100
83
75
52
32
16
-18
-24
-24
-26
-27
-21
-8
-5
9
18
34
33
42
58
69
87
103
106
113
119
120
120
111
100
82
64
52
29
22
12
-8
-17
-31
-46
-61
-63
-77
-71
-78
-84
-76
-71
-53
-37
-22
-10
4
22
39
41
61
67
72
82
83
91
93
87
78
61
47
35
26
4
1
-17
-42
-66
-81
-91
-96
-95
-105
-107
-111
-92
-87
-74
-55
-41
-24
-12
-6
9
12
13
29
23
19
14
6
3
8
2
1
0
0
-9
-18
-33
-34
-36
-31
-27
-34
-28
-30
-33
-37
-38
-35
-38
-34
-25
-15
-6
-3
1
-5
2
0
1
5
9
15
16
11
7
1
-5
-4
-13
-12
-10
-8
-21
-28
-30
-35
-26
-24
-5
2
15
27
34
50
56
63
77
79
86
94
98
85
93
80
72
55
42
31
17
11
-4
-13
-38
-60
-67
-82
-80
-78
-79
-74
-82
-79
-73
-69
-67
-53
-46
-36
-25
-11
-5
-3
7
7
8
12
18
23
21
17
18
8
2
-8
-18
-33
-41
-59
-69
-78
-85
-78
-79
-69
-70
-53
-38
-33
-23
-11
-3
8
17
28
38
54
74
74
69
75
77
79
82
77
82
69
69
69
72
75
68
70
67
73
70
65
52
37
38
39
55
51
52
58
51
49
37
37
40
35
26
15
3
4
-7
-5
-6
-22
-19
-18
-23
-24
-27
-31
-28
-28
-32
-31
-35
-27
-26
-12
-6
-5
3
9
6
2
-11
-16
-17
-25
-32
-44
-42
-53
-56
-65
-68
-78
-73
-68
-70
-78
-78
-78
-80
-84
-79
-67
-59
-39
-33
-38
-27
-23
-27
-20
-17
-13
-18
-11
-8
-18
-16
-29
-34
-39
-45
-41
-53
-56
-63
-65
-60
-51
-49
-50
-38
-42
-31
-28
-21
-8
11
25
32
50
56
59
67
71
70
82
82
84
94
96
100
85
86
86
84
85
79
70
66
54
44
39
39
31
30
34
23
33
29
25
31
35
49
49
62
63
77
80
78
87
88
85
87
95
88
88
82
82
76
68
68
54
50
43
37
37
25
23
21
25
28
34
45
39
37
31
28
17
8
1
-6
-19
-36
-42
-58
-67
-80
-94
-110
-115
-127
-137
-138
-137
-128
-139
-139
-139
-141
-136
-128
-121
-104
-97
-98
-92
-83
-73
-65
-55
-54
-49
-45
-42
-53
-55
-61
-72
-68
-83
-85
-87
-82
-76
-92
-91
-90
-87
-86
-88
-81
-64
-66
-54
-46
-39
-26
-24
-9
-10
1
14
28
37
49
58
69
70
71
75
74
72
72
69
67
65
57
55
48
35
28
29
15
18
19
22
25
27
25
40
43
48
55
61
61
66
75
65
68
76
80
87
91
108
99
100
99
98
109
115
115
108
110
108
102
87
86
77
82
79
73
68
66
59
51
49
47
57
57
54
55
56
52
51
39
25
19
11
2
-11
-15
-25
-31
-44
-54
-49
-52
-51
-48
-43
-47
-58
-68
-75
-76
-82
-91
-99
-110
-118
-125
-131
-135
-133
-132
-137
-141
-141
-146
-146
-145
-142
-145
-145
-132
-138
-128
-125
-125
-111
-105
-97
-91
-83
-75
-63
-56
-42
-39
-31
-24
-21
-12
-13
-9
-14
-17
-14
-9
0
7
16
24
28
23
36
33
38
46
52
61
68
65
70
70
68
86
86
92
88
90
92
94
98
97
93
92
91
97
100
95
91
86
74
62
52
35
30
36
38
34
43
48
52
58
53
55
64
65
67
67
62
62
58
59
59
68
70
79
79
79
85
86
91
91
93
83
83
71
63
61
40
37
27
14
6
2
-16
-21
-35
-38
-33
-37
-31
-37
-33
-32
-32
-39
-58
-67
-70
-88
-92
-93
-101
-104
-107
-106
-115
-114
-112
-106
-104
-103
-106
-108
-112
-113
-122
-125
-124
-120
-120
-120
-120
-128
-123
-116
-119
-110
-105
-100
-94
-74
-60
-66
-58
-58
-60
-60
-56
-50
-47
-34
-22
-18
-7
12
14
24
39
53
62
62
65
55
68
72
82
83
81
86
80
75
72
65
66
61
61
62
66
63
46
50
43
43
48
40
40
46
53
55
62
69
82
92
93
105
108
109
109
104
106
98
91
89
84
83
77
66
50
41
24
17
12
3
0
-15
-8
-11
-21
-14
-22
-24
-29
-29
-27
-22
-21
-19
-12
-10
1
2
6
12
11
13
13
2
-9
-13
-22
-32
-39
-49
-54
-67
-74
-84
-98
-98
-101
-106
-113
-112
-112
-111
-105
-104
-101
-105
-100
-88
-80
-64
-61
-60
-59
-53
-44
-43
-38
-24
-14
-8
-3
1
2
15
12
14
4
0
0
-3
-1
-8
-6
-9
-7
-7
1
-1
-2
-1
1
2
8
10
6
13
12
18
17
17
25
27
32
29
41
46
54
57
63
63
62
67
69
78
80
84
78
72
74
66
64
63
64
70
64
59
47
40
36
37
39
33
34
29
33
34
21
23
22
17
20
10
20
26
28
30
22
28
25
26
22
17
17
12
4
0
-2
-2
-2
-11
-15
-26
-32
-28
-31
-31
-35
-42
-46
-47
-47
-41
-44
-45
-42
-43
-41
-32
-29
-37
-39
-34
-35
-32
-44
-51
-50
-51
-50
-46
-42
-40
-41
-39
-37
-37
-29
-24
-29
-30
-29
-24
-24
-27
-23
-21
-12
-6
-5
0
6
13
16
19
28
30
33
23
24
20
3
4
-6
-6
-10
-20
-20
-29
-29
-30
-29
-30
-32
-30
-24
-29
-29
-11
-13
-11
-6
-7
-7
1
13
18
17
32
37
38
37
39
32
37
48
54
65
61
55
47
48
42
42
41
47
51
46
46
43
38
34
33
33
32
42
45
48
46
47
47
42
42
40
36
33
29
20
15
-3
-7
-21
-21
-31
-40
-49
-60
-57
-74
-70
-64
-61
-62
-62
-68
-65
-67
-67
-59
-59
-56
-57
-49
-44
-44
-40
-42
-38
-28
-26
-30
-34
-27
-27
-26
-23
-25
-33
-36
-41
-42
-40
-33
-29
-25
-14
-12
-12
-8
-9
4
8
18
24
27
36
46
41
45
47
39
35
38
33
33
34
21
27
25
24
31
19
20
17
22
18
14
16
6
8
10
7
16
15
10
15
14
19
19
25
24
26
27
25
23
27
21
15
9
6
4
1
-1
-3
-5
-8
-4
1
10
23
22
29
25
29
37
34
43
43
45
43
38
39
33
26
21
24
12
14
7
-3
-5
-6
-12
-12
-16
-21
-22
-24
-22
-28
-22
-30
-26
-27
-33
-34
-32
-28
-25
-23
-25
-17
-17
-20
-14
-16
-20
-21
-24
-29
-40
-43
-40
-46
-49
-52
-59
-64
-58
-56
-47
-43
-43
-35
-23
-16
-9
2
9
13
11
26
32
37
40
37
39
37
37
39
41
36
40
35
34
28
21
14
12
8
-1
-10
-13
-14
-12
-15
-12
-13
-11
-3
-1
2
-1
11
17
19
23
25
32
31
27
29
24
20
22
21
16
12
11
4
4
-1
-4
-7
-6
-12
-15
-14
-12
-8
-2
2
2
10
18
23
24
34
42
42
36
43
41
34
27
19
16
10
6
3
-2
-7
-10
-7
-8
-9
-12
-16
-17
-14
-19
-23
-26
-21
-19
-24
-22
-18
-16
-15
-14
-18
-19
-32
-32
-31
-36
-38
-45
-44
-50
-55
-54
-58
-58
-56
-50
-43
-45
-40
-37
-42
-34
-27
-24
-20
-20
-13
-1
6
11
15
29
30
36
43
36
40
38
44
45
38
27
22
15
14
10
5
0
-11
-8
-12
-12
-13
-7
-10
-7
-6
-6
2
6
19
23
25
31
33
40
43
44
56
57
57
44
39
37
31
27
10
2
-10
-28
-34
-39
-43
-43
-42
-43
-41
-47
-43
-34
-28
-23
-11
-6
7
17
28
36
37
47
47
44
39
46
45
47
37
38
32
23
15
7
5
0
2
-3
-13
-15
-14
-18
-17
-19
-17
-13
-16
-14
-14
-10
-8
-11
-14
-14
-9
-17
-15
-23
-19
-22
-24
-28
-28
-26
-35
-30
-33
-42
-45
-42
-53
-57
-55
-54
-46
-45
-46
-30
-34
-26
-24
-18
-8
-2
8
14
29
32
39
46
52
53
55
54
54
62
61
61
64
61
64
60
57
50
53
53
39
30
34
33
36
32
33
35
35
32
29
34
31
33
25
30
23
20
15
11
12
7
14
6
-3
-9
-21
-13
-19
-30
-37
-40
-43
-39
-44
-48
-46
-44
-38
-38
-31
-32
-28
-23
-26
-28
-33
-29
-26
-22
-22
-30
-31
-26
-26
-21
-14
-17
-14
-12
-15
-13
-14
-23
-12
-11
-5
1
4
4
-4
-3
1
0
6
2
2
5
1
11
3
7
0
-3
1
-3
-9
-18
-14
-9
-11
-12
-15
-13
-12
-11
-17
-23
-20
-14
-12
-12
-9
-9
-4
-6
-2
-2
-2
5
6
9
10
10
16
11
15
13
16
18
24
20
17
18
15
15
8
11
8
10
14
14
16
16
24
30
39
42
43
43
43
49
47
47
35
43
34
37
36
27
26
19
19
6
10
4
-3
-4
-7
-13
-19
-18
-20
-19
-24
-25
-25
-28
-33
-37
-30
-24
-24
-23
-24
-19
-14
-20
-18
-17
-19
-18
-16
-16
-14
-15
-20
-26
-25
-27
-25
-33
-36
-28
-42
-33
-39
-31
-28
-27
-17
-21
-15
-21
-13
-12
-8
-2
-8
-3
-5
-8
-15
-15
-17
-18
-10
-16
-14
-10
-10
-7
-6
-7
4
2
7
4
2
10
8
9
13
10
14
17
9
21
17
22
28
31
33
36
39
43
43
31
28
31
27
25
25
21
22
18
20
13
14
14
14
19
18
14
10
10
17
21
19
19
16
13
15
5
6
9
10
9
11
15
20
18
20
21
14
11
15
20
15
8
10
9
9
6
3
7
6
14
14
13
14
7
13
9
6
9
10
7
7
-2
-9
-12
-13
-13
-21
-18
-25
-24
-25
-29
-19
-20
-19
-19
-16
-12
-10
-9
-17
-16
-20
-19
-18
-9
-12
-19
-22
-21
-24
-32
-42
-47
-44
-48
-47
-53
-51
-47
-49
-45
-42
-41
-39
-33
-34
-29
-28
-22
-21
-23
-10
-13
-2
-1
1
17
17
26
25
28
31
28
29
27
27
24
26
26
25
22
18
15
15
13
12
15
12
17
20
22
26
22
20
24
24
29
29
35
35
28
37
34
36
30
27
26
30
28
22
19
18
10
3
1
-11
-18
-21
-18
-18
-15
-15
-15
-13
-20
-4
-13
-7
-4
-6
-3
2
6
11
14
17
17
16
17
7
15
5
5
3
-4
-4
0
2
-3
-6
-9
-4
-12
-9
-9
-15
-19
-19
-26
-29
-26
-27
-28
-31
-36
-37
-31
-27
-27
-29
-30
-35
-33
-24
-23
-22
-26
-28
-22
-19
-21
-21
-20
-25
-17
-23
-17
-19
-13
-12
-10
-4
-7
-9
-8
-6
-5
-1
-7
-1
-11
-11
-9
-10
-10
-5
-6
-4
5
0
11
11
16
25
28
36
34
32
32
33
38
43
46
54
54
52
47
51
53
47
48
42
36
30
30
23
20
14
15
10
6
1
-7
-13
-15
-11
-7
-12
-15
-10
-3
