SAMPLES:	11545
BITSPERSAMPLE:	16
CHANNELS:	1
SAMPLERATE:	16000
NORMALIZED:	FALSE
10
11
15
18
22
23
24
26
21
19
16
11
10
12
8
8
13
13
13
17
10
16
12
6
2
-9
-12
-21
-18
-23
-27
-23
-24
-20
-20
-15
-14
-12
-9
-11
-11
-15
-18
-15
-16
-15
-13
-16
-10
-14
-7
-9
-4
-2
-5
-2
-4
-3
0
2
5
4
5
1
0
5
5
9
10
12
7
11
12
15
22
17
13
15
19
14
9
9
10
11
10
9
14
14
11
13
11
16
14
10
7
6
1
-3
-7
-8
-9
-13
-10
-11
-7
-7
-8
-8
-5
-7
-6
-10
-13
-13
-14
-13
-14
-15
-15
-17
-19
-17
-18
-20
-18
-18
-16
-16
-11
-5
-8
-2
-2
-4
-3
-2
-2
-1
-3
-4
-2
-3
-5
-1
-1
-2
-7
-7
-5
-11
-9
-13
-18
-20
-17
-16
-13
-9
-11
-6
-2
-4
-3
4
6
9
8
10
15
9
9
4
6
2
3
0
0
-4
-14
-10
-12
-7
-9
0
-2
0
0
4
11
17
21
23
29
27
22
22
27
26
26
23
20
18
15
18
21
23
25
25
26
32
32
28
23
23
21
16
10
7
3
8
3
4
9
9
13
12
15
19
20
23
18
17
15
10
10
6
5
3
-6
-15
-13
-18
-20
-25
-28
-37
-42
-42
-51
-56
-64
-64
-70
-72
-75
-77
-73
-76
-76
-72
-71
-68
-62
-55
-50
-45
-36
-30
-27
-23
-20
-16
-12
-9
-7
0
3
10
16
22
26
32
42
45
42
35
34
32
29
25
21
26
23
21
16
18
17
17
18
13
21
24
22
24
26
28
27
27
29
27
23
13
10
6
0
2
1
-2
-8
-9
-7
-4
1
3
7
9
14
11
16
17
19
17
19
26
29
36
38
40
42
40
41
43
46
49
54
50
52
49
46
52
52
57
59
62
62
68
70
76
82
88
96
103
106
107
112
112
112
107
102
98
89
79
68
52
42
23
3
-19
-38
-56
-77
-100
-125
-142
-162
-179
-194
-213
-225
-234
-245
-244
-252
-251
-249
-252
-247
-252
-245
-231
-222
-209
-206
-189
-174
-158
-144
-127
-106
-84
-66
-56
-41
-34
-20
-10
5
24
40
60
78
93
106
119
136
152
163
176
191
198
209
212
215
218
217
216
209
202
195
181
170
152
133
122
103
92
76
59
40
18
1
-24
-43
-61
-74
-88
-100
-108
-117
-119
-127
-132
-134
-133
-123
-119
-115
-111
-106
-102
-91
-82
-68
-57
-45
-31
-18
-6
11
23
34
50
70
85
95
101
117
125
135
146
146
149
148
151
153
161
165
168
175
175
177
173
163
156
143
130
129
129
128
121
115
107
95
89
84
83
80
78
76
75
69
71
57
50
40
20
9
-13
-35
-66
-104
-139
-171
-200
-235
-265
-297
-327
-356
-389
-417
-443
-463
-484
-504
-514
-526
-526
-527
-522
-511
-499
-476
-452
-417
-389
-357
-322
-288
-243
-205
-163
-120
-77
-38
5
40
84
120
152
190
217
252
273
303
318
339
364
381
401
416
431
439
440
440
439
437
432
422
419
403
392
369
344
317
292
260
232
204
175
152
118
94
63
37
10
-15
-40
-62
-81
-100
-111
-122
-138
-150
-153
-155
-153
-146
-138
-131
-127
-120
-112
-103
-88
-73
-57
-43
-30
-20
-3
12
24
40
65
78
85
101
111
121
129
137
145
151
155
152
154
148
141
141
140
139
129
112
105
100
89
83
73
69
62
54
45
42
42
43
41
41
39
41
37
30
25
14
2
-13
-28
-48
-68
-89
-115
-146
-178
-217
-252
-287
-317
-347
-379
-411
-439
-461
-482
-501
-521
-534
-550
-555
-555
-554
-553
-542
-528
-505
-480
-455
-429
-398
-361
-319
-276
-233
-187
-140
-93
-41
10
60
108
154
198
241
271
306
333
361
384
402
421
431
446
457
457
460
460
450
442
428
413
401
377
354
335
313
293
270
248
225
204
179
164
145
120
103
76
61
39
20
7
-12
-28
-44
-51
-52
-61
-67
-68
-68
-65
-55
-47
-37
-29
-12
1
11
12
20
35
44
53
50
43
48
54
62
71
82
81
89
92
101
104
110
105
105
109
102
97
92
90
85
73
69
66
45
30
10
-4
-22
-38
-43
-55
-60
-68
-76
-85
-84
-76
-76
-68
-61
-52
-42
-32
-28
-22
-24
-27
-38
-51
-69
-86
-107
-141
-174
-218
-251
-285
-319
-356
-389
-416
-447
-475
-499
-518
-532
-545
-550
-557
-553
-547
-537
-520
-500
-482
-457
-428
-398
-363
-320
-283
-240
-195
-145
-92
-40
23
79
135
186
236
283
333
376
410
440
469
487
509
526
542
545
552
557
558
557
546
539
525
509
493
470
453
432
408
391
369
336
312
285
260
231
200
176
143
126
107
83
57
26
0
-22
-40
-63
-88
-114
-128
-148
-155
-162
-171
-167
-176
-167
-168
-159
-163
-152
-133
-133
-120
-113
-99
-102
-95
-96
-97
-87
-80
-78
-73
-65
-67
-65
-52
-36
-24
-20
-13
-6
-2
7
6
8
6
15
23
27
18
5
10
2
5
5
3
2
-4
-4
2
7
15
24
33
48
60
71
84
95
101
101
106
104
92
79
62
40
17
-8
-34
-64
-99
-130
-166
-199
-233
-264
-289
-316
-340
-366
-382
-400
-419
-435
-447
-453
-453
-442
-429
-413
-391
-364
-335
-306
-270
-233
-192
-157
-114
-72
-29
15
55
87
119
150
171
193
217
243
257
271
286
301
308
318
328
336
335
343
342
341
336
324
317
294
283
267
249
228
214
197
189
179
157
129
123
98
72
50
37
6
-16
-26
-26
-46
-47
-62
-87
-83
-85
-103
-112
-86
-85
-79
-101
-63
-58
-63
-56
-48
-37
-58
-42
-40
-20
-14
1
0
12
36
46
75
75
90
89
101
100
99
110
108
109
94
113
104
104
90
91
95
87
80
63
59
39
27
23
18
3
-16
-18
-13
-7
-1
2
7
12
21
26
31
30
36
35
27
29
19
15
-6
-9
-30
-50
-67
-86
-109
-138
-156
-183
-212
-242
-271
-306
-337
-369
-395
-415
-428
-441
-449
-448
-449
-442
-434
-424
-402
-379
-354
-316
-279
-242
-211
-177
-143
-108
-78
-35
-2
32
61
86
114
147
168
196
210
233
251
260
271
274
287
295
308
308
319
317
328
332
329
323
325
317
308
291
274
266
254
244
226
198
172
153
136
125
103
76
50
30
12
-3
-16
-26
-26
-52
-70
-57
-61
-88
-99
-92
-82
-90
-62
-53
-42
-37
-33
6
-8
-15
-2
16
28
24
43
60
59
45
62
65
68
70
71
71
46
61
73
77
54
61
82
62
67
81
86
79
74
70
77
79
71
68
69
50
51
35
30
15
8
7
-6
-17
-17
-13
-15
-17
-13
4
8
17
29
35
25
22
23
12
-3
-22
-48
-72
-103
-132
-165
-199
-231
-255
-277
-306
-339
-357
-375
-407
-422
-435
-439
-452
-452
-454
-452
-438
-430
-408
-394
-364
-334
-309
-279
-251
-221
-198
-170
-140
-105
-75
-56
-30
-1
35
61
87
119
136
138
174
187
204
217
235
236
236
258
276
274
275
288
286
287
274
297
282
263
265
265
270
246
240
243
241
210
196
201
186
163
144
129
124
120
103
89
80
60
43
42
32
29
25
42
34
34
49
65
61
53
58
66
67
61
66
67
74
58
50
59
59
46
55
64
73
77
68
73
68
49
45
46
55
35
32
24
33
25
16
12
-13
-16
-29
-12
-32
-43
-50
-43
-58
-73
-69
-83
-91
-102
-93
-108
-105
-110
-106
-109
-106
-85
-81
-73
-71
-68
-68
-71
-67
-75
-85
-105
-116
-129
-140
-152
-168
-191
-205
-211
-233
-254
-279
-286
-305
-310
-325
-334
-340
-356
-356
-365
-348
-346
-337
-324
-292
-287
-266
-233
-213
-187
-182
-142
-120
-103
-73
-42
-15
9
49
70
84
106
123
154
174
186
212
240
247
266
283
311
301
314
335
337
341
341
358
348
358
351
353
334
343
325
319
326
292
285
277
251
223
227
189
193
165
156
155
140
132
93
117
72
68
69
70
20
20
39
-4
21
13
4
-14
3
3
-21
2
6
-16
-25
-32
-21
-43
-48
-37
-55
-73
-57
-56
-77
-70
-50
-56
-38
-30
-13
-17
-33
-15
-16
-24
-26
0
-11
-19
-7
-23
-27
-43
-36
-28
-57
-58
-50
-59
-65
-67
-57
-74
-84
-83
-83
-86
-93
-105
-102
-105
-98
-93
-109
-108
-109
-101
-116
-115
-110
-120
-125
-140
-151
-155
-161
-184
-195
-212
-200
-216
-245
-264
-269
-280
-294
-265
-272
-279
-265
-238
-230
-230
-219
-213
-193
-177
-164
-145
-136
-118
-84
-76
-57
-37
1
6
10
42
45
67
74
111
120
117
150
163
170
187
211
222
201
223
232
241
250
250
245
254
266
265
266
268
265
242
236
279
258
228
232
247
204
193
201
191
144
158
177
139
115
114
105
92
40
68
57
19
20
2
19
-7
3
-7
15
-20
-8
-16
-11
-1
10
-7
-28
-11
-21
-18
-39
-7
-20
-40
-38
-28
-5
-24
-33
-40
-22
-7
-9
-24
-5
-8
-27
6
14
-13
-10
-15
-18
-11
-24
-25
-31
-38
-47
-41
-47
-63
-47
-58
-66
-73
-58
-61
-79
-73
-67
-67
-68
-55
-64
-64
-69
-63
-61
-71
-79
-87
-94
-93
-105
-102
-110
-117
-119
-136
-130
-146
-154
-149
-152
-167
-170
-158
-169
-194
-165
-163
-183
-205
-167
-177
-167
-174
-169
-151
-123
-115
-121
-78
-76
-48
-39
-17
-16
7
23
24
16
54
48
48
85
90
104
104
111
138
141
142
148
154
170
172
181
195
187
193
200
203
236
235
195
175
200
202
172
160
172
132
128
121
134
127
94
96
102
112
75
89
82
89
87
90
86
79
77
48
78
39
59
58
45
20
4
27
-11
-9
-51
-6
-35
-31
-32
0
0
-29
-4
-10
14
-7
28
30
38
49
33
34
30
23
11
14
-1
-20
12
18
-15
5
35
8
-41
-29
11
-29
-54
-37
-24
-47
-51
-27
-54
-48
-83
-71
-67
-58
-58
-91
-85
-84
-79
-84
-68
-71
-87
-92
-101
-92
-89
-100
-129
-141
-121
-102
-115
-132
-129
-149
-163
-162
-175
-191
-194
-216
-241
-219
-236
-237
-228
-227
-225
-242
-226
-215
-177
-150
-142
-152
-142
-115
-89
-86
-76
-85
-62
-53
-63
-31
-37
-43
-32
-24
7
55
59
74
77
134
154
167
186
193
226
150
201
244
240
230
232
243
214
254
219
243
212
225
182
175
185
177
177
130
144
168
165
121
128
136
86
92
123
146
84
97
103
95
109
97
83
52
81
39
65
19
56
17
5
27
21
-6
-16
46
-22
12
4
12
15
-17
44
13
-21
-6
9
-2
-45
8
2
-19
-47
-8
27
-25
-29
-6
19
-58
-4
22
-11
-47
17
31
-21
-9
8
-2
-41
-4
48
0
-24
-21
11
10
-26
-19
-30
-25
-20
-36
-45
-28
-33
-42
-51
-44
-47
-81
-100
-117
-93
-120
-118
-130
-169
-144
-180
-220
-229
-213
-240
-268
-269
-271
-270
-300
-264
-268
-265
-290
-271
-241
-261
-245
-204
-206
-224
-212
-171
-146
-192
-143
-137
-88
-88
-71
-7
-22
-17
-11
55
77
68
82
142
117
122
147
211
209
178
191
230
241
246
251
269
259
244
272
280
279
225
266
237
249
264
272
217
234
269
228
215
223
260
176
190
198
173
134
120
192
164
100
64
115
77
77
104
63
-39
-3
60
28
4
31
-16
-65
-8
4
2
-17
-39
-42
-25
-1
-1
-24
-26
-59
-30
-29
-4
-28
-76
-89
-54
-21
-35
-21
-44
-97
-95
-71
-8
-78
-121
-99
-104
-101
-87
-51
-43
-75
-64
-24
-14
-37
-74
-48
-43
-32
-36
-33
-38
-40
-51
-37
-29
-40
-46
-68
-66
-99
-115
-125
-145
-142
-201
-198
-207
-250
-255
-258
-277
-316
-329
-301
-291
-325
-354
-332
-284
-280
-288
-262
-256
-211
-215
-182
-141
-131
-142
-107
-64
-53
-17
1
23
26
72
69
115
139
137
173
185
214
183
207
216
247
255
307
271
227
240
258
321
280
297
277
261
249
251
247
207
180
197
159
156
178
130
102
79
103
117
110
59
34
45
65
79
79
25
14
16
46
52
59
-15
3
41
34
14
-26
43
-3
7
-10
3
4
36
71
40
1
35
46
63
60
71
84
49
44
88
119
75
23
10
54
81
25
-1
-20
-10
-14
-4
33
50
12
-6
23
70
70
66
65
51
55
91
108
87
108
95
80
66
46
83
50
2
-19
-26
-55
-108
-160
-178
-219
-246
-315
-359
-365
-385
-429
-479
-486
-483
-497
-509
-509
-532
-536
-523
-516
-492
-447
-456
-468
-421
-361
-313
-287
-247
-221
-173
-118
-103
-65
-42
21
42
67
107
116
157
204
255
312
305
291
293
314
361
368
343
339
319
311
324
339
332
322
295
278
302
267
266
253
197
197
182
154
133
152
94
50
33
76
98
72
27
6
50
68
50
24
41
54
42
65
56
48
60
86
50
75
128
126
74
86
121
81
99
102
122
92
73
95
103
140
148
124
48
92
113
118
95
83
85
44
43
43
17
0
-7
-17
12
64
72
31
7
23
59
107
137
143
132
111
87
121
149
153
131
81
22
-15
-25
-78
-124
-197
-279
-332
-377
-411
-470
-558
-621
-646
-676
-683
-700
-730
-771
-789
-793
-769
-723
-699
-680
-684
-642
-580
-513
-451
-413
-359
-316
-289
-185
-78
-37
7
53
123
155
198
254
302
340
412
479
488
471
472
515
546
604
630
588
539
489
499
496
496
498
443
379
324
254
237
233
220
164
93
63
11
30
9
11
15
-10
-68
-103
-71
-72
-70
-66
-73
-78
-68
-42
-20
-37
-39
-48
-15
75
123
117
25
-13
77
227
280
250
136
94
147
308
410
344
229
116
137
242
361
370
245
87
75
170
238
223
134
30
-48
-2
112
213
243
147
37
22
129
253
318
290
223
185
183
263
281
241
179
126
94
66
33
-42
-173
-272
-342
-373
-407
-509
-637
-746
-826
-860
-861
-863
-920
-988
-1034
-1074
-1056
-1018
-993
-989
-970
-923
-890
-836
-753
-671
-597
-531
-468
-385
-319
-233
-114
-9
89
137
175
193
259
343
434
532
594
647
671
675
691
702
773
818
778
723
677
644
601
580
550
524
465
397
343
236
168
190
213
186
91
-18
-84
-114
-93
26
-12
-159
-188
-113
-73
-84
-35
-31
-84
-106
-5
78
69
8
-28
-13
65
138
139
90
82
100
144
213
248
239
190
166
202
292
345
323
272
250
322
379
372
328
293
245
204
223
255
231
154
97
134
271
428
417
250
104
136
319
422
431
391
289
170
141
231
290
241
98
-26
-113
-171
-219
-302
-434
-562
-643
-736
-819
-876
-982
-1100
-1170
-1174
-1153
-1177
-1243
-1320
-1327
-1265
-1189
-1138
-1106
-1077
-1051
-991
-878
-736
-637
-591
-561
-457
-334
-201
-81
19
96
160
236
297
398
508
587
690
795
869
884
875
906
987
1047
1067
1048
940
852
802
803
752
691
649
568
459
358
307
251
187
145
85
-5
-92
-162
-179
-142
-134
-138
-195
-240
-211
-144
-109
-153
-154
-165
-167
-171
-148
-122
-67
-41
52
112
81
51
88
201
318
308
246
174
190
262
335
399
344
294
272
280
312
321
301
248
219
248
281
219
125
86
105
200
314
454
491
357
231
237
402
612
691
605
439
371
380
422
454
395
295
124
-40
-125
-145
-237
-395
-557
-673
-760
-870
-984
-1082
-1139
-1192
-1265
-1298
-1343
-1397
-1430
-1451
-1381
-1305
-1260
-1247
-1222
-1188
-1103
-977
-851
-744
-680
-624
-572
-458
-310
-176
-85
-6
83
170
241
316
421
561
688
760
856
911
936
917
903
992
1062
1056
962
863
830
793
785
768
709
593
445
382
319
281
204
87
-9
-74
-128
-178
-221
-209
-190
-223
-250
-272
-244
-163
-127
-113
-81
-17
-24
-83
-6
103
160
226
235
179
164
243
360
357
346
340
369
365
372
450
439
405
366
420
452
399
366
354
311
245
238
231
144
87
73
71
161
334
518
482
301
150
251
536
755
752
565
396
308
370
456
516
459
239
-6
-148
-187
-227
-348
-549
-706
-798
-927
-1080
-1222
-1321
-1371
-1413
-1466
-1513
-1558
-1624
-1672
-1602
-1485
-1392
-1386
-1407
-1382
-1283
-1109
-954
-843
-771
-689
-621
-501
-354
-197
-76
26
157
268
367
403
478
636
844
1003
1022
974
923
1031
1189
1279
1247
1127
1011
946
950
995
971
839
668
523
469
420
374
230
64
-18
-132
-202
-232
-269
-309
-343
-356
-355
-378
-391
-326
-207
-101
-15
-6
-25
56
166
293
337
356
400
403
399
432
491
541
560
545
481
449
438
455
487
517
468
361
261
235
281
249
206
127
92
75
70
40
-30
-86
-80
106
362
473
320
66
-52
240
631
828
669
429
267
302
478
554
569
385
58
-161
-196
-138
-228
-504
-771
-916
-965
-1053
-1241
-1415
-1495
-1515
-1536
-1592
-1663
-1736
-1767
-1700
-1518
-1363
-1377
-1475
-1466
-1340
-1102
-904
-825
-771
-719
-625
-482
-309
-145
4
58
129
290
455
560
609
692
923
1124
1149
1130
1119
1251
1371
1404
1325
1233
1207
1158
1120
1054
990
915
745
582
496
443
305
142
9
-119
-239
-315
-401
-435
-476
-545
-553
-567
-548
-519
-493
-440
-318
-236
-182
-141
-104
46
199
309
362
380
428
519
579
644
718
756
714
681
709
748
718
676
667
676
626
501
391
341
337
252
190
128
89
-24
-145
-113
112
503
595
353
-46
-144
257
753
976
735
406
247
351
594
730
685
410
70
-83
-119
-110
-272
-608
-853
-955
-1036
-1157
-1385
-1602
-1695
-1683
-1696
-1738
-1835
-1981
-2048
-1928
-1710
-1545
-1548
-1664
-1705
-1521
-1249
-1036
-908
-909
-841
-707
-520
-313
-147
-38
45
190
399
600
670
705
830
1055
1296
1334
1236
1163
1216
1396
1483
1464
1332
1170
1048
990
1032
1014
871
596
365
249
198
150
27
-160
-306
-432
-489
-485
-492
-531
-612
-593
-504
-435
-377
-378
-333
-182
-24
85
114
177
239
341
503
633
737
744
724
753
836
941
992
999
904
887
891
887
881
837
756
635
556
487
460
343
242
162
92
5
-79
-31
216
518
473
152
-191
-118
328
729
766
417
175
165
333
514
550
395
84
-143
-245
-249
-269
-561
-901
-1062
-1126
-1154
-1311
-1587
-1753
-1741
-1764
-1818
-1913
-2039
-2079
-2046
-1884
-1700
-1624
-1684
-1780
-1692
-1427
-1130
-1013
-1014
-928
-766
-562
-393
-245
-95
56
209
384
547
678
746
870
1037
1210
1351
1285
1298
1408
1475
1501
1464
1411
1328
1226
1131
1086
1060
906
713
539
407
255
183
32
-117
-193
-350
-486
-483
-508
-562
-540
-555
-615
-500
-389
-377
-309
-216
-184
-34
179
158
171
350
447
544
720
750
786
904
953
953
994
1046
1055
1079
1007
937
886
825
839
754
677
548
456
377
258
203
90
-9
-1
224
486
444
226
-131
-116
308
721
783
456
179
97
291
478
524
447
171
-119
-290
-333
-282
-438
-776
-1087
-1134
-1157
-1344
-1544
-1762
-1779
-1730
-1804
-1969
-2092
-2094
-2065
-1898
-1682
-1678
-1766
-1797
-1714
-1440
-1179
-1092
-1016
-925
-860
-718
-498
-293
-203
-104
52
229
433
580
653
766
1012
1180
1245
1258
1299
1340
1413
1461
1423
1397
1349
1278
1153
1060
1008
913
779
576
416
316
225
104
-6
-171
-308
-415
-451
-431
-470
-552
-665
-651
-623
-590
-513
-478
-360
-241
-158
-116
2
147
249
408
471
596
704
793
814
897
1021
1050
1088
1116
1068
1047
1061
974
949
970
865
719
672
597
496
426
328
200
114
112
375
676
612
254
-175
-87
440
891
852
442
121
121
387
575
587
412
107
-154
-227
-193
-247
-466
-835
-1041
-1023
-1100
-1332
-1627
-1750
-1700
-1668
-1786
-2009
-2153
-2146
-2024
-1867
-1723
-1734
-1862
-1892
-1698
-1398
-1180
-1128
-1115
-995
-820
-617
-509
-393
-213
-47
99
274
447
586
645
754
924
1156
1287
1197
1156
1204
1382
1471
1430
1314
1225
1162
1142
1122
1075
945
739
588
451
387
314
156
-9
-109
-213
-306
-385
-432
-437
-450
-509
-531
-511
-431
-375
-305
-260
-220
-144
-75
28
151
260
332
429
534
640
672
696
750
834
958
1018
970
909
847
859
871
853
830
702
567
424
327
314
264
172
-2
-128
-112
127
467
444
198
-189
-202
262
709
818
496
210
256
480
655
655
519
312
147
67
29
-32
-280
-587
-768
-791
-822
-1068
-1385
-1578
-1539
-1470
-1549
-1722
-1909
-1985
-1901
-1742
-1612
-1577
-1674
-1758
-1650
-1394
-1142
-1061
-1080
-1025
-857
-684
-558
-441
-337
-197
-25
123
251
371
410
473
654
934
1059
1011
944
1009
1221
1356
1273
1179
1192
1193
1149
1095
1026
946
832
652
551
472
365
164
7
-75
-136
-250
-397
-511
-520
-486
-513
-533
-545
-501
-466
-399
-313
-199
-110
-63
11
143
283
392
479
532
624
707
769
859
987
1050
1024
1010
999
1074
1101
1030
931
832
768
690
634
514
358
209
78
-4
-87
-145
-106
153
385
221
-139
-438
-171
368
718
587
167
16
166
438
569
525
339
91
-22
-48
-33
-78
-389
-661
-798
-782
-886
-1172
-1398
-1462
-1397
-1430
-1575
-1765
-1868
-1832
-1706
-1570
-1481
-1545
-1653
-1651
-1456
-1198
-1036
-1032
-1078
-958
-754
-598
-492
-413
-285
-121
16
123
284
416
496
619
850
1045
1015
923
872
1063
1335
1380
1199
1009
955
984
1042
1046
916
747
553
413
382
369
283
108
-68
-188
-255
-320
-384
-390
-368
-387
-451
-497
-473
-378
-258
-183
-146
-124
-107
-52
65
235
416
508
506
504
611
767
903
981
1012
1014
981
1012
1021
1083
1087
1019
934
800
742
655
602
529
385
243
99
-19
-152
-228
-203
23
322
275
-62
-444
-387
184
682
686
287
0
49
288
519
560
452
229
11
-75
-75
-81
-288
-599
-697
-661
-758
-1020
-1346
-1432
-1326
-1260
-1374
-1605
-1824
-1857
-1727
-1556
-1415
-1463
-1608
-1736
-1617
-1315
-1074
-1035
-1114
-1058
-911
-735
-630
-588
-434
-230
-104
44
148
231
346
529
712
892
955
885
871
1040
1294
1348
1268
1121
1033
1083
1114
1076
986
824
664
559
490
425
353
209
32
-60
-120
-232
-318
-358
-389
-367
-383
-473
-487
-413
-333
-273
-205
-148
-158
-125
-5
174
322
388
443
491
605
760
858
906
947
992
1002
1013
1048
1025
1026
1026
939
893
780
703
621
564
500
342
193
40
0
-102
-106
14
263
352
109
-217
-339
50
525
700
477
123
93
259
460
553
445
264
44
-76
-126
-145
-252
-486
-680
-782
-863
-1070
-1303
-1405
-1379
-1317
-1422
-1688
-1862
-1878
-1748
-1558
-1507
-1557
-1662
-1702
-1615
-1421
-1198
-1110
-1130
-1132
-990
-858
-702
-549
-452
-314
-184
-64
31
201
367
542
739
879
926
887
890
997
1168
1325
1265
1102
994
975
1031
1033
975
842
720
543
402
368
344
267
87
-85
-209
-273
-286
-289
-276
-329
-395
-440
-443
-382
-284
-188
-143
-137
-64
15
91
183
309
465
567
621
659
706
812
960
1036
1078
1075
1039
1031
1063
1099
1089
1028
939
796
736
670
594
494
376
274
163
20
-96
-42
177
480
461
119
-294
-289
172
633
694
306
-24
-24
208
403
446
325
48
-160
-222
-243
-239
-400
-683
-824
-834
-963
-1201
-1425
-1478
-1359
-1355
-1532
-1776
-1886
-1817
-1670
-1557
-1507
-1526
-1597
-1639
-1516
-1281
-1105
-1030
-1047
-1025
-893
-725
-590
-506
-350
-200
-95
36
159
313
448
663
817
894
949
911
992
1155
1269
1279
1167
1065
1041
1083
1094
1089
955
759
607
499
443
357
253
143
26
-93
-206
-303
-342
-311
-317
-383
-445
-509
-470
-365
-278
-226
-212
-199
-135
21
167
274
343
374
451
573
680
751
786
879
960
1019
1036
975
972
1066
1088
1034
937
799
739
700
672
577
441
286
155
93
21
-23
3
244
390
255
-57
-366
-119
384
690
533
114
-35
128
392
479
426
278
60
-109
-204
-173
-184
-423
-673
-820
-865
-960
-1208
-1374
-1375
-1275
-1322
-1557
-1805
-1861
-1714
-1556
-1497
-1470
-1555
-1643
-1604
-1436
-1172
-1057
-1067
-1116
-1041
-859
-690
-578
-470
-348
-232
-108
18
219
387
477
570
749
948
1044
1045
998
1088
1291
1346
1261
1099
987
1005
1032
1012
915
769
575
417
385
360
317
179
-24
-163
-238
-284
-327
-369
-453
-487
-510
-527
-478
-413
-370
-328
-274
-223
-182
-117
4
140
291
382
412
472
592
748
883
977
970
930
970
1054
1163
1185
1119
999
879
865
855
842
755
618
488
370
287
181
87
-55
-79
89
401
445
113
-286
-375
109
616
687
285
-56
-26
225
474
450
303
98
-100
-132
-134
-141
-319
-614
-795
-784
-799
-1000
-1278
-1373
-1261
-1221
-1368
-1646
-1806
-1744
-1588
-1448
-1377
-1455
-1609
-1664
-1530
-1276
-1080
-1052
-1134
-1105
-937
-718
-601
-549
-473
-310
-138
-10
116
211
257
364
553
845
988
959
837
836
1081
1283
1300
1101
967
981
1015
1020
913
806
678
552
468
405
350
235
44
-116
-165
-217
-314
-423
-427
-403
-368
-397
-468
-468
-399
-309
-210
-122
-55
-2
56
184
360
474
561
590
636
777
910
1009
1030
1058
1087
1114
1113
1118
1120
1084
1025
899
803
770
710
641
511
368
270
150
90
-27
-101
-94
74
356
284
7
-320
-261
267
648
625
215
-16
82
305
448
379
271
66
-65
-132
-171
-170
-404
-680
-842
-866
-943
-1169
-1399
-1457
-1399
-1442
-1595
-1806
-1887
-1794
-1695
-1629
-1620
-1658
-1724
-1722
-1605
-1393
-1203
-1123
-1120
-1078
-923
-729
-624
-526
-372
-197
-66
36
148
285
381
503
719
991
1123
1033
976
1050
1329
1438
1338
1182
1112
1163
1148
1082
996
899
742
587
503
410
365
197
-5
-99
-188
-289
-423
-484
-454
-421
-460
-538
-577
-514
-388
-288
-220
-158
-57
5
99
234
362
481
547
631
735
833
892
915
973
1080
1139
1126
1109
1105
1114
1065
1014
982
888
828
680
545
476
402
302
133
17
-76
-160
-190
-38
295
327
79
-307
-442
25
499
622
313
-20
20
224
388
387
300
146
-17
-101
-190
-197
-345
-659
-806
-824
-852
-1031
-1316
-1459
-1431
-1379
-1508
-1724
-1864
-1865
-1765
-1692
-1617
-1611
-1721
-1787
-1706
-1485
-1260
-1180
-1183
-1153
-987
-794
-699
-623
-477
-252
-61
74
142
226
341
538
796
1026
1127
1051
990
1081
1287
1442
1381
1220
1124
1121
1138
1115
1047
922
768
614
496
434
374
248
64
-64
-156
-225
-311
-375
-383
-377
-396
-452
-488
-446
-368
-286
-208
-99
-58
-18
60
205
410
514
578
624
691
828
936
1040
1101
1119
1122
1127
1149
1155
1131
1038
941
897
899
827
695
541
412
380
329
233
119
-15
-143
-284
-214
48
387
405
110
-234
-306
177
652
750
412
88
79
228
414
440
346
155
-34
-165
-251
-276
-421
-701
-854
-896
-995
-1239
-1523
-1638
-1598
-1531
-1653
-1894
-2084
-2076
-1953
-1828
-1756
-1802
-1923
-1972
-1834
-1566
-1335
-1268
-1273
-1223
-1033
-819
-674
-553
-363
-118
57
171
244
347
498
683
897
1141
1299
1242
1150
1169
1372
1584
1590
1444
1266
1217
1218
1183
1151
1027
847
621
472
423
356
249
60
-103
-201
-287
-415
-509
-506
-483
-487
-546
-581
-543
-478
-372
-252
-135
-43
-13
30
156
371
547
624
657
753
882
985
1088
1148
1206
1213
1170
1145
1111
1115
1098
1028
918
842
762
667
565
469
361
275
156
59
-27
-178
-261
-172
184
525
399
33
-336
-206
403
838
792
338
59
147
387
583
548
365
105
-80
-148
-174
-211
-474
-779
-928
-980
-1082
-1355
-1640
-1727
-1685
-1677
-1852
-2109
-2286
-2271
-2131
-1995
-1883
-1981
-2118
-2144
-1954
-1618
-1372
-1278
-1287
-1228
-1030
-769
-560
-392
-216
-56
105
262
425
584
699
818
1029
1319
1539
1458
1242
1245
1437
1714
1793
1576
1268
1089
1119
1147
1157
1027
771
469
278
269
262
170
-46
-285
-399
-431
-483
-552
-589
-556
-509
-518
-537
-526
-482
-326
-120
69
180
176
156
250
474
716
817
819
803
858
950
1041
1097
1156
1175
1161
1058
999
1005
975
947
873
772
684
553
469
389
337
265
62
-47
-140
-163
-207
-265
-115
168
490
365
46
-227
-20
625
960
939
539
318
349
518
709
708
579
237
-18
-145
-144
-183
-484
-829
-1016
-1086
-1210
-1495
-1784
-1867
-1840
-1879
-2038
-2265
-2412
-2410
-2279
-2118
-1971
-1979
-2087
-2093
-1918
-1587
-1328
-1201
-1143
-1001
-786
-574
-412
-235
-9
189
345
467
585
727
809
885
1064
1317
1481
1515
1394
1309
1349
1444
1565
1534
1371
1115
942
877
845
813
668
416
167
24
-22
-53
-112
-264
-458
-572
-610
-599
-575
-560
-558
-500
-435
-378
-327
-231
-72
130
284
359
409
473
592
721
879
997
1031
1002
1001
1036
1127
1212
1195
1148
1038
919
908
911
887
821
663
527
419
362
317
217
149
42
-26
-121
-218
-294
-342
-197
124
564
601
279
-98
-114
498
1101
1268
897
460
350
495
783
887
784
439
33
-181
-217
-191
-401
-824
-1164
-1305
-1405
-1624
-1924
-2135
-2223
-2276
-2322
-2438
-2563
-2692
-2674
-2507
-2247
-2060
-2111
-2203
-2150
-1841
-1443
-1141
-1020
-932
-774
-587
-359
-137
113
341
489
611
766
898
985
1032
1139
1333
1484
1574
1618
1635
1578
1483
1410
1396
1473
1400
1157
897
722
699
661
548
376
176
-10
-120
-169
-169
-225
-362
-491
-551
-508
-469
-422
-328
-218
-143
-113
-53
47
216
386
536
632
718
739
760
845
945
1053
1063
1035
1008
995
977
916
882
858
774
662
591
568
555
489
343
216
142
101
52
-28
-73
-142
-192
-250
-288
-314
-388
-346
-96
446
769
634
230
-70
304
983
1376
1282
869
581
519
641
819
866
677
225
-201
-403
-417
-495
-838
-1229
-1496
-1681
-1844
-2092
-2286
-2374
-2453
-2520
-2634
-2683
-2690
-2710
-2614
-2397
-2102
-1923
-1932
-1898
-1723
-1400
-1042
-762
-559
-389
-237
-120
80
384
647
803
914
1014
1142
1234
1251
1285
1394
1628
1723
1687
1566
1456
1428
1405
1376
1275
1151
946
761
650
542
459
325
150
13
-98
-183
-236
-265
-276
-316
-397
-428
-408
-323
-249
-173
-71
9
79
151
259
364
497
609
671
719
725
751
769
817
882
896
857
775
735
704
675
657
604
520
424
326
297
276
213
133
60
-8
-79
-82
-108
-125
-153
-204
-223
-242
-232
-178
-174
-101
135
552
912
922
701
425
560
1035
1413
1480
1227
910
686
642
694
728
604
249
-187
-521
-650
-749
-1016
-1404
-1706
-1956
-2125
-2298
-2445
-2526
-2633
-2741
-2810
-2774
-2689
-2598
-2544
-2400
-2142
-1900
-1716
-1598
-1454
-1237
-940
-635
-365
-121
62
204
278
457
728
961
1129
1177
1222
1255
1289
1267
1317
1425
1500
1474
1460
1491
1414
1273
1051
935
963
965
851
665
479
291
184
107
68
86
-4
-173
-275
-242
-188
-160
-206
-264
-243
-182
-97
12
145
230
242
262
345
471
599
634
614
653
731
779
743
675
630
657
693
691
664
578
453
354
341
346
367
313
175
99
94
110
100
44
-53
-70
-48
-6
29
14
-14
-45
-54
-36
12
86
302
666
1005
1056
819
468
453
826
1255
1355
1134
760
438
321
299
314
242
23
-423
-821
-1022
-1119
-1275
-1574
-1881
-2137
-2210
-2271
-2404
-2488
-2585
-2653
-2641
-2574
-2440
-2273
-2208
-2166
-1984
-1736
-1479
-1275
-1147
-1043
-847
-615
-347
-48
183
327
393
496
644
829
1003
1131
1231
1282
1244
1160
1163
1257
1338
1379
1351
1278
1276
1273
1184
1080
975
873
844
836
769
634
482
348
290
295
323
319
267
173
68
72
133
220
231
185
133
148
256
346
392
414
389
380
393
396
444
480
508
459
369
361
381
378
295
210
206
252
253
183
38
-77
-123
-94
-24
25
16
-91
-216
-267
-170
-31
67
87
60
57
51
86
131
164
168
167
174
180
199
186
195
282
395
489
481
302
119
78
147
210
190
68
-74
-205
-304
-396
-479
-541
-628
-714
-860
-992
-1079
-1177
-1277
-1378
-1477
-1524
-1521
-1496
-1455
-1493
-1560
-1589
-1559
-1468
-1363
-1235
-1135
-1041
-932
-890
-828
-723
-577
-426
-313
-243
-175
-77
25
126
175
219
283
369
471
552
593
572
549
609
698
779
834
831
851
900
954
1004
1028
1040
1034
990
1002
1068
1118
1111
1035
944
889
942
1009
984
915
811
755
715
667
623
571
510
451
382
252
161
145
137
58
-49
-162
-232
-235
-233
-259
-313
-372
-419
-460
-455
-434
-411
-410
-401
-390
-384
-321
-257
-183
-127
-106
-69
-4
88
127
138
166
180
225
247
270
282
268
247
195
161
118
114
110
78
-2
-101
-154
-193
-217
-246
-307
-376
-415
-408
-341
-341
-413
-397
-333
-240
-176
-235
-328
-339
-276
-199
-148
-139
-158
-174
-165
-177
-173
-180
-226
-247
-242
-239
-287
-378
-459
-513
-582
-655
-704
-724
-730
-727
-754
-831
-865
-870
-820
-749
-706
-642
-617
-594
-529
-462
-376
-274
-184
-78
43
128
219
289
310
363
469
610
746
813
830
843
865
913
966
1018
1056
1104
1070
1033
1051
1083
1093
1036
938
832
832
858
830
689
519
439
408
389
303
209
155
88
64
29
-60
-129
-217
-285
-238
-203
-258
-292
-303
-288
-274
-307
-325
-258
-145
-105
-144
-183
-129
-60
-9
-39
-134
-158
-137
-62
3
-48
-150
-192
-141
-105
-96
-161
-213
-206
-140
-124
-226
-332
-344
-253
-182
-186
-253
-286
-247
-158
-87
-139
-219
-234
-176
-94
-49
-75
-152
-200
-169
-67
-7
-27
-77
-97
-11
122
205
209
143
94
126
202
244
227
210
206
237
237
132
39
-13
-12
-58
-95
-183
-286
-324
-392
-458
-504
-566
-635
-613
-592
-595
-586
-599
-605
-587
-506
-472
-452
-383
-348
-288
-214
-135
-38
39
81
118
224
314
354
361
381
429
474
498
516
531
562
585
553
443
351
319
360
418
445
424
372
386
448
470
395
281
192
215
380
497
508
438
366
359
352
287
173
110
165
258
271
213
109
62
34
-51
-164
-292
-352
-306
-210
-180
-284
-386
-464
-462
-469
-532
-558
-543
-457
-393
-391
-423
-421
-376
-355
-316
-294
-291
-276
-221
-111
-4
64
62
38
12
37
105
92
12
-12
46
154
242
209
101
12
-2
48
108
98
51
20
74
177
247
230
105
-1
-5
33
75
100
109
226
365
494
520
438
331
274
301
372
423
444
434
469
479
447
357
195
75
-24
-54
-83
-174
-259
-329
-395
-478
-569
-665
-761
-842
-892
-880
-842
-831
-863
-882
-853
-804
-758
-771
-780
-723
-597
-433
-335
-267
-203
-121
-52
31
106
172
255
345
445
529
597
638
663
658
643
617
608
630
661
705
734
775
759
694
602
537
478
404
334
268
242
264
319
337
241
67
-92
-208
-245
-271
-335
-359
-330
-229
-169
-254
-435
-593
-632
-583
-494
-416
-385
-357
-350
-373
-406
-373
-273
-195
-167
-163
-156
-112
-61
-28
-34
-85
-56
70
187
224
145
34
34
134
211
201
173
187
267
325
314
191
150
234
340
433
448
391
356
361
356
319
281
314
419
510
507
422
332
283
292
310
311
359
481
612
650
634
538
458
403
321
249
153
126
143
146
108
0
-158
-326
-470
-608
-729
-855
-960
-1027
-1074
-1086
-1147
-1230
-1302
-1383
-1392
-1379
-1383
-1330
-1233
-1133
-996
-821
-696
-637
-587
-515
-438
-246
-58
40
168
286
377
460
546
568
580
599
617
636
680
704
711
718
706
681
615
539
466
398
369
325
261
236
224
234
270
303
334
338
324
237
143
89
77
104
144
135
95
77
78
55
12
-74
-213
-324
-370
-363
-297
-210
-197
-257
-370
-458
-519
-495
-412
-369
-366
-400
-390
-296
-133
6
54
17
-13
-2
98
182
213
240
341
485
598
660
633
576
557
579
616
653
697
753
742
674
603
575
584
576
529
469
449
430
392
323
301
250
210
142
31
-63
-151
-140
-103
-12
71
143
223
268
239
80
-95
-233
-253
-167
-88
-74
-121
-188
-264
-335
-444
-600
-791
-948
-1060
-1095
-1081
-1107
-1148
-1205
-1248
-1270
-1293
-1349
-1438
-1449
-1406
-1304
-1157
-999
-845
-728
-647
-562
-463
-367
-291
-197
-58
102
288
445
563
650
690
714
712
704
707
754
798
821
850
825
791
767
744
721
688
599
485
415
378
365
344
328
304
284
294
296
313
328
289
187
93
57
64
110
137
102
59
27
-16
-32
-33
-62
-109
-141
-138
-102
-83
-90
-126
-191
-197
-158
-112
-63
-75
-70
-46
17
76
134
165
162
200
239
255
250
261
291
339
383
426
460
456
430
417
407
378
353
320
289
300
299
260
203
142
109
107
101
43
-41
-139
-170
-169
-214
-234
-245
-268
-266
-268
-290
-279
-226
-139
-8
133
218
253
270
230
198
152
91
19
-57
-107
-174
-213
-273
-372
-487
-599
-749
-888
-1022
-1134
-1230
-1312
-1384
-1428
-1403
-1376
-1337
-1272
-1205
-1152
-1084
-1020
-935
-832
-695
-549
-379
-181
-6
156
319
448
561
654
715
750
781
817
834
882
924
948
952
945
910
835
759
646
531
449
411
327
282
270
245
220
203
196
172
166
174
154
188
278
360
456
538
556
548
549
501
487
460
389
313
232
195
184
178
136
68
29
-18
-86
-164
-259
-365
-437
-471
-506
-511
-493
-458
-389
-307
-249
-211
-149
-139
-171
-168
-152
-93
-16
101
180
223
294
331
367
380
344
263
189
125
78
94
130
192
250
249
217
173
133
90
49
-43
-135
-183
-187
-149
-121
-69
-78
-116
-111
-82
0
133
250
355
482
595
643
658
617
564
461
341
175
0
-135
-238
-306
-413
-525
-683
-822
-998
-1157
-1313
-1486
-1647
-1779
-1848
-1872
-1827
-1763
-1666
-1548
-1400
-1258
-1089
-920
-769
-630
-481
-318
-136
87
320
519
724
903
1034
1174
1261
1286
1281
1221
1154
1119
1085
1060
1028
982
941
889
819
713
586
449
329
223
145
70
4
-3
30
76
131
186
218
283
359
442
525
556
583
572
563
564
547
539
483
411
351
262
184
96
-28
-134
-205
-329
-465
-581
-719
-786
-818
-858
-884
-912
-917
-899
-840
-752
-670
-584
-493
-414
-317
-201
-109
-9
98
223
308
375
420
464
531
556
563
526
479
425
378
341
279
225
170
138
143
131
120
106
107
97
43
13
-32
-51
-47
-51
-25
13
108
250
457
667
859
1014
1068
1059
1001
898
772
590
385
180
-23
-180
-302
-442
-596
-735
-902
-1067
-1260
-1490
-1696
-1891
-2034
-2137
-2195
-2173
-2102
-1953
-1760
-1552
-1340
-1119
-893
-649
-409
-195
-22
158
331
489
668
861
1054
1215
1359
1455
1522
1544
1509
1432
1343
1190
1021
854
698
621
528
419
333
265
182
112
23
-59
-90
-156
-240
-297
-311
-291
-216
-109
-2
150
303
467
607
749
795
784
740
670
614
493
357
221
113
16
-68
-151
-229
-287
-366
-435
-550
-665
-802
-942
-1057
-1145
-1163
-1152
-1120
-1037
-915
-794
-639
-490
-337
-193
-61
44
117
227
323
397
494
570
649
743
833
908
934
929
873
799
721
644
548
453
374
290
241
215
195
171
165
143
134
119
70
10
-36
-68
-86
-89
-35
86
269
490
709
896
1011
1087
1072
1005
890
683
414
134
-108
-349
-556
-731
-866
-954
-1031
-1117
-1220
-1342
-1498
-1646
-1800
-1945
-2059
-2120
-2103
-2018
-1870
-1675
-1452
-1176
-874
-548
-256
-30
190
364
512
627
724
796
850
926
1007
1080
1152
1204
1232
1240
1225
1137
985
799
604
403
209
39
-117
-210
-279
-300
-291
-276
-259
-221
-173
-150
-119
-90
-61
-56
-17
37
125
241
374
535
701
857
942
962
925
842
744
621
451
247
37
-165
-338
-467
-559
-641
-691
-727
-759
-776
-816
-834
-851
-875
-894
-884
-825
-734
-602
-460
-283
-88
108
303
477
634
754
851
895
891
875
854
831
817
771
713
649
603
556
497
437
330
238
140
35
-44
-91
-124
-139
-130
-121
-101
-46
12
92
190
239
261
290
322
363
407
475
547
657
795
941
1073
1158
1175
1145
1073
917
691
413
88
-246
-588
-909
-1185
-1404
-1549
-1681
-1765
-1842
-1927
-1991
-2033
-2053
-2098
-2118
-2110
-2105
-2008
-1872
-1686
-1438
-1171
-864
-553
-265
51
335
593
798
938
1023
1087
1119
1128
1125
1080
1033
961
877
822
767
685
586
468
359
231
119
-14
-168
-289
-387
-464
-498
-492
-453
-370
-272
-157
-11
118
256
373
497
601
685
766
834
933
1021
1096
1124
1150
1159
1146
1110
1020
871
658
435
186
-33
-242
-439
-613
-723
-807
-876
-899
-913
-887
-853
-816
-787
-731
-667
-591
-520
-442
-336
-214
-71
83
245
416
547
644
735
782
804
797
781
718
633
548
451
344
240
183
142
112
92
64
33
8
9
8
7
-24
-63
-50
-32
3
45
88
145
201
237
285
328
372
410
434
426
434
479
541
637
702
728
685
611
516
392
207
-40
-314
-603
-880
-1117
-1346
-1536
-1678
-1777
-1850
-1914
-1937
-1944
-1910
-1875
-1826
-1759
-1692
-1609
-1501
-1380
-1254
-1072
-866
-647
-397
-147
125
390
595
782
957
1071
1130
1135
1110
1045
950
845
783
730
659
586
496
450
416
366
323
275
201
119
81
32
-4
-24
-37
-17
47
121
189
296
389
514
622
704
783
842
883
903
916
921
943
959
947
904
856
770
658
533
382
226
42
-141
-320
-484
-610
-718
-808
-845
-857
-860
-834
-808
-732
-650
-591
-516
-408
-308
-219
-117
-8
103
203
303
374
452
503
542
586
587
576
522
472
418
341
250
146
73
-20
-100
-159
-204
-236
-273
-279
-257
-241
-196
-160
-146
-112
-93
-56
-8
36
86
134
178
222
234
245
245
253
266
276
297
278
273
267
293
327
331
314
272
216
158
56
-80
-250
-435
-622
-816
-982
-1138
-1282
-1412
-1510
-1569
-1582
-1549
-1507
-1454
-1381
-1304
-1223
-1146
-1055
-934
-804
-656
-509
-380
-215
-11
165
317
498
641
763
860
950
1020
1076
1111
1080
1024
951
878
789
694
586
469
378
300
239
200
143
95
64
42
26
28
34
51
85
134
167
190
231
284
356
420
482
536
593
635
679
727
763
767
771
774
757
714
654
555
438
342
227
119
-25
-168
-309
-428
-540
-635
-718
-785
-797
-814
-805
-780
-722
-659
-602
-547
-496
-426
-352
-269
-189
-115
-50
29
84
148
181
209
245
269
281
288
263
229
195
126
60
-7
-66
-133
-175
-233
-278
-288
-277
-254
-226
-181
-148
-115
-82
-30
7
39
75
78
106
117
136
145
158
180
187
186
190
211
246
280
319
333
339
354
374
407
416
435
421
388
344
294
214
124
5
-130
-291
-447
-590
-713
-823
-930
-1002
-1066
-1107
-1122
-1111
-1071
-1018
-971
-907
-826
-731
-646
-554
-462
-376
-271
-162
-57
73
213
343
457
554
643
720
784
821
836
823
776
699
604
511
397
314
235
149
84
11
-44
-92
-123
-126
-118
-109
-90
-74
-61
-50
-22
4
46
88
113
154
215
279
343
419
484
541
573
587
589
607
629
605
556
484
399
313
229
122
3
-138
-251
-368
-470
-546
-613
-651
-660
-654
-650
-623
-572
-514
-450
-397
-345
-280
-198
-138
-82
-19
29
89
160
231
283
336
362
396
410
397
373
337
291
222
148
80
9
-53
-114
-156
-183
-187
-200
-178
-160
-142
-116
-84
-25
10
27
56
88
112
138
168
203
224
245
259
267
293
310
323
332
317
301
303
292
281
269
255
263
268
275
283
281
272
239
190
139
74
-18
-132
-274
-409
-555
-675
-796
-901
-984
-1044
-1062
-1079
-1069
-1044
-1004
-966
-918
-857
-818
-770
-706
-631
-549
-470
-384
-302
-212
-127
-40
50
147
223
306
377
430
466
474
480
489
481
448
407
347
291
235
196
153
114
77
54
48
57
81
114
144
168
210
238
268
296
340
370
401
431
440
470
487
506
519
520
520
512
514
517
510
492
457
404
345
280
183
87
-12
-101
-169
-250
-316
-359
-386
-404
-411
-400
-384
-366
-346
-300
-275
-242
-208
-154
-105
-60
-19
-1
41
73
109
126
142
157
152
155
155
139
119
93
61
25
1
-34
-62
-90
-126
-161
-183
-180
-175
-160
-135
-99
-33
5
65
121
167
207
249
266
272
281
274
254
220
202
171
145
127
105
76
63
46
20
-10
-31
-30
-47
-62
-98
-103
-106
-108
-100
-116
-105
-96
-82
-84
-98
-121
-168
-223
-288
-375
-453
-532
-618
-699
-758
-816
-839
-860
-872
-863
-849
-827
-787
-751
-713
-663
-609
-530
-465
-382
-307
-211
-111
2
101
201
291
365
430
500
571
616
643
665
673
667
651
641
599
558
526
504
481
429
386
342
318
302
286
268
275
275
277
286
307
340
367
383
390
378
374
356
337
329
334
316
313
311
303
287
274
273
233
208
156
108
42
-28
-108
-177
-225
-288
-343
-382
-420
-439
-439
-423
-416
-394
-359
-331
-284
-250
-219
-200
-172
-129
-95
-71
-28
4
37
63
84
102
115
119
103
87
60
45
18
-18
-40
-68
-95
-137
-165
-201
-238
-262
-274
-294
-308
-303
-299
-284
-243
-201
-158
-110
-75
-23
11
57
82
114
135
137
138
139
136
137
139
143
151
152
174
173
188
202
215
220
207
195
182
154
136
120
94
90
73
68
50
29
-18
-58
-74
-116
-151
-211
-264
-325
-375
-425
-483
-519
-556
-596
-611
-607
-608
-585
-547
-497
-437
-386
-325
-271
-208
-146
-104
-54
-1
57
89
118
155
194
229
251
286
312
346
363
392
410
429
452
440
432
405
379
358
342
332
303
271
243
221
201
191
187
183
195
203
209
212
209
207
209
188
180
172
163
152
138
130
118
111
112
107
110
101
92
62
35
-4
-61
-92
-123
-157
-201
-225
-272
-296
-331
-344
-356
-368
-369
-348
-322
-282
-256
-239
-221
-198
-150
-127
-94
-91
-67
-52
-50
-32
-37
-27
-28
-34
-33
-12
-7
-15
-8
0
16
28
37
29
19
4
11
18
15
11
8
12
33
44
70
90
108
143
156
194
214
246
270
272
276
269
264
252
228
231
211
198
192
158
130
102
78
53
18
-7
-23
-54
-60
-82
-96
-89
-88
-75
-78
-70
-70
-66
-54
-54
-54
-83
-106
-117
-143
-154
-190
-226
-260
-310
-356
-393
-427
-456
-490
-520
-522
-532
-526
-521
-504
-477
-439
-392
-352
-301
-252
-203
-143
-72
-11
51
97
134
161
202
247
279
307
338
340
353
347
340
338
317
293
257
217
185
153
120
100
80
64
47
39
27
23
21
30
34
56
58
69
81
105
136
148
151
172
180
207
231
240
261
276
291
281
284
280
267
246
238
205
186
143
105
68
25
-10
-51
-74
-113
-128
-141
-151
-155
-138
-137
-131
-114
-86
-62
-32
-6
28
53
64
87
84
94
90
104
92
83
79
67
57
41
16
-17
-22
-38
-58
-83
-99
-120
-146
-166
-183
-189
-198
-194
-186
-192
-173
-167
-161
-143
-147
-121
-97
-81
-52
-30
-8
8
13
22
37
41
36
31
24
16
2
-1
-13
-29
-34
-40
-31
-40
-47
-48
-45
-34
-32
-30
-26
-20
-17
-8
10
13
17
18
23
15
13
10
5
-18
-44
-64
-105
-143
-188
-224
-266
-302
-337
-370
-383
-391
-397
-397
-402
-396
-373
-351
-318
-285
-239
-205
-159
-104
-65
-10
39
86
137
184
234
289
319
338
342
356
366
381
379
378
369
345
335
326
304
283
268
244
222
208
206
209
206
208
210
200
204
211
216
223
232
232
240
240
240
252
242
238
221
213
209
208
189
163
138
102
71
52
15
-20
-47
-80
-106
-145
-162
-193
-210
-231
-255
-256
-265
-263
-272
-261
-240
-238
-231
-204
-194
-183
-167
-173
-159
-154
-138
-138
-140
-124
-124
-122
-125
-124
-121
-123
-128
-130
-135
-125
-129
-137
-136
-146
-149
-153
-141
-128
-123
-92
-68
-49
-28
-12
15
44
65
90
116
127
145
145
144
159
152
152
144
134
127
127
117
106
83
63
41
27
18
18
7
0
-2
-7
-16
-29
-20
-23
-28
-27
-26
-13
-2
3
15
26
36
53
58
50
44
35
25
17
13
-5
-26
-55
-79
-94
-109
-128
-146
-168
-187
-197
-215
-211
-213
-207
-204
-189
-161
-148
-117
-90
-66
-40
-6
26
60
90
109
124
147
154
177
185
196
201
199
198
197
203
192
194
173
160
144
124
106
92
69
50
43
33
24
22
22
5
6
14
16
16
23
26
32
32
27
31
39
29
18
9
3
-3
-24
-44
-75
-82
-106
-129
-146
-174
-175
-182
-178
-175
-159
-146
-127
-106
-71
-58
-49
-31
-20
-6
9
35
51
61
66
73
78
89
96
113
127
118
132
136
124
128
133
130
127
123
120
124
123
129
122
124
134
134
142
140
137
139
117
110
101
86
82
74
62
46
27
14
-10
-24
-48
-59
-72
-90
-97
-115
-113
-114
-141
-138
-133
-133
-131
-135
-123
-122
-117
-114
-120
-115
-113
-112
-103
-87
-76
-68
-57
-50
-49
-41
-23
-25
-19
-31
-41
-37
-44
-52
-73
-87
-99
-122
-138
-146
-168
-179
-214
-230
-242
-263
-272
-282
-276
-254
-244
-230
-208
-198
-163
-139
-100
-68
-46
-9
16
43
62
74
85
101
106
110
129
139
150
156
167
180
172
171
168
169
165
151
142
132
124
106
101
86
89
99
103
97
98
106
114
118
125
123
120
131
136
139
140
142
145
151
148
144
145
157
167
162
158
129
112
118
95
88
87
67
61
41
34
30
20
5
-14
-17
-27
-20
-11
-9
-10
-8
1
16
25
36
36
36
37
33
39
19
26
9
8
-1
-4
-7
-10
-13
-22
-10
-23
-20
-38
-47
-50
-72
-82
-103
-115
-122
-123
-136
-156
-174
-173
-177
-184
-203
-206
-209
-205
-195
-190
-178
-170
-156
-137
-137
-129
-121
-118
-110
-121
-128
-127
-141
-143
-145
-151
-149
-152
-143
-141
-127
-120
-110
-84
-83
-67
-62
-46
-40
-37
-21
-15
2
10
27
46
56
69
89
79
97
103
113
132
132
136
142
149
152
156
157
151
142
138
129
119
113
113
103
90
92
81
82
89
84
89
69
80
90
96
97
94
101
91
106
110
110
103
100
97
89
87
98
91
97
88
81
66
47
36
13
-2
-26
-28
-40
-42
-39
-39
-32
-28
-23
-34
-40
-39
-34
-22
-19
-4
-3
12
17
19
18
23
25
28
23
12
13
7
5
1
-7
-14
-21
-44
-58
-64
-61
-80
-88
-93
-83
-86
-80
-71
-70
-68
-62
-45
-34
-25
-17
-6
3
12
16
15
6
0
-3
-10
-22
-33
-48
-65
-66
-66
-69
-61
-74
-68
-71
-72
-81
-82
-92
-100
-100
-105
-107
-103
-103
-98
-93
-91
-77
-54
-33
-36
-24
-7
3
3
17
32
29
39
38
43
53
56
64
61
68
65
69
68
80
87
75
78
80
81
78
87
81
77
86
76
75
62
61
50
36
40
33
38
33
39
50
38
39
39
36
34
33
25
12
5
-9
-8
-16
-28
-25
-31
-28
-33
-29
-34
-39
-37
-38
-42
-54
-52
-59
-66
-70
-63
-51
-46
-43
-44
-49
-52
-69
-68
-69
-62
-57
-62
-44
-48
-32
-30
-41
-29
-26
-14
-18
-17
-7
-6
-18
-12
-28
-35
-32
-33
-25
-33
-29
-31
-26
-14
-10
0
12
29
37
34
45
41
45
51
50
66
64
59
56
65
76
71
83
76
68
68
56
50
50
46
43
40
46
46
55
70
73
71
78
73
68
72
68
68
61
64
64
77
83
80
83
80
81
75
69
58
54
39
30
18
13
10
1
-6
-11
-26
-16
-24
-23
-26
-29
-22
-40
-35
-47
-40
-36
-32
-34
-36
-34
-31
-35
-25
-38
-37
-48
-42
-34
-45
-42
-44
-41
-49
-50
-49
-59
-76
-88
-100
-107
-112
-116
-122
-125
-132
-145
-141
-136
-131
-124
-122
-122
-115
-109
-110
-99
-100
-100
-101
-96
-98
-96
-94
-87
-77
-56
-41
-31
-25
-12
-3
-6
8
2
8
16
18
27
34
42
53
49
51
64
63
72
66
63
58
61
65
61
66
73
70
72
71
79
79
85
94
110
119
121
134
133
148
151
152
166
158
166
173
164
164
150
146
132
117
108
89
62
45
45
35
26
14
5
-2
-6
-6
-9
-9
-1
-8
-5
-8
-7
-14
-14
-7
-19
-14
-8
0
2
-9
1
10
11
9
6
9
1
0
1
0
-8
-17
-18
-32
-36
-45
-60
-71
-83
-87
-101
-105
-114
-127
-132
-126
-126
-136
-123
-113
-109
-95
-89
-76
-76
-75
-69
-74
-74
-78
-66
-70
-60
-62
-66
-64
-79
-76
-78
-75
-83
-83
-84
-78
-83
-80
-72
-64
-60
-61
-63
-51
-44
-45
-36
-25
-28
-29
-35
-25
-20
-9
-4
-3
13
10
31
37
47
54
59
63
68
76
85
94
98
106
110
103
113
118
113
118
117
112
106
103
103
98
97
108
100
96
92
98
105
105
98
89
92
84
92
88
81
75
72
71
63
61
62
61
66
72
66
69
70
70
57
60
51
36
24
18
8
-8
-18
-19
-41
-42
-47
-59
-62
-75
-79
-89
-79
-89
-81
-81
-81
-80
-81
-74
-78
-68
-77
-74
-73
-74
-70
-67
-62
-61
-62
-69
-68
-72
-63
-68
-75
-78
-74
-72
-74
-67
-67
-64
-64
-65
-62
-66
-57
-59
-62
-64
-58
-57
-67
-57
-52
-44
-36
-33
-23
-18
-12
3
1
7
9
7
12
18
12
10
16
16
21
26
36
34
38
46
46
53
53
60
52
44
48
53
53
65
66
68
70
77
90
99
101
91
84
70
74
68
72
68
64
64
55
68
66
65
57
51
45
42
44
40
36
24
29
20
17
12
10
7
7
4
8
6
2
0
-8
-4
-20
-15
-26
-23
-22
-33
-44
-46
-45
-57
-53
-64
-62
-66
-66
-65
-66
-62
-61
-61
-52
-50
-43
-24
-27
-30
-36
-49
-51
-48
-52
-57
-68
-69
-77
-73
-74
-79
-69
-69
-62
-53
-55
-48
-50
-40
-40
-32
-21
-22
-12
-11
7
12
16
13
18
17
22
35
37
41
41
50
48
48
46
52
57
58
66
61
66
71
71
70
75
76
64
77
61
60
65
55
67
56
55
53
49
39
39
24
19
17
16
15
5
7
2
7
3
5
5
9
15
12
3
3
-3
-12
-17
-22
-32
-38
-42
-42
-49
-52
-52
-48
-46
-39
-30
-27
-17
-26
-22
-13
-3
4
3
13
7
29
29
31
32
30
28
20
24
22
19
12
15
-5
-8
-20
-22
-24
-36
-36
-43
-43
-48
-48
-55
-57
-61
-57
-58
-59
-56
-54
-47
-41
-42
-40
-35
-30
-24
-26
-17
-27
-13
-8
-6
-4
-8
-3
-2
-6
-4
-4
-13
-14
-14
-18
-20
-15
-30
-28
-24
-25
-27
-30
-22
-27
-18
-11
-3
3
14
23
32
48
58
75
76
84
91
94
94
96
94
94
98
79
85
86
84
85
77
76
72
65
45
42
29
23
19
9
5
9
10
9
12
8
7
8
4
6
-2
-5
-5
-13
-16
-5
-9
-9
-17
-23
-18
-21
-14
-17
-19
-27
-34
-31
-18
-14
-21
-25
-23
-27
-33
-42
-42
-45
-58
-64
-66
-55
-55
-55
-57
-48
-43
-34
-34
-34
-33
-35
-30
-24
-22
-22
-25
-19
-27
-37
-33
-38
-29
-26
-27
-24
-18
-15
-15
-9
-10
-15
-7
-17
-22
-24
-21
-21
-22
-20
-27
-26
-25
-23
-17
-21
-20
-17
-14
-14
-8
-5
-4
-1
1
10
14
12
14
16
21
24
28
33
49
48
54
63
62
69
75
85
75
83
79
83
74
69
66
67
71
71
62
52
54
40
39
39
35
34
37
38
33
31
28
33
39
30
29
22
26
24
20
21
20
15
11
17
13
9
1
1
-2
-5
-10
-17
-19
-16
-26
-24
-29
-30
-37
-41
-42
-44
-49
-50
-55
-54
-53
-52
-41
-35
-37
-35
-35
-35
-26
-29
-38
-39
-39
-44
-42
-37
-37
-38
-38
-41
-39
-44
-42
-38
-45
-52
-59
-56
-64
-73
-67
-64
-66
-71
-68
-56
-58
-54
-39
-33
-18
-20
-15
-11
-5
2
1
9
17
24
31
22
26
31
32
36
34
35
40
38
38
38
40
46
54
62
56
61
68
73
67
70
67
74
79
78
83
73
69
67
62
66
69
68
60
55
52
48
37
39
28
25
23
18
16
7
5
1
7
5
10
1
-1
-1
-9
-13
-19
-23
-27
-28
-28
-26
-29
-18
-21
-15
-18
-20
-17
-4
-6
-14
-17
-20
-24
-24
-23
-26
-21
-34
-39
-49
-50
-51
-53
-50
-45
-41
-41
-40
-36
-34
-25
-21
-22
-21
-26
-17
-19
-15
-13
-15
-16
-24
-22
-28
-34
-31
-39
-33
-38
-33
-39
-45
-51
-55
-45
-53
-46
-43
-37
-32
-31
-35
-26
-25
-22
-13
-20
-18
-18
-16
-9
-10
-14
-9
-10
-1
2
6
9
15
20
27
33
38
39
41
53
56
61
61
65
60
66
73
71
81
70
75
74
79
74
74
67
53
59
48
50
41
43
41
37
34
38
43
48
48
44
39
28
28
18
14
5
-7
-17
-28
-43
-48
-41
-43
-38
-37
-30
-23
-22
-20
-16
-14
-18
-18
-23
-16
-13
-5
-6
-15
-17
-17
-5
-4
8
10
5
2
7
-3
-2
-13
-6
-6
-8
-2
-5
-9
-13
-12
-15
-16
-29
-21
-22
-23
-18
-25
-27
-23
-18
-11
-14
-15
-15
-13
-6
-11
-12
-15
-12
-12
-12
-20
-16
-28
-28
-33
-31
-29
-27
-26
-29
-28
-37
-35
-38
-39
-31
-29
-27
-22
-18
-13
-1
-2
-10
-3
-2
7
10
11
19
16
17
28
34
35
40
43
37
35
41
45
41
46
50
58
49
53
49
50
53
46
42
35
36
31
29
29
31
20
16
11
18
15
20
14
8
6
6
14
17
13
7
7
15
19
11
15
8
13
14
7
9
-4
0
-10
-19
-28
-33
-28
-28
-33
-28
-35
-40
-44
-37
-34
-40
-33
-36
-35
-41
-45
-45
-44
-36
-38
-31
-40
-42
-34
-39
-31
-29
-25
-25
-12
-10
-9
-9
-9
0
-4
-7
-5
-3
0
-3
-11
-6
-13
-17
-26
-27
-16
-21
-16
-21
-32
-27
-26
-25
-23
-22
-26
-14
-9
3
6
12
10
11
23
23
26
23
27
26
26
24
29
32
34
26
23
26
23
32
32
30
26
27
32
37
35
37
31
23
31
25
28
19
14
16
18
30
20
20
15
13
20
11
13
15
14
14
14
18
18
16
16
13
18
16
21
17
16
13
10
14
10
10
6
3
-6
-15
-17
-24
-30
-38
-42
-34
-38
-27
-31
-38
-40
-42
-35
-34
-37
-34
-29
-15
-12
-16
-23
-18
-8
-9
-12
-16
-12
-9
-10
-11
-16
-16
-8
-10
-1
-2
2
-8
-7
-10
-17
-17
-19
-13
-12
-11
-9
0
0
-1
0
8
8
2
1
2
2
-2
1
-1
3
-1
4
4
12
21
27
27
29
27
22
23
17
18
20
27
30
27
26
31
40
46
36
43
42
39
45
49
57
54
46
45
40
38
30
25
28
29
23
24
13
9
8
5
-2
-12
-19
-22
-24
-30
-27
-30
-39
-35
-36
-36
-37
-40
-44
-44
-45
-41
-35
-32
-32
-38
-34
-27
-29
-26
-31
-31
-35
-28
-30
-35
-29
-26
-22
-33
-27
-28
-27
-23
-26
-21
-18
-14
-12
-19
-17
-12
-5
-1
-3
-7
-11
-6
3
3
7
6
8
9
11
21
25
22
29
21
25
31
29
28
25
25
21
26
24
27
18
7
8
11
6
8
6
5
2
1
-6
-5
-3
-10
-7
-6
2
1
1
6
9
17
17
22
27
20
25
20
14
5
5
0
2
8
9
6
6
4
9
15
4
5
-2
-2
0
-1
-1
-6
0
-7
0
-4
-6
1
-3
-4
-4
2
0
13
4
10
12
1
9
7
7
11
3
4
2
2
0
-7
-3
-16
-20
-17
-21
-22
-26
-32
-27
-29
-26
-22
-24
-17
-26
-25
-19
-17
-16
-6
-4
-6
0
5
2
-1
0
4
5
2
4
0
-9
-2
-1
0
-5
-6
-5
-10
-9
-10
-12
-23
-14
-10
-9
-12
-15
-18
-11
-12
-16
-10
-5
3
-4
4
4
13
12
19
13
13
10
13
20
12
13
9
3
-1
3
3
4
4
0
7
18
13
11
18
15
15
20
22
15
15
20
24
32
32
39
36
36
39
40
44
36
29
26
20
14
7
11
10
14
10
8
11
3
7
11
13
3
1
4
4
-4
-3
-4
-7
-6
-7
-4
-5
-5
-3
-3
-4
-3
-5
-2
-9
-3
-16
-22
-19
-31
-20
-28
-27
-32
-32
-27
-37
-44
-43
-47
-47
-46
-40
-39
-45
-39
-37
-30
-30
-28
-35
-28
-20
-26
-20
-11
-5
-6
5
16
18
17
15
14
15
6
9
8
4
8
12
9
10
5
1
9
9
6
3
11
10
8
10
6
12
9
14
22
20
22
16
19
23
25
21
28
28
31
27
22
27
26
28
14
11
10
11
16
16
19
12
4
8
7
0
4
-1
7
11
4
-2
-2
-4
-5
-4
-4
-7
-4
-1
-2
-4
-1
0
1
-1
1
-3
-4
-3
-1
2
-6
-8
-17
-8
-6
-3
-1
-4
-5
-10
-12
-14
-19
-25
-26
-18
-20
-26
-30
-36
-26
-34
-34
-34
-20
-18
-19
-15
