SAMPLES:	10823
BITSPERSAMPLE:	16
CHANNELS:	1
SAMPLERATE:	16000
NORMALIZED:	FALSE
-8
-8
1
0
-4
-2
-9
-11
-13
2
7
9
15
18
22
18
12
5
4
5
8
4
5
4
2
5
2
3
10
12
9
7
4
2
6
9
9
9
10
-4
-5
-6
-12
-17
-14
-11
-11
-14
-11
-5
-13
-8
-15
-13
-16
-19
-16
-13
-6
-8
-12
-9
-12
-13
-3
-5
-5
-4
-5
-10
-11
-2
0
-8
-8
-4
0
4
4
4
-5
-15
-13
-10
-10
-3
3
11
12
13
20
25
30
28
26
17
12
2
2
5
-1
6
1
3
4
-2
0
-4
5
15
14
16
3
2
10
15
10
11
-5
-8
-9
-14
-8
-13
-9
-12
-12
-15
-18
-19
-23
-17
-15
-11
-4
-4
-2
-9
-5
0
-7
0
6
0
-7
-18
-9
3
11
19
15
10
0
-5
-3
0
6
-1
-2
-4
-5
4
-1
6
6
8
12
3
6
8
2
8
14
14
12
6
2
1
3
-8
-16
-9
0
-2
-6
-5
-8
-5
-11
-18
-21
-26
-22
-14
-6
2
-4
0
2
-3
5
10
19
23
16
9
3
0
-3
-10
-18
-15
-13
-6
-3
2
7
4
8
-4
-1
3
5
12
13
20
23
17
13
12
7
8
-1
-1
-6
-11
-18
-21
-15
-10
-19
-18
-19
-13
-1
2
5
4
4
0
3
5
15
3
6
0
6
3
7
4
-6
0
3
7
1
-4
-13
-8
-15
-4
-12
-8
-14
-8
-1
-2
12
11
19
10
7
5
9
6
7
9
-1
-6
-9
-9
-8
-1
5
11
13
13
8
9
6
7
7
12
20
21
23
17
8
8
6
12
18
13
10
6
13
14
7
9
15
14
13
7
8
12
5
6
-2
-5
-8
-6
-6
-9
-6
-3
-1
-9
-8
-2
-3
-1
-5
-1
-2
-3
-3
-13
-13
-12
-13
-17
-14
-3
2
-3
-11
-5
-7
-5
-4
-2
-4
-9
-8
-9
-9
-13
-11
-21
-17
-19
-15
-13
-15
-11
-6
1
0
-4
-11
-6
-11
-9
-11
-12
-6
-9
-4
-8
-5
1
1
3
2
-2
-9
-12
-8
-11
-10
-5
-6
-2
4
9
8
5
-2
9
14
16
15
15
14
11
15
12
10
13
12
5
-2
-2
0
-3
1
0
2
0
-1
5
5
9
14
11
10
11
7
10
4
0
-7
-5
0
3
8
-1
3
3
4
12
16
12
2
5
10
16
8
7
5
-6
-9
-3
-3
-4
-7
-17
-14
-9
-1
0
-2
-1
-2
-1
-7
-11
-24
-23
-18
-11
1
-3
10
2
3
7
-1
0
-3
1
7
3
2
3
2
-1
4
6
3
5
9
15
7
6
9
17
9
5
7
6
3
1
-1
-11
-7
-6
-3
-1
-9
-13
-16
-19
-19
-11
-4
-14
-16
-16
-18
-17
-15
-13
-15
-20
-22
-19
-10
-13
-7
-2
0
0
1
6
4
2
-1
-3
-1
1
-4
0
-4
-1
-7
-5
-9
-3
8
-2
5
12
8
10
7
9
16
19
18
10
15
7
1
-9
-7
3
16
16
17
23
25
29
23
24
23
18
4
-5
-5
-2
4
9
14
12
10
4
1
-2
3
1
4
2
13
3
-9
-7
-7
0
-5
-1
1
9
4
-2
-2
-1
6
4
4
2
-3
1
4
0
-5
-8
-4
-5
-8
-7
-1
11
18
14
7
13
20
30
31
21
9
6
5
-4
-14
-17
-10
-6
-8
-13
-9
-9
-11
-15
-12
-12
-12
-14
-6
-5
-7
-10
-6
-11
-12
-17
-21
-19
-21
-19
-22
-26
-22
-17
-13
-15
-8
-4
-3
-2
-11
-6
-1
0
-7
-11
-13
-18
-13
-14
-6
-6
-6
-9
-13
-2
3
6
3
11
10
8
-3
-10
-5
2
17
21
18
20
13
4
1
-3
-2
1
0
8
13
12
12
9
8
12
10
9
15
17
20
21
24
20
26
29
21
20
13
6
7
3
-3
2
-3
-1
4
-1
6
6
3
2
6
-1
-3
-10
-3
-3
-12
-13
-21
-13
-19
-18
-19
-13
-7
-11
-9
-4
2
-2
-7
-1
-2
8
11
8
12
8
9
4
-4
-3
-5
-8
-7
-2
-4
0
8
8
1
-5
-5
-11
-6
-5
-3
-4
1
-8
-8
-9
-16
-9
-9
-5
-1
-3
-6
-7
-19
-20
-22
-18
-11
-9
-9
-13
-12
-23
-12
-6
2
11
8
10
1
-8
-15
1
11
16
26
28
26
12
15
16
19
20
16
24
27
25
19
15
21
20
11
6
1
12
11
7
2
-9
-6
-11
-6
-7
-9
0
2
6
2
3
4
-3
-8
-10
-12
-9
-14
-19
-16
-14
-10
-12
-8
-2
0
-7
-9
-1
5
4
-2
-2
0
-1
2
2
-3
-3
-6
-7
-16
-17
-19
-17
-15
-9
-7
-10
-4
1
9
11
5
-5
-11
-20
-15
-9
-10
-5
-5
-8
-13
-11
-5
10
12
17
14
12
13
20
23
15
10
11
16
19
19
17
15
15
5
1
-2
-2
7
6
3
7
5
4
-1
2
9
12
17
9
12
19
23
23
18
18
12
9
15
13
23
20
15
12
5
4
-2
-2
13
6
14
10
3
4
3
4
0
5
8
11
3
-8
-16
-14
-7
-10
-16
-18
-25
-17
-20
-16
-17
-23
-25
-30
-28
-14
-12
-19
-19
-24
-25
-23
-31
-34
-31
-28
-26
-28
-29
-34
-32
-30
-36
-33
-33
-27
-22
-24
-23
-25
-16
-8
-10
-5
-8
-10
-22
-27
-24
-29
-24
-26
-21
-18
-16
-14
-14
-9
-4
5
16
30
26
19
13
11
13
13
15
10
9
17
25
27
33
43
48
45
51
39
39
52
56
68
67
69
57
50
41
38
41
44
64
68
60
43
34
35
39
34
32
44
53
59
51
43
37
35
38
32
33
32
31
40
34
33
27
30
25
15
9
5
-4
-15
-16
-19
-30
-33
-44
-53
-56
-68
-65
-70
-82
-91
-96
-100
-99
-94
-98
-96
-95
-96
-100
-106
-112
-111
-108
-98
-100
-92
-83
-71
-64
-63
-53
-58
-59
-51
-44
-29
-27
-33
-26
-20
-17
-22
-15
-10
-2
6
11
21
18
29
35
49
55
56
60
62
63
68
72
73
70
65
67
58
62
57
62
73
69
62
56
52
51
55
60
55
53
53
54
51
40
26
16
16
17
18
17
11
17
7
0
-2
2
5
-4
1
-6
-3
3
7
12
13
12
16
10
11
4
2
0
-7
-3
-5
2
4
5
2
-1
5
8
9
9
6
3
-4
-6
-12
-4
1
0
-3
-4
4
-2
1
5
8
2
-2
-2
7
17
21
23
21
23
29
25
23
27
31
41
40
38
23
7
-1
0
5
6
6
1
-6
-13
-19
-22
-27
-32
-44
-53
-60
-71
-76
-86
-88
-94
-99
-110
-121
-121
-118
-110
-111
-100
-99
-103
-105
-106
-98
-102
-93
-87
-82
-75
-70
-68
-64
-48
-43
-39
-29
-19
-3
7
15
20
27
26
27
28
30
37
34
47
55
57
67
67
65
65
60
70
65
56
54
48
49
39
38
41
35
33
31
31
37
25
21
20
20
22
26
31
32
36
39
38
37
41
38
40
43
34
32
39
41
46
55
57
51
58
55
53
63
59
62
56
51
42
31
40
45
53
59
61
65
73
69
73
67
73
80
73
74
73
68
74
87
95
92
87
81
75
65
58
57
57
52
45
32
19
12
4
-8
-19
-30
-40
-38
-49
-72
-94
-107
-112
-123
-139
-152
-157
-173
-183
-195
-193
-193
-198
-206
-212
-215
-219
-226
-235
-230
-226
-218
-210
-204
-190
-171
-161
-148
-147
-144
-137
-124
-102
-88
-71
-63
-51
-37
-27
-14
-3
7
21
37
48
59
66
72
74
79
81
83
91
99
98
101
112
120
125
121
117
125
138
141
130
116
118
114
116
110
108
111
112
118
121
120
116
111
109
102
96
96
88
79
69
62
55
54
51
55
48
43
36
32
44
40
44
45
45
43
25
18
25
23
17
15
14
9
10
6
-3
-10
-10
-6
-3
-12
-15
-14
-5
4
2
6
6
12
1
3
1
5
6
4
7
10
12
14
7
18
43
49
49
51
57
55
54
46
45
40
39
27
22
12
-2
-11
-32
-56
-74
-82
-95
-114
-140
-168
-188
-198
-214
-236
-256
-271
-270
-279
-286
-287
-291
-290
-290
-285
-283
-276
-257
-237
-222
-218
-206
-186
-169
-150
-125
-95
-64
-38
-6
13
29
52
78
101
122
142
156
167
180
187
203
219
232
244
244
251
251
260
259
250
247
233
224
220
213
201
187
174
160
147
138
129
108
94
74
64
55
36
21
-3
-16
-23
-30
-36
-35
-49
-57
-64
-75
-77
-88
-83
-87
-91
-95
-94
-91
-87
-80
-70
-54
-46
-50
-40
-37
-20
-7
2
19
25
27
24
33
52
64
71
73
77
78
83
85
86
87
85
94
101
108
108
105
105
103
104
104
107
107
104
101
108
108
102
96
87
85
77
65
66
66
62
53
30
16
9
-7
-26
-44
-77
-113
-145
-170
-199
-227
-250
-277
-300
-327
-347
-364
-383
-399
-413
-425
-426
-421
-414
-410
-401
-378
-362
-351
-328
-309
-283
-253
-228
-185
-150
-117
-88
-60
-17
20
56
89
119
151
186
225
256
280
300
317
332
345
347
357
358
366
367
353
357
346
337
325
311
294
280
267
244
222
200
183
166
152
127
104
88
69
45
15
-5
-30
-54
-72
-93
-103
-116
-131
-150
-157
-159
-174
-183
-189
-193
-186
-175
-168
-157
-144
-128
-113
-99
-78
-56
-43
-24
-7
-1
12
16
29
35
42
47
58
76
86
92
93
99
105
109
112
119
124
132
134
135
137
137
140
145
152
147
141
144
152
160
150
150
152
156
152
151
149
146
147
145
131
107
80
56
42
30
-4
-46
-82
-125
-163
-205
-249
-284
-322
-363
-401
-434
-461
-481
-498
-516
-525
-535
-556
-568
-568
-559
-537
-517
-494
-467
-440
-405
-363
-314
-264
-218
-170
-120
-71
-24
27
80
131
184
221
262
305
337
365
396
428
445
461
471
486
502
502
499
493
480
468
451
432
417
398
378
359
332
297
259
214
178
144
108
81
42
12
-19
-48
-80
-105
-131
-150
-167
-178
-191
-208
-219
-233
-241
-251
-258
-261
-263
-270
-271
-263
-253
-232
-223
-211
-187
-171
-143
-124
-97
-67
-44
-22
-8
13
28
41
59
86
109
121
138
144
147
156
164
172
188
200
207
204
210
223
224
228
232
241
238
237
227
219
215
211
201
202
199
195
202
218
224
215
214
206
206
201
188
167
150
119
78
39
-14
-58
-115
-168
-228
-281
-347
-403
-456
-515
-566
-610
-646
-677
-698
-726
-750
-761
-760
-748
-726
-702
-674
-647
-617
-575
-518
-466
-399
-343
-289
-228
-157
-93
-20
56
118
190
245
300
353
402
448
484
522
556
572
593
605
610
611
595
585
568
557
528
495
467
438
406
362
327
290
263
238
209
174
136
105
71
32
-5
-28
-63
-83
-113
-149
-171
-201
-217
-233
-245
-246
-254
-251
-249
-248
-232
-236
-231
-228
-213
-193
-177
-157
-140
-121
-102
-81
-54
-36
-22
1
16
44
58
69
83
96
109
123
129
134
143
150
151
159
168
174
183
192
194
187
180
186
202
212
217
216
213
213
215
218
223
234
248
256
261
266
269
269
268
272
268
246
225
201
165
125
83
30
-21
-91
-158
-230
-298
-361
-425
-490
-560
-622
-680
-731
-775
-810
-839
-864
-879
-887
-876
-859
-835
-819
-788
-737
-679
-621
-560
-487
-412
-334
-257
-178
-103
-20
63
150
233
296
354
412
475
521
556
590
615
646
664
662
668
660
663
654
640
619
596
569
538
506
463
423
383
343
306
262
206
166
130
93
65
29
-7
-39
-74
-100
-132
-160
-186
-204
-226
-243
-258
-267
-273
-279
-280
-291
-281
-273
-262
-255
-250
-243
-240
-223
-201
-168
-141
-116
-94
-73
-48
-34
-18
7
34
64
80
92
102
124
158
167
181
196
211
213
210
216
228
242
252
261
264
270
264
271
275
274
273
271
274
279
275
274
284
293
311
321
329
324
322
313
305
290
275
240
196
139
71
4
-73
-148
-237
-324
-413
-504
-590
-668
-739
-801
-848
-890
-918
-938
-968
-984
-992
-982
-962
-940
-903
-859
-803
-757
-695
-629
-550
-467
-378
-285
-196
-102
-9
87
181
281
369
447
517
578
631
673
707
728
759
783
797
794
778
766
742
720
692
652
616
572
531
480
427
377
323
284
239
200
147
96
58
22
-9
-42
-72
-99
-138
-163
-196
-220
-236
-264
-274
-284
-299
-309
-325
-340
-340
-325
-314
-311
-298
-291
-280
-265
-245
-216
-195
-164
-146
-128
-95
-68
-40
-14
16
44
64
89
108
128
146
169
184
193
204
210
226
225
249
260
270
278
276
280
291
303
300
305
298
292
290
289
291
288
298
304
313
321
322
330
330
333
324
318
301
268
221
166
106
49
-14
-92
-175
-266
-360
-446
-529
-607
-681
-757
-814
-884
-932
-975
-1004
-1027
-1043
-1034
-1023
-1002
-983
-946
-899
-844
-777
-705
-628
-546
-461
-367
-270
-166
-60
50
155
246
336
419
488
561
632
686
733
767
797
823
829
827
819
814
797
763
715
675
632
584
536
481
435
382
325
270
222
180
134
97
49
9
-29
-58
-87
-121
-151
-189
-216
-230
-250
-271
-284
-291
-296
-304
-311
-322
-326
-325
-310
-293
-270
-251
-239
-219
-204
-192
-165
-138
-102
-78
-59
-36
-2
39
67
87
108
125
142
158
178
195
202
219
233
250
258
274
278
291
298
315
323
333
343
340
344
345
341
339
331
315
307
292
295
286
277
284
281
282
287
291
290
274
257
236
198
148
84
22
-45
-124
-215
-313
-408
-499
-604
-696
-784
-863
-933
-999
-1051
-1086
-1111
-1117
-1116
-1103
-1087
-1069
-1031
-987
-924
-860
-787
-708
-619
-511
-404
-288
-180
-69
45
150
258
354
443
528
603
665
717
760
800
828
853
864
870
865
846
822
792
761
727
682
631
574
517
463
406
346
281
223
168
117
81
46
9
-27
-62
-91
-123
-149
-174
-200
-222
-239
-258
-266
-274
-284
-289
-291
-293
-294
-286
-279
-262
-259
-245
-237
-230
-220
-210
-190
-178
-164
-147
-119
-92
-72
-44
-17
17
60
90
126
160
178
196
214
235
246
260
281
309
323
331
333
344
351
357
363
369
371
369
361
355
343
321
295
281
268
270
281
290
290
278
274
284
286
279
261
236
201
143
77
-8
-91
-182
-278
-385
-483
-574
-665
-764
-855
-933
-998
-1046
-1086
-1111
-1120
-1119
-1109
-1087
-1063
-1024
-985
-928
-866
-796
-719
-621
-527
-425
-316
-212
-104
4
115
221
334
433
523
589
656
715
765
813
834
851
857
855
842
825
800
766
722
675
627
575
504
444
385
332
277
223
182
143
104
69
43
10
-9
-19
-29
-40
-58
-82
-99
-122
-148
-179
-203
-215
-228
-255
-273
-278
-287
-292
-296
-298
-298
-294
-292
-285
-281
-276
-272
-265
-247
-232
-209
-178
-148
-107
-69
-27
20
68
110
151
197
236
284
322
351
380
395
414
422
435
444
449
446
447
438
434
433
429
429
416
402
386
372
358
361
360
368
372
362
366
372
375
376
362
330
278
220
144
54
-48
-165
-296
-436
-576
-696
-816
-928
-1028
-1113
-1182
-1228
-1258
-1275
-1273
-1275
-1252
-1219
-1178
-1125
-1060
-982
-898
-807
-707
-599
-484
-361
-232
-98
39
172
292
408
511
591
662
717
753
777
791
802
805
801
784
763
732
700
662
614
570
518
475
421
374
327
281
234
189
155
121
105
92
94
96
89
95
104
113
116
120
107
87
66
39
15
-15
-57
-114
-167
-219
-255
-290
-327
-364
-401
-420
-435
-454
-465
-467
-471
-471
-453
-423
-374
-318
-261
-205
-138
-62
13
81
138
192
254
303
347
383
424
463
491
506
515
527
534
527
512
505
494
474
444
429
411
392
379
367
366
352
340
335
351
378
406
424
439
453
452
437
401
350
283
192
67
-62
-201
-359
-526
-693
-842
-971
-1088
-1184
-1283
-1358
-1414
-1443
-1451
-1431
-1389
-1345
-1290
-1234
-1163
-1076
-979
-857
-735
-601
-463
-321
-172
-28
118
249
365
464
548
612
654
680
706
710
703
686
652
625
605
578
545
517
480
456
436
411
386
359
339
319
304
289
270
264
261
261
282
312
365
414
457
482
500
505
497
479
439
368
285
185
80
-30
-132
-209
-295
-375
-448
-511
-567
-619
-666
-712
-740
-765
-773
-770
-741
-689
-625
-546
-448
-325
-195
-62
60
162
265
346
435
505
547
589
598
609
603
601
588
561
535
501
477
443
404
350
291
239
221
204
186
162
149
161
184
228
280
351
450
539
615
688
757
817
834
808
732
616
459
264
49
-179
-408
-653
-906
-1134
-1321
-1470
-1584
-1664
-1705
-1719
-1709
-1692
-1633
-1557
-1462
-1368
-1270
-1154
-1012
-846
-669
-485
-300
-110
82
272
463
639
773
858
889
895
857
803
723
622
506
379
258
160
90
29
-12
-30
-29
-29
-20
4
54
97
135
164
212
284
374
475
574
681
805
940
1062
1166
1231
1259
1239
1180
1074
932
767
575
351
113
-121
-354
-568
-759
-901
-1021
-1118
-1182
-1215
-1222
-1207
-1167
-1115
-1038
-960
-854
-724
-580
-407
-229
-51
124
307
492
644
766
842
876
874
829
764
675
574
461
331
211
92
-16
-107
-190
-250
-291
-313
-313
-304
-293
-234
-156
-44
77
199
323
445
574
707
876
1064
1253
1407
1509
1555
1567
1538
1449
1273
1005
676
282
-142
-581
-983
-1347
-1662
-1936
-2156
-2292
-2357
-2354
-2297
-2204
-2082
-1904
-1711
-1496
-1253
-1003
-763
-545
-308
-56
199
442
664
876
1046
1177
1246
1262
1214
1068
861
606
339
67
-215
-467
-678
-855
-988
-1091
-1094
-1020
-884
-719
-547
-356
-135
95
322
556
771
969
1135
1288
1438
1605
1749
1865
1959
2008
1995
1916
1780
1591
1341
1025
647
244
-162
-565
-945
-1287
-1568
-1752
-1863
-1899
-1872
-1763
-1597
-1395
-1168
-933
-682
-440
-191
43
259
455
641
795
941
1054
1095
1079
1010
893
746
564
347
118
-127
-375
-607
-814
-955
-1034
-1055
-1017
-935
-799
-618
-422
-210
8
204
398
587
761
935
1089
1210
1316
1384
1411
1400
1379
1354
1338
1321
1300
1281
1222
1072
854
597
326
18
-335
-713
-1089
-1446
-1800
-2095
-2279
-2344
-2349
-2306
-2177
-1954
-1670
-1355
-1024
-708
-421
-170
50
234
399
541
615
645
656
671
673
647
582
463
292
72
-172
-431
-685
-949
-1203
-1426
-1576
-1640
-1618
-1504
-1313
-1050
-744
-394
-13
381
762
1112
1382
1586
1761
1906
1987
2006
1983
1899
1775
1617
1420
1219
1020
806
599
372
144
-72
-295
-504
-693
-843
-941
-1007
-1061
-1054
-999
-896
-746
-567
-359
-137
81
270
430
573
665
717
712
664
578
453
294
112
-66
-239
-406
-571
-714
-835
-934
-968
-972
-941
-879
-785
-662
-538
-404
-256
-77
138
353
564
750
903
1010
1097
1147
1159
1134
1067
954
797
632
489
356
257
174
99
60
59
85
134
264
471
671
809
851
796
733
640
491
251
-87
-457
-824
-1120
-1357
-1508
-1581
-1631
-1630
-1592
-1493
-1338
-1169
-1007
-867
-782
-730
-662
-543
-364
-196
-95
-25
67
177
281
336
320
243
114
-58
-263
-484
-663
-812
-951
-1055
-1085
-1026
-871
-645
-402
-164
83
344
614
859
1041
1181
1267
1320
1351
1366
1352
1331
1295
1215
1111
966
800
634
513
374
204
15
-131
-206
-202
-188
-209
-193
-164
-107
-56
-34
-24
6
20
32
54
101
169
224
249
248
178
73
-27
-128
-273
-466
-633
-774
-843
-889
-905
-871
-792
-680
-556
-426
-279
-132
2
115
206
284
353
424
476
506
565
629
667
671
626
561
472
361
239
116
-21
-132
-176
-165
-86
37
151
296
461
606
742
923
1147
1401
1634
1731
1655
1458
1203
903
550
99
-404
-914
-1404
-1826
-2109
-2247
-2288
-2266
-2187
-2035
-1817
-1568
-1315
-1039
-801
-638
-485
-328
-116
125
353
500
578
637
659
630
504
322
73
-235
-597
-949
-1205
-1331
-1383
-1398
-1328
-1177
-938
-635
-314
-10
259
526
794
1048
1261
1441
1577
1630
1650
1617
1525
1438
1309
1144
925
669
416
194
29
-87
-178
-258
-311
-272
-172
-73
35
141
284
394
461
502
558
593
584
557
470
379
276
140
-11
-198
-408
-626
-820
-965
-1073
-1137
-1166
-1138
-1055
-912
-744
-574
-358
-148
37
165
269
357
414
453
461
437
402
343
246
157
47
-24
-100
-181
-257
-320
-328
-292
-237
-155
-48
62
161
288
432
567
704
840
971
1074
1155
1199
1190
1154
1151
1242
1398
1515
1440
1167
780
368
-29
-444
-912
-1385
-1784
-2087
-2286
-2342
-2231
-2007
-1727
-1446
-1187
-937
-717
-532
-375
-256
-181
-93
-4
152
320
423
436
380
269
74
-174
-445
-714
-1009
-1313
-1557
-1674
-1631
-1451
-1198
-877
-515
-166
186
532
833
1054
1226
1349
1434
1498
1528
1551
1542
1465
1306
1101
858
614
361
86
-170
-374
-517
-550
-454
-286
-90
133
368
646
904
1067
1136
1127
1074
974
864
735
582
407
185
-53
-262
-468
-686
-873
-1057
-1211
-1305
-1341
-1282
-1116
-913
-704
-475
-259
-32
166
316
420
478
464
395
314
213
132
42
-50
-138
-196
-249
-346
-448
-499
-502
-455
-343
-220
-82
42
183
353
489
627
718
790
859
856
819
762
721
729
724
703
679
638
635
715
916
1158
1289
1187
910
594
273
-52
-411
-740
-1017
-1259
-1449
-1600
-1578
-1448
-1256
-1102
-1033
-973
-923
-847
-764
-685
-627
-585
-530
-397
-210
-74
-53
-135
-300
-471
-634
-772
-873
-956
-1029
-1066
-1056
-946
-759
-511
-276
-94
82
241
419
568
693
793
877
942
968
970
950
931
860
679
485
303
150
58
-3
-19
37
143
300
513
761
951
1083
1137
1175
1208
1186
1161
1106
1006
854
654
422
180
-76
-344
-619
-881
-1083
-1219
-1270
-1255
-1164
-992
-792
-581
-371
-148
19
134
170
189
190
223
273
287
228
110
-19
-179
-297
-424
-544
-663
-745
-759
-737
-685
-611
-479
-288
-78
108
270
441
603
715
734
752
780
849
910
888
816
690
568
447
349
286
263
264
278
303
430
722
1147
1561
1755
1613
1258
848
439
18
-395
-778
-1091
-1320
-1484
-1525
-1459
-1358
-1278
-1273
-1347
-1394
-1383
-1277
-1105
-904
-719
-522
-235
96
347
418
352
177
-108
-436
-733
-904
-960
-1021
-1071
-1105
-1066
-967
-838
-690
-599
-508
-413
-241
-2
254
510
733
955
1103
1197
1242
1216
1119
953
742
557
433
356
348
392
434
474
524
570
644
744
829
896
883
836
790
778
791
785
706
552
373
160
-58
-252
-439
-587
-714
-803
-817
-786
-661
-518
-393
-308
-206
-84
26
145
188
159
101
55
-31
-119
-241
-409
-554
-710
-834
-894
-896
-826
-752
-705
-633
-516
-373
-236
-115
-9
82
206
361
556
755
858
896
899
863
831
788
686
569
463
367
274
205
205
285
347
393
385
409
461
541
761
1098
1475
1670
1549
1181
749
349
-67
-511
-927
-1240
-1454
-1596
-1654
-1570
-1408
-1286
-1255
-1253
-1216
-1125
-978
-789
-581
-368
-140
89
312
420
358
150
-125
-450
-757
-1029
-1238
-1316
-1325
-1294
-1232
-1121
-973
-806
-668
-532
-361
-117
179
497
766
976
1170
1324
1429
1442
1382
1266
1102
914
702
519
419
358
293
194
108
72
90
122
199
328
485
688
880
1027
1052
1028
985
898
790
610
465
326
190
26
-158
-331
-484
-577
-685
-790
-841
-785
-686
-576
-455
-324
-187
-66
-49
-79
-140
-256
-395
-549
-664
-703
-658
-583
-484
-406
-365
-373
-390
-394
-403
-377
-323
-190
-61
106
306
483
657
744
760
702
641
576
526
473
446
447
471
510
525
502
432
312
185
61
-18
-1
116
277
391
446
487
495
526
646
916
1293
1589
1600
1248
725
193
-272
-692
-1072
-1324
-1446
-1487
-1488
-1462
-1413
-1362
-1331
-1372
-1401
-1352
-1167
-876
-557
-274
-42
117
233
270
157
-88
-419
-719
-899
-981
-1001
-935
-840
-698
-608
-603
-618
-603
-492
-338
-140
116
449
787
1103
1321
1425
1429
1340
1158
903
677
492
339
187
62
-2
-13
-28
-42
-39
1
87
212
394
668
1009
1344
1600
1711
1674
1528
1298
982
679
402
126
-131
-402
-645
-881
-1055
-1212
-1331
-1427
-1470
-1389
-1209
-910
-626
-374
-187
-24
101
166
176
157
135
82
5
-92
-162
-219
-285
-400
-532
-636
-654
-585
-472
-313
-153
14
168
317
462
560
640
707
754
768
765
786
838
882
917
917
837
709
543
403
238
82
-32
-124
-98
-7
149
316
466
554
568
621
889
1267
1526
1458
1014
425
-136
-602
-942
-1159
-1285
-1345
-1357
-1399
-1428
-1430
-1428
-1437
-1488
-1521
-1441
-1222
-890
-514
-214
-13
107
178
148
-20
-247
-459
-604
-679
-723
-744
-705
-614
-570
-570
-594
-582
-502
-321
-94
137
419
709
961
1067
1066
1007
941
856
742
639
542
488
459
387
287
195
113
48
20
66
202
388
580
778
988
1170
1309
1345
1233
1030
756
501
325
252
174
42
-110
-296
-497
-721
-936
-1075
-1111
-1051
-948
-803
-607
-412
-235
-88
14
52
77
91
85
77
1
-102
-279
-468
-611
-690
-675
-644
-579
-475
-330
-196
-95
7
73
120
195
294
457
627
795
916
984
1005
950
855
710
548
377
268
186
113
73
42
15
0
-48
-91
-62
39
163
266
361
376
404
520
767
1205
1605
1760
1509
954
343
-209
-595
-880
-1075
-1190
-1258
-1342
-1444
-1531
-1634
-1676
-1678
-1627
-1500
-1296
-978
-641
-352
-149
-47
8
31
37
1
-57
-81
-107
-196
-338
-504
-609
-642
-670
-693
-686
-586
-411
-178
30
250
455
586
623
618
675
762
843
896
889
874
848
767
654
526
406
296
170
139
174
235
329
388
452
525
592
654
789
889
912
828
698
611
574
501
304
55
-206
-453
-694
-927
-1103
-1162
-1168
-1093
-1002
-899
-761
-631
-505
-373
-207
-63
55
153
192
171
98
8
-56
-118
-165
-199
-238
-230
-223
-251
-289
-277
-184
-42
71
180
276
378
456
524
579
588
588
581
569
523
475
469
494
507
486
391
301
214
162
140
130
128
115
140
164
260
347
422
523
688
986
1310
1497
1343
861
238
-359
-798
-1045
-1112
-1120
-1087
-1081
-1167
-1326
-1503
-1626
-1632
-1502
-1291
-1016
-738
-470
-191
27
164
227
220
170
72
-31
-130
-240
-358
-542
-752
-943
-1027
-1001
-887
-748
-632
-485
-314
-145
45
266
478
672
814
967
1091
1185
1246
1267
1234
1135
942
687
435
240
116
30
-33
-96
-122
-137
-103
-40
54
215
440
680
907
1045
1042
928
794
657
566
522
424
236
-42
-389
-722
-992
-1161
-1255
-1227
-1175
-1088
-968
-843
-696
-560
-411
-271
-122
37
206
369
418
367
255
150
84
39
12
-10
-14
-47
-80
-117
-119
-94
-47
27
99
167
198
246
303
367
439
500
557
573
564
541
524
509
504
481
398
301
171
77
32
-6
-2
19
49
135
213
279
328
313
316
485
800
1136
1281
1051
516
-75
-504
-681
-647
-582
-569
-626
-804
-1047
-1313
-1551
-1627
-1525
-1306
-1076
-867
-687
-557
-451
-359
-301
-239
-143
-45
74
152
133
10
-180
-360
-489
-557
-608
-620
-619
-591
-526
-460
-343
-212
-13
192
360
466
547
642
771
916
969
1003
1006
949
859
791
678
542
384
200
64
-29
-57
-29
70
131
201
238
293
405
517
560
482
330
203
193
260
348
309
147
-111
-388
-593
-748
-804
-810
-768
-735
-685
-598
-507
-407
-333
-240
-133
-6
106
181
223
218
154
75
9
-34
-13
45
46
-19
-140
-271
-347
-369
-326
-245
-165
-66
33
114
225
322
415
468
532
616
695
743
761
791
775
705
583
476
405
340
304
213
79
-83
-222
-289
-221
-86
21
85
71
22
91
410
842
1199
1278
984
514
98
-100
-44
124
188
37
-325
-719
-1074
-1382
-1604
-1720
-1679
-1542
-1316
-1153
-1014
-929
-883
-794
-661
-455
-223
7
206
279
214
99
-41
-125
-170
-184
-154
-139
-195
-272
-320
-322
-306
-278
-194
-66
67
172
237
306
423
552
670
743
777
752
743
680
605
524
365
215
138
165
216
251
195
107
16
-55
-27
73
252
431
544
559
494
434
368
355
349
304
249
164
39
-119
-261
-387
-494
-554
-581
-569
-541
-515
-486
-474
-432
-387
-311
-209
-81
23
83
137
138
144
131
143
154
161
162
172
161
93
2
-92
-172
-202
-193
-160
-138
-122
-111
-74
0
91
184
274
351
413
476
526
534
549
594
617
575
444
314
190
94
40
40
63
113
128
60
9
-34
-38
1
62
224
491
777
902
784
486
141
-92
-114
1
98
8
-256
-621
-974
-1203
-1356
-1430
-1439
-1365
-1248
-1133
-1046
-1018
-1062
-1051
-860
-572
-243
38
217
282
283
262
230
213
204
267
349
361
261
19
-231
-400
-499
-525
-528
-460
-378
-311
-237
-163
-87
3
137
294
496
662
794
864
924
965
943
915
860
757
621
489
376
313
229
145
39
-41
-90
-107
-51
21
93
98
52
-31
-86
-38
106
272
361
337
272
202
111
33
-11
-43
-61
-113
-245
-404
-547
-672
-730
-685
-567
-426
-320
-262
-224
-200
-148
-49
69
201
297
341
356
317
214
97
1
-51
-45
-20
-31
-44
-50
-86
-124
-139
-104
-28
76
200
328
392
438
457
441
451
489
533
578
602
552
409
230
98
3
-45
-44
-19
7
22
10
-29
-84
-114
-142
-154
-61
92
261
378
325
190
23
-84
-93
-39
45
25
-99
-316
-562
-730
-820
-855
-842
-802
-779
-786
-754
-694
-645
-614
-613
-551
-455
-353
-274
-226
-207
-235
-273
-239
-151
-35
49
58
49
7
-46
-100
-139
-126
-87
-38
-19
-25
-45
-24
39
99
145
170
198
244
321
403
468
490
506
485
463
432
424
400
352
306
275
263
294
326
354
394
418
433
443
473
514
566
547
491
379
271
179
132
123
99
50
-45
-134
-200
-253
-265
-236
-243
-217
-191
-183
-212
-239
-246
-235
-193
-186
-175
-192
-181
-182
-201
-256
-296
-304
-283
-227
-192
-142
-130
-137
-177
-181
-109
-16
48
66
85
133
186
233
278
285
250
188
114
85
117
149
152
147
127
109
84
109
129
137
148
158
190
235
281
309
301
309
292
250
190
133
112
109
115
86
38
19
-2
-2
-37
-111
-182
-249
-265
-267
-227
-208
-216
-228
-243
-251
-244
-243
-261
-286
-295
-304
-337
-399
-465
-515
-588
-657
-718
-749
-766
-771
-748
-704
-627
-552
-462
-384
-343
-269
-157
-37
61
140
202
242
275
278
281
273
252
208
146
97
40
23
22
34
49
47
42
44
119
226
334
425
487
553
625
701
753
769
769
749
702
673
630
568
521
455
387
350
281
206
123
60
52
58
107
134
144
149
144
119
72
-5
-76
-106
-151
-188
-215
-258
-311
-334
-358
-408
-457
-511
-513
-486
-474
-430
-367
-287
-188
-112
-54
-28
-34
-49
-58
-64
-48
-32
7
21
0
-33
-75
-97
-105
-84
-91
-87
-76
-24
21
58
139
217
252
272
291
318
337
338
360
361
358
324
248
187
152
87
27
-22
-81
-119
-132
-123
-112
-89
-41
-19
-6
13
33
79
133
197
218
198
191
174
156
98
2
-131
-252
-331
-374
-394
-404
-426
-484
-552
-609
-644
-625
-581
-530
-484
-457
-430
-396
-361
-306
-254
-227
-207
-206
-204
-190
-168
-168
-188
-194
-204
-215
-219
-216
-164
-86
14
58
106
162
230
292
338
367
346
325
314
333
353
357
330
318
262
228
211
222
264
286
307
350
406
460
532
568
589
596
611
625
630
630
615
549
454
364
293
252
215
165
83
-7
-83
-115
-147
-179
-178
-210
-221
-202
-169
-155
-146
-170
-200
-217
-223
-216
-222
-257
-334
-378
-386
-365
-350
-363
-345
-334
-334
-327
-302
-269
-247
-226
-220
-218
-210
-169
-113
-55
-20
31
66
64
60
64
73
76
79
98
98
80
70
52
39
46
52
78
96
122
162
199
235
249
249
210
178
186
194
193
200
202
219
188
167
120
85
92
100
116
115
92
57
27
11
-15
-46
-38
-39
-47
-88
-156
-217
-266
-283
-275
-272
-288
-324
-365
-409
-435
-455
-481
-491
-499
-480
-421
-362
-309
-306
-323
-331
-320
-291
-268
-254
-252
-248
-246
-261
-257
-249
-226
-176
-98
-28
28
102
150
196
226
253
267
270
300
329
364
377
371
374
372
386
400
398
391
389
398
434
459
473
455
449
460
483
512
525
534
536
514
496
492
463
424
373
306
232
159
94
29
8
0
-34
-90
-143
-162
-161
-175
-204
-253
-305
-357
-379
-372
-392
-437
-463
-456
-428
-430
-427
-416
-398
-373
-360
-340
-347
-346
-343
-323
-280
-243
-212
-177
-141
-82
-25
16
42
36
27
29
42
95
88
75
69
52
7
-22
-14
27
90
113
132
126
126
122
153
187
238
276
284
283
267
253
230
214
211
211
181
163
143
105
60
28
3
-31
-39
-55
-49
-28
16
62
85
90
63
38
44
66
63
30
-25
-106
-190
-265
-355
-400
-411
-389
-366
-366
-378
-400
-397
-397
-382
-340
-278
-190
-138
-119
-102
-86
-89
-109
-127
-138
-147
-140
-152
-156
-178
-205
-217
-215
-184
-156
-92
-20
62
148
212
276
321
369
416
423
448
466
489
487
437
364
280
212
185
172
172
171
180
200
198
198
202
222
255
301
347
365
351
341
328
337
342
353
340
320
278
216
132
50
-17
-101
-155
-203
-234
-297
-355
-381
-356
-312
-277
-222
-166
-156
-156
-154
-128
-122
-105
-87
-96
-112
-157
-177
-197
-218
-254
-281
-286
-275
-259
-236
-224
-218
-202
-186
-130
-82
-35
1
29
26
16
28
52
49
44
21
4
-5
-26
-56
-98
-94
-82
-49
-24
-8
2
24
56
115
177
213
251
265
288
295
298
277
224
178
136
119
118
104
86
81
55
20
-5
-27
-18
-5
11
8
6
34
61
75
72
63
60
63
51
45
57
29
-24
-100
-165
-206
-241
-257
-265
-260
-292
-319
-348
-342
-335
-336
-325
-323
-310
-279
-250
-237
-217
-228
-234
-231
-219
-191
-167
-135
-161
-181
-176
-159
-124
-113
-87
-36
19
62
86
102
129
154
191
231
258
277
277
280
272
284
297
297
305
293
290
284
309
337
336
328
307
306
317
357
388
404
390
351
295
229
197
184
171
157
144
125
102
65
36
16
8
8
5
-3
-47
-95
-149
-159
-151
-142
-148
-168
-190
-222
-211
-220
-250
-261
-265
-254
-233
-223
-237
-251
-229
-197
-145
-118
-117
-149
-181
-169
-151
-117
-81
-41
-17
7
15
6
-20
-46
-41
-27
-25
-27
-23
-20
-17
-32
-70
-66
-43
-6
44
91
110
109
90
98
118
118
133
153
163
145
112
107
112
117
107
119
108
107
121
115
121
109
104
109
119
133
136
121
100
64
29
-10
-27
-30
-47
-78
-96
-82
-69
-60
-69
-81
-70
-45
-47
-79
-99
-101
-112
-130
-154
-169
-168
-184
-194
-230
-256
-269
-273
-287
-307
-311
-306
-280
-253
-242
-245
-242
-226
-190
-153
-116
-88
-52
-24
-4
-16
-17
-8
-1
25
55
78
57
30
11
19
73
132
163
192
215
226
228
236
252
283
315
318
307
291
268
255
237
228
238
234
239
249
245
230
215
211
225
245
253
265
267
264
253
223
197
160
126
110
86
42
-2
-25
-19
-45
-88
-149
-192
-204
-217
-215
-211
-211
-221
-207
-192
-172
-163
-147
-129
-115
-90
-78
-59
-81
-135
-162
-185
-192
-163
-151
-165
-189
-201
-224
-252
-255
-255
-231
-192
-145
-120
-88
-50
-41
-33
-19
-19
-3
19
37
50
29
17
9
15
-1
-23
-34
-29
8
40
79
110
127
151
150
157
158
153
163
192
228
246
236
189
139
102
101
106
97
96
80
74
58
45
48
62
70
56
33
27
25
16
19
42
53
43
22
3
-13
-27
-52
-88
-135
-189
-222
-244
-266
-281
-278
-265
-266
-265
-246
-224
-197
-179
-159
-163
-167
-163
-168
-170
-173
-184
-178
-153
-142
-141
-139
-128
-99
-82
-85
-94
-93
-67
-28
6
43
86
122
141
156
174
184
193
211
230
241
270
280
280
266
236
230
228
221
208
216
220
205
198
201
211
217
225
228
231
232
233
228
226
223
215
201
191
179
153
124
91
47
8
-11
-13
-51
-81
-109
-105
-110
-134
-151
-165
-166
-165
-174
-187
-199
-198
-189
-192
-201
-204
-189
-175
-151
-129
-113
-83
-60
-61
-57
-61
-63
-85
-77
-60
-42
-12
-13
-30
-55
-58
-42
-57
-61
-66
-54
-44
-36
-13
-26
-40
-60
-75
-54
-39
-28
-9
12
24
19
23
29
59
74
95
101
98
99
91
59
23
-7
-33
-38
-51
-32
-25
-18
-11
-21
-31
-20
16
39
63
83
89
89
72
79
87
110
114
101
87
65
56
37
30
23
8
-19
-38
-42
-41
-36
-25
-26
-56
-86
-99
-90
-80
-88
-90
-80
-78
-87
-121
-135
-128
-119
-118
-130
-149
-171
-187
-181
-158
-139
-136
-144
-128
-111
-72
-40
-22
11
11
13
28
42
57
47
38
33
34
45
62
58
50
29
15
26
35
54
59
86
101
93
119
152
204
219
218
214
219
214
203
191
185
188
193
197
180
165
154
130
101
82
73
77
82
73
79
85
101
117
100
76
68
72
72
52
30
25
3
-19
-65
-102
-131
-140
-147
-155
-159
-170
-172
-173
-159
-150
-133
-117
-110
-98
-77
-68
-64
-64
-80
-91
-102
-100
-114
-107
-112
-128
-118
-104
-97
-93
-89
-93
-90
-99
-103
-104
-80
-48
-29
-28
-42
-60
-57
-53
-67
-80
-86
-83
-68
-50
-32
-29
-2
18
38
49
70
96
109
126
130
122
138
155
155
158
149
145
138
120
100
94
96
99
107
125
122
117
104
83
75
76
97
108
109
107
90
84
89
89
69
36
-3
-28
-40
-48
-66
-94
-122
-139
-147
-149
-153
-154
-155
-172
-170
-165
-156
-153
-147
-122
-101
-86
-91
-100
-122
-132
-141
-153
-149
-140
-131
-129
-131
-103
-68
-43
-16
-7
22
55
81
87
82
85
79
77
76
106
120
124
110
81
91
110
118
100
79
57
50
79
95
120
123
110
111
110
119
123
115
110
117
121
106
101
100
87
76
47
42
24
7
9
1
-9
-7
-8
-9
-22
-41
-50
-54
-51
-47
-55
-72
-85
-82
-56
-70
-81
-77
-81
-86
-84
-76
-84
-100
-97
-79
-59
-35
-24
-14
-37
-56
-69
-52
-37
-22
4
16
2
5
3
15
28
29
33
28
15
2
-27
-46
-57
-52
-47
-44
-33
-25
-17
-19
-8
24
47
44
62
62
76
94
107
112
89
63
59
64
66
82
69
52
59
71
64
60
82
83
76
67
63
76
63
70
59
47
30
1
-22
-43
-45
-27
-2
5
3
2
0
-8
-20
-22
-5
6
1
-7
-22
-54
-82
-98
-98
-100
-124
-145
-156
-169
-176
-182
-191
-191
-179
-192
-199
-197
-174
-171
-158
-144
-148
-141
-131
-118
-109
-89
-66
-60
-53
-54
-40
-30
-26
-1
9
24
25
20
28
42
52
61
75
85
96
99
75
65
61
57
80
91
99
108
127
126
105
106
104
113
124
136
138
138
139
148
163
174
185
168
166
158
161
176
179
169
146
119
93
84
91
106
101
80
59
39
22
8
-20
-48
-57
-51
-26
-30
-38
-41
-48
-46
-44
-35
-41
-50
-72
-79
-73
-47
-51
-77
-92
-108
-111
-117
-122
-120
-110
-101
-91
-82
-59
-42
-39
-49
-39
-32
-32
-32
-40
-29
-36
-28
-15
-23
-26
-42
-49
-31
-19
-14
-15
-11
-10
-7
2
0
20
20
0
-5
-3
9
11
10
11
-1
11
31
32
41
31
21
4
2
23
10
14
9
-1
-4
-24
-19
-42
-51
-44
-49
-55
-61
-56
-33
-11
4
2
2
11
5
-9
-30
-40
-47
-28
-19
-7
-21
-31
-38
-64
-79
-86
-92
-90
-83
-66
-52
-68
-78
-89
-65
-47
-29
-15
-12
-7
-16
-27
-30
-18
-19
-4
-5
-13
-6
5
10
12
9
22
45
37
41
56
66
76
81
78
84
81
83
78
88
75
71
83
82
100
108
126
149
172
189
183
183
178
181
184
183
172
154
153
142
143
136
110
94
71
85
100
86
78
71
73
74
76
66
45
29
16
-9
-37
-46
-55
-51
-53
-61
-84
-95
-105
-107
-99
-109
-111
-132
-131
-128
-143
-153
-161
-153
-163
-164
-165
-164
-171
-182
-188
-176
-168
-170
-163
-167
-147
-135
-120
-109
-117
-116
-118
-106
-101
-87
-84
-83
-77
-66
-53
-42
-31
-27
-14
-3
13
24
39
55
62
48
41
20
31
45
49
64
68
80
86
104
129
128
118
99
103
118
127
132
132
120
102
89
95
112
126
130
106
85
78
79
70
63
59
57
52
49
33
19
14
6
2
-14
-24
-38
-38
-24
-23
-28
-48
-56
-83
-107
-127
-132
-134
-134
-138
-142
-151
-157
-137
-123
-105
-108
-119
-121
-117
-115
-119
-94
-91
-75
-31
-6
19
20
26
30
15
20
26
25
31
42
52
67
71
78
103
105
110
98
94
101
92
83
77
96
114
122
114
124
122
131
138
145
154
163
180
177
170
154
134
133
127
107
102
90
91
62
28
-8
-37
-44
-35
-30
-20
-17
-44
-56
-59
-52
-51
-45
-44
-58
-75
-97
-108
-115
-122
-129
-136
-141
-130
-142
-164
-174
-164
-157
-143
-130
-125
-118
-103
-84
-86
-78
-83
-69
-48
-18
-8
-21
-32
-37
-53
-54
-50
-36
-9
-4
-4
13
15
14
25
21
27
28
33
42
51
52
51
44
51
57
75
91
102
107
96
88
79
78
81
77
88
91
98
97
81
67
55
43
39
37
40
46
32
35
27
16
-4
-20
-34
-39
-40
-50
-62
-74
-56
-33
-13
-8
2
2
3
-4
-22
-35
-39
-32
-34
-22
-16
-9
-25
-29
-35
-44
-48
-74
-85
-99
-116
-117
-106
-97
-74
-74
-68
-62
-66
-64
-62
-50
-35
-36
-28
-23
-27
-22
-5
20
31
29
25
26
15
11
7
14
24
32
35
41
34
27
21
12
11
16
27
35
42
45
38
33
37
37
58
59
71
82
97
107
107
104
92
92
108
115
116
105
93
86
79
78
81
86
90
92
90
72
56
39
22
21
4
-15
-33
-52
-67
-70
-69
-66
-64
-73
-90
-95
-91
-78
-72
-56
-42
-42
-41
-51
-52
-63
-83
-101
-93
-82
-73
-84
-88
-88
-92
-85
-86
-73
-69
-51
-36
-32
-19
-7
9
20
30
31
33
28
25
28
19
23
27
29
13
6
11
20
20
15
19
22
27
32
28
35
43
49
54
61
38
24
23
25
31
22
22
5
-11
-30
-26
-20
-22
-11
-6
-13
-14
-12
-15
-21
-33
-28
-16
-5
3
-8
-9
-15
-21
-32
-23
-15
-13
-32
-54
-56
-52
-37
-34
-31
-16
-9
2
-4
-2
11
-3
7
-4
3
7
6
6
3
8
11
14
17
22
12
21
9
2
8
11
25
18
2
-11
-18
-15
-23
-25
-15
2
18
40
39
26
25
26
16
11
8
7
0
-7
11
3
0
-6
0
21
34
45
47
36
44
54
68
71
66
75
67
66
69
68
72
76
75
64
56
61
61
55
43
27
17
18
17
16
18
18
22
20
21
0
-8
-12
-18
-16
-6
-6
-17
-38
-53
-48
-51
-42
-48
-44
-45
-61
-66
-74
-70
-59
-58
-65
-72
-79
-82
-79
-78
-68
-80
-83
-79
-64
-33
-31
-20
-11
-1
8
5
13
28
24
30
34
39
47
26
13
6
16
22
12
13
6
-6
-32
-46
-31
-20
-8
-7
-9
1
4
14
2
11
11
13
24
17
10
4
4
-1
7
-9
-13
-26
-32
-28
-23
-19
-19
-21
-16
-28
-36
-33
-44
-28
-24
-31
-35
-39
-45
-42
-48
-55
-59
-65
-53
-45
-39
-40
-37
-33
-37
-24
-12
-12
-14
-28
-29
4
26
35
30
29
31
32
43
36
25
27
36
36
42
47
44
48
51
44
30
34
34
40
43
42
41
48
51
49
40
50
41
30
41
50
50
34
28
38
51
47
39
24
20
24
25
30
29
26
32
33
25
37
39
30
17
10
14
16
35
46
42
41
41
46
40
34
31
36
31
23
32
34
31
22
5
-7
-22
-22
-19
-14
-19
-30
-31
-34
-30
-32
-22
-17
-4
-1
-6
-22
-35
-31
-26
-45
-52
-43
-50
-37
-44
-38
-31
-33
-28
-31
-20
-8
-3
-5
-17
-16
-8
-2
-10
-7
0
4
7
-17
-26
-38
-48
-54
-42
-32
-19
-21
-27
-34
-41
-48
-60
-72
-73
-68
-61
-53
-59
-57
-54
-60
-58
-57
-44
-42
-45
-37
-39
-41
-39
-19
-10
-10
-2
16
32
32
33
39
51
55
49
43
33
49
52
46
40
25
10
-14
-16
-19
-24
1
5
-4
-5
-6
-1
4
9
18
24
26
29
26
23
15
22
27
31
24
-7
-21
-19
7
19
28
24
21
32
37
48
50
54
43
36
25
34
32
27
30
21
13
8
0
-1
-1
4
-5
-17
-16
-19
-9
-6
9
14
8
-3
-2
-1
-10
0
3
7
9
14
21
10
9
8
15
22
18
9
-1
-6
-6
-11
-3
10
15
30
17
14
15
19
24
23
16
9
18
23
24
26
15
20
15
4
8
13
23
26
25
28
28
14
7
1
11
9
4
-5
-14
1
-1
-11
-26
-34
-51
-52
-60
-61
-66
-66
-56
-62
-69
-81
-70
-65
-66
-66
-76
-72
-64
-67
-58
-56
-38
-36
-34
-28
-29
-25
-25
-25
-34
-32
-29
-21
-20
-24
-12
-10
-2
21
34
26
26
25
29
40
47
56
61
63
71
73
75
68
63
58
54
56
53
65
61
58
49
40
45
42
47
37
22
18
27
18
6
-3
-15
-7
-14
-16
-30
-36
-50
-38
-33
-33
-28
-38
-34
-45
-44
-34
-24
-17
-17
-16
-10
-10
3
13
9
-1
-7
-11
-4
5
10
5
-9
-2
-4
-4
-13
-14
-14
-24
-14
-8
11
16
9
14
8
6
10
30
33
31
22
18
21
22
24
6
-8
-15
-14
-7
-10
-4
2
4
16
9
6
8
26
37
36
36
30
43
40
44
36
22
9
-1
-8
-16
-29
-32
-34
-29
-29
-25
-11
-3
6
5
-1
-10
-16
-11
-3
6
0
-11
-23
-33
-38
-45
-51
-45
-40
-36
-33
-25
-29
-28
-24
-20
-10
-7
-11
-13
-9
-17
-18
-25
-11
2
7
-3
-16
-10
-7
-4
-5
-4
-8
-14
-21
-28
-35
-27
-25
-18
-7
-9
6
6
1
5
3
15
21
34
42
50
50
40
27
21
31
41
36
32
22
16
6
-5
-3
0
11
12
11
27
45
50
55
54
44
45
44
38
24
13
9
-5
-5
-16
-27
-36
-38
-34
-28
-8
7
16
8
7
2
5
10
-5
-13
-18
-11
-8
-2
-1
-7
-13
-30
-33
-25
-12
-12
-18
-16
-19
-19
-21
-20
-5
6
13
3
-1
-3
-15
-26
-19
-15
-15
-15
-19
-17
-11
-8
-17
-26
-19
-7
-5
-8
-9
6
31
37
42
37
39
50
44
40
27
27
25
18
21
25
34
31
37
23
20
9
12
14
12
22
22
16
13
6
1
-3
3
5
6
4
-5
-5
-8
-9
-17
-29
-38
-33
-25
-34
-45
-34
-23
-15
-15
-21
-28
-20
-4
-1
-3
-9
-10
-16
-5
1
4
9
1
15
4
0
-10
-18
-22
-29
-23
-12
-1
7
4
1
0
-6
-12
-13
-15
-7
-1
9
7
-8
-5
-8
-14
-13
-6
18
41
39
34
20
-4
-12
-13
-9
-11
6
5
4
0
-8
5
-2
-4
-4
3
18
18
31
27
25
20
13
9
18
29
33
26
6
5
8
21
12
17
14
-3
-5
-8
-14
-24
-26
-32
-26
-31
-30
-25
-10
-4
-17
-21
-29
-30
-26
-19
-42
-49
-46
-41
-42
-36
-17
-9
5
-5
0
-3
8
9
-3
-13
-30
-34
-33
-25
-15
-18
-21
-32
-33
-28
-13
-9
-6
-2
2
4
6
17
17
25
22
8
12
29
42
31
25
42
50
43
42
41
45
51
45
40
27
26
29
26
24
25
38
46
37
15
15
4
16
30
20
14
10
11
9
-5
-13
-17
-21
-10
-4
5
19
21
11
-10
-20
-12
-6
-9
-27
-28
-21
-12
-19
-28
-16
-11
7
3
-12
-22
-29
-22
-18
-28
-25
-30
-35
-33
-41
-39
-46
-43
-35
-23
-23
-8
2
13
22
9
-5
3
12
11
8
12
11
19
27
18
9
-4
-10
-5
10
31
48
46
46
43
33
30
25
18
34
51
57
50
41
40
28
25
24
24
20
7
-3
-15
-14
-12
-9
-9
-5
-3
0
1
-6
5
4
0
-2
-5
-10
-13
-17
-14
-5
-1
0
-5
-19
-21
-16
-16
-15
-19
-22
-26
-32
-33
-25
-18
-23
-34
-33
-23
-17
1
1
-3
-3
-4
0
-1
-13
-14
-7
-4
-5
-8
-7
-12
-4
-10
-15
-13
2
-6
-12
-14
-16
-3
-6
-17
-19
-17
-12
-20
-25
-17
-11
7
6
12
13
12
27
23
13
23
15
17
16
15
19
7
5
8
10
6
2
-4
-9
-5
11
23
23
13
0
-3
-10
-6
-13
-15
-12
-16
-8
-11
-12
-15
-16
-20
-26
-28
-25
-36
-37
-26
-14
-15
-17
-24
-22
-32
-25
-10
-24
-18
-16
-7
-1
-5
6
8
9
11
17
26
21
3
-1
8
14
21
28
42
47
63
60
45
31
27
30
22
5
-5
-2
2
5
6
18
18
23
15
19
17
16
19
10
17
17
16
8
10
15
11
1
-10
-12
-13
-14
-11
3
5
17
23
18
18
12
8
-1
1
-8
-9
-7
-10
-8
2
1
2
-7
-5
3
2
9
3
7
6
-6
-14
-21
-29
-23
-14
-18
-27
-41
-42
-36
-23
-8
-14
-14
-11
-14
-6
-5
-2
0
-13
-21
-19
-17
-22
-24
-18
-8
-4
4
-4
-8
-7
3
-2
-15
-23
-21
-19
-10
-10
-13
-15
-13
-7
-6
1
3
6
5
19
31
47
48
49
52
46
43
45
49
43
47
34
24
21
21
32
32
36
35
32
25
22
28
27
30
31
27
15
5
6
-7
-10
-12
0
2
-12
-25
-26
-9
1
2
2
2
1
-2
-4
0
-2
4
-7
-9
-14
-19
-11
-8
-12
-23
-12
-15
-34
-37
-35
-34
-29
-32
-31
-31
-35
-33
-21
-20
-20
-13
-10
-9
-24
-31
-35
-31
-24
-21
-17
-21
-24
-17
-5
-2
5
13
9
12
-1
-8
-15
-18
-6
-6
-7
-4
-6
-10
-4
5
7
7
-2
-3
2
12
12
13
28
26
30
21
14
9
7
6
14
23
6
4
-5
-3
12
12
23
26
20
15
4
0
4
1
-3
-2
-10
-16
-25
-28
-27
-34
-35
-29
-31
-27
-29
-18
-22
-31
-32
-15
2
3
12
7
18
10
-6
-1
-1
7
7
16
24
18
8
-2
6
15
28
25
20
20
21
25
27
24
30
30
23
31
34
38
28
21
12
11
19
23
24
20
23
9
10
8
15
19
21
21
14
12
12
13
5
2
-6
-19
-19
-23
-22
-21
-21
-20
-24
-35
-56
-53
-49
-46
-45
-34
-17
-25
-32
-38
-17
-12
-17
-12
-9
-12
-8
-18
-19
-9
1
0
-15
-18
-7
-7
-6
-5
-5
1
-11
-17
-20
-21
-11
-2
13
17
19
17
18
5
5
6
8
14
15
16
12
15
8
13
19
24
19
15
17
17
24
26
31
24
30
30
24
27
29
30
17
-6
-10
4
0
-8
-9
-6
0
13
16
16
24
20
21
24
20
31
30
28
20
12
11
1
-4
-9
-7
-11
-6
-7
-8
-11
-2
3
0
-9
-13
-16
-18
-16
-23
-30
-30
-25
-22
-23
-15
-20
-25
-22
-9
-11
-7
-10
-10
-3
-14
0
-1
3
5
1
12
10
7
10
9
7
6
8
9
9
8
21
26
22
14
8
3
-2
-2
1
15
17
11
-7
-14
-7
-8
-10
-11
1
-3
-17
-27
-33
-31
-16
-16
-12
-7
-13
-11
-9
0
0
1
-3
-4
1
-1
0
1
-9
-14
-20
-24
-23
-20
-16
-15
-24
-30
-27
-20
-12
-9
-10
-8
-14
-15
-11
-17
-20
-26
-18
-23
-21
-15
-5
10
7
6
-3
-7
3
1
3
7
13
21
20
19
12
17
18
18
28
31
24
16
4
7
17
24
22
28
17
6
6
2
2
7
3
-2
8
14
13
22
16
15
15
13
13
6
11
13
16
7
-2
-12
-14
-6
2
5
0
-7
-11
-3
-5
-4
5
6
18
10
13
16
21
26
18
12
-1
5
-1
-6
-6
6
12
13
4
2
-6
0
-5
-18
-18
-11
-11
-11
-11
-15
-13
-12
-4
-11
-10
-9
-8
-11
-17
-15
-20
-20
-12
-9
-12
-11
-22
-19
-17
-22
-12
-9
5
4
-3
-12
-26
-28
-25
-27
-26
-15
-23
-17
-9
3
10
14
20
15
10
-2
-2
3
6
2
2
3
5
-2
2
4
0
-2
-11
-12
-10
0
0
3
5
4
18
20
20
22
17
22
24
20
19
16
18
20
27
35
31
17
9
13
13
19
27
35
25
13
7
-1
4
0
-11
-18
-18
-18
-4
6
3
11
10
13
21
17
19
27
26
15
0
4
8
9
7
7
16
15
-3
0
6
14
22
14
9
0
13
18
11
2
6
-2
-10
-12
-11
-2
7
4
0
-8
-11
-9
-5
-5
-9
-4
0
-8
-12
-18
-25
-25
-39
-31
-33
-28
-23
-22
-28
-37
-34
-30
-29
-26
-26
-17
-8
-11
-15
-17
-14
-18
-7
-10
-11
-21
-30
-24
-20
-14
-9
-5
-9
-5
-15
-14
-9
-8
6
-2
-6
-19
-13
-1
1
12
9
12
5
10
7
7
12
9
-2
-8
-12
0
11
17
17
7
15
9
7
9
5
15
30
33
25
18
17
16
19
8
6
3
-2
8
10
13
10
5
-2
2
7
12
22
25
19
15
9
3
-4
-3
-8
-1
2
3
7
8
10
6
3
0
4
3
3
-3
-5
-7
-7
-6
-12
-2
6
9
12
10
7
9
4
-9
-7
-1
-9
-10
-5
-4
-9
-24
-26
-22
-23
-24
-21
-21
-16
-19
-15
-11
-10
-15
-14
-17
-21
-16
-11
0
4
7
8
9
-1
3
2
6
4
-9
-3
-6
-8
-2
3
4
7
14
16
16
15
13
11
15
18
21
26
25
26
21
6
-1
8
0
2
3
13
7
21
24
11
4
-8
1
7
23
15
10
-6
-16
-13
-14
-8
-13
-21
-32
-44
-38
-27
-21
-25
-29
-21
-15
-13
-13
-12
-16
-17
-22
-18
-10
-6
15
4
12
7
-1
-4
-9
2
10
13
9
16
28
29
17
12
3
8
25
32
33
30
25
31
30
39
42
32
21
20
28
15
0
-4
-6
-4
-3
-5
-3
-5
-1
6
12
12
-2
0
-2
-5
1
-1
1
-4
-2
-3
-4
-10
-11
-7
-1
5
3
-2
-16
-33
-23
-16
-18
-19
-13
-5
-5
-15
-19
-14
-8
-5
-5
-8
-12
-3
1
2
16
22
24
21
20
28
18
12
-5
-14
-4
9
18
15
10
5
2
5
5
3
-4
-10
-15
-16
-22
-13
-13
-25
-25
-21
-11
-14
-13
-20
-15
-17
-21
-24
-16
-9
-6
9
12
7
-3
-7
-12
-14
-23
-23
-14
-10
0
-5
2
8
2
0
-6
-15
-11
-16
-10
-1
2
5
-7
-8
-10
-5
4
21
33
36
31
21
15
27
36
32
27
18
15
7
5
5
7
6
-2
-12
-6
-6
-4
-12
-11
-7
-13
-16
-13
0
-3
-12
-8
0
10
4
0
0
-7
-12
-26
-37
-37
-35
-30
-20
-26
-27
-21
-10
-14
-8
-5
-11
-3
-14
-14
-5
4
13
6
9
10
16
13
20
21
20
12
-5
-5
3
10
15
19
25
31
27
32
30
37
37
33
33
33
35
30
26
23
26
23
21
18
18
2
-6
-11
-1
7
-3
-5
-6
-6
-5
-1
-13
-15
-10
-6
-8
-21
-11
-6
-17
-21
-20
-14
-14
-13
-23
-27
-28
-32
-19
-10
-3
3
2
-3
2
3
-6
-11
-18
-14
-25
-28
-27
-23
-18
-21
-17
-22
-10
-12
-10
-16
-14
-7
4
7
-3
1
4
-4
-5
1
3
1
4
6
14
9
11
2
-7
-13
-4
12
12
17
16
27
37
44
42
39
32
25
23
19
20
18
20
16
18
27
21
14
3
10
9
9
8
11
14
9
12
8
10
8
14
12
18
20
26
20
9
-2
-14
-16
-16
-15
-12
-9
-11
-8
-6
-1
-5
-5
0
7
9
1
-2
-3
-5
-9
-13
-19
-20
-19
-18
-10
-14
-14
-15
-15
-17
-19
-9
1
8
9
9
9
5
5
-2
-4
-15
-18
-11
-10
-6
-3
1
1
0
-4
-10
-11
-15
-24
-18
-11
-5
-14
-9
-9
-7
-7
-9
-4
-8
-16
-14
-12
-7
-8
-14
-7
-8
0
-5
-14
-9
-3
1
3
6
9
7
-6
-13
-23
-18
-25
-28
-27
-26
-26
-24
-10
-2
2
-8
-10
-9
1
