SAMPLES:	7961
BITSPERSAMPLE:	16
CHANNELS:	1
SAMPLERATE:	16000
NORMALIZED:	FALSE
2
-1
-1
1
-6
-5
-9
0
1
4
-1
-3
-3
-10
-1
-2
3
-1
2
2
-2
1
-2
4
-2
5
8
5
6
7
2
4
7
8
8
11
9
9
16
9
14
11
9
12
8
10
9
10
3
4
3
-5
1
0
2
-3
1
0
2
11
3
8
8
0
5
3
-1
-1
-3
-3
-10
-4
-5
-7
0
-1
-3
5
4
4
5
-7
3
4
5
1
-1
3
-4
-2
-1
3
4
-2
-4
-3
-2
1
-7
2
3
2
5
-1
6
-1
2
0
0
3
6
8
4
4
-1
-1
1
1
1
-2
-1
-2
-3
-4
-9
-7
-11
-11
-2
-11
-7
-9
-3
2
0
6
3
4
5
7
3
5
-1
4
2
2
3
0
4
4
3
5
4
3
9
8
5
5
5
3
7
3
1
3
3
8
4
7
6
5
9
7
6
3
6
10
18
18
34
55
28
-4
-22
-26
-27
-38
-41
-39
-31
-16
-14
-17
-21
-15
-3
1
10
11
8
11
13
11
11
15
9
7
6
5
6
23
17
-7
-11
-5
7
5
-2
-7
-7
-14
-14
-14
-18
-17
-23
-16
-18
-18
-20
-15
-17
-14
-4
-7
-1
2
-7
-8
-4
-2
15
22
27
34
43
45
29
-7
-33
-19
-1
-3
-29
-85
-84
-67
-59
-29
-29
-6
11
24
40
45
72
93
85
73
74
77
24
-48
-79
-80
-49
-47
-43
-44
-63
-36
-25
-25
-27
-39
1
20
3
17
-6
-19
3
-7
2
22
46
49
15
4
-11
-14
-32
-21
-17
-31
-19
-11
-9
-22
-17
1
31
36
39
43
23
25
29
13
18
30
33
13
-4
-5
-37
-18
-7
-29
39
13
-7
41
26
77
85
16
65
86
21
39
34
-19
-37
-37
-67
-44
-63
-101
-67
-44
-35
-15
-9
-29
-26
-7
26
43
71
73
74
111
109
73
55
35
44
54
47
65
73
97
83
12
2
-10
-28
-53
-136
-172
-178
-197
-228
-209
-182
-198
-182
-124
-103
-77
-47
21
110
94
118
150
146
156
157
159
166
175
139
109
77
-8
-44
-69
-33
18
-57
-117
-130
-172
-164
-117
-99
-54
-27
12
35
-14
-52
-52
-47
-4
39
79
85
51
64
68
61
27
20
52
70
48
39
41
-17
-23
34
100
118
198
277
217
101
42
-1
1
-16
-58
-65
-129
-233
-307
-309
-339
-304
-242
-191
-133
-90
-95
-103
-64
14
64
133
228
240
257
200
173
222
261
290
277
219
162
109
82
-47
-136
-158
-197
-192
-213
-277
-374
-361
-301
-247
-166
-97
-63
58
86
31
77
152
170
208
222
241
232
180
191
155
142
147
124
119
98
11
-105
-132
-122
-107
-59
-43
-57
-38
-71
-86
-42
-34
-29
15
30
3
-20
-62
-79
-109
-76
-18
-33
-5
47
27
19
14
7
42
52
34
54
66
72
42
-19
-27
-4
25
8
-1
3
-45
-41
-3
-14
-59
-76
-22
14
-14
-87
-125
-100
-63
-16
-65
-127
-109
-44
24
-8
-34
-60
-31
79
105
6
-79
-45
39
73
12
-45
-26
31
11
-61
-134
-85
1
1
5
17
38
69
67
67
65
79
127
140
147
122
76
44
32
13
-29
-88
-106
-90
-73
-57
-51
-48
-58
-28
-15
24
27
-29
-24
33
96
134
141
89
91
95
76
73
78
61
-7
-18
-17
-28
-75
-147
-188
-143
-150
-185
-140
-119
-72
-67
-61
6
45
59
108
116
67
72
102
102
81
57
33
47
61
73
21
-28
20
41
25
-13
8
-36
-88
-32
-25
-77
-53
-36
-19
1
-15
-42
-43
-30
-2
20
-10
-29
-8
38
33
-5
5
10
48
86
99
64
35
61
72
58
26
13
-2
-13
8
-23
-75
-75
-78
-78
-60
-73
-63
-56
-59
-52
-10
-20
-28
14
-1
-3
5
-4
-1
16
45
50
39
25
46
62
64
52
24
2
16
28
12
-6
-23
-8
16
27
33
18
-16
5
30
32
3
-13
-15
-10
2
5
-10
-29
-5
10
-3
-9
-25
-11
12
16
0
-5
-10
-1
-1
-9
-3
-20
-7
-4
-13
-36
-37
-20
2
1
-14
-11
-3
-1
-2
11
19
11
11
10
-4
-8
-12
-1
5
-8
-8
9
13
13
15
6
0
-1
-3
-24
-2
9
14
18
1
-9
8
28
20
9
6
-14
-16
-27
-27
-38
-38
-33
-28
-3
-14
-34
-35
2
24
-6
-25
-16
-1
10
7
-1
-11
-3
18
23
20
6
-11
-8
-13
-23
15
25
10
19
10
16
40
24
2
-10
-39
-32
-13
-14
-17
-15
-30
-23
-15
-22
-13
-8
-24
-16
6
18
7
35
55
55
122
199
234
145
-16
-160
-205
-190
-161
-137
-167
-200
-151
-74
-23
-51
-76
-34
32
117
125
65
15
50
148
165
144
131
173
189
222
219
171
117
39
-16
-42
-19
-19
-75
-183
-215
-211
-106
46
80
55
7
-148
-323
-361
-315
-240
-189
-153
-81
-34
30
98
69
56
144
223
237
238
186
97
73
103
126
101
91
87
64
49
44
42
-27
-59
25
53
2
-61
-81
-38
-42
-131
-110
-39
-20
24
36
-44
-88
5
120
103
-40
-98
-68
-54
-10
-55
-57
8
44
86
51
22
59
112
96
50
31
75
122
0
-103
-105
-133
-124
-80
-5
73
25
42
126
67
-57
-49
-21
-43
-108
-223
-249
-126
-61
-111
-92
-98
-12
144
93
46
87
171
255
225
55
-132
-206
-159
-150
-190
-159
-134
-129
-155
-134
-26
154
238
106
76
122
120
162
132
49
15
92
204
207
72
-75
-29
97
151
125
37
17
24
35
-8
-91
-137
-82
-40
-31
-48
-84
-3
13
-67
-67
5
24
74
140
152
216
149
55
52
-11
-121
-218
-322
-328
-246
-254
-238
-226
-230
-157
-20
77
151
134
136
199
164
124
119
158
217
280
200
12
-36
-30
-67
-91
-75
63
71
-90
-130
-138
-158
-139
-98
-159
-103
-31
-2
-6
49
170
187
175
140
158
141
49
-53
-22
51
71
-34
-140
-204
-226
-221
-279
-272
-178
-22
71
44
56
56
12
45
116
175
266
328
300
197
74
47
46
14
-48
-76
-75
-19
-36
-148
-198
-219
-149
-116
-76
-17
21
37
-27
-52
-39
55
175
199
157
127
98
14
-74
-98
-1
82
34
-66
-135
-155
-143
-160
-137
-137
-80
85
170
141
12
-19
36
78
95
56
59
98
61
11
-17
-33
-8
-20
-47
-27
-1
14
-5
-65
-124
-76
-21
-61
-85
-62
15
56
-2
-81
-37
83
88
14
2
77
104
99
48
-19
-16
49
81
38
-2
-58
-66
-26
-38
-64
-14
15
9
35
31
-1
-38
-25
13
7
-23
-7
31
25
3
-32
-15
37
33
13
-34
-70
-55
3
16
-39
-45
-12
46
81
31
-14
18
41
27
-17
-11
52
82
50
6
-9
-11
-15
-71
-134
-114
-54
-2
-20
-75
-43
43
62
24
22
42
102
82
12
1
6
-8
-19
33
38
18
30
58
61
-12
-68
-29
3
-29
-78
-81
-44
-40
-94
-100
-54
-32
53
68
-1
2
49
34
13
12
39
58
58
55
25
-12
-14
9
21
23
13
36
71
47
-27
-55
-17
60
52
-29
-75
-20
56
48
-28
-33
7
19
-8
-28
-14
12
-26
-55
-40
-7
27
-2
-19
-35
16
44
34
42
21
5
-5
24
60
2
-69
-23
40
23
-30
-91
-70
5
24
-13
-24
26
78
27
-56
-24
25
8
-44
-43
-4
36
57
33
14
2
-35
-39
-4
42
47
29
25
-12
-81
-137
-99
-36
-28
-25
-35
1
28
-14
-40
-20
-14
-12
-8
-2
11
-12
-8
37
34
37
53
69
77
29
-7
-3
19
27
39
10
13
31
14
-37
-41
47
92
88
24
10
36
32
-4
-57
-75
-40
0
-62
-115
-98
-44
-4
-52
-90
-47
8
7
-31
-59
-9
60
51
16
-24
3
73
77
51
28
22
54
69
29
-21
-43
-19
-20
-54
-58
-25
0
-22
-60
-63
-8
29
24
13
6
-9
5
39
78
75
30
45
73
56
4
-30
-11
26
2
-50
-76
-70
-61
-78
-86
-53
-29
-55
-85
-99
-57
12
12
-1
24
85
87
15
-7
8
10
-8
-28
1
29
6
-3
-35
-24
21
8
-8
-19
-3
18
-9
-16
-19
-31
-30
-38
-41
-23
-9
20
10
14
9
16
55
50
48
51
69
89
63
4
-47
-45
20
52
54
70
55
48
29
6
25
40
61
64
84
57
9
-2
0
10
12
27
10
-16
-52
-73
-57
-9
52
139
207
209
221
224
225
215
231
276
319
339
277
183
119
47
-2
-26
-44
-63
-113
-170
-244
-318
-376
-410
-430
-411
-413
-447
-437
-451
-461
-466
-428
-370
-324
-275
-243
-196
-148
-91
-33
40
113
217
268
254
231
241
278
293
277
217
220
212
192
117
-4
-60
-76
-83
-119
-167
-231
-279
-315
-345
-361
-341
-290
-234
-185
-155
-118
-49
23
66
94
136
193
277
309
284
260
293
349
346
324
323
356
368
330
319
327
359
397
342
288
293
293
277
227
193
178
142
119
89
90
109
69
6
-59
-63
100
330
585
717
579
384
293
364
608
780
791
706
561
400
244
143
55
-24
-53
-164
-347
-515
-724
-954
-1131
-1266
-1312
-1241
-1214
-1301
-1447
-1569
-1603
-1502
-1361
-1270
-1143
-1011
-908
-849
-747
-593
-390
-215
-113
-9
122
282
369
408
429
523
597
677
760
797
812
816
796
774
753
694
642
578
472
339
236
139
62
-63
-174
-247
-326
-369
-421
-472
-460
-448
-441
-421
-380
-314
-224
-128
-32
84
176
280
356
407
467
560
676
734
734
741
749
751
733
700
630
577
583
558
494
411
338
295
263
198
182
177
159
105
52
63
83
116
87
143
412
711
946
929
688
543
597
819
1080
1175
1066
896
674
467
335
298
245
120
-81
-378
-624
-830
-1133
-1419
-1587
-1685
-1721
-1783
-1945
-2128
-2248
-2303
-2233
-2075
-1925
-1815
-1729
-1662
-1559
-1337
-1069
-802
-563
-352
-164
12
189
381
577
705
790
863
957
1061
1137
1153
1201
1266
1274
1234
1059
893
790
694
621
553
443
289
107
-84
-280
-388
-395
-407
-429
-498
-588
-624
-613
-597
-538
-445
-338
-199
-68
38
89
144
243
386
554
700
789
823
828
839
891
949
991
985
920
832
743
692
616
545
460
378
349
279
228
181
156
136
111
63
42
16
45
261
546
837
855
610
389
448
711
1003
1168
1065
806
583
375
263
313
270
102
-138
-410
-667
-873
-1115
-1382
-1540
-1666
-1773
-1863
-1982
-2124
-2243
-2295
-2253
-2081
-1935
-1866
-1855
-1790
-1628
-1375
-1086
-847
-667
-517
-348
-118
175
434
659
764
827
907
989
1135
1278
1353
1401
1426
1410
1363
1246
1153
1081
1027
952
805
616
413
201
36
-105
-212
-298
-385
-491
-654
-757
-773
-751
-692
-672
-659
-647
-604
-516
-376
-243
-168
-95
-26
97
242
408
555
653
736
765
792
872
956
1015
1007
975
911
876
882
843
794
709
646
587
517
479
452
411
370
258
179
320
588
835
892
621
329
329
559
817
967
868
600
367
152
34
139
180
-45
-327
-627
-844
-968
-1124
-1342
-1501
-1644
-1838
-1973
-2044
-2089
-2146
-2176
-2152
-2037
-1933
-1903
-1831
-1681
-1439
-1152
-943
-749
-602
-515
-327
-39
265
560
749
806
840
906
1019
1208
1396
1458
1456
1445
1415
1402
1364
1238
1115
1061
996
893
723
519
331
168
11
-175
-274
-348
-487
-618
-748
-804
-798
-808
-824
-830
-805
-761
-685
-568
-454
-386
-302
-191
-38
110
198
301
434
570
664
710
781
840
865
928
970
984
961
920
904
853
845
799
747
711
629
560
481
394
342
341
555
789
871
787
474
309
432
700
901
894
661
337
131
26
73
178
79
-271
-611
-868
-1018
-1084
-1216
-1373
-1508
-1691
-1875
-1973
-2020
-2046
-2025
-1991
-1933
-1921
-1941
-1898
-1697
-1468
-1289
-1126
-1011
-856
-692
-509
-270
27
207
368
492
625
801
942
1137
1282
1359
1371
1422
1542
1655
1704
1678
1534
1413
1348
1292
1226
1095
929
692
513
303
130
43
-83
-269
-471
-624
-754
-831
-883
-888
-881
-891
-918
-926
-866
-749
-653
-532
-385
-302
-240
-196
-77
106
291
420
468
490
514
576
688
846
923
873
804
740
733
756
777
753
683
626
549
510
479
414
346
323
497
721
807
705
371
228
447
770
898
786
482
196
123
163
254
300
67
-377
-655
-778
-815
-883
-1072
-1289
-1496
-1716
-1837
-1832
-1825
-1862
-1970
-1974
-1925
-1900
-1893
-1842
-1660
-1494
-1369
-1258
-1152
-998
-821
-582
-266
-23
132
226
368
574
781
1005
1178
1299
1371
1401
1486
1669
1775
1755
1639
1508
1530
1562
1529
1347
1112
930
796
705
583
436
258
47
-157
-287
-379
-453
-580
-682
-765
-829
-871
-895
-858
-817
-775
-746
-706
-627
-568
-494
-334
-154
-53
-10
28
149
303
434
522
563
586
570
616
685
765
806
768
721
656
671
674
708
695
617
547
458
408
492
711
836
767
485
298
410
668
779
676
464
221
131
137
184
196
42
-274
-578
-681
-746
-876
-1060
-1238
-1405
-1576
-1722
-1788
-1800
-1835
-1928
-1983
-1921
-1896
-1914
-1854
-1693
-1473
-1319
-1239
-1148
-1013
-813
-563
-299
-48
98
189
309
497
711
881
1019
1099
1158
1216
1320
1462
1597
1623
1575
1469
1447
1515
1523
1427
1266
1140
1040
968
835
672
509
335
167
43
-46
-177
-334
-494
-604
-671
-750
-809
-837
-834
-820
-811
-812
-768
-704
-639
-525
-414
-305
-231
-154
-32
103
217
298
335
377
446
530
624
678
686
623
621
669
722
753
738
709
690
689
613
531
477
481
634
756
741
534
305
291
510
710
615
418
214
120
153
207
186
35
-248
-512
-595
-590
-652
-863
-1128
-1302
-1401
-1441
-1470
-1537
-1670
-1826
-1854
-1771
-1695
-1715
-1751
-1691
-1552
-1392
-1290
-1193
-1068
-896
-686
-443
-249
-136
-90
36
290
528
709
801
883
948
1027
1164
1323
1508
1502
1417
1355
1383
1476
1491
1424
1262
1146
1081
1041
972
827
661
490
376
266
143
25
-128
-288
-448
-558
-628
-666
-675
-695
-730
-766
-789
-791
-732
-629
-549
-497
-463
-423
-359
-230
-83
31
115
169
211
298
421
525
606
622
652
669
672
693
720
771
761
753
722
677
643
549
476
501
674
819
767
523
212
146
404
646
603
346
87
-61
-24
73
98
-9
-256
-511
-618
-599
-650
-825
-1067
-1179
-1229
-1302
-1438
-1548
-1623
-1667
-1638
-1611
-1637
-1710
-1746
-1644
-1381
-1172
-1142
-1129
-1074
-894
-674
-429
-248
-181
-89
32
290
513
659
698
758
926
1066
1210
1285
1354
1379
1386
1429
1429
1434
1363
1301
1253
1252
1192
1037
907
763
632
531
455
327
149
-26
-176
-250
-336
-453
-572
-641
-691
-734
-760
-795
-786
-804
-771
-699
-641
-596
-549
-453
-352
-228
-129
-91
-18
62
139
272
431
513
537
548
543
573
667
774
844
866
792
670
621
646
658
618
553
452
485
580
590
471
277
189
320
512
462
234
54
17
57
104
65
-65
-230
-381
-431
-423
-475
-679
-916
-1022
-1025
-1077
-1228
-1364
-1427
-1448
-1450
-1490
-1558
-1617
-1602
-1481
-1274
-1087
-1080
-1124
-1052
-837
-553
-342
-239
-171
-87
63
273
447
546
593
670
812
968
1063
1126
1191
1265
1303
1333
1319
1310
1288
1236
1192
1139
1088
957
851
739
654
552
437
336
180
44
-73
-159
-261
-387
-519
-616
-665
-705
-760
-813
-823
-811
-810
-787
-772
-726
-657
-563
-440
-342
-252
-182
-131
-11
143
284
358
405
471
523
596
692
730
796
819
777
783
776
798
856
876
788
602
448
397
582
738
641
369
77
30
256
453
348
152
-26
-92
-53
10
-26
-123
-258
-405
-426
-493
-646
-811
-922
-935
-977
-1142
-1316
-1389
-1402
-1402
-1394
-1438
-1527
-1556
-1509
-1336
-1113
-1051
-1112
-1073
-927
-738
-526
-393
-277
-169
-53
79
238
378
475
556
652
816
925
952
977
1090
1180
1230
1234
1163
1164
1183
1205
1158
1116
1025
932
886
811
757
648
545
415
276
139
3
-81
-183
-271
-369
-452
-545
-632
-679
-704
-675
-686
-725
-754
-749
-671
-556
-455
-390
-325
-261
-171
-52
37
152
244
313
363
420
500
588
696
746
757
758
765
786
801
811
799
747
639
522
445
444
583
627
479
222
24
41
214
321
164
-40
-122
-114
-41
-20
-59
-148
-276
-406
-493
-502
-544
-667
-813
-909
-1014
-1139
-1243
-1247
-1210
-1240
-1320
-1395
-1441
-1380
-1317
-1240
-1122
-1102
-1105
-1028
-835
-624
-483
-452
-406
-260
-71
89
201
302
345
414
508
645
765
803
833
945
1061
1081
1027
967
1050
1146
1207
1118
1027
960
884
889
851
811
698
526
379
287
256
161
25
-125
-228
-305
-384
-447
-481
-520
-581
-641
-686
-670
-616
-572
-493
-430
-427
-367
-297
-211
-86
48
168
250
275
291
369
476
592
680
721
749
731
717
726
759
749
747
701
612
513
426
361
359
473
488
307
77
-54
5
181
262
76
-133
-163
-109
-15
17
-41
-184
-298
-374
-372
-385
-468
-577
-712
-779
-864
-1001
-1100
-1105
-1067
-1081
-1162
-1262
-1324
-1306
-1231
-1120
-1014
-985
-1009
-980
-855
-689
-554
-473
-410
-300
-177
-76
31
136
216
306
395
477
567
616
677
789
913
938
878
860
941
1048
1081
995
892
853
855
839
778
687
586
506
420
338
251
151
20
-100
-134
-179
-264
-387
-467
-488
-494
-498
-516
-507
-475
-446
-422
-378
-318
-248
-174
-72
11
58
109
159
246
321
407
473
506
555
579
621
646
668
664
655
662
650
609
516
437
404
352
283
269
351
323
175
-9
-69
46
235
238
30
-59
-53
22
85
72
-27
-135
-222
-247
-259
-326
-455
-598
-680
-726
-778
-888
-970
-983
-1005
-1094
-1142
-1162
-1173
-1158
-1150
-1098
-1036
-995
-982
-936
-796
-664
-590
-553
-450
-330
-217
-110
-6
86
192
309
398
472
530
573
651
814
868
835
799
838
966
1012
975
839
837
905
898
825
700
627
530
444
358
295
213
109
8
-82
-129
-234
-328
-336
-297
-291
-396
-475
-537
-519
-429
-379
-334
-323
-320
-301
-219
-69
8
61
76
133
219
295
373
416
453
483
531
564
604
602
558
530
538
527
490
431
354
295
223
206
307
337
211
35
-40
93
292
291
116
33
106
209
245
166
74
12
-49
-78
-122
-156
-291
-397
-498
-578
-636
-783
-881
-869
-873
-976
-1101
-1201
-1220
-1186
-1139
-1115
-1093
-1073
-1078
-1009
-850
-717
-656
-594
-476
-311
-201
-129
-59
26
132
212
312
400
500
550
599
732
816
837
822
839
946
1004
987
905
875
900
887
814
711
656
606
528
413
325
225
127
39
-58
-131
-207
-285
-308
-317
-357
-454
-524
-511
-465
-407
-413
-424
-413
-354
-292
-217
-115
-59
-10
13
110
206
270
327
331
377
436
463
472
497
510
475
486
477
451
438
401
363
327
268
265
356
355
251
124
69
185
334
324
118
42
150
211
190
126
49
52
53
-17
-92
-189
-297
-413
-502
-537
-632
-797
-912
-927
-966
-1091
-1209
-1238
-1232
-1209
-1208
-1219
-1149
-1079
-1061
-1013
-904
-775
-687
-612
-471
-326
-237
-188
-96
25
160
258
311
395
498
579
639
752
808
830
825
889
1029
1089
1023
899
920
990
1017
935
795
724
660
578
492
438
359
224
80
-36
-54
-73
-153
-232
-306
-392
-474
-525
-497
-428
-395
-436
-475
-447
-351
-274
-205
-159
-120
-108
-81
23
110
200
224
220
229
278
342
399
445
480
436
401
386
419
427
399
376
325
277
307
426
410
292
181
156
304
459
375
168
132
242
326
288
162
97
94
76
-8
-104
-191
-265
-383
-488
-547
-674
-835
-916
-924
-986
-1107
-1258
-1305
-1292
-1260
-1296
-1302
-1224
-1189
-1129
-1074
-942
-791
-713
-642
-516
-357
-251
-199
-100
13
137
211
297
413
514
570
627
749
849
918
873
909
1013
1086
1057
991
1014
1042
1023
897
788
784
787
669
517
427
370
297
171
78
33
-63
-181
-255
-288
-316
-392
-473
-477
-462
-454
-489
-484
-417
-368
-335
-317
-248
-185
-152
-120
-41
62
124
153
165
219
275
328
366
398
419
398
384
415
482
493
475
409
349
325
379
509
534
433
275
200
321
490
499
300
188
250
332
334
241
160
150
134
23
-85
-157
-253
-338
-440
-542
-650
-837
-980
-1014
-982
-1070
-1229
-1354
-1390
-1344
-1336
-1306
-1234
-1154
-1126
-1119
-1040
-883
-751
-681
-603
-458
-355
-312
-248
-120
19
131
193
290
434
518
588
688
769
850
856
857
952
1059
1074
977
953
979
995
938
814
799
796
703
571
466
400
331
203
73
6
-50
-163
-280
-338
-353
-394
-466
-497
-470
-453
-470
-486
-419
-311
-270
-274
-279
-208
-97
-46
-36
12
88
108
141
195
259
292
321
376
415
426
438
455
519
553
520
434
381
435
497
597
571
439
325
285
372
539
564
355
206
279
402
421
311
207
179
194
110
-40
-147
-225
-304
-430
-565
-690
-819
-963
-992
-989
-1061
-1198
-1329
-1364
-1334
-1266
-1234
-1210
-1180
-1149
-1134
-1046
-861
-716
-664
-637
-521
-393
-285
-196
-103
34
145
238
283
392
499
558
659
739
824
832
805
869
935
1002
938
910
918
908
898
798
786
741
676
525
383
331
285
216
53
-59
-111
-179
-269
-336
-356
-409
-483
-515
-502
-452
-471
-514
-496
-418
-343
-339
-342
-290
-173
-93
-67
-45
11
103
162
215
289
319
342
393
447
475
476
492
548
588
588
547
449
415
444
513
589
541
415
304
291
442
585
504
307
256
389
478
441
317
209
192
135
13
-92
-159
-222
-345
-537
-667
-730
-851
-938
-973
-1014
-1145
-1258
-1339
-1323
-1237
-1209
-1204
-1210
-1140
-1086
-1005
-883
-743
-656
-630
-545
-417
-269
-155
-81
-8
103
237
312
399
493
578
663
747
840
891
900
903
981
1055
1040
995
980
972
924
813
692
666
653
543
375
256
199
125
-2
-124
-159
-220
-330
-410
-458
-470
-510
-571
-596
-558
-541
-590
-616
-540
-453
-409
-406
-355
-246
-147
-120
-102
-49
53
154
154
179
254
322
358
386
421
479
494
484
524
573
546
489
467
456
508
616
601
489
381
332
417
592
611
406
270
338
450
446
338
220
184
162
61
-63
-189
-267
-322
-480
-650
-741
-872
-987
-1017
-1036
-1086
-1202
-1300
-1322
-1249
-1180
-1176
-1171
-1126
-1051
-990
-908
-774
-627
-557
-512
-383
-232
-110
-34
28
130
271
393
460
516
598
668
773
822
898
945
937
995
1024
1029
966
942
955
958
904
757
672
629
585
464
314
241
173
87
-48
-142
-184
-240
-328
-417
-466
-482
-508
-555
-552
-528
-554
-573
-550
-457
-388
-417
-448
-391
-271
-183
-149
-132
-98
3
67
109
200
274
314
327
362
422
448
469
470
518
546
508
452
403
431
541
658
580
423
336
353
502
639
549
337
294
406
466
425
273
163
146
123
48
-120
-264
-351
-449
-598
-730
-822
-931
-1051
-1080
-1119
-1198
-1283
-1335
-1325
-1265
-1192
-1174
-1160
-1106
-1021
-937
-811
-665
-554
-519
-447
-309
-165
-48
26
114
240
378
442
477
553
661
774
843
859
896
942
980
995
1018
965
915
945
951
917
797
705
673
666
627
463
327
274
226
147
20
-61
-127
-201
-295
-370
-410
-427
-457
-506
-512
-515
-538
-574
-533
-437
-405
-420
-412
-352
-257
-197
-145
-105
-53
34
82
110
184
274
288
307
344
376
418
446
492
560
545
479
424
401
475
602
632
517
411
367
419
563
615
469
299
310
402
426
320
180
110
78
33
-111
-263
-353
-414
-535
-711
-844
-910
-987
-1049
-1088
-1158
-1268
-1343
-1334
-1275
-1203
-1186
-1203
-1156
-1060
-950
-845
-740
-627
-533
-499
-389
-215
-110
-21
18
113
240
341
376
388
493
595
713
724
726
794
860
950
957
937
869
870
954
979
933
777
701
726
743
683
505
390
328
307
233
108
28
-74
-174
-236
-256
-299
-374
-436
-499
-512
-536
-592
-584
-532
-458
-449
-474
-457
-371
-282
-247
-200
-158
-75
-16
23
114
187
247
270
293
348
442
477
482
521
554
555
550
519
529
573
689
708
581
479
440
504
662
679
474
325
364
475
465
319
157
78
57
-10
-153
-267
-351
-432
-586
-776
-844
-912
-1010
-1070
-1117
-1186
-1293
-1334
-1343
-1275
-1190
-1197
-1189
-1138
-1036
-936
-847
-741
-599
-530
-498
-382
-244
-125
-52
12
101
209
291
320
392
504
596
658
667
720
787
838
899
909
896
844
856
931
952
881
733
686
709
733
641
482
392
348
313
193
81
15
-63
-141
-227
-294
-350
-434
-487
-498
-507
-548
-605
-617
-585
-527
-531
-538
-502
-422
-339
-277
-210
-140
-95
-44
42
164
267
327
338
380
475
571
589
585
632
661
669
605
564
572
642
778
745
609
481
451
568
716
698
477
325
385
497
472
332
176
132
115
2
-140
-275
-354
-443
-614
-791
-867
-920
-1030
-1104
-1151
-1203
-1288
-1357
-1330
-1249
-1195
-1181
-1176
-1132
-1049
-950
-878
-773
-639
-554
-497
-386
-239
-132
-61
17
120
230
287
315
390
467
561
633
635
692
766
808
889
942
908
836
872
917
951
921
813
751
751
760
655
532
447
394
302
174
78
-3
-106
-201
-296
-374
-428
-483
-568
-623
-608
-655
-689
-695
-659
-616
-614
-610
-559
-471
-390
-328
-308
-238
-129
-52
24
123
217
264
311
381
485
565
586
596
633
670
666
638
617
612
656
741
746
635
516
485
571
709
705
492
337
393
511
502
364
204
134
135
63
-87
-228
-303
-401
-570
-716
-759
-833
-967
-1069
-1118
-1181
-1259
-1327
-1330
-1265
-1184
-1194
-1213
-1141
-1032
-933
-876
-771
-622
-547
-503
-421
-284
-143
-51
34
97
220
293
348
428
527
636
695
735
772
836
860
922
985
990
936
910
931
960
961
876
785
743
729
659
547
446
376
300
187
74
-27
-140
-204
-309
-402
-458
-527
-596
-643
-645
-690
-727
-751
-727
-668
-658
-664
-648
-577
-469
-404
-330
-262
-179
-78
-8
92
185
262
298
353
448
532
564
581
617
637
639
628
602
603
614
688
707
621
499
439
521
663
723
549
326
366
467
474
375
209
124
125
71
-55
-163
-278
-387
-518
-649
-716
-764
-913
-1013
-1038
-1067
-1129
-1219
-1239
-1207
-1135
-1125
-1130
-1086
-984
-900
-840
-729
-610
-527
-490
-396
-268
-156
-57
-14
65
190
299
338
374
485
605
707
701
686
723
779
863
921
974
927
864
876
895
929
883
795
729
699
676
578
466
389
329
210
95
25
-80
-160
-261
-360
-426
-486
-569
-637
-669
-670
-674
-701
-687
-644
-631
-632
-600
-501
-402
-341
-315
-247
-155
-64
52
120
166
246
305
344
434
508
541
553
600
601
602
601
586
579
594
676
719
619
503
460
505
646
687
525
312
341
442
419
315
155
60
48
3
-111
-245
-350
-443
-564
-682
-743
-813
-951
-1055
-1074
-1109
-1165
-1238
-1283
-1262
-1187
-1129
-1133
-1129
-1066
-994
-884
-773
-644
-578
-569
-455
-302
-151
-55
-9
67
191
312
375
411
519
635
735
756
761
831
872
940
999
1026
971
956
1004
1009
966
878
813
787
807
748
568
444
397
349
243
92
-15
-112
-169
-273
-390
-478
-539
-586
-646
-681
-692
-730
-744
-721
-696
-684
-685
-618
-532
-428
-360
-313
-236
-152
-45
57
144
220
267
300
365
464
565
583
599
595
609
665
658
650
647
596
615
701
677
572
499
447
508
611
556
336
259
340
372
338
200
84
61
53
-37
-144
-246
-356
-459
-578
-670
-738
-861
-1004
-1054
-1044
-1050
-1145
-1241
-1261
-1205
-1135
-1127
-1125
-1097
-1010
-925
-826
-720
-627
-561
-509
-358
-216
-148
-75
11
140
255
324
366
459
571
660
711
702
735
784
837
890
923
941
897
891
900
908
874
789
757
725
692
597
485
426
368
279
129
15
-63
-104
-197
-332
-427
-476
-519
-571
-620
-642
-651
-662
-650
-653
-636
-617
-580
-504
-399
-304
-281
-241
-149
-36
68
136
197
246
291
363
451
517
569
592
573
604
634
660
664
634
589
588
664
706
648
532
424
429
538
590
458
298
285
330
356
290
184
87
63
39
-37
-149
-294
-400
-491
-588
-671
-772
-938
-1012
-1003
-1020
-1119
-1234
-1273
-1212
-1109
-1078
-1113
-1120
-1061
-936
-837
-757
-669
-610
-535
-442
-301
-186
-104
-4
72
170
240
302
373
488
585
656
688
703
755
791
858
924
911
830
819
843
875
889
770
678
673
675
609
489
397
320
272
169
59
-34
-123
-199
-303
-388
-444
-512
-592
-643
-651
-660
-696
-715
-701
-666
-634
-609
-583
-494
-393
-332
-276
-200
-93
-1
87
148
207
277
327
393
473
545
576
581
587
630
667
681
640
582
556
594
684
673
563
427
389
474
583
556
364
261
291
346
381
276
125
70
61
33
-43
-132
-251
-343
-445
-536
-613
-737
-837
-858
-869
-944
-1074
-1165
-1154
-1061
-1007
-1045
-1078
-1030
-931
-847
-768
-671
-559
-503
-424
-337
-221
-97
-15
51
125
223
308
355
428
500
577
633
626
676
702
745
810
844
830
743
711
728
757
750
655
567
541
524
462
361
267
215
150
33
-51
-137
-194
-271
-374
-432
-481
-535
-583
-605
-622
-608
-625
-633
-604
-564
-529
-498
-443
-359
-282
-232
-193
-104
-4
77
124
170
248
305
360
413
476
519
534
549
592
620
613
574
520
522
559
630
613
510
425
390
440
546
529
361
202
207
290
323
258
110
23
33
17
-63
-151
-279
-350
-440
-532
-599
-698
-806
-856
-881
-927
-973
-1051
-1069
-1029
-964
-950
-967
-943
-883
-780
-684
-603
-501
-432
-373
-277
-137
-13
69
127
190
301
383
445
469
517
607
680
708
712
761
777
833
890
855
779
751
761
770
783
671
548
506
504
459
356
246
151
101
23
-67
-161
-258
-350
-424
-486
-502
-545
-611
-673
-684
-665
-680
-686
-673
-631
-561
-543
-489
-418
-353
-292
-229
-136
-48
42
104
160
242
311
352
409
469
532
559
563
582
594
586
563
542
517
529
562
579
508
425
359
351
445
495
402
228
171
229
283
253
140
29
-22
-16
-81
-161
-257
-371
-460
-554
-595
-649
-750
-860
-900
-921
-949
-988
-1032
-1037
-982
-957
-952
-931
-881
-804
-715
-611
-516
-442
-385
-298
-161
-22
47
99
168
290
400
451
482
523
604
684
713
725
736
733
796
859
863
800
735
724
758
784
706
580
520
530
524
424
287
194
138
82
10
-75
-177
-269
-345
-398
-435
-469
-544
-623
-627
-592
-596
-637
-647
-606
-544
-497
-461
-420
-354
-279
-193
-115
-58
-2
60
115
201
257
284
325
375
445
487
492
521
534
527
517
500
487
466
463
498
487
419
326
256
302
388
379
247
130
151
222
242
185
71
0
-24
-29
-83
-159
-241
-331
-419
-501
-543
-620
-741
-807
-830
-836
-911
-980
-1002
-980
-918
-918
-917
-896
-812
-710
-622
-513
-444
-392
-317
-205
-57
26
84
141
234
345
416
457
484
540
622
659
659
675
677
703
764
789
745
679
650
675
695
657
554
459
434
438
389
280
194
150
94
45
-23
-92
-183
-269
-312
-344
-366
-445
-525
-556
-520
-506
-528
-537
-525
-467
-417
-395
-371
-314
-227
-153
-103
-51
2
76
149
201
270
296
324
380
447
497
532
528
527
523
512
507
483
448
402
418
433
407
319
223
202
256
300
242
118
68
102
140
133
48
-32
-58
-76
-113
-173
-249
-323
-406
-477
-523
-586
-662
-754
-782
-785
-811
-855
-912
-916
-848
-817
-819
-780
-750
-683
-594
-505
-419
-346
-288
-210
-86
14
75
123
182
263
331
377
395
438
503
557
585
561
552
563
581
611
646
601
526
512
516
517
500
423
357
332
327
265
201
150
84
44
-1
-58
-131
-191
-249
-252
-249
-290
-352
-402
-402
-362
-354
-385
-392
-368
-312
-278
-258
-253
-187
-125
-97
-58
-22
49
101
155
201
263
310
336
376
403
427
448
448
428
424
421
415
405
347
301
276
298
307
252
159
108
126
166
169
108
30
23
38
47
23
-35
-81
-120
-124
-142
-183
-245
-298
-348
-374
-407
-485
-570
-611
-620
-614
-654
-709
-749
-707
-665
-647
-615
-608
-565
-492
-402
-322
-265
-245
-200
-115
-17
56
83
137
181
251
290
316
360
386
430
461
452
452
443
453
484
492
472
403
372
365
379
383
322
267
233
218
201
148
101
51
36
-12
-58
-96
-154
-187
-210
-248
-277
-324
-353
-329
-297
-295
-312
-312
-292
-221
-183
-171
-159
-126
-98
-57
9
56
109
133
154
204
270
322
340
357
386
410
420
413
408
401
387
369
353
309
257
220
178
177
160
131
76
24
16
39
63
30
-3
-25
-10
-6
-14
-47
-88
-90
-105
-121
-151
-188
-225
-239
-276
-325
-342
-382
-398
-413
-452
-485
-498
-511
-498
-484
-477
-462
-433
-375
-312
-269
-228
-190
-143
-93
-44
7
59
97
130
147
152
178
206
243
253
273
284
279
285
296
314
307
313
281
246
251
259
239
198
168
144
137
109
70
31
-7
-28
-40
-79
-137
-165
-189
-182
-188
-223
-243
-238
-217
-205
-205
-190
-172
-169
-135
-88
-57
-49
-26
7
43
97
127
144
158
168
195
231
270
288
297
300
310
320
322
317
289
273
247
231
203
177
149
118
108
93
70
40
-2
-17
-17
-39
-28
-61
-86
-89
-86
-82
-119
-119
-117
-135
-142
-159
-164
-172
-202
-232
-272
-283
-272
-273
-293
-329
-343
-344
-329
-323
-325
-324
-308
-269
-237
-201
-176
-164
-130
-77
-54
-20
8
42
89
120
138
156
179
192
193
214
231
236
235
237
257
249
245
240
223
207
190
183
162
156
145
116
91
71
62
36
15
-20
-44
-61
-83
-81
-111
-129
-157
-190
-198
-196
-204
-194
-189
-193
-181
-164
-128
-116
-84
-68
-37
-6
30
66
85
115
130
157
179
213
230
247
270
273
282
281
272
281
261
244
231
202
169
138
106
82
55
26
4
-31
-50
-43
-64
-82
-105
-117
-121
-117
-113
-128
-136
-140
-129
-117
-114
-118
-130
-133
-130
-154
-168
-182
-192
-191
-195
-206
-219
-213
-193
-171
-173
-177
-161
-131
-114
-90
-79
-71
-50
-29
-2
18
31
50
64
80
97
100
107
106
108
105
95
105
106
126
138
133
124
116
118
116
119
120
114
97
91
75
77
54
24
19
11
6
-16
-23
-27
-44
-55
-87
-97
-103
-105
-100
-101
-96
-93
-82
-84
-59
-29
-17
-19
-1
19
35
65
77
90
105
117
138
141
145
166
184
187
193
188
181
181
170
163
159
145
127
109
113
83
52
22
4
-12
-40
-72
-107
-124
-129
-134
-145
-151
-159
-150
-147
-137
-123
-120
-117
-126
-123
-114
-91
-99
-91
-83
-78
-49
-62
-63
-72
-63
-47
-42
-43
-37
-22
12
29
28
3
5
24
35
36
18
12
17
24
25
10
-7
-8
-5
-15
-17
-27
-32
-36
-30
-30
-33
-52
-47
-32
-30
-31
-40
-48
-49
-21
-24
-35
-44
-50
-46
-41
-27
-16
-27
-36
-24
-9
-4
-11
-40
-54
-41
-35
-42
-43
-49
-47
-38
-22
-19
-10
5
20
44
61
78
77
91
108
129
159
170
163
161
176
193
210
217
196
192
177
194
197
171
138
104
93
72
72
56
34
3
-18
-29
-40
-37
-52
-68
-74
-74
-70
-78
-87
-82
-73
-78
-96
-98
-89
-73
-70
-75
-78
-79
-72
-72
-71
-65
-63
-52
-43
-34
-27
-21
-9
-4
13
18
20
28
34
49
39
32
44
34
36
25
12
13
10
2
-9
-22
-24
-36
-40
-60
-61
-73
-81
-75
-77
-89
-103
-98
-92
-74
-67
-62
-74
-84
-77
-59
-43
-50
-54
-65
-65
-46
-38
-39
-52
-66
-59
-45
-48
-51
-53
-45
-28
-29
-4
4
12
28
50
64
66
70
88
103
119
133
126
121
130
146
163
169
155
147
149
131
130
141
114
103
85
61
58
51
37
20
1
-14
-28
-47
-42
-29
-21
-14
-23
-32
-27
-12
2
18
13
3
3
5
18
30
15
0
10
19
23
1
5
1
1
9
10
16
7
10
18
13
6
-3
-14
-8
6
2
-4
1
-1
4
0
-12
-14
-13
-25
-35
-36
-23
-21
-40
-40
-39
-39
-50
-65
-51
-46
-46
-46
-50
-50
-32
-27
-28
-39
-41
-30
-20
-7
-7
-11
-26
-27
-16
-27
-43
-71
-87
-81
-92
-87
-94
-95
-98
-94
-95
-85
-76
-75
-63
-57
-51
-55
-62
-43
-8
9
17
9
5
23
30
41
52
43
50
46
43
51
67
63
47
50
50
43
37
23
16
21
19
5
-13
-14
-4
4
5
4
11
17
35
58
71
73
70
70
80
83
78
71
61
58
49
59
61
48
46
46
40
38
37
41
52
57
46
42
43
48
54
48
38
32
33
39
31
22
20
35
29
19
2
-7
-8
-16
-6
-14
-9
-21
-25
-28
-18
-12
-28
-19
-29
-21
-7
-13
-8
-10
-5
3
1
3
-7
-22
-22
-31
-30
-31
-39
-44
-55
-64
-57
-65
-62
-67
-67
-65
-61
-70
-68
-75
-80
-65
-75
-73
-76
-61
-53
-50
-58
-65
-60
-52
-39
-40
-49
-62
-59
-60
-53
-49
-63
-65
-69
-59
-58
-51
-58
-55
-46
-39
-20
-33
-38
-27
-21
-24
-19
-24
-14
-6
18
41
52
46
45
57
71
93
81
93
102
99
114
114
105
98
98
95
98
101
96
102
112
109
96
92
94
87
85
74
67
62
59
57
51
59
63
39
27
25
27
26
18
-2
-20
-9
1
3
11
12
18
19
17
28
43
39
46
42
48
47
38
38
47
47
33
17
9
9
0
-11
-18
-39
-52
-47
-43
-42
-37
-42
-59
-57
-61
-52
-52
-58
-52
-50
-59
-57
-55
-53
-37
-46
-50
-55
-57
-46
-42
-57
-62
-68
-73
-83
-93
-91
-100
-101
-111
-104
-95
-83
-84
-92
-101
-102
-89
-84
-68
-57
-56
-57
-52
-36
-20
-12
-4
8
12
7
15
18
32
25
26
24
21
21
29
34
28
25
23
28
30
26
29
34
45
55
44
52
55
46
55
53
59
69
69
74
65
71
69
61
64
66
77
70
69
65
57
62
63
51
45
33
41
48
47
53
45
41
42
50
51
55
49
38
50
55
43
31
22
21
23
29
14
0
-9
0
6
-7
-8
-17
-22
-17
-17
-16
-18
-18
-12
-16
-20
-24
-26
-29
-42
-37
-48
-50
-49
-49
-45
-49
-53
-56
-56
-62
-71
-77
-86
-99
-97
-93
-92
-100
-103
-100
-103
-100
-96
-94
-83
-81
-74
-71
-64
-54
-39
-23
-18
-7
-7
3
-1
7
14
5
1
-14
-18
-12
-8
-8
0
7
2
2
6
11
15
14
20
19
21
35
45
51
48
43
45
43
41
39
41
45
52
40
44
34
35
30
31
45
33
45
39
45
34
28
42
38
48
45
37
44
51
48
51
54
70
65
69
71
62
63
69
74
62
52
55
54
53
46
37
34
31
33
26
21
15
12
12
9
17
17
2
-1
-6
-1
-8
-22
-32
-35
-28
-28
-31
-29
-36
-44
-45
-50
-54
-61
-62
-57
-60
-58
-58
-65
-73
-71
-65
-65
-58
-64
-51
-46
-38
-27
-30
-20
-17
-13
-7
-12
-11
-12
-22
-9
-13
-21
-28
-39
-46
-49
-30
-32
-39
-38
-44
-34
-33
-28
-33
-30
-23
-12
-11
-11
8
18
11
14
17
22
20
18
20
23
29
25
22
28
23
16
18
24
20
17
17
24
17
9
5
14
24
25
23
13
15
22
25
25
27
30
32
26
35
37
34
40
37
24
15
21
26
27
29
22
27
36
35
38
40
35
35
36
36
25
16
18
15
12
13
12
2
1
0
-19
-21
-20
-16
-18
-17
-21
-28
-28
-34
-37
-43
-36
-34
-31
-32
-38
-38
-36
-26
-36
-29
-33
-30
-28
-34
-25
-23
-26
-25
-18
-18
-8
-3
0
-5
-2
-17
-14
-5
-18
-15
-6
-5
-16
-20
-24
-21
-23
-30
-29
-30
-20
-1
-5
-3
-5
0
1
-2
10
4
4
11
13
11
16
12
14
12
7
2
3
18
13
18
10
4
13
19
14
18
14
15
24
22
22
9
10
13
9
9
16
17
22
21
15
11
5
11
5
21
22
25
20
11
19
29
30
33
29
24
26
29
27
25
21
9
10
9
3
5
3
-10
-13
-17
-21
-19
-25
-18
-9
-15
-9
-13
-16
-15
-11
-13
-29
-35
-19
-26
-25
-20
-15
-19
-20
-14
-10
-1
-3
-2
-10
-4
-11
-7
-6
-12
-11
-18
-13
-18
-8
-18
-26
-25
-30
-30
-26
-26
-18
-15
-19
-13
-20
-13
-15
-11
-12
-13
-6
-2
7
9
10
12
10
11
7
3
10
14
19
11
13
13
18
31
21
21
12
14
19
23
27
24
24
31
36
37
35
43
38
46
44
44
41
38
35
30
32
38
34
23
13
12
17
19
18
26
29
30
28
17
13
11
12
14
17
14
6
1
-2
-6
-5
-19
-14
-13
-20
-22
-30
-35
-36
-44
-39
-40
-41
-36
-33
-29
-33
-43
-37
-36
-34
-30
-34
-32
-39
-31
-22
-18
-18
-25
-23
-30
-34
-26
-24
-34
-27
-30
-22
-19
-28
-25
-31
-33
-37
-30
-34
-30
-22
-26
-25
-19
-23
-19
-13
-21
-12
-12
-11
-12
-8
-5
1
5
12
9
19
10
8
18
20
24
15
25
16
23
22
9
11
5
11
16
14
23
24
29
36
49
55
53
53
48
43
46
53
48
51
51
47
42
42
46
40
38
47
47
46
43
35
46
43
43
32
29
24
18
29
13
12
7
8
1
2
7
-5
-16
-22
-20
-17
-24
-25
-16
-8
-8
-17
-31
-32
-35
-43
-41
-46
-48
-55
-51
-39
-37
-43
-41
-46
-41
-38
-36
-25
-24
-26
-22
-24
-28
-23
-26
-22
-32
-35
-32
-35
-35
-38
-37
-35
-44
-44
-36
-34
-28
-27
-22
-29
-39
-34
-26
-19
-25
-17
-25
-17
-12
-11
-7
-2
5
0
1
1
7
11
1
10
5
9
14
8
23
16
18
25
21
20
16
14
22
27
27
29
34
36
39
45
55
57
57
54
51
47
43
44
43
47
51
51
57
57
52
