SAMPLES:	8946
BITSPERSAMPLE:	16
CHANNELS:	1
SAMPLERATE:	16000
NORMALIZED:	FALSE
-2
-14
-15
-20
-18
-16
-6
0
18
14
1
-7
-12
-7
-2
-1
0
-7
-5
-3
-4
-6
-12
-9
-3
0
3
3
9
17
17
5
12
12
18
22
13
17
18
16
17
12
9
6
-1
10
18
33
39
32
26
34
28
29
23
15
16
9
20
24
27
27
27
13
15
4
-3
6
10
9
7
0
0
-3
0
-5
-11
-5
-5
0
2
4
-8
-11
-17
-11
-6
-12
-10
-5
5
13
4
-12
-21
-23
-19
-27
-22
-29
-33
-27
-27
-28
-24
-16
-29
-34
-29
-23
-28
-36
-33
-33
-27
-35
-39
-44
-43
-35
-23
-12
-10
-12
-17
-17
-24
-21
-23
-21
-17
-16
-9
-8
-8
-10
-13
-20
-12
-4
-3
6
1
0
10
10
12
11
14
15
17
22
19
19
26
23
19
17
13
19
22
24
20
22
16
20
25
27
31
29
37
36
33
24
19
20
23
24
21
25
18
22
18
23
27
20
26
23
19
17
20
25
26
30
33
33
28
27
14
12
15
18
12
9
9
5
14
1
9
12
15
13
4
1
-1
0
-1
0
-9
-2
-4
2
17
9
6
5
3
-1
-6
-8
-15
-9
-8
-8
-2
-4
-3
1
3
0
-6
-6
-13
-20
-24
-33
-31
-34
-42
-37
-40
-45
-46
-50
-53
-60
-63
-65
-61
-51
-51
-59
-65
-70
-67
-60
-52
-47
-43
-41
-34
-38
-43
-32
-35
-35
-35
-37
-35
-24
-23
-18
-16
-12
-6
-2
6
-1
7
10
11
14
19
21
26
34
44
47
45
48
53
55
65
60
64
72
81
95
109
135
153
174
189
210
230
248
264
260
253
236
212
181
144
106
60
25
-16
-53
-92
-119
-134
-154
-171
-178
-174
-168
-180
-186
-194
-198
-197
-207
-206
-214
-194
-185
-175
-167
-151
-120
-101
-70
-41
-7
15
37
57
60
70
64
52
38
17
-2
-24
-25
-20
-14
-5
-3
0
11
22
16
11
-7
-19
-29
-50
-65
-76
-90
-93
-79
-72
-60
-44
-22
-13
4
5
6
16
8
9
6
0
1
-4
-8
-9
-14
-26
-31
-43
-40
-33
-23
-21
-23
-8
3
11
25
38
53
63
89
98
114
124
143
179
204
252
301
379
461
537
588
645
711
762
777
762
731
676
600
482
353
214
73
-75
-232
-384
-504
-609
-699
-770
-809
-818
-810
-798
-796
-774
-740
-702
-669
-637
-598
-540
-474
-409
-326
-235
-129
-32
68
170
274
366
428
464
472
469
445
392
317
224
106
-10
-126
-229
-303
-371
-419
-431
-420
-397
-344
-283
-201
-113
-32
54
133
216
282
355
429
498
548
575
593
609
597
563
491
400
289
163
25
-128
-262
-386
-504
-598
-656
-678
-666
-630
-572
-511
-438
-354
-275
-189
-105
-17
65
140
208
275
353
425
476
523
566
600
622
621
604
579
548
499
431
355
283
230
178
136
117
160
272
409
543
648
766
895
999
1043
1012
936
806
624
350
41
-242
-513
-796
-1097
-1361
-1542
-1645
-1687
-1713
-1683
-1585
-1453
-1300
-1172
-1025
-866
-713
-587
-484
-384
-276
-139
-18
104
237
396
559
677
804
922
996
1013
967
874
744
587
405
171
-79
-325
-546
-713
-854
-943
-978
-965
-881
-781
-659
-492
-289
-79
102
247
397
567
721
841
915
978
1026
1052
1028
969
899
801
676
498
284
76
-127
-333
-553
-752
-903
-1016
-1083
-1111
-1086
-999
-878
-737
-574
-388
-178
21
230
407
557
695
820
928
986
1036
1058
1074
1052
1003
942
860
769
642
494
340
171
11
-125
-244
-329
-394
-397
-286
-108
111
297
468
674
869
1018
1063
1019
938
801
568
250
-100
-413
-692
-1006
-1336
-1607
-1773
-1841
-1864
-1855
-1793
-1654
-1489
-1334
-1180
-1004
-808
-622
-470
-354
-222
-74
83
231
386
558
725
886
1012
1128
1221
1263
1224
1115
958
741
517
255
-33
-324
-609
-828
-1007
-1130
-1195
-1195
-1132
-1032
-895
-724
-518
-278
-51
146
305
484
701
894
1016
1081
1154
1198
1198
1126
1022
902
753
558
291
24
-213
-432
-671
-903
-1073
-1158
-1184
-1182
-1126
-1011
-842
-648
-461
-256
-22
228
461
638
766
886
997
1090
1131
1127
1121
1099
1038
951
849
746
633
489
312
122
-23
-166
-290
-388
-466
-486
-421
-230
15
244
428
614
823
1023
1139
1125
1067
968
784
485
114
-239
-543
-840
-1185
-1495
-1700
-1789
-1794
-1784
-1736
-1638
-1493
-1322
-1158
-1013
-837
-634
-483
-378
-272
-135
40
200
356
521
720
898
1027
1147
1239
1293
1273
1167
977
735
452
159
-147
-453
-763
-1052
-1238
-1339
-1391
-1371
-1279
-1119
-942
-738
-521
-254
21
247
441
623
802
975
1107
1162
1198
1208
1212
1143
995
837
669
466
210
-83
-347
-568
-786
-1005
-1188
-1291
-1328
-1300
-1236
-1126
-946
-716
-474
-218
30
280
545
762
912
1032
1126
1202
1229
1222
1179
1131
1069
958
836
702
571
416
246
55
-108
-257
-361
-466
-539
-575
-557
-407
-147
137
387
579
815
1075
1278
1363
1292
1200
1051
822
430
-10
-377
-698
-1034
-1416
-1716
-1889
-1918
-1915
-1915
-1853
-1697
-1498
-1306
-1119
-929
-705
-480
-314
-170
-39
128
327
513
685
863
1046
1215
1350
1424
1461
1458
1378
1200
951
661
336
4
-359
-715
-1044
-1301
-1442
-1519
-1536
-1492
-1339
-1105
-855
-613
-346
-32
252
481
635
812
996
1126
1147
1104
1087
1064
973
799
588
402
225
-16
-296
-545
-737
-950
-1145
-1315
-1425
-1451
-1402
-1310
-1191
-1019
-770
-487
-221
61
337
623
868
1054
1199
1301
1405
1450
1414
1341
1261
1163
1015
849
663
500
328
139
-44
-225
-387
-499
-566
-609
-622
-589
-423
-122
217
493
685
898
1171
1413
1495
1423
1315
1186
983
607
143
-261
-583
-922
-1338
-1703
-1907
-1972
-1968
-1991
-1941
-1796
-1586
-1392
-1202
-991
-737
-475
-265
-103
53
260
470
671
824
966
1141
1294
1418
1506
1531
1513
1406
1224
982
683
321
-37
-401
-757
-1110
-1432
-1620
-1720
-1742
-1698
-1578
-1331
-1031
-744
-429
-67
288
570
785
964
1158
1314
1351
1290
1195
1129
1012
801
540
297
90
-151
-441
-710
-912
-1072
-1213
-1356
-1428
-1424
-1362
-1237
-1120
-920
-692
-406
-109
141
431
706
950
1130
1248
1355
1438
1485
1446
1359
1267
1152
1003
815
627
422
247
31
-172
-339
-504
-607
-681
-689
-689
-617
-412
-103
258
560
785
1007
1276
1504
1589
1476
1312
1146
891
478
-32
-471
-809
-1157
-1588
-1960
-2140
-2166
-2149
-2132
-2059
-1878
-1621
-1374
-1155
-953
-721
-441
-212
-31
132
334
576
791
986
1168
1341
1495
1600
1676
1705
1644
1501
1278
997
660
270
-131
-513
-894
-1250
-1544
-1730
-1792
-1782
-1713
-1558
-1276
-938
-586
-245
110
472
777
1008
1212
1395
1542
1580
1531
1419
1278
1120
921
630
300
6
-302
-608
-935
-1198
-1390
-1545
-1676
-1761
-1742
-1626
-1428
-1193
-938
-635
-278
54
366
660
940
1178
1360
1478
1502
1535
1536
1475
1363
1178
1023
899
735
518
299
105
-91
-286
-488
-663
-784
-858
-887
-881
-806
-611
-286
111
472
730
986
1308
1602
1758
1685
1512
1359
1132
725
210
-271
-670
-1049
-1504
-1942
-2228
-2323
-2327
-2315
-2269
-2095
-1838
-1543
-1301
-1066
-792
-518
-219
-8
184
405
665
925
1118
1285
1461
1626
1733
1776
1776
1732
1579
1357
1058
709
313
-119
-531
-929
-1283
-1572
-1764
-1836
-1812
-1733
-1573
-1290
-942
-582
-231
134
498
798
1026
1203
1376
1506
1554
1472
1372
1277
1135
952
660
360
111
-178
-489
-805
-1069
-1288
-1483
-1655
-1781
-1796
-1707
-1540
-1335
-1090
-798
-447
-50
324
655
957
1241
1455
1571
1618
1612
1583
1497
1355
1183
992
803
607
384
163
-45
-199
-353
-508
-657
-778
-842
-876
-856
-799
-652
-394
-9
388
720
984
1249
1574
1840
1926
1802
1622
1434
1143
699
142
-370
-795
-1221
-1686
-2121
-2373
-2464
-2479
-2457
-2385
-2205
-1941
-1662
-1362
-1081
-762
-427
-105
144
404
662
928
1180
1364
1525
1660
1764
1829
1828
1737
1604
1375
1112
760
363
-36
-440
-823
-1180
-1489
-1711
-1818
-1829
-1784
-1672
-1463
-1149
-760
-399
-39
302
643
925
1120
1289
1465
1594
1594
1517
1409
1295
1135
910
616
304
2
-310
-645
-979
-1250
-1487
-1685
-1846
-1943
-1910
-1757
-1536
-1270
-961
-602
-197
216
593
913
1201
1432
1596
1636
1631
1577
1509
1373
1157
940
721
546
344
157
-43
-201
-319
-447
-572
-685
-734
-779
-800
-807
-750
-583
-320
43
439
784
1069
1368
1685
1951
2064
1974
1806
1611
1312
853
306
-224
-694
-1175
-1718
-2181
-2480
-2614
-2642
-2636
-2577
-2384
-2096
-1776
-1437
-1103
-745
-365
-13
277
522
793
1073
1295
1466
1595
1691
1765
1803
1770
1665
1500
1276
994
648
260
-142
-538
-920
-1256
-1562
-1790
-1896
-1904
-1843
-1713
-1493
-1153
-769
-413
-62
311
669
980
1178
1330
1514
1653
1694
1612
1498
1400
1243
995
674
344
49
-281
-639
-1000
-1325
-1559
-1725
-1867
-1950
-1900
-1737
-1482
-1197
-885
-504
-99
310
690
1008
1299
1522
1658
1701
1624
1543
1414
1227
1005
757
560
377
197
25
-132
-262
-358
-461
-560
-650
-710
-743
-766
-772
-730
-620
-397
-75
295
626
910
1208
1539
1847
2002
1972
1851
1697
1419
1014
481
-35
-519
-1011
-1546
-2053
-2380
-2566
-2636
-2661
-2619
-2440
-2144
-1807
-1427
-1052
-661
-268
79
387
657
914
1150
1370
1500
1600
1676
1720
1743
1696
1611
1456
1236
966
627
271
-90
-462
-814
-1157
-1458
-1684
-1816
-1842
-1787
-1667
-1460
-1142
-797
-458
-109
272
649
950
1135
1295
1481
1626
1660
1566
1446
1311
1166
948
631
329
24
-293
-638
-997
-1300
-1537
-1696
-1820
-1897
-1879
-1728
-1499
-1207
-890
-536
-123
270
645
935
1205
1425
1544
1569
1511
1426
1318
1157
948
735
523
341
155
4
-133
-254
-364
-465
-556
-626
-698
-739
-773
-802
-758
-657
-464
-178
177
559
876
1157
1476
1786
2026
2078
1962
1797
1551
1191
692
135
-379
-893
-1427
-1955
-2350
-2578
-2663
-2675
-2627
-2457
-2183
-1848
-1464
-1050
-670
-306
56
368
633
865
1087
1294
1449
1533
1593
1649
1704
1708
1648
1514
1332
1086
790
465
116
-260
-650
-1015
-1339
-1614
-1791
-1886
-1870
-1762
-1598
-1325
-977
-584
-210
168
557
900
1140
1304
1478
1608
1617
1526
1387
1256
1099
862
575
293
9
-281
-579
-868
-1110
-1329
-1511
-1627
-1688
-1683
-1590
-1428
-1202
-938
-649
-311
74
425
736
993
1223
1379
1450
1450
1399
1306
1183
1003
772
558
349
173
13
-129
-276
-411
-495
-556
-620
-669
-692
-693
-696
-684
-640
-531
-357
-105
235
608
959
1218
1472
1760
2009
2105
1998
1780
1513
1186
704
114
-467
-983
-1455
-1960
-2369
-2613
-2697
-2659
-2572
-2423
-2145
-1757
-1335
-925
-541
-177
202
539
806
1012
1194
1366
1481
1531
1542
1565
1588
1566
1495
1360
1188
953
673
368
33
-322
-688
-1041
-1342
-1593
-1799
-1892
-1884
-1789
-1595
-1334
-977
-572
-160
214
591
957
1252
1474
1621
1717
1720
1644
1508
1312
1106
857
568
247
-65
-356
-644
-902
-1160
-1364
-1497
-1561
-1589
-1575
-1472
-1285
-1042
-790
-510
-191
152
463
706
917
1093
1220
1287
1270
1210
1125
988
826
654
485
291
126
-10
-147
-278
-375
-456
-500
-571
-637
-676
-692
-707
-719
-674
-558
-373
-160
141
534
939
1254
1515
1799
2062
2187
2132
1919
1665
1332
859
294
-302
-835
-1348
-1836
-2258
-2563
-2679
-2660
-2546
-2367
-2116
-1753
-1344
-936
-541
-184
161
481
713
892
1041
1183
1318
1369
1378
1393
1410
1422
1380
1278
1162
976
726
419
101
-248
-625
-987
-1317
-1577
-1828
-1965
-1966
-1862
-1679
-1438
-1098
-707
-278
125
525
899
1186
1384
1516
1635
1687
1623
1483
1308
1114
895
631
328
55
-192
-458
-741
-1015
-1202
-1337
-1447
-1516
-1533
-1467
-1321
-1114
-889
-633
-338
-38
267
514
736
962
1125
1215
1216
1207
1155
1068
965
789
621
453
298
155
12
-104
-204
-304
-391
-462
-527
-571
-607
-625
-658
-636
-556
-407
-172
106
478
851
1165
1429
1689
1948
2109
2068
1863
1576
1252
861
312
-301
-852
-1315
-1756
-2183
-2470
-2595
-2551
-2435
-2263
-2022
-1720
-1328
-935
-561
-260
24
309
555
731
854
991
1123
1217
1265
1321
1369
1419
1432
1373
1245
1061
825
541
225
-166
-566
-952
-1318
-1619
-1861
-1992
-1990
-1891
-1705
-1438
-1099
-673
-233
168
560
906
1202
1386
1493
1554
1552
1484
1311
1106
898
687
458
205
-22
-222
-436
-628
-809
-959
-1065
-1154
-1227
-1272
-1263
-1156
-1003
-850
-660
-429
-141
133
386
635
861
1052
1190
1264
1285
1277
1217
1092
920
751
560
375
210
56
-100
-235
-366
-453
-512
-579
-631
-657
-667
-670
-649
-583
-480
-352
-150
142
526
931
1216
1464
1710
1939
2066
2002
1780
1507
1226
812
287
-322
-846
-1281
-1715
-2132
-2430
-2574
-2564
-2458
-2315
-2082
-1770
-1378
-987
-630
-322
-6
299
566
747
912
1076
1210
1319
1392
1449
1493
1506
1473
1378
1236
1059
786
475
127
-248
-634
-1002
-1331
-1605
-1816
-1939
-1918
-1794
-1583
-1318
-973
-563
-170
221
574
923
1207
1400
1506
1550
1573
1507
1367
1184
1006
814
591
319
76
-134
-347
-574
-783
-966
-1133
-1252
-1349
-1399
-1408
-1347
-1220
-1078
-885
-634
-360
-84
195
467
731
958
1137
1253
1296
1299
1221
1097
927
766
589
370
170
-26
-172
-315
-437
-532
-598
-647
-680
-712
-714
-700
-645
-582
-513
-404
-241
1
336
707
1033
1298
1549
1795
1986
2077
2007
1830
1570
1255
821
292
-257
-766
-1216
-1669
-2094
-2383
-2500
-2493
-2416
-2284
-2054
-1733
-1361
-972
-606
-245
87
383
630
859
1052
1202
1366
1453
1510
1542
1544
1547
1491
1372
1149
905
630
297
-65
-437
-791
-1143
-1453
-1705
-1882
-1939
-1884
-1769
-1550
-1267
-935
-568
-174
220
568
892
1145
1336
1471
1530
1536
1481
1376
1215
1010
786
548
312
67
-189
-441
-667
-889
-1068
-1214
-1339
-1431
-1480
-1467
-1416
-1289
-1111
-876
-627
-342
-37
282
602
865
1079
1246
1367
1410
1367
1272
1145
966
749
515
287
69
-122
-294
-450
-567
-634
-698
-726
-721
-718
-686
-661
-628
-569
-495
-373
-212
17
319
668
1025
1323
1584
1856
2107
2267
2242
2074
1835
1530
1136
591
2
-541
-1059
-1552
-2029
-2395
-2582
-2667
-2636
-2527
-2309
-1983
-1592
-1197
-812
-433
-59
313
641
901
1092
1279
1416
1541
1608
1626
1640
1602
1523
1369
1174
938
674
347
-11
-390
-762
-1096
-1412
-1648
-1823
-1911
-1907
-1823
-1653
-1425
-1121
-756
-391
-29
342
663
979
1242
1455
1607
1683
1710
1634
1542
1401
1209
950
631
330
28
-302
-624
-929
-1207
-1445
-1621
-1746
-1790
-1760
-1662
-1497
-1266
-964
-630
-280
69
425
740
1002
1228
1397
1480
1493
1422
1301
1136
929
731
505
284
66
-156
-329
-470
-605
-712
-783
-831
-863
-889
-883
-874
-835
-759
-645
-505
-277
6
380
790
1220
1582
1879
2180
2406
2578
2557
2378
2099
1741
1299
694
38
-571
-1143
-1686
-2194
-2588
-2807
-2868
-2856
-2754
-2538
-2206
-1816
-1396
-974
-567
-160
211
541
831
1100
1311
1510
1643
1743
1790
1806
1807
1722
1546
1295
1005
672
309
-90
-529
-943
-1328
-1636
-1890
-2102
-2228
-2244
-2126
-1918
-1656
-1324
-910
-477
-52
331
710
1080
1364
1554
1717
1851
1924
1904
1807
1669
1503
1292
1002
692
333
-25
-395
-779
-1123
-1438
-1715
-1899
-2028
-2069
-1992
-1815
-1515
-1176
-803
-389
70
514
890
1211
1451
1630
1713
1689
1594
1440
1245
1001
729
456
205
-31
-250
-451
-616
-732
-827
-892
-947
-960
-967
-981
-932
-870
-798
-718
-594
-386
-145
141
507
944
1415
1800
2091
2370
2614
2755
2720
2471
2133
1728
1225
592
-113
-770
-1361
-1897
-2420
-2804
-3023
-3086
-3013
-2858
-2594
-2243
-1812
-1334
-872
-394
33
453
832
1141
1401
1591
1772
1891
1921
1905
1856
1762
1622
1380
1089
760
389
18
-390
-795
-1183
-1506
-1756
-1963
-2120
-2189
-2134
-1981
-1772
-1521
-1186
-783
-370
13
364
704
1050
1343
1548
1703
1838
1920
1938
1889
1774
1633
1415
1126
780
394
-18
-455
-892
-1318
-1698
-2004
-2183
-2265
-2244
-2120
-1873
-1502
-1079
-613
-141
331
782
1134
1408
1589
1690
1701
1612
1450
1222
996
749
505
274
33
-156
-322
-426
-522
-605
-671
-724
-773
-812
-849
-867
-876
-838
-799
-740
-632
-463
-193
112
452
864
1357
1832
2207
2473
2678
2840
2888
2724
2348
1914
1427
859
163
-597
-1238
-1779
-2238
-2667
-2985
-3106
-3044
-2859
-2608
-2286
-1877
-1420
-927
-449
-18
388
758
1056
1286
1450
1568
1667
1704
1676
1561
1436
1319
1164
938
676
393
93
-211
-536
-860
-1190
-1453
-1688
-1886
-2047
-2122
-2084
-1956
-1786
-1574
-1274
-883
-461
-71
308
684
1052
1374
1597
1768
1925
2049
2071
1970
1835
1646
1403
1096
677
245
-185
-618
-1042
-1428
-1758
-1984
-2115
-2140
-2053
-1886
-1589
-1221
-829
-410
-4
398
738
1019
1198
1294
1362
1347
1273
1143
997
848
688
513
371
233
120
31
-71
-185
-303
-381
-484
-585
-686
-781
-843
-880
-898
-874
-810
-673
-502
-317
-93
191
548
942
1352
1763
2127
2370
2530
2630
2665
2557
2239
1813
1335
823
209
-456
-1078
-1609
-2056
-2441
-2731
-2854
-2818
-2679
-2442
-2153
-1794
-1368
-899
-484
-121
239
539
785
967
1077
1156
1224
1249
1237
1210
1196
1160
1103
982
857
698
487
239
-68
-386
-726
-1090
-1439
-1739
-1993
-2190
-2302
-2307
-2202
-1995
-1712
-1324
-846
-374
88
557
1003
1416
1727
1928
2060
2124
2111
2021
1857
1673
1439
1128
804
452
128
-220
-579
-900
-1200
-1433
-1650
-1783
-1851
-1810
-1709
-1543
-1311
-1056
-743
-397
-61
236
520
758
964
1126
1238
1284
1279
1251
1192
1096
960
802
644
478
288
80
-153
-353
-528
-697
-861
-995
-1086
-1113
-1106
-1075
-992
-859
-685
-521
-288
-8
309
674
1046
1471
1908
2319
2622
2809
2944
2996
2929
2653
2215
1714
1167
535
-188
-900
-1530
-2015
-2438
-2796
-2987
-3019
-2865
-2626
-2352
-2029
-1641
-1216
-803
-464
-148
166
418
657
809
967
1129
1279
1412
1492
1539
1571
1572
1506
1347
1104
768
369
-79
-596
-1105
-1602
-2039
-2441
-2738
-2938
-2976
-2849
-2612
-2274
-1832
-1274
-677
-80
483
1000
1476
1848
2121
2284
2375
2378
2286
2168
2006
1820
1589
1309
1010
713
384
23
-359
-736
-1114
-1475
-1828
-2121
-2305
-2401
-2400
-2300
-2073
-1750
-1339
-871
-377
129
592
1034
1406
1706
1909
2034
2060
2004
1860
1652
1392
1093
760
438
105
-210
-524
-814
-1059
-1266
-1418
-1561
-1629
-1638
-1562
-1433
-1263
-1046
-805
-510
-183
162
552
961
1378
1799
2247
2698
3081
3312
3388
3364
3252
3011
2591
1978
1325
640
-80
-817
-1554
-2137
-2596
-2948
-3229
-3365
-3277
-3065
-2770
-2460
-2074
-1626
-1189
-759
-343
59
423
756
1049
1296
1500
1699
1850
1957
1982
1940
1825
1628
1359
991
535
14
-543
-1121
-1670
-2180
-2598
-2915
-3133
-3224
-3162
-2946
-2585
-2112
-1577
-1014
-416
214
803
1352
1801
2164
2420
2545
2597
2596
2537
2377
2133
1860
1600
1333
1004
642
276
-108
-507
-943
-1360
-1727
-2042
-2315
-2537
-2638
-2625
-2460
-2179
-1813
-1360
-854
-283
323
881
1374
1789
2121
2346
2426
2394
2268
2060
1742
1358
948
530
112
-331
-723
-1051
-1336
-1559
-1753
-1868
-1880
-1830
-1734
-1583
-1378
-1092
-751
-393
-32
325
692
1055
1414
1748
2054
2320
2523
2712
2890
3016
3028
2903
2681
2410
2083
1639
1048
424
-159
-742
-1357
-1947
-2412
-2731
-2944
-3115
-3164
-3048
-2794
-2456
-2075
-1654
-1189
-687
-210
247
646
995
1296
1538
1710
1785
1809
1776
1677
1490
1225
908
561
172
-246
-689
-1123
-1542
-1942
-2258
-2504
-2661
-2713
-2670
-2513
-2281
-1969
-1559
-1091
-612
-134
321
769
1182
1528
1783
1990
2147
2241
2247
2162
2029
1861
1658
1401
1115
787
453
165
-129
-444
-766
-1083
-1351
-1564
-1764
-1916
-1969
-1911
-1785
-1598
-1312
-957
-518
-40
439
873
1290
1659
1933
2089
2125
2052
1900
1649
1299
913
502
100
-294
-659
-970
-1223
-1402
-1523
-1571
-1546
-1469
-1343
-1178
-984
-754
-517
-251
10
265
515
759
980
1181
1371
1518
1658
1767
1864
1937
1972
1994
2041
2087
2063
1939
1725
1469
1180
821
401
-101
-576
-1033
-1469
-1894
-2272
-2515
-2595
-2604
-2564
-2418
-2157
-1778
-1381
-990
-618
-222
148
430
641
787
899
954
939
838
740
621
489
318
119
-66
-250
-421
-609
-811
-1013
-1196
-1385
-1539
-1672
-1747
-1751
-1706
-1603
-1436
-1234
-965
-635
-301
52
379
717
1020
1266
1453
1601
1709
1756
1728
1641
1562
1446
1311
1104
862
632
418
198
-49
-299
-504
-667
-810
-930
-1006
-995
-923
-836
-720
-565
-384
-172
52
237
401
534
636
710
735
723
696
649
571
473
370
276
167
49
-79
-180
-286
-423
-547
-667
-758
-840
-892
-889
-847
-745
-606
-429
-226
-1
272
550
801
1009
1209
1362
1486
1524
1519
1495
1441
1381
1287
1199
1133
1144
1203
1235
1170
1031
887
741
553
255
-131
-513
-881
-1246
-1636
-1984
-2166
-2216
-2211
-2190
-2080
-1812
-1458
-1092
-785
-494
-200
64
266
339
389
414
401
355
252
142
94
57
4
-92
-184
-252
-359
-506
-680
-857
-1033
-1212
-1381
-1486
-1558
-1531
-1435
-1294
-1085
-836
-516
-174
150
449
713
961
1166
1297
1385
1418
1436
1413
1350
1278
1208
1153
1078
985
856
717
565
413
238
53
-137
-309
-454
-583
-661
-720
-737
-715
-663
-597
-496
-371
-223
-67
64
196
340
462
568
644
690
726
705
661
572
461
345
207
29
-143
-318
-437
-532
-616
-644
-653
-614
-533
-410
-256
-112
49
225
378
510
623
735
844
920
959
984
994
1017
1027
1026
999
969
953
919
856
824
817
810
749
592
383
204
29
-190
-460
-736
-952
-1137
-1312
-1470
-1543
-1517
-1440
-1366
-1298
-1195
-1049
-902
-782
-679
-592
-525
-466
-414
-390
-356
-306
-260
-219
-213
-192
-156
-150
-170
-232
-311
-414
-556
-683
-832
-920
-983
-1050
-1065
-1010
-898
-743
-565
-366
-155
80
306
510
681
813
920
990
1047
1046
1060
1086
1105
1103
1053
1008
980
943
878
798
699
579
427
247
93
-42
-140
-233
-321
-360
-390
-382
-361
-328
-286
-247
-215
-179
-126
-66
-1
68
141
214
302
382
446
483
481
442
363
270
177
78
-29
-131
-207
-251
-281
-280
-263
-225
-168
-66
19
89
183
245
303
345
376
414
450
488
494
499
496
478
479
457
426
380
342
326
330
329
340
390
485
607
715
740
712
660
594
464
234
-20
-284
-547
-812
-1082
-1299
-1442
-1516
-1574
-1624
-1626
-1546
-1425
-1333
-1250
-1157
-1060
-963
-868
-774
-653
-519
-430
-356
-286
-196
-92
-30
7
3
-1
-16
-68
-124
-168
-221
-253
-270
-262
-252
-199
-109
-39
31
80
126
167
204
229
245
267
313
388
453
535
656
797
924
1009
1086
1135
1183
1149
1055
940
810
687
515
367
204
86
-22
-95
-138
-147
-144
-172
-205
-216
-193
-195
-176
-156
-119
-70
-23
17
78
143
204
256
279
288
301
327
326
327
311
286
255
214
189
147
95
25
-64
-159
-240
-315
-381
-430
-456
-441
-404
-348
-269
-152
-44
54
145
228
318
392
439
480
497
506
518
540
575
622
650
677
691
685
693
685
656
550
366
126
-110
-351
-597
-864
-1096
-1272
-1429
-1552
-1592
-1568
-1500
-1418
-1363
-1275
-1181
-1073
-967
-897
-809
-720
-617
-509
-394
-240
-81
81
208
305
369
432
458
433
353
244
133
-8
-138
-266
-343
-417
-464
-497
-504
-466
-391
-285
-193
-72
57
200
345
479
598
719
799
882
947
992
1017
1025
1018
995
946
879
846
774
692
586
476
379
233
123
9
-60
-111
-156
-184
-166
-133
-92
-48
-20
22
57
81
113
157
184
228
268
287
305
327
328
308
269
186
101
-3
-119
-228
-359
-459
-548
-643
-717
-739
-729
-723
-697
-640
-544
-420
-304
-189
-45
97
233
346
434
519
578
601
580
529
472
407
332
254
134
22
-64
-125
-169
-205
-234
-237
-237
-238
-226
-166
-74
14
67
69
63
72
99
89
36
-16
-46
-85
-139
-175
-188
-174
-190
-251
-350
-453
-559
-674
-789
-905
-983
-1033
-1064
-1063
-1013
-909
-760
-638
-506
-344
-204
-68
74
200
295
389
443
501
544
593
645
657
653
607
550
476
391
295
195
91
1
-81
-138
-171
-192
-189
-166
-148
-104
-33
60
176
280
384
485
599
709
803
895
964
1002
1000
954
892
834
769
684
586
499
444
387
326
236
136
0
-182
-368
-536
-687
-821
-916
-981
-999
-975
-900
-807
-677
-534
-407
-257
-126
2
108
207
292
374
453
503
537
564
545
478
365
212
47
-137
-322
-491
-647
-770
-842
-890
-909
-888
-838
-759
-684
-611
-525
-390
-229
-100
26
152
281
417
554
686
800
942
1050
1149
1201
1236
1262
1270
1249
1182
1050
872
651
403
138
-179
-467
-743
-978
-1197
-1367
-1473
-1511
-1492
-1467
-1401
-1299
-1174
-1010
-848
-673
-488
-293
-88
99
276
449
602
710
756
777
727
650
542
400
233
67
-81
-217
-349
-465
-543
-600
-631
-663
-659
-661
-623
-531
-432
-292
-145
27
222
420
597
773
916
1032
1122
1178
1193
1187
1170
1114
1040
950
843
685
538
374
220
44
-131
-306
-457
-564
-648
-704
-730
-711
-633
-498
-354
-200
-72
-1
67
139
193
242
281
318
352
354
339
309
256
179
68
-85
-263
-436
-609
-758
-896
-1005
-1071
-1111
-1113
-1083
-1014
-919
-796
-681
-557
-417
-273
-140
14
175
325
444
525
602
659
696
697
692
680
660
642
630
623
609
595
557
493
415
321
254
185
127
79
46
63
114
214
344
524
670
771
801
804
768
662
527
326
108
-103
-300
-477
-652
-767
-868
-983
-1063
-1154
-1214
-1233
-1229
-1215
-1199
-1144
-1035
-901
-766
-623
-450
-293
-151
-39
73
195
302
407
495
586
662
705
726
741
700
632
519
358
186
21
-141
-278
-379
-460
-498
-488
-458
-387
-308
-220
-114
0
116
237
361
483
609
712
805
885
950
982
969
932
880
801
699
579
459
326
193
54
-84
-200
-320
-437
-584
-743
-895
-1004
-1091
-1135
-1155
-1103
-1024
-892
-744
-595
-420
-263
-120
-24
50
95
137
146
158
173
185
207
197
173
158
108
57
-24
-122
-185
-233
-256
-274
-248
-199
-134
-63
18
101
171
235
294
363
440
526
630
736
824
953
1051
1118
1151
1152
1118
1037
951
854
736
602
475
356
240
177
102
73
57
31
19
-30
-101
-180
-244
-315
-396
-458
-527
-604
-666
-725
-785
-819
-867
-913
-961
-983
-980
-963
-905
-844
-745
-666
-581
-513
-460
-417
-380
-356
-341
-310
-265
-206
-130
-25
75
184
263
338
378
394
382
340
282
210
153
116
109
104
122
118
120
146
156
170
160
122
97
73
67
58
55
92
143
179
208
235
257
289
290
281
256
232
192
162
142
105
68
23
-35
-84
-129
-163
-183
-230
-267
-286
-279
-271
-250
-242
-232
-211
-210
-196
-187
-156
-128
-101
-74
-47
0
44
76
111
134
153
171
196
196
198
220
240
287
316
342
376
415
430
408
392
375
353
307
257
222
190
166
153
140
153
190
227
287
318
348
361
377
396
384
382
363
338
306
284
256
217
186
140
111
96
54
28
-5
-68
-147
-270
-413
-579
-737
-892
-1029
-1137
-1217
-1282
-1300
-1250
-1187
-1086
-983
-861
-736
-618
-482
-357
-217
-118
-17
53
105
172
223
252
263
273
263
246
222
195
181
168
132
102
53
13
-51
-135
-194
-268
-308
-334
-332
-294
-241
-161
-69
42
160
288
417
510
600
660
709
730
718
698
632
566
489
408
319
223
138
47
-30
-95
-154
-187
-202
-197
-181
-172
-161
-145
-132
-83
-39
-20
-10
-18
-4
29
84
128
179
237
286
335
347
349
336
317
300
262
206
158
103
69
40
0
-32
-56
-75
-93
-90
-93
-92
-90
-62
-41
-22
17
28
55
67
79
84
83
88
79
65
42
63
67
76
69
44
24
-4
-39
-83
-119
-146
-153
-161
-153
-125
-85
-28
16
63
94
132
177
192
204
202
203
205
189
156
103
10
-98
-209
-345
-466
-583
-670
-758
-808
-856
-881
-858
-835
-787
-760
-726
-672
-608
-527
-422
-306
-173
-47
89
216
330
420
485
530
535
519
484
442
380
317
247
189
123
42
-17
-86
-147
-210
-255
-281
-291
-266
-219
-161
-83
8
92
161
244
311
362
418
448
466
482
495
491
483
471
460
441
401
364
303
250
198
167
126
88
71
45
29
8
-24
-37
-37
-32
-1
23
33
49
43
38
47
41
17
-9
-20
-44
-60
-89
-122
-166
-198
-219
-264
-283
-300
-298
-300
-298
-286
-269
-226
-193
-135
-83
-20
30
84
145
171
191
203
206
199
173
136
85
34
-10
-53
-97
-134
-167
-174
-180
-180
-176
-175
-159
-149
-144
-135
-130
-95
-51
3
70
104
125
147
179
216
243
245
245
235
230
224
219
212
210
184
136
63
-15
-122
-220
-311
-396
-451
-509
-542
-560
-545
-488
-434
-377
-305
-238
-173
-124
-72
-14
53
108
157
177
171
176
155
144
111
66
28
-17
-32
-42
-33
-22
-14
8
13
28
24
26
42
42
47
60
78
114
141
165
202
227
248
254
249
236
234
218
202
185
160
141
136
119
105
96
82
64
37
24
1
-3
-16
-23
2
19
17
20
15
-3
-28
-6
13
17
20
17
16
21
30
20
16
5
-11
-53
-85
-103
-129
-146
-159
-164
-156
-171
-175
-163
-144
-126
-112
-96
-96
-90
-68
-49
-32
-7
9
16
27
23
-1
-14
-29
-36
-44
-60
-84
-107
-104
-91
-79
-70
-59
-41
-12
17
43
39
53
70
92
118
153
189
219
252
269
288
293
291
278
264
250
236
228
235
242
242
240
237
245
240
218
184
127
60
8
-44
-94
-128
-170
-183
-192
-203
-204
-228
-233
-233
-249
-243
-266
-277
-267
-255
-218
-198
-180
-172
-174
-168
-183
-212
-225
-240
-257
-256
-260
-251
-238
-233
-208
-193
-185
-204
-223
-232
-218
-232
-221
-200
-148
-101
-40
13
53
97
119
152
166
177
187
201
225
213
198
177
169
184
167
160
135
136
139
144
146
137
140
142
145
151
141
112
85
48
31
25
23
28
43
42
25
21
17
24
3
-13
-42
-70
-71
-88
-101
-112
-108
-88
-66
-24
-7
19
43
73
125
139
163
179
183
186
195
203
199
194
173
146
121
85
40
28
-3
-19
-32
-48
-41
-35
-2
10
24
59
73
103
109
106
106
110
114
126
151
171
197
233
258
275
291
296
278
266
247
221
198
157
113
65
9
-30
-78
-127
-168
-228
-266
-305
-331
-343
-350
-368
-377
-383
-375
-372
-367
-374
-387
-408
-435
-445
-471
-473
-479
-479
-466
-447
-419
-380
-332
-293
-256
-215
-184
-158
-131
-105
-91
-89
-83
-109
-93
-110
-105
-79
-59
-10
29
77
118
167
218
245
259
268
255
255
251
240
230
227
210
210
199
192
190
181
205
207
216
237
239
258
269
273
293
293
301
301
283
266
229
214
198
171
143
121
114
116
106
83
64
35
25
0
-22
-35
-41
-33
-39
-24
-5
11
28
26
50
76
89
96
85
86
86
97
97
99
104
96
88
85
85
68
62
74
89
88
82
70
64
47
27
1
-22
-41
-58
-75
-92
-103
-110
-124
-155
-158
-156
-151
-131
-131
-124
-122
-131
-146
-151
-168
-194
-221
-243
-246
-266
-285
-278
-269
-253
-229
-194
-149
-91
-51
-20
7
26
61
66
80
66
43
20
-6
-27
-58
-95
-138
-177
-203
-223
-245
-248
-254
-266
-265
-269
-291
-307
-329
-337
-341
-355
-361
-349
-316
-280
-221
-150
-78
10
81
145
209
256
294
310
314
317
310
300
302
280
262
241
206
190
148
117
89
64
56
56
60
74
75
91
104
129
160
183
215
247
286
316
360
396
429
444
451
440
416
397
369
339
302
269
231
190
153
106
71
27
-23
-71
-113
-172
-213
-237
-259
-258
-245
-225
-186
-158
-117
-67
-20
26
62
97
133
169
161
148
131
107
86
38
4
-42
-87
-138
-181
-217
-262
-303
-332
-370
-396
-427
-448
-455
-442
-404
-359
-310
-272
-227
-184
-145
-103
-57
-15
13
45
76
89
103
113
124
118
109
97
62
21
-11
-51
-68
-79
-102
-101
-120
-119
-120
-113
-83
-43
0
41
81
137
195
231
285
315
342
361
356
335
316
273
204
139
75
7
-64
-129
-196
-263
-318
-384
-451
-488
-520
-528
-526
-513
-480
-427
-365
-298
-221
-140
-42
35
123
197
272
329
369
408
430
441
435
424
404
373
331
295
250
199
135
94
67
41
17
-10
-32
-24
-35
-44
-36
-22
5
38
87
124
180
242
304
346
379
422
440
420
392
353
312
266
206
154
85
32
-27
-69
-114
-169
-207
-248
-276
-320
-350
-372
-380
-374
-366
-337
-316
-274
-240
-189
-140
-97
-44
-24
16
46
74
81
74
54
23
-14
-62
-104
-154
-195
-242
-267
-289
-304
-322
-324
-320
-310
-289
-278
-242
-199
-150
-107
-59
-1
49
108
153
204
246
288
315
327
323
324
314
282
265
236
199
153
108
60
15
-20
-53
-75
-83
-90
-104
-100
-102
-77
-39
-19
20
66
112
150
167
183
199
213
232
233
226
205
195
175
153
116
61
-7
-75
-143
-211
-266
-325
-368
-402
-411
-417
-419
-410
-397
-359
-313
-266
-210
-172
-127
-71
-32
29
65
94
135
169
196
200
216
232
231
246
236
218
194
155
123
69
24
-10
-35
-40
-50
-35
-22
1
30
69
100
129
149
163
175
199
203
208
199
203
197
179
155
127
95
49
7
-49
-91
-129
-170
-212
-245
-284
-314
-333
-350
-352
-342
-337
-299
-239
-196
-144
-96
-46
-3
31
66
104
129
151
160
159
174
176
167
163
150
132
108
82
66
38
14
-14
-39
-49
-57
-70
-72
-68
-51
-33
-19
-3
28
43
73
102
138
178
197
220
231
248
247
227
208
169
130
104
55
17
-23
-72
-118
-156
-171
-196
-217
-217
-216
-211
-209
-201
-180
-146
-122
-88
-54
-22
33
65
115
149
171
189
192
196
185
168
138
110
89
68
31
-2
-44
-82
-117
-161
-190
-215
-232
-238
-245
-231
-215
-197
-177
-150
-120
-96
-63
-33
-2
38
66
80
88
96
91
77
54
27
6
-22
-45
-63
-74
-75
-76
-72
-83
-83
-82
-75
-70
-79
-69
-71
-57
-39
-11
15
35
64
79
92
110
124
142
158
164
145
128
122
108
98
75
67
63
45
47
41
40
53
63
57
58
53
51
54
32
33
28
42
41
53
58
47
57
40
48
48
49
63
61
58
58
61
54
36
26
16
14
1
-10
-19
-29
-26
-23
-27
-30
-29
-44
-62
-81
-87
-88
-101
-102
-109
-118
-114
-121
-106
-95
-89
-79
-85
-89
-94
-76
-69
-63
-55
-42
-35
-32
-23
-27
-28
-30
-34
-25
-15
-7
7
25
42
61
80
82
85
86
87
97
100
107
103
102
99
99
104
92
91
99
89
95
104
127
139
133
125
93
70
34
-9
-53
-77
-105
-130
-140
-158
-178
-203
-229
-251
-260
-259
-252
-239
-224
-217
-196
-189
-161
-148
-129
-107
-104
-82
-93
-80
-74
-70
-55
-32
0
10
26
41
51
62
79
87
91
99
114
110
96
101
93
88
91
95
104
109
109
125
155
176
200
197
189
174
164
146
127
108
81
62
47
44
38
39
25
17
0
-30
-37
-48
-51
-61
-57
-43
-42
-33
-34
-39
-53
-64
-74
-68
-63
-63
-58
-33
-17
10
21
25
24
12
-1
-19
-29
-42
-37
-37
-35
-18
-19
-22
-24
-20
-15
-2
1
3
15
8
21
26
33
43
58
74
84
92
95
102
112
127
136
134
129
118
108
96
61
26
7
-12
-27
-45
-66
-74
-85
-94
-83
-84
-81
-74
-56
-41
-33
-23
-12
8
28
37
39
40
22
34
35
36
31
21
14
-3
-7
-9
-20
-13
-9
-11
-7
-19
-23
-39
-50
-52
-58
-69
-72
-85
-95
-103
-101
-87
-79
-66
-58
-43
-42
-40
-43
-60
-62
-63
-77
-86
-97
-98
-98
-87
-67
-56
-52
-56
-48
-47
-38
-45
-36
-40
-50
-71
-86
-75
-80
-82
-85
-75
-64
-76
-75
-61
-46
-18
-1
18
33
49
70
81
93
95
114
119
104
110
93
91
94
85
96
86
90
85
92
78
71
86
76
90
92
93
84
72
76
69
67
58
54
54
50
57
43
49
59
69
94
106
114
112
108
112
112
108
107
95
85
82
72
72
70
79
60
40
18
-5
-22
-50
-65
-71
-81
-83
-83
-98
-96
-99
-97
-99
-90
-62
-47
-30
-17
-4
-3
8
4
11
5
0
-11
-24
-28
-37
-35
-42
-52
-63
-67
-70
-77
-89
-90
-100
-98
-108
-113
-113
-112
-121
-119
-125
-117
-97
-86
-53
-26
-7
12
30
42
50
40
22
16
12
-7
-27
-63
-70
-84
-94
-114
-135
-144
-158
-171
-167
-171
-157
-139
-138
-116
-103
-103
-99
-88
-78
-63
-43
-16
7
36
64
77
103
109
125
128
136
138
138
148
130
124
109
86
77
76
74
72
63
62
55
57
53
54
77
95
115
135
146
162
177
192
201
210
208
213
197
189
161
129
115
97
77
65
46
27
22
4
-2
-5
-13
-31
-26
-30
-38
-39
-38
-33
-13
0
6
15
14
17
23
37
54
59
75
75
62
71
57
49
31
14
-7
-28
-42
-62
-79
-88
-99
-114
-117
-119
-125
-120
-116
-117
-115
-112
-114
-103
-92
-77
-64
-69
-56
-43
-32
-33
-35
-33
-36
-30
-42
-43
-36
-37
-46
-56
-62
-74
-93
-105
-110
-115
-115
-118
-124
-131
-142
-141
-145
-146
-139
-129
-111
-104
-84
-69
-50
-39
-23
1
25
39
50
66
68
75
75
69
56
58
49
40
46
44
42
32
24
23
23
15
15
15
21
36
39
51
60
76
79
91
100
105
118
115
108
105
98
81
69
54
48
49
45
34
36
32
30
29
25
26
31
42
38
28
36
35
45
49
47
51
46
51
58
71
66
58
59
49
44
35
33
35
23
22
14
6
-12
-22
-22
-19
-23
-24
-16
-21
-28
-43
-47
-58
-66
-73
-79
-75
-79
-81
-92
-92
-76
-65
-45
-30
-11
-2
8
16
12
9
2
-2
-11
-17
-22
-31
-43
-55
-63
-71
-75
-84
-80
-78
-74
-60
-51
-43
-40
-38
-25
-8
-1
5
10
13
13
18
20
19
24
26
24
20
19
3
9
3
-7
-12
-14
-20
-34
-36
-52
-59
-57
-64
-67
-58
-55
-39
-21
-2
10
25
38
47
53
56
62
71
77
82
78
72
63
55
42
35
25
6
-8
-30
-45
-56
-58
-57
-53
-46
-41
-35
-29
-20
-2
6
16
32
41
55
60
76
90
94
101
104
118
121
118
104
99
82
68
54
39
22
14
0
-16
-19
-30
-25
-26
-25
-14
-8
2
4
5
10
26
37
39
48
49
48
52
53
46
37
26
11
0
-19
-35
-56
-72
-88
-105
-113
-120
-118
-125
-123
-112
-100
-78
-62
-41
-25
-5
15
33
39
55
61
61
75
71
69
70
55
40
16
12
2
-1
-14
-34
-40
-45
-49
-51
-52
-58
-55
-56
-47
-41
-27
-15
5
18
27
43
59
81
89
94
94
84
78
64
52
33
14
-2
-21
-39
-46
-45
-70
-78
-83
-91
-81
-95
-93
-93
-89
-70
-71
-70
-58
-44
-35
-18
0
19
25
43
54
56
54
57
55
54
36
15
20
3
-2
-25
-54
-68
-82
-84
-95
-97
-103
-108
-95
-93
-87
-66
-55
-35
-24
1
22
39
50
52
73
80
84
89
86
76
71
59
58
50
43
34
21
18
8
5
-1
-14
-2
6
7
10
7
2
5
14
20
19
26
28
35
42
39
46
45
48
49
38
36
30
25
26
21
5
3
-5
-11
-14
-19
-24
-23
-12
-14
-12
-6
-6
4
16
24
45
42
50
65
73
78
81
77
78
74
66
53
30
22
-3
-20
-31
-45
-42
-60
-68
-70
-75
-73
-64
-58
-57
-57
-52
-49
-45
-50
-44
-32
-37
-31
-29
-24
-17
-12
1
12
21
26
21
16
8
-3
-15
-26
-49
-62
-77
-94
-116
-130
-135
-146
-139
-138
-128
-116
-103
-82
-71
-56
-42
-28
-23
-3
14
25
30
38
37
39
49
52
61
56
59
62
72
75
72
68
62
55
48
48
45
41
45
43
37
42
39
46
61
66
71
66
72
79
73
79
87
99
102
105
108
114
117
107
111
104
89
78
66
63
58
52
45
37
29
28
20
7
6
5
2
6
4
7
7
7
7
4
0
-2
-8
-18
-30
-35
-45
-51
-57
-51
-63
-68
-71
-82
-77
-83
-88
-81
-90
-90
-84
-85
-78
-73
-71
-70
-66
-58
-55
-52
-51
-48
-39
-36
-33
-32
-25
-30
-32
-44
-53
-49
-48
-58
-72
-82
-83
-91
-91
-88
-87
-77
-70
-55
-47
-38
-20
-10
-9
6
7
4
10
11
10
8
2
-5
-3
-2
-11
-14
-17
-20
-28
-25
-22
-25
-22
-19
-12
-21
-20
-18
-20
-3
4
10
23
28
42
47
59
68
69
83
92
102
108
117
121
117
114
114
122
121
124
115
105
106
102
94
84
88
85
79
79
75
74
75
69
79
75
72
79
75
68
68
59
55
44
41
26
21
23
13
-2
-8
-14
-21
-32
-40
-40
-50
-52
-54
-58
-68
-78
-86
-90
-85
-89
-87
-95
-91
-90
-88
-90
-85
-76
-78
-61
-62
-55
-61
-64
-63
-74
-82
-91
-94
-111
-123
-126
-133
-128
-118
-116
-115
-102
-86
-71
-64
-47
-33
-28
-21
-12
-6
-1
1
-1
5
9
17
14
17
15
17
15
18
15
19
18
8
14
5
17
21
23
28
29
32
39
44
42
49
36
39
46
42
37
38
44
40
38
40
39
47
51
52
61
62
61
56
57
55
62
50
56
57
53
62
61
57
56
64
69
79
85
91
92
96
90
93
91
83
85
79
77
82
69
64
58
60
61
52
51
52
51
50
46
42
36
30
31
31
23
14
5
-16
-23
-33
-35
-36
-41
-38
-40
-43
-47
-58
-59
-57
-58
-60
-71
-77
-76
-85
-89
-92
-101
-109
-114
-125
-134
-136
-137
-137
-131
-127
-125
-124
-122
-115
-115
-100
-99
-97
-92
-89
-82
-86
-88
-81
-80
-73
-57
-48
-43
-36
-22
-17
-7
-5
-4
2
10
13
16
15
13
12
17
23
17
13
10
13
15
16
15
21
24
23
30
33
38
41
43
44
41
47
47
49
55
59
60
60
66
72
71
73
78
82
84
78
81
76
72
67
68
69
64
58
61
57
53
55
60
61
74
79
84
91
88
95
94
101
98
103
100
91
82
70
51
44
40
39
28
14
2
-13
-15
-22
-26
-45
-45
-42
-54
-47
-59
-55
-54
-51
-48
-52
-49
-62
-64
-70
-72
-82
-91
-98
-105
-106
-107
-102
-99
-107
-103
-108
-107
-110
-98
-101
-94
-95
-95
-90
-93
-88
-94
-79
-80
-67
-57
-56
-54
-54
-52
-53
-51
-45
-49
-39
-43
-44
-36
-36
-30
-23
-21
-14
-8
-3
3
6
7
16
21
18
35
39
50
42
55
64
72
68
76
84
85
92
92
99
97
96
94
98
94
95
88
87
88
87
81
72
70
75
76
75
71
70
65
66
54
48
45
42
37
33
38
34
37
38
40
36
35
37
38
33
29
30
32
29
25
25
22
17
19
10
8
8
0
1
-2
-2
-2
-14
-25
-24
-21
-27
-38
-31
-43
-42
-40
-55
-55
-61
-58
-62
-62
-54
-61
-56
-55
-48
-52
-60
-62
-63
-56
-56
-53
-52
-39
-43
-42
-39
-33
-30
-30
-16
-11
-13
-14
-13
-12
-9
-7
-5
-14
-24
-32
-37
-36
-40
-34
-37
-38
-36
-41
-43
-39
-36
-35
-24
-27
-15
-13
-5
3
-6
1
6
11
3
3
11
12
12
12
18
20
20
20
25
29
25
26
29
27
35
27
33
37
37
44
39
48
46
41
47
52
59
58
53
62
57
61
63
59
61
63
61
52
45
29
31
30
24
15
4
8
-1
-7
-7
-9
-14
-15
-23
-18
-20
-19
-24
-30
-28
-29
-25
-34
-27
-23
-21
-19
-15
-11
-19
-26
-24
-22
-29
-38
-45
-48
-51
-59
-58
-54
-65
-68
-68
-66
-64
-62
-55
-46
-43
-40
-30
-30
-28
-23
-23
-18
-14
-11
-4
-2
2
6
3
7
19
16
14
15
29
26
29
27
22
28
27
31
38
36
37
26
26
33
34
33
24
23
24
29
24
29
26
27
20
24
21
11
20
13
19
8
1
-5
-9
-8
-8
-12
-18
-19
-16
-14
-17
-10
-14
-12
-11
-3
0
-1
11
16
22
15
17
23
18
19
12
5
-2
0
-7
-12
-15
-24
-18
-24
-22
-23
-25
-13
-13
-17
-15
-18
-6
-6
-3
-2
-6
-9
-1
2
-2
-4
-8
1
-1
7
15
14
19
13
11
9
6
6
-3
0
5
10
4
0
3
5
3
4
2
8
13
18
20
12
17
20
20
20
25
25
20
29
24
27
26
29
37
34
38
32
32
30
27
19
14
12
8
-4
-13
-26
-26
-20
-22
-23
-17
-21
-14
-12
-16
-8
-7
-2
4
8
5
3
3
4
12
17
11
6
9
0
2
-5
-11
-2
-8
-3
-2
-2
0
-3
2
6
11
19
21
16
19
16
22
29
25
35
29
26
18
7
12
10
10
12
4
5
-3
-10
-9
-20
-19
-19
-21
-25
-32
-36
-47
-49
-55
-49
-49
-49
-43
-46
-39
-40
-36
-38
-45
-47
-50
-55
-52
-55
-64
-70
-75
-71
-72
-72
-69
-66
-65
-64
-59
-48
-48
-41
-38
-39
-37
-33
-22
-22
-16
-12
-6
-9
-2
6
10
24
27
43
42
43
55
61
74
69
70
69
70
66
65
68
63
57
52
46
52
43
45
45
46
51
45
52
48
53
59
64
62
63
62
57
65
55
49
52
39
32
13
14
5
1
-3
-14
-13
-15
-19
-19
-26
-29
-24
-27
-16
-19
-14
-15
-8
-5
-13
-11
-12
-14
-13
-11
-9
-5
-12
-14
-19
-12
-15
-13
-12
-13
-10
-10
-8
-16
-23
-24
-25
-28
-35
-33
-34
-43
-38
-35
-34
-30
-26
-24
-25
-28
-36
-40
-37
-41
-49
-57
-51
-51
-53
-44
-49
-44
-41
-45
-39
-44
-39
-36
-28
-35
-31
-32
-30
-26
-32
-25
-33
-20
-8
-8
-5
-4
-3
6
9
17
29
35
44
50
64
64
76
76
76
82
72
81
74
70
67
59
54
43
49
42
41
48
46
50
55
66
65
67
71
74
78
75
71
66
70
73
71
69
61
57
53
48
45
33
27
22
4
0
-14
-15
-10
-25
-28
-34
-44
-37
-42
-36
-38
-40
-36
-33
-31
-27
-18
-20
-15
-17
-12
-12
-11
-4
-6
-8
-9
-15
-19
-20
-25
-27
-29
-29
-29
-31
-31
-39
-43
-47
-50
-47
-48
-52
-53
-58
-55
-48
-46
-40
-39
-38
-33
-36
-23
-13
-18
-19
-21
-13
-14
-21
-24
-32
-27
-32
-33
-36
-39
-43
-48
-48
-49
-47
-49
-52
-52
-46
-46
-39
-34
-22
-16
-5
2
7
18
21
21
19
25
21
24
31
28
30
33
36
36
32
35
26
30
34
36
37
40
36
34
42
45
42
36
49
40
47
49
52
57
61
67
68
69
65
68
66
61
54
47
39
27
23
14
9
3
-3
-13
-20
-18
-21
-21
-27
-27
-28
-25
-14
-21
-20
-15
-15
-7
-9
-4
-6
-4
-2
-9
-3
-14
-14
-14
-21
-24
-28
-31
-40
-31
-33
-23
-26
-27
-26
-18
-17
-19
-23
-25
-15
-23
-24
-26
-25
-24
-18
-23
-13
-12
-9
-13
-14
-17
-16
-6
-10
-3
-10
-16
-17
-25
-33
-40
-41
-40
-33
-33
-28
-36
-35
-33
-25
-19
-18
-12
-10
-2
-2
8
8
19
18
20
19
19
22
22
27
26
26
21
22
16
14
24
23
25
30
26
20
19
20
18
23
23
26
40
29
36
44
44
46
40
46
46
43
45
46
41
41
38
36
30
27
28
21
19
16
17
18
17
13
5
6
8
6
2
3
-1
4
12
9
14
6
9
8
9
7
10
16
11
21
10
12
8
