SAMPLES:	9403
BITSPERSAMPLE:	16
CHANNELS:	1
SAMPLERATE:	16000
NORMALIZED:	FALSE
-1
-4
-4
-4
-2
-5
-1
-5
-4
-4
1
-2
-3
-5
-5
-3
-1
-5
-4
-1
-1
1
6
8
6
9
13
15
9
15
10
12
13
11
11
9
8
6
10
8
10
10
8
8
7
9
12
8
10
10
10
11
9
7
6
6
6
2
2
-4
2
-3
-4
-5
-10
-6
-7
-11
-8
-10
-8
-7
-11
-8
-12
-12
-13
-14
-11
-9
-8
-6
-8
-8
-10
-8
-7
-4
-6
-8
-6
-6
-9
-8
-3
-2
-2
-4
-6
0
-4
2
3
-4
0
-3
-1
-1
4
0
-5
0
5
2
5
3
1
6
8
3
4
6
10
11
12
11
6
4
1
3
0
2
1
5
4
6
8
8
10
8
7
6
8
9
5
5
0
1
1
-2
-1
2
-1
0
-2
-3
-1
-1
0
-1
-4
-1
1
-5
-3
-4
-6
-4
-2
-8
-8
-5
-3
-6
1
-4
-1
-2
0
-3
-7
-1
1
3
5
4
4
5
2
0
1
1
1
4
3
4
3
2
3
4
3
4
6
3
-3
-3
0
-1
0
-1
-3
-2
-5
-5
-4
-3
-5
-4
-3
-1
-6
-4
-2
3
3
6
6
4
4
0
2
1
-1
3
-4
0
-3
-3
-1
-6
-2
-7
-3
-2
-2
-4
-1
-3
-4
-2
0
2
-1
-2
-1
2
4
7
6
8
5
1
5
0
5
4
3
7
-4
2
-5
0
-6
-6
-3
-5
-3
-4
-3
-3
2
-3
-4
2
-4
-2
-4
-1
-2
-9
-7
-11
-2
-8
-7
0
-3
-4
-8
-1
-4
-4
-6
-7
-4
-6
3
-3
-1
2
-1
0
-6
2
3
1
4
1
4
4
3
7
10
5
7
8
6
5
1
2
0
1
6
7
6
7
6
6
5
8
3
6
4
5
1
2
2
-2
3
1
8
4
5
7
12
6
7
7
9
6
8
5
1
2
3
6
1
5
2
9
2
-2
-3
0
2
1
1
-1
0
1
2
-3
5
2
2
3
4
3
-1
-3
-3
-3
-1
-8
-6
-6
-7
-2
-5
1
-6
-3
-6
-7
-3
-4
-8
-2
-8
-12
-4
-7
-6
-9
-10
-12
-11
-12
-19
-16
-11
-16
-18
-20
-18
-22
-25
-26
-29
-24
-26
-29
-28
-27
-24
-22
-25
-21
-16
-16
-15
-15
-8
-14
-11
-7
-1
-4
-2
3
2
5
-1
6
7
13
13
15
19
22
27
28
27
28
28
33
33
30
30
33
35
30
35
34
39
36
40
44
45
52
58
65
66
71
77
86
84
83
81
82
81
76
77
69
62
56
49
38
32
15
13
-1
-10
-16
-26
-33
-45
-49
-56
-64
-72
-78
-88
-92
-100
-106
-111
-121
-126
-134
-137
-140
-146
-143
-147
-145
-143
-139
-133
-128
-124
-116
-112
-100
-90
-89
-77
-69
-53
-42
-38
-25
-17
-11
1
8
20
24
30
43
49
61
72
77
84
92
99
108
111
119
126
124
135
130
137
140
140
144
147
147
150
153
154
152
148
145
141
135
130
124
116
115
104
91
77
69
54
46
33
19
5
-12
-28
-41
-51
-66
-83
-94
-106
-112
-121
-139
-149
-153
-159
-166
-165
-164
-166
-163
-160
-152
-150
-144
-137
-132
-123
-117
-113
-103
-98
-90
-80
-75
-62
-51
-39
-27
-19
-11
2
11
22
31
39
47
58
64
69
81
81
92
94
100
108
114
119
124
132
133
141
144
147
150
147
144
142
141
139
129
130
126
112
107
97
88
76
63
51
34
18
3
-11
-26
-42
-61
-75
-89
-104
-120
-134
-151
-167
-176
-186
-196
-205
-212
-219
-222
-227
-226
-227
-223
-217
-212
-201
-194
-181
-170
-156
-142
-130
-110
-97
-82
-64
-50
-35
-18
-3
14
25
35
48
62
76
90
105
117
128
141
152
163
177
183
190
193
197
200
196
197
194
182
177
170
162
152
143
131
120
111
102
91
80
71
58
51
38
32
20
8
-4
-18
-32
-37
-52
-55
-72
-76
-77
-82
-87
-92
-90
-89
-87
-85
-78
-79
-75
-77
-71
-66
-64
-58
-51
-42
-34
-19
-4
-1
15
34
47
68
84
106
125
149
168
187
210
226
242
249
258
258
261
252
249
231
215
194
174
147
118
91
53
24
-9
-42
-73
-104
-138
-169
-191
-220
-241
-267
-289
-314
-330
-346
-361
-367
-378
-380
-385
-388
-382
-381
-374
-368
-354
-344
-331
-315
-302
-278
-266
-247
-226
-201
-178
-156
-135
-114
-89
-70
-44
-18
4
28
51
72
91
110
131
148
169
184
201
220
228
247
262
275
289
299
315
324
333
341
349
358
360
364
370
368
365
360
351
346
329
314
298
280
262
238
219
183
161
129
104
71
38
8
-24
-56
-87
-112
-143
-167
-192
-209
-231
-250
-262
-274
-286
-294
-298
-300
-296
-285
-281
-270
-259
-251
-232
-223
-210
-196
-175
-160
-147
-126
-107
-85
-61
-44
-19
3
33
58
84
117
142
183
210
241
272
293
320
337
351
360
367
368
360
348
329
311
288
258
225
187
152
114
75
28
-11
-53
-85
-119
-159
-190
-227
-257
-284
-311
-335
-362
-377
-396
-411
-421
-431
-436
-439
-436
-439
-431
-429
-416
-404
-388
-369
-347
-324
-307
-282
-254
-229
-199
-165
-141
-108
-77
-41
-7
21
53
83
118
144
168
190
221
245
268
291
314
333
348
371
387
403
421
434
448
454
463
465
461
458
450
436
419
395
377
345
316
293
261
233
197
162
129
94
62
22
-12
-47
-82
-114
-143
-181
-210
-241
-269
-290
-317
-330
-348
-363
-372
-379
-379
-378
-371
-359
-345
-329
-310
-285
-261
-233
-206
-181
-155
-128
-94
-63
-31
1
35
63
94
129
163
203
237
277
318
356
392
427
447
468
486
497
507
501
492
472
448
424
391
353
302
252
203
146
96
38
-17
-79
-133
-183
-234
-282
-324
-364
-404
-439
-467
-492
-517
-538
-556
-571
-580
-586
-589
-585
-584
-574
-567
-550
-532
-510
-485
-463
-425
-398
-361
-326
-288
-247
-209
-171
-135
-93
-50
-10
28
66
96
132
161
195
230
259
286
313
340
359
382
396
418
438
457
476
499
514
525
541
551
558
559
553
546
531
522
503
479
451
419
387
347
311
269
232
188
145
101
59
10
-31
-77
-118
-158
-201
-241
-271
-309
-341
-364
-386
-403
-420
-436
-440
-437
-440
-434
-424
-409
-394
-372
-352
-322
-297
-271
-247
-214
-180
-152
-116
-86
-54
-21
15
48
87
121
159
195
235
276
318
367
408
449
482
506
531
551
563
561
557
533
506
481
443
401
342
282
219
156
99
35
-28
-93
-158
-214
-264
-318
-365
-416
-459
-502
-534
-564
-591
-613
-627
-645
-660
-666
-671
-658
-658
-640
-625
-608
-585
-560
-534
-507
-471
-439
-396
-355
-309
-261
-215
-166
-112
-66
-19
29
82
128
177
221
258
303
342
376
406
435
464
485
505
520
532
549
562
570
586
595
603
618
624
625
622
614
605
587
569
544
513
477
435
395
346
300
249
197
146
86
36
-18
-72
-127
-180
-226
-278
-320
-364
-403
-441
-476
-500
-523
-537
-548
-554
-556
-553
-547
-535
-520
-501
-473
-451
-411
-384
-340
-301
-264
-218
-179
-129
-87
-44
2
42
90
132
178
219
263
303
353
413
460
515
563
605
637
661
678
694
700
694
675
640
604
551
497
436
357
280
198
118
42
-29
-104
-181
-252
-315
-366
-424
-472
-514
-549
-586
-616
-635
-658
-675
-692
-701
-710
-710
-705
-702
-688
-677
-655
-634
-612
-581
-553
-518
-474
-439
-393
-351
-302
-248
-198
-143
-90
-42
17
68
120
168
217
263
307
348
384
416
445
477
502
524
539
553
562
569
571
580
589
601
620
627
631
635
632
616
591
568
540
517
480
426
378
321
264
209
149
86
29
-25
-72
-127
-176
-228
-282
-326
-377
-410
-447
-474
-500
-517
-513
-507
-511
-510
-502
-478
-460
-461
-438
-412
-382
-363
-339
-309
-277
-242
-207
-171
-130
-73
-22
31
81
144
202
269
331
397
462
523
610
715
825
894
935
946
934
894
825
751
669
584
482
357
229
105
-24
-147
-264
-364
-426
-470
-486
-469
-469
-457
-467
-486
-492
-480
-452
-446
-455
-464
-476
-506
-544
-582
-624
-671
-722
-762
-777
-778
-785
-783
-790
-780
-752
-710
-650
-595
-501
-401
-299
-191
-94
7
113
213
309
395
456
529
581
610
632
633
616
588
559
533
510
499
491
481
464
450
444
450
462
478
500
527
573
619
668
713
759
843
980
1088
1113
1066
917
690
390
124
-116
-369
-552
-687
-827
-995
-1100
-1131
-1140
-1107
-963
-749
-594
-483
-353
-256
-267
-313
-322
-345
-396
-383
-351
-372
-448
-511
-498
-492
-416
-278
-151
-67
-1
90
157
163
179
203
209
228
279
365
430
497
614
723
796
908
1121
1455
1753
1879
1849
1655
1350
993
655
349
51
-192
-344
-515
-742
-909
-993
-1045
-1067
-1006
-848
-656
-462
-251
-71
12
-31
-125
-235
-317
-332
-354
-452
-581
-730
-882
-1024
-1141
-1189
-1248
-1293
-1241
-1136
-1003
-879
-775
-684
-603
-500
-367
-236
-90
52
162
230
255
273
284
304
354
428
494
549
598
647
671
660
659
621
589
581
604
638
670
710
720
664
608
580
589
621
660
682
700
729
756
776
753
710
676
605
531
483
544
598
549
416
178
-193
-601
-855
-994
-1090
-1159
-1094
-1040
-1091
-1073
-945
-825
-729
-548
-297
-168
-157
-142
-188
-375
-567
-628
-668
-708
-657
-570
-551
-589
-568
-450
-308
-99
218
442
563
632
651
642
584
496
418
355
289
251
244
304
392
497
657
815
941
1115
1418
1889
2272
2350
2205
1871
1368
771
251
-155
-510
-781
-953
-1050
-1176
-1274
-1300
-1287
-1241
-1130
-920
-678
-435
-235
-119
-152
-286
-437
-599
-722
-796
-842
-945
-1078
-1197
-1285
-1316
-1288
-1220
-1160
-1099
-971
-787
-611
-457
-352
-289
-231
-167
-106
-30
59
163
221
263
305
312
359
426
539
649
742
828
890
965
1017
1037
1019
937
851
771
711
665
657
640
572
493
410
381
393
450
495
543
595
678
767
824
829
769
695
598
490
380
399
534
451
262
75
-346
-838
-1159
-1279
-1311
-1337
-1238
-1051
-979
-1015
-913
-751
-649
-545
-356
-171
-176
-251
-310
-453
-674
-780
-775
-752
-696
-558
-450
-395
-346
-255
-70
153
425
693
824
821
742
619
461
326
245
199
210
297
387
430
491
587
702
839
1143
1594
2145
2584
2674
2430
1927
1244
485
-124
-560
-879
-1080
-1149
-1212
-1307
-1380
-1419
-1344
-1180
-993
-755
-470
-222
-47
30
-91
-332
-617
-856
-974
-1005
-999
-1019
-1080
-1144
-1200
-1229
-1175
-1065
-948
-841
-684
-520
-348
-227
-169
-154
-154
-131
-80
5
104
200
252
295
296
291
326
416
528
653
811
923
996
1029
1038
1018
914
790
677
604
566
518
485
494
491
424
325
252
262
299
374
474
601
683
752
803
793
719
604
490
394
418
524
480
279
68
-304
-819
-1201
-1345
-1364
-1269
-1086
-846
-734
-797
-850
-774
-657
-562
-389
-174
-75
-143
-246
-374
-588
-793
-848
-750
-593
-421
-231
-125
-114
-96
26
174
362
631
835
914
865
720
508
262
81
26
48
137
319
506
613
686
719
759
895
1210
1715
2270
2638
2624
2277
1698
958
128
-514
-926
-1222
-1321
-1287
-1263
-1314
-1399
-1451
-1381
-1213
-1036
-788
-464
-168
-17
-37
-190
-477
-815
-1031
-1122
-1171
-1168
-1155
-1165
-1165
-1161
-1136
-1058
-939
-776
-611
-438
-259
-115
-24
-1
-27
-74
-62
-14
66
179
268
299
310
315
332
382
470
601
737
865
970
1078
1127
1110
1029
912
771
620
500
448
451
498
555
499
323
170
103
50
107
262
428
569
716
827
858
787
635
501
415
367
546
681
422
185
-136
-805
-1389
-1559
-1544
-1447
-1225
-865
-573
-600
-754
-717
-624
-603
-485
-200
5
-2
-32
-98
-332
-658
-798
-755
-624
-376
-91
90
113
101
143
205
315
536
744
847
841
731
506
235
-39
-212
-184
-27
166
359
582
718
712
716
836
1147
1654
2285
2702
2695
2336
1658
748
-100
-698
-1138
-1397
-1436
-1349
-1306
-1361
-1442
-1465
-1383
-1263
-1118
-798
-390
-77
149
182
-41
-394
-772
-1070
-1158
-1094
-1049
-1021
-1014
-985
-985
-1008
-944
-827
-687
-541
-329
-126
16
114
127
93
16
-35
-35
11
141
289
375
388
342
334
340
401
542
697
848
969
1110
1168
1162
1028
800
580
378
290
301
432
503
453
345
175
-29
-149
-154
-25
140
325
544
696
767
731
696
603
456
344
442
698
638
348
146
-338
-1090
-1543
-1571
-1481
-1318
-1012
-597
-456
-638
-682
-570
-525
-467
-224
44
84
4
-17
-160
-463
-637
-652
-628
-459
-145
109
212
204
194
234
293
445
688
817
824
773
582
312
51
-128
-249
-232
-91
58
250
511
718
825
942
1164
1503
1983
2439
2579
2376
1857
1081
246
-423
-859
-1127
-1272
-1304
-1320
-1424
-1590
-1678
-1582
-1387
-1148
-867
-545
-258
-41
48
-47
-271
-572
-872
-992
-921
-795
-772
-844
-913
-1005
-1070
-1038
-925
-798
-662
-488
-299
-159
-80
-33
-12
10
58
134
166
199
283
348
378
356
326
320
382
540
711
827
911
966
999
1017
998
925
771
569
393
283
244
309
385
366
264
142
4
-75
-53
50
188
365
549
693
797
794
751
677
534
392
283
419
446
154
-1
-314
-893
-1343
-1386
-1270
-1213
-1042
-709
-565
-759
-797
-583
-503
-446
-156
109
94
4
2
-135
-376
-480
-425
-389
-308
-95
71
76
31
44
88
178
411
681
787
769
652
446
220
59
-42
-47
54
185
289
352
445
501
544
693
961
1316
1835
2382
2524
2231
1681
982
230
-344
-615
-788
-967
-1068
-1213
-1526
-1837
-1963
-1896
-1634
-1193
-754
-400
-164
-52
-55
-167
-337
-496
-620
-647
-531
-483
-602
-793
-1011
-1162
-1214
-1101
-841
-600
-416
-255
-193
-200
-222
-213
-148
-19
182
345
425
421
387
312
211
177
203
298
410
568
708
767
773
762
769
829
888
904
857
748
584
392
269
222
194
185
174
101
34
-2
1
-16
41
178
351
541
705
822
817
707
584
617
743
544
199
-48
-472
-1006
-1263
-1213
-1240
-1260
-1036
-795
-849
-955
-797
-651
-607
-350
16
132
49
38
32
-170
-295
-259
-289
-329
-224
-96
-87
-106
-54
15
132
369
606
777
778
758
666
530
423
273
170
137
137
191
246
303
375
431
507
583
738
1037
1505
2047
2376
2242
1768
1179
541
5
-278
-414
-597
-837
-1119
-1470
-1866
-2094
-2053
-1811
-1458
-1019
-624
-363
-202
-186
-285
-394
-486
-530
-469
-359
-330
-448
-657
-939
-1179
-1269
-1142
-893
-653
-455
-351
-336
-365
-363
-297
-181
-28
152
311
372
378
327
222
159
129
171
292
436
580
676
677
641
625
660
730
869
960
964
870
683
521
402
330
281
242
181
81
-11
-25
-2
18
59
116
227
384
572
761
837
800
718
715
716
646
469
213
-133
-599
-930
-1064
-1123
-1116
-1026
-905
-914
-963
-883
-765
-642
-467
-254
-122
-101
-129
-147
-177
-166
-144
-140
-127
-148
-161
-150
-118
-71
16
154
336
506
621
657
620
504
427
418
362
269
198
116
49
105
226
332
415
550
700
818
1046
1445
1907
2154
2067
1721
1227
686
271
79
-56
-279
-556
-894
-1365
-1811
-2067
-2058
-1874
-1558
-1209
-923
-745
-642
-570
-490
-396
-341
-311
-235
-168
-211
-379
-607
-868
-1069
-1110
-981
-799
-666
-593
-636
-650
-618
-516
-344
-197
-37
93
208
251
244
257
264
284
333
423
512
569
591
607
632
627
628
669
763
831
851
846
768
608
495
436
391
322
250
188
81
6
-5
57
128
136
177
255
385
579
758
882
894
903
989
999
803
484
136
-311
-684
-829
-886
-960
-1021
-1096
-1229
-1296
-1188
-1021
-836
-553
-337
-252
-249
-266
-279
-228
-90
35
35
-19
-105
-234
-325
-349
-253
-124
38
218
359
471
468
418
399
424
503
584
606
471
291
117
-1
-22
55
187
303
434
579
773
1074
1512
1951
2128
1976
1647
1257
878
640
479
252
-56
-434
-921
-1385
-1696
-1876
-1865
-1720
-1523
-1344
-1207
-1060
-948
-814
-649
-440
-309
-200
-114
-148
-203
-346
-525
-732
-865
-903
-815
-726
-738
-794
-833
-816
-727
-570
-383
-259
-190
-98
-16
65
149
212
229
256
302
354
427
477
548
600
647
686
715
747
763
786
806
814
776
692
603
559
495
396
318
217
106
43
60
139
152
128
98
113
263
500
767
960
1041
1117
1189
1087
852
599
269
-92
-319
-435
-607
-849
-1056
-1239
-1400
-1399
-1214
-965
-772
-600
-465
-464
-538
-515
-403
-235
-27
120
138
5
-120
-213
-275
-240
-118
-28
11
55
123
154
165
191
255
349
431
450
382
274
168
127
147
244
290
322
368
429
568
793
1100
1477
1862
1998
1804
1473
1197
985
832
747
521
119
-350
-838
-1252
-1535
-1631
-1634
-1587
-1535
-1504
-1506
-1465
-1317
-1090
-821
-537
-305
-204
-154
-136
-181
-252
-324
-394
-493
-575
-635
-718
-823
-918
-963
-886
-751
-586
-480
-438
-412
-348
-189
-2
160
231
290
295
322
406
484
578
659
737
774
775
757
741
744
759
780
753
719
640
544
487
435
431
429
365
258
121
60
60
78
79
87
156
286
475
683
830
886
983
1133
1114
940
671
353
71
-128
-219
-397
-693
-1023
-1285
-1477
-1484
-1282
-1061
-917
-811
-738
-764
-777
-672
-467
-252
-48
84
59
-54
-115
-106
-78
-1
92
91
30
7
0
24
99
203
290
339
389
386
352
257
199
186
240
322
371
358
349
419
542
719
972
1314
1671
1906
1824
1522
1271
1196
1167
1132
949
526
0
-541
-955
-1185
-1299
-1395
-1495
-1596
-1723
-1773
-1721
-1566
-1323
-1053
-824
-668
-543
-414
-292
-210
-165
-179
-226
-345
-485
-570
-662
-745
-831
-863
-858
-784
-688
-638
-611
-590
-531
-398
-238
-116
-63
-34
-3
86
260
455
594
679
728
766
785
823
875
936
962
949
908
832
753
684
623
531
485
453
430
377
265
195
161
145
100
71
109
201
369
558
706
753
774
790
890
1017
948
757
489
237
43
-65
-185
-458
-771
-1021
-1221
-1322
-1261
-1125
-1091
-1117
-1111
-1079
-1012
-840
-597
-367
-213
-102
-42
-36
-6
54
150
172
170
151
58
8
26
91
116
89
93
84
98
180
225
184
102
89
109
164
219
256
330
443
584
736
864
994
1161
1426
1727
1795
1616
1391
1285
1224
1127
887
493
23
-405
-755
-1013
-1141
-1259
-1432
-1644
-1772
-1792
-1717
-1612
-1467
-1259
-1049
-823
-665
-509
-363
-257
-203
-187
-175
-217
-276
-354
-444
-491
-530
-581
-612
-596
-556
-569
-600
-606
-580
-481
-407
-366
-316
-212
-65
86
233
376
481
597
719
803
905
1003
1082
1118
1132
1087
1026
922
802
686
575
462
377
323
259
209
112
61
63
32
46
67
155
339
554
688
683
618
578
553
652
924
1001
813
538
301
110
-3
-69
-260
-564
-834
-1038
-1223
-1285
-1274
-1314
-1374
-1351
-1248
-1118
-956
-743
-509
-328
-173
-56
29
130
266
338
326
263
208
162
162
181
208
161
102
63
43
70
111
150
114
57
45
66
120
171
256
365
446
470
554
681
842
1154
1555
1863
1815
1546
1349
1333
1372
1312
1032
538
70
-300
-597
-822
-1005
-1212
-1489
-1735
-1847
-1836
-1741
-1621
-1466
-1287
-1157
-1079
-949
-743
-534
-348
-270
-256
-243
-243
-232
-197
-165
-181
-243
-360
-427
-425
-427
-472
-525
-571
-625
-648
-623
-555
-441
-298
-173
-64
51
183
332
502
678
842
984
1085
1169
1243
1245
1182
1082
954
817
727
669
590
515
436
320
127
-54
-160
-126
18
152
242
283
327
383
433
473
499
555
674
781
813
752
594
418
281
222
136
-29
-273
-526
-704
-857
-992
-1135
-1240
-1329
-1359
-1295
-1224
-1128
-984
-821
-638
-473
-329
-166
-9
163
301
396
394
353
324
351
413
408
384
304
213
148
118
83
50
-14
-69
-79
-20
79
168
258
323
373
426
501
555
668
835
994
1038
1023
1085
1324
1440
1241
986
849
838
802
601
237
-131
-425
-665
-829
-941
-1096
-1339
-1539
-1620
-1557
-1485
-1496
-1471
-1318
-1127
-1046
-1002
-902
-719
-553
-447
-365
-286
-239
-232
-167
-65
-7
-63
-173
-261
-313
-317
-383
-471
-514
-484
-412
-338
-291
-258
-186
-100
11
179
355
484
601
727
874
994
1012
960
915
922
944
945
871
786
718
672
589
463
357
284
238
179
169
215
292
321
288
225
189
215
254
277
297
360
447
514
497
435
372
286
256
211
103
-93
-299
-474
-620
-726
-869
-1028
-1162
-1191
-1156
-1099
-1048
-985
-875
-748
-616
-473
-319
-157
25
145
181
186
188
229
291
375
403
368
268
183
138
122
156
143
118
114
151
213
269
308
310
312
339
432
567
647
678
627
614
651
672
711
802
1049
1184
1036
736
549
607
669
590
317
-29
-329
-576
-733
-817
-892
-1055
-1292
-1459
-1521
-1481
-1450
-1433
-1293
-1148
-1091
-1084
-1000
-839
-653
-465
-325
-212
-111
-94
-114
-77
-30
-42
-138
-222
-253
-270
-282
-307
-304
-285
-255
-222
-197
-156
-54
86
188
274
359
441
532
628
667
683
671
659
709
773
838
830
770
706
651
617
586
541
542
572
570
507
405
329
276
236
149
50
22
61
123
96
56
104
321
432
320
242
198
232
278
228
43
-206
-404
-520
-573
-563
-627
-808
-931
-914
-828
-777
-754
-754
-657
-560
-505
-387
-260
-173
-120
-97
-41
71
158
215
250
290
240
127
72
95
188
306
349
270
211
216
291
377
440
414
334
308
301
325
362
377
375
343
323
334
354
419
484
697
936
887
622
445
533
735
766
508
147
-86
-244
-398
-504
-586
-752
-1036
-1280
-1365
-1277
-1180
-1198
-1230
-1197
-1170
-1131
-983
-729
-473
-357
-394
-411
-367
-301
-277
-211
-109
-102
-166
-270
-278
-185
-76
-76
-123
-152
-122
-81
-20
77
150
181
152
119
134
216
285
337
382
431
446
448
467
511
579
595
602
605
622
681
742
790
769
712
618
490
394
352
340
311
196
20
-92
-116
-44
74
199
220
153
141
154
194
287
291
161
14
-100
-176
-219
-278
-352
-440
-522
-555
-581
-570
-571
-580
-599
-577
-548
-496
-435
-374
-300
-260
-243
-196
-117
-73
-36
-33
-45
-15
27
111
211
292
341
335
332
373
433
502
524
488
429
332
282
283
282
212
162
123
152
183
194
212
237
260
287
330
507
730
695
522
435
532
698
714
488
187
-6
-138
-248
-321
-460
-709
-993
-1114
-1099
-1041
-1083
-1177
-1156
-1017
-917
-902
-892
-829
-733
-656
-623
-567
-461
-408
-358
-263
-132
-106
-136
-109
-27
81
133
85
22
42
82
115
110
74
55
19
-11
21
75
126
110
106
158
202
237
290
386
501
634
702
710
715
722
748
754
741
687
625
560
445
347
274
192
142
68
4
-4
26
77
127
151
111
87
89
149
258
279
196
81
-22
-46
-74
-76
-103
-201
-299
-404
-465
-444
-417
-432
-469
-469
-479
-480
-480
-452
-389
-341
-349
-411
-413
-359
-254
-138
-59
-25
17
52
145
255
363
434
458
467
472
492
490
444
401
346
280
222
177
127
78
99
141
199
185
147
130
165
253
290
349
450
656
703
589
497
490
574
587
443
192
7
-119
-234
-331
-451
-611
-788
-851
-832
-817
-849
-1006
-1066
-1021
-1004
-1016
-1016
-952
-881
-838
-774
-694
-547
-429
-347
-263
-181
-103
-73
8
130
170
160
78
22
11
28
22
19
44
41
18
-39
-61
-19
38
97
132
172
247
329
427
514
557
591
639
698
779
803
776
707
633
559
510
463
431
383
321
263
207
148
84
22
29
105
138
121
93
95
149
213
247
225
165
110
67
40
28
-32
-146
-250
-342
-402
-456
-439
-422
-405
-429
-474
-507
-559
-560
-541
-490
-420
-403
-391
-356
-274
-164
-86
-21
23
108
206
283
348
371
363
370
389
401
365
331
268
238
228
214
212
196
226
188
162
161
161
169
175
210
241
298
338
402
574
636
554
471
506
602
607
479
237
129
90
-7
-141
-270
-438
-651
-782
-806
-839
-914
-1055
-1170
-1134
-1102
-1094
-1056
-944
-849
-802
-783
-767
-665
-510
-371
-236
-119
-88
-98
-72
-10
60
47
21
1
30
53
26
-21
-83
-93
-103
-76
-5
59
109
132
176
210
272
340
417
509
567
621
647
663
676
672
657
605
565
515
485
503
491
464
391
311
243
191
134
107
124
142
108
130
184
164
203
238
290
355
338
254
203
156
81
-13
-84
-164
-271
-335
-384
-443
-483
-504
-581
-608
-593
-607
-590
-559
-534
-514
-491
-474
-400
-294
-198
-90
-31
19
60
109
186
251
291
316
297
291
296
306
332
335
344
307
242
225
216
233
232
236
216
230
196
152
205
297
375
370
377
445
577
573
492
452
530
624
593
403
211
128
69
-7
-131
-284
-507
-732
-862
-864
-887
-982
-1091
-1137
-1099
-1085
-1078
-1041
-986
-910
-822
-739
-619
-483
-403
-332
-270
-216
-162
-106
-27
50
74
8
-59
-100
-81
-51
-9
4
-36
-65
-56
-28
31
81
112
161
241
320
386
463
503
528
536
562
573
578
561
553
562
564
540
478
462
468
448
415
368
334
318
268
201
150
160
198
228
224
211
252
309
356
348
269
168
119
123
108
44
-66
-190
-312
-351
-353
-373
-421
-494
-568
-590
-563
-547
-533
-557
-552
-491
-419
-360
-286
-226
-205
-168
-131
-78
-34
13
62
102
164
188
214
236
281
340
354
347
326
318
290
278
281
264
216
186
202
252
316
313
284
253
262
253
280
334
382
386
415
465
434
374
284
293
359
339
182
-16
-128
-185
-260
-357
-464
-620
-765
-875
-925
-897
-911
-968
-996
-964
-916
-874
-850
-801
-728
-630
-541
-467
-369
-323
-270
-202
-146
-135
-132
-118
-90
-55
-16
-17
-43
-41
-13
51
81
89
66
105
184
268
282
275
277
291
346
359
380
389
399
423
441
470
454
475
504
531
542
506
478
465
472
452
406
356
332
313
263
206
180
180
202
260
307
283
218
173
224
314
304
147
-2
-49
-52
-79
-132
-227
-330
-398
-456
-467
-463
-479
-491
-493
-470
-457
-446
-393
-341
-310
-308
-312
-271
-199
-122
-83
-71
-80
-64
14
121
199
209
201
180
199
225
235
273
285
287
261
275
280
285
278
233
222
222
242
260
256
255
238
254
273
266
233
207
242
311
304
200
143
169
224
210
60
-113
-162
-183
-238
-317
-437
-569
-671
-733
-754
-759
-788
-830
-848
-829
-794
-772
-706
-638
-577
-553
-576
-547
-463
-373
-307
-242
-215
-194
-156
-109
-48
-16
17
40
57
98
118
155
191
207
209
208
233
224
231
228
235
269
262
282
310
343
385
411
416
429
454
481
528
534
518
485
474
497
518
496
424
367
328
330
309
245
193
178
205
175
162
120
73
67
64
57
31
12
-23
-43
-39
-83
-134
-176
-185
-188
-211
-241
-302
-322
-361
-387
-397
-400
-404
-374
-373
-366
-355
-340
-318
-276
-219
-170
-120
-89
-65
-36
3
49
83
104
143
157
204
220
255
301
288
256
243
250
236
260
255
276
258
210
188
186
179
155
178
158
147
122
86
65
114
146
183
229
194
138
99
131
159
118
24
-74
-109
-145
-213
-300
-382
-470
-554
-601
-623
-656
-700
-725
-725
-700
-719
-720
-682
-615
-539
-494
-442
-389
-304
-225
-179
-162
-145
-121
-70
12
55
66
59
61
81
106
103
91
88
104
120
145
153
165
179
186
207
213
266
297
306
325
346
370
396
426
453
491
512
483
490
484
489
471
426
379
337
300
223
182
123
73
52
38
54
30
7
29
77
135
154
141
120
164
199
189
159
98
22
-27
-45
-72
-133
-206
-268
-279
-287
-329
-357
-369
-372
-348
-317
-299
-329
-342
-349
-322
-273
-234
-193
-159
-101
-54
-38
-20
-12
15
50
102
143
191
199
185
202
194
196
153
119
125
106
67
35
-13
-39
-30
-34
-23
-7
26
42
50
61
77
82
119
152
176
221
280
302
286
289
285
304
263
179
96
49
10
-89
-195
-295
-386
-464
-499
-496
-498
-496
-525
-536
-515
-503
-502
-496
-457
-430
-399
-371
-353
-312
-268
-217
-165
-137
-139
-144
-109
-73
-35
-11
-24
-39
-17
13
26
19
20
36
69
100
106
125
148
197
247
268
293
329
361
410
440
463
459
423
391
357
337
314
280
246
190
155
149
137
135
125
141
155
160
159
190
231
231
223
202
204
253
283
282
274
256
222
196
174
132
99
45
2
-30
-91
-155
-216
-269
-284
-310
-326
-328
-336
-342
-357
-364
-366
-357
-354
-352
-333
-280
-241
-215
-207
-184
-151
-111
-79
-59
-58
-52
-30
-15
9
6
-22
-28
-22
-14
5
18
8
-4
26
43
51
66
60
104
160
207
242
248
243
237
266
301
314
318
276
238
232
230
243
228
183
145
142
161
182
179
125
63
13
-21
-64
-110
-151
-215
-292
-350
-388
-405
-418
-438
-457
-501
-521
-518
-477
-445
-416
-406
-406
-405
-373
-331
-284
-257
-247
-242
-229
-181
-158
-114
-100
-74
-45
-24
12
27
75
88
101
99
102
130
147
141
120
119
133
138
169
170
146
142
168
221
253
296
311
336
364
393
417
420
423
420
414
417
401
387
346
322
334
345
364
348
346
323
317
314
276
262
223
185
168
164
134
84
35
2
-60
-147
-176
-175
-167
-226
-299
-338
-360
-379
-411
-419
-444
-458
-466
-487
-499
-499
-485
-466
-459
-423
-424
-401
-351
-294
-236
-202
-179
-163
-99
-38
43
87
113
146
157
177
205
234
237
239
225
214
193
157
151
131
129
137
133
146
152
173
198
221
254
265
295
313
321
339
345
330
323
313
306
266
223
167
120
99
68
-3
-73
-113
-160
-194
-268
-315
-359
-380
-414
-439
-462
-485
-502
-498
-467
-436
-420
-412
-402
-373
-361
-363
-324
-285
-241
-222
-232
-242
-244
-244
-233
-220
-193
-173
-160
-163
-167
-118
-76
-39
-19
8
32
82
146
188
224
241
283
323
374
409
431
428
404
415
437
456
465
469
456
441
420
383
364
334
342
339
341
333
328
338
327
341
318
312
310
309
310
305
288
243
181
132
99
63
26
-20
-101
-167
-233
-292
-344
-394
-448
-485
-508
-540
-553
-570
-577
-583
-571
-550
-519
-481
-431
-363
-292
-254
-243
-197
-139
-78
-35
-5
23
37
41
26
22
39
62
69
69
41
52
67
88
112
128
140
143
152
171
190
206
220
223
215
220
210
230
226
231
233
221
214
196
194
183
178
177
178
164
125
100
99
94
99
84
74
72
50
38
49
22
-6
-23
-48
-56
-87
-126
-163
-207
-237
-309
-334
-383
-414
-439
-474
-473
-496
-515
-519
-506
-488
-476
-454
-436
-414
-379
-360
-315
-287
-241
-206
-167
-132
-107
-81
-56
-10
23
64
100
124
156
182
190
222
251
267
288
301
307
315
330
341
356
373
384
412
420
434
454
461
460
465
482
487
478
473
456
442
428
404
380
331
282
251
200
175
157
113
65
8
-32
-55
-63
-99
-122
-143
-168
-184
-207
-231
-270
-285
-296
-304
-313
-347
-359
-384
-390
-397
-407
-415
-411
-384
-382
-359
-354
-345
-322
-306
-286
-267
-226
-189
-147
-126
-103
-98
-71
-35
-16
6
29
68
74
103
115
140
147
157
173
179
206
213
223
213
228
227
225
232
258
291
309
312
302
325
325
338
348
340
332
319
307
290
262
205
165
124
74
45
19
-18
-71
-126
-163
-204
-241
-260
-281
-295
-330
-357
-368
-378
-381
-421
-436
-450
-464
-442
-440
-446
-451
-457
-437
-436
-411
-387
-381
-361
-333
-314
-288
-254
-229
-199
-188
-149
-112
-61
-18
18
52
96
131
171
213
264
320
367
408
424
451
462
480
493
496
493
483
468
457
447
446
431
403
375
371
352
341
349
332
328
310
300
285
275
251
226
217
193
172
125
96
65
47
-4
-62
-123
-159
-185
-210
-237
-268
-292
-326
-341
-361
-373
-389
-390
-401
-403
-396
-406
-414
-414
-404
-379
-359
-338
-333
-306
-268
-244
-225
-223
-204
-178
-150
-119
-80
-56
-28
-5
22
56
92
133
151
179
209
227
241
263
291
302
321
344
350
373
384
399
405
383
378
378
373
346
330
311
294
264
239
203
173
137
87
59
30
22
-7
-67
-111
-138
-152
-166
-201
-226
-277
-296
-306
-318
-349
-383
-402
-427
-424
-431
-440
-461
-472
-467
-468
-461
-459
-454
-436
-416
-377
-350
-345
-323
-307
-260
-224
-179
-116
-69
-26
9
40
75
108
132
173
203
229
239
276
304
320
334
329
340
331
338
355
380
394
399
398
400
396
398
392
388
378
395
384
373
350
334
322
303
289
265
256
207
174
141
125
89
70
38
2
-28
-39
-61
-89
-102
-137
-166
-190
-211
-235
-237
-245
-256
-263
-293
-301
-317
-324
-316
-334
-345
-367
-353
-335
-327
-310
-298
-285
-259
-229
-199
-176
-137
-119
-101
-67
-51
-23
1
22
58
82
98
120
132
158
185
190
199
208
192
203
220
240
242
245
243
247
250
248
250
242
244
233
226
221
209
199
179
172
164
135
107
65
36
-1
-40
-72
-98
-115
-142
-159
-176
-198
-217
-245
-269
-280
-295
-301
-298
-297
-300
-307
-304
-305
-290
-280
-277
-254
-247
-220
-215
-206
-210
-206
-194
-179
-166
-153
-130
-137
-120
-112
-101
-82
-65
-61
-41
-17
19
58
69
82
105
142
157
181
208
242
272
290
298
303
310
307
311
297
294
287
267
262
243
229
215
207
202
187
183
171
167
152
155
167
159
142
125
121
115
92
85
60
44
19
-12
-34
-59
-82
-106
-103
-108
-115
-137
-152
-167
-181
-176
-183
-183
-190
-197
-194
-194
-198
-196
-190
-173
-153
-136
-115
-103
-80
-50
-35
-29
-15
-8
-5
-2
9
11
22
46
44
63
71
85
78
85
88
96
113
121
137
136
130
127
137
154
156
147
138
123
108
94
79
82
69
61
43
21
-2
-19
-29
-40
-52
-66
-75
-77
-86
-91
-98
-96
-95
-103
-100
-101
-86
-84
-95
-104
-115
-129
-145
-148
-154
-151
-166
-169
-175
-177
-159
-162
-171
-173
-160
-154
-152
-148
-144
-125
-130
-129
-117
-110
-92
-66
-40
-21
-7
8
16
45
70
78
94
92
95
94
109
113
114
115
108
110
114
112
113
109
108
113
123
130
121
137
138
131
134
128
128
122
103
84
77
76
79
85
91
95
89
83
79
83
88
88
91
76
73
62
47
36
18
8
13
1
0
4
-11
-30
-24
-24
-29
-20
-31
-30
-30
-29
-37
-63
-58
-61
-52
-54
-72
-75
-80
-62
-49
-37
-34
-14
-4
6
24
35
32
35
45
44
41
40
24
21
23
19
28
12
10
0
-5
-13
-15
-18
-20
-43
-44
-37
-41
-33
-33
-30
-30
-24
-17
-4
-8
-5
-8
-22
-22
-32
-47
-59
-58
-59
-63
-66
-70
-69
-74
-95
-91
-82
-78
-88
-80
-89
-99
-83
-77
-57
-65
-72
-71
-74
-75
-59
-53
-54
-51
-49
-46
-47
-39
-39
-39
-42
-46
-40
-34
-29
-29
-10
1
0
12
11
25
24
30
36
47
54
50
70
69
69
43
35
31
33
42
25
26
27
26
29
60
55
59
71
77
110
114
113
111
103
99
96
87
94
100
98
100
88
91
98
98
106
108
90
72
61
45
44
48
23
10
-4
-10
-10
-16
-20
-32
-26
-25
-8
-10
-9
8
15
28
30
45
33
42
36
37
38
35
27
17
12
8
9
-6
-7
-27
-16
-20
-16
-14
-30
-27
-41
-37
-33
-30
-35
-37
-36
-36
-35
-27
-19
-13
-8
-17
-16
-19
-19
-27
-34
-45
-59
-60
-78
-99
-105
-125
-134
-142
-143
-143
-151
-156
-155
-146
-155
-137
-135
-120
-107
-97
-86
-62
-55
-48
-30
-23
-12
-13
-15
-8
1
-7
-2
-6
-15
-11
-19
-3
-1
-1
-3
-8
1
1
24
45
56
60
58
73
77
76
77
67
75
82
76
75
69
62
70
63
66
63
75
88
87
93
96
93
90
88
102
102
91
88
81
85
96
95
104
105
95
92
78
68
51
38
17
5
-10
-13
-14
-25
-41
-42
-38
-33
-40
-53
-51
-59
-54
-47
-40
-32
-43
-34
-9
-8
9
13
33
38
47
50
42
48
44
44
38
33
23
21
23
28
28
24
17
13
15
7
5
-11
-19
-13
-13
-13
-17
-31
-43
-45
-51
-58
-74
-82
-82
-84
-79
-82
-83
-83
-81
-81
-88
-86
-85
-101
-98
-111
-108
-108
-121
-117
-124
-106
-108
-109
-99
-99
-87
-85
-69
-61
-64
-55
-58
-52
-48
-52
-49
-34
-29
-17
-11
-7
-5
0
7
12
20
34
55
62
76
79
86
75
69
67
71
82
72
77
70
65
65
64
68
70
72
78
72
75
74
73
84
83
81
75
69
61
57
62
59
71
64
67
60
60
55
60
63
58
48
43
42
39
35
16
8
-14
-13
-22
-28
-33
-38
-36
-35
-22
-15
-12
-10
-4
5
9
14
22
30
47
49
37
46
53
52
54
47
41
46
53
42
27
24
28
37
30
32
23
30
31
28
24
27
30
16
33
24
29
23
10
8
2
8
-7
-19
-36
-59
-74
-99
-111
-126
-142
-154
-178
-186
-190
-190
-178
-173
-179
-189
-184
-180
-164
-170
-157
-158
-149
-140
-143
-127
-119
-104
-95
-88
-92
-80
-75
-54
-43
-43
-29
-20
-19
-17
-3
-4
1
9
13
18
31
39
52
55
64
64
72
91
94
101
100
111
121
137
137
139
148
147
163
151
155
148
151
150
150
153
142
141
129
132
139
138
141
140
144
137
145
150
142
137
127
132
112
103
83
70
58
29
5
-19
-37
-56
-77
-99
-107
-119
-129
-133
-141
-147
-153
-144
-148
-150
-144
-141
-118
-104
-98
-97
-83
-70
-59
-61
-62
-53
-50
-49
-46
-43
-41
-36
-47
-36
-39
-36
-41
-37
-29
-24
-22
-25
-12
-15
-6
4
15
22
32
35
45
52
64
71
71
78
70
69
70
62
47
46
37
34
35
16
12
-3
-9
-14
-18
-20
-22
-21
-37
-34
-39
-41
-31
-44
-43
-49
-45
-37
-44
-44
-49
-40
-45
-50
-53
-58
-58
-61
-54
-49
-49
-42
-41
-44
-44
-27
-23
-14
-11
-17
-9
-10
0
-8
-5
1
3
4
0
-2
12
21
17
6
2
7
3
8
6
13
21
21
18
32
28
29
24
30
37
41
50
59
61
68
85
88
83
90
86
90
82
73
66
58
53
38
33
26
15
14
6
5
-4
-17
-28
-30
-23
-25
-18
-19
-19
-4
-2
-1
0
5
13
19
34
33
36
40
41
45
42
36
36
25
28
35
24
18
14
10
2
13
11
7
-3
0
8
7
12
1
8
14
18
16
4
5
6
0
-9
-17
-24
-35
-33
-42
-43
-42
-44
-49
-48
-48
-45
-32
-36
-29
-35
-31
-30
-25
-26
-22
-25
-30
-31
-31
-41
-47
-45
-46
-49
-65
-58
-64
-62
-58
-63
-57
-56
-46
-46
-45
-38
-41
-34
-40
-36
-29
-23
-19
-15
-14
-8
-12
-18
-10
-5
-4
2
6
8
-4
-6
-11
-9
-12
-21
-19
-23
-25
-25
-11
-2
-2
9
16
27
43
49
46
50
62
63
64
61
61
63
65
66
57
56
55
56
54
56
63
55
59
54
49
40
43
37
37
33
30
36
36
31
32
28
29
44
46
47
47
52
47
52
50
52
42
42
43
43
35
21
29
15
12
7
1
3
2
11
2
-1
-4
-7
-4
-3
-11
-18
-15
-18
-21
-22
-29
-36
-36
-40
-46
-54
-64
-72
-78
-88
-85
-87
-92
-94
-104
-95
-97
-98
-92
-89
-86
-78
-67
-68
-57
-52
-53
-53
-57
-49
-54
-54
-53
-66
-56
-58
-61
-56
-62
-62
-65
-54
-44
-43
-37
-37
-36
-29
-20
-9
4
3
5
20
30
32
42
47
54
58
61
67
70
64
70
65
59
67
64
70
71
76
79
87
83
88
95
95
93
94
92
93
93
94
91
95
95
90
93
93
90
86
84
66
59
54
49
46
37
32
25
12
11
-3
-14
-15
-30
-33
-43
-48
-57
-50
-50
-56
-51
-54
-62
-58
-57
-62
-53
-61
-52
-43
-46
-39
-40
-37
-36
-37
-42
-39
-42
-47
-42
-52
-42
-40
-41
-30
-23
-16
-17
-23
-16
2
5
10
12
11
17
8
8
6
2
6
-4
-8
-9
0
5
-2
-6
2
-5
-1
3
3
12
7
5
9
7
11
7
5
9
6
2
1
3
6
7
10
3
4
-4
-8
-13
-14
-23
-26
-27
-33
-30
-30
-25
-21
-17
-15
-22
-14
-17
-13
-10
-15
-17
-11
-14
-19
-19
-29
-36
-30
-37
-31
-35
-36
-18
-23
-17
-16
-13
-5
-3
4
4
6
6
11
12
10
24
21
19
21
24
20
26
31
28
41
39
44
38
40
46
43
46
42
41
39
34
37
39
38
37
24
31
26
28
28
34
42
33
36
33
29
14
15
20
16
12
3
0
5
9
0
4
-5
-6
-1
-3
4
-3
2
-11
-3
0
-6
-2
-8
-9
-17
-14
-14
-17
-16
-25
-26
-24
-29
-27
-39
-38
-35
-44
-28
-31
-31
-31
-23
-8
-10
-11
-11
-8
-6
-2
-3
-2
0
-5
-3
-9
-16
-1
-6
-5
0
3
0
-8
-5
-2
-2
0
-2
-3
-10
-11
-8
-20
-21
-8
-17
-15
-15
-17
-19
-23
-13
-16
-14
-25
-11
-7
-16
-10
-16
-14
-18
-15
-14
-18
-22
-23
-28
-32
-28
-31
-28
-25
-17
-7
-9
-3
-2
3
13
18
26
41
39
41
60
62
60
58
60
59
57
65
68
65
57
49
54
46
43
46
43
39
27
33
35
32
33
33
35
36
31
36
32
30
20
22
8
-9
-10
-15
-13
-22
-29
-26
-29
-27
-29
-34
-29
-32
-28
-26
-28
-29
-32
-29
-28
-21
-26
-38
-33
-35
-28
-35
-41
-43
-42
-35
-31
-28
-26
-21
-29
-12
-8
-14
-9
-6
-10
-19
-9
-14
-11
-5
-14
-18
-18
-15
-13
-13
-15
-11
-8
-9
-11
-4
-3
-4
-7
-1
-6
-7
-13
-14
-18
-26
-17
-15
-20
-23
-15
-20
-14
-3
-1
0
2
0
6
9
13
20
19
19
19
21
21
28
17
18
11
14
9
2
8
3
1
-5
5
7
11
12
14
18
29
34
32
34
37
37
35
39
42
41
44
37
47
41
42
43
49
50
49
51
52
51
49
44
38
42
39
34
23
27
19
17
13
9
2
2
-2
-8
-9
-9
-13
-16
-13
-22
-22
-31
-37
-39
-36
-34
-39
-40
-33
-30
-25
-32
-30
-24
-23
-22
-26
-17
-24
-23
-24
-31
-30
-34
-44
-45
-51
-52
-56
-61
-57
-58
-48
-43
-43
-39
-38
-35
-25
-22
-24
-14
-21
-20
-13
-11
-7
0
4
-3
1
4
1
1
5
10
12
8
11
14
12
9
6
13
5
1
3
-6
8
3
5
11
8
12
0
7
8
15
21
26
28
20
24
19
24
22
11
17
12
15
7
7
8
6
7
8
14
14
13
16
15
25
23
25
18
6
16
17
18
18
22
24
30
25
32
20
24
32
27
32
32
39
38
44
49
42
34
26
20
22
29
11
11
9
7
12
14
18
10
8
7
3
3
-13
-13
-19
-20
-19
-22
-20
-25
-28
-30
-25
-31
-32
-29
-29
-28
-30
-28
-25
-26
-24
-24
-19
-24
-26
-36
-27
-28
-26
-24
-31
-22
-29
-26
-28
-21
-24
-23
-29
-24
-21
-20
-15
-18
-24
-27
-20
-24
-22
-24
-33
-32
-20
-20
-20
-26
-25
-17
-15
-2
-9
-3
1
-7
0
-10
-4
-1
-1
-1
-4
0
-7
-3
-10
-10
-2
-6
-4
3
11
15
15
18
25
23
26
35
35
38
36
36
37
32
24
25
23
20
22
12
20
17
23
22
18
28
29
30
27
30
33
32
36
36
35
37
36
33
39
27
22
21
17
24
23
24
24
21
24
23
26
20
19
18
15
13
8
15
16
13
14
10
11
8
6
11
7
13
1
0
-2
-8
-13
-20
-23
-27
-32
-36
-37
-43
-50
-47
-44
-47
-50
-50
-49
-47
-46
-46
-39
-43
-39
-38
-40
-34
-34
-33
-37
-41
-43
-44
-41
-38
-41
-36
-35
-30
-33
-27
-13
-18
-9
-15
-14
-3
-4
1
0
-2
0
3
9
5
12
11
22
24
18
20
15
22
22
21
15
17
24
20
18
24
20
23
26
19
13
12
19
11
12
14
6
7
0
3
4
6
14
18
17
14
22
21
17
20
13
13
17
14
9
12
10
11
3
8
0
4
9
7
13
4
17
10
11
9
15
6
1
4
-2
2
-1
1
-2
5
5
5
7
9
9
7
15
11
4
11
13
16
12
15
18
17
7
11
9
11
4
3
8
6
7
0
-5
-6
-4
-15
-17
-21
-28
-25
-27
-19
-23
-19
-10
-4
-10
-10
-4
-10
2
3
1
-4
-7
1
-6
-3
-9
-12
-20
-21
-17
-17
-22
-24
-27
-19
-22
-22
-14
-19
-18
-21
-22
-24
-18
-28
-26
-26
-22
-26
-17
-10
-10
-7
-4
-3
-1
-2
-7
0
-8
-5
3
-8
-2
-1
6
3
5
12
10
8
6
0
0
6
1
3
1
3
-1
2
4
7
14
15
14
17
18
18
25
14
18
14
10
8
2
3
1
-3
-5
0
-2
0
8
19
17
18
18
21
28
31
27
26
28
17
17
17
12
20
11
11
10
7
11
4
8
4
7
10
8
5
10
15
13
6
4
9
10
11
10
6
5
8
4
4
-4
-6
-8
1
0
0
-2
-3
-7
-11
-10
-17
-21
-19
-25
-20
-14
-16
-16
-21
-20
-27
-25
-32
-26
-28
-31
-28
-23
-24
-21
-15
-14
-3
-12
-5
-1
-2
7
5
11
11
2
-2
-3
-5
-5
-10
-20
-10
-14
-7
-9
-12
-6
-1
1
1
7
7
9
4
14
13
9
10
13
3
11
2
-2
-1
2
7
6
6
5
5
4
10
10
9
10
11
6
13
17
19
23
23
17
21
20
14
11
6
3
15
11
10
6
7
3
6
3
1
3
-2
-1
-7
-3
-9
-12
-14
-17
-16
-14
-11
-12
-16
-19
-19
-16
-15
-9
-6
-2
-1
-6
-2
-2
-9
-8
-2
1
-8
-7
-6
-8
-3
-3
-3
-1
3
4
2
7
10
7
13
13
9
9
5
18
11
9
8
0
2
-2
6
6
5
10
9
15
19
21
19
20
22
13
14
15
10
5
-2
-2
-1
-9
-13
-14
-19
-12
-16
-21
-16
-18
-10
-13
-13
-18
-20
-22
-24
-18
-24
-16
-22
-23
-20
-19
-16
-18
-20
-16
-13
-15
-13
-10
-9
-11
-7
-8
-12
-14
-6
-9
-9
-6
-6
-4
1
-1
7
8
10
14
13
14
6
13
12
6
14
14
16
12
12
16
13
10
12
10
9
18
24
24
22
15
20
27
25
31
20
27
24
20
25
33
34
32
29
26
21
12
19
15
10
6
6
-1
0
-8
-4
1
-5
2
-4
-8
-9
-13
-17
-19
-15
-18
-14
-15
-13
-13
-21
-17
-22
-22
-19
-17
-26
-20
-22
-21
-24
-25
-26
-26
-23
-24
-23
-21
-17
-17
-13
-10
-3
-5
-4
-6
-2
2
0
2
-4
-1
-2
-6
8
3
9
6
7
17
14
15
8
8
17
9
9
6
10
12
6
6
6
2
-1
-3
-8
-3
-2
4
-4
9
3
7
11
5
9
9
5
11
12
6
9
2
1
-5
1
-10
-1
0
-9
-11
-8
-3
-3
6
4
7
8
7
6
-2
-3
0
0
2
1
-1
1
3
1
3
-4
4
4
2
5
-3
4
9
14
24
19
21
16
17
19
12
8
9
10
4
1
0
0
2
-2
-6
1
-5
-4
-5
-9
-15
-11
-2
-8
-10
-10
-15
-18
-17
-19
-15
-16
-18
-18
-27
-21
-19
-21
-17
-21
-15
-13
-14
-11
-11
-7
-7
-3
-9
-7
-3
-2
-1
1
1
-4
0
3
5
1
-5
-1
1
7
9
9
14
7
15
17
25
22
14
14
11
13
9
10
8
16
17
15
14
17
20
15
11
13
3
5
4
5
6
-3
6
-2
0
3
7
0
1
4
3
-1
-5
-4
-11
-7
-2
-9
-13
-18
-14
-16
-10
-6
-5
-5
-4
-4
0
5
-1
-2
0
-4
-6
-6
-5
1
-6
1
-1
-1
2
-3
-4
-8
-8
-15
-18
-18
-16
-14
-13
-16
-15
-10
-6
-1
2
-1
1
8
8
8
10
12
7
10
9
11
10
8
9
9
8
6
9
6
6
1
-4
7
7
-2
-1
4
8
7
2
3
-1
0
-2
-1
5
-6
-2
-5
-6
-3
-9
-11
-20
-13
-13
-11
-6
-8
-1
10
5
1
4
-3
0
-2
2
7
-1
9
10
3
8
12
3
3
2
-3
3
3
8
4
4
2
-3
0
-1
3
9
3
9
9
-4
3
-6
-4
-4
-4
0
-5
-2
-3
-8
-5
-2
-6
0
1
-3
1
2
4
6
9
6
11
12
15
12
12
14
18
18
12
16
10
10
5
3
-3
1
3
-4
-3
-3
0
-2
-1
-3
-8
-7
-9
-13
-9
-12
-3
-9
-3
-5
-7
-6
-15
-6
-16
-12
-11
-13
-12
-12
-11
-12
-11
-10
-9
-5
0
-4
-2
-6
-1
-1
-1
-7
-3
-3
-6
-7
-6
-2
-2
1
-2
5
-1
1
-4
-3
-3
-7
-7
-11
-8
-9
-1
6
-3
-3
-7
0
5
4
6
12
16
11
12
12
8
12
16
11
10
10
