SAMPLES:	10264
BITSPERSAMPLE:	16
CHANNELS:	1
SAMPLERATE:	16000
NORMALIZED:	FALSE
-5
-7
-5
-14
-12
-15
-9
-5
-4
1
4
2
3
-4
-3
-3
2
4
10
9
8
7
5
8
7
9
4
4
-3
1
8
7
9
15
17
19
8
10
11
6
5
4
10
8
11
9
12
9
11
10
6
7
4
5
0
2
-6
-6
-3
-5
-2
4
3
3
4
4
6
-2
-5
-4
-2
-3
-1
0
-3
-4
-1
-2
-3
-6
-11
-5
-8
-4
-12
-8
-11
-17
-18
-21
-21
-17
-12
-15
-13
-18
-19
-14
-12
-14
-18
-21
-23
-18
-18
-14
-11
-8
-13
-11
-8
-3
-4
-5
-3
2
-3
-5
-2
-7
-8
-5
8
1
3
3
-1
3
-1
1
-4
1
-3
-1
-2
-1
6
8
10
4
3
2
9
10
12
5
4
6
10
10
1
4
4
2
8
11
14
14
17
16
19
17
16
20
12
11
7
10
9
5
4
7
9
9
13
14
12
6
4
9
12
9
6
5
3
4
5
6
2
4
-1
0
-2
-3
0
-10
-3
1
4
3
-4
-5
-2
-4
-6
-6
-5
-7
-5
-2
-8
-6
-3
-5
-10
-11
-13
-19
-9
-8
-12
-11
-18
-13
-17
-12
-4
-4
-1
4
-7
-6
-5
-8
-7
1
3
5
3
-2
-2
-2
5
4
3
-1
1
0
-3
3
0
-1
3
3
6
8
4
7
11
10
16
16
11
12
7
12
16
16
12
14
18
21
19
20
13
8
10
10
6
8
8
7
5
2
6
3
2
1
4
5
3
4
6
1
-4
-2
-9
-12
-13
-7
-8
-10
-7
-8
-3
-3
-5
-8
-11
-6
-9
-11
-6
-8
-3
-8
-5
-7
-7
-6
-13
-12
-15
-8
-8
-15
-14
-14
-8
-11
-16
-11
-15
-13
-7
-11
-6
-10
-10
1
-2
-4
-1
0
7
4
3
4
5
8
7
3
10
13
9
13
9
12
16
12
11
11
12
9
10
3
11
10
12
10
7
9
13
16
18
8
15
16
11
17
9
13
16
15
7
1
-1
-1
-8
-4
-12
-10
-4
-9
-3
-12
-16
-17
-17
-18
-15
-20
-24
-18
-23
-18
-25
-21
-23
-28
-24
-29
-22
-19
-21
-19
-13
-15
-11
-15
-13
-7
-12
-11
-11
-5
-10
-15
-13
-16
-8
-10
-10
-6
-11
-14
-7
-7
-5
-3
-1
-3
-4
2
3
7
-2
0
-4
-1
2
3
9
7
10
4
3
0
-3
-5
-4
8
7
6
7
13
15
16
17
16
17
18
17
14
19
21
17
19
16
18
13
15
17
18
22
15
18
18
22
23
24
24
23
23
23
24
24
27
29
29
30
31
30
24
28
27
23
25
21
20
25
26
30
33
25
28
26
31
32
33
33
31
30
21
14
8
4
2
3
-12
-16
-21
-33
-36
-32
-35
-44
-55
-56
-62
-70
-72
-67
-70
-68
-74
-76
-76
-70
-68
-74
-71
-76
-67
-62
-63
-54
-51
-57
-47
-43
-34
-40
-33
-28
-25
-17
-13
-9
-7
6
7
13
19
22
23
23
20
24
21
23
27
23
23
19
25
23
23
20
22
29
30
31
28
31
27
28
33
32
29
32
29
32
32
25
26
27
33
34
34
35
31
26
27
29
23
28
25
23
27
25
22
24
15
20
21
19
16
13
19
22
22
22
27
23
17
17
18
21
20
21
24
22
27
16
21
21
21
23
27
24
29
30
29
33
32
36
33
32
35
36
35
31
31
24
12
10
2
-7
-20
-25
-30
-32
-42
-45
-56
-62
-69
-79
-87
-96
-97
-96
-101
-105
-109
-117
-111
-108
-108
-112
-110
-106
-105
-102
-96
-88
-90
-91
-84
-81
-76
-68
-70
-62
-57
-51
-49
-38
-31
-24
-17
-9
-5
-3
5
13
16
23
23
26
33
39
38
36
45
39
52
46
48
45
49
51
48
52
57
63
62
64
65
66
64
60
56
50
45
47
47
43
42
32
39
34
35
34
31
29
20
19
14
13
6
1
-3
-3
-7
-3
-3
-2
-1
-6
-2
6
7
6
12
22
23
27
32
30
35
37
41
43
46
51
57
60
62
61
61
69
74
77
73
75
75
83
91
92
92
93
94
87
85
80
76
70
67
60
51
41
31
27
18
7
-7
-19
-34
-49
-65
-79
-88
-100
-115
-127
-139
-147
-153
-162
-171
-178
-188
-193
-198
-209
-203
-202
-196
-190
-186
-180
-167
-152
-139
-131
-116
-104
-88
-73
-65
-55
-39
-31
-27
-16
-4
7
12
24
28
32
40
46
50
54
57
65
66
62
67
66
68
68
67
67
63
59
58
55
56
55
63
60
67
74
80
76
80
76
75
79
69
75
71
69
71
63
60
56
49
40
36
26
29
24
16
15
8
10
9
5
6
7
13
18
21
23
25
34
35
45
48
53
56
57
62
59
60
66
67
66
71
69
76
75
79
79
80
82
77
70
70
73
75
70
62
63
66
63
52
52
53
41
34
21
13
15
4
-8
-21
-26
-31
-45
-60
-82
-89
-115
-133
-156
-178
-200
-219
-232
-246
-253
-264
-272
-281
-285
-297
-296
-294
-292
-288
-283
-274
-262
-244
-229
-209
-192
-172
-148
-125
-99
-77
-60
-36
-18
2
29
43
60
69
87
99
116
130
132
149
156
160
161
167
170
166
165
163
158
155
145
136
129
125
125
120
114
107
108
102
94
91
89
82
78
74
67
59
53
47
41
38
34
31
18
10
3
-3
3
-1
-3
-10
-8
-8
-13
-16
-18
-16
-14
-10
-11
-3
-5
2
10
15
34
32
41
49
51
60
58
59
63
68
75
80
83
90
94
96
100
104
107
121
121
123
134
133
135
132
138
141
137
130
135
133
127
122
111
98
94
82
62
47
23
-7
-35
-52
-78
-104
-134
-168
-193
-227
-253
-274
-312
-328
-350
-363
-380
-396
-399
-405
-405
-403
-398
-387
-372
-355
-337
-316
-292
-264
-234
-203
-170
-135
-104
-74
-49
-25
1
24
48
71
91
109
130
151
169
180
198
212
220
229
228
234
230
219
221
209
204
197
189
184
169
165
158
144
135
122
114
108
97
92
80
66
53
55
48
39
23
17
14
7
3
-3
-3
-7
-6
-7
-12
-13
-13
-14
-13
-18
-23
-12
-18
-13
-7
-11
-4
-2
8
15
20
23
24
32
39
38
45
46
52
56
57
57
55
65
69
72
78
84
90
103
111
122
130
140
145
150
158
159
167
174
177
176
180
177
178
169
160
145
127
102
75
48
18
-13
-49
-91
-134
-173
-214
-257
-302
-337
-376
-405
-436
-465
-490
-514
-526
-541
-548
-553
-549
-538
-531
-514
-492
-466
-435
-395
-364
-319
-280
-236
-190
-150
-101
-53
-13
30
71
107
144
173
200
226
247
268
282
298
308
325
332
339
347
352
354
353
354
344
337
331
320
311
304
290
272
259
243
228
215
190
176
161
146
127
101
84
64
47
32
9
-15
-30
-43
-60
-76
-84
-94
-100
-113
-123
-132
-137
-135
-134
-130
-124
-115
-116
-106
-97
-86
-79
-68
-50
-39
-30
-15
-2
7
21
31
43
45
43
50
54
62
72
79
81
88
95
102
111
113
124
130
132
141
144
159
173
181
191
193
202
203
208
205
207
203
199
187
172
159
129
110
75
41
0
-43
-86
-137
-187
-235
-280
-327
-367
-409
-451
-485
-514
-540
-566
-580
-590
-590
-591
-587
-567
-555
-526
-499
-469
-431
-398
-351
-312
-270
-223
-173
-118
-67
-23
19
70
110
157
193
220
253
280
308
331
358
379
396
407
416
415
419
418
414
408
400
393
378
367
357
334
316
298
277
252
226
207
186
161
135
116
91
65
37
10
-12
-33
-55
-78
-93
-110
-126
-140
-155
-164
-174
-185
-196
-202
-202
-201
-197
-192
-180
-166
-158
-148
-130
-120
-109
-97
-74
-50
-39
-17
2
21
36
52
65
73
85
100
116
126
132
134
146
157
166
180
188
199
199
203
201
208
215
226
237
240
247
252
267
275
282
284
287
283
273
267
249
226
200
164
122
74
24
-27
-86
-147
-211
-269
-326
-380
-439
-489
-539
-573
-613
-649
-678
-699
-714
-721
-724
-723
-704
-689
-657
-629
-592
-551
-497
-443
-384
-329
-268
-204
-143
-81
-33
16
63
106
153
192
231
265
295
324
344
360
381
397
402
412
420
427
428
430
432
432
420
414
406
391
372
352
327
310
292
264
238
213
185
158
132
105
71
40
11
-16
-39
-61
-83
-106
-117
-137
-149
-158
-175
-179
-185
-186
-183
-186
-179
-170
-166
-158
-144
-137
-127
-112
-94
-80
-61
-45
-27
-8
17
30
46
63
78
92
108
115
131
140
149
168
174
176
185
195
199
205
208
219
219
228
236
247
256
264
280
283
293
307
311
320
318
314
316
305
284
259
224
184
135
85
36
-26
-92
-161
-227
-290
-352
-418
-480
-541
-593
-642
-686
-723
-750
-768
-786
-800
-797
-785
-763
-736
-707
-670
-627
-576
-523
-465
-405
-345
-275
-210
-155
-93
-30
34
85
134
185
228
270
304
338
369
391
423
433
448
459
466
478
481
481
474
472
461
456
449
434
422
397
380
352
321
300
271
244
217
189
160
130
97
65
31
1
-37
-59
-90
-113
-136
-158
-171
-189
-197
-216
-223
-231
-233
-234
-233
-224
-215
-199
-187
-172
-149
-130
-104
-84
-61
-42
-22
5
31
46
59
82
96
120
130
142
156
161
165
175
179
190
198
201
205
216
220
222
232
241
254
260
268
273
290
310
325
340
352
358
363
365
358
352
331
304
263
221
169
116
48
-28
-105
-193
-267
-352
-427
-498
-574
-633
-695
-745
-786
-815
-843
-867
-885
-888
-880
-868
-848
-818
-779
-730
-672
-618
-551
-486
-411
-335
-264
-195
-125
-53
9
67
123
178
223
264
297
332
365
399
418
438
455
463
475
483
490
495
491
487
481
470
464
446
442
424
407
396
373
358
329
309
280
247
210
171
132
91
52
8
-29
-71
-105
-137
-169
-197
-214
-235
-250
-262
-274
-275
-275
-273
-264
-253
-236
-224
-204
-182
-165
-140
-114
-93
-64
-38
-11
21
46
68
89
112
138
158
177
194
206
218
223
235
246
256
259
261
264
271
277
280
289
297
297
309
316
328
345
361
382
392
408
418
425
424
411
391
365
322
269
208
139
64
-15
-101
-194
-290
-382
-463
-544
-619
-694
-763
-820
-863
-899
-924
-949
-958
-958
-951
-923
-898
-854
-808
-753
-692
-618
-546
-471
-384
-306
-228
-152
-83
-15
54
113
160
205
250
278
312
336
358
382
395
415
421
426
429
435
443
444
445
444
441
444
440
438
433
417
407
398
387
364
342
322
290
271
242
208
171
137
102
63
29
-10
-46
-81
-120
-152
-181
-211
-239
-258
-276
-289
-292
-293
-287
-277
-269
-249
-228
-202
-173
-142
-102
-66
-28
11
44
77
103
129
156
168
190
206
213
225
228
234
237
236
236
237
236
235
234
242
245
250
252
271
286
311
345
377
420
447
475
498
521
535
535
519
479
425
355
276
190
88
-21
-140
-268
-392
-505
-611
-707
-796
-876
-946
-998
-1045
-1077
-1101
-1114
-1113
-1100
-1067
-1034
-980
-915
-841
-757
-665
-564
-471
-365
-260
-165
-73
13
93
161
220
265
310
337
350
357
365
363
361
355
343
331
321
318
315
310
312
322
322
325
325
340
351
364
377
386
401
415
427
444
457
464
460
446
423
393
360
311
257
197
132
66
3
-67
-123
-177
-218
-259
-289
-320
-346
-364
-382
-390
-384
-374
-364
-354
-340
-311
-276
-233
-193
-139
-84
-32
23
74
125
170
210
237
263
280
289
293
296
297
278
277
262
255
250
241
240
239
248
253
264
281
319
359
407
455
492
533
576
615
643
639
624
585
533
451
347
225
98
-51
-207
-356
-514
-655
-781
-887
-989
-1066
-1128
-1172
-1201
-1204
-1203
-1182
-1155
-1116
-1068
-1009
-939
-846
-742
-645
-534
-424
-308
-196
-83
25
131
220
288
337
378
404
405
399
379
351
321
288
249
212
184
160
157
147
146
166
177
201
221
243
277
308
333
363
396
443
485
527
566
607
644
667
681
676
658
627
574
509
425
329
223
107
2
-108
-202
-297
-374
-434
-488
-530
-562
-577
-584
-584
-569
-549
-516
-479
-437
-377
-309
-235
-161
-97
-27
46
108
161
207
248
281
292
302
303
299
287
272
260
248
234
217
201
197
200
209
221
244
273
304
348
410
494
582
668
730
791
857
887
898
885
832
737
617
464
271
83
-130
-352
-564
-777
-976
-1146
-1273
-1373
-1442
-1485
-1511
-1489
-1447
-1392
-1319
-1233
-1151
-1048
-928
-811
-681
-531
-389
-253
-116
13
134
249
352
435
492
515
511
489
446
379
301
215
116
23
-72
-146
-197
-228
-233
-224
-209
-173
-119
-57
13
79
160
233
316
403
492
591
684
767
858
941
1015
1078
1105
1111
1088
1044
948
826
668
496
300
108
-94
-286
-449
-611
-728
-822
-871
-896
-897
-867
-832
-778
-719
-638
-554
-463
-357
-252
-138
-35
79
194
300
405
491
541
575
580
552
513
447
376
285
201
104
2
-79
-157
-207
-241
-262
-242
-203
-154
-76
8
108
225
344
465
634
817
1002
1173
1296
1396
1481
1523
1491
1396
1226
994
713
375
-4
-371
-731
-1070
-1379
-1671
-1914
-2069
-2156
-2181
-2164
-2093
-2005
-1865
-1680
-1484
-1279
-1066
-859
-654
-448
-248
-41
175
369
532
688
796
900
976
1015
986
888
755
591
414
220
13
-211
-406
-570
-715
-814
-860
-858
-796
-699
-585
-446
-288
-98
95
284
468
618
781
950
1107
1244
1374
1479
1566
1638
1667
1660
1624
1530
1384
1184
922
629
293
-41
-379
-687
-967
-1206
-1369
-1469
-1508
-1485
-1409
-1298
-1144
-979
-787
-593
-400
-213
-28
151
293
433
545
634
715
788
827
827
796
740
649
529
372
209
25
-154
-330
-482
-606
-711
-770
-793
-784
-728
-624
-502
-338
-161
34
233
437
626
804
992
1200
1439
1674
1879
1965
1975
1960
1886
1744
1496
1162
741
264
-261
-791
-1288
-1702
-2064
-2357
-2580
-2735
-2760
-2675
-2497
-2274
-2016
-1740
-1443
-1115
-786
-485
-195
56
278
484
669
845
1019
1147
1230
1248
1210
1113
977
809
573
294
-24
-348
-661
-959
-1203
-1391
-1515
-1567
-1544
-1448
-1280
-1038
-767
-476
-167
139
456
761
1042
1296
1491
1641
1764
1862
1929
1958
1943
1901
1843
1747
1597
1363
1094
792
438
49
-354
-734
-1090
-1399
-1658
-1839
-1924
-1915
-1816
-1616
-1367
-1096
-771
-438
-112
198
457
694
870
992
1075
1104
1105
1076
1012
925
788
630
458
262
65
-153
-364
-580
-767
-901
-1011
-1075
-1099
-1085
-1004
-881
-722
-546
-343
-133
94
322
541
749
949
1167
1354
1497
1617
1790
1984
2165
2243
2170
2017
1822
1557
1184
729
191
-388
-978
-1575
-2106
-2506
-2794
-2987
-3069
-3037
-2908
-2662
-2299
-1906
-1472
-1058
-682
-307
83
424
722
968
1156
1290
1371
1426
1422
1403
1309
1128
886
567
225
-134
-505
-898
-1282
-1641
-1922
-2111
-2189
-2201
-2108
-1921
-1646
-1316
-924
-486
-34
413
820
1175
1480
1739
1950
2123
2224
2258
2215
2153
2074
1955
1771
1566
1357
1101
793
438
52
-303
-645
-980
-1299
-1570
-1754
-1857
-1845
-1761
-1591
-1347
-1028
-662
-261
108
459
793
1064
1260
1382
1435
1425
1370
1256
1081
876
640
385
130
-118
-363
-597
-799
-951
-1074
-1158
-1198
-1200
-1123
-1001
-865
-703
-494
-280
-48
160
352
539
720
880
1016
1107
1167
1240
1276
1297
1290
1257
1290
1420
1529
1580
1498
1303
1078
832
505
87
-406
-925
-1408
-1867
-2296
-2610
-2745
-2747
-2671
-2502
-2290
-1968
-1540
-1084
-672
-304
40
305
592
828
1004
1126
1193
1234
1194
1141
1055
942
796
532
187
-196
-591
-955
-1279
-1594
-1880
-2107
-2226
-2231
-2112
-1897
-1590
-1222
-812
-386
56
493
909
1285
1569
1781
1903
1964
1983
1978
1931
1835
1674
1487
1289
1069
853
600
339
57
-201
-443
-669
-846
-965
-1023
-1049
-1065
-1003
-863
-696
-500
-286
-112
68
284
486
651
800
926
1011
1046
1009
914
815
680
489
272
25
-218
-459
-653
-829
-954
-1022
-1033
-981
-891
-779
-624
-443
-259
-61
102
244
368
464
549
603
648
669
684
696
706
685
663
625
587
561
555
554
524
544
679
908
1119
1237
1208
1078
935
727
414
40
-387
-859
-1324
-1766
-2125
-2321
-2366
-2351
-2258
-2099
-1878
-1570
-1193
-812
-498
-215
-9
193
408
593
740
850
907
908
867
798
701
576
383
108
-223
-589
-922
-1225
-1482
-1693
-1836
-1881
-1827
-1669
-1412
-1083
-702
-295
95
463
794
1098
1375
1573
1669
1718
1711
1671
1623
1535
1427
1257
1042
834
633
405
163
-90
-289
-470
-636
-716
-737
-678
-614
-567
-469
-332
-195
-58
94
206
296
388
471
563
628
673
676
667
627
545
422
278
111
-83
-302
-510
-685
-816
-903
-924
-901
-829
-690
-509
-307
-98
82
233
375
463
533
581
612
612
604
557
505
484
462
448
395
308
223
144
104
93
99
158
241
343
515
824
1182
1517
1663
1583
1443
1261
967
529
16
-533
-1104
-1639
-2107
-2426
-2535
-2497
-2392
-2224
-2005
-1735
-1387
-993
-627
-322
-96
60
232
437
626
761
870
955
947
885
780
684
504
199
-217
-657
-1060
-1393
-1656
-1838
-1943
-1933
-1813
-1595
-1270
-870
-440
-18
377
716
962
1178
1365
1511
1569
1561
1528
1476
1406
1320
1241
1091
889
643
386
135
-118
-363
-586
-731
-817
-824
-724
-518
-282
-78
110
289
435
562
622
625
579
482
404
339
289
246
209
157
104
2
-118
-240
-344
-443
-559
-658
-723
-699
-592
-452
-315
-157
21
201
394
523
607
648
636
580
483
409
340
290
239
165
107
37
7
-13
-71
-107
-180
-222
-206
-129
-4
149
365
570
744
995
1413
1854
2194
2257
2057
1744
1361
876
266
-382
-1028
-1673
-2243
-2711
-3005
-3028
-2873
-2656
-2406
-2133
-1776
-1373
-925
-508
-183
93
342
599
886
1142
1352
1473
1508
1418
1229
979
629
233
-265
-808
-1326
-1777
-2080
-2246
-2250
-2139
-1943
-1631
-1251
-812
-321
128
508
815
1056
1239
1388
1530
1641
1697
1695
1655
1575
1467
1331
1127
835
476
80
-286
-590
-833
-997
-1063
-1041
-900
-652
-328
72
437
696
827
890
902
845
751
590
396
215
60
-58
-128
-166
-206
-220
-289
-386
-482
-539
-551
-578
-575
-519
-421
-225
7
224
419
573
682
715
686
603
490
357
218
87
-55
-145
-166
-158
-156
-161
-183
-185
-182
-189
-183
-132
-58
80
243
434
663
905
1153
1336
1478
1636
1858
2102
2174
1973
1520
968
451
-115
-754
-1408
-1966
-2453
-2825
-3067
-3116
-2950
-2610
-2213
-1831
-1438
-1008
-532
-29
400
695
925
1120
1315
1459
1525
1464
1320
1057
657
196
-309
-809
-1276
-1725
-2108
-2382
-2518
-2449
-2214
-1869
-1477
-1048
-540
-18
469
882
1215
1470
1637
1713
1751
1745
1696
1611
1440
1192
899
630
360
84
-203
-497
-764
-917
-963
-917
-783
-602
-298
30
362
687
1021
1325
1504
1540
1416
1221
984
709
381
22
-298
-591
-803
-940
-999
-1002
-930
-840
-755
-627
-426
-158
86
304
448
562
679
788
811
786
666
502
285
29
-189
-375
-507
-594
-647
-696
-682
-593
-457
-324
-198
-90
-3
143
282
429
563
685
806
898
999
1062
1133
1168
1158
1084
954
838
884
1056
1199
1134
832
427
28
-340
-785
-1278
-1702
-2029
-2285
-2409
-2412
-2217
-1800
-1348
-962
-665
-348
-38
297
579
690
699
698
709
699
638
529
367
138
-183
-574
-971
-1306
-1576
-1812
-2010
-2131
-2077
-1857
-1490
-1053
-599
-155
275
665
988
1226
1377
1448
1428
1342
1210
1128
1028
905
729
490
289
111
-67
-210
-313
-379
-431
-455
-400
-270
-66
168
375
604
811
963
1102
1226
1311
1325
1194
949
666
354
35
-298
-626
-909
-1138
-1258
-1261
-1147
-909
-626
-314
-38
235
507
718
820
837
769
644
483
297
117
-70
-238
-399
-554
-652
-713
-694
-633
-555
-503
-439
-337
-183
16
222
394
536
694
828
945
988
986
933
846
708
556
444
364
317
276
240
209
208
364
679
1011
1190
1111
826
455
110
-299
-751
-1135
-1434
-1685
-1858
-1906
-1777
-1446
-1057
-764
-598
-446
-271
-64
111
193
223
272
352
358
345
303
164
-69
-406
-834
-1227
-1517
-1716
-1832
-1890
-1842
-1672
-1357
-954
-526
-126
236
552
786
954
1035
1065
1087
1064
1010
937
868
812
699
538
315
73
-115
-246
-371
-455
-457
-361
-195
-19
156
348
553
752
884
985
1033
1067
1131
1188
1191
1144
1035
824
545
180
-211
-599
-883
-1112
-1258
-1237
-1077
-801
-438
-89
199
438
614
685
606
466
280
126
-14
-141
-236
-288
-286
-297
-347
-416
-483
-511
-497
-472
-418
-310
-153
39
217
401
569
706
818
836
798
697
570
435
301
163
23
-70
-146
-148
-131
-83
7
157
300
428
690
1072
1437
1620
1501
1133
701
275
-250
-770
-1195
-1515
-1717
-1774
-1735
-1576
-1201
-839
-579
-413
-300
-218
-87
48
81
87
132
146
131
90
-52
-250
-516
-872
-1228
-1538
-1721
-1778
-1713
-1512
-1287
-1009
-663
-282
81
380
595
738
849
911
934
937
940
912
849
736
587
403
207
-17
-234
-395
-459
-496
-477
-313
-74
186
436
643
785
907
996
1053
1099
1147
1156
1142
1134
1094
1067
984
820
516
146
-268
-684
-983
-1173
-1229
-1165
-996
-764
-482
-206
39
192
279
276
187
79
22
41
72
89
85
56
34
-47
-186
-366
-518
-635
-692
-666
-562
-361
-88
195
394
543
580
582
562
484
347
204
106
46
1
-30
-37
2
50
44
13
38
150
323
500
633
708
819
1035
1377
1660
1721
1469
967
371
-212
-758
-1164
-1369
-1431
-1403
-1367
-1305
-1128
-818
-545
-432
-457
-497
-478
-374
-229
-110
17
135
169
71
-106
-353
-598
-879
-1206
-1507
-1662
-1599
-1400
-1119
-846
-595
-361
-133
9
90
194
261
347
434
516
608
722
782
769
663
451
218
-8
-194
-371
-472
-460
-334
-138
82
322
590
840
1034
1130
1148
1143
1156
1170
1174
1169
1094
989
827
658
496
380
251
48
-197
-435
-598
-697
-699
-685
-636
-564
-486
-392
-262
-96
45
154
233
289
347
379
414
399
295
107
-127
-357
-539
-668
-794
-817
-800
-708
-550
-384
-172
8
131
165
163
179
201
228
235
224
214
187
224
244
242
232
200
210
232
257
291
358
453
530
563
544
542
629
892
1234
1453
1403
1064
564
74
-331
-682
-884
-985
-1052
-1068
-1064
-1003
-855
-700
-634
-695
-741
-716
-605
-450
-329
-199
-119
-93
-157
-301
-480
-671
-853
-1081
-1276
-1345
-1253
-1055
-804
-620
-532
-460
-377
-310
-247
-154
-20
129
250
364
500
582
610
559
442
287
153
56
-8
-35
-27
19
139
302
450
593
709
818
912
987
1044
1116
1164
1156
1089
965
807
637
457
285
158
118
144
155
176
177
133
33
-83
-178
-258
-304
-360
-357
-290
-204
-96
-30
-2
-12
-56
-130
-197
-267
-325
-386
-436
-485
-482
-481
-463
-420
-369
-301
-242
-155
-84
-10
22
-2
-46
-106
-150
-171
-156
-78
13
144
249
320
347
362
335
304
256
179
129
110
144
241
394
561
718
793
804
803
942
1227
1505
1627
1446
1018
553
124
-297
-663
-915
-1047
-1118
-1184
-1248
-1241
-1131
-1001
-910
-832
-775
-702
-587
-462
-367
-254
-202
-223
-311
-397
-474
-552
-621
-707
-768
-787
-775
-780
-781
-776
-769
-724
-668
-575
-425
-232
-11
209
367
430
437
380
296
209
146
143
194
292
369
425
495
540
576
575
518
519
572
672
784
879
966
1074
1151
1130
1029
881
705
523
380
302
275
295
345
369
343
249
75
-102
-275
-412
-464
-443
-361
-251
-168
-143
-133
-127
-142
-158
-159
-126
-47
25
77
88
41
-111
-288
-455
-563
-638
-672
-690
-737
-739
-743
-701
-626
-523
-389
-247
-88
60
212
343
454
503
480
467
438
425
388
353
327
317
294
239
188
151
148
203
325
435
512
562
577
660
884
1213
1477
1472
1176
695
179
-240
-527
-738
-834
-836
-842
-878
-965
-1023
-1075
-1122
-1122
-1108
-1014
-804
-533
-291
-148
-86
-32
-6
-42
-135
-242
-328
-405
-483
-597
-722
-856
-1010
-1155
-1272
-1347
-1296
-1122
-894
-604
-349
-33
288
561
754
821
900
941
975
1022
1015
1023
945
781
564
323
161
63
-30
-41
3
99
225
322
413
489
596
707
836
964
1054
1089
1068
998
914
809
722
619
493
331
77
-190
-446
-636
-713
-689
-583
-465
-335
-197
-109
-57
-59
-111
-169
-219
-263
-279
-343
-450
-559
-650
-697
-672
-572
-435
-318
-204
-136
-97
-85
-105
-94
-72
-35
-3
57
116
162
143
106
57
25
46
79
132
150
142
114
122
178
272
375
386
348
318
354
481
641
744
750
680
573
507
551
792
1068
1198
1070
667
190
-226
-494
-646
-728
-760
-777
-797
-860
-949
-1027
-1084
-1074
-956
-861
-725
-511
-287
-128
-93
-145
-252
-387
-530
-648
-745
-797
-861
-903
-930
-988
-1001
-937
-788
-621
-457
-274
-83
111
283
413
528
602
645
653
632
592
541
493
441
344
241
117
35
1
7
78
170
310
503
695
892
1055
1151
1188
1203
1201
1176
1175
1107
990
812
584
342
101
-49
-88
-62
-18
-28
-135
-274
-410
-515
-548
-527
-500
-452
-375
-350
-311
-292
-296
-239
-198
-113
3
83
110
39
-105
-306
-492
-602
-642
-615
-586
-537
-522
-489
-457
-442
-423
-402
-355
-284
-189
-90
17
121
208
262
325
401
502
623
679
672
578
424
276
148
92
86
76
55
15
5
100
269
496
663
719
694
636
673
872
1152
1330
1249
905
466
93
-174
-304
-351
-426
-527
-686
-876
-1074
-1282
-1429
-1444
-1333
-1172
-1015
-855
-702
-576
-490
-450
-418
-363
-250
-117
-9
-6
-69
-181
-335
-517
-722
-868
-949
-949
-918
-830
-688
-501
-306
-110
84
246
400
529
651
763
866
961
1010
1020
983
936
871
719
603
485
379
297
237
221
216
262
305
328
381
470
572
657
726
782
805
811
758
699
609
463
341
234
145
23
-129
-297
-475
-626
-721
-723
-656
-545
-470
-440
-447
-466
-478
-458
-418
-387
-336
-311
-296
-281
-297
-297
-338
-370
-368
-350
-306
-267
-238
-240
-259
-292
-329
-299
-227
-132
-25
84
119
141
176
225
275
327
386
406
421
421
466
521
549
519
431
309
198
131
147
257
378
504
603
681
709
710
685
653
700
801
932
996
834
490
70
-276
-443
-461
-450
-493
-599
-763
-962
-1184
-1391
-1508
-1470
-1297
-1038
-812
-669
-610
-570
-571
-563
-549
-548
-503
-401
-285
-229
-232
-292
-374
-396
-412
-423
-353
-250
-163
-90
-67
-32
32
135
257
336
400
404
420
422
432
449
492
576
654
691
724
740
758
771
758
740
702
617
499
415
340
326
358
429
460
493
495
486
452
378
305
246
229
200
140
69
19
-47
-127
-264
-404
-523
-593
-588
-579
-578
-598
-628
-643
-658
-670
-666
-645
-561
-423
-279
-214
-200
-194
-188
-130
-83
-39
-19
-26
-34
-71
-114
-157
-199
-235
-266
-283
-278
-214
-122
-2
112
184
216
230
265
329
465
625
751
822
833
803
733
678
606
525
443
354
256
174
114
91
113
127
159
182
231
319
432
585
734
790
732
531
239
-40
-214
-255
-279
-316
-403
-596
-822
-1055
-1255
-1422
-1523
-1495
-1336
-1123
-918
-791
-700
-634
-519
-372
-217
-85
4
59
87
149
126
63
-46
-140
-186
-214
-223
-268
-271
-239
-204
-173
-164
-112
-40
46
153
254
372
460
525
588
662
734
783
842
869
868
852
829
779
718
635
543
413
263
154
56
26
1
-24
-45
-61
-82
-130
-149
-146
-123
-62
5
75
144
197
195
125
-27
-175
-301
-370
-402
-437
-453
-516
-564
-599
-616
-603
-553
-459
-348
-249
-160
-102
-89
-79
-87
-36
7
47
76
86
111
125
96
40
7
-1
42
125
214
271
270
230
200
206
268
318
365
403
404
403
368
336
283
225
157
86
48
13
3
-5
-3
-24
-41
-28
-21
23
58
83
106
107
107
78
29
1
-5
28
93
163
216
232
200
165
107
66
24
-40
-92
-170
-284
-389
-480
-558
-576
-582
-539
-467
-390
-322
-261
-223
-216
-227
-219
-198
-141
-87
-35
-10
-26
-11
-54
-70
-107
-111
-114
-118
-117
-146
-146
-151
-158
-181
-185
-189
-201
-197
-157
-80
2
46
80
97
110
102
52
18
-31
-77
-100
-74
-19
43
97
106
132
187
250
292
324
333
348
374
382
400
410
422
411
365
317
249
180
152
153
150
112
78
65
89
94
82
95
101
117
109
93
80
48
37
-17
-43
-29
6
11
-18
-44
-50
-83
-99
-99
-93
-85
-78
-83
-113
-152
-204
-209
-194
-176
-166
-177
-188
-192
-177
-141
-112
-102
-109
-166
-167
-158
-118
-53
23
52
47
44
64
97
116
153
167
189
170
136
88
55
61
84
110
131
147
138
113
109
132
179
227
253
275
273
273
282
260
266
297
363
401
399
386
320
221
117
55
22
-21
-86
-186
-312
-423
-530
-612
-666
-715
-728
-734
-721
-667
-600
-545
-522
-504
-445
-409
-368
-338
-332
-329
-347
-353
-388
-424
-443
-455
-480
-513
-528
-517
-444
-384
-299
-225
-177
-96
-41
48
100
182
267
318
373
398
456
528
594
633
654
650
662
695
715
736
727
695
675
652
653
658
670
682
690
677
666
660
622
578
495
402
305
192
106
15
-57
-106
-172
-231
-288
-313
-342
-375
-398
-424
-448
-462
-442
-443
-420
-397
-360
-338
-341
-360
-354
-324
-299
-273
-269
-262
-254
-269
-286
-305
-333
-373
-400
-424
-398
-359
-305
-233
-173
-99
-33
48
132
222
270
295
322
383
427
460
481
473
489
498
493
492
477
461
438
401
370
339
334
329
319
299
266
253
249
266
267
284
286
279
275
225
190
153
131
122
68
-14
-137
-262
-369
-463
-533
-617
-698
-790
-860
-897
-903
-885
-859
-823
-805
-788
-752
-713
-655
-581
-521
-470
-448
-435
-446
-404
-370
-368
-365
-347
-317
-269
-221
-175
-115
-69
-18
25
66
128
201
261
305
352
420
461
517
558
556
555
534
520
511
501
496
505
530
556
565
598
621
634
627
602
616
615
614
625
596
565
515
439
354
284
233
190
140
96
49
-9
-67
-132
-200
-274
-314
-325
-342
-322
-323
-349
-370
-389
-396
-374
-345
-307
-257
-235
-201
-169
-153
-125
-141
-172
-230
-278
-301
-303
-267
-246
-210
-156
-119
-93
-81
-59
-25
53
99
146
184
193
182
156
172
164
177
182
158
111
71
34
25
39
62
85
71
71
92
93
76
45
6
-23
-58
-68
-59
-20
3
5
-28
-51
-63
-74
-59
-43
-23
-12
-2
23
36
44
33
38
44
36
35
54
60
44
14
-56
-115
-177
-209
-227
-212
-201
-172
-166
-218
-266
-312
-335
-352
-347
-322
-303
-292
-285
-292
-287
-269
-265
-259
-252
-235
-201
-169
-136
-110
-78
-44
-21
9
24
14
11
18
29
30
24
17
35
33
62
81
115
143
160
186
212
263
320
364
385
436
469
494
491
478
472
467
470
479
499
500
484
423
374
335
293
243
208
188
143
93
52
27
30
56
81
76
80
77
64
47
39
55
44
43
0
-65
-120
-178
-214
-239
-217
-218
-218
-228
-237
-265
-288
-293
-309
-304
-302
-281
-243
-233
-241
-237
-227
-206
-197
-193
-199
-196
-182
-187
-203
-224
-231
-220
-230
-239
-242
-232
-205
-182
-157
-119
-74
-6
47
101
139
148
158
157
157
173
157
139
141
144
151
161
182
203
226
246
244
238
228
222
246
273
298
323
349
376
380
348
307
275
212
155
118
97
101
93
60
-1
-60
-130
-164
-202
-247
-254
-289
-313
-364
-400
-420
-431
-414
-402
-411
-414
-444
-455
-465
-469
-467
-462
-441
-427
-418
-414
-388
-353
-314
-272
-230
-178
-124
-61
9
68
123
159
182
204
210
223
257
282
307
311
345
371
403
393
392
395
397
425
444
464
484
503
490
491
481
486
479
469
446
423
419
388
339
286
203
122
45
-41
-84
-112
-127
-142
-135
-135
-155
-164
-198
-192
-207
-227
-221
-235
-233
-252
-281
-313
-325
-326
-335
-338
-338
-340
-352
-349
-353
-328
-275
-242
-202
-184
-157
-120
-91
-61
-47
-16
10
55
96
113
115
121
104
80
39
19
-26
-28
-17
-4
14
-11
29
69
94
102
125
154
182
205
226
257
273
294
299
281
260
225
183
142
92
47
9
-46
-77
-116
-128
-118
-107
-73
-53
-44
-17
21
46
74
68
79
75
86
92
99
107
95
99
74
36
6
-21
-33
-52
-75
-115
-168
-199
-215
-217
-217
-214
-198
-188
-185
-183
-175
-157
-167
-183
-206
-226
-240
-234
-219
-218
-233
-239
-228
-199
-190
-168
-149
-121
-101
-94
-96
-83
-70
-55
-41
-44
-15
26
60
83
118
142
158
150
129
117
104
100
92
67
66
88
101
118
126
165
228
267
310
337
338
318
304
303
300
303
311
310
290
268
232
208
187
153
140
110
72
31
12
-35
-47
-52
-76
-59
-38
-26
-9
-2
29
38
44
56
52
59
60
51
39
14
-15
-38
-77
-102
-122
-128
-138
-145
-139
-147
-161
-168
-174
-183
-195
-202
-198
-203
-200
-207
-209
-192
-181
-180
-180
-162
-149
-140
-110
-93
-72
-65
-49
-16
-7
-17
-39
-37
-25
-17
-12
-26
-40
-33
-19
-1
30
52
81
99
125
151
173
211
223
234
238
251
247
234
211
203
185
179
175
170
164
149
142
134
130
117
119
111
102
76
36
9
-1
-24
-39
-65
-108
-143
-193
-209
-226
-241
-268
-280
-304
-318
-341
-346
-356
-363
-377
-387
-380
-376
-353
-341
-321
-292
-274
-253
-232
-227
-200
-165
-138
-106
-82
-65
-33
-15
-14
-7
8
34
85
116
147
169
194
231
246
255
262
291
316
340
349
356
367
368
366
372
376
390
367
333
329
312
307
299
288
262
237
220
223
219
206
188
179
183
155
124
82
52
19
-5
-29
-61
-76
-83
-97
-108
-116
-137
-147
-161
-151
-142
-147
-155
-171
-183
-197
-211
-229
-219
-214
-198
-185
-194
-188
-177
-175
-178
-175
-183
-186
-185
-177
-148
-140
-111
-105
-85
-62
-50
-28
-12
12
16
16
6
1
-21
-10
-9
-17
-33
-35
-7
8
6
-2
23
38
72
91
100
109
80
68
48
48
48
57
66
59
51
58
59
71
85
72
64
53
49
32
24
36
26
32
31
33
44
60
84
77
71
59
47
30
21
-6
-33
-58
-80
-87
-109
-106
-110
-129
-133
-143
-140
-130
-120
-102
-92
-80
-65
-75
-84
-104
-102
-92
-104
-101
-117
-126
-124
-118
-122
-122
-125
-115
-111
-111
-77
-43
5
32
49
71
90
120
140
146
159
164
182
187
182
181
165
153
119
107
102
106
124
133
156
172
191
185
189
195
199
207
203
200
208
190
184
166
137
114
93
92
72
52
23
2
-20
-35
-37
-26
-23
-35
-44
-51
-62
-97
-120
-145
-153
-168
-183
-182
-180
-174
-170
-159
-177
-174
-169
-153
-126
-121
-106
-103
-101
-106
-117
-102
-98
-82
-58
-31
-5
7
7
-6
-27
-42
-65
-78
-79
-75
-68
-59
-53
-52
-53
-39
-25
-14
10
36
63
85
86
97
94
95
95
93
91
80
74
83
79
64
50
35
46
49
57
72
65
66
63
59
74
96
120
133
130
124
127
133
98
72
53
34
27
13
-4
-17
-48
-57
-56
-61
-72
-83
-72
-72
-86
-95
-91
-81
-81
-83
-83
-90
-102
-104
-113
-123
-137
-148
-134
-130
-121
-139
-151
-150
-152
-129
-114
-96
-86
-72
-71
-58
-55
-37
-26
-22
-10
-17
-2
5
12
0
-4
-1
32
61
79
107
110
117
100
98
101
105
121
133
139
136
146
151
171
180
191
174
139
120
90
91
75
80
80
65
54
47
49
61
56
38
26
20
34
28
40
53
53
63
40
18
18
28
28
-2
-28
-51
-72
-94
-111
-120
-125
-114
-110
-96
-96
-90
-66
-59
-38
-28
-15
-15
-7
-16
-8
-4
-5
-15
-24
-15
-13
-5
-19
-29
-18
-7
-3
5
19
36
45
40
34
13
8
1
-26
-34
-45
-35
-50
-52
-51
-53
-51
-55
-55
-49
-37
-21
3
6
11
18
23
19
18
9
8
1
5
0
2
-2
-9
0
8
27
33
52
62
66
66
51
45
38
25
20
12
-4
-13
-5
-6
-19
-30
-46
-45
-54
-58
-55
-56
-47
-42
-39
-49
-48
-64
-72
-75
-74
-73
-79
-105
-112
-117
-113
-116
-124
-127
-117
-97
-96
-87
-75
-56
-51
-54
-64
-49
-32
-30
-14
5
26
39
46
57
77
95
106
112
118
134
131
127
116
104
93
95
100
106
117
122
118
120
111
106
119
131
131
150
158
161
148
146
147
117
107
69
45
43
42
42
37
31
21
7
-18
-19
-28
-47
-57
-59
-55
-67
-81
-77
-68
-63
-61
-65
-61
-68
-80
-93
-96
-98
-104
-107
-106
-83
-70
-61
-52
-38
-20
-17
-26
-28
-28
-31
-37
-35
-26
-32
-28
-26
-23
-23
-23
0
8
21
29
40
55
43
44
49
38
46
42
22
22
17
8
-11
-24
-19
-24
-17
-12
5
21
34
39
44
51
49
58
57
53
47
41
42
24
14
8
-11
-17
-26
-34
-40
-34
-22
-29
-15
-6
-2
-6
-5
-13
-21
-24
-38
-45
-60
-77
-96
-105
-112
-88
-84
-65
-59
-67
-90
-104
-103
-93
-76
-61
-67
-67
-75
-64
-55
-55
-52
-58
-43
-48
-35
-27
-23
-4
15
19
20
6
6
7
1
18
25
31
38
48
60
83
101
117
117
114
122
116
113
115
126
123
115
114
123
115
112
98
86
79
50
36
30
34
31
24
21
24
16
3
-4
-20
-29
-39
-46
-33
-22
-8
-24
-33
-42
-39
-52
-65
-65
-63
-41
-40
-24
-12
3
4
0
-4
-12
-10
-5
-15
-24
-17
-1
0
-7
-2
11
21
24
35
46
59
63
72
75
81
96
86
89
86
70
55
34
31
22
-5
-16
-6
-5
-7
-12
-25
-31
-35
-46
-51
-46
-23
-6
5
4
-2
2
-8
-18
-12
-14
-14
-13
-11
-10
-18
-29
-40
-45
-47
-48
-53
-49
-53
-70
-72
-80
-81
-74
-61
-62
-46
-44
-49
-47
-63
-61
-61
-63
-69
-68
-67
-66
-62
-54
-45
-47
-45
-48
-26
-21
-6
-7
-16
-19
-29
-36
-45
-49
-45
-35
-33
-23
-23
-19
-9
-5
-6
-10
-6
3
-1
10
30
43
61
58
62
59
61
71
91
104
90
88
86
90
84
79
78
80
76
59
54
55
59
47
31
14
9
1
-1
-2
3
6
11
10
4
15
18
36
27
32
34
34
30
28
28
22
26
19
20
22
14
-3
1
16
19
13
7
19
23
20
24
34
31
35
19
19
23
20
13
6
15
29
31
52
58
46
35
34
32
37
40
29
31
16
10
-4
-15
-19
-24
-25
-25
-17
-8
-7
-18
-26
-15
-15
-9
-8
-23
-14
-16
-18
-36
-57
-51
-50
-54
-58
-68
-84
-90
-98
-107
-111
-115
-120
-125
-125
-105
-105
-100
-90
-96
-77
-72
-57
-55
-65
-74
-80
-80
-80
-79
-71
-49
-37
-29
-41
-37
-26
-15
-12
-16
-18
-33
-36
-33
-32
-36
-30
-23
-7
15
13
8
25
45
56
58
64
61
64
78
75
74
78
73
81
82
87
84
87
87
96
98
109
124
117
111
99
102
96
88
83
71
53
45
40
30
28
24
28
39
47
43
52
45
40
26
23
29
25
27
27
20
14
-5
-18
-18
-12
1
-7
1
-2
-2
5
-11
-5
-1
-7
-20
-22
-18
-14
-11
-24
-21
-30
-34
-23
-26
-28
-13
-8
-2
-1
3
18
6
17
13
20
35
30
24
29
41
43
39
29
39
17
16
5
-4
-12
-18
-15
-28
-35
-26
-16
-14
-23
-38
-58
-62
-81
-81
-90
-96
-98
-99
-108
-121
-108
-100
-100
-107
-95
-81
-71
-70
-84
-95
-86
-88
-83
-83
-59
-49
-62
-55
-60
-54
-61
-54
-61
-72
-61
-60
-59
-56
-60
-57
-55
-52
-58
-53
-50
-54
-45
-32
-15
-2
9
13
29
52
69
85
91
99
104
112
116
120
123
127
120
131
135
127
131
131
129
127
114
112
121
130
139
122
123
118
111
113
116
108
92
90
81
96
88
86
108
96
74
57
46
40
41
25
19
18
0
3
8
9
8
14
16
11
7
7
-1
-20
-16
-28
-37
-33
-34
-36
-45
-45
-48
-55
-63
-53
-59
-66
-66
-69
-65
-77
-75
-84
-68
-51
-59
-64
-63
-70
-69
-77
-77
-73
-79
-82
-84
-85
-76
-65
-73
-80
-90
-75
-69
-81
-83
-88
-95
-93
-95
-83
-76
-78
-81
-85
-85
-87
-69
-56
-46
-32
-30
-16
-13
-8
-1
0
-10
-16
-11
-10
-3
-11
2
-5
-4
5
7
-4
-9
6
9
20
22
32
33
29
27
31
49
53
52
54
53
53
53
46
46
50
53
56
67
75
69
80
74
82
87
89
87
88
96
89
91
93
92
83
76
82
74
79
75
66
66
54
57
52
49
40
33
29
20
12
13
19
10
12
9
5
8
9
9
4
5
13
24
23
19
21
25
30
33
27
22
14
8
-7
-6
-7
-8
-8
-13
-7
-3
-8
-17
-19
-17
-14
-8
-10
-5
3
7
11
2
-14
-12
-9
-13
-26
-32
-42
-51
-54
-58
-61
-64
-75
-82
-91
-92
-105
-111
-114
-115
-112
-102
-105
-108
-95
-91
-86
-93
-88
-87
-95
-102
-107
-119
-121
-124
-119
-104
-109
-105
-96
-88
-78
-66
-68
-61
-39
-15
-13
-4
9
16
20
20
24
19
30
24
31
36
38
33
38
47
53
58
48
62
74
93
90
95
109
105
102
107
102
119
119
112
113
111
109
100
98
91
100
86
92
78
75
58
45
59
50
47
41
50
38
47
57
58
58
44
43
42
44
35
37
34
37
51
34
23
16
22
18
14
2
4
17
16
21
26
23
9
4
1
4
-5
-18
-28
-31
-21
-11
-11
-7
-12
-15
-21
-19
-19
-18
-17
-26
-28
-34
-38
-38
-39
-52
-62
-76
-81
-84
-94
-94
-93
-90
-73
-83
-96
-92
-90
-94
-95
-97
-100
-109
-113
-124
-116
-121
-121
-112
-110
-102
-106
-95
-95
-87
-74
-75
-63
-63
-50
-41
-37
-33
-36
-32
-32
-18
-6
11
11
10
22
14
11
33
50
51
59
63
69
72
84
98
101
101
104
106
115
117
122
118
111
116
118
102
94
95
91
84
76
75
89
83
77
81
75
69
61
55
51
39
30
22
18
17
12
14
7
12
3
0
3
-8
-19
-25
-17
-2
-7
-8
-9
-14
-9
-7
-13
-15
-16
-21
-22
-31
-19
-17
-12
-14
-14
-5
8
-5
-10
-3
16
25
26
18
18
29
26
28
16
4
1
-3
-8
-6
-6
-7
-5
-9
-13
-26
-31
-27
-33
-27
-29
-24
-21
-18
-22
-29
-23
-38
-58
-71
-74
-71
-66
-54
-58
-65
-61
-67
-66
-59
-64
-67
-63
-61
-55
-57
-57
-53
-53
-49
-45
-38
-48
-59
-60
-52
-40
-43
-36
-30
-19
-6
-14
-14
-2
3
9
4
11
18
29
30
28
37
36
45
28
33
34
23
20
22
25
29
29
30
36
40
50
46
49
54
70
65
67
74
62
63
50
52
53
44
33
31
35
33
29
18
7
-7
-2
-3
-1
4
8
2
-8
5
0
14
12
14
9
6
14
8
9
1
16
25
28
28
27
30
21
19
16
15
21
20
15
12
12
28
38
31
29
32
28
26
21
19
17
12
8
16
24
23
16
9
4
0
-1
0
3
0
0
-6
-9
-9
-16
-25
-34
-53
-57
-62
-62
-68
-67
-72
-81
-82
-94
-97
-88
-79
-75
-70
-82
-76
-72
-56
-56
-58
-45
-50
-42
-45
-42
-33
-27
-23
-20
-11
-11
-10
-2
0
0
-3
2
8
2
-2
-12
-8
0
-2
-3
2
15
19
32
27
29
43
52
64
54
50
46
45
35
31
35
32
36
26
18
24
24
22
26
24
17
18
18
8
16
16
19
23
21
18
21
17
16
22
17
30
22
15
-4
-10
-5
1
10
7
11
14
19
11
8
9
18
32
28
23
22
21
23
28
25
24
17
9
-1
-5
-1
11
8
0
-11
-25
-13
-1
5
11
2
4
-5
-9
-5
-7
0
-5
-9
-18
-9
-5
-12
-25
-40
-39
-31
-42
-37
-35
-40
-44
-50
-54
-51
-42
-42
-33
-34
-18
-4
3
-3
-6
-7
-7
-5
-10
-13
2
-4
-4
-10
-16
-13
-25
-21
-28
-22
-9
-1
13
9
7
15
22
25
25
30
29
31
30
30
28
20
11
6
9
15
18
15
7
1
6
9
11
7
5
10
8
8
0
2
8
7
5
4
5
15
9
6
4
6
14
4
-1
-2
-13
-10
-10
-18
-16
-12
-17
-13
-11
-6
0
-3
-4
1
-1
7
-5
-8
-4
0
-7
-4
-2
-6
0
-4
-5
-1
2
1
2
8
15
16
28
34
29
19
5
-2
-12
-15
-24
-25
-12
-4
4
-2
3
-3
-2
3
7
3
-7
-9
-10
-3
12
12
6
3
5
16
11
4
6
5
14
16
13
8
3
1
-4
3
-6
-8
-10
-17
-10
-9
-2
-1
1
1
14
14
13
19
20
18
16
23
9
6
1
-6
-11
-8
-18
-18
-12
-8
12
16
17
14
15
14
16
9
1
-4
-8
-12
-16
-35
-24
-9
-14
-23
-24
-21
-20
-16
-12
-3
-7
-10
-17
-19
-18
-19
-15
-13
-11
-4
-5
-15
-16
-13
-19
-25
-34
-29
-30
-37
-29
-23
-18
-17
-23
-21
-20
-10
1
11
17
15
25
36
39
43
39
42
43
33
37
38
37
47
38
36
30
34
41
35
33
30
39
38
33
30
21
26
28
31
28
17
10
-2
-4
-9
-23
-26
-33
-33
-41
-44
-42
-47
-38
-54
-55
-52
-45
-40
-41
-31
-28
-31
-30
-14
-2
-5
2
-3
-3
-13
-18
-25
-26
-22
-35
-31
-41
-38
-24
-15
-7
2
17
20
27
26
33
30
25
15
10
16
14
12
14
21
21
18
17
31
25
28
22
11
7
13
25
18
19
24
26
32
36
29
31
31
25
22
13
12
17
23
21
10
14
15
16
3
0
-5
-11
-16
-20
-23
-23
-23
-18
-9
-15
-6
-2
-4
-3
-8
-12
-11
-10
-16
-29
-29
-29
-30
-29
-37
-36
-35
-37
-33
-27
-30
-28
-18
-13
-8
-5
-6
0
3
7
5
17
16
13
18
10
12
10
7
2
3
-5
-6
-2
-8
-3
-4
-9
-7
1
11
8
17
26
38
31
31
37
33
30
29
28
19
14
12
6
0
4
4
7
4
4
-1
-1
-6
-15
-5
-2
0
-4
-1
5
6
-4
-4
-14
-16
-18
-34
-27
-24
-19
-17
-17
-3
-12
-13
-11
-11
-11
-17
-15
-17
-11
-19
-20
-11
-5
2
5
6
11
14
19
16
15
9
11
6
0
1
0
12
11
11
6
11
11
8
9
8
8
10
12
9
-1
8
8
-2
-4
-11
-11
-18
-15
-17
-8
-12
-17
-11
-7
-2
-4
3
6
9
9
2
1
11
7
7
11
8
9
12
9
11
8
1
-2
-3
4
3
5
7
11
7
9
-1
-6
-10
-8
-1
2
4
-1
9
2
2
1
-3
-1
1
-12
-17
-23
-25
-29
-22
-16
-20
-13
-7
-3
-3
-1
-2
-6
-2
0
-1
3
11
18
20
14
9
11
16
13
10
7
10
14
12
8
-5
0
8
14
17
15
10
5
2
1
2
-1
-5
-13
-15
-27
-31
-25
-28
-34
-38
-27
-22
-13
-15
-17
-13
-21
-12
-16
-12
-2
-1
6
1
-9
-8
-9
-12
-16
-19
-7
-12
-12
-9
-2
-5
-8
-5
-8
0
-2
6
5
-2
5
19
27
23
23
38
50
56
46
42
34
30
25
10
10
3
11
2
5
13
14
17
17
22
20
20
16
14
6
13
1
0
3
6
10
10
7
6
9
9
11
10
6
4
9
7
7
1
1
12
11
12
4
8
8
1
1
-2
1
2
0
-7
-6
-5
-6
-13
-10
-12
-14
-18
-25
-25
-25
-23
-20
-12
-16
-17
-19
-17
-21
-24
-30
-29
-20
-22
-24
-20
-17
-11
-7
-14
-13
-12
-13
-2
-3
-8
-3
-14
-18
-29
-29
-22
-9
-10
-11
-12
-13
-12
-13
-9
-9
1
-5
-6
-2
-3
-3
-2
-7
-5
-1
2
6
3
14
8
10
6
6
9
7
2
6
7
20
21
19
21
18
21
17
17
12
7
4
7
16
21
29
33
40
44
29
32
37
38
36
15
21
18
24
14
7
4
0
9
-9
0
0
11
11
13
8
1
2
1
0
-9
-4
-2
-3
-18
-12
-16
-15
-14
-24
-22
-22
-22
-24
-19
-18
-18
-14
-13
-21
-18
-20
-24
-22
-26
-22
-22
-30
-31
-18
-8
-3
-7
-4
2
-6
-1
-3
-12
-16
-21
-10
-7
-1
-1
4
5
7
9
7
8
8
4
3
0
8
10
13
11
3
5
-2
-6
-7
0
6
1
3
6
12
20
18
16
14
24
22
22
7
0
0
7
4
-8
-6
-7
-12
-9
-6
-7
-9
-10
-5
-7
2
9
8
12
10
6
0
-5
-7
-10
-1
-2
-6
-3
-5
-2
-3
-11
-1
-11
-9
1
1
5
-5
-5
-8
-6
-9
-13
-6
-8
0
-5
1
5
6
3
2
2
6
10
8
9
9
17
17
15
14
25
21
22
21
10
14
11
19
12
12
18
27
28
18
25
37
39
42
33
32
30
31
40
34
41
36
24
19
9
-2
-1
-9
-7
-14
-18
-18
-25
-25
-28
-22
-13
-13
-5
-12
-8
-7
-9
-17
-29
-27
-38
-28
-31
-32
-34
-36
-37
-33
-30
-34
-28
-27
-19
-18
-20
-15
-17
-13
-23
-31
-29
-28
-26
-23
-23
-28
-29
-33
-25
-21
-27
-22
-23
-16
-11
-6
1
-12
-2
-2
5
7
-10
-3
1
9
7
1
7
6
3
13
18
30
28
28
28
25
26
23
20
30
22
15
14
14
19
16
18
7
5
12
23
18
20
15
14
14
1
9
11
7
5
10
17
7
2
6
-4
-8
-10
0
11
14
16
19
15
11
6
-4
-4
1
6
5
9
0
-6
-3
-2
4
3
2
2
3
4
15
15
10
10
-1
9
13
11
2
-3
-6
-9
-6
-6
-3
-11
-1
-1
1
-10
-8
6
1
-7
-16
-21
-16
-20
-22
-19
-32
-33
-39
-37
-28
-25
-25
-21
-17
-13
-6
3
11
13
7
6
-2
-3
-5
-10
3
7
0
-7
-4
3
6
3
7
12
10
10
0
3
11
9
17
10
15
21
9
3
4
8
12
11
13
10
11
15
6
0
-3
-3
-3
-11
-2
1
-4
-8
-8
0
-2
-1
-13
-16
-14
-15
-16
-27
-28
-21
-16
-9
-1
-6
-4
0
2
5
3
-8
-4
-3
9
7
-1
-3
0
3
13
15
16
17
27
31
26
33
33
29
22
31
23
19
20
22
32
31
40
35
26
17
11
17
16
14
19
11
2
-2
-2
-4
-3
-3
4
2
0
7
-2
-4
-13
-13
-7
-5
-8
-9
-14
-12
-15
-28
-32
-29
-34
-36
-40
-37
-39
-36
-41
-46
-37
-39
-33
-28
-24
-23
-17
-15
-17
-21
-25
-19
-19
-22
-27
-33
-31
-27
-20
-14
-9
-4
-1
3
-2
7
11
17
22
21
16
12
18
19
25
27
24
27
28
31
32
36
34
38
39
43
42
41
33
33
39
35
26
16
11
2
1
-7
-6
-10
-17
-16
-14
-11
-11
-12
-19
-27
-25
-22
-20
-17
-18
-15
-11
-9
-14
-9
-8
-7
-7
-15
-15
-24
-28
-30
-23
-18
-19
-17
-12
-14
-9
-7
3
6
-4
-3
-5
5
11
10
15
15
27
29
24
18
17
16
12
13
14
15
19
29
30
41
38
34
28
28
29
23
21
21
24
22
26
15
14
13
4
8
6
8
3
2
9
10
3
-5
-5
-10
-11
-20
-24
-20
-24
-23
-42
-37
-37
-37
-40
-41
-34
-24
-27
-25
-17
-17
-13
-17
-25
-14
-17
-10
-18
-16
-9
-12
-3
-9
-6
-2
-2
-5
-3
0
-3
-7
-12
-14
-15
-9
-3
-1
-4
-7
-15
-13
-12
-8
-11
-9
-8
1
10
3
4
-1
5
2
4
7
3
8
8
-6
-4
-3
-5
4
4
14
16
22
21
22
20
27
22
27
27
27
23
16
27
27
27
15
24
17
18
23
27
23
25
20
11
8
11
6
10
12
16
14
4
7
-1
6
4
4
8
6
3
6
11
7
5
2
-1
-3
-4
-3
5
6
2
6
3
-3
-1
-3
-2
0
-9
-9
-14
-9
-8
-10
-17
-22
-20
-20
-20
-15
-10
-8
-7
-7
-11
-13
-3
0
-10
-17
-16
-19
-24
-27
-18
-14
-10
-4
1
13
16
21
13
5
1
1
4
5
6
2
-4
-4
-3
-5
-6
-10
1
2
2
3
0
3
0
2
4
3
-8
-22
-27
-24
-20
-26
-34
-37
-35
-32
-22
-27
-21
-13
-12
-11
-15
-12
-13
0
-3
-12
-14
-10
-7
-6
-5
-7
-1
-4
3
3
4
5
-2
-2
5
12
3
7
10
8
13
8
13
12
11
9
12
7
11
10
17
19
22
26
18
20
24
30
24
20
15
21
11
5
9
9
17
20
23
28
29
28
31
20
21
25
11
5
-3
0
3
4
13
13
11
8
11
10
13
15
6
4
4
8
3
-2
-5
0
-1
-14
-18
-17
-16
-16
-25
-30
-20
-21
-13
-13
-8
5
-4
-4
-4
-3
-5
-2
-3
-3
-4
-5
5
1
-1
-8
-3
-3
-8
-10
-16
-20
-25
-21
-20
-26
-28
-24
-21
-26
-22
-14
-6
-1
-3
-6
-11
-14
-13
-14
-19
-18
-15
-17
-18
-26
-19
-9
-15
-17
-13
-5
2
0
2
0
-2
0
1
9
4
-4
-14
-16
-12
-2
6
0
4
13
17
23
25
31
26
24
20
26
28
22
19
11
15
18
16
12
8
17
26
26
23
24
19
17
23
23
24
11
4
2
2
1
7
7
3
0
-6
7
11
15
25
23
25
19
15
20
