SAMPLES:	13053
BITSPERSAMPLE:	16
CHANNELS:	1
SAMPLERATE:	16000
NORMALIZED:	FALSE
-2
3
7
3
-1
3
3
4
2
2
6
10
9
9
8
6
1
7
8
5
5
-1
3
3
9
5
0
4
9
10
7
9
6
3
7
5
10
12
4
8
2
7
2
2
0
8
11
10
9
4
-1
-3
4
1
2
0
2
0
-2
-1
0
3
-3
2
-4
-4
-4
-6
-4
-6
-12
-8
-9
-3
-4
-5
-10
-11
-8
-5
-4
-7
-8
-4
-12
-9
-6
-7
-6
-9
-3
-9
-2
-3
-2
-1
-1
2
3
11
10
8
6
5
4
2
10
7
7
3
8
7
10
10
8
8
2
6
0
4
1
2
-1
-1
3
-1
7
2
-3
1
-6
-7
-4
-6
-11
-11
-16
-16
-12
-14
-13
-13
-13
-14
-10
-8
-10
-13
-13
-12
-13
-11
-7
-10
-7
-2
-2
-6
-3
-8
-6
-6
-6
0
6
0
-1
-2
3
8
10
8
8
12
3
8
5
6
5
1
4
0
3
-4
-4
-2
-3
4
5
-1
0
1
-2
1
-4
2
0
-1
-4
-4
-6
-1
4
7
11
5
5
-1
-2
3
3
4
-3
2
-1
0
-1
3
5
-1
3
-3
4
-2
3
4
6
6
8
6
0
3
-1
2
1
1
-3
-3
-1
-3
1
-5
-8
-7
-6
-3
1
2
0
0
0
-2
-6
-2
-2
3
-1
-4
-6
-10
-9
-9
-6
-7
-6
-7
-8
-7
-3
-4
-1
-4
1
-2
-2
-1
-3
-1
5
2
2
1
5
8
7
12
5
10
8
8
11
10
9
8
8
10
16
12
11
14
12
10
10
6
9
3
4
3
6
7
5
8
3
7
-3
2
5
6
5
4
-1
-3
2
0
12
6
9
-1
-4
9
2
8
11
4
5
2
5
5
4
7
8
9
6
5
3
2
3
5
3
1
0
2
-2
-8
-7
-4
-6
-4
-1
-4
-6
-7
-9
-7
-8
-11
-12
-9
-11
-13
-9
-12
-14
-10
-10
-7
-3
-7
-10
-2
-1
-4
-3
-8
-8
-7
-9
-5
-6
-10
-12
-12
-10
-7
-6
-2
0
-4
-3
-3
0
-3
-2
2
-2
-1
0
-4
-6
-5
-3
-2
0
2
1
-2
-4
-3
-2
2
5
0
4
4
6
5
5
6
6
12
2
-1
3
-1
2
6
4
3
1
6
11
11
13
9
10
11
14
9
12
13
16
9
-1
0
0
3
2
5
-3
-5
-10
-13
-10
-6
-6
-13
-12
-12
-13
-8
-8
-7
-9
-10
-4
-5
-6
-10
-14
-15
-20
-16
-11
-5
-3
-9
-9
-10
-8
-7
-3
0
-6
-2
-7
-3
-7
-8
-5
1
5
4
7
2
1
6
7
7
9
12
8
3
10
7
10
16
9
15
11
15
16
11
6
1
12
12
16
13
8
5
-3
3
11
13
14
12
3
4
10
12
6
8
6
6
3
-4
1
-4
-5
-4
-3
-5
-7
-7
-1
-8
-4
-6
-7
-5
-8
-6
-14
-12
-11
-8
-8
-7
-3
-6
-5
-5
-3
-5
-1
5
4
3
0
0
-2
-3
-4
-6
-6
-6
-8
-7
-4
-5
-5
-2
0
7
5
1
4
1
4
7
1
0
0
-1
0
-1
5
5
5
1
-1
3
8
10
5
5
0
0
0
1
1
5
3
-6
-3
1
4
1
1
-1
-2
4
9
3
1
-4
4
-1
2
1
2
3
3
2
3
6
2
7
2
4
-2
0
6
2
3
10
6
7
3
0
4
-2
4
7
5
1
-3
-5
-4
-5
-3
-4
-4
-2
0
-4
-4
-5
-11
-10
-11
-2
0
1
-3
-4
-7
-8
-4
-10
-2
0
-4
-6
-9
-2
-2
-3
-2
-2
0
-4
-5
-2
-2
4
-1
-1
2
-3
4
4
0
0
-3
2
-1
0
-6
-1
0
1
8
9
12
10
6
4
3
4
3
12
13
2
3
2
0
5
5
3
-3
-2
-3
-3
0
4
8
1
3
2
8
6
7
1
2
6
0
0
5
2
-3
-6
-15
-11
-10
-9
-8
-8
-8
-8
-9
-11
-8
-7
-5
-7
-3
0
-9
-13
-11
-7
-7
-7
-11
-18
-13
-10
-14
-10
-4
-9
-7
-5
-11
-15
-11
-8
-7
-5
-6
-3
-4
-4
-3
-4
2
1
-1
0
-5
-1
5
2
7
5
6
7
11
17
15
16
11
9
10
16
17
15
14
14
7
11
11
17
7
7
7
6
8
6
7
3
6
3
4
-1
4
13
8
4
-3
1
-2
1
0
3
-1
-4
-1
-7
0
2
0
-2
-2
2
1
-5
-3
-6
-10
-8
-6
-7
-2
-3
-4
2
-1
5
7
5
7
6
3
0
0
-2
-3
-1
-5
-1
-5
-10
-6
-5
-2
1
-2
3
-2
-8
-6
-3
-3
-6
1
0
-5
2
2
-4
-7
-3
-3
-6
-6
-3
-5
-7
-2
0
3
2
1
1
6
4
5
13
9
2
8
9
4
6
7
11
6
5
8
3
7
5
7
6
8
5
-3
1
-1
0
0
-3
-5
-2
0
1
3
2
-1
-4
-2
-6
-9
-8
-9
-3
4
1
2
-2
0
2
3
7
0
4
3
4
10
10
2
4
5
6
8
5
7
-3
-1
4
6
0
1
0
7
7
9
3
4
10
-3
-1
-3
-5
-6
-2
-2
-6
-9
-15
-7
-12
-8
-7
-13
-9
-14
-10
-10
-12
-9
-12
-9
-6
-13
-7
-13
-15
-19
-19
-6
-8
-10
-4
-7
-7
-3
-1
2
7
-4
-11
-1
3
1
3
-2
8
12
1
10
8
7
-2
4
5
4
7
-6
-8
-8
-11
-7
4
-2
7
2
-2
7
10
14
16
9
1
4
4
10
7
11
5
8
6
2
5
1
3
-4
0
5
2
-1
-1
-1
-5
7
7
-4
7
1
3
7
1
5
0
1
-4
2
1
-7
-4
-3
-4
1
9
3
-1
-4
-3
-4
0
-1
-4
0
-2
0
-2
0
3
-7
-4
-1
-13
-6
8
-16
-16
-3
-19
-6
-7
-15
-11
-4
-12
-3
10
1
5
0
11
6
5
9
4
7
-1
-2
-3
-1
-4
-9
-3
-8
-17
-4
-4
-16
3
-4
-8
6
2
0
2
2
1
3
8
-2
5
15
0
-9
3
0
-7
2
5
2
2
9
1
1
14
3
2
17
5
2
10
5
4
12
15
8
4
14
22
4
10
13
2
12
12
-4
10
8
-2
12
14
7
6
14
4
6
18
-2
3
15
4
5
-4
6
13
-1
-3
0
1
2
4
-1
-2
-3
-10
2
3
-8
0
6
-3
14
8
2
2
-4
-11
-5
-2
-20
-14
-6
-13
-9
-9
-10
-7
-16
-12
-7
-4
-8
4
-10
-19
-5
-13
-8
-1
-6
-11
1
-14
-26
1
-2
-9
-7
-8
-4
-6
7
3
-3
-2
-11
-3
-5
-10
-6
-12
2
-4
1
12
-3
-16
3
7
-10
8
10
-5
-3
4
-1
6
5
-5
-6
5
-7
11
16
-2
15
5
0
11
15
10
10
-6
-4
9
2
-4
3
2
2
-7
3
11
10
-3
9
-2
-18
1
-9
-3
2
-7
3
-1
-7
-8
2
-7
0
-3
-4
-5
-7
-10
-3
-4
-3
4
-10
5
2
-6
4
8
15
10
-12
14
9
-1
10
0
0
3
2
2
2
-2
-4
0
-2
12
5
0
3
-6
-3
12
-3
-17
12
-8
-16
-2
2
-13
-10
-6
-6
2
-1
-16
-1
-2
-6
-2
-8
11
-9
7
4
-10
-3
16
-6
-24
8
8
-12
14
-1
-10
14
13
-8
0
5
-2
3
-5
-5
5
13
-7
-4
-2
12
-1
-12
-6
3
-16
8
5
-19
3
4
6
-4
5
15
13
-4
-4
1
-1
-4
-3
-2
5
0
6
8
-6
3
28
-2
-4
21
-1
1
22
5
-6
25
-13
-6
17
-1
-6
21
4
-11
12
11
-2
15
14
5
5
26
0
4
15
7
30
9
14
16
3
9
10
-14
8
1
-10
-19
-15
-6
-1
3
-29
-9
10
-11
-11
-2
-16
2
-3
-2
2
-13
12
8
-20
6
4
-19
-11
4
-21
-13
-6
-16
-20
-4
-10
-10
15
-7
-17
33
11
-30
32
5
-20
32
-9
-19
15
-19
-9
-3
-22
1
8
-2
-5
8
2
1
-2
-2
10
5
-9
6
-1
-18
3
-3
-19
15
13
15
4
3
14
0
12
11
6
4
9
-15
9
19
-7
1
12
7
3
16
-5
-18
3
3
4
-6
-16
-7
-9
1
5
-7
9
14
-12
15
23
-2
14
-3
1
-4
8
1
-24
-12
-5
4
-21
-15
-1
7
-24
-5
9
-6
9
0
-8
-12
-10
-13
9
11
-37
-16
10
-12
-31
-4
4
-10
-3
-12
0
-10
-5
15
-22
5
1
0
1
2
-24
-17
-3
-18
-7
-2
9
-41
1
37
-6
12
24
-21
-26
25
22
-3
16
-2
-22
27
17
-22
30
3
-34
23
-2
13
-6
-9
18
-19
-10
15
-1
-28
24
15
-6
9
-2
-27
5
11
-30
27
18
-3
0
14
-10
-10
29
-7
-3
10
0
8
6
20
27
0
18
-8
-1
25
16
15
12
-21
5
23
0
1
0
-8
-17
11
24
-17
6
4
-27
8
30
-7
-13
16
-7
-13
22
-6
-21
13
-9
5
46
-26
-20
11
-12
-4
-8
-2
-22
-2
8
-30
3
6
17
-4
30
-34
-20
40
-26
-3
28
-13
-7
-2
-36
16
14
-13
10
3
-3
17
-13
16
1
-18
27
33
-12
4
30
-19
36
33
-19
3
-26
9
18
-2
1
12
10
-25
11
7
14
0
-16
4
9
-13
3
-10
-8
1
8
6
-25
28
-22
5
12
-5
-3
8
-9
10
3
5
19
-12
-25
-15
1
-40
-1
3
-24
-7
-12
-27
2
9
4
-2
-9
13
13
-10
45
-20
-15
36
-24
10
20
-12
-34
15
18
-9
1
29
-27
8
4
-36
-7
8
-30
3
29
12
22
6
-4
11
2
-18
32
-21
-10
18
-15
-11
-4
-10
-12
10
-2
-12
20
-26
7
3
18
0
-37
-9
25
-8
2
14
-53
-4
-8
-19
21
-45
-35
9
-6
13
-6
7
10
-32
6
23
-6
-15
24
-15
-10
10
-36
4
2
-37
21
0
-19
-10
22
-5
-8
14
2
-24
11
40
-1
1
-10
-8
18
-3
-13
5
-7
12
-11
34
9
19
5
-2
20
24
12
11
-12
18
3
-10
1
-26
5
12
7
11
-14
-9
17
-1
-8
-6
-10
-5
-10
18
-5
-27
-12
11
7
-12
5
15
-19
-10
19
4
-9
-8
2
5
-30
35
1
-1
-1
14
11
-15
13
15
4
4
17
14
20
-13
10
1
-10
-23
34
-25
12
-7
8
7
-57
69
0
-6
13
-26
12
-3
-13
14
2
-21
-6
36
-5
-19
0
-32
-9
9
-13
-3
-14
0
1
-29
29
6
-11
-15
23
-6
4
-26
-8
29
-12
0
7
-30
4
5
13
-21
8
46
-2
-12
9
18
-2
6
0
48
11
-19
13
-36
1
10
0
15
-30
12
47
11
-17
-1
18
-22
28
37
0
-12
19
23
11
-20
-1
24
27
8
15
-17
3
6
-11
52
7
-31
11
-7
-20
13
-17
0
6
-4
23
-27
-42
8
9
4
-22
2
15
-23
14
-13
-25
8
-5
26
-20
-8
-21
-2
33
-20
-4
-9
-27
15
-21
-42
-8
-15
-19
23
-7
-11
43
-30
-17
-14
6
31
-25
-10
-18
-14
-23
-4
-30
-31
9
4
-15
-13
-44
21
31
-11
14
13
-18
0
-9
-13
9
-2
1
15
-46
46
7
-24
-2
9
16
16
7
-13
-14
2
-5
-7
15
-8
55
1
29
8
-2
22
-18
10
-3
24
-11
5
-31
36
-3
-20
60
-35
1
15
-6
-26
25
-22
-4
27
-2
-20
11
35
-14
11
-14
61
-12
-5
15
-26
43
8
-29
-9
26
-16
10
-21
-25
-14
5
-20
-5
14
-10
1
8
11
26
-3
2
5
-4
-1
-17
4
-20
-20
8
-18
-26
16
3
-14
-25
-20
7
10
-21
-7
-9
4
3
30
13
-15
12
1
-4
20
3
-10
19
-37
12
-8
-45
26
-16
-4
22
6
-21
-31
14
17
-22
20
-15
-8
32
-22
-8
10
-13
16
9
-3
-14
-10
37
-26
-28
35
-18
-16
18
-3
20
18
26
22
-1
-1
22
16
-4
36
-11
1
27
1
21
23
-1
1
-19
-29
0
17
9
-35
14
11
9
21
5
4
14
48
-9
2
5
-22
30
13
-10
8
1
-10
31
-5
-22
-4
7
-10
-12
-14
-2
-11
-36
20
0
12
1
8
-17
28
11
7
9
-5
-3
19
-19
2
-25
-26
3
-28
19
-9
-27
31
16
-21
17
-5
24
8
-20
-29
-14
-30
16
-20
-33
43
-12
11
-25
-4
2
9
-34
-3
26
4
36
-19
7
21
15
7
-3
1
-23
-6
-27
-36
-22
9
-14
-12
15
5
-31
25
-1
-22
16
-12
39
-26
-38
7
12
0
1
-11
31
-5
-14
22
-21
-18
21
28
-76
19
5
9
27
-47
37
39
-12
9
6
-3
14
-17
-21
35
-28
-16
41
35
-11
22
9
-14
-11
2
29
0
1
18
-31
-16
25
-2
17
-35
-56
35
-16
-10
8
-17
44
-40
18
51
-37
6
1
-6
-22
5
7
-18
-17
-5
37
2
-26
-9
9
20
-26
-5
29
-34
-54
42
9
-55
4
2
18
-8
-8
25
-2
-23
-16
23
25
-25
10
-10
-23
-34
-2
28
-48
-30
50
-27
13
18
-23
41
-29
-27
35
-5
-17
3
-14
8
22
-23
19
-21
-10
14
-9
-43
-4
14
-25
-3
14
33
19
5
-3
46
22
67
-12
-4
17
-24
30
27
-3
-24
37
-6
-10
55
21
-14
38
-8
-59
53
-4
-10
50
-27
1
21
33
8
5
-9
14
-12
-35
-4
3
-21
15
5
-18
28
-8
-34
8
1
-7
-5
-69
23
-7
-29
25
4
-4
63
4
-27
4
-20
15
19
-24
-24
-12
-22
12
18
1
-3
1
-10
5
-17
3
12
-46
6
6
18
16
-14
-1
22
-19
16
-13
-17
25
17
4
-37
31
3
-10
21
1
4
11
15
-36
6
-6
1
-19
19
0
-5
28
-29
11
22
18
38
2
-14
12
-17
-4
13
4
14
-11
-4
4
-5
8
39
7
-34
23
-3
5
16
-13
-3
-26
-23
32
-32
-22
-12
-26
16
25
-5
-24
3
20
-17
-20
-2
3
24
-6
-29
-41
-34
6
9
-42
16
3
-8
-15
44
18
10
-2
1
18
-12
-27
-2
14
-41
-9
-10
-3
25
-5
-20
22
2
-26
54
-34
-2
30
-28
11
-9
15
-10
-60
0
54
-20
-6
-16
4
-1
16
13
-2
13
-7
-10
13
-8
21
2
-28
31
-22
-1
-1
-43
33
-16
-19
38
3
-13
-39
-13
30
-6
-28
-20
7
2
35
14
-2
1
15
-20
12
-19
14
-6
-40
29
6
3
-9
3
18
5
-9
28
-11
-6
20
-19
13
25
-31
5
15
-6
-5
11
-15
-11
-12
-19
-5
-13
18
14
-31
15
4
20
43
-27
5
18
36
4
5
9
-8
-17
38
-6
-27
30
2
-23
19
15
-47
31
15
-26
-6
7
-4
0
7
17
-6
-29
39
-24
6
32
-39
7
42
-8
22
-10
-3
7
-3
13
-36
7
1
15
-21
-9
15
5
25
10
11
30
28
-39
1
19
-25
6
-22
-14
31
-14
-15
13
-16
-17
14
13
-10
29
20
-43
-38
-28
26
-18
-19
-15
-9
20
-7
7
-13
4
-31
19
23
-32
-24
-5
5
17
0
6
17
-27
-1
1
18
6
-31
43
-4
-13
12
35
12
-14
2
27
-11
-14
22
37
-32
-35
36
-3
9
31
16
10
23
-26
33
0
-29
0
15
40
-45
-36
39
-19
-10
31
-11
26
25
-4
-16
-2
14
1
29
-11
-38
10
13
-25
-3
18
-17
-29
3
-19
6
8
-14
6
18
-25
-17
25
-20
-2
36
-42
-37
-12
-42
12
2
-30
18
-3
-11
26
-30
-4
7
-14
22
5
-45
-37
41
18
-29
15
-27
-14
10
-2
6
-3
-3
28
23
-2
1
-3
-6
21
-17
-2
-7
-25
-15
7
-24
1
8
-36
-5
36
7
-10
-4
-13
17
-11
-24
10
31
-37
-21
30
-2
4
2
13
-3
-25
7
7
6
-26
-6
25
19
-42
-5
7
-1
17
-6
42
43
-30
17
41
-8
16
-4
12
11
-29
-13
12
-40
-17
17
-25
23
23
-24
47
7
-42
24
31
-33
37
36
-31
-7
11
-5
-4
-18
7
25
-32
-13
-7
1
-2
9
-10
4
17
-27
-21
-3
-4
16
33
-12
-12
0
-4
18
4
-8
31
-9
-29
2
12
-33
-37
-3
29
18
-10
-23
11
3
25
36
-7
3
19
9
13
7
3
-6
-18
-23
-4
36
-29
-26
21
23
-18
-14
8
-24
8
24
-7
-7
18
8
18
41
11
26
0
-25
13
12
12
1
-5
0
18
-24
2
7
-11
9
11
14
-15
5
7
15
-14
-10
-2
0
5
-13
-16
-19
2
28
14
-23
-37
9
15
3
-3
-14
-19
7
12
-3
9
-19
-6
13
-4
-6
7
33
-13
-21
12
-5
-8
18
0
-6
12
-9
-9
9
-5
-5
14
18
7
-13
-7
13
2
14
32
22
-8
-12
25
10
3
-17
-11
13
2
-2
-5
-35
-13
-4
5
3
-16
-34
-2
17
-27
-12
-6
-16
-12
2
-17
-11
-36
-32
6
-14
-21
-1
-13
-6
5
-4
18
14
2
35
30
12
-3
-5
-1
7
17
15
2
-29
-6
14
-5
-18
16
33
27
6
12
32
15
35
19
19
30
0
7
17
-1
-5
8
-5
-23
-12
-4
-2
-19
-19
0
-14
-7
9
-5
-18
-17
1
0
-21
-24
-4
-24
-40
-46
-49
-32
-47
-54
-41
-52
-81
-66
-61
-33
-50
-57
-27
-34
-35
-18
-9
-28
-18
-17
-9
-7
0
-31
-12
-19
-19
6
-15
-8
-22
-2
2
-4
-9
21
18
17
20
13
24
44
36
41
48
57
77
61
67
55
51
50
67
64
67
56
59
57
61
67
110
222
237
217
201
179
223
281
293
298
293
242
204
185
176
145
78
0
-4
-17
-67
-129
-200
-236
-257
-295
-272
-279
-319
-338
-361
-345
-335
-333
-320
-299
-306
-317
-273
-237
-221
-205
-207
-179
-147
-120
-69
-51
-47
-15
1
50
86
102
122
142
144
159
198
213
236
238
239
230
195
162
165
185
168
137
114
84
24
-7
9
-18
-22
-19
-44
-58
-95
-112
-110
-106
-92
-88
-88
-87
-111
-125
-126
-131
-161
-167
-154
-173
-177
-202
-195
-161
-139
-107
-96
-72
-60
-9
11
53
83
133
185
219
253
264
288
275
282
296
344
372
397
417
462
597
792
903
913
869
881
993
1051
1069
1045
923
745
575
466
353
157
-128
-342
-448
-615
-778
-965
-1161
-1281
-1372
-1375
-1312
-1321
-1345
-1313
-1233
-1136
-1017
-919
-812
-728
-659
-506
-371
-269
-205
-135
-34
56
152
220
236
239
241
272
304
330
302
267
270
207
125
102
49
38
40
0
-54
-109
-176
-194
-151
-103
-29
0
70
198
384
587
713
806
822
848
922
966
985
924
785
600
444
306
154
-54
-232
-397
-529
-615
-708
-766
-831
-870
-835
-750
-677
-657
-616
-546
-447
-297
-153
-43
12
59
160
302
423
529
606
658
682
681
681
670
647
596
570
545
469
416
352
310
286
262
336
508
769
957
956
796
668
670
762
783
745
602
369
77
-174
-322
-486
-714
-932
-1011
-1086
-1135
-1275
-1427
-1470
-1400
-1300
-1131
-997
-934
-854
-756
-636
-487
-361
-255
-153
-114
-84
-42
10
33
42
54
65
73
77
34
-21
-89
-102
-65
-19
4
-16
-21
-39
-90
-125
-91
-8
69
72
46
-1
-55
-29
61
157
279
346
356
404
497
712
991
1117
1057
958
872
853
843
735
608
359
83
-137
-287
-430
-644
-817
-920
-902
-847
-804
-797
-759
-654
-498
-292
-116
22
97
190
340
474
555
595
611
580
576
575
557
489
380
320
254
203
112
-5
-101
-227
-269
-223
-176
-178
-222
-266
-245
-144
78
440
839
1092
1083
883
811
906
1069
1149
1063
919
656
332
35
-149
-315
-571
-759
-841
-886
-983
-1186
-1355
-1380
-1292
-1124
-962
-826
-737
-670
-544
-418
-283
-192
-106
-7
26
72
81
89
60
49
71
63
66
21
-61
-156
-241
-268
-268
-280
-280
-274
-310
-379
-461
-496
-430
-326
-213
-155
-203
-258
-260
-168
3
192
331
410
424
425
500
633
859
1135
1293
1258
1096
881
764
681
619
548
355
80
-240
-493
-655
-805
-940
-937
-849
-789
-757
-726
-654
-519
-284
-59
155
275
318
378
438
476
527
549
504
430
320
243
157
89
32
-16
-61
-144
-237
-296
-329
-361
-353
-249
-164
-148
-154
-134
21
216
326
507
852
1263
1550
1544
1327
1168
1194
1315
1357
1280
1058
674
235
-91
-263
-417
-618
-858
-1029
-1141
-1267
-1423
-1498
-1438
-1318
-1126
-873
-686
-583
-548
-461
-298
-121
82
221
266
235
172
163
193
201
191
106
-16
-97
-197
-317
-435
-551
-602
-611
-582
-532
-563
-612
-639
-639
-588
-467
-279
-117
-73
-114
-98
19
187
357
489
584
587
573
600
640
714
803
958
1146
1194
999
718
481
383
363
326
242
16
-310
-642
-839
-888
-911
-916
-826
-723
-642
-563
-480
-329
-136
107
315
522
598
540
529
533
553
513
466
366
212
32
-126
-237
-337
-369
-381
-402
-441
-528
-590
-536
-429
-261
-105
31
128
211
328
515
683
829
1051
1448
1921
2110
1875
1486
1254
1286
1415
1382
1192
791
267
-202
-494
-652
-837
-1131
-1389
-1471
-1483
-1568
-1703
-1735
-1602
-1325
-999
-699
-491
-394
-318
-198
-24
226
417
489
482
390
284
192
134
57
-56
-204
-337
-468
-641
-821
-992
-1066
-1040
-981
-947
-928
-924
-894
-827
-726
-561
-346
-103
141
249
297
361
488
673
893
1081
1190
1167
1037
922
883
902
932
951
1028
1070
872
541
202
32
42
69
23
-155
-498
-841
-1026
-995
-872
-776
-707
-611
-486
-393
-252
-143
33
244
451
625
646
546
359
266
227
247
213
110
-105
-366
-560
-666
-640
-572
-503
-482
-507
-524
-476
-339
-119
63
270
460
556
657
764
920
1101
1190
1238
1404
1740
2107
2202
1930
1451
1132
1149
1280
1253
951
440
-147
-641
-919
-994
-1090
-1336
-1603
-1748
-1750
-1736
-1790
-1729
-1547
-1290
-967
-691
-481
-334
-218
-68
148
362
492
508
432
303
156
4
-75
-178
-358
-541
-753
-918
-1023
-1079
-1160
-1197
-1174
-1145
-1081
-970
-804
-623
-468
-334
-152
102
419
682
807
874
908
1005
1161
1294
1342
1327
1208
1046
906
804
715
609
498
423
500
519
329
21
-246
-316
-228
-164
-173
-277
-523
-765
-794
-631
-442
-360
-350
-287
-195
-93
-10
76
151
263
340
370
352
191
-14
-90
-71
-56
-123
-287
-516
-687
-698
-633
-497
-399
-367
-344
-280
-122
61
228
327
384
566
760
882
947
998
1085
1165
1214
1257
1397
1678
1958
1957
1677
1248
934
904
931
865
602
178
-359
-801
-1049
-1151
-1267
-1461
-1651
-1692
-1663
-1668
-1671
-1588
-1340
-1034
-704
-434
-250
-147
-45
86
263
456
504
446
298
111
-48
-186
-287
-422
-624
-853
-1008
-1128
-1204
-1294
-1394
-1415
-1345
-1207
-1038
-852
-695
-542
-366
-176
58
354
659
897
1023
1030
1012
1056
1169
1299
1345
1298
1106
876
688
590
534
436
317
187
103
138
231
211
51
-136
-205
-118
-2
30
-73
-270
-442
-460
-310
-175
-155
-257
-278
-217
-90
20
60
65
56
81
98
116
11
-131
-196
-189
-198
-233
-296
-387
-464
-490
-436
-343
-194
-82
9
104
212
314
434
553
645
749
851
903
920
920
913
938
921
884
969
1224
1552
1671
1402
946
628
659
824
835
595
180
-306
-696
-871
-902
-992
-1198
-1423
-1490
-1419
-1410
-1421
-1394
-1226
-961
-708
-488
-331
-228
-158
-46
99
210
234
142
-14
-165
-332
-452
-558
-683
-805
-967
-1090
-1196
-1272
-1287
-1294
-1213
-1078
-942
-824
-699
-526
-346
-139
59
270
510
727
921
985
970
955
985
1090
1180
1191
1123
1012
844
711
608
550
515
456
360
314
362
518
582
482
309
189
227
291
274
183
30
-219
-386
-441
-361
-362
-464
-523
-488
-406
-356
-339
-309
-249
-168
-125
-50
-47
-150
-201
-180
-92
-48
-67
-139
-177
-208
-238
-204
-61
73
117
153
222
309
399
472
489
513
578
653
743
803
732
660
618
606
654
802
1098
1413
1468
1175
716
486
585
769
808
634
329
-121
-530
-745
-781
-791
-947
-1169
-1293
-1321
-1336
-1373
-1345
-1227
-1057
-868
-681
-517
-428
-417
-425
-347
-212
-94
-71
-144
-311
-526
-682
-711
-656
-622
-706
-861
-975
-1019
-1022
-1002
-899
-774
-623
-512
-398
-249
-106
16
123
266
508
811
1002
1038
927
837
862
1000
1144
1205
1122
938
753
606
542
519
489
417
321
268
265
310
421
461
360
208
106
93
116
21
-115
-255
-418
-494
-518
-497
-540
-609
-623
-555
-419
-264
-178
-160
-132
-70
9
109
189
203
199
173
173
190
173
126
48
-25
-25
64
144
182
176
161
163
198
282
310
284
276
341
410
449
451
400
398
401
416
512
759
1151
1438
1386
1078
771
717
861
982
957
727
352
-77
-425
-608
-705
-876
-1143
-1344
-1368
-1333
-1399
-1510
-1582
-1488
-1310
-1106
-849
-668
-567
-586
-597
-439
-250
-123
-136
-246
-341
-430
-476
-464
-483
-575
-699
-801
-783
-726
-736
-807
-801
-711
-540
-331
-176
-83
-33
-13
86
340
654
914
1004
970
876
816
837
927
1060
1128
1086
927
760
656
581
536
496
437
374
349
366
422
461
436
322
200
135
123
128
19
-143
-288
-416
-474
-501
-516
-515
-512
-508
-434
-313
-178
-95
-65
5
131
219
265
292
301
308
305
283
256
224
116
-19
-87
-101
-112
-91
-71
-75
-98
-118
-124
-94
-3
52
82
135
203
273
317
314
309
364
482
671
988
1345
1620
1612
1327
1026
958
1108
1222
1114
819
406
-45
-455
-736
-884
-1032
-1282
-1563
-1703
-1752
-1797
-1893
-1897
-1748
-1519
-1284
-1070
-865
-694
-590
-475
-292
-35
118
121
33
-80
-116
-120
-83
-129
-241
-407
-545
-579
-539
-536
-590
-642
-607
-516
-412
-318
-243
-177
-128
-34
171
426
654
764
704
613
613
797
980
1117
1128
1028
922
854
848
852
830
747
595
488
455
484
591
602
476
245
25
-84
-95
-124
-185
-285
-438
-589
-697
-695
-632
-606
-558
-443
-298
-157
-84
-51
30
153
326
499
601
632
578
430
274
203
193
190
131
-7
-203
-362
-462
-473
-431
-386
-334
-315
-255
-167
-131
-117
-115
-41
84
233
421
539
571
509
449
543
754
1024
1287
1532
1613
1420
1050
799
815
916
882
629
299
-83
-509
-906
-1159
-1278
-1441
-1632
-1765
-1792
-1772
-1826
-1858
-1726
-1482
-1211
-973
-741
-479
-297
-170
-65
83
242
325
352
335
313
265
165
43
-32
-105
-172
-289
-367
-422
-496
-568
-630
-620
-559
-469
-341
-238
-170
-140
-119
16
234
456
591
632
641
664
733
840
968
1095
1141
1043
900
798
762
737
640
536
470
413
350
336
389
342
201
9
-112
-87
-54
-81
-195
-318
-448
-557
-592
-534
-417
-342
-271
-177
-75
46
143
237
359
484
528
541
527
475
422
315
174
45
-75
-198
-325
-482
-595
-618
-605
-594
-542
-472
-393
-350
-315
-205
-63
81
187
282
349
407
437
493
600
685
713
744
908
1196
1428
1404
1172
872
715
687
713
662
496
166
-294
-696
-966
-1099
-1249
-1417
-1591
-1686
-1681
-1647
-1608
-1542
-1442
-1290
-1087
-837
-531
-248
-123
-122
-110
1
182
315
344
302
214
108
42
9
-8
-120
-267
-383
-410
-406
-439
-486
-542
-550
-535
-450
-334
-243
-191
-186
-108
70
285
458
507
522
548
627
778
970
1117
1166
1087
967
880
855
863
851
829
735
601
486
437
507
614
599
440
229
32
-58
-85
-154
-256
-429
-589
-724
-756
-690
-650
-591
-578
-508
-351
-154
6
91
141
155
210
301
397
473
430
294
128
14
4
-5
-75
-209
-358
-424
-404
-323
-264
-266
-299
-319
-224
-60
106
155
107
29
22
119
239
319
336
311
282
341
503
737
965
1073
1049
929
850
852
879
850
695
436
163
-75
-304
-476
-655
-856
-1091
-1327
-1451
-1460
-1450
-1441
-1421
-1373
-1314
-1233
-1094
-893
-686
-534
-418
-292
-136
1
66
77
95
128
200
287
337
309
214
96
-35
-66
-27
12
19
-47
-139
-236
-262
-237
-200
-163
-128
-80
-23
43
97
91
75
122
241
423
597
700
719
690
649
681
790
947
1034
994
900
804
815
863
932
1002
937
751
482
256
155
54
-103
-334
-560
-728
-882
-953
-984
-1008
-1016
-995
-881
-699
-464
-311
-245
-160
-26
154
375
539
604
613
527
456
438
416
366
240
82
-51
-137
-182
-234
-289
-329
-399
-471
-463
-424
-377
-397
-445
-463
-420
-323
-219
-101
-17
17
75
148
277
495
769
1085
1295
1369
1364
1333
1328
1353
1307
1189
1025
815
568
280
-23
-301
-561
-834
-1086
-1281
-1395
-1502
-1568
-1568
-1573
-1537
-1530
-1485
-1362
-1171
-892
-695
-544
-424
-336
-247
-185
-71
73
215
327
382
404
391
349
320
275
254
212
167
132
105
67
-16
-94
-192
-268
-301
-285
-213
-130
-115
-134
-171
-143
-90
28
163
281
354
395
463
541
644
746
827
877
948
1017
1035
1049
1044
1067
1109
1072
920
722
520
330
160
-43
-233
-433
-618
-808
-942
-997
-1016
-1020
-1001
-923
-743
-571
-445
-331
-185
-31
61
131
206
294
371
374
322
247
162
69
-10
-58
-112
-169
-221
-275
-310
-336
-369
-420
-441
-410
-343
-293
-264
-257
-242
-182
-41
93
196
255
286
354
443
594
738
930
1127
1300
1396
1363
1329
1283
1253
1159
1036
909
789
616
372
122
-168
-447
-738
-942
-1039
-1081
-1148
-1262
-1396
-1476
-1533
-1530
-1452
-1286
-1082
-965
-908
-893
-829
-696
-562
-442
-354
-280
-210
-165
-74
10
76
103
114
109
134
197
248
256
242
248
247
226
192
142
72
-20
-59
-47
-18
-10
-72
-170
-233
-219
-112
43
213
341
429
498
568
664
720
760
799
854
961
1056
1115
1158
1186
1165
1084
965
856
788
684
488
288
94
-98
-293
-501
-654
-785
-898
-991
-1006
-949
-864
-830
-793
-739
-646
-520
-388
-286
-174
-70
-71
-96
-102
-68
-38
-52
-85
-118
-156
-164
-164
-163
-140
-153
-174
-165
-104
-19
44
47
45
50
115
185
247
296
287
266
259
288
334
399
451
520
628
829
1023
1136
1156
1145
1153
1141
1113
1074
1009
902
744
557
376
194
-32
-317
-588
-802
-951
-1077
-1194
-1266
-1384
-1529
-1685
-1758
-1706
-1601
-1469
-1374
-1274
-1204
-1110
-1020
-894
-730
-590
-449
-291
-120
49
157
188
189
202
198
215
262
322
367
357
323
263
202
109
56
59
140
214
257
259
203
159
134
162
241
363
486
569
596
600
601
613
643
672
724
790
878
948
1028
1102
1172
1152
1033
904
793
690
522
307
113
-76
-268
-458
-632
-773
-941
-1084
-1169
-1150
-1036
-909
-827
-794
-768
-733
-664
-545
-399
-243
-146
-100
-105
-136
-156
-167
-173
-175
-159
-108
-56
-62
-68
-77
-72
-52
-18
57
160
224
231
243
281
309
354
397
454
546
592
613
629
664
693
683
662
708
843
1042
1215
1310
1318
1258
1182
1075
1012
982
931
817
620
378
115
-148
-420
-675
-941
-1158
-1320
-1463
-1541
-1622
-1713
-1823
-1904
-1933
-1881
-1763
-1633
-1548
-1438
-1297
-1145
-993
-881
-830
-783
-702
-540
-321
-125
4
60
46
23
51
143
294
411
520
603
662
693
674
645
615
594
644
697
764
786
731
627
523
473
479
549
578
604
589
547
554
551
537
538
487
443
419
457
536
596
654
705
705
690
648
580
536
457
361
218
50
-110
-284
-457
-621
-788
-913
-997
-1023
-1013
-981
-966
-951
-916
-849
-781
-721
-654
-593
-500
-415
-333
-274
-243
-231
-233
-188
-118
-13
102
194
245
273
312
378
415
491
578
640
701
705
712
684
686
666
649
647
653
639
612
578
521
442
395
359
364
425
473
566
650
717
709
659
602
548
460
334
208
99
-26
-185
-365
-561
-761
-975
-1141
-1280
-1344
-1402
-1468
-1530
-1600
-1657
-1697
-1708
-1651
-1555
-1442
-1324
-1223
-1137
-1035
-927
-841
-726
-589
-406
-249
-115
-9
120
242
345
466
558
635
694
748
824
911
952
957
923
884
842
808
787
769
775
749
670
561
448
384
355
352
399
437
465
454
411
389
396
435
481
521
544
556
549
525
499
501
497
511
524
516
445
297
117
-68
-216
-359
-492
-617
-725
-829
-941
-1047
-1110
-1144
-1149
-1095
-999
-879
-758
-661
-582
-514
-429
-298
-173
-55
12
88
163
211
248
259
271
291
318
377
441
522
557
542
533
512
527
574
614
608
600
549
484
442
415
396
352
284
228
181
136
97
40
17
-6
-19
-5
-3
14
46
120
231
313
342
301
268
210
109
17
-96
-180
-276
-408
-565
-713
-857
-999
-1158
-1275
-1369
-1435
-1465
-1471
-1431
-1404
-1398
-1385
-1328
-1198
-1003
-795
-603
-454
-319
-202
-86
59
190
307
410
514
615
712
780
797
769
742
738
755
797
839
844
816
764
710
672
623
582
557
539
526
515
488
448
431
422
432
430
439
421
384
346
324
310
289
282
238
182
125
60
8
0
5
-10
-35
-44
-46
-60
-94
-152
-232
-336
-408
-471
-473
-494
-544
-614
-695
-742
-752
-730
-664
-579
-528
-474
-436
-353
-262
-169
-83
1
99
183
260
304
326
324
318
317
306
312
328
335
332
312
286
281
261
257
230
211
172
155
160
152
159
143
111
91
67
64
71
92
96
107
126
124
104
69
24
-45
-77
-112
-112
-72
-13
22
8
-68
-130
-169
-195
-237
-278
-297
-325
-366
-426
-478
-537
-595
-678
-750
-766
-769
-771
-762
-745
-723
-680
-626
-578
-496
-385
-256
-136
-39
52
142
208
253
306
371
443
498
518
526
531
533
529
512
508
489
453
437
416
409
432
438
418
364
320
266
244
240
255
269
266
261
222
190
194
223
215
215
220
194
174
139
102
57
11
-54
-87
-94
-72
-24
-27
-70
-165
-242
-271
-268
-272
-299
-335
-380
-424
-470
-484
-450
-422
-402
-384
-361
-309
-240
-167
-109
-26
59
114
158
203
251
277
295
299
317
305
260
214
161
133
108
85
90
77
54
26
-11
-17
-5
12
12
28
35
47
73
84
92
105
96
80
68
56
29
11
-5
-31
-49
-59
-66
-65
-95
-133
-170
-209
-227
-214
-187
-143
-61
8
67
71
91
124
151
152
120
103
109
115
89
46
-16
-98
-201
-295
-346
-335
-316
-302
-294
-308
-314
-333
-343
-295
-206
-102
-14
34
57
56
52
22
16
41
95
139
149
151
141
116
87
73
86
112
141
164
180
186
193
203
176
147
127
129
136
168
180
161
117
53
-13
-58
-78
-84
-88
-100
-127
-147
-128
-137
-143
-179
-223
-219
-189
-125
-70
-9
40
71
98
103
120
137
151
160
149
148
129
93
44
-25
-61
-96
-108
-101
-85
-48
-50
-57
-45
-44
-22
-13
3
27
67
103
107
90
40
-14
-59
-85
-81
-48
-24
-35
-68
-113
-125
-125
-106
-84
-71
-14
30
57
77
72
56
46
38
47
82
91
73
55
21
1
-18
-10
4
19
30
45
64
55
21
-1
-9
-8
35
99
219
356
467
505
497
469
479
520
540
557
548
523
450
338
225
113
-27
-153
-273
-363
-409
-459
-517
-600
-679
-746
-794
-803
-747
-643
-560
-508
-467
-443
-405
-367
-332
-301
-243
-171
-86
-26
17
48
24
-8
-32
-18
21
66
83
76
63
66
55
44
31
1
-15
-33
-16
8
20
-18
-92
-128
-132
-98
-62
15
73
114
137
141
159
179
207
236
254
273
309
350
367
390
392
414
456
463
486
504
482
431
348
274
183
103
51
-21
-70
-141
-199
-255
-270
-273
-280
-266
-257
-240
-212
-178
-145
-121
-112
-99
-66
-28
2
6
-25
-43
-75
-112
-133
-133
-117
-86
-69
-58
-30
-11
14
32
74
114
136
171
216
246
236
225
208
197
195
209
212
198
171
153
146
150
164
171
165
162
171
198
224
220
217
216
260
332
405
406
362
287
246
227
198
180
146
85
-14
-147
-266
-365
-451
-538
-627
-694
-774
-832
-874
-904
-919
-920
-936
-925
-874
-811
-738
-693
-632
-594
-552
-475
-395
-315
-243
-164
-104
-47
6
65
111
148
170
180
208
230
247
260
263
275
247
213
195
175
183
186
189
205
194
176
155
144
155
200
246
309
364
397
422
428
454
471
495
509
505
508
514
501
465
409
359
327
310
320
319
293
263
182
113
41
-35
-77
-126
-181
-244
-310
-361
-417
-459
-505
-520
-507
-464
-403
-347
-288
-239
-206
-169
-114
-41
35
103
140
155
151
134
118
97
84
59
37
16
5
22
18
8
-3
-7
1
38
93
128
165
184
214
245
262
252
250
254
279
296
310
332
293
255
217
193
174
160
142
104
70
27
-18
-51
-45
-8
33
38
-10
-60
-104
-138
-176
-228
-290
-345
-399
-470
-524
-586
-653
-717
-788
-806
-796
-778
-773
-758
-721
-679
-627
-588
-545
-468
-387
-306
-232
-169
-108
-70
-57
-27
29
89
166
203
223
220
227
231
239
266
294
333
341
360
364
386
391
392
392
378
385
393
416
433
404
354
315
291
293
313
333
328
319
307
277
284
295
313
296
255
227
220
216
204
183
138
100
58
37
18
14
8
-9
9
55
82
67
6
-49
-88
-132
-147
-188
-218
-279
-342
-388
-431
-449
-456
-430
-425
-386
-328
-257
-189
-140
-95
-54
5
63
138
209
267
310
324
306
262
228
212
210
216
236
236
199
167
112
74
75
100
126
124
97
51
-4
-55
-107
-146
-151
-166
-183
-215
-252
-256
-293
-323
-364
-390
-397
-362
-326
-294
-266
-230
-137
-23
93
154
178
185
217
245
254
273
242
174
69
-47
-127
-188
-272
-376
-473
-533
-554
-576
-589
-588
-592
-609
-584
-520
-435
-332
-249
-195
-131
-64
-1
74
129
197
242
292
333
380
412
430
428
413
417
415
420
410
378
334
304
268
236
189
145
113
81
58
23
-16
-56
-99
-110
-110
-69
-31
4
37
46
57
74
117
173
200
229
257
280
303
305
300
286
261
233
207
192
183
164
134
105
71
16
-14
-38
-49
-46
-72
-109
-160
-195
-198
-205
-210
-205
-194
-160
-133
-96
-57
-16
27
41
81
120
157
198
214
213
193
169
141
109
70
34
-27
-104
-190
-247
-289
-336
-372
-409
-422
-432
-437
-420
-396
-359
-330
-297
-261
-224
-175
-143
-100
-33
30
83
124
130
144
151
190
231
254
263
249
230
196
172
149
133
140
162
244
343
400
379
307
255
233
249
262
277
245
170
75
-42
-113
-169
-257
-328
-384
-411
-402
-422
-451
-477
-508
-528
-523
-454
-350
-280
-254
-257
-262
-255
-246
-225
-196
-153
-118
-106
-98
-83
-75
-77
-92
-87
-56
-25
21
48
96
126
133
138
151
195
230
243
263
300
316
332
327
299
280
291
316
350
389
421
428
414
403
388
401
402
409
402
401
394
366
327
269
210
137
83
35
7
-27
-72
-124
-180
-218
-235
-233
-197
-109
-43
-18
-41
-115
-143
-163
-163
-175
-192
-225
-293
-365
-421
-438
-459
-483
-489
-455
-393
-343
-319
-308
-297
-285
-258
-234
-152
-74
-45
-58
-84
-85
-86
-59
-41
-11
11
22
25
25
55
94
113
146
201
255
290
296
281
281
295
337
369
390
393
355
312
301
298
298
284
227
194
172
167
142
136
159
216
299
369
388
348
305
238
190
139
107
39
-53
-189
-332
-446
-573
-679
-790
-878
-931
-945
-943
-953
-949
-929
-927
-882
-805
-673
-530
-428
-342
-268
-178
-103
-8
61
138
205
253
315
369
414
435
427
431
468
494
519
519
493
465
450
432
413
392
363
330
307
311
338
345
298
251
228
217
235
269
293
305
293
259
229
231
204
171
137
102
92
53
12
-45
-97
-165
-222
-283
-285
-299
-340
-389
-448
-463
-443
-392
-350
-340
-330
-304
-264
-194
-132
-78
-50
-39
-34
-13
24
48
61
66
89
119
139
140
133
128
127
136
150
159
148
117
76
39
-2
-35
-55
-68
-76
-78
-90
-120
-131
-136
-141
-153
-117
-69
-24
3
10
26
56
88
120
157
196
226
233
232
238
251
218
176
147
122
95
62
39
17
-3
-25
-50
-70
-86
-99
-110
-155
-175
-157
-105
-3
98
148
115
51
17
46
89
112
94
52
-10
-79
-144
-193
-252
-331
-391
-397
-368
-371
-407
-471
-488
-474
-420
-315
-210
-134
-112
-114
-100
-37
61
138
182
182
182
196
220
229
228
217
192
192
209
233
226
190
121
62
55
70
65
60
7
-50
-98
-122
-82
-66
-62
-105
-127
-117
-80
-47
-6
14
9
-18
-6
55
118
145
127
115
104
130
131
134
124
106
99
90
92
99
86
54
6
-43
-44
-37
-29
-23
-27
-23
-18
46
174
261
311
289
250
258
305
328
323
279
202
125
60
23
-34
-94
-176
-231
-243
-238
-282
-347
-400
-406
-382
-332
-303
-275
-256
-271
-281
-276
-226
-180
-169
-177
-180
-167
-132
-112
-68
-26
17
75
110
152
195
216
193
196
227
261
304
322
283
233
190
187
211
250
273
231
186
146
139
150
143
149
125
114
119
156
249
330
359
312
242
209
215
226
205
146
55
-60
-162
-230
-300
-390
-522
-623
-675
-687
-707
-761
-821
-866
-832
-780
-699
-631
-544
-483
-426
-335
-235
-128
-47
0
49
114
182
235
272
289
286
286
298
323
322
305
256
221
208
211
233
231
219
176
130
107
130
169
167
135
95
85
104
143
181
194
200
209
219
254
281
304
310
285
274
285
278
268
234
190
138
92
45
9
-17
-76
-145
-218
-252
-271
-278
-278
-265
-231
-205
-189
-178
-144
-95
-50
5
66
124
155
150
146
140
136
131
128
118
102
76
37
19
3
-24
-58
-97
-103
-108
-124
-145
-177
-195
-208
-214
-212
-187
-176
-193
-201
-190
-150
-108
-77
-49
-21
1
35
63
96
134
144
158
165
182
200
188
173
175
154
131
99
61
46
16
-3
-33
-70
-120
-158
-167
-171
-157
-154
-159
-166
-178
-182
-182
-184
-167
-108
-11
105
190
209
174
139
156
200
214
205
177
95
15
-89
-152
-218
-297
-361
-417
-434
-444
-491
-549
-587
-576
-523
-448
-370
-287
-225
-181
-121
-58
35
111
184
232
269
292
310
340
352
382
387
388
396
390
379
333
282
233
208
200
190
164
118
41
-44
-83
-66
-46
-62
-105
-148
-170
-147
-96
-42
-4
29
58
97
157
213
250
254
268
305
326
328
290
244
206
164
149
139
126
102
47
-15
-55
-69
-63
-71
-62
-61
-55
-46
-19
30
78
87
79
78
113
139
137
118
67
25
-22
-34
-48
-73
-123
-194
-231
-244
-249
-275
-304
-344
-359
-348
-358
-341
-352
-370
-389
-382
-337
-308
-280
-270
-258
-238
-199
-134
-68
-32
-18
-20
5
50
105
146
161
174
181
201
218
242
265
276
268
265
248
268
277
260
256
218
188
171
175
188
185
159
123
92
75
76
52
22
-2
-17
-28
-25
-5
40
105
126
110
81
72
87
106
107
93
45
-25
-122
-202
-255
-291
-334
-376
-419
-437
-456
-475
-492
-482
-441
-391
-316
-253
-199
-176
-142
-83
-9
62
106
138
161
192
209
216
213
205
207
186
166
164
138
119
91
78
91
101
102
91
91
91
79
72
94
114
118
117
100
96
99
102
109
123
146
155
161
167
159
154
141
125
118
97
65
26
-6
-43
-86
-125
-167
-190
-200
-202
-208
-224
-233
-229
-230
-210
-178
-147
-109
-70
-29
17
44
54
58
66
83
91
85
80
58
24
-10
-45
-73
-125
-166
-181
-162
-142
-146
-145
-159
-173
-145
-93
-41
-9
-6
15
33
79
114
127
122
108
124
160
184
179
162
126
106
87
81
67
47
31
16
31
44
48
37
26
17
0
4
32
52
47
51
49
51
56
65
77
95
108
117
104
117
113
102
76
61
60
43
14
-39
-68
-112
-144
-166
-139
-87
-34
-14
-36
-64
-52
-33
-17
-25
-52
-79
-115
-140
-162
-197
-241
-295
-324
-318
-321
-312
-314
-309
-287
-262
-235
-188
-139
-92
-54
-23
11
46
68
89
119
117
113
115
112
117
117
93
76
78
99
103
79
66
72
69
92
107
134
152
112
105
83
90
99
95
85
71
56
46
58
66
104
97
86
88
95
110
114
116
106
94
78
81
74
66
58
48
50
53
51
25
-5
-21
-25
-11
0
6
32
40
32
40
59
82
113
141
148
170
179
152
123
117
114
111
89
61
33
-2
-35
-81
-108
-118
-107
-107
-113
-112
-122
-125
-116
-87
-55
-32
-18
-18
-33
-57
-65
-75
-66
-56
-66
-87
-112
-127
-147
-164
-168
-160
-153
-147
-166
-171
-167
-159
-159
-147
-125
-103
-79
-73
-74
-54
-50
-19
13
16
26
38
60
83
99
108
106
91
88
92
102
95
88
50
11
-7
-28
-41
-48
-62
-78
-92
-78
-54
-19
24
22
18
-2
13
49
69
63
52
29
-11
-33
-52
-72
-108
-138
-161
-155
-151
-166
-179
-183
-166
-132
-98
-74
-33
-15
12
48
86
124
125
126
126
131
134
136
131
120
99
71
68
55
36
25
9
8
10
12
15
26
23
26
30
35
53
64
77
80
76
66
64
83
106
134
151
158
156
146
162
173
171
166
148
113
85
71
61
43
20
2
-10
-25
-49
-74
-80
-92
-98
-96
-82
-47
-27
-25
-38
-13
17
58
72
72
77
64
39
20
15
-19
-54
-76
-102
-109
-128
-170
-195
-201
-192
-191
-176
-155
-158
-153
-143
-128
-128
-107
-87
-87
-63
-62
-70
-92
-113
-114
-106
-82
-52
-35
-36
-61
-62
-53
-32
-16
-6
-1
7
12
32
48
65
92
101
105
108
145
166
176
182
192
194
207
208
199
188
172
164
164
149
145
126
115
99
79
81
59
53
33
24
2
-9
-16
-37
-36
-56
-58
-33
8
27
24
6
-12
5
35
53
54
38
19
6
4
-4
-31
-74
-104
-120
-132
-152
-181
-200
-212
-216
-218
-206
-192
-189
-169
-151
-122
-94
-86
-76
-62
-39
-28
-12
9
15
33
27
25
22
4
0
-10
-9
-19
-26
-34
-42
-44
-42
-55
-49
-48
-59
-52
-40
-33
-31
-38
-34
-9
16
52
78
75
79
75
88
101
119
130
142
149
145
139
112
105
82
74
87
80
82
74
60
34
23
31
57
85
106
118
115
113
107
111
133
141
153
148
129
107
68
33
-3
-27
-47
-80
-94
-136
-162
-189
-207
-211
-198
-199
-207
-196
-186
-158
-137
-122
-113
-96
-66
-31
-12
4
14
1
10
19
32
48
42
35
33
30
31
27
39
37
53
67
66
64
54
63
72
97
98
91
85
81
93
93
98
77
59
49
51
50
58
58
43
27
-4
-14
-18
-17
-34
-58
-68
-83
-85
-110
-134
-141
-142
-147
-158
-154
-152
-177
-199
-200
-199
-180
-153
-131
-96
-79
-62
-53
-39
-22
1
27
40
49
40
25
14
11
13
12
8
7
-10
-25
-36
-40
-34
-50
-51
-49
-35
-33
-33
-51
-60
-56
-43
-32
-7
3
16
26
32
57
66
80
87
100
110
120
129
127
118
119
116
108
112
119
105
94
93
78
89
86
73
63
64
62
58
53
46
54
51
55
76
90
99
109
116
114
99
103
124
130
145
146
154
159
148
142
128
126
120
105
83
59
40
17
22
15
10
5
-11
-26
-39
-40
-49
-48
-56
-79
-90
-101
-109
-104
-110
-122
-125
-133
-135
-134
-136
-145
-149
-151
-135
-137
-139
-141
-149
-151
-154
-142
-138
-139
-141
-137
-144
-146
-149
-145
-150
-148
-135
-127
-122
-123
-114
-104
-96
-73
-53
-45
-47
-49
-44
-43
-26
-20
-8
-8
-10
-2
-2
10
15
25
27
40
70
83
87
94
107
115
117
123
132
147
151
148
162
161
165
173
181
196
209
200
212
209
187
187
187
182
179
158
138
119
101
97
71
42
21
0
-12
-32
-52
-64
-68
-64
-54
-58
-69
-82
-98
-109
-115
-117
-116
-126
-138
-156
-159
-167
-168
-175
-178
-165
-170
-168
-166
-162
-162
-162
-159
-146
-135
-125
-109
-107
-107
-102
-92
-85
-76
-58
-50
-37
-18
-1
9
28
43
53
73
92
108
122
136
134
142
159
160
167
170
172
170
163
157
134
133
120
118
110
98
92
72
44
23
11
8
13
9
9
17
17
22
26
24
29
34
28
42
36
23
18
22
34
47
53
41
38
29
31
31
27
15
0
-18
-31
-47
-68
-88
-96
-116
-132
-141
-139
-151
-166
-169
-170
-155
-141
-125
-126
-118
-110
-96
-75
-63
-52
-47
-41
-34
-20
-30
-28
-27
-12
7
26
45
46
56
56
71
93
123
141
143
135
120
121
121
128
131
133
136
134
125
109
102
97
93
98
96
105
101
95
77
76
74
84
86
66
57
30
25
5
5
7
-2
-7
-14
-29
-50
-68
-73
-83
-90
-97
-122
-131
-143
-140
-140
-134
-112
-116
-115
-102
-92
-88
-85
-88
-89
-94
-93
-88
-94
-89
-97
-101
-100
-92
-89
-89
-97
-93
-84
-74
-66
-69
-62
-70
-76
-77
-66
-62
-52
-50
-59
-66
-68
-50
-47
-31
-23
-9
-2
13
28
25
26
35
55
69
88
76
70
72
74
85
102
113
128
141
141
147
147
163
171
176
189
201
193
185
182
174
175
163
170
166
157
145
127
114
102
89
85
92
94
95
79
68
50
42
30
28
33
20
14
-9
-40
-62
-79
-93
-90
-93
-100
-103
-127
-160
-181
-178
-182
-184
-192
-180
-201
-214
-216
-220
-216
-219
-208
-208
-193
-178
-166
-161
-138
-115
-108
-94
-87
-57
-39
-33
-16
-21
-10
16
39
49
66
70
67
65
74
81
88
92
86
86
88
92
79
87
87
86
77
75
74
76
84
84
93
107
104
90
89
84
86
85
87
81
61
54
36
32
22
17
13
4
-5
-18
-25
-42
-43
-47
-47
-55
-65
-73
-78
-66
-70
-74
-71
-64
-68
-57
-59
-56
-47
-40
-27
-24
-33
-39
-38
-38
-35
-37
-42
-49
-48
-50
-48
-52
-48
-40
-41
-39
-26
-4
4
4
-5
3
16
21
29
35
41
42
40
42
44
40
35
44
46
60
65
70
76
82
85
80
93
81
88
97
92
96
94
93
91
92
90
88
89
82
73
62
55
49
42
44
42
23
10
7
3
-5
-11
-26
-37
-41
-45
-51
-49
-46
-54
-64
-65
-63
-62
-62
-61
-48
-50
-36
-25
-13
5
13
17
22
18
21
28
38
39
33
21
-2
-21
-34
-44
-54
-69
-73
-80
-85
-83
-84
-96
-100
-113
-101
-86
-74
-65
-79
-75
-78
-68
-58
-55
-42
-41
-37
-36
-38
-39
-32
-34
-38
-29
-22
-2
0
11
18
22
35
42
47
59
69
70
75
76
78
81
80
80
72
70
76
61
55
53
48
56
62
70
69
69
74
71
66
67
67
64
55
43
33
20
23
20
13
9
-6
-18
-22
-23
-44
-54
-66
-69
-80
-77
-78
-101
-104
-114
-124
-128
-133
-130
-127
-127
-131
-129
-130
-135
-130
-123
-114
-102
-87
-77
-70
-58
-43
-34
-11
4
15
20
19
23
36
57
68
73
73
78
82
90
100
98
85
90
84
84
88
80
84
85
77
77
70
61
67
54
51
48
37
32
24
25
25
25
21
17
9
12
16
20
28
18
17
23
22
17
17
10
15
16
11
3
-3
-7
-14
-9
-12
-11
-5
-4
3
23
39
49
67
68
61
64
69
82
79
66
49
23
11
2
-11
-10
-27
-38
-42
-41
-45
-54
-62
-70
-65
-49
-42
-44
-48
-59
-72
-68
-66
-70
-78
-84
-93
-94
-90
-98
-99
-102
-97
-80
-58
-54
-43
-29
-16
1
23
34
39
43
51
60
64
67
69
64
55
51
52
51
56
59
55
47
45
52
49
50
61
53
69
65
60
65
53
53
50
54
49
51
43
40
35
22
21
14
8
-8
-16
-24
-35
-53
-57
-71
-84
-100
-101
-101
-108
-109
-112
-106
-100
-101
-107
-103
-98
-106
-93
-82
-78
-67
-71
-54
-54
-47
-42
-36
-32
-28
-23
-20
-15
-15
-12
-6
-2
0
2
6
16
8
10
12
12
10
13
5
6
9
6
23
32
39
52
60
74
89
91
106
118
131
147
147
145
141
134
136
135
132
119
110
105
104
95
87
78
64
62
50
34
27
17
17
13
9
11
11
9
-8
-8
-5
-13
-11
-26
-45
-48
-45
-51
-64
-74
-86
-91
-96
-105
-112
-116
-115
-125
-126
-128
-130
-132
-136
-130
-131
-125
-136
-134
-131
-124
-111
-100
-86
-79
-65
-55
-36
-20
-3
7
20
30
26
27
41
45
63
70
68
77
70
73
82
84
80
83
70
64
73
74
76
82
84
76
66
75
65
60
64
53
55
50
43
43
38
33
32
19
10
2
5
-1
-9
-16
-14
-13
-21
-27
-33
-33
-31
-31
-31
-38
-44
-42
-47
-45
-55
-53
-49
-43
-43
-40
-33
-35
-21
-19
-20
-18
-14
-11
-3
4
8
14
6
10
7
7
6
9
3
7
3
-4
-4
-8
-14
-23
-32
-26
-19
-22
-20
-30
-39
-40
-35
-18
-8
-2
-1
-6
-1
7
17
26
27
34
44
44
43
44
42
40
40
58
63
71
78
70
74
65
60
62
56
58
55
51
53
52
43
41
36
35
37
25
26
18
21
15
7
-2
-6
1
2
6
-1
-3
5
12
7
6
1
1
3
4
1
-8
-18
-36
-42
-48
-53
-61
-65
-66
-71
-69
-72
-79
-85
-79
-75
-73
-74
-71
-59
-58
-50
-58
-53
-47
-48
-54
-53
-51
-46
-35
-36
-32
-25
-27
-18
-14
-6
5
10
19
21
29
26
34
47
45
45
47
45
53
56
51
43
44
35
34
39
28
23
22
26
23
29
33
29
29
28
38
39
43
45
37
30
24
28
30
34
27
19
11
8
2
-1
4
-2
2
-4
-4
-12
-7
-17
-25
-19
-30
-36
-37
-38
-34
-38
-47
-48
-57
-59
-69
-75
-74
-75
-73
-80
-73
-73
-75
-77
-78
-73
-72
-72
-70
-75
-72
-68
-66
-56
-51
-46
-34
-18
-13
-6
7
12
15
15
16
36
37
45
43
40
38
37
41
49
52
52
61
56
62
62
63
66
73
88
87
81
89
85
81
74
71
72
67
72
57
58
55
49
37
34
32
27
35
31
32
19
12
9
10
8
5
3
-6
-7
-10
-7
-10
-14
-12
-16
-8
-12
-3
1
3
1
2
10
15
25
32
23
20
13
2
-7
-7
-15
-28
-37
-40
-36
-39
-42
-44
-49
-45
-42
-30
-26
-25
-28
-29
-19
-21
-17
-20
-19
-16
-16
-21
-24
-24
-25
-24
-22
-23
-27
-24
-24
-19
-11
-7
-5
-8
2
7
4
11
9
18
21
28
35
32
22
33
45
44
43
40
39
46
49
52
58
56
52
46
43
37
31
28
13
8
4
-4
1
-14
-19
-23
-33
-32
-39
-52
-56
-63
-72
-80
-72
-82
-86
-90
-96
-88
-95
-85
-84
-79
-79
-75
-76
-77
-75
-69
-57
-58
-54
-61
-62
-52
-48
-51
-43
-30
-25
-26
-28
-22
-15
0
6
9
20
30
34
41
49
58
61
55
60
66
71
72
77
73
76
75
80
81
84
96
98
97
93
103
99
103
97
98
94
92
89
80
72
61
56
39
37
42
45
31
18
9
5
8
1
4
-1
2
-13
-18
-23
-29
-33
-31
-27
-19
-21
-21
-30
-42
-35
-36
-31
-42
-48
-61
-66
-66
-64
-71
-82
-76
-74
-67
-67
-71
-68
-60
-53
-45
-37
-35
-40
-36
-30
-33
-31
-26
-23
-15
-12
-6
-5
-6
-5
-3
1
11
13
23
28
23
23
26
23
23
29
31
29
21
17
9
7
10
16
14
22
25
28
30
25
13
5
4
-5
4
3
5
-4
-17
-12
-15
-15
-16
-20
-14
-28
-25
-37
-46
-40
-51
-37
-40
-36
-42
-37
-33
-30
-33
-29
-22
-22
-19
-16
-4
-4
-6
0
14
19
28
47
48
53
50
47
46
49
61
67
61
57
60
62
69
67
60
58
59
67
60
54
49
46
46
40
42
42
39
30
25
22
24
20
22
19
8
-5
-16
-16
-19
-13
-13
-20
-28
-30
-32
-27
-23
-21
-20
-20
-19
-12
-13
-7
-6
9
15
8
8
0
11
1
1
-2
0
-2
-6
-14
-22
-22
-29
-26
-26
-22
-23
-34
-30
-25
-30
-26
-30
-27
-26
-25
-34
-35
-36
-37
-38
-36
-41
-48
-45
-49
-52
-58
-61
-59
-55
-52
-45
-41
-40
-27
-23
-18
-17
-7
1
0
9
11
28
30
26
24
23
19
18
24
30
34
33
29
20
34
32
40
36
33
38
39
51
56
57
61
56
45
39
38
31
32
25
26
26
26
21
13
13
13
23
18
14
-5
-12
-14
-15
-18
-20
-27
-31
-28
-32
-33
-27
-23
-30
-21
-32
-36
-39
-37
-27
-25
-22
-25
-25
-23
-22
-28
-24
-29
-23
-19
-22
-27
-28
-34
-32
-23
-20
-15
-24
-22
-28
-26
-26
-39
-34
-26
-22
-18
-21
-20
-10
-7
-1
-2
2
0
5
10
5
13
2
6
11
17
19
21
28
23
29
40
47
45
47
40
51
50
48
48
43
50
44
50
52
48
48
53
51
47
49
52
56
59
49
41
40
33
29
18
5
2
-3
-4
-9
0
-8
-12
-9
-8
-12
-8
-5
-6
-14
-13
-16
-29
-29
-38
-36
-33
-39
-38
-44
-45
-45
-49
-39
-43
-39
-34
-31
-28
-28
-25
-26
-29
-23
-25
-24
-22
-13
-9
-4
-3
2
10
8
13
17
17
14
8
2
2
-2
1
-3
-7
-8
-8
-6
-8
-4
3
20
30
35
38
29
34
38
41
47
39
25
15
11
5
4
0
-1
-6
-6
-2
-2
-3
-2
0
-2
-3
-7
-7
-3
4
-8
-8
-15
-17
-8
-8
-6
-10
-19
-27
-23
-21
-11
-11
-10
2
9
4
7
9
6
12
10
15
11
22
18
14
14
18
29
24
30
20
24
26
20
23
22
17
15
18
7
5
2
8
10
14
7
6
10
11
6
7
-1
3
-3
-10
-10
-7
-6
-11
-10
-19
-10
-16
-22
-23
-21
-20
-28
-30
-33
-29
-35
-29
-29
-28
-35
-47
-47
-43
-44
-44
-42
-37
-32
-31
-35
-40
-36
-29
-26
-13
-18
-25
-32
-34
-27
-26
-28
-28
-28
-22
-11
-6
-5
-4
3
14
11
12
13
9
14
19
13
15
10
16
14
13
15
18
19
25
25
25
21
17
17
21
23
21
20
15
14
8
6
-2
1
-1
9
7
-7
-9
-3
9
16
15
19
15
19
25
27
28
16
20
23
40
50
48
50
50
49
41
41
33
30
26
26
29
31
25
23
18
21
21
15
7
12
24
21
16
16
13
18
19
9
8
3
-4
-11
-12
-6
-11
-15
-17
-21
-25
-17
-25
-34
-28
-23
-17
-23
-30
-30
-31
-25
-16
-8
-18
-30
-37
-35
-26
-33
-35
-42
-40
-44
-41
-30
-27
-27
-30
-30
-17
-6
2
4
1
-6
2
5
9
10
6
7
6
9
8
15
11
6
10
6
10
16
12
17
9
8
17
20
22
19
35
28
32
26
29
27
23
22
16
11
4
-3
0
-4
-12
-9
-18
-13
-21
-27
-29
-37
-34
-32
-33
-25
-31
-33
-29
-32
-28
-26
-31
-29
-20
-13
-13
-15
-24
-25
-25
-14
-16
-14
-13
-12
-8
-3
0
-10
-3
-3
10
20
30
24
21
16
21
30
29
37
39
37
46
51
50
45
45
44
38
46
43
48
43
38
39
42
46
44
34
23
32
28
31
24
20
10
6
1
3
1
-9
-17
-19
-20
-21
-21
-21
-21
-20
-21
-27
-28
-23
-20
-25
-20
-25
-27
-21
-27
-19
-20
-12
-13
-18
-17
-25
-24
-31
-34
-24
-25
-22
-28
-27
-28
-35
-28
-34
-25
-22
-28
-34
-36
-28
-19
-8
-19
-26
-34
-39
-36
-32
-34
-37
-38
-38
-35
-28
-28
-26
-20
-16
-12
-8
-14
-8
-1
2
11
9
13
12
13
9
11
15
14
25
24
28
29
23
26
26
40
36
37
42
39
38
45
55
52
48
37
34
35
31
30
36
28
32
38
32
32
28
27
25
30
34
30
26
21
24
23
22
23
17
17
18
13
4
6
2
0
3
-8
-7
-16
-12
-10
-14
-13
-11
-13
-11
-2
-12
-20
-26
-21
-15
-18
-20
-25
-23
-20
-21
-20
-23
-29
-28
-18
-21
-12
-8
-2
1
-1
0
-8
-5
-3
2
2
-1
-12
-15
-15
2
7
10
8
7
3
1
9
11
7
1
1
-12
-14
-10
-7
-8
-8
-10
-6
-11
-9
-11
-8
-10
-14
-4
-11
-3
-10
-15
-21
-25
-19
-24
-16
-19
-21
-20
-32
-28
-17
-14
-9
-7
-3
-2
1
0
-2
5
6
14
18
19
35
30
32
26
24
36
36
42
41
37
37
36
34
42
35
33
30
15
16
15
15
17
20
15
11
16
11
15
12
10
10
13
11
1
-5
-8
-11
-10
-8
-12
-15
-27
-24
-26
-25
-25
-29
-30
-27
-34
-26
-28
-30
-29
-27
-16
-24
-17
-21
-15
-17
-23
-19
-13
-10
-13
-6
-10
-8
-11
-5
-1
3
13
8
6
9
13
5
6
4
4
-1
-5
-7
-3
-4
-5
-10
-15
-13
-12
-8
-10
-3
-8
-10
-5
-4
4
1
1
2
0
1
3
2
-2
1
4
2
-1
-2
-16
-14
-19
-15
-10
-13
-10
-14
-10
-8
-9
-4
1
2
-2
2
0
2
-7
-12
-11
-4
-1
-4
-8
-8
-3
-3
9
8
11
17
14
13
11
16
16
16
14
11
16
14
18
16
17
18
17
23
27
28
14
17
19
20
24
19
15
13
12
10
17
13
7
4
-1
2
13
20
15
7
3
7
12
14
7
-2
-4
-5
3
11
0
-6
-9
-8
-2
6
2
-2
-5
0
4
7
11
10
6
4
14
13
13
13
5
8
6
-2
-2
-7
4
2
-2
-4
-11
-6
-7
-3
-2
-10
-9
-7
-7
-7
-9
-1
-3
-5
-4
-9
-13
-12
-2
-5
-8
2
-4
-14
-18
-25
-22
-19
-17
-13
-16
-20
-16
-14
-16
-15
-10
-11
-7
-3
2
-1
0
1
-7
-2
7
9
4
-8
-5
-7
-12
-9
-7
-7
-2
-2
0
2
2
10
6
13
13
7
5
9
4
-4
-7
-11
-16
-25
-19
-17
-16
-19
-22
-19
-11
-5
-1
0
9
6
0
9
14
19
22
17
18
30
19
20
23
18
20
13
12
10
7
8
11
9
14
16
18
16
12
9
9
7
8
14
7
3
0
-3
-2
2
-5
-3
-9
-12
-13
-7
4
-1
5
-7
-2
-2
-4
-11
-12
-10
-7
-8
-1
-1
-4
-10
-17
-7
-8
-14
-20
-23
-25
-29
-23
-19
-23
-22
-16
-17
-9
-11
-6
-6
-12
-14
-11
-2
-6
-8
-13
-12
-11
-11
-9
-8
-6
-5
-1
-2
0
0
2
10
14
13
12
9
5
7
6
11
5
7
11
14
14
10
6
11
12
20
22
19
22
24
21
20
17
17
11
8
10
4
5
3
2
2
5
-4
-4
4
8
6
11
12
10
11
15
13
5
-2
-4
-1
2
2
1
-8
-17
-9
-4
0
4
-2
-8
-10
-5
1
-3
1
0
-2
-5
-2
-1
-1
4
0
-6
-9
-8
-2
-5
2
-5
-6
-4
-5
0
-4
-1
-4
0
2
8
7
3
-5
-12
-2
-7
-4
-5
-5
-3
-4
-7
-3
1
0
0
-2
-3
-2
0
-5
-5
0
1
-2
2
5
15
11
17
16
15
19
17
22
13
8
8
5
13
7
6
9
-1
-2
-2
-5
0
-3
-7
-3
-4
-4
-1
-6
-9
-10
-7
-2
-2
3
0
-8
-1
-2
0
0
-4
1
-2
-3
-11
-10
-8
-11
-3
-1
-5
-8
-3
3
11
5
3
-2
0
5
8
13
12
12
7
9
8
5
11
13
6
7
5
12
14
9
6
7
7
-1
-7
-11
-10
-13
-18
-11
-16
-25
-28
-27
-22
-21
-20
-22
-19
-14
-19
-19
-22
-23
-16
-12
-8
-12
-12
-14
-10
-17
-15
-13
-12
-12
-13
-11
-12
-10
-9
-7
0
8
11
11
6
15
16
11
12
5
11
14
9
11
9
11
15
12
14
18
15
7
13
16
12
17
10
9
5
14
12
9
11
1
-6
-8
-3
4
10
2
-4
-15
-16
-13
-7
-6
-6
-15
-14
-19
-16
-10
-20
-17
-24
-16
-6
-4
-6
-3
1
-4
1
-1
9
8
9
13
12
16
14
13
20
22
19
23
19
20
17
17
18
19
25
19
19
19
18
21
18
11
11
13
14
12
6
-1
4
-4
-3
0
3
3
-4
-12
-11
-17
-15
-12
-17
-19
-16
-15
-21
-17
-9
-16
-17
-15
-20
-20
-18
-12
-13
-16
-19
-15
-13
-13
-5
-2
-4
-8
-1
1
6
10
4
8
8
8
7
9
13
17
13
8
16
11
11
7
6
12
11
16
10
10
4
14
14
20
21
19
15
11
12
14
14
11
12
10
9
8
2
-2
-4
-12
-15
-21
-18
-23
-19
-17
-17
-9
-11
-14
-18
-8
-11
-6
-15
-8
-3
-7
-4
-4
-1
-3
-1
-2
-3
2
3
-2
-1
-7
-4
-2
6
7
5
1
-6
-7
-7
-4
1
1
2
-1
-4
-2
-2
2
-6
-2
-1
-5
-2
-3
4
8
10
9
8
3
3
3
5
-1
-6
-8
-5
4
-2
6
3
1
2
-3
4
0
-1
5
5
-3
-11
-4
-4
-3
-4
-3
-1
-6
-4
-3
-9
-9
-11
-11
-3
-8
-4
-4
-6
-8
-13
-4
-7
-11
-8
-14
-7
-11
-9
-6
-7
-5
-2
0
-2
4
5
-5
-1
-3
-8
-2
-4
9
14
10
10
15
20
20
19
14
16
8
-3
-1
-5
1
2
-2
1
-1
1
-7
-10
-12
-13
-8
-9
-5
-7
-5
-12
-6
-8
-5
-1
4
7
0
1
0
3
7
12
5
6
4
8
8
7
12
12
11
5
4
2
2
10
14
11
9
9
6
6
6
10
20
16
19
21
18
10
4
2
6
5
1
3
-1
5
-2
-3
-6
-8
-1
-1
-1
3
-1
-7
-9
-17
-16
-16
-10
-9
-11
-7
-15
-18
-13
-10
-8
-6
-8
-8
-5
-4
-2
0
-4
-7
2
-2
-2
-5
-7
-7
-15
-9
-4
3
1
7
7
9
9
10
17
17
22
18
17
13
10
10
16
12
17
14
9
9
4
4
-5
0
10
7
9
9
7
12
4
9
4
11
12
13
10
9
4
-1
-1
-12
-16
-20
-10
-9
-1
-7
-10
-11
-16
-11
-13
-5
-3
0
-1
-3
-1
7
6
6
8
0
3
7
6
1
-1
-2
5
5
5
5
2
2
0
0
-5
-4
0
6
1
4
1
2
-3
-8
-6
-11
-10
-17
-24
-14
-22
-21
-16
-20
-19
-22
-18
-18
-13
-15
-15
-21
-13
-10
-10
-4
-1
-8
-11
-11
-8
-2
1
1
5
-1
1
2
5
5
9
11
2
5
-1
4
-5
-10
-3
-8
3
2
-2
-4
0
-2
-6
-2
-2
4
2
1
-3
-2
-6
-12
-6
-4
-7
0
1
2
4
0
10
13
14
11
12
11
15
15
17
12
8
4
8
10
6
17
10
8
9
7
6
11
8
3
4
4
5
-5
-4
-6
-5
-5
-4
-7
-11
-11
-21
-15
-21
-15
-13
-17
-17
-13
-3
2
8
-5
-8
-5
-9
-10
-11
-7
-2
4
4
4
5
0
3
13
13
14
10
10
14
15
19
19
15
15
14
21
19
22
23
21
21
12
10
13
15
20
21
15
16
8
11
12
12
6
4
4
3
3
3
3
-4
-3
-6
-7
-12
-7
-8
-8
-10
-11
-10
-11
-12
-11
-11
-11
-16
-19
-16
-17
-11
-11
-7
-7
-10
-6
-6
-8
-6
-2
2
-1
-5
-13
-14
-15
-17
-11
-10
-8
-7
-7
-3
1
6
5
6
12
19
14
13
10
6
-4
-7
0
2
-4
2
-3
-4
-1
-5
4
6
10
14
9
6
5
2
3
0
0
-1
3
2
6
5
-2
3
-1
3
-4
2
8
9
12
11
16
12
13
9
5
8
10
9
8
4
0
9
10
15
15
