SAMPLES:	7982
BITSPERSAMPLE:	16
CHANNELS:	1
SAMPLERATE:	16000
NORMALIZED:	FALSE
23
9
12
27
27
26
14
5
2
2
13
19
25
25
25
21
13
13
10
29
23
22
11
-9
0
-1
12
13
7
4
-2
-13
-2
-2
-11
-1
-13
-4
15
20
14
-4
5
27
18
2
-15
-19
-10
-14
-19
-13
-17
-12
-7
-2
-16
-23
-26
-26
-16
-26
-19
-11
4
-4
-13
-20
-5
-10
-15
-18
-23
-27
-23
-19
-8
0
-6
-3
2
16
17
26
30
21
16
6
3
-7
-13
-12
-18
-13
-10
-9
-16
-10
-8
-2
-2
-2
0
5
13
9
9
12
13
6
3
6
3
-2
-9
-16
-15
-14
1
5
11
7
4
1
-4
3
3
5
-1
-9
-11
-9
-9
-10
-12
-15
-12
-19
-4
0
-4
-2
-9
4
2
1
-9
-19
-13
-15
-10
-13
-14
-10
-11
-10
-11
-8
2
2
2
5
8
8
1
2
5
10
9
-4
1
5
11
12
18
18
26
41
27
37
30
31
37
32
32
43
40
46
57
55
58
51
59
63
72
75
72
70
68
61
57
52
45
25
10
-8
-24
-32
-49
-59
-79
-78
-81
-87
-81
-87
-85
-83
-84
-85
-79
-81
-78
-71
-62
-55
-43
-39
-33
-18
-20
-10
2
23
35
46
48
48
45
43
30
15
-3
-18
-43
-78
-100
-111
-123
-128
-133
-137
-128
-127
-105
-96
-86
-69
-61
-52
-45
-31
-22
-18
-7
-9
-3
-2
7
13
18
27
20
43
61
62
68
74
82
85
83
86
77
75
67
73
73
71
87
92
117
139
191
248
315
380
429
480
536
578
589
577
534
490
429
340
249
157
63
-39
-148
-252
-335
-390
-431
-463
-478
-480
-482
-475
-477
-463
-444
-422
-406
-400
-394
-369
-334
-287
-238
-178
-102
-33
37
103
175
224
260
261
250
227
187
135
64
-10
-87
-172
-240
-290
-331
-343
-339
-315
-281
-241
-189
-122
-48
14
64
113
169
218
263
294
324
346
358
373
365
362
345
317
275
211
150
78
-25
-123
-217
-311
-391
-463
-499
-523
-526
-511
-483
-433
-376
-311
-256
-177
-99
-32
33
99
172
216
263
276
279
296
302
311
319
318
321
304
287
271
257
240
206
172
151
136
136
134
153
195
256
360
492
642
780
898
988
1070
1109
1092
1016
906
748
530
269
-7
-263
-516
-766
-1013
-1218
-1357
-1435
-1476
-1485
-1434
-1358
-1250
-1143
-1041
-908
-772
-624
-507
-396
-284
-162
-28
99
231
355
482
576
651
711
749
744
706
625
505
364
194
18
-175
-358
-524
-658
-768
-832
-854
-837
-776
-686
-564
-420
-240
-50
134
306
456
599
744
871
967
1022
1066
1085
1075
1034
941
823
695
519
326
98
-116
-313
-517
-698
-853
-970
-1057
-1091
-1078
-1008
-907
-781
-630
-465
-274
-86
94
263
400
524
622
708
776
816
850
859
846
812
761
694
610
508
390
270
140
15
-72
-173
-238
-291
-310
-253
-133
62
276
480
650
816
967
1100
1147
1102
999
850
628
312
-15
-327
-607
-890
-1183
-1437
-1621
-1704
-1727
-1717
-1656
-1541
-1399
-1256
-1110
-960
-788
-616
-474
-352
-223
-65
108
273
432
598
758
905
1021
1116
1173
1176
1111
973
794
583
329
59
-206
-473
-716
-928
-1083
-1176
-1201
-1176
-1103
-982
-824
-645
-443
-228
-15
192
378
549
737
924
1076
1164
1209
1244
1260
1225
1124
987
835
649
402
117
-153
-376
-600
-816
-996
-1108
-1152
-1149
-1107
-1021
-888
-710
-520
-332
-125
73
266
428
552
657
763
857
905
919
911
912
887
829
754
651
546
416
264
92
-76
-221
-340
-437
-514
-552
-522
-411
-213
33
234
426
612
819
981
1033
1024
969
856
650
359
30
-255
-521
-803
-1080
-1318
-1454
-1513
-1537
-1515
-1423
-1311
-1185
-1069
-960
-810
-646
-496
-382
-291
-171
-32
121
286
443
623
782
928
1035
1122
1182
1175
1102
949
766
542
287
13
-258
-524
-761
-954
-1087
-1149
-1157
-1094
-998
-867
-702
-514
-311
-94
100
262
421
547
680
826
941
1011
1035
1041
1052
1021
953
832
711
540
322
64
-210
-427
-645
-871
-1086
-1231
-1308
-1321
-1280
-1182
-1027
-818
-597
-358
-113
148
391
591
739
833
934
1014
1047
1023
970
925
874
793
708
614
532
417
265
106
-47
-170
-285
-376
-448
-499
-524
-479
-329
-76
194
414
620
848
1073
1247
1295
1245
1156
995
725
370
-8
-325
-622
-953
-1303
-1563
-1696
-1757
-1783
-1762
-1667
-1513
-1366
-1215
-1043
-848
-623
-430
-280
-138
31
210
394
565
731
907
1051
1156
1223
1285
1295
1227
1076
871
620
362
78
-214
-481
-755
-990
-1181
-1285
-1318
-1269
-1170
-1047
-857
-645
-434
-212
20
230
393
521
659
810
959
1097
1162
1191
1176
1159
1104
1000
828
600
337
28
-296
-616
-886
-1129
-1342
-1490
-1546
-1532
-1444
-1276
-1055
-791
-514
-241
58
333
582
795
952
1050
1098
1112
1110
1089
1020
926
831
744
643
515
409
302
186
35
-130
-259
-385
-491
-558
-607
-622
-600
-484
-258
45
346
582
832
1107
1344
1498
1508
1442
1326
1105
778
371
-19
-373
-713
-1090
-1453
-1682
-1798
-1829
-1828
-1778
-1645
-1462
-1292
-1116
-913
-704
-484
-316
-197
-53
126
322
506
657
827
999
1153
1253
1329
1370
1350
1226
1000
741
443
118
-215
-568
-895
-1187
-1437
-1591
-1677
-1638
-1530
-1382
-1167
-927
-670
-377
-83
197
423
597
762
886
1006
1117
1163
1193
1192
1142
1098
1016
913
755
530
274
-14
-309
-599
-877
-1112
-1324
-1473
-1543
-1531
-1420
-1241
-990
-713
-404
-95
238
560
832
1038
1188
1285
1328
1318
1256
1181
1060
916
770
628
505
368
207
70
-52
-193
-336
-458
-555
-618
-683
-717
-696
-625
-522
-331
-53
297
619
894
1152
1412
1643
1736
1702
1576
1407
1134
735
273
-150
-536
-927
-1342
-1707
-1913
-1985
-2014
-2017
-1957
-1799
-1560
-1344
-1129
-890
-622
-339
-144
8
200
429
628
782
931
1087
1231
1337
1392
1406
1401
1304
1109
861
566
262
-73
-432
-780
-1099
-1398
-1619
-1751
-1776
-1722
-1610
-1440
-1211
-923
-630
-312
-5
278
526
719
883
1040
1171
1264
1336
1359
1338
1272
1171
1078
937
713
413
85
-228
-534
-843
-1121
-1363
-1545
-1648
-1686
-1622
-1453
-1211
-909
-602
-267
74
420
740
998
1191
1345
1424
1448
1408
1329
1238
1096
921
729
564
429
274
110
-35
-191
-330
-475
-589
-719
-830
-892
-914
-874
-803
-677
-468
-143
242
623
948
1238
1548
1828
1994
1984
1853
1673
1402
1021
529
40
-414
-846
-1295
-1724
-2009
-2141
-2188
-2194
-2142
-1987
-1741
-1489
-1218
-961
-662
-382
-124
64
265
488
698
897
1042
1178
1320
1462
1553
1583
1550
1463
1296
1041
732
400
40
-341
-723
-1095
-1427
-1698
-1875
-1953
-1950
-1864
-1710
-1476
-1169
-847
-527
-178
159
435
670
877
1084
1259
1368
1432
1458
1472
1433
1325
1178
1003
791
493
147
-204
-522
-853
-1202
-1502
-1701
-1808
-1841
-1810
-1669
-1433
-1162
-835
-494
-117
261
613
898
1117
1291
1403
1464
1442
1378
1290
1172
1029
859
697
555
414
256
89
-74
-230
-371
-523
-657
-785
-881
-930
-963
-905
-804
-644
-387
-51
380
815
1169
1478
1773
2051
2220
2179
2025
1823
1553
1131
583
25
-449
-877
-1340
-1782
-2080
-2226
-2274
-2283
-2229
-2048
-1801
-1537
-1282
-1020
-722
-431
-197
12
222
458
699
906
1085
1233
1403
1551
1634
1646
1598
1499
1337
1059
718
360
-25
-416
-810
-1180
-1508
-1750
-1915
-1980
-1955
-1848
-1667
-1421
-1136
-822
-501
-165
166
439
665
851
1014
1186
1348
1453
1502
1529
1513
1465
1358
1167
935
648
323
-56
-463
-834
-1186
-1513
-1781
-1966
-2014
-1953
-1817
-1600
-1295
-932
-546
-143
249
604
915
1167
1326
1397
1435
1401
1341
1234
1054
889
758
615
466
312
181
53
-98
-229
-379
-511
-630
-741
-828
-893
-925
-919
-827
-667
-443
-154
234
697
1143
1480
1763
2068
2303
2392
2278
2068
1826
1477
992
412
-147
-612
-1076
-1561
-1965
-2232
-2333
-2364
-2367
-2284
-2089
-1806
-1514
-1243
-969
-667
-370
-116
97
323
579
815
1001
1165
1319
1487
1617
1653
1623
1547
1411
1181
886
538
174
-207
-612
-989
-1335
-1602
-1824
-1937
-1959
-1918
-1802
-1612
-1359
-1076
-746
-433
-130
190
468
739
971
1162
1311
1461
1597
1700
1763
1753
1667
1531
1316
1048
668
276
-127
-581
-1011
-1423
-1754
-2003
-2125
-2172
-2090
-1893
-1613
-1262
-867
-446
-22
381
721
999
1173
1309
1363
1361
1299
1184
1063
908
765
610
460
342
223
71
-61
-167
-298
-440
-587
-743
-850
-932
-985
-1031
-1014
-903
-734
-517
-278
46
510
1011
1457
1782
2073
2363
2575
2599
2422
2175
1871
1488
933
311
-243
-756
-1248
-1727
-2117
-2361
-2454
-2469
-2405
-2249
-2017
-1710
-1406
-1103
-812
-498
-179
87
302
515
748
955
1125
1254
1371
1496
1548
1528
1469
1376
1226
998
687
329
-32
-391
-745
-1104
-1424
-1722
-1936
-2058
-2104
-2045
-1944
-1745
-1489
-1194
-874
-515
-113
257
594
887
1152
1419
1620
1772
1884
1981
2013
1946
1804
1624
1398
1070
670
192
-265
-711
-1155
-1557
-1906
-2125
-2241
-2248
-2175
-1963
-1637
-1239
-813
-404
8
412
778
1063
1260
1387
1448
1435
1356
1242
1141
1010
853
679
501
352
216
57
-114
-261
-414
-556
-712
-849
-939
-1022
-1087
-1114
-1078
-984
-822
-613
-345
-54
323
813
1306
1771
2109
2379
2622
2762
2769
2599
2296
1942
1480
906
258
-392
-926
-1418
-1901
-2311
-2568
-2664
-2643
-2553
-2402
-2148
-1812
-1453
-1107
-761
-419
-70
226
447
645
855
1063
1204
1296
1374
1445
1487
1450
1374
1268
1119
895
612
270
-78
-429
-827
-1225
-1592
-1901
-2151
-2310
-2375
-2360
-2232
-1997
-1693
-1318
-921
-464
18
484
910
1271
1593
1871
2082
2183
2186
2150
2086
1959
1755
1472
1170
836
448
22
-434
-814
-1157
-1485
-1804
-2022
-2101
-2110
-2032
-1903
-1662
-1327
-950
-570
-159
239
616
926
1160
1355
1474
1530
1540
1481
1366
1224
1053
848
632
423
200
-24
-247
-462
-661
-808
-944
-1073
-1173
-1224
-1229
-1180
-1077
-947
-772
-558
-283
12
352
724
1136
1601
2046
2388
2643
2812
2936
2953
2794
2480
2041
1571
1010
342
-350
-981
-1514
-2004
-2445
-2770
-2910
-2902
-2796
-2622
-2368
-2013
-1633
-1253
-892
-537
-187
126
382
579
749
935
1118
1232
1334
1406
1462
1498
1457
1373
1243
1035
738
362
-79
-540
-1005
-1455
-1892
-2257
-2521
-2708
-2733
-2658
-2454
-2137
-1732
-1251
-738
-198
337
860
1310
1657
1909
2102
2221
2254
2198
2091
1930
1758
1567
1350
1099
823
544
240
-86
-437
-787
-1128
-1456
-1761
-2015
-2150
-2181
-2145
-2008
-1761
-1414
-992
-536
-62
415
873
1266
1571
1791
1903
1953
1916
1793
1587
1308
1028
707
385
81
-197
-477
-729
-935
-1090
-1184
-1248
-1269
-1282
-1233
-1145
-1044
-905
-711
-495
-255
10
305
631
996
1361
1735
2146
2520
2807
2941
2992
2966
2842
2570
2099
1541
973
380
-285
-965
-1558
-2030
-2408
-2723
-2938
-3003
-2899
-2726
-2509
-2230
-1892
-1511
-1125
-765
-407
-60
296
597
835
1055
1282
1491
1608
1684
1685
1659
1555
1365
1098
782
398
-66
-560
-1058
-1520
-1950
-2314
-2590
-2754
-2788
-2738
-2541
-2245
-1863
-1414
-934
-413
77
561
995
1369
1688
1915
2067
2164
2221
2227
2187
2086
1930
1754
1558
1339
1091
775
409
36
-375
-784
-1203
-1588
-1915
-2181
-2381
-2462
-2384
-2189
-1910
-1531
-1088
-574
-36
490
985
1422
1766
1980
2106
2139
2077
1917
1694
1411
1073
700
331
0
-327
-621
-880
-1104
-1276
-1401
-1480
-1487
-1440
-1361
-1240
-1062
-853
-601
-298
-3
289
561
870
1202
1506
1786
2038
2317
2572
2746
2824
2787
2701
2564
2305
1904
1406
868
338
-248
-874
-1466
-1984
-2394
-2735
-3025
-3183
-3193
-3064
-2846
-2563
-2174
-1711
-1197
-692
-219
238
671
1040
1335
1527
1645
1719
1713
1602
1430
1216
955
677
333
-49
-403
-759
-1105
-1444
-1739
-1988
-2188
-2318
-2411
-2399
-2307
-2129
-1886
-1583
-1213
-816
-379
95
562
983
1391
1743
2031
2236
2382
2454
2455
2368
2178
1915
1618
1282
922
569
215
-110
-450
-813
-1126
-1393
-1609
-1792
-1955
-1989
-1944
-1804
-1617
-1364
-1009
-605
-160
265
710
1147
1495
1776
1947
2025
2018
1907
1730
1461
1114
749
377
0
-357
-668
-933
-1177
-1366
-1486
-1520
-1490
-1407
-1292
-1131
-910
-678
-427
-160
122
408
669
908
1125
1341
1552
1753
1921
2049
2192
2355
2495
2566
2489
2328
2137
1899
1547
1060
517
-35
-576
-1169
-1746
-2250
-2608
-2838
-3012
-3092
-3017
-2762
-2414
-2032
-1616
-1136
-636
-164
237
554
834
1046
1172
1211
1136
1049
950
769
559
331
136
-58
-275
-486
-701
-877
-1048
-1250
-1448
-1609
-1730
-1802
-1859
-1861
-1808
-1682
-1491
-1228
-907
-529
-100
325
741
1093
1426
1728
1952
2094
2130
2063
1976
1832
1627
1384
1099
833
551
263
9
-189
-335
-481
-641
-801
-911
-959
-991
-1013
-992
-930
-815
-674
-513
-316
-59
206
428
624
825
998
1143
1210
1209
1137
1023
879
687
469
214
-30
-248
-461
-677
-851
-952
-1011
-1051
-1049
-987
-863
-718
-531
-327
-93
167
394
621
818
1014
1185
1315
1394
1446
1488
1517
1529
1507
1515
1534
1572
1550
1469
1333
1193
1030
774
415
29
-336
-704
-1093
-1511
-1861
-2122
-2288
-2400
-2443
-2355
-2167
-1891
-1582
-1278
-938
-587
-253
31
227
368
467
505
492
413
314
209
116
7
-90
-155
-202
-250
-317
-387
-470
-571
-705
-864
-1009
-1154
-1275
-1361
-1427
-1413
-1342
-1190
-967
-720
-410
-55
328
699
1038
1315
1555
1754
1857
1861
1815
1758
1642
1475
1276
1065
861
664
478
294
150
39
-59
-164
-311
-438
-544
-648
-760
-859
-938
-966
-964
-915
-827
-685
-466
-250
-3
247
497
720
875
982
1039
1030
968
842
666
449
225
6
-206
-398
-557
-643
-702
-717
-693
-604
-464
-318
-167
-16
150
300
440
531
630
699
742
782
812
874
921
962
1046
1115
1193
1300
1429
1560
1576
1496
1374
1227
1043
737
353
-65
-462
-858
-1277
-1666
-1959
-2146
-2267
-2327
-2320
-2199
-1974
-1710
-1439
-1161
-878
-584
-325
-123
34
161
243
303
289
259
239
223
190
121
46
-35
-102
-208
-313
-448
-604
-755
-915
-1080
-1224
-1334
-1392
-1392
-1361
-1245
-1072
-832
-526
-199
150
505
852
1178
1455
1680
1852
1935
1941
1909
1806
1661
1490
1312
1121
908
692
475
292
115
-50
-197
-333
-454
-570
-684
-769
-861
-899
-904
-868
-800
-700
-559
-400
-213
-15
199
380
556
730
860
921
931
904
823
732
607
445
257
67
-109
-276
-423
-532
-617
-675
-681
-652
-578
-489
-388
-257
-120
49
210
340
470
583
705
790
852
898
909
948
970
989
1005
1007
1057
1118
1184
1200
1149
1053
941
803
595
297
-31
-337
-679
-1031
-1399
-1687
-1879
-2028
-2122
-2161
-2093
-1921
-1712
-1485
-1241
-993
-749
-520
-339
-191
-66
17
66
60
42
18
8
11
-41
-81
-95
-127
-148
-214
-291
-361
-461
-556
-669
-744
-788
-830
-825
-780
-678
-563
-394
-175
61
320
548
763
956
1120
1239
1291
1336
1330
1292
1215
1133
1057
968
897
811
737
677
605
514
402
262
115
-27
-175
-318
-463
-578
-663
-726
-760
-752
-697
-618
-499
-358
-189
-13
163
328
461
538
588
625
615
582
523
446
335
206
88
-10
-98
-182
-248
-299
-340
-368
-344
-324
-298
-264
-231
-176
-129
-80
-11
55
131
194
251
317
396
457
483
521
583
648
701
746
811
920
1039
1156
1197
1175
1141
1098
997
781
492
167
-157
-523
-925
-1318
-1643
-1896
-2101
-2250
-2320
-2267
-2124
-1933
-1715
-1462
-1178
-890
-628
-393
-214
-45
82
154
185
194
223
246
278
270
282
321
347
357
325
276
195
94
-58
-242
-427
-590
-733
-858
-928
-936
-905
-778
-608
-403
-145
139
447
719
971
1182
1365
1507
1581
1607
1582
1534
1451
1324
1203
1066
922
756
589
421
254
67
-130
-310
-493
-633
-755
-851
-918
-977
-970
-891
-793
-677
-515
-323
-109
95
259
424
578
680
757
779
778
756
691
615
507
375
241
107
-19
-159
-301
-420
-524
-629
-719
-790
-814
-823
-798
-747
-657
-526
-392
-234
-66
140
322
505
677
827
962
1073
1156
1207
1248
1249
1241
1253
1263
1262
1222
1116
968
809
630
405
87
-275
-641
-1000
-1363
-1731
-2031
-2235
-2357
-2421
-2403
-2312
-2110
-1803
-1494
-1177
-842
-524
-200
69
277
455
580
660
690
677
646
598
551
478
373
277
178
81
-42
-180
-309
-442
-596
-733
-865
-951
-993
-984
-935
-844
-684
-466
-213
67
358
638
929
1194
1409
1573
1708
1767
1759
1690
1577
1446
1284
1098
896
702
514
328
129
-37
-210
-324
-456
-601
-709
-793
-817
-838
-832
-794
-708
-591
-437
-267
-80
89
277
435
561
663
730
781
779
750
675
578
448
302
129
-54
-217
-406
-570
-737
-882
-993
-1079
-1130
-1154
-1148
-1086
-962
-796
-605
-401
-144
129
388
625
842
1026
1158
1239
1270
1259
1172
1043
878
728
570
404
274
168
116
136
183
216
213
180
157
109
-13
-202
-421
-636
-855
-1077
-1283
-1413
-1455
-1463
-1404
-1281
-1065
-774
-474
-201
43
245
398
481
492
457
357
208
10
-190
-355
-489
-573
-625
-644
-611
-552
-453
-352
-266
-172
-108
-59
-47
-59
-72
-83
-85
-55
-11
60
174
303
465
604
756
866
959
1003
1020
988
907
815
676
520
390
272
165
84
30
-6
-7
28
71
113
142
147
173
184
155
120
88
61
38
37
56
98
133
164
177
189
193
175
152
75
-4
-99
-205
-327
-424
-515
-602
-658
-701
-700
-674
-616
-564
-505
-435
-345
-263
-176
-94
-19
69
151
236
322
393
454
483
476
489
454
391
303
195
76
-50
-184
-315
-431
-506
-507
-474
-386
-252
-83
147
417
685
915
1072
1166
1207
1197
1112
932
688
432
193
-83
-341
-551
-696
-771
-839
-897
-896
-865
-815
-789
-792
-840
-887
-933
-987
-1041
-1065
-1031
-948
-817
-626
-389
-112
180
458
692
889
1035
1106
1106
1009
849
654
410
161
-87
-296
-461
-568
-619
-599
-552
-465
-331
-220
-123
-48
1
56
93
103
121
145
187
254
365
498
668
828
995
1133
1245
1303
1305
1248
1123
925
673
407
122
-138
-385
-592
-764
-861
-906
-898
-861
-795
-699
-588
-469
-378
-304
-239
-170
-141
-114
-91
-49
2
59
118
195
280
340
393
416
425
387
294
183
32
-129
-285
-450
-587
-721
-809
-854
-878
-854
-788
-698
-556
-418
-297
-149
-16
121
246
363
440
505
567
633
714
779
838
881
920
980
1062
1119
1150
1116
1039
952
837
670
441
194
-49
-304
-560
-802
-985
-1103
-1189
-1238
-1248
-1180
-1080
-954
-834
-716
-597
-489
-375
-299
-225
-162
-90
-31
19
71
114
186
242
269
274
278
267
226
141
45
-68
-169
-283
-405
-478
-535
-543
-540
-507
-447
-370
-274
-164
-44
70
154
256
336
419
486
537
605
654
691
720
736
760
759
722
681
610
532
430
323
217
148
88
17
-22
-36
-52
-72
-99
-117
-121
-115
-140
-164
-181
-210
-231
-243
-247
-227
-207
-182
-149
-124
-107
-72
-37
-44
-61
-104
-149
-196
-259
-320
-376
-421
-447
-468
-462
-425
-389
-337
-318
-263
-213
-161
-101
-62
-22
-12
-5
28
67
99
138
167
213
251
276
310
358
428
495
553
620
674
742
817
922
1038
1127
1174
1161
1122
1055
937
801
604
388
154
-78
-296
-504
-666
-819
-937
-1028
-1106
-1154
-1183
-1180
-1169
-1173
-1147
-1096
-1022
-934
-812
-663
-501
-304
-122
65
261
416
556
636
654
634
558
443
295
124
-59
-233
-394
-532
-635
-691
-695
-671
-626
-555
-473
-373
-279
-191
-103
-17
67
146
234
333
455
588
725
862
996
1114
1194
1263
1268
1218
1121
967
804
582
381
184
5
-157
-300
-402
-471
-522
-547
-579
-610
-614
-625
-616
-612
-598
-571
-508
-431
-343
-228
-90
25
113
193
253
313
323
319
267
199
132
23
-89
-206
-312
-395
-464
-517
-537
-549
-541
-514
-487
-444
-388
-323
-269
-193
-85
5
112
208
306
419
521
623
696
763
798
815
850
890
916
943
958
969
989
1033
1078
1107
1121
1057
962
848
685
520
302
72
-183
-415
-611
-800
-925
-1020
-1081
-1122
-1149
-1149
-1135
-1102
-1076
-1067
-1069
-1056
-1040
-995
-926
-833
-714
-591
-457
-318
-168
-17
96
167
201
187
133
53
-34
-123
-230
-319
-384
-405
-382
-337
-266
-176
-59
35
129
195
238
284
303
288
266
243
239
257
290
340
399
468
567
669
755
822
865
873
836
790
702
604
490
350
203
80
-26
-99
-138
-157
-158
-183
-172
-158
-155
-158
-186
-196
-203
-226
-241
-248
-246
-244
-241
-230
-215
-203
-200
-196
-195
-187
-166
-164
-152
-140
-129
-113
-81
-68
-45
-28
-7
-20
-46
-61
-107
-133
-155
-157
-153
-123
-83
-10
62
155
259
355
472
579
659
724
768
781
762
737
701
665
638
610
608
593
590
589
593
613
627
623
564
486
388
255
87
-103
-291
-497
-688
-860
-1014
-1122
-1197
-1262
-1313
-1336
-1336
-1324
-1284
-1224
-1166
-1074
-979
-885
-767
-646
-520
-378
-244
-124
-45
36
108
172
196
210
213
217
217
186
188
186
203
200
205
201
182
165
133
101
46
-4
-49
-76
-72
-60
-35
9
84
193
320
446
558
670
763
831
896
928
915
862
807
726
641
553
472
399
328
269
210
140
78
17
-61
-127
-200
-262
-343
-421
-481
-528
-545
-577
-583
-575
-526
-453
-385
-305
-245
-162
-73
-10
50
86
109
132
118
96
83
49
35
-4
-27
-55
-61
-64
-73
-73
-64
-49
-47
-44
-41
-15
2
9
32
42
53
72
90
104
116
134
147
171
195
206
218
226
245
266
281
307
334
350
358
387
412
443
470
506
538
548
535
481
403
317
189
37
-150
-338
-521
-713
-889
-1056
-1180
-1291
-1380
-1424
-1454
-1427
-1369
-1293
-1169
-1067
-907
-725
-528
-339
-154
17
176
317
429
540
607
658
674
679
662
614
550
478
415
332
247
161
78
16
-34
-87
-133
-167
-181
-190
-178
-140
-109
-44
13
88
160
248
351
448
542
619
702
766
817
859
856
861
833
760
666
537
389
229
66
-87
-243
-398
-519
-607
-657
-677
-662
-602
-514
-403
-288
-164
-54
63
154
209
253
247
245
222
174
120
75
20
-19
-51
-86
-113
-127
-144
-193
-232
-280
-326
-368
-435
-481
-508
-522
-496
-450
-399
-329
-229
-134
-28
76
188
277
359
430
471
493
514
510
494
458
404
352
296
237
181
117
42
1
-40
-42
-34
-23
2
37
85
120
156
208
258
310
349
364
369
348
324
271
195
84
-36
-164
-313
-466
-613
-735
-853
-967
-1069
-1139
-1180
-1200
-1198
-1175
-1115
-1014
-870
-699
-510
-302
-68
157
380
572
724
867
937
970
960
931
847
731
623
503
384
260
156
50
-30
-117
-176
-222
-261
-294
-323
-330
-322
-305
-275
-221
-152
-49
64
189
330
473
581
692
784
856
909
931
902
852
784
685
579
417
264
103
-69
-212
-358
-509
-646
-739
-811
-850
-874
-860
-815
-725
-619
-500
-382
-261
-112
27
170
296
389
449
491
492
482
453
394
320
224
136
25
-72
-182
-293
-390
-497
-581
-658
-712
-755
-754
-745
-697
-619
-516
-383
-218
-30
152
313
468
616
715
789
816
816
784
701
604
490
354
231
109
-18
-123
-219
-290
-345
-383
-393
-401
-374
-346
-314
-282
-215
-125
-46
57
141
242
335
431
553
642
707
746
750
728
653
544
403
231
35
-159
-341
-516
-660
-790
-900
-947
-974
-974
-958
-899
-811
-699
-569
-420
-266
-89
86
244
399
543
667
754
811
821
812
753
700
611
495
369
263
164
41
-58
-168
-254
-347
-411
-475
-537
-582
-626
-649
-659
-627
-569
-493
-381
-269
-135
12
156
295
428
535
618
687
706
690
652
580
481
368
229
82
-38
-158
-261
-333
-393
-435
-453
-474
-480
-460
-433
-404
-379
-327
-287
-231
-165
-110
-44
37
119
200
297
376
444
500
524
544
547
512
457
357
248
123
1
-129
-241
-336
-410
-470
-500
-494
-453
-385
-332
-265
-186
-102
-12
75
148
213
273
310
334
357
368
366
355
328
279
246
204
151
99
39
-5
-53
-91
-131
-163
-179
-179
-194
-193
-184
-165
-121
-79
-3
59
147
225
292
378
447
532
607
670
710
739
767
764
740
681
587
473
333
186
29
-140
-300
-448
-578
-694
-797
-888
-939
-964
-980
-992
-975
-915
-833
-743
-655
-535
-418
-290
-156
-52
40
114
161
177
172
152
124
81
35
-22
-76
-127
-190
-236
-286
-330
-373
-410
-425
-442
-428
-399
-350
-266
-180
-54
59
169
284
391
495
566
616
648
651
640
608
581
551
498
472
435
384
334
263
204
129
50
-36
-116
-188
-259
-311
-342
-345
-349
-322
-280
-221
-142
-54
52
144
235
313
383
446
483
512
517
479
439
376
289
199
89
-7
-90
-158
-211
-257
-290
-314
-319
-323
-296
-276
-243
-216
-178
-147
-119
-80
-28
29
77
131
181
227
268
295
302
305
297
278
228
160
83
12
-55
-122
-187
-231
-267
-290
-310
-299
-264
-235
-182
-123
-58
10
52
117
166
211
247
272
289
288
314
323
317
295
258
227
172
107
56
-4
-57
-125
-192
-252
-303
-357
-390
-416
-413
-423
-440
-441
-415
-407
-411
-392
-391
-360
-360
-355
-338
-313
-287
-288
-275
-271
-263
-239
-216
-197
-169
-135
-96
-54
-11
36
66
94
117
128
141
147
157
152
164
180
199
228
255
287
310
348
360
370
375
380
389
367
358
335
318
281
224
195
153
105
69
18
-20
-36
-47
-66
-83
-86
-80
-82
-75
-60
-47
-20
-12
13
46
73
101
121
138
150
181
198
203
206
196
187
162
125
98
54
21
-9
-46
-56
-74
-90
-103
-119
-140
-151
-155
-137
-126
-121
-94
-62
-18
26
77
135
197
234
256
278
282
294
262
224
185
126
77
15
-36
-91
-140
-184
-243
-279
-313
-340
-357
-364
-378
-384
-391
-378
-356
-343
-312
-289
-264
-236
-190
-148
-86
-33
16
66
104
136
146
153
149
153
127
126
110
111
91
75
56
36
32
37
47
53
52
48
48
47
40
22
15
19
24
9
4
-16
-32
-51
-66
-83
-99
-107
-126
-146
-162
-177
-178
-191
-202
-220
-244
-255
-256
-256
-254
-233
-202
-157
-121
-54
8
74
140
194
238
269
285
295
285
264
247
215
193
159
137
127
106
98
85
72
66
59
49
62
60
53
44
32
23
15
7
19
34
38
58
70
83
106
129
142
147
147
151
148
146
155
136
119
92
77
80
76
83
86
97
92
85
93
94
101
93
74
66
58
35
24
3
-15
-34
-58
-90
-130
-160
-197
-244
-282
-322
-342
-343
-353
-341
-341
-320
-306
-295
-283
-271
-248
-235
-218
-181
-146
-115
-80
-59
-24
12
31
58
66
89
101
125
138
146
149
142
141
123
125
106
112
105
103
116
108
123
131
141
148
144
153
146
136
123
107
97
94
105
114
119
138
163
177
186
197
192
177
157
117
82
28
-24
-75
-138
-171
-209
-237
-262
-270
-280
-278
-274
-283
-273
-268
-259
-256
-260
-250
-234
-227
-209
-200
-182
-156
-156
-134
-117
-97
-60
-40
-26
-13
4
20
37
44
52
57
75
82
95
113
128
139
154
163
168
170
180
183
199
202
196
202
204
218
228
225
225
229
212
204
191
162
136
89
48
18
-3
-18
-55
-83
-94
-109
-115
-124
-129
-128
-127
-119
-114
-96
-81
-84
-89
-77
-78
-72
-69
-60
-68
-54
-40
-28
-8
13
38
48
59
49
49
47
46
38
49
51
48
59
61
79
91
93
88
95
97
95
90
88
76
71
74
56
56
50
38
32
24
26
24
15
6
-29
-51
-60
-80
-83
-104
-119
-136
-149
-168
-185
-188
-195
-193
-187
-176
-157
-144
-119
-92
-83
-65
-77
-69
-70
-84
-88
-97
-104
-96
-88
-64
-33
-15
9
42
71
98
128
133
151
159
145
131
104
73
51
15
2
-14
-13
-1
6
21
32
53
49
55
48
34
25
-1
-12
-30
-62
-62
-62
-54
-56
-52
-39
-35
-5
17
42
69
72
68
51
38
17
-9
-22
-41
-57
-80
-103
-113
-105
-103
-81
-69
-55
-48
-40
-25
-38
-49
-38
-25
-17
7
17
40
60
81
91
110
124
115
129
145
154
167
186
195
185
165
149
143
127
101
85
73
61
63
56
44
33
21
6
2
7
8
6
16
19
34
42
55
64
60
58
43
12
-4
-31
-59
-87
-124
-147
-184
-209
-231
-244
-259
-272
-270
-264
-245
-232
-211
-194
-173
-146
-120
-91
-72
-51
-41
-20
-3
12
35
43
66
73
81
82
72
59
60
56
47
40
31
34
45
53
59
85
99
108
129
150
155
174
181
193
207
213
224
227
221
212
212
210
200
181
164
158
144
132
114
96
71
48
8
-20
-57
-94
-133
-162
-205
-229
-238
-252
-237
-235
-230
-221
-201
-185
-178
-177
-175
-159
-153
-159
-161
-156
-164
-169
-167
-175
-176
-163
-153
-143
-121
-106
-80
-60
-24
-20
-2
16
24
29
34
42
38
61
73
94
90
93
106
115
128
144
139
148
159
157
164
149
143
135
141
125
104
95
81
72
62
53
48
41
32
34
24
17
13
-5
-8
-19
-41
-44
-64
-60
-59
-59
-51
-56
-55
-60
-51
-59
-54
-46
-40
-34
-31
-37
-39
-37
-33
-32
-36
-26
-11
-1
16
26
22
26
28
14
25
22
18
13
15
34
46
54
54
72
75
86
90
95
103
108
118
119
116
122
121
118
108
89
86
61
40
11
-21
-47
-65
-75
-90
-90
-96
-93
-81
-75
-61
-58
-41
-26
-18
-18
-13
-7
-7
-20
-26
-35
-47
-57
-67
-66
-67
-58
-54
-52
-49
-29
-14
-13
-10
-18
-24
-35
-41
-36
-42
-50
-58
-50
-41
-41
-28
-26
-18
-21
-14
-27
-28
-41
-54
-61
-65
-72
-79
-91
-100
-94
-105
-100
-105
-101
-108
-109
-103
-113
-107
-103
-100
-87
-63
-46
-23
-9
13
46
73
100
117
139
144
147
146
139
129
108
103
86
81
72
58
64
53
42
35
28
27
26
28
35
35
41
44
68
78
84
100
107
129
141
159
161
159
155
150
151
142
114
95
75
59
44
33
26
19
0
-17
-30
-45
-52
-47
-59
-72
-86
-98
-99
-100
-105
-92
-72
-52
-26
-4
23
43
51
51
54
55
52
52
40
26
2
-4
-9
-21
-21
-12
-16
-17
-23
-27
-31
-34
-42
-53
-66
-81
-79
-80
-85
-90
-79
-70
-59
-50
-47
-49
-38
-35
-35
-33
-31
-34
-24
-31
-26
-35
-43
-44
-38
-35
-39
-41
-46
-40
-36
-23
-19
-23
-19
-9
-7
-11
-21
-21
-28
-32
-36
-37
-39
-42
-43
-36
-28
-29
-15
-17
-11
-11
-21
-22
-29
-30
-30
-25
-13
2
7
31
33
49
62
80
100
106
108
103
100
86
84
79
63
49
32
25
12
11
14
2
1
7
10
19
8
22
17
23
25
17
41
48
58
72
88
83
104
113
119
111
99
89
73
62
30
6
-19
-39
-59
-56
-74
-77
-75
-87
-75
-85
-77
-66
-57
-56
-65
-67
-62
-68
-63
-54
-39
-13
-12
0
4
8
11
9
9
5
-2
-23
-37
-53
-70
-81
-102
-116
-118
-126
-118
-115
-107
-89
-70
-61
-48
-31
-16
7
14
35
58
70
85
94
107
121
124
134
132
133
131
124
118
121
114
99
77
61
47
23
16
-6
-22
-38
-58
-68
-85
-83
-92
-92
-86
-77
-56
-56
-27
-1
28
50
65
74
79
75
84
84
87
88
80
81
73
71
68
67
61
62
58
44
35
26
12
13
0
-13
-17
-15
-8
-15
-18
-23
-23
-26
-29
-30
-33
-27
-20
-14
-28
-45
-63
-70
-84
-95
-103
-113
-122
-131
-125
-129
-123
-123
-123
-116
-110
-93
-92
-86
-83
-58
-53
-52
-42
-43
-37
-47
-39
-46
-37
-29
-24
-22
-20
-10
-2
3
4
6
20
32
33
41
40
50
49
47
45
46
48
51
53
52
64
70
63
53
58
58
56
42
40
40
39
38
34
36
36
29
28
13
32
36
42
48
54
75
66
82
85
91
96
88
88
87
89
77
63
57
63
54
42
40
32
34
28
25
14
4
-1
-14
-7
5
17
28
37
52
53
53
54
52
56
52
57
45
40
26
8
-9
-18
-26
-34
-35
-43
-52
-59
-67
-80
-82
-92
-103
-104
-108
-102
-99
-105
-90
-81
-70
-59
-56
-54
-46
-45
-29
-12
-6
2
-6
-5
-13
-27
-44
-61
-76
-82
-106
-123
-130
-141
-145
-167
-170
-175
-179
-191
-192
-194
-190
-172
-154
-140
-114
-86
-74
-46
-36
-17
0
17
40
63
85
102
111
117
122
125
116
98
83
77
84
88
80
66
61
61
62
55
45
52
59
66
65
66
76
81
97
108
122
130
137
153
161
165
167
166
163
168
167
162
164
138
121
110
89
79
54
44
26
15
12
5
-7
-13
-14
-19
-22
-31
-36
-37
-32
-28
-28
-34
-34
-21
-25
-23
-36
-42
-44
-48
-45
-46
-45
-52
-47
-50
-61
-58
-57
-62
-62
-63
-61
-49
-45
-57
-58
-57
-59
-64
-58
-55
-43
-36
-33
-24
-31
-33
-43
-47
-43
-55
-52
-57
-53
-54
-62
-69
-76
-81
-74
-68
-69
-67
-74
-83
-81
-81
-79
-60
-53
-41
-42
-42
-27
-22
-20
-13
-2
3
13
24
22
31
33
37
46
35
35
29
28
29
35
39
42
45
45
46
37
34
27
30
34
44
44
39
34
37
37
51
59
62
71
65
50
50
44
39
42
49
58
67
80
77
85
79
87
88
85
83
79
80
70
59
49
41
34
31
18
6
8
0
6
12
14
26
27
21
19
27
22
26
23
21
19
9
12
1
-14
-37
-55
-68
-75
-80
-79
-83
-87
-91
-99
-96
-90
-88
-88
-84
-82
-75
-88
-86
-86
-82
-65
-69
-63
-63
-69
-62
-63
-55
-41
-38
-26
-13
-11
-9
-8
-15
-17
-22
-34
-40
-38
-44
-42
-43
-28
-7
-2
18
14
17
6
7
16
10
16
26
29
18
24
16
20
12
5
4
-1
-1
-1
4
-4
7
27
28
30
39
30
41
54
59
74
74
86
90
91
99
104
99
96
86
86
79
77
72
73
70
63
58
50
50
47
42
42
32
31
17
20
20
30
44
46
51
46
47
38
30
19
11
5
-1
-10
-22
-37
-47
-65
-80
-91
-102
-92
-97
-95
-99
-103
-113
-115
-116
-117
-110
-109
-99
-84
-81
-69
-54
-43
-31
-29
-30
-27
-30
-45
-51
-55
-50
-55
-62
-64
-66
-66
-60
-56
-51
-50
-55
-51
-44
-34
-33
-27
-20
-9
-3
13
24
29
39
37
37
46
57
66
65
65
63
63
58
54
40
37
30
35
24
16
24
18
30
24
33
28
26
25
36
40
43
40
40
45
49
59
56
61
56
50
51
51
54
51
45
51
44
40
32
21
18
9
16
13
15
25
31
35
41
57
60
65
71
81
87
98
101
106
112
108
98
90
89
79
74
52
46
31
15
-2
-34
-48
-62
-78
-86
-105
-106
-107
-116
-114
-113
-111
-104
-94
-93
-85
-88
-78
-66
-54
-42
-28
-21
-26
-30
-39
-41
-51
-62
-66
-65
-68
-78
-85
-101
-96
-116
-133
-133
-140
-135
-135
-127
-126
-121
-122
-110
-92
-85
-66
-61
-41
-30
-17
2
13
24
31
40
48
52
57
63
62
70
62
60
62
62
57
44
44
44
43
39
32
33
29
35
43
61
65
64
72
73
66
57
57
54
63
66
71
76
72
71
69
55
48
35
40
42
39
35
42
43
46
46
43
52
51
58
70
76
74
83
82
86
85
81
83
74
75
69
70
68
63
63
53
48
45
37
19
8
-4
-13
-26
-36
-41
-51
-61
-66
-72
-73
-68
-59
-50
-44
-39
-38
-37
-40
-43
-48
-59
-65
-71
-84
-95
-103
-117
-128
-132
-129
-131
-128
-131
-139
-139
-138
-136
-133
-127
-126
-113
-102
-96
-89
-89
-72
-64
-63
-53
-46
-35
-16
-4
7
14
21
29
28
35
30
31
31
29
32
26
30
22
17
18
21
19
30
41
47
51
54
57
66
72
69
68
68
71
74
67
63
57
49
49
47
39
32
41
39
44
37
34
38
38
36
33
36
29
26
8
10
12
9
19
15
26
38
32
44
51
53
57
62
64
59
55
49
45
42
46
38
37
38
36
37
28
23
21
18
17
18
28
29
34
40
30
34
39
38
40
30
30
25
18
9
5
-4
-16
-19
-26
-35
-47
-54
-62
-68
-75
-85
-96
-97
-93
-92
-103
-115
-110
-106
-101
-91
-85
-79
-65
-57
-53
-45
-45
-44
-40
-38
-36
-43
-42
-39
-37
-35
-36
-40
-43
-47
-53
-47
-40
-37
-36
-40
-43
-45
-44
-38
-30
-25
-26
-10
-7
-11
-1
2
16
32
37
48
41
40
46
45
48
41
44
37
39
37
31
31
28
24
21
22
19
21
15
19
25
24
31
37
40
49
52
62
69
70
80
78
80
80
87
80
71
74
72
64
52
44
34
21
10
6
1
1
4
-5
-10
-8
-7
-16
-8
-7
1
14
12
18
25
26
30
34
36
48
47
49
45
46
41
32
26
13
-5
-33
-40
-55
-67
-82
-94
-102
-119
-118
-122
-118
-116
-117
-107
-94
-79
-60
-55
-45
-32
-25
-10
3
0
-6
-9
-15
-14
-10
-17
-19
-23
-26
-30
-43
-45
-56
-51
-49
-47
-41
-46
-40
-40
-30
-24
-30
-28
-24
-18
-7
-18
-11
-5
1
6
14
17
14
12
5
2
10
15
26
28
35
34
32
36
42
55
58
55
61
67
76
80
80
84
86
93
98
98
88
91
87
84
79
77
70
59
50
37
32
24
19
11
4
6
1
-7
-10
-17
-16
-15
-18
-8
-6
-8
-15
-21
-27
-29
-29
-34
-32
-31
-40
-28
-28
-34
-28
-25
-30
-19
-16
-19
-8
-13
-16
-23
-28
-42
-46
-46
-51
-55
-60
-68
-71
-73
-73
-62
-59
-52
-38
-31
-21
-15
-9
1
1
4
-3
-5
-7
3
-6
-2
1
-1
14
14
20
20
22
32
40
38
36
43
48
43
44
38
37
39
45
44
43
39
35
36
32
36
30
27
20
11
18
9
8
1
-6
-2
-6
-16
-16
-12
-4
-5
-2
4
5
12
11
25
31
32
40
42
44
44
40
32
22
21
19
13
7
-7
-15
-21
-25
-26
-23
-30
-28
-34
-42
-39
-34
-38
-40
-36
-39
-31
-33
-29
-28
-21
-19
-22
-28
-27
-23
-25
-23
-20
-21
-24
-24
-31
-27
-34
-35
-43
-46
-40
-45
-54
-62
-56
-62
-60
-53
-52
-38
-35
-31
-28
-23
-15
-2
5
15
24
26
31
32
45
53
51
47
54
55
49
42
48
46
48
41
40
39
38
40
36
34
29
38
33
36
34
29
36
30
34
32
36
34
33
27
29
25
26
24
19
19
16
15
15
8
0
0
-1
-3
-14
-17
-28
-30
-30
-33
-38
-42
-40
-45
-42
-36
-31
-22
-21
-15
-17
-15
-11
-16
-18
-25
-25
-25
-29
-33
-34
-34
-28
-30
-27
-14
-10
-7
-9
0
5
3
13
20
26
22
20
22
21
14
12
22
19
23
14
13
5
2
-2
-6
-3
-15
-19
-17
-21
-17
-18
-16
-11
-19
-15
-13
-8
-13
-18
-6
-8
2
4
3
9
4
5
-3
0
4
-1
1
-4
-7
-4
-8
-11
-13
-5
-4
3
2
5
16
12
27
22
25
22
25
35
33
31
40
35
29
35
30
26
25
28
15
20
15
10
9
4
2
2
4
-2
-4
-10
-16
-18
-19
-17
-17
-8
-8
-3
-3
-7
13
11
20
27
20
30
34
25
24
24
25
19
9
11
15
4
-5
-3
-2
-4
-6
-7
-8
-12
-3
-5
-1
8
9
14
18
18
23
28
23
24
24
21
19
18
19
9
11
-1
-9
-8
-15
-14
-19
-18
-27
-35
-33
-43
-42
-42
-44
-59
-60
-57
-58
-48
-57
-49
-47
-42
-39
-32
-36
-27
-21
-16
-17
-22
-31
-33
-27
-31
-31
-42
-39
-49
-50
-57
-57
-55
-58
-42
-37
-33
-23
-17
-3
6
9
12
30
43
47
49
47
48
49
44
35
40
29
31
36
33
31
34
31
39
30
23
23
19
19
17
14
12
10
11
9
8
17
21
31
35
39
39
42
45
47
51
53
52
45
33
27
17
10
1
8
0
-3
-6
-13
-14
-9
-11
-14
-17
-19
-18
-8
-11
-14
-10
-6
-1
-8
-8
-8
5
13
13
15
19
24
23
27
21
19
17
9
9
15
3
1
-9
-12
-15
-22
-20
-19
-18
-21
-23
-28
-17
-11
-6
-9
-11
-14
-11
-10
-17
-21
-20
-24
-30
-36
-42
-46
-53
-52
-57
-61
-59
-59
-68
-63
-56
-62
-49
-50
-53
-40
-38
-34
-33
-26
-20
-15
-6
-1
2
7
11
20
31
38
41
42
41
45
49
48
53
49
39
40
37
41
38
40
47
53
54
59
55
55
60
55
58
54
49
51
42
43
41
32
31
28
23
20
15
13
16
10
5
5
-1
-3
-5
-11
-8
-14
-16
-27
-33
-39
-40
-38
-49
-39
-36
-36
-33
-32
-28
-23
-26
-23
-23
-19
-13
-13
-6
-9
-4
3
-2
-6
-7
-5
-9
-6
-2
-1
-4
-7
-7
-9
-3
-2
-2
2
3
4
5
6
8
6
9
10
4
5
4
0
-1
-3
-8
-4
-11
-13
-11
-16
-4
-11
-6
-3
1
-1
-3
-1
-5
2
-5
8
1
4
4
3
-1
-3
-1
-4
0
-10
-12
-12
-14
-11
-12
-7
-6
-4
-6
-7
-10
-5
-8
-9
-8
-13
-9
-13
0
-10
-5
-6
-8
5
3
5
8
11
19
23
21
30
24
28
23
21
19
11
12
6
2
9
-2
-1
-8
-12
-8
-10
-9
-13
-17
-12
-14
-15
-10
-8
-3
-6
-14
-14
-4
-6
-5
5
4
7
10
6
7
10
9
13
8
-3
0
3
-3
4
-4
-1
1
0
-1
1
8
7
8
6
9
14
12
19
16
16
18
14
16
9
22
20
13
11
12
16
16
13
14
9
9
9
10
13
4
6
-4
-7
-7
-16
-20
-25
-23
-20
-21
-20
-13
-9
-8
-16
-11
-9
-13
-13
-21
-22
-15
-25
-36
-37
-37
-32
-35
-36
-28
-16
-13
-8
-8
-1
-5
-5
-3
1
7
10
7
1
7
5
13
6
2
9
15
16
16
20
16
25
20
18
18
20
18
16
8
11
13
4
8
9
-1
5
5
7
15
11
23
16
15
8
4
10
3
7
5
3
-3
1
-1
-5
-6
-7
-17
-8
-3
-4
-5
-5
10
3
5
3
-1
-2
-7
-1
2
-2
3
4
7
4
-3
3
-3
