SAMPLES:	10409
BITSPERSAMPLE:	16
CHANNELS:	1
SAMPLERATE:	16000
NORMALIZED:	FALSE
-7
-7
-8
-8
-6
-5
-8
-15
-6
-9
-3
-3
-1
-8
-8
-5
-9
-9
-6
-1
-5
-8
-8
-1
-10
-1
-7
-7
-4
-5
-5
-2
-5
-6
-2
0
-2
-5
-3
-2
2
-2
-1
-1
5
9
9
13
7
8
10
7
7
10
11
12
6
8
9
8
7
9
7
7
13
4
8
5
6
8
6
4
4
4
4
4
6
2
1
0
-5
3
-1
2
-2
3
-2
-5
1
-3
-5
-11
-5
-12
-5
-3
-13
-10
-5
-10
-5
-5
-11
-4
-6
-1
-7
2
-3
-5
-6
-6
-4
-7
-2
-2
-2
-1
-5
-6
0
-3
-4
-4
0
-2
-4
-3
-7
-2
0
2
0
2
-1
0
0
1
2
-3
1
2
6
4
-1
-1
4
0
2
3
-3
-2
-5
2
1
4
3
1
6
2
3
6
8
8
6
1
2
0
1
1
1
6
5
3
6
5
3
3
6
1
4
-2
0
2
-2
1
0
0
1
0
5
2
-1
-2
-3
-1
0
1
0
1
-4
-8
-11
-9
-7
-7
-1
-7
-9
-6
-2
-3
-5
-7
-5
-6
-1
-8
-4
-3
-11
-2
-11
-8
-6
-3
3
0
-1
2
-2
1
2
6
4
2
1
1
-1
2
-1
-1
3
6
4
5
7
7
7
7
-1
1
0
1
0
1
1
6
5
4
9
6
6
9
8
4
4
4
8
3
3
6
9
10
4
7
8
9
7
3
-2
1
3
1
6
2
0
3
6
6
-2
0
3
-1
1
2
2
4
4
0
4
1
3
0
-6
1
-11
-2
-7
-3
-4
-6
0
0
4
0
1
-1
-3
-5
-7
-10
-8
-3
-4
-1
-6
-3
-3
-5
0
-10
-1
-3
-1
-2
-3
-2
-4
-1
2
-4
1
-4
-3
-7
-11
-5
-5
0
-4
-3
-5
2
-3
-4
-3
-6
-5
-6
-6
-2
2
-3
0
4
3
2
4
-2
-5
-3
2
0
0
-1
-2
0
0
1
1
0
0
4
1
-1
0
1
-1
-1
-2
-4
-2
-2
1
-1
-1
-1
-1
2
7
4
1
2
6
4
4
-1
3
5
-1
1
1
3
4
-7
-3
0
-2
0
-3
-1
0
0
0
-2
5
8
5
7
4
2
5
5
7
11
9
6
6
8
6
5
6
7
4
4
4
3
6
4
4
6
4
1
1
3
1
-1
-4
-1
-3
-4
-1
-5
-2
-5
-3
-6
-3
-5
-6
1
1
-2
-7
-4
-3
-3
-7
-4
-6
-5
-7
-10
-6
-8
-9
-7
-7
-6
-4
-6
-3
-4
-8
-6
-5
-7
-5
-3
2
-2
-5
1
-1
-4
1
1
-1
2
2
0
1
0
4
5
6
3
5
8
3
3
4
5
4
6
2
-1
1
2
-2
4
1
1
2
-2
6
3
3
7
2
2
2
-1
3
-2
-3
-3
-3
-4
-5
-2
-4
-3
5
3
1
2
2
0
1
4
7
0
5
1
5
1
-2
0
-6
0
-2
-4
-3
0
-1
1
-1
4
2
3
1
3
7
6
5
7
6
4
7
3
6
2
2
2
3
4
-1
1
-3
0
2
2
-1
-3
-6
-4
-1
-5
0
1
-1
-2
0
-1
0
-1
-3
1
0
0
0
0
-2
-2
-6
-7
-6
-8
-6
-8
-5
-4
-4
-6
-7
-4
4
2
0
0
0
-3
-3
-2
1
-1
2
-1
-2
4
-2
3
1
1
-1
1
0
2
5
2
5
5
3
1
-2
-4
-1
2
1
3
2
2
-1
2
2
6
5
4
5
9
7
5
9
6
4
1
3
2
5
0
1
1
-1
-1
-4
-1
-4
-1
-6
-7
-6
-8
-1
-6
-8
-4
-6
-2
-7
-9
-4
-6
-6
0
-2
-5
-5
2
0
-6
-5
-5
0
-1
-3
-5
0
2
1
-7
0
0
1
4
5
9
3
9
11
7
10
9
12
16
9
11
7
11
12
10
7
10
3
5
6
0
2
0
-3
-1
-3
-2
0
-2
0
-4
-3
-2
-4
-9
-7
-7
-7
-7
-11
-13
-14
-13
-13
-10
-8
-12
-11
-12
-19
-14
-15
-14
-12
-13
-11
-12
-15
-14
-11
-10
-10
-12
-4
-7
-3
-4
-4
-4
0
1
1
2
0
1
1
3
4
3
0
4
4
8
8
7
6
9
11
14
12
8
6
8
4
5
8
9
12
10
14
13
14
18
17
20
21
20
24
24
26
25
22
23
19
21
18
17
18
22
24
20
27
24
26
29
22
23
18
16
14
15
14
6
0
-4
-4
-8
-6
-11
-17
-20
-26
-26
-27
-27
-30
-37
-35
-39
-39
-40
-41
-44
-44
-39
-42
-36
-39
-40
-34
-34
-34
-34
-31
-34
-31
-31
-25
-27
-24
-20
-20
-21
-19
-17
-15
-15
-13
-12
-9
0
-2
0
-2
8
11
14
19
15
27
27
26
28
31
37
42
41
44
40
47
52
45
42
44
46
47
43
39
42
42
37
38
32
30
28
23
26
18
21
11
8
6
0
1
-6
-3
-10
-10
-13
-16
-18
-22
-19
-19
-22
-27
-31
-35
-32
-32
-35
-33
-37
-33
-32
-34
-32
-31
-27
-27
-25
-27
-20
-18
-16
-12
-13
-2
-1
2
2
7
10
14
16
18
26
26
33
36
41
41
44
43
46
47
44
46
44
45
42
37
39
32
31
29
26
25
19
15
8
6
1
-8
-14
-14
-16
-18
-24
-33
-42
-39
-37
-40
-41
-45
-43
-46
-48
-50
-49
-51
-50
-57
-63
-57
-61
-62
-60
-59
-60
-56
-58
-58
-56
-57
-53
-57
-52
-51
-48
-39
-43
-34
-30
-26
-22
-15
-14
-11
-4
-1
4
8
10
13
24
26
31
32
36
46
41
49
49
54
61
65
60
61
64
61
65
59
63
62
58
55
51
53
47
51
46
44
42
41
39
36
36
27
29
23
18
18
16
13
9
6
9
4
10
10
12
23
20
22
26
32
34
36
38
39
47
56
60
65
65
67
71
69
66
67
68
66
55
41
34
19
16
9
-2
-16
-27
-29
-40
-48
-58
-62
-63
-78
-82
-86
-90
-97
-104
-106
-114
-113
-117
-120
-122
-124
-123
-124
-127
-124
-124
-123
-122
-121
-118
-118
-111
-113
-108
-103
-99
-92
-88
-75
-67
-62
-54
-52
-39
-30
-22
-11
1
4
11
16
23
39
44
53
56
65
80
88
94
102
111
122
128
137
141
145
147
151
159
165
172
168
164
162
154
150
146
130
122
113
103
94
75
63
52
37
23
5
-1
-21
-39
-47
-61
-74
-87
-96
-102
-110
-120
-124
-127
-131
-133
-135
-137
-128
-130
-124
-115
-114
-107
-100
-91
-83
-75
-65
-50
-38
-26
-11
5
18
35
47
59
75
89
109
120
142
160
177
196
208
217
224
233
237
239
236
229
220
209
193
180
157
135
112
89
58
31
8
-20
-42
-74
-95
-123
-134
-157
-174
-194
-213
-230
-248
-253
-273
-283
-295
-308
-309
-314
-319
-317
-317
-315
-310
-303
-296
-280
-270
-257
-243
-233
-218
-198
-179
-156
-141
-121
-96
-73
-46
-24
-1
22
43
70
97
117
140
164
181
204
220
233
251
260
280
291
307
318
332
343
349
354
351
356
356
360
346
336
328
312
294
277
254
227
209
185
159
131
100
68
39
12
-13
-48
-75
-102
-131
-162
-189
-208
-233
-252
-265
-285
-294
-304
-311
-312
-311
-304
-295
-289
-281
-268
-254
-234
-223
-200
-180
-159
-135
-113
-86
-64
-32
-11
15
43
69
97
128
159
187
221
254
294
329
355
377
396
407
422
430
437
434
423
402
380
353
323
286
245
200
158
114
65
24
-29
-77
-124
-166
-204
-244
-277
-313
-343
-372
-401
-429
-450
-468
-486
-502
-509
-515
-516
-518
-514
-509
-495
-487
-470
-452
-431
-406
-385
-360
-328
-295
-267
-230
-195
-159
-127
-86
-56
-19
16
54
91
124
158
191
218
253
283
302
333
347
371
391
407
427
444
461
474
488
503
508
518
523
524
526
513
497
485
459
436
409
377
347
309
275
232
196
152
107
67
21
-21
-63
-102
-143
-182
-218
-252
-287
-314
-347
-370
-385
-403
-412
-424
-424
-426
-424
-414
-406
-391
-373
-352
-333
-308
-281
-259
-228
-197
-162
-128
-98
-64
-33
0
35
71
109
150
194
238
284
333
379
414
446
469
493
510
520
526
509
494
470
440
407
371
316
265
207
154
111
51
-3
-58
-111
-163
-209
-250
-291
-327
-364
-392
-424
-451
-474
-500
-520
-530
-543
-549
-546
-550
-549
-548
-536
-527
-516
-501
-483
-456
-426
-399
-364
-340
-304
-271
-235
-198
-162
-119
-81
-41
0
43
81
122
160
191
232
263
295
326
357
389
415
434
451
468
483
502
510
524
538
545
553
558
565
569
564
559
547
529
512
486
456
418
384
343
294
250
205
152
100
47
-1
-55
-103
-153
-201
-248
-290
-331
-375
-406
-446
-466
-490
-505
-513
-521
-517
-519
-509
-492
-471
-443
-420
-393
-357
-327
-292
-256
-221
-187
-149
-114
-76
-41
-10
27
65
99
133
171
209
259
309
362
422
462
504
533
564
594
617
627
618
599
571
548
509
468
408
346
276
210
145
86
20
-47
-114
-174
-226
-273
-316
-365
-406
-445
-474
-501
-536
-562
-581
-591
-607
-616
-620
-622
-615
-609
-600
-590
-577
-558
-537
-510
-481
-448
-413
-378
-337
-294
-253
-211
-168
-122
-78
-30
18
71
114
156
202
236
280
316
354
386
425
453
472
497
509
522
528
537
536
537
539
536
545
552
569
578
577
570
565
554
538
527
494
457
407
358
306
249
189
131
68
3
-49
-108
-162
-212
-269
-321
-369
-406
-441
-473
-506
-534
-556
-575
-596
-600
-595
-590
-578
-559
-531
-501
-461
-416
-367
-319
-274
-227
-181
-135
-93
-47
-11
29
57
90
128
169
209
248
290
328
392
457
527
591
645
678
708
737
752
773
768
738
695
648
595
533
471
390
297
203
115
36
-40
-113
-187
-264
-338
-394
-447
-497
-546
-590
-626
-662
-687
-704
-719
-729
-743
-747
-749
-753
-744
-727
-708
-684
-653
-626
-602
-576
-539
-496
-453
-403
-355
-302
-250
-187
-132
-78
-20
29
85
134
187
243
290
334
375
410
450
477
509
535
567
591
610
622
628
633
638
638
630
619
609
599
586
576
562
558
555
555
562
555
542
516
482
440
396
344
279
204
118
27
-58
-140
-224
-308
-383
-452
-511
-557
-592
-634
-662
-688
-707
-719
-728
-725
-720
-711
-688
-665
-631
-590
-547
-502
-453
-388
-324
-263
-203
-146
-87
-35
17
63
103
149
181
228
268
302
345
386
437
489
565
650
727
796
849
891
914
932
941
925
878
817
749
674
601
509
411
289
164
49
-58
-154
-245
-328
-416
-481
-546
-602
-646
-690
-719
-759
-788
-806
-822
-816
-821
-812
-811
-813
-807
-795
-773
-748
-713
-680
-648
-613
-570
-529
-479
-430
-383
-340
-288
-232
-165
-94
-30
33
94
151
202
261
314
369
417
457
499
542
581
618
649
676
691
707
714
712
721
715
707
691
667
648
619
601
584
562
539
529
520
522
532
522
501
457
398
341
291
238
167
73
-30
-132
-235
-326
-399
-485
-578
-642
-696
-734
-760
-778
-784
-803
-826
-819
-807
-782
-746
-705
-646
-585
-530
-482
-422
-354
-290
-242
-198
-151
-107
-46
-3
42
80
138
202
248
293
363
443
499
566
660
803
968
1128
1227
1291
1314
1279
1212
1136
1056
946
815
662
507
339
165
6
-150
-322
-483
-605
-672
-715
-734
-731
-727
-734
-760
-748
-718
-660
-620
-600
-579
-562
-546
-549
-565
-578
-640
-703
-739
-775
-790
-800
-797
-796
-795
-790
-768
-708
-637
-570
-480
-373
-262
-154
-60
58
184
299
389
468
554
635
705
758
768
754
736
712
687
664
639
618
580
531
479
449
450
446
453
461
483
514
565
621
666
713
762
881
1001
1034
1020
955
787
516
221
12
-176
-406
-572
-670
-808
-996
-1123
-1122
-1115
-1128
-1041
-845
-723
-672
-559
-436
-442
-512
-488
-426
-426
-454
-372
-305
-364
-419
-351
-273
-248
-191
-45
55
54
96
189
226
205
246
354
419
449
541
652
728
754
883
1124
1400
1641
1757
1751
1646
1401
1085
772
520
300
82
-94
-242
-411
-619
-773
-849
-884
-891
-839
-707
-556
-419
-302
-239
-235
-291
-341
-396
-431
-462
-511
-597
-732
-829
-939
-1051
-1152
-1208
-1228
-1222
-1187
-1102
-1001
-920
-833
-721
-582
-472
-339
-188
-57
54
157
263
293
314
360
424
464
513
565
576
599
605
632
653
641
605
592
590
607
659
693
710
697
679
693
719
749
750
759
770
783
800
801
798
755
721
714
859
927
713
551
362
-61
-550
-817
-892
-1054
-1178
-1001
-839
-923
-1027
-923
-721
-674
-644
-410
-204
-279
-335
-259
-343
-601
-757
-732
-763
-829
-758
-622
-604
-625
-497
-317
-214
-79
167
379
417
406
482
475
383
386
467
537
567
651
744
757
755
802
959
1209
1549
1841
1908
1809
1564
1163
670
248
7
-191
-353
-365
-353
-433
-552
-636
-655
-599
-551
-523
-433
-282
-149
-112
-153
-292
-507
-707
-847
-936
-995
-1048
-1130
-1179
-1147
-1155
-1193
-1198
-1163
-1094
-1032
-937
-821
-727
-650
-540
-448
-389
-333
-238
-153
-66
21
63
87
108
192
289
400
503
584
664
732
811
841
849
836
814
788
747
729
709
709
722
734
718
680
687
734
763
754
744
746
724
700
708
717
707
709
822
962
781
552
396
-7
-578
-900
-1013
-1151
-1247
-1070
-758
-710
-798
-766
-682
-634
-633
-542
-398
-375
-473
-477
-478
-657
-811
-879
-903
-892
-836
-692
-522
-442
-327
-175
-5
70
150
268
368
366
319
392
431
413
424
528
628
633
624
754
882
966
1201
1589
1918
2015
1931
1746
1407
863
333
-5
-247
-405
-454
-383
-313
-339
-427
-458
-450
-438
-456
-485
-408
-280
-203
-201
-234
-358
-591
-799
-978
-1116
-1193
-1215
-1189
-1106
-1010
-973
-996
-1011
-1019
-1020
-985
-940
-890
-812
-719
-587
-449
-346
-301
-265
-190
-83
28
83
151
219
294
411
513
590
641
682
725
775
783
754
721
713
691
655
665
692
690
713
751
780
777
786
829
852
844
810
775
739
652
602
617
585
558
611
797
756
436
322
133
-419
-831
-921
-1017
-1131
-1021
-719
-549
-623
-638
-585
-566
-604
-617
-542
-507
-544
-571
-590
-658
-705
-778
-868
-850
-752
-673
-611
-475
-297
-184
-92
48
177
221
262
322
347
310
230
242
321
293
313
481
541
553
716
917
1094
1443
1884
2139
2096
1959
1737
1213
553
123
-179
-429
-523
-415
-278
-258
-296
-320
-379
-384
-315
-385
-449
-350
-196
-177
-259
-360
-575
-843
-1056
-1165
-1215
-1242
-1270
-1192
-1021
-873
-815
-842
-868
-892
-890
-875
-875
-842
-779
-691
-570
-443
-368
-343
-293
-216
-63
73
146
199
296
421
540
642
726
743
724
751
790
766
704
655
609
598
587
602
631
637
659
713
732
743
765
796
818
791
779
756
676
593
549
556
513
472
557
709
558
289
242
-12
-545
-829
-875
-977
-1040
-860
-557
-491
-576
-552
-525
-542
-581
-578
-556
-590
-632
-603
-623
-708
-745
-794
-871
-820
-693
-592
-512
-388
-205
-75
58
219
342
391
431
429
411
357
270
248
311
362
429
561
621
645
703
846
993
1204
1564
1923
2040
1911
1747
1384
718
95
-229
-416
-571
-512
-326
-250
-305
-307
-355
-428
-416
-447
-551
-550
-392
-283
-309
-430
-592
-803
-1070
-1241
-1278
-1314
-1323
-1261
-1098
-944
-850
-802
-814
-830
-826
-802
-799
-776
-740
-667
-544
-415
-325
-264
-241
-160
-6
113
219
271
324
426
527
641
746
763
744
763
790
777
761
735
695
644
629
646
634
657
706
767
799
801
829
847
792
719
681
637
561
478
486
506
511
476
497
699
646
246
182
133
-465
-939
-921
-930
-1084
-981
-627
-450
-546
-596
-533
-517
-594
-647
-597
-613
-675
-635
-617
-714
-787
-786
-847
-834
-671
-528
-450
-359
-179
-28
49
180
280
317
409
466
462
440
372
296
342
354
371
504
590
591
683
846
989
1297
1747
2083
2013
1882
1730
1252
520
-9
-223
-362
-438
-338
-177
-206
-318
-432
-537
-571
-537
-591
-644
-493
-269
-177
-287
-435
-641
-911
-1131
-1231
-1273
-1282
-1257
-1187
-1006
-850
-755
-784
-849
-858
-829
-801
-818
-776
-679
-574
-443
-303
-212
-171
-112
11
141
211
214
231
276
376
466
584
648
639
661
711
760
760
729
688
660
641
653
645
643
672
734
801
816
826
825
806
712
598
545
481
415
369
375
431
437
388
280
207
168
307
319
15
5
-50
-584
-953
-819
-767
-935
-904
-598
-434
-589
-719
-721
-733
-846
-894
-810
-693
-690
-673
-586
-632
-663
-669
-658
-534
-378
-228
-98
-18
96
216
321
455
515
524
610
591
461
443
449
335
264
360
478
487
515
603
700
781
1035
1490
1942
2065
1882
1722
1418
808
233
-36
-121
-179
-193
-111
-133
-363
-624
-780
-788
-757
-766
-777
-686
-506
-373
-442
-635
-842
-1044
-1153
-1206
-1200
-1169
-1078
-1031
-963
-834
-783
-810
-858
-834
-762
-720
-706
-699
-660
-570
-425
-297
-194
-110
-32
79
176
251
279
278
299
376
521
663
717
735
777
797
823
848
836
781
711
682
687
676
654
664
726
769
739
660
612
558
490
444
381
367
341
335
382
455
494
425
307
166
36
-104
-128
50
51
-131
-86
-172
-599
-825
-727
-723
-829
-769
-574
-567
-793
-974
-997
-964
-995
-902
-664
-552
-587
-499
-405
-449
-504
-438
-301
-204
-127
16
116
83
127
290
434
489
548
648
667
551
431
386
275
112
122
300
404
363
449
643
743
898
1394
1990
2199
2053
1876
1613
1083
519
224
139
-5
-140
-236
-385
-656
-1000
-1196
-1185
-1085
-1006
-889
-677
-473
-373
-429
-611
-808
-963
-1043
-1021
-963
-916
-877
-856
-897
-888
-841
-829
-811
-744
-642
-570
-529
-528
-489
-425
-357
-293
-189
-83
-39
74
186
234
233
229
284
364
479
587
676
704
714
767
804
830
823
799
767
745
689
601
529
443
427
406
352
266
233
275
300
303
297
328
419
497
580
644
646
561
414
252
56
-137
-343
-446
-370
-85
44
-129
-120
-69
-353
-635
-622
-562
-688
-803
-723
-672
-853
-1036
-964
-805
-731
-634
-373
-263
-315
-241
-159
-190
-183
-57
47
37
27
113
102
24
81
263
379
451
566
657
569
426
391
316
198
136
148
184
229
306
356
402
536
784
1188
1765
2228
2225
1892
1526
1049
478
115
8
-137
-401
-575
-748
-1044
-1343
-1483
-1392
-1176
-921
-718
-627
-632
-637
-623
-658
-675
-646
-662
-706
-691
-716
-816
-920
-940
-878
-726
-511
-347
-315
-335
-353
-387
-451
-449
-398
-329
-212
-65
55
131
213
279
291
263
262
263
292
369
483
604
683
752
806
851
921
928
885
800
679
511
348
203
167
164
126
64
22
17
19
92
214
283
351
441
548
641
642
578
480
346
167
-7
-149
-275
-379
-421
-383
-164
25
-88
-133
-66
-276
-600
-647
-582
-661
-801
-682
-586
-767
-876
-674
-473
-472
-324
-27
-30
-183
-64
44
-80
-80
103
168
60
26
90
84
59
194
364
403
442
480
465
400
339
272
255
282
252
212
213
258
289
377
517
672
833
1130
1557
1871
1843
1480
1065
639
204
-106
-251
-372
-560
-738
-870
-1047
-1260
-1335
-1251
-1095
-867
-704
-649
-648
-643
-647
-634
-513
-407
-421
-463
-495
-571
-646
-600
-554
-514
-392
-221
-176
-273
-346
-405
-444
-434
-342
-249
-166
-91
-7
51
76
69
41
67
100
142
214
277
352
493
643
752
805
835
837
764
653
555
426
293
155
50
3
-48
-74
-56
24
45
61
152
284
400
408
424
506
587
601
604
566
483
336
198
86
-51
-190
-318
-399
-431
-410
-214
87
98
32
23
-204
-537
-639
-493
-439
-562
-506
-322
-438
-599
-449
-217
-188
-170
54
110
-94
-120
-1
11
-15
62
123
16
-90
-17
20
-61
-47
39
58
74
195
291
281
294
354
337
248
180
192
239
307
389
460
456
443
430
479
747
1139
1385
1293
1025
698
320
-15
-160
-213
-308
-446
-539
-623
-850
-1028
-1087
-1072
-995
-881
-740
-674
-635
-534
-439
-335
-191
-104
-149
-221
-285
-329
-374
-402
-388
-345
-253
-133
-97
-152
-231
-313
-357
-360
-305
-265
-296
-283
-222
-125
-16
56
130
187
276
379
458
489
495
485
494
494
455
412
353
351
337
250
166
81
8
-94
-131
-81
-8
107
184
237
248
280
306
337
308
278
328
388
435
469
480
425
342
278
234
149
9
-123
-218
-306
-391
-393
-167
-38
-121
-125
-126
-273
-438
-342
-181
-158
-134
-8
-27
-258
-290
-131
-138
-253
-159
-81
-233
-302
-148
-56
-149
-114
-37
-118
-230
-213
-148
-178
-114
75
211
243
347
445
424
408
414
343
250
177
170
123
12
13
64
73
56
121
248
414
812
1262
1333
1063
781
566
302
132
174
171
-15
-195
-351
-660
-963
-1042
-979
-933
-785
-568
-494
-543
-530
-486
-459
-330
-189
-164
-225
-208
-171
-177
-161
-122
-129
-136
-100
-146
-276
-408
-488
-522
-479
-371
-304
-304
-290
-252
-177
-119
-69
-42
-25
18
61
61
70
96
117
191
298
370
403
407
387
352
318
288
277
275
273
248
224
257
259
230
110
-21
-65
20
140
199
239
341
511
613
681
717
685
577
476
344
190
16
-119
-182
-239
-232
-180
31
284
251
104
5
-149
-354
-282
-68
-42
-165
-175
-195
-448
-591
-443
-352
-456
-353
-205
-332
-493
-388
-257
-272
-206
-26
23
-93
-102
-40
-80
-115
-6
119
144
165
280
260
149
109
87
88
85
57
32
7
7
36
107
180
211
260
331
452
711
1132
1305
1049
734
596
488
392
446
486
292
6
-195
-449
-715
-768
-733
-736
-674
-557
-546
-667
-672
-572
-470
-299
-138
-147
-230
-198
-151
-160
-156
-108
-108
-129
-132
-196
-331
-470
-546
-586
-541
-477
-473
-525
-546
-515
-474
-368
-295
-225
-147
-115
-125
-90
31
161
273
383
491
537
545
562
561
522
484
444
384
275
157
84
55
90
159
185
163
102
156
295
387
408
383
371
399
446
493
480
433
384
341
293
277
303
302
239
193
217
367
398
193
-7
-173
-349
-440
-346
-288
-428
-539
-505
-545
-662
-600
-404
-381
-376
-194
-114
-236
-260
-128
-78
-114
-110
-100
-279
-407
-311
-191
-190
-135
-18
17
-2
73
203
199
190
228
228
185
108
24
-31
-47
43
151
232
280
331
362
450
766
1211
1390
1211
894
767
728
689
685
609
382
129
-46
-294
-535
-622
-643
-738
-798
-767
-798
-980
-1063
-984
-783
-508
-307
-259
-310
-293
-206
-158
-94
-77
-106
-176
-294
-385
-485
-555
-597
-600
-532
-479
-539
-626
-634
-585
-469
-344
-247
-223
-206
-174
-93
34
186
321
416
511
595
639
609
580
538
557
596
570
509
448
382
327
294
294
311
282
203
107
49
73
131
171
202
238
299
362
403
432
464
492
492
475
470
462
457
383
263
146
199
312
163
-95
-267
-416
-554
-536
-451
-483
-596
-605
-568
-622
-572
-357
-269
-364
-327
-208
-271
-347
-221
-97
-114
-92
-51
-181
-318
-293
-163
-95
-50
23
18
-41
-24
118
173
186
194
175
101
44
66
67
112
180
243
259
293
341
385
422
560
906
1265
1308
1043
777
729
841
874
878
749
464
155
-194
-504
-696
-751
-878
-1059
-1100
-1033
-1043
-1134
-1114
-911
-611
-386
-328
-412
-484
-429
-326
-178
-45
-41
-148
-279
-381
-448
-487
-507
-497
-453
-378
-384
-448
-483
-481
-430
-354
-264
-228
-222
-193
-115
-14
112
243
316
375
466
588
687
752
819
885
887
818
703
593
457
339
262
208
179
168
137
15
-108
-121
-35
70
124
161
203
287
377
457
511
571
608
553
469
375
341
330
263
176
156
220
212
-27
-250
-318
-361
-428
-363
-354
-465
-566
-606
-636
-669
-555
-419
-439
-510
-390
-294
-316
-246
-78
-21
-55
-18
-35
-159
-198
-64
17
4
-8
-29
-73
-68
50
139
151
179
189
120
95
121
189
221
234
310
330
293
273
269
304
349
421
568
845
1126
1140
907
787
820
786
684
533
328
71
-182
-419
-627
-708
-756
-927
-1066
-1065
-1026
-1088
-1130
-996
-753
-540
-480
-496
-525
-469
-354
-259
-187
-145
-139
-223
-277
-239
-182
-169
-235
-292
-305
-337
-384
-399
-328
-248
-184
-140
-150
-208
-193
-125
-40
101
235
341
460
514
566
591
596
618
631
670
656
611
533
475
425
370
326
257
193
159
81
3
-33
0
68
83
46
7
25
102
176
210
266
325
329
339
363
392
401
353
252
165
113
162
313
219
-55
-189
-244
-326
-347
-307
-339
-474
-538
-540
-548
-470
-345
-349
-456
-423
-281
-285
-295
-169
-104
-113
-60
-21
-45
-23
142
183
79
32
16
-4
18
123
196
170
125
125
60
-3
73
130
90
47
106
187
197
202
226
249
282
356
430
520
720
879
732
443
391
563
673
621
455
230
-16
-231
-408
-529
-521
-615
-815
-948
-959
-929
-975
-976
-806
-568
-486
-569
-598
-447
-237
-114
-105
-137
-133
-161
-172
-50
106
120
-2
-111
-152
-160
-165
-156
-139
-94
-105
-127
-181
-237
-239
-220
-184
-91
-66
-90
-50
55
234
373
501
560
566
573
593
617
584
507
468
434
370
270
145
75
25
-27
-78
-96
-66
-44
-55
-93
-70
43
125
151
164
222
288
342
400
441
422
373
300
238
248
251
334
420
260
67
23
14
-22
-17
-34
-227
-417
-458
-489
-539
-428
-389
-531
-553
-423
-285
-303
-236
-63
-59
-85
-27
-24
9
133
186
93
-7
-29
-17
49
131
122
28
-53
-115
-124
-80
-8
-16
-64
-115
-111
-26
25
54
71
129
178
208
198
187
239
339
529
729
701
490
369
461
610
632
509
262
50
-105
-236
-300
-328
-435
-631
-784
-778
-668
-628
-665
-665
-614
-581
-583
-532
-351
-190
-148
-189
-164
-42
24
84
146
161
150
94
21
-20
-32
-24
-111
-209
-310
-409
-459
-425
-322
-297
-301
-321
-297
-228
-93
81
236
313
317
309
341
403
434
447
444
431
385
320
282
239
236
230
213
184
109
52
11
15
66
93
38
-24
-4
36
85
150
214
274
363
421
447
471
481
473
440
398
467
568
357
126
103
123
79
68
47
-93
-229
-288
-364
-446
-403
-438
-591
-615
-517
-422
-442
-409
-293
-277
-262
-159
-119
-87
3
-9
-60
-78
-20
29
33
77
9
-50
-35
-28
-20
-4
-33
-127
-220
-215
-166
-115
-22
-3
-36
-32
2
44
98
192
293
454
652
729
634
548
624
817
907
781
575
369
244
168
87
-16
-178
-390
-596
-692
-677
-681
-719
-736
-711
-680
-702
-637
-486
-315
-216
-214
-181
-87
25
70
95
98
80
31
-17
-2
6
-55
-162
-268
-383
-464
-473
-446
-393
-388
-423
-449
-439
-350
-200
-69
11
12
17
79
195
326
423
436
418
424
407
424
476
499
440
371
321
284
225
160
131
132
161
131
54
-25
3
122
221
286
329
360
369
389
454
477
441
396
394
435
421
373
351
467
479
248
142
146
169
168
148
-16
-260
-391
-443
-482
-466
-475
-699
-870
-781
-620
-525
-510
-460
-406
-422
-386
-287
-201
-113
-61
-110
-160
-123
-68
-69
-55
8
-13
-71
-98
-87
-64
-40
-89
-180
-214
-183
-99
-33
10
38
42
123
229
323
379
400
418
465
549
697
820
832
715
623
671
773
728
561
387
264
181
57
-53
-108
-233
-441
-570
-584
-558
-643
-786
-840
-720
-607
-612
-594
-454
-328
-312
-297
-222
-92
-37
-47
-18
46
32
-98
-196
-194
-179
-233
-355
-449
-449
-420
-374
-366
-356
-332
-303
-229
-164
-111
-82
-63
23
128
212
227
242
255
289
371
431
436
409
408
439
489
480
416
382
386
364
249
144
160
198
222
192
195
207
212
232
243
262
306
351
344
342
370
466
523
437
365
376
422
412
339
296
197
75
-35
-103
-163
-255
-408
-564
-626
-645
-650
-692
-660
-596
-549
-533
-524
-513
-489
-440
-393
-332
-254
-200
-170
-140
-116
-111
-119
-54
19
66
66
52
25
-7
2
9
33
14
-10
-19
-16
8
31
65
122
180
203
189
200
257
331
393
424
446
497
593
669
644
634
704
790
755
625
446
311
188
33
-51
-126
-306
-560
-743
-741
-665
-671
-750
-761
-667
-617
-611
-544
-415
-318
-273
-247
-189
-96
-37
-89
-141
-98
-84
-124
-186
-195
-184
-194
-237
-269
-258
-238
-217
-221
-247
-285
-291
-275
-255
-225
-164
-121
-98
-32
75
190
326
434
461
476
484
459
422
433
467
486
421
327
280
298
315
279
256
262
273
255
221
199
219
234
232
203
202
247
307
338
342
355
367
460
445
405
377
342
333
317
311
224
93
-51
-151
-232
-297
-421
-575
-658
-648
-615
-657
-733
-764
-731
-689
-585
-494
-437
-414
-433
-422
-339
-210
-102
-39
32
94
104
75
98
158
191
219
168
88
21
1
17
-3
-43
-62
-41
-12
-17
-4
61
121
147
185
239
254
254
291
361
434
511
577
617
615
588
528
544
608
612
504
311
161
60
-61
-164
-221
-320
-484
-634
-680
-671
-653
-669
-633
-531
-420
-394
-384
-290
-223
-204
-237
-223
-132
-86
-125
-139
-87
-73
-144
-219
-220
-180
-177
-247
-342
-356
-309
-296
-312
-319
-299
-287
-237
-184
-97
-34
4
43
87
142
176
205
254
313
365
396
383
395
421
454
455
450
383
318
307
299
288
252
264
264
276
287
271
256
241
229
224
264
310
361
395
426
397
342
293
276
293
253
197
115
150
265
99
-43
-32
-3
-16
-120
-288
-427
-450
-518
-539
-553
-572
-696
-813
-690
-554
-467
-436
-466
-385
-287
-279
-225
-169
-119
-120
-123
-99
-41
10
22
44
62
75
50
39
47
38
-2
-24
-55
-47
28
30
37
28
23
16
31
110
215
248
254
297
332
401
461
511
585
623
615
532
432
427
484
509
407
279
186
161
106
41
-28
-129
-217
-304
-338
-348
-407
-475
-470
-445
-445
-477
-470
-378
-309
-255
-240
-227
-205
-175
-178
-181
-198
-251
-295
-301
-279
-284
-340
-390
-400
-390
-351
-340
-328
-317
-297
-294
-278
-221
-156
-91
-62
-17
3
21
42
88
164
250
293
317
361
365
399
426
454
453
451
447
481
481
429
401
407
450
459
395
328
306
307
320
332
340
301
256
217
222
231
229
205
202
329
360
258
167
138
176
181
116
16
-74
-121
-187
-243
-286
-372
-518
-581
-548
-527
-568
-640
-627
-553
-475
-465
-434
-396
-361
-349
-345
-289
-206
-131
-106
-65
-29
-40
-74
-73
-23
7
-14
-66
-85
-63
-30
-32
-57
-35
-29
11
8
-19
-29
-11
34
99
161
183
234
300
370
419
445
468
519
518
512
522
586
646
609
521
481
536
553
461
316
256
244
162
36
-17
-45
-132
-262
-308
-280
-281
-357
-460
-466
-443
-498
-589
-574
-495
-478
-536
-560
-473
-416
-445
-463
-387
-307
-330
-399
-408
-363
-362
-394
-422
-385
-330
-340
-356
-350
-306
-289
-271
-204
-100
-27
-17
10
92
201
313
375
393
390
392
443
491
509
519
511
521
528
480
476
493
554
549
501
463
461
465
411
373
366
379
350
300
278
293
288
262
231
223
218
176
117
86
50
7
-87
-113
-82
-78
-104
-115
-125
-183
-233
-245
-241
-219
-257
-383
-462
-476
-460
-447
-463
-488
-558
-579
-550
-519
-439
-407
-409
-378
-345
-342
-309
-275
-224
-184
-147
-117
-79
-32
12
38
65
96
137
179
215
225
209
180
183
211
210
205
171
160
154
156
225
278
320
343
337
385
441
502
525
506
498
498
541
572
534
505
516
491
414
372
291
248
190
75
-39
-125
-183
-285
-366
-446
-509
-580
-636
-655
-638
-630
-673
-657
-611
-579
-567
-561
-537
-471
-430
-424
-440
-408
-369
-361
-328
-311
-305
-304
-275
-262
-227
-231
-250
-213
-170
-133
-120
-108
-76
-4
69
131
173
204
260
333
396
468
518
538
569
585
617
632
630
596
596
594
563
526
487
442
407
373
332
290
241
215
190
159
135
122
137
128
111
83
43
32
26
30
21
10
-13
-63
-86
-98
-63
-104
-170
-186
-153
-125
-163
-233
-307
-329
-350
-357
-395
-438
-521
-604
-590
-540
-523
-498
-482
-422
-356
-330
-272
-194
-90
-34
-8
47
98
127
136
173
206
189
162
126
142
166
145
106
85
88
89
80
87
87
95
81
76
104
141
168
194
224
251
294
309
327
363
379
359
349
353
355
325
300
265
213
185
146
129
92
51
47
10
-5
-52
-83
-83
-68
-40
-89
-144
-173
-187
-217
-272
-315
-363
-419
-448
-453
-444
-437
-449
-475
-457
-427
-408
-404
-386
-343
-322
-331
-353
-311
-249
-220
-213
-200
-192
-171
-132
-84
-20
21
34
63
88
151
192
198
227
229
244
234
238
256
273
293
293
294
298
296
299
321
315
310
295
286
291
274
253
230
203
191
187
187
162
138
133
125
129
114
120
131
159
158
145
127
101
110
95
80
25
-24
-84
-114
-116
-129
-151
-194
-218
-251
-270
-301
-297
-286
-286
-250
-210
-100
-86
-161
-98
-78
-34
22
-30
-64
-55
-69
-95
-75
-70
-130
-177
-175
-137
-130
-106
-110
-131
-72
-64
-62
8
54
65
83
88
112
122
115
120
143
149
120
65
81
108
115
94
55
26
16
46
40
69
51
-10
-15
19
44
88
94
91
122
141
152
178
211
208
189
165
156
140
145
113
78
76
41
34
0
-57
-96
-70
-23
-39
-90
-148
-159
-174
-203
-217
-191
-222
-298
-303
-279
-255
-253
-319
-343
-308
-281
-296
-293
-255
-209
-192
-203
-193
-165
-114
-94
-78
-47
-64
-80
-63
-7
30
21
8
-5
20
21
54
71
73
85
87
109
142
173
187
209
239
265
272
260
252
277
299
292
271
244
221
221
217
209
188
163
142
130
105
81
63
52
68
71
46
33
22
4
24
10
-13
-20
-18
4
5
3
-9
-18
-27
-16
14
27
32
-9
-17
-27
-4
25
25
-21
-47
-61
-85
-62
-76
-65
-83
-97
-117
-139
-130
-113
-129
-125
-98
-95
-64
-58
-55
-35
-13
-13
-12
-23
-28
-38
-41
-30
-47
-60
-98
-119
-126
-104
-120
-126
-110
-121
-118
-116
-102
-102
-94
-78
-56
-34
-19
-6
13
35
69
83
96
103
121
146
153
173
192
202
222
228
221
223
194
177
161
141
112
88
68
53
43
57
49
30
15
8
30
45
44
36
28
8
-12
-38
-56
-98
-121
-126
-161
-187
-225
-251
-256
-243
-243
-258
-296
-311
-299
-267
-247
-257
-237
-220
-193
-178
-141
-127
-98
-69
-51
-29
4
30
41
47
46
44
48
56
55
56
43
37
40
46
58
55
49
54
61
95
111
120
103
113
141
151
166
172
199
206
204
199
202
204
206
206
211
220
220
208
205
214
196
197
214
225
218
188
165
138
135
123
95
75
50
35
20
6
2
-16
-35
-48
-59
-71
-85
-99
-79
-63
-64
-65
-76
-78
-88
-89
-110
-151
-201
-223
-229
-238
-248
-279
-293
-287
-288
-275
-281
-277
-278
-274
-239
-220
-198
-181
-183
-157
-134
-117
-99
-57
-14
4
3
14
34
44
58
56
75
74
67
66
82
102
104
106
94
104
110
109
94
97
107
107
104
115
147
156
142
127
150
169
182
189
213
230
230
223
217
222
212
219
196
189
162
123
96
77
59
31
-13
-39
-51
-72
-66
-88
-103
-128
-150
-138
-149
-169
-205
-216
-230
-219
-219
-229
-235
-234
-219
-229
-230
-249
-245
-238
-243
-248
-234
-204
-200
-204
-185
-165
-147
-140
-119
-83
-82
-73
-63
-24
10
51
77
94
118
132
152
176
175
181
184
197
215
226
225
226
206
172
181
187
181
150
138
128
120
117
93
97
94
91
78
83
89
85
88
100
109
109
105
94
107
103
100
86
91
79
71
58
32
12
-24
-34
-32
-43
-59
-84
-96
-107
-113
-103
-104
-119
-93
-77
-74
-51
-36
-18
9
29
55
61
57
43
27
32
12
-17
-45
-70
-84
-107
-117
-124
-137
-140
-152
-141
-137
-136
-145
-147
-136
-128
-114
-99
-74
-70
-61
-38
-18
-7
3
8
7
10
6
3
7
20
13
10
-13
-15
-14
-14
-2
-25
-20
-37
-68
-70
-75
-69
-61
-56
-49
-40
-30
-20
-25
7
24
36
49
37
54
76
106
126
138
127
124
129
140
143
134
131
127
118
111
109
112
100
99
96
100
101
104
108
119
132
142
146
145
149
138
141
133
116
96
70
23
-7
-20
-46
-72
-109
-139
-171
-188
-205
-221
-234
-264
-284
-292
-289
-277
-274
-268
-256
-242
-230
-192
-163
-147
-153
-159
-145
-131
-103
-97
-88
-75
-76
-71
-74
-78
-72
-55
-51
-36
-36
-35
-39
-26
-11
15
53
80
107
115
121
143
161
167
191
194
209
223
248
264
271
265
256
250
262
280
267
264
247
224
227
235
218
195
186
184
178
164
156
138
123
111
100
80
64
53
52
47
28
17
6
-17
-38
-36
-45
-67
-87
-126
-143
-167
-197
-210
-224
-244
-267
-273
-283
-291
-289
-289
-269
-250
-237
-222
-204
-159
-118
-86
-70
-51
-33
-21
-1
17
15
-17
-46
-70
-84
-89
-101
-113
-126
-114
-111
-103
-97
-94
-107
-109
-88
-69
-41
-28
-4
8
30
35
56
89
119
140
131
153
154
166
174
152
155
138
133
127
117
110
93
88
80
64
65
63
58
66
64
63
59
38
25
38
22
21
21
20
32
38
47
61
71
61
59
73
87
92
99
79
77
68
57
60
48
24
12
-13
-28
-31
-38
-40
-65
-67
-72
-62
-64
-67
-79
-82
-92
-86
-89
-95
-97
-123
-115
-115
-132
-143
-157
-150
-151
-154
-149
-157
-152
-154
-151
-135
-120
-122
-114
-83
-70
-57
-39
-7
4
11
34
37
64
66
78
87
80
76
74
78
60
56
48
48
30
31
38
30
32
31
33
42
48
38
41
58
78
88
73
86
102
126
135
127
131
138
152
161
167
166
164
142
149
142
139
128
99
76
58
52
47
36
24
20
17
9
8
2
-8
-14
-17
-14
-15
-36
-43
-50
-45
-41
-43
-66
-66
-70
-72
-63
-75
-57
-71
-73
-87
-84
-79
-89
-95
-106
-106
-120
-134
-131
-132
-119
-114
-109
-104
-85
-74
-63
-50
-55
-30
-29
-24
-22
-19
-23
-27
-38
-28
-26
-20
-12
-7
11
13
14
18
11
3
25
16
15
7
-3
-11
3
17
36
59
64
68
72
79
85
97
87
72
55
33
13
1
-7
-16
-25
-23
-39
-54
-67
-82
-71
-82
-84
-76
-62
-55
-57
-50
-48
-35
-25
-12
2
5
25
17
25
48
50
59
66
75
82
89
88
91
75
72
72
82
79
78
64
42
40
26
32
17
21
19
20
18
15
19
26
25
27
28
45
48
62
58
43
50
35
46
58
75
56
42
32
21
27
10
-1
-7
-9
-20
-18
-16
-17
-23
-45
-35
-21
-15
-26
-44
-56
-60
-65
-84
-89
-102
-106
-103
-120
-125
-128
-131
-146
-154
-143
-126
-124
-118
-106
-107
-106
-99
-95
-81
-71
-69
-62
-52
-36
-39
-46
-47
-30
-22
-22
-5
15
25
35
48
45
60
67
73
83
97
97
101
113
114
122
129
135
136
140
141
140
135
122
126
129
138
140
142
150
139
135
133
131
118
112
112
92
84
63
56
62
46
45
35
29
19
5
-7
-20
-31
-54
-70
-65
-74
-73
-78
-84
-100
-116
-123
-138
-137
-142
-145
-142
-147
-140
-125
-127
-118
-112
-106
-102
-100
-105
-93
-88
-89
-86
-76
-66
-56
-43
-31
-33
-28
-11
-14
-11
-8
-4
6
3
10
2
12
32
31
46
44
40
55
56
67
62
58
64
56
56
56
61
73
69
61
60
46
39
32
31
32
30
24
25
34
36
35
31
28
13
12
16
12
6
1
3
-4
-6
-8
0
-4
-3
-12
-13
-17
-30
-35
-42
-39
-34
-39
-46
-45
-42
-38
-53
-57
-64
-73
-83
-90
-87
-81
-65
-60
-54
-55
-50
-27
-16
-9
1
-2
3
5
-1
12
23
32
29
27
48
55
55
79
98
113
109
102
109
102
95
93
79
61
39
16
6
-9
-10
-19
-30
-38
-39
-24
-21
-30
-40
-45
-46
-34
-24
-30
-36
-35
-41
-49
-47
-31
-38
-24
-17
-4
11
13
38
49
65
80
81
91
98
108
107
103
108
94
86
85
94
95
87
76
70
81
72
62
63
50
47
37
33
30
20
13
4
7
-1
-13
-22
-30
-36
-54
-54
-62
-70
-78
-95
-97
-94
-99
-102
-112
-111
-108
-112
-116
-126
-129
-131
-124
-129
-128
-130
-135
-133
-134
-131
-130
-124
-116
-108
-98
-78
-73
-39
-21
-12
9
16
27
32
41
38
50
45
30
27
31
43
55
60
66
74
75
82
82
94
97
95
94
78
82
86
88
91
79
80
71
68
67
60
66
54
66
61
44
46
37
38
35
25
22
16
6
1
-6
-27
-36
-43
-44
-42
-42
-33
-40
-41
-40
-46
-37
-24
-25
-29
-40
-43
-44
-31
-23
-39
-44
-50
-46
-54
-54
-46
-43
-50
-38
-23
-22
-8
-14
-7
-5
-5
-3
12
25
31
43
42
56
77
100
112
118
128
137
140
146
151
146
142
131
143
156
152
161
138
137
121
113
100
78
72
51
29
9
-1
-28
-38
-55
-80
-97
-117
-133
-147
-154
-166
-187
-197
-189
-201
-210
-210
-211
-208
-207
-212
-209
-205
-196
-201
-197
-189
-178
-165
-161
-152
-144
-124
-117
-98
-101
-97
-82
-78
-72
-56
-42
-35
-26
-16
11
35
40
53
65
73
90
96
113
126
130
136
137
140
143
156
157
164
168
186
197
208
211
208
224
233
234
227
226
228
219
220
201
185
177
169
158
143
125
106
107
82
68
55
36
14
0
-20
-36
-50
-59
-76
-103
-105
-123
-130
-138
-142
-142
-156
-154
-147
-146
-142
-139
-122
-118
-113
-124
-124
-122
-119
-119
-117
-105
-101
-96
-90
-85
-78
-72
-70
-63
-62
-51
-49
-44
-34
-23
-25
-26
-9
-8
-12
-3
7
13
10
16
11
10
18
13
22
28
28
40
43
49
42
44
59
55
63
49
47
37
41
46
35
31
31
37
39
28
25
23
16
15
12
10
-1
0
-6
-6
-7
-18
-24
-22
-21
-20
-19
-13
-4
-8
-5
5
15
16
13
21
25
25
24
19
15
18
18
10
12
7
11
-2
-2
-1
-8
-15
-16
-13
-17
-11
-17
-25
-18
-13
-13
3
8
14
18
29
33
28
27
28
26
32
31
32
23
20
20
17
11
6
-1
-3
-7
-17
-5
-20
-22
-29
-35
-37
-39
-43
-54
-44
-51
-52
-46
-43
-33
-41
-44
-29
-28
-22
-13
-13
-12
-4
-5
-6
-6
-1
8
12
7
8
8
7
21
24
24
24
35
35
34
38
38
42
46
52
48
43
43
42
53
54
54
52
48
30
31
17
23
17
12
12
7
18
8
15
10
7
-2
-14
-13
-14
-17
-20
-32
-29
-30
-25
-26
-27
-25
-26
-20
-23
-19
-20
-15
-19
-28
-23
-31
-35
-32
-37
-39
-38
-42
-43
-43
-41
-44
-52
-34
-31
-25
-24
-22
-16
-22
-15
-18
-16
-14
-11
-10
-13
-10
-7
-11
-2
-6
-8
-3
-3
-9
-2
13
14
16
12
14
25
30
39
46
41
37
43
48
47
57
57
45
39
43
43
42
44
44
39
45
38
34
41
41
42
44
46
45
39
39
19
21
25
18
19
11
9
7
22
32
31
35
27
18
6
7
16
-4
-17
-35
-60
-71
-95
-107
-129
-135
-150
-154
-157
-152
-148
-165
-158
-153
-131
-127
-118
-113
-106
-92
-92
-79
-57
-41
-19
-11
-10
3
7
30
33
47
72
74
92
105
103
113
125
134
129
138
142
132
143
140
151
149
145
138
124
131
130
124
124
116
102
96
95
88
87
82
74
59
48
48
34
25
29
3
-17
-29
-32
-53
-54
-64
-80
-84
-110
-108
-129
-143
-143
-155
-147
-152
-151
-155
-158
-158
-162
-158
-168
-154
-151
-142
-138
-137
-131
-137
-125
-117
-106
-91
-81
-77
-58
-43
-38
-8
9
28
46
54
81
93
106
116
120
134
133
137
142
146
142
145
140
144
135
141
146
136
130
117
104
93
85
86
62
55
44
41
37
30
20
4
2
-10
-10
-31
-40
-53
-56
-63
-67
-74
-80
-80
-80
-79
-81
-82
-81
-79
-79
-74
-67
-69
-73
-68
-61
-62
-60
-46
-39
-38
-31
-25
-10
10
19
22
24
32
49
49
61
70
74
75
82
94
98
104
103
110
114
126
119
108
113
114
112
103
98
93
87
75
68
53
43
26
10
-2
-21
-40
-56
-60
-76
-87
-94
-108
-110
-113
-122
-129
-139
-146
-144
-148
-138
-149
-148
-157
-157
-150
-140
-136
-146
-132
-140
-131
-133
-119
-105
-105
-85
-79
-68
-57
-44
-44
-33
-26
-19
-8
-3
9
21
33
37
55
57
74
95
100
123
130
143
149
154
165
169
175
178
175
177
173
171
166
157
162
161
151
153
137
127
124
125
118
109
99
86
84
65
54
33
30
9
-1
-11
-29
-40
-61
-76
-85
-98
-112
-115
-124
-129
-137
-133
-143
-149
-145
-155
-152
-162
-145
-141
-133
-133
-130
-123
-112
-89
-83
-68
-63
-51
-43
-36
-19
-20
-7
8
5
8
12
25
32
38
42
47
57
65
72
71
79
81
85
88
89
84
81
86
88
84
84
72
70
66
54
57
51
47
38
23
13
8
0
-7
-12
-8
-15
-24
-36
-40
-33
-52
-56
-52
-44
-55
-60
-60
-65
-58
-57
-59
-53
-53
-45
-41
-47
-38
-37
-30
-32
-30
-28
-21
-28
-27
-22
-18
-10
-14
-5
-6
2
1
3
3
4
8
24
32
33
36
40
45
47
42
41
53
37
38
28
29
30
23
29
32
34
29
21
16
21
12
18
13
12
17
10
11
10
9
-8
-6
-16
-9
-6
-17
-13
-14
-13
-18
-6
-16
-22
-19
-23
-25
-32
-33
-39
-50
-39
-40
-38
-29
-28
-25
-21
-23
-11
-9
-12
-1
-1
11
10
17
18
12
19
27
30
29
34
47
53
51
58
58
54
51
50
45
39
34
31
33
40
36
35
31
25
26
23
25
19
17
16
7
11
15
13
9
-3
-1
-14
-15
-18
-20
-20
-29
-29
-39
-36
-34
-27
-41
-42
-47
-60
-63
-68
-64
-64
-70
-64
-70
-68
-65
-65
-55
-60
-55
-47
-46
-49
-46
-51
-45
-39
-33
-28
-24
-21
-20
-18
-10
-11
-6
5
10
18
12
22
33
48
45
48
54
54
68
60
69
78
72
76
73
79
77
67
69
67
57
58
48
57
51
43
52
42
45
34
23
24
16
7
0
1
0
-4
-7
-17
-18
-25
-32
-26
-30
-43
-40
-37
-33
-29
-31
-31
-28
-35
-32
-30
-36
-36
-34
-35
-31
-20
-20
-15
-5
-7
0
-2
1
10
8
3
8
8
2
7
-2
-1
-8
-6
-8
-6
-3
-9
-6
-17
-13
-16
-13
-10
-9
-17
-16
-15
-16
-16
-15
-25
-16
-14
-8
2
-6
-8
0
4
10
9
10
13
2
11
10
10
13
11
7
17
18
15
18
20
28
27
30
27
31
39
27
27
26
30
20
12
14
10
13
8
4
2
9
11
10
8
5
3
-4
-5
-6
-6
-3
-11
-12
-19
-22
-18
-32
-14
-21
-25
-26
-35
-34
-40
-27
-33
-26
-26
-30
-31
-28
-28
-26
-12
-16
-15
-14
-10
-11
-13
-15
-18
-19
-12
-14
-16
-10
-4
-5
2
9
10
16
19
15
22
31
26
28
24
26
17
8
21
23
30
28
26
34
28
29
30
23
26
24
20
25
16
11
17
21
23
18
22
16
14
15
14
11
-9
-6
-8
-9
-18
-31
-19
-35
-31
-41
-43
-36
-43
-34
-33
-25
-20
-24
-23
-19
-12
-8
-4
-3
-3
1
1
7
7
3
3
6
-6
-12
-6
-1
0
-2
-4
3
5
6
14
7
15
18
18
21
23
31
15
20
17
14
17
15
11
10
14
13
12
2
11
7
6
4
2
1
1
8
2
1
-2
3
6
4
3
2
2
-1
0
0
-7
-13
-11
-15
-22
-22
-25
-22
-21
-18
-14
-18
-18
-16
-4
-3
-2
-2
-9
-3
2
4
6
5
7
2
6
13
18
20
19
18
19
17
21
11
15
12
15
18
18
18
16
18
12
12
11
7
11
3
1
-5
-10
-10
-11
-16
-21
-18
-28
-23
-29
-32
-33
-39
-44
-40
-40
-39
-41
-43
-38
-44
-31
-36
-34
-39
-32
-27
-19
-23
-25
-20
-19
-9
-11
-2
6
12
15
23
21
35
36
40
32
31
37
35
37
32
36
40
40
41
48
54
55
52
50
51
49
45
44
34
30
32
30
32
29
27
26
24
21
8
8
0
-4
-6
-20
-18
-20
-24
-27
-29
-34
-34
-41
-43
-45
-48
-51
-51
-52
-45
-45
-43
-50
-48
-46
-43
-38
-33
-18
-25
-25
-21
-26
-18
-15
-20
-11
-11
-12
-11
-3
3
3
5
8
9
12
17
7
11
16
20
27
22
19
18
13
22
24
27
18
21
26
26
33
29
30
25
29
24
26
27
33
31
24
25
16
14
11
8
6
-1
-4
-5
-13
-10
-10
-12
-10
-10
-15
-20
-19
-16
-16
-24
-22
-30
-28
-24
-23
-28
-30
-28
-25
-24
-24
-19
-18
-17
-22
-22
-24
-21
-16
-17
-13
-10
-20
-14
-6
4
6
6
8
9
17
24
30
34
33
32
30
32
37
35
35
40
41
41
40
30
32
33
34
32
25
25
26
20
23
21
26
31
19
17
9
8
2
0
2
-10
-12
-19
-20
-19
-25
-28
-32
-36
-39
-38
-37
-35
-38
-37
-42
-42
-36
-34
-35
-29
-25
-25
-26
-26
-24
-25
-22
-21
-13
-8
-9
-9
5
3
8
11
11
19
17
25
23
28
28
29
30
32
28
29
27
25
23
15
20
16
21
25
17
24
16
15
5
10
14
7
7
3
4
-1
-2
-16
-14
-24
-19
-16
-13
-10
-9
-5
-7
-6
-15
-14
-13
-17
-16
-27
-28
-23
-31
-25
-28
-23
-21
-19
-19
-22
-18
-9
-10
-11
-11
-7
-7
0
-5
-4
-1
-2
4
2
11
6
10
7
5
10
12
14
15
20
20
24
20
19
25
23
25
24
21
23
28
28
25
20
13
12
18
11
6
2
-3
-5
-12
-15
-15
-20
-12
-11
-7
-10
4
5
2
-3
-7
3
-11
-13
-18
-29
-31
-37
-29
-25
-28
-21
-14
-15
-15
-13
-12
-5
-6
-11
-7
0
-4
0
5
5
14
10
15
16
19
18
23
24
27
28
27
29
24
29
23
20
16
10
2
8
9
11
14
10
11
15
24
17
15
16
19
16
6
5
-5
-7
-14
-22
-22
-29
-28
-27
-34
-40
-41
-41
-45
-51
-42
-38
-41
-41
-42
-32
-31
-34
-30
-19
-16
-9
-6
-4
1
0
10
13
10
12
22
22
24
26
20
23
20
20
29
19
18
18
17
23
19
22
25
26
27
25
29
24
28
23
24
21
25
28
20
29
17
16
18
16
17
14
17
6
3
4
-1
-2
-1
-8
-6
-1
-13
-24
-25
-19
-18
-25
-25
-24
-24
-23
-30
-34
-31
-23
-31
-42
-38
-40
-36
-42
-41
-41
-41
-37
-31
-29
-24
-17
-10
-4
0
-5
1
2
3
3
2
15
8
15
9
12
13
12
22
13
19
23
22
17
18
22
20
19
24
20
17
22
17
15
14
14
14
11
13
17
12
8
3
6
8
9
15
16
17
5
10
10
5
3
1
-1
-2
-5
-6
-3
-5
3
3
6
1
-3
0
-6
-1
-9
-10
-9
-15
-12
-12
-17
-12
-10
0
5
4
1
-3
-4
-6
0
-3
-4
0
-4
-5
-4
0
0
-3
5
-1
3
0
-1
-9
-10
-4
-14
-7
-4
-8
-3
-10
-6
0
2
3
3
4
-2
-2
-1
-3
-6
-7
-2
-7
-16
-12
-14
-6
-7
-4
-2
-5
2
7
6
10
15
10
11
14
19
22
22
25
21
18
17
17
19
18
16
14
10
4
5
5
2
5
3
2
-4
-7
-3
0
3
-2
-2
4
-7
-5
-11
-9
-11
-13
-8
-6
-8
-13
-10
-7
-10
-15
-19
-17
-22
-24
-25
-28
-29
-28
-23
-25
-15
-17
-14
-13
-24
-21
-21
-17
-12
-11
-14
-10
-4
1
4
1
2
0
-5
2
-4
3
2
-2
3
5
8
16
15
16
20
21
22
23
24
22
19
17
13
15
11
6
4
8
10
15
12
8
12
7
13
13
15
11
14
17
11
10
5
3
3
1
1
-4
1
-3
5
5
9
14
11
14
11
9
4
9
6
7
3
10
-1
-4
1
-5
0
-12
-5
-2
-3
-1
1
7
4
2
3
2
3
-1
1
3
-8
-13
-11
-6
-11
-8
-6
-5
-7
-10
-3
-13
-17
-14
-12
-16
-11
-9
-12
-14
-14
-17
-23
-18
-22
-22
-23
-14
-17
-9
-7
-12
-5
-5
3
-5
2
-2
-2
-1
0
7
4
-2
-3
-6
2
1
-4
-6
-2
-3
-1
3
0
-3
-3
0
4
5
9
12
10
9
11
11
10
11
11
13
7
9
7
12
16
11
11
17
9
12
11
9
10
10
7
8
9
12
3
8
7
2
0
0
5
-3
2
-7
-4
-7
-3
-7
-14
-8
-14
-10
-14
-20
-20
-19
-18
-25
-14
-14
-9
-6
-6
-1
-4
0
3
9
2
13
8
11
16
12
20
22
24
26
25
17
15
12
14
10
10
7
4
10
6
6
10
13
17
16
15
13
14
9
4
3
-5
1
1
2
2
-2
-9
-3
-5
-9
-9
-10
-12
-12
-12
-14
-14
-20
-24
-27
-26
-25
-24
-25
-18
-18
-20
-21
-27
-28
-23
-19
-17
-24
-19
-14
-16
-13
-18
-20
-25
-21
-10
-16
-9
-15
-6
-3
-2
8
2
12
19
14
24
23
16
20
21
26
29
20
23
27
20
29
23
29
34
26
22
21
26
23
25
26
24
21
19
16
9
10
-1
3
6
4
8
1
0
5
6
-1
-5
-9
-11
-14
-15
-11
-10
-10
-9
-15
-22
-19
-16
-19
-14
-14
-18
-10
-19
-17
-19
-18
-17
-21
-21
-21
-16
-15
-19
-21
-24
-22
-18
-20
-21
-19
-17
-10
-8
-4
-2
-4
-5
2
8
13
15
14
22
18
20
19
19
21
16
17
16
12
13
8
11
10
6
8
9
7
10
9
11
11
11
7
12
5
-1
2
2
1
-4
-4
-6
-9
-3
-6
-13
-2
-2
2
-3
-3
3
-2
-2
-1
-3
5
3
0
5
7
10
9
2
1
4
7
9
6
7
