SAMPLES:	18789
BITSPERSAMPLE:	16
CHANNELS:	1
SAMPLERATE:	16000
NORMALIZED:	FALSE
10
3
10
7
4
7
4
6
1
7
4
7
7
0
-2
-8
-3
-8
-9
-8
-7
-9
-7
-8
-2
-7
-5
-4
-5
3
-1
2
-1
-1
0
0
-1
-6
-5
-9
-3
-1
-1
-1
2
0
-3
2
7
7
0
-2
5
2
-4
-9
-3
-5
-1
1
-1
-4
-3
-4
-9
-4
-5
-4
-14
-8
-9
-9
-9
-8
-12
-8
-12
-16
-10
-4
-1
-1
-7
-8
-1
-7
-6
-5
-2
-1
-4
-3
-3
-2
-4
-3
-8
-1
0
-3
7
7
7
9
11
13
13
10
4
8
6
4
11
11
9
11
13
9
9
9
11
19
19
23
26
21
22
20
17
25
23
17
14
12
15
11
9
13
12
14
0
8
5
7
4
3
-3
0
-1
-6
-5
-8
-3
-6
-7
-9
-11
-12
-3
-11
-9
-10
-10
-11
-15
-15
-15
-17
-13
-15
-16
-25
-23
-22
-24
-23
-19
-16
-20
-17
-9
-13
-10
-4
-8
-10
-12
0
-7
-8
-8
-7
4
0
5
4
6
6
2
2
6
10
11
18
16
12
15
19
18
11
9
2
6
9
8
11
6
5
9
3
5
6
3
2
4
4
2
4
2
2
-1
0
0
-4
0
0
0
-1
1
-3
0
-4
0
4
-1
-3
-2
1
3
4
6
5
9
6
8
12
7
10
12
11
7
4
2
4
4
4
2
-1
-2
-2
1
1
-5
-5
-3
-2
-3
-5
-7
0
-7
-6
-5
-6
-1
-1
-2
-4
-9
-12
-8
-8
-13
-16
-18
-15
-19
-12
-13
-10
-15
-12
-9
-13
-8
-7
-2
-5
-1
-1
-5
-4
-5
2
-5
-4
-4
-7
-13
-7
-4
-10
-4
-13
-2
4
0
5
1
0
2
7
5
13
16
12
13
9
5
12
5
11
8
4
3
6
8
2
12
5
12
14
9
13
13
20
14
11
11
11
12
8
10
7
8
8
0
0
-2
-3
1
-4
-4
-6
1
-1
-1
0
-4
-8
-6
-6
-11
-6
-9
-14
-11
-6
-3
-9
-9
-9
-10
-11
-13
-12
-8
-5
-4
-1
-8
-1
-8
-5
2
2
3
-3
-2
1
2
3
3
4
5
8
4
3
3
8
3
3
4
6
0
-5
0
-1
-1
-2
1
-3
-1
1
-1
-2
-1
-5
-2
-6
-5
-7
-5
-2
-4
-4
-12
-10
-6
-9
-8
-6
-10
-10
-8
-9
-9
-8
-9
-6
-5
-1
0
-2
0
1
-3
3
6
3
6
5
10
7
13
10
12
8
12
11
10
18
12
10
15
11
16
18
14
21
13
15
14
10
12
8
13
3
3
4
0
1
2
7
0
3
1
3
-4
1
-3
-9
-7
-2
-5
-5
0
-4
-2
-9
1
-1
-3
-5
-5
-6
-5
-5
0
3
4
1
7
6
5
3
1
1
3
2
1
-3
-2
-1
-1
-4
-3
-4
-8
-5
-4
5
3
4
2
5
11
8
10
10
11
12
6
10
-1
3
-1
4
5
1
0
-3
0
-6
-6
-8
-4
-10
-6
-8
-13
-14
-9
-10
-12
-4
-3
-6
-4
-7
-2
-1
-2
-3
-6
-9
-7
-8
-7
-3
-8
-10
-10
-9
-7
-9
-2
-9
-9
-14
-13
-13
-11
-11
-11
-10
-13
-13
-9
-9
-5
-10
-7
-9
-9
-4
-7
-9
-6
1
-4
-5
-4
-3
2
-2
3
2
7
12
12
13
11
11
9
15
9
10
6
12
4
5
11
8
9
5
9
11
13
10
13
10
5
11
15
10
14
16
12
18
13
16
14
15
13
11
7
8
10
3
9
6
7
6
7
2
3
2
-1
5
1
-2
-5
-3
0
-4
-1
0
-7
-3
-4
-8
-8
-4
-9
-11
-12
-18
-15
-19
-20
-25
-23
-22
-21
-16
-18
-20
-15
-19
-12
-10
-13
-15
-15
-17
-14
-12
-16
-13
-8
-6
-4
-4
-5
-1
0
-2
-2
1
-2
3
6
4
1
6
5
6
9
5
9
3
12
11
8
13
8
8
3
4
3
-1
5
10
9
13
15
9
16
12
14
16
12
15
9
10
12
9
7
1
6
6
8
10
9
7
6
5
0
-1
-2
10
-2
6
-5
-9
-7
-11
-6
-11
-11
-10
-6
-8
-3
-7
-3
-2
-8
0
3
-3
-1
4
9
5
5
6
4
6
6
5
6
1
4
4
3
8
1
6
2
5
0
-8
1
-2
0
-4
-2
-7
-3
-4
-5
0
-6
-6
-7
-4
-5
-2
-3
-6
1
0
-6
0
-2
1
-4
1
2
-2
1
2
4
6
1
5
6
5
1
0
2
1
0
3
6
3
7
9
10
9
10
8
4
0
0
9
2
-4
0
-7
-3
-6
-7
-4
-2
-1
3
0
3
-2
-2
-1
-3
-4
0
-1
-4
0
-7
3
-2
2
-2
-7
-8
-6
-6
-7
-3
-4
-7
-14
-12
-8
-10
-13
-6
-6
-4
-12
-9
-4
-6
-4
-6
-5
-4
-2
0
1
1
-1
0
4
-2
-1
4
2
2
2
-3
3
8
5
3
5
3
7
4
9
6
5
5
-4
5
2
1
4
2
3
3
9
11
11
9
10
15
12
10
7
8
1
5
6
2
-1
-5
0
-1
-4
-3
-4
-4
-7
-8
-6
-5
-4
-7
-7
-2
-3
-4
-2
-7
-1
-5
-9
-10
-11
-10
-12
-6
-6
-7
-13
-12
-12
-6
-14
-10
-7
-9
-3
-8
-1
3
-6
-5
-3
-3
-1
-6
-1
-1
1
4
2
4
10
8
3
10
8
7
11
8
9
7
3
5
3
-3
-1
0
0
-1
-2
3
-1
-2
-8
1
1
-4
-2
-6
2
-2
1
-3
3
7
3
7
6
2
5
-2
-4
3
-3
-4
-6
-2
2
0
4
-1
4
-4
1
0
3
6
3
4
1
6
4
3
6
6
5
8
6
8
13
8
12
9
6
5
8
10
8
11
8
8
6
6
13
11
3
5
7
5
7
5
7
5
4
4
2
4
-5
1
-1
3
-4
-5
-2
-5
-3
-7
-5
-3
-3
-3
0
-6
-7
-9
-4
-10
-3
-1
-4
4
-6
-4
-8
-11
-9
-13
-8
-13
-7
-10
-9
-6
-8
-5
-9
-4
-2
-4
-5
1
-4
5
7
5
8
1
2
7
4
3
2
1
7
7
8
5
7
7
7
8
7
11
1
5
9
3
2
6
1
1
-2
1
-6
-10
-9
-13
-6
-5
-6
-6
-3
-3
-2
-2
-4
1
-1
5
0
2
3
-2
2
-8
-3
-5
-7
-2
2
5
2
2
6
1
3
4
2
5
7
7
11
8
4
5
2
0
-6
-3
-5
-5
0
-9
-4
-7
-7
-2
-9
-4
-4
-6
-6
-7
-5
-7
-7
-14
-11
-7
-10
-12
-15
-13
-12
-15
-11
-9
-13
-8
-6
-1
-7
-2
-4
4
3
2
4
0
3
3
0
3
7
0
-1
2
4
4
4
8
7
7
9
12
8
9
11
6
8
1
7
11
8
8
8
8
5
9
7
11
12
14
14
10
17
8
9
9
1
9
6
11
11
9
5
4
0
-1
0
-5
-3
-5
-4
-4
-5
-6
-14
-11
-18
-13
-7
-12
-11
-9
-7
-8
-14
-15
-12
-17
-15
-11
-16
-9
-8
-8
-6
-10
-6
-8
-9
-3
-6
-3
2
-1
4
1
11
8
8
6
5
2
6
8
5
2
2
-2
0
2
3
9
3
6
4
10
9
6
7
5
6
2
5
8
4
1
-3
0
2
-3
1
-5
-7
-6
-10
-16
-11
-13
-13
-14
-13
-12
-11
-12
-14
-8
-10
1
-1
-5
1
-5
-3
1
-5
4
3
3
3
-4
-1
-3
1
-4
-3
3
2
9
7
12
16
16
22
21
20
22
22
25
19
18
16
21
18
13
15
16
16
8
12
13
13
12
12
4
10
11
6
7
7
4
5
4
1
-2
0
-6
-7
1
-5
-9
-12
-8
-7
-6
-9
-13
-11
-10
-9
-7
-10
-6
-6
-4
-6
-4
-5
-3
0
-5
4
5
5
4
2
-3
-1
1
0
4
-4
-3
0
2
0
3
0
0
1
3
1
-2
2
-6
-4
-11
-8
-9
-14
-14
-9
-11
-6
-12
-14
-10
-18
-12
-13
-9
-10
-6
-7
-5
-7
-6
-6
-12
-8
-13
-13
-10
-10
-12
-14
-14
-14
-11
-11
-7
-7
-7
-6
-3
3
2
4
0
6
7
11
11
14
18
14
15
12
14
13
12
12
17
12
13
7
8
12
-2
4
7
8
6
5
7
5
1
7
9
12
9
9
6
4
7
4
2
6
7
-2
5
3
1
0
-3
-2
-5
-8
-8
-6
-8
-9
-10
-13
-8
-8
-13
-7
-11
-10
-9
-7
-7
-9
-6
-5
-7
-4
-8
-8
-10
-6
-9
-9
-5
-2
-4
-5
-2
-4
-1
0
0
6
8
6
5
3
3
5
8
4
2
4
6
2
4
-3
-1
5
-4
-2
-4
-2
0
1
-3
-2
1
-1
1
-3
-4
-3
-2
-6
-3
-1
-1
-6
-4
-1
-6
-10
-9
-4
-6
-8
-8
-7
-8
-11
-7
-5
1
5
2
-1
5
4
9
7
15
19
14
22
18
19
17
15
22
15
13
19
19
22
14
18
13
10
12
12
8
5
11
9
6
6
2
-6
-5
-2
-4
-4
-5
-3
-7
-2
-7
-7
-6
-9
-10
-9
-13
-11
-8
-10
-8
-10
-6
-7
-9
-9
-7
-4
-1
1
1
3
2
0
-2
1
6
6
9
5
12
12
9
8
8
12
12
9
13
9
7
10
4
5
4
4
0
5
8
3
2
9
4
3
3
5
-2
-4
-2
-3
-2
-7
-6
-8
-5
-9
-9
-10
-11
-8
-10
-11
-10
-10
-15
-11
-13
-14
-13
-13
-7
-10
-12
-9
-12
-9
-6
-11
-7
-7
-1
-9
-4
-7
-3
-4
-4
0
-4
2
1
3
6
6
9
9
1
1
6
0
3
6
4
3
-2
2
3
4
1
-2
3
-1
4
2
5
6
0
5
4
11
9
7
6
2
-2
4
-4
6
8
2
4
1
1
-1
-2
-6
-6
-10
-5
-7
-8
-11
-9
-10
-11
-14
-20
-14
-16
-11
-8
-6
-11
-4
0
-3
2
0
5
12
9
9
6
9
10
9
7
7
8
5
2
11
15
10
8
7
8
7
8
8
6
10
8
5
12
12
1
12
3
3
5
-1
1
-2
-1
-3
-9
-9
-7
-12
-2
-10
-9
-12
-12
-5
-16
-13
-19
-14
-16
-11
-17
-13
-16
-16
-11
-12
-5
-12
1
-4
-1
-2
0
-5
-9
-1
2
-1
-2
1
-6
-3
2
-9
-3
0
-1
6
3
5
5
6
2
7
11
16
4
8
9
13
7
9
9
8
16
9
14
5
9
13
12
15
12
17
16
11
18
7
16
14
8
11
3
5
0
6
3
2
0
-2
0
-3
-9
-6
-6
-12
-13
-3
-5
-9
-8
-10
-12
-13
-6
-10
-13
-12
-16
-9
-8
-8
-7
-4
3
3
0
5
-2
7
4
5
9
4
4
4
3
0
1
-1
5
1
3
8
7
6
1
6
11
5
0
6
4
5
2
13
8
8
10
-2
6
6
9
8
5
0
4
1
0
-4
-4
0
-3
-1
-4
0
-2
-7
-5
2
0
1
-2
-4
4
2
0
1
0
-2
-5
-6
-6
0
0
-6
-3
-7
-6
-1
-1
-2
1
3
-2
-1
-5
1
-1
-1
-4
2
1
3
3
0
2
-2
3
-1
3
1
3
7
3
2
-1
3
4
2
1
2
4
-4
1
-4
-5
-2
-12
-4
-11
-9
-5
-9
-7
-14
-11
-13
-11
-15
-13
-11
-16
-11
-13
-11
-10
-14
-6
-9
-2
-3
3
4
-2
-5
-4
-6
-6
-2
-3
-1
-4
2
-1
2
-3
1
-1
1
1
-4
0
-4
2
6
3
0
7
3
9
1
5
0
1
0
-1
4
3
6
5
1
2
1
-10
5
-1
6
1
7
6
6
5
1
4
3
4
5
6
2
6
5
6
7
5
3
7
2
6
3
4
3
-2
1
0
5
5
3
7
3
4
3
8
6
9
12
3
2
6
3
3
-4
2
-2
-3
-2
0
1
-4
6
3
5
0
3
7
0
13
3
-2
1
-3
-5
-3
-6
-4
-3
-3
1
-5
-2
-4
-4
-4
-8
-1
0
-4
-1
-8
-3
-4
-4
-2
-10
-4
-9
0
-5
-7
-6
-15
-13
-12
-11
-8
-9
-8
-5
-1
-4
-2
-3
1
0
4
-1
5
4
2
4
8
6
0
0
2
9
3
10
3
12
8
6
8
6
13
2
8
5
6
4
-2
3
0
0
-2
5
-1
2
1
-4
-2
-2
-2
-5
-3
1
-2
-3
-1
-4
1
-10
4
-2
5
7
2
5
3
3
6
1
4
8
3
5
3
1
-3
1
1
1
5
4
1
-1
-5
3
0
4
0
1
5
1
0
3
3
3
1
4
5
5
3
13
11
8
11
2
10
1
2
5
0
8
-1
-1
-6
-5
-1
-8
-4
-6
-3
-6
-7
-4
-5
-6
-6
-9
-12
-9
-13
-9
-10
-10
-12
-4
1
-2
-1
-4
4
0
-8
-1
-2
-5
-1
-11
-2
1
-6
-6
-9
-1
0
-1
0
3
7
1
3
-1
1
0
-1
-6
-7
-3
-6
-7
-9
-13
-7
-10
-10
-10
-14
-8
-5
-5
-9
-3
-4
-4
-7
-5
-1
-6
-1
1
-6
0
2
0
3
2
6
5
9
3
3
5
3
7
10
10
18
5
13
16
16
20
15
13
17
25
20
21
15
19
13
9
10
1
7
6
1
5
-1
5
6
5
4
5
-2
-3
3
-2
4
-7
-3
-7
-2
-7
-7
-4
-6
-5
-8
-14
-12
-14
-16
-12
-19
-17
-14
-15
-8
-8
-14
-10
-14
-8
-10
-9
-9
-10
-10
-12
-10
-8
-13
-11
-8
-9
-1
-2
2
3
0
1
2
2
5
5
4
8
9
11
5
9
8
10
11
9
5
8
8
10
7
10
12
7
6
8
5
8
5
9
11
9
10
4
10
3
7
3
5
3
10
7
5
6
-1
3
1
1
0
-4
-4
-7
-7
-5
-8
-6
-9
-10
-3
-5
-7
-10
-8
-14
-11
-9
-11
-6
-7
-5
-14
-4
-12
-7
-5
-9
-2
-2
3
-3
5
6
7
10
11
16
13
13
6
5
2
2
1
-3
-7
-5
-2
3
1
1
4
0
5
2
7
8
7
8
9
14
9
8
4
5
0
-1
-1
-6
-2
-4
1
0
4
-2
-5
-3
-2
1
-2
-2
-7
-4
-4
-3
-3
-6
1
-1
-5
2
-1
2
5
0
-2
-2
-6
-7
0
-8
0
0
2
-1
-1
8
0
6
-1
5
2
5
4
1
3
1
1
4
4
6
2
3
5
5
4
6
3
2
8
7
6
4
2
0
0
-1
1
1
-2
-3
-4
-5
-9
-2
-6
-6
-11
-2
-9
-9
-5
-12
-10
-15
-14
-12
-15
-16
-18
-14
-14
-15
-10
-13
-6
-12
-7
-1
-5
2
1
0
2
4
4
2
6
5
5
5
11
9
10
9
4
8
8
12
7
6
10
9
8
7
5
4
4
5
10
6
0
7
7
7
10
8
7
10
5
-1
3
6
6
7
4
6
7
2
0
-2
-3
-1
-5
-2
-6
-5
-3
-7
-6
-9
-8
-8
-8
-10
-9
-13
-7
-8
-7
-4
-10
-9
-10
-13
-11
-8
-9
-6
-6
-5
-3
-7
-3
-8
-3
-4
-1
5
7
9
9
7
6
7
5
2
5
4
1
4
8
9
7
6
7
15
8
10
5
5
10
3
-1
2
2
1
-5
-4
-4
-10
-9
-15
-11
-11
-9
-7
-4
-2
-5
4
1
4
0
-2
5
-4
-1
7
1
1
0
2
0
-3
3
1
6
8
2
6
6
2
2
4
6
0
0
2
1
2
1
1
1
-1
-1
2
0
3
-2
1
3
-2
-3
-4
-1
-1
-5
-4
-9
-4
-11
-5
0
3
4
-2
2
3
3
2
7
0
-2
-4
3
2
1
3
0
0
4
2
-1
-2
-1
0
1
0
3
1
-1
-3
-10
2
-7
-8
-7
-10
-3
-5
-3
-3
-5
-10
-10
-13
-8
-9
-11
-3
-2
0
0
0
0
0
0
5
3
3
6
2
5
4
8
6
10
17
11
12
13
16
14
18
17
10
15
12
17
17
13
12
8
12
5
4
7
10
5
4
1
3
4
-2
-1
0
4
2
3
3
4
0
1
1
-1
-1
1
2
-3
-5
-1
-3
-4
-6
-7
-4
6
31
57
75
88
81
83
93
84
67
19
-27
-65
-110
-157
-203
-229
-247
-255
-257
-235
-192
-130
-74
-24
13
44
92
129
148
144
128
106
78
57
33
15
-4
-19
-29
-44
-33
-20
-1
1
-23
-48
-60
-62
-66
-91
-121
-144
-146
-134
-105
-73
-37
9
44
93
153
213
262
313
338
351
366
383
395
386
385
378
378
384
362
304
261
226
170
80
-37
-138
-227
-331
-460
-574
-640
-675
-696
-701
-694
-627
-520
-414
-286
-160
-21
116
239
354
440
481
497
481
437
368
268
174
74
-35
-149
-265
-335
-378
-405
-463
-504
-503
-486
-455
-431
-402
-360
-311
-259
-198
-116
-24
65
155
262
368
456
565
667
737
765
768
760
748
684
571
435
303
180
80
32
-24
-63
-167
-303
-333
-345
-371
-454
-590
-671
-720
-767
-793
-767
-690
-613
-518
-375
-147
109
328
528
651
728
789
801
784
708
521
297
66
-117
-282
-441
-564
-648
-673
-685
-631
-517
-346
-159
-21
52
185
337
467
567
582
613
634
656
713
770
826
866
887
938
1013
1107
1144
1130
1024
858
678
443
186
-134
-509
-901
-1256
-1549
-1763
-1918
-1987
-1968
-1896
-1733
-1456
-1108
-735
-374
-73
205
473
698
865
946
921
830
671
516
358
188
6
-159
-308
-420
-487
-515
-515
-515
-551
-605
-631
-636
-621
-630
-659
-685
-685
-630
-506
-333
-148
65
287
554
839
1105
1339
1514
1613
1638
1594
1490
1348
1148
884
558
233
-72
-318
-504
-578
-557
-515
-467
-478
-413
-254
-137
-109
-170
-254
-316
-385
-492
-569
-595
-560
-490
-392
-229
17
296
541
751
847
890
888
810
692
444
89
-245
-541
-794
-1008
-1186
-1269
-1246
-1143
-987
-736
-433
-81
212
406
585
771
948
1030
1021
937
822
744
697
655
610
584
598
623
731
855
963
1069
1094
1019
864
677
486
208
-165
-629
-1053
-1382
-1681
-1907
-2077
-2114
-2057
-1920
-1670
-1336
-920
-471
-88
262
560
811
985
1088
1097
972
761
516
278
84
-128
-357
-546
-649
-686
-708
-675
-614
-522
-477
-473
-452
-428
-417
-432
-489
-553
-572
-565
-509
-405
-259
-83
125
362
649
932
1177
1377
1538
1612
1594
1500
1338
1208
1022
753
453
133
-118
-281
-443
-571
-679
-769
-785
-764
-732
-690
-613
-537
-470
-397
-322
-211
-55
78
203
277
385
528
653
741
760
733
673
579
441
247
50
-151
-380
-579
-762
-881
-955
-978
-958
-919
-822
-669
-460
-227
-54
98
263
407
549
637
683
715
738
731
715
699
682
698
693
722
761
845
933
962
988
980
955
896
765
543
283
4
-290
-614
-940
-1223
-1458
-1650
-1786
-1832
-1750
-1587
-1393
-1146
-854
-525
-218
64
299
514
628
680
685
665
598
423
239
51
-96
-245
-394
-496
-552
-590
-635
-667
-652
-596
-588
-604
-615
-593
-561
-547
-533
-486
-418
-348
-256
-115
64
253
434
620
811
992
1133
1224
1293
1316
1250
1128
1016
915
796
637
420
247
111
-10
-137
-233
-307
-375
-461
-520
-555
-559
-572
-583
-564
-536
-451
-355
-226
-70
62
219
345
491
611
670
676
628
571
435
237
27
-149
-314
-497
-673
-774
-826
-826
-785
-703
-578
-415
-247
-61
116
269
390
470
552
596
604
571
534
487
434
349
301
314
323
340
343
381
466
605
733
863
982
1059
1100
1083
1039
934
770
518
234
-87
-431
-732
-1035
-1289
-1521
-1683
-1781
-1794
-1674
-1499
-1297
-1069
-826
-553
-303
-72
136
270
348
359
319
280
220
115
16
-105
-215
-325
-398
-420
-404
-391
-420
-455
-471
-414
-413
-445
-475
-502
-515
-548
-567
-531
-445
-360
-270
-147
34
234
446
677
874
1022
1155
1237
1318
1356
1317
1220
1075
927
775
622
545
534
527
468
283
140
91
31
-87
-321
-589
-807
-987
-1158
-1288
-1350
-1325
-1230
-1087
-854
-525
-142
254
615
831
1000
1118
1179
1204
1076
825
514
216
-35
-260
-481
-644
-745
-774
-751
-679
-511
-290
-90
41
94
186
320
455
520
460
368
295
294
335
366
401
417
479
619
856
1147
1449
1704
1811
1796
1775
1725
1610
1349
887
304
-278
-833
-1365
-1850
-2261
-2581
-2836
-2993
-2957
-2695
-2290
-1842
-1425
-1031
-587
-126
307
665
924
1008
940
832
732
662
505
285
82
-87
-230
-312
-301
-224
-182
-211
-306
-358
-351
-360
-452
-634
-819
-1001
-1139
-1197
-1180
-1096
-975
-826
-574
-241
176
627
1030
1408
1682
1878
2026
2134
2169
2051
1807
1522
1265
1031
778
475
158
-106
-299
-481
-597
-699
-769
-838
-916
-991
-1037
-994
-941
-862
-787
-719
-589
-395
-125
137
350
555
759
945
1105
1170
1185
1137
1009
822
575
335
84
-154
-409
-637
-853
-998
-1049
-1037
-1016
-964
-859
-712
-513
-305
-134
32
198
380
516
598
698
772
842
868
900
941
987
1002
975
993
1093
1258
1402
1466
1365
1257
1192
1102
923
589
186
-255
-667
-1124
-1609
-1998
-2262
-2428
-2591
-2680
-2613
-2355
-1964
-1543
-1166
-780
-370
27
416
727
901
935
906
834
735
603
393
185
10
-176
-355
-493
-496
-424
-400
-472
-536
-511
-435
-386
-457
-557
-666
-762
-829
-864
-853
-784
-687
-551
-354
-92
237
600
953
1266
1492
1637
1794
1927
1972
1878
1658
1425
1222
1002
715
415
129
23
-65
-199
-309
-460
-529
-562
-637
-756
-891
-988
-1039
-1064
-1099
-1084
-976
-783
-516
-291
-48
294
640
952
1172
1257
1287
1284
1212
1048
797
499
201
-105
-378
-643
-834
-945
-975
-962
-918
-829
-650
-418
-211
-66
49
187
347
476
531
511
498
531
573
622
662
703
762
855
1024
1255
1526
1763
1852
1848
1803
1740
1597
1313
879
346
-213
-815
-1393
-1898
-2288
-2625
-2895
-3098
-3112
-2926
-2600
-2167
-1739
-1314
-893
-489
-82
314
615
750
758
707
655
571
466
340
212
101
-25
-113
-94
17
97
77
-22
-83
-129
-164
-265
-437
-636
-859
-1045
-1182
-1220
-1184
-1111
-998
-806
-530
-185
195
621
1043
1371
1620
1800
1974
2107
2115
2010
1830
1649
1525
1367
1148
910
600
328
102
-131
-398
-680
-953
-1171
-1377
-1547
-1664
-1671
-1582
-1468
-1303
-1095
-753
-356
54
434
716
986
1211
1374
1484
1459
1358
1189
979
764
503
276
49
-154
-320
-475
-582
-646
-627
-580
-605
-631
-610
-540
-420
-357
-342
-282
-178
-66
57
115
225
376
520
672
800
929
1088
1244
1412
1605
1770
1848
1816
1712
1588
1458
1223
870
411
-92
-567
-1044
-1543
-1967
-2279
-2531
-2741
-2863
-2843
-2647
-2356
-2038
-1699
-1353
-972
-594
-235
132
416
585
638
653
710
764
752
695
630
551
470
382
355
376
357
232
63
-81
-159
-275
-449
-663
-877
-1038
-1192
-1304
-1330
-1274
-1202
-1080
-905
-625
-312
35
408
785
1115
1349
1567
1756
1946
2072
2094
2064
1961
1831
1624
1401
1184
901
524
106
-269
-602
-902
-1212
-1495
-1689
-1800
-1880
-1865
-1725
-1482
-1209
-934
-606
-258
114
477
771
1044
1227
1305
1328
1337
1333
1273
1115
909
728
580
403
232
95
-55
-189
-354
-484
-533
-581
-599
-670
-734
-723
-682
-602
-493
-383
-280
-189
-25
162
390
596
758
905
1022
1157
1301
1525
1764
1911
1857
1705
1606
1554
1427
1148
674
172
-282
-775
-1281
-1758
-2137
-2470
-2771
-3016
-3112
-2991
-2752
-2447
-2115
-1788
-1412
-1002
-549
-73
314
554
683
802
948
1029
1042
985
945
881
763
619
532
554
555
430
233
59
-66
-170
-333
-525
-768
-981
-1192
-1344
-1399
-1430
-1381
-1303
-1156
-935
-649
-311
120
559
934
1217
1455
1709
1946
2102
2143
2137
2064
1929
1687
1448
1273
1125
898
535
162
-163
-425
-685
-993
-1307
-1586
-1826
-2005
-2030
-1954
-1817
-1630
-1392
-1066
-686
-241
187
623
997
1282
1434
1522
1640
1698
1636
1436
1202
960
729
530
328
151
-57
-254
-421
-530
-546
-530
-513
-555
-594
-599
-551
-477
-387
-326
-302
-269
-198
-62
82
252
420
585
774
992
1310
1696
2033
2180
2144
2119
2105
2038
1751
1271
733
170
-434
-1127
-1751
-2235
-2642
-2994
-3304
-3456
-3341
-3114
-2777
-2381
-1969
-1524
-1109
-665
-191
221
468
566
663
775
850
856
816
855
899
903
824
833
935
1027
985
823
652
481
292
25
-310
-638
-1008
-1366
-1639
-1846
-1947
-1973
-1885
-1701
-1413
-1069
-667
-170
388
891
1274
1576
1854
2140
2320
2363
2312
2210
2037
1809
1559
1398
1249
1004
681
302
-18
-301
-558
-852
-1189
-1523
-1836
-2078
-2181
-2179
-2092
-1995
-1823
-1507
-1103
-614
-119
382
836
1222
1490
1703
1910
2026
2030
1869
1621
1362
1106
880
620
365
92
-161
-356
-474
-535
-589
-612
-670
-702
-717
-712
-627
-543
-484
-459
-453
-392
-271
-82
82
249
451
646
913
1274
1694
2082
2297
2323
2332
2332
2282
2029
1569
1008
403
-269
-990
-1662
-2230
-2696
-3110
-3473
-3684
-3649
-3431
-3096
-2697
-2273
-1812
-1358
-866
-342
125
453
626
753
867
981
1012
999
1011
1034
1012
947
912
991
1077
1054
919
722
529
333
76
-231
-573
-961
-1343
-1679
-1919
-2069
-2124
-2075
-1926
-1672
-1314
-909
-386
200
757
1235
1599
1924
2234
2432
2513
2488
2394
2243
2048
1817
1562
1309
980
635
290
-34
-356
-713
-1030
-1313
-1580
-1840
-2049
-2140
-2103
-1997
-1845
-1626
-1292
-879
-429
8
432
855
1236
1535
1744
1927
2000
1986
1883
1704
1504
1250
983
733
493
238
-31
-272
-451
-588
-725
-846
-903
-957
-966
-961
-925
-829
-719
-573
-480
-349
-176
2
213
431
648
863
1013
1211
1497
1828
2098
2194
2120
2057
2014
1874
1557
1067
513
-53
-639
-1288
-1892
-2415
-2814
-3154
-3430
-3567
-3498
-3278
-2920
-2504
-2070
-1601
-1144
-661
-135
330
635
814
944
1094
1196
1198
1136
1111
1085
1016
907
805
801
814
756
573
387
216
49
-185
-488
-783
-1095
-1396
-1633
-1800
-1861
-1888
-1792
-1603
-1315
-951
-577
-82
455
988
1402
1728
2020
2272
2428
2442
2342
2204
2028
1797
1544
1257
1020
793
539
288
8
-280
-549
-804
-1028
-1283
-1568
-1799
-1956
-2000
-1987
-1939
-1787
-1489
-1111
-689
-251
221
717
1162
1490
1754
1913
2016
1995
1861
1659
1370
1075
770
495
212
-57
-294
-466
-573
-646
-690
-712
-699
-653
-621
-594
-560
-506
-412
-349
-300
-246
-185
-56
91
301
492
689
903
1227
1614
1972
2220
2270
2258
2268
2207
1972
1543
971
385
-219
-915
-1610
-2200
-2672
-3046
-3377
-3586
-3579
-3407
-3083
-2677
-2253
-1783
-1315
-851
-363
90
400
587
699
802
872
908
867
843
888
908
874
829
886
1001
1031
947
769
608
438
208
-122
-519
-874
-1266
-1580
-1842
-2014
-2089
-2068
-1894
-1625
-1252
-850
-346
221
770
1233
1567
1863
2112
2292
2311
2207
2047
1839
1570
1283
1026
886
840
762
664
462
307
219
103
-78
-385
-778
-1171
-1506
-1785
-2031
-2196
-2262
-2214
-2008
-1674
-1186
-619
11
650
1163
1580
1915
2160
2341
2327
2117
1783
1401
1034
665
310
-44
-351
-582
-698
-756
-736
-643
-526
-414
-381
-372
-362
-283
-222
-248
-320
-415
-445
-415
-361
-288
-140
52
309
589
973
1459
1941
2333
2500
2557
2585
2556
2361
1957
1334
638
-91
-844
-1577
-2228
-2755
-3197
-3525
-3712
-3686
-3460
-3095
-2617
-2114
-1605
-1140
-717
-254
193
503
620
647
680
718
720
668
652
690
759
806
840
968
1128
1240
1198
1061
862
616
322
-50
-494
-968
-1457
-1884
-2183
-2392
-2446
-2397
-2197
-1868
-1438
-935
-375
269
891
1396
1766
2055
2272
2412
2428
2314
2093
1872
1647
1408
1208
1034
856
679
514
364
216
40
-194
-439
-748
-1085
-1400
-1675
-1823
-1939
-2018
-2000
-1857
-1550
-1121
-666
-187
331
830
1267
1655
1954
2136
2207
2136
1967
1715
1414
1085
751
414
75
-251
-482
-645
-759
-832
-866
-894
-855
-783
-740
-680
-599
-491
-421
-362
-291
-215
-100
-17
76
217
398
594
806
1065
1398
1747
2037
2207
2223
2249
2229
2088
1790
1282
690
90
-554
-1211
-1871
-2430
-2891
-3270
-3502
-3571
-3492
-3235
-2854
-2403
-1921
-1451
-953
-478
-10
383
617
732
812
875
923
910
854
833
849
829
789
776
830
870
838
707
522
348
129
-157
-511
-889
-1281
-1626
-1892
-2069
-2162
-2153
-2033
-1769
-1390
-942
-459
94
675
1187
1590
1894
2155
2331
2409
2335
2175
1983
1742
1487
1221
995
857
741
640
538
388
244
110
-40
-230
-528
-906
-1233
-1504
-1720
-1890
-2017
-1999
-1822
-1550
-1184
-722
-179
414
940
1400
1756
2025
2209
2245
2153
1926
1575
1156
767
417
51
-305
-629
-845
-946
-1001
-1008
-957
-848
-731
-638
-570
-486
-370
-258
-228
-239
-251
-239
-185
-150
-69
76
235
440
671
969
1377
1772
2124
2292
2300
2334
2326
2196
1846
1297
676
29
-650
-1357
-1997
-2518
-2943
-3273
-3506
-3541
-3366
-3056
-2631
-2173
-1712
-1248
-823
-372
83
434
592
655
695
737
777
752
735
751
792
786
772
813
908
981
937
773
561
357
117
-189
-546
-946
-1344
-1707
-1947
-2089
-2135
-2071
-1889
-1593
-1217
-764
-275
294
860
1316
1685
1928
2161
2336
2358
2268
2075
1879
1678
1480
1332
1162
978
758
580
436
294
109
-133
-378
-652
-980
-1301
-1547
-1708
-1820
-1917
-1955
-1814
-1548
-1174
-730
-285
192
642
1059
1426
1749
1943
2000
1944
1798
1581
1291
988
659
335
17
-308
-563
-721
-803
-856
-904
-921
-914
-843
-748
-647
-574
-478
-425
-365
-287
-226
-111
-33
68
187
336
500
664
878
1144
1463
1765
2024
2149
2166
2155
2118
1980
1665
1156
585
37
-548
-1172
-1794
-2300
-2701
-3005
-3235
-3309
-3171
-2908
-2567
-2198
-1780
-1324
-873
-455
-36
318
514
601
674
790
880
858
800
788
802
797
734
710
764
778
684
483
260
98
-108
-381
-747
-1096
-1416
-1710
-1896
-1993
-1981
-1912
-1755
-1472
-1090
-669
-200
308
803
1228
1538
1771
1997
2165
2222
2146
1974
1784
1606
1427
1267
1145
1016
908
801
687
544
383
191
-35
-323
-686
-1081
-1408
-1647
-1836
-1987
-2062
-1986
-1747
-1402
-964
-479
63
626
1115
1526
1837
2077
2200
2162
1972
1671
1321
958
596
226
-138
-477
-749
-883
-927
-915
-909
-840
-732
-637
-521
-461
-369
-291
-262
-255
-288
-284
-267
-197
-117
-17
123
302
525
808
1181
1582
1962
2236
2336
2390
2431
2384
2159
1698
1120
500
-149
-821
-1519
-2121
-2604
-3032
-3353
-3525
-3497
-3283
-2953
-2571
-2148
-1697
-1255
-825
-370
49
325
448
509
600
706
757
748
744
781
814
803
820
884
962
945
778
583
363
146
-102
-470
-857
-1250
-1621
-1881
-2030
-2093
-2064
-1924
-1671
-1327
-893
-423
82
640
1129
1507
1795
2007
2208
2314
2290
2143
1956
1776
1614
1459
1317
1214
1038
881
756
641
510
297
33
-282
-626
-984
-1346
-1647
-1845
-2004
-2119
-2125
-1942
-1611
-1179
-702
-213
326
847
1304
1711
2013
2149
2165
2022
1789
1493
1163
806
427
50
-307
-601
-788
-871
-912
-925
-923
-873
-763
-638
-554
-480
-413
-360
-353
-359
-348
-324
-261
-209
-119
21
193
431
673
976
1368
1742
2085
2292
2373
2418
2388
2263
1951
1431
825
190
-419
-1082
-1739
-2308
-2782
-3130
-3370
-3457
-3361
-3113
-2769
-2373
-1946
-1492
-1065
-631
-212
133
353
467
534
656
781
815
786
789
849
888
906
931
982
1032
977
790
585
358
112
-195
-581
-970
-1371
-1699
-1908
-2031
-2047
-2012
-1867
-1584
-1191
-745
-278
232
761
1214
1573
1835
2038
2228
2305
2257
2119
1934
1761
1549
1339
1121
910
747
593
511
466
389
267
89
-113
-349
-616
-900
-1161
-1421
-1661
-1871
-1972
-1906
-1714
-1413
-1057
-610
-103
431
959
1440
1808
2046
2126
2071
1907
1666
1342
940
502
51
-411
-747
-987
-1133
-1194
-1212
-1171
-1039
-869
-679
-490
-310
-202
-135
-81
-98
-74
-98
-143
-196
-206
-129
0
203
462
784
1201
1667
2111
2402
2553
2664
2722
2651
2329
1765
1114
448
-257
-1000
-1787
-2439
-2957
-3325
-3594
-3689
-3541
-3243
-2823
-2350
-1839
-1323
-838
-378
68
388
543
573
587
638
636
560
473
464
522
585
622
690
842
960
992
882
707
549
342
30
-403
-866
-1312
-1690
-1971
-2185
-2253
-2222
-2065
-1763
-1353
-856
-343
244
836
1342
1703
1967
2198
2355
2397
2269
2058
1827
1604
1401
1196
1049
894
733
611
530
486
400
240
42
-192
-478
-804
-1126
-1386
-1609
-1838
-1997
-2012
-1853
-1573
-1208
-782
-306
228
730
1202
1611
1938
2129
2138
2016
1814
1539
1190
803
372
-41
-432
-739
-938
-1033
-1062
-1054
-1008
-920
-770
-614
-458
-330
-262
-226
-226
-216
-189
-174
-175
-201
-168
-52
109
348
635
969
1384
1793
2198
2443
2555
2646
2634
2540
2204
1652
1025
359
-309
-1038
-1778
-2431
-2904
-3271
-3513
-3597
-3481
-3215
-2821
-2387
-1949
-1473
-1030
-586
-170
168
332
409
472
542
600
574
518
542
614
673
699
738
863
931
913
787
600
442
225
-59
-449
-860
-1247
-1605
-1841
-2008
-2066
-2040
-1887
-1585
-1206
-755
-286
249
797
1258
1618
1882
2109
2306
2387
2344
2191
2007
1798
1597
1401
1223
1073
905
720
519
315
134
-47
-263
-546
-887
-1182
-1450
-1613
-1748
-1836
-1846
-1776
-1573
-1249
-840
-380
98
580
1000
1339
1655
1894
2031
2050
1921
1666
1363
1064
757
407
45
-298
-586
-785
-901
-965
-998
-987
-959
-907
-839
-749
-637
-513
-440
-424
-396
-309
-180
-72
-14
47
184
353
580
833
1154
1538
1898
2187
2304
2359
2428
2436
2269
1860
1286
692
108
-537
-1223
-1900
-2449
-2920
-3264
-3474
-3513
-3355
-3091
-2733
-2328
-1871
-1429
-975
-487
-44
264
390
477
606
732
785
717
674
705
725
723
726
772
845
857
758
604
447
294
91
-199
-541
-914
-1260
-1530
-1712
-1819
-1865
-1828
-1657
-1364
-996
-600
-134
389
888
1286
1590
1858
2114
2289
2311
2230
2063
1912
1753
1590
1431
1234
1060
888
733
614
393
128
-120
-381
-685
-1054
-1407
-1667
-1846
-2008
-2122
-2127
-1950
-1627
-1246
-822
-359
145
655
1099
1475
1756
1932
2000
1926
1773
1523
1214
888
570
237
-95
-381
-578
-700
-782
-831
-859
-821
-762
-696
-641
-600
-544
-503
-479
-469
-446
-401
-324
-244
-169
-48
137
392
686
1031
1424
1822
2202
2442
2562
2621
2620
2531
2215
1687
1054
412
-215
-915
-1646
-2236
-2729
-3122
-3405
-3524
-3420
-3196
-2874
-2502
-2068
-1608
-1180
-749
-305
52
252
346
431
547
633
667
641
690
761
796
839
885
992
1059
1007
858
691
519
278
-46
-422
-818
-1199
-1544
-1801
-1941
-2019
-1995
-1878
-1627
-1238
-842
-395
109
631
1093
1452
1735
2012
2249
2358
2316
2192
2063
1907
1738
1550
1373
1166
922
692
497
329
93
-184
-463
-724
-1005
-1309
-1550
-1719
-1823
-1909
-1926
-1805
-1557
-1189
-802
-419
17
475
889
1242
1537
1802
1918
1875
1767
1589
1377
1101
790
472
132
-196
-458
-631
-729
-805
-895
-932
-907
-842
-772
-704
-610
-529
-485
-420
-348
-293
-199
-128
-50
53
225
418
636
902
1267
1637
1982
2215
2312
2399
2455
2424
2174
1721
1141
542
-54
-721
-1427
-2064
-2582
-3017
-3330
-3482
-3452
-3239
-2916
-2546
-2167
-1702
-1236
-761
-289
65
309
424
521
641
740
754
716
725
770
788
800
816
919
1006
968
833
658
524
363
99
-267
-671
-1054
-1384
-1668
-1866
-1971
-2018
-1955
-1765
-1456
-1062
-620
-120
380
851
1232
1537
1831
2104
2251
2252
2201
2132
2049
1878
1658
1440
1232
1049
802
547
289
49
-198
-489
-761
-1046
-1312
-1543
-1705
-1795
-1845
-1829
-1708
-1468
-1163
-840
-470
-38
423
832
1154
1406
1636
1793
1858
1787
1634
1448
1243
984
674
352
56
-196
-410
-579
-732
-818
-866
-872
-868
-866
-834
-738
-631
-569
-526
-471
-369
-278
-208
-107
31
203
409
596
915
1303
1715
2060
2228
2346
2438
2484
2388
2081
1613
1051
439
-197
-912
-1585
-2181
-2694
-3100
-3413
-3540
-3475
-3236
-2899
-2506
-2088
-1646
-1192
-696
-224
109
308
420
544
678
745
714
698
755
796
817
817
889
1025
1097
1042
887
730
563
347
55
-322
-743
-1150
-1509
-1785
-1994
-2092
-2103
-1997
-1764
-1438
-1017
-551
20
579
1033
1415
1728
2028
2260
2333
2281
2157
2015
1883
1734
1596
1426
1209
1010
844
681
500
254
-1
-272
-604
-975
-1335
-1581
-1771
-1958
-2088
-2132
-2003
-1724
-1365
-974
-549
-53
404
861
1264
1593
1830
1934
1936
1822
1649
1434
1181
922
612
289
12
-226
-363
-490
-629
-721
-777
-754
-726
-721
-705
-692
-639
-622
-616
-582
-537
-442
-365
-243
-93
113
366
663
1070
1496
1897
2194
2365
2496
2593
2584
2371
1932
1395
796
158
-543
-1287
-1926
-2466
-2953
-3335
-3551
-3552
-3387
-3101
-2755
-2342
-1878
-1418
-962
-493
-77
174
327
431
545
644
681
666
712
817
877
916
979
1129
1255
1282
1184
1037
873
653
345
-37
-453
-907
-1329
-1689
-1959
-2109
-2179
-2146
-1957
-1673
-1292
-830
-306
259
785
1205
1558
1889
2153
2290
2295
2219
2121
2000
1812
1595
1397
1232
1045
842
670
498
317
113
-130
-393
-694
-1024
-1334
-1579
-1763
-1949
-2072
-2059
-1915
-1682
-1374
-1013
-565
-67
396
821
1206
1546
1792
1882
1881
1791
1616
1410
1126
825
536
218
-82
-298
-477
-608
-722
-790
-802
-780
-758
-728
-660
-564
-500
-480
-435
-358
-275
-205
-153
-75
51
231
434
677
1008
1399
1803
2152
2352
2468
2550
2571
2449
2079
1545
926
289
-377
-1089
-1781
-2389
-2894
-3259
-3501
-3588
-3467
-3204
-2819
-2403
-1952
-1491
-1037
-548
-129
170
339
437
525
621
664
637
633
685
736
804
854
945
1089
1158
1110
985
811
630
374
25
-400
-843
-1261
-1629
-1899
-2127
-2241
-2248
-2096
-1830
-1459
-1000
-477
111
670
1132
1510
1845
2142
2332
2363
2263
2095
1899
1670
1392
1151
944
818
755
725
693
583
487
396
282
84
-270
-670
-1038
-1382
-1703
-2020
-2238
-2306
-2221
-2026
-1732
-1283
-702
-66
528
1039
1495
1870
2142
2285
2244
2063
1757
1393
1028
651
264
-115
-426
-633
-770
-849
-834
-753
-646
-540
-503
-435
-326
-238
-187
-246
-309
-353
-381
-384
-350
-263
-136
74
328
701
1178
1693
2171
2482
2635
2767
2805
2726
2430
1885
1236
514
-260
-1040
-1793
-2434
-2978
-3422
-3707
-3805
-3684
-3388
-2987
-2527
-2046
-1581
-1136
-661
-226
110
280
317
356
406
454
453
473
549
649
737
865
1041
1260
1411
1439
1341
1176
978
677
306
-170
-675
-1213
-1673
-2043
-2305
-2432
-2469
-2322
-2047
-1646
-1142
-580
54
670
1170
1571
1886
2171
2364
2425
2341
2174
1952
1686
1463
1279
1112
958
776
632
542
472
396
259
88
-142
-454
-794
-1068
-1293
-1517
-1759
-1936
-1999
-1893
-1671
-1363
-946
-489
-17
459
924
1363
1732
1958
2023
1970
1833
1633
1371
1077
740
369
-2
-327
-510
-643
-733
-808
-869
-845
-777
-715
-634
-532
-474
-431
-419
-378
-322
-263
-192
-162
-89
18
180
427
743
1143
1537
1915
2188
2365
2480
2571
2560
2359
1900
1305
686
68
-605
-1348
-2017
-2591
-3055
-3403
-3607
-3588
-3375
-3085
-2752
-2358
-1911
-1434
-959
-513
-136
121
257
331
455
567
612
612
633
702
788
859
971
1128
1271
1293
1190
1052
930
740
423
-9
-488
-937
-1359
-1701
-1989
-2160
-2245
-2239
-2070
-1747
-1332
-846
-303
274
785
1205
1574
1900
2177
2295
2250
2102
1955
1792
1569
1369
1194
1091
1006
891
780
703
620
542
401
167
-166
-558
-937
-1271
-1573
-1895
-2153
-2282
-2245
-2063
-1778
-1382
-868
-289
260
766
1213
1645
1981
2124
2120
1982
1753
1484
1178
838
485
118
-196
-424
-565
-636
-676
-677
-655
-644
-611
-575
-500
-435
-414
-482
-563
-561
-514
-447
-403
-351
-214
7
281
630
1072
1577
2057
2403
2575
2726
2862
2882
2703
2226
1580
892
190
-530
-1279
-1971
-2599
-3108
-3477
-3689
-3680
-3494
-3184
-2798
-2398
-1976
-1554
-1078
-586
-225
-1
102
179
306
432
510
549
636
748
864
982
1121
1318
1504
1531
1415
1235
1038
790
461
-8
-556
-1103
-1603
-1966
-2238
-2398
-2466
-2409
-2185
-1842
-1392
-860
-262
350
875
1301
1633
1935
2200
2341
2320
2177
1968
1756
1598
1453
1295
1102
910
731
646
576
479
329
128
-134
-465
-794
-1068
-1303
-1526
-1779
-2011
-2089
-1996
-1739
-1394
-986
-556
-92
390
875
1335
1732
1981
2069
2030
1895
1711
1481
1209
882
518
126
-186
-378
-508
-580
-676
-747
-758
-725
-641
-580
-529
-506
-505
-518
-488
-467
-408
-344
-296
-215
-95
114
389
724
1125
1546
1927
2228
2413
2558
2677
2660
2433
1951
1377
763
116
-581
-1341
-1996
-2587
-3067
-3424
-3606
-3558
-3371
-3106
-2755
-2356
-1886
-1420
-960
-508
-180
37
152
251
376
474
515
528
590
709
804
908
1043
1228
1370
1373
1247
1112
964
721
369
-92
-546
-1044
-1499
-1867
-2121
-2266
-2326
-2265
-2048
-1701
-1256
-752
-197
385
871
1267
1596
1887
2148
2242
2178
2037
1873
1709
1522
1369
1267
1216
1119
998
894
826
757
614
373
43
-368
-792
-1174
-1527
-1831
-2153
-2361
-2429
-2307
-2025
-1646
-1165
-601
-32
502
993
1460
1853
2089
2155
2037
1849
1619
1344
1027
686
346
14
-238
-402
-471
-487
-484
-468
-441
-421
-383
-343
-324
-314
-398
-537
-603
-621
-600
-590
-574
-461
-270
15
359
796
1337
1850
2277
2512
2663
2859
2939
2831
2406
1780
1103
421
-267
-1065
-1804
-2444
-2989
-3421
-3687
-3742
-3571
-3263
-2898
-2494
-2076
-1637
-1176
-677
-282
-48
42
87
190
323
398
396
457
582
732
867
1016
1247
1472
1599
1551
1407
1235
1010
702
277
-263
-827
-1362
-1815
-2163
-2409
-2522
-2521
-2335
-2005
-1589
-1071
-492
149
744
1208
1569
1909
2220
2386
2377
2225
2023
1838
1641
1435
1248
1082
925
772
652
593
525
399
218
-28
-314
-649
-963
-1248
-1504
-1762
-2008
-2126
-2066
-1854
-1547
-1187
-758
-247
279
774
1241
1671
1986
2135
2118
2008
1827
1601
1315
947
562
192
-131
-372
-530
-631
-689
-714
-708
-651
-580
-507
-436
-363
-336
-354
-390
-395
-384
-367
-358
-320
-211
-23
233
556
996
1470
1927
2240
2435
2618
2733
2707
2424
1929
1332
690
0
-787
-1554
-2207
-2771
-3242
-3574
-3720
-3653
-3410
-3064
-2659
-2193
-1715
-1241
-770
-325
-1
173
254
324
417
468
446
430
504
620
738
846
1008
1231
1404
1436
1372
1247
1094
841
464
15
-491
-1015
-1495
-1891
-2191
-2373
-2431
-2361
-2136
-1782
-1337
-800
-175
447
958
1374
1717
2042
2276
2347
2263
2099
1928
1713
1523
1347
1246
1153
1035
927
804
724
643
484
228
-126
-547
-959
-1346
-1667
-1969
-2250
-2422
-2422
-2265
-1969
-1569
-1075
-489
74
609
1101
1539
1916
2156
2205
2090
1890
1640
1373
1051
715
366
65
-154
-316
-381
-426
-449
-447
-430
-410
-375
-340
-340
-374
-449
-539
-595
-626
-637
-610
-534
-377
-140
141
507
1021
1551
2057
2411
2596
2770
2894
2876
2600
2083
1441
774
77
-708
-1503
-2183
-2760
-3243
-3587
-3746
-3695
-3477
-3145
-2742
-2319
-1873
-1441
-998
-545
-206
-35
42
121
229
313
332
366
482
647
787
924
1125
1365
1582
1635
1557
1445
1260
998
634
168
-354
-897
-1405
-1831
-2156
-2352
-2455
-2407
-2187
-1838
-1405
-895
-302
327
863
1293
1659
2001
2267
2360
2305
2142
1983
1823
1625
1405
1182
986
810
684
587
479
348
166
-47
-306
-597
-917
-1192
-1451
-1692
-1924
-2094
-2086
-1921
-1655
-1347
-995
-537
-24
495
956
1378
1716
1927
2009
1989
1896
1715
1476
1188
858
511
211
-13
-172
-310
-466
-544
-543
-511
-448
-438
-447
-401
-379
-355
-396
-455
-458
-438
-412
-374
-282
-90
174
464
875
1328
1781
2148
2376
2550
2646
2634
2420
1985
1443
824
145
-614
-1375
-2053
-2635
-3123
-3473
-3651
-3635
-3450
-3161
-2789
-2326
-1841
-1384
-924
-495
-144
74
173
229
320
381
394
391
447
564
655
772
924
1121
1313
1383
1381
1294
1148
930
589
194
-275
-761
-1235
-1642
-1967
-2181
-2301
-2289
-2101
-1801
-1399
-929
-366
219
753
1190
1566
1911
2170
2278
2256
2146
1986
1873
1741
1602
1435
1193
974
842
800
682
466
210
-74
-347
-681
-1060
-1375
-1642
-1898
-2145
-2291
-2252
-2032
-1725
-1401
-1026
-563
-58
461
988
1406
1695
1850
1905
1908
1834
1673
1427
1143
851
535
245
57
-46
-137
-250
-372
-438
-387
-324
-296
-303
-344
-384
-416
-425
-432
-458
-496
-479
-431
-295
-84
173
555
1014
1485
1926
2219
2442
2651
2787
2729
2423
1900
1329
727
44
-727
-1532
-2193
-2772
-3241
-3592
-3756
-3699
-3469
-3158
-2806
-2390
-1915
-1430
-940
-509
-203
17
138
257
375
432
437
440
525
631
728
849
1012
1225
1400
1406
1326
1261
1130
931
564
117
-369
-845
-1282
-1660
-1962
-2162
-2251
-2223
-2037
-1726
-1320
-827
-266
311
815
1237
1632
2005
2303
2402
2353
2209
2078
1917
1691
1462
1247
1027
823
645
495
371
227
22
-209
-473
-757
-1026
-1264
-1497
-1754
-1996
-2137
-2109
-1964
-1718
-1439
-1065
-620
-128
365
831
1265
1621
1838
1919
1894
1828
1695
1483
1198
856
543
256
48
-106
-252
-354
-412
-424
-375
-341
-285
-225
-188
-203
-246
-289
-303
-298
-289
-330
-321
-255
-74
190
509
928
1359
1798
2146
2357
2555
2702
2716
2501
2004
1387
737
93
-618
-1410
-2120
-2725
-3217
-3555
-3748
-3695
-3491
-3168
-2771
-2344
-1873
-1398
-900
-437
-101
67
119
196
289
365
362
308
339
428
548
672
825
1044
1229
1302
1265
1173
1074
898
597
160
-328
-829
-1274
-1625
-1946
-2159
-2293
-2279
-2070
-1734
-1298
-819
-259
323
847
1287
1649
1981
2249
2349
2304
2150
1975
1788
1584
1423
1298
1192
1091
965
833
748
675
594
364
19
-380
-806
-1183
-1507
-1867
-2208
-2437
-2541
-2447
-2209
-1860
-1393
-861
-316
216
723
1203
1634
1951
2041
1964
1791
1582
1369
1104
771
412
106
-90
-223
-285
-268
-239
-188
-151
-111
-44
25
55
10
-104
-271
-376
-458
-485
-507
-521
-451
-291
-29
328
820
1365
1884
2301
2543
2713
2887
2962
2777
2281
1611
910
196
-566
-1349
-2094
-2707
-3231
-3612
-3792
-3756
-3519
-3189
-2799
-2397
-1965
-1522
-1065
-608
-253
-95
-51
-26
66
153
174
193
266
408
580
711
941
1235
1491
1590
1522
1427
1300
1116
818
386
-134
-710
-1252
-1656
-1970
-2197
-2352
-2376
-2209
-1903
-1497
-991
-396
223
762
1169
1536
1884
2191
2358
2350
2207
2033
1826
1612
1442
1249
1087
901
742
630
546
466
396
286
84
-221
-572
-855
-1105
-1373
-1676
-1970
-2128
-2136
-2041
-1830
-1503
-1107
-653
-180
311
802
1253
1595
1798
1856
1803
1663
1480
1235
952
601
233
-63
-270
-382
-472
-503
-502
-445
-347
-260
-164
-73
-1
23
-29
-98
-142
-180
-201
-257
-287
-270
-138
95
396
801
1235
1708
2113
2370
2572
2729
2816
2675
2257
1667
1017
355
-362
-1161
-1899
-2530
-3033
-3408
-3627
-3625
-3468
-3165
-2802
-2398
-1954
-1511
-1052
-616
-283
-84
-24
3
77
162
168
130
174
276
410
575
768
1006
1268
1394
1379
1327
1214
1058
795
369
-125
-660
-1171
-1589
-1915
-2142
-2324
-2364
-2211
-1915
-1518
-1045
-465
152
708
1167
1526
1853
2145
2290
2276
2145
1978
1790
1590
1396
1228
1089
972
890
871
881
857
761
621
432
150
-229
-634
-1050
-1438
-1824
-2187
-2447
-2515
-2402
-2191
-1871
-1431
-888
-314
273
829
1320
1708
1935
2007
1986
1844
1593
1286
938
573
224
-100
-312
-439
-493
-495
-459
-351
-217
-97
-38
20
43
48
-12
-109
-203
-308
-392
-441
-476
-417
-283
-37
289
679
1162
1668
2169
2504
2735
2915
2973
2885
2522
1954
1308
621
-139
-963
-1772
-2430
-2954
-3388
-3665
-3749
-3611
-3329
-2982
-2584
-2130
-1680
-1279
-873
-515
-284
-185
-152
-98
3
48
42
87
247
451
628
812
1065
1344
1567
1591
1512
1403
1235
951
507
9
-518
-1049
-1526
-1905
-2181
-2355
-2424
-2303
-2033
-1637
-1166
-610
21
632
1133
1526
1849
2164
2361
2369
2252
2068
1896
1674
1450
1224
1003
846
758
710
665
599
534
479
409
213
-98
-444
-750
-1051
-1401
-1779
-2064
-2159
-2136
-2043
-1856
-1512
-1052
-517
18
540
1033
1469
1783
1962
2032
1939
1743
1480
1171
802
384
8
-280
-473
-620
-730
-755
-665
-527
-392
-296
-212
-74
21
48
-15
-84
-155
-219
-289
-361
-404
-345
-192
43
357
787
1290
1808
2242
2500
2738
2890
2927
2739
2249
1635
981
270
-500
-1336
-2066
-2677
-3173
-3531
-3714
-3679
-3454
-3132
-2735
-2271
-1797
-1367
-937
-521
-217
-79
-67
-40
12
55
38
28
113
262
423
579
815
1103
1346
1446
1442
1398
1279
1068
697
245
-268
-826
-1347
-1777
-2097
-2309
-2432
-2380
-2149
-1806
-1336
-810
-189
441
991
1423
1790
2132
2352
2439
2389
2230
2035
1800
1544
1307
1114
956
830
719
657
611
567
539
440
259
-31
-365
-689
-998
-1332
-1700
-1997
-2171
-2190
-2104
-1921
-1595
-1147
-639
-113
417
939
1399
1775
1987
2038
1951
1787
1547
1247
900
480
88
-242
-466
-617
-731
-736
-708
-606
-506
-418
-276
-135
-19
-11
-66
-126
-179
-219
-294
-364
-369
-322
-179
44
403
878
1379
1878
2249
2521
2770
2970
3023
2804
2289
1649
976
250
-538
-1347
-2091
-2742
-3263
-3622
-3781
-3733
-3473
-3118
-2715
-2267
-1802
-1329
-834
-410
-131
-11
10
29
71
96
76
82
143
252
401
577
857
1144
1369
1457
1422
1362
1242
1030
655
180
-376
-968
-1483
-1905
-2217
-2415
-2527
-2461
-2224
-1833
-1313
-733
-80
550
1097
1527
1894
2218
2416
2443
2324
2108
1879
1636
1395
1199
1069
1015
946
895
857
845
880
850
729
440
61
-354
-752
-1146
-1584
-2019
-2334
-2496
-2521
-2372
-2087
-1650
-1093
-515
55
623
1183
1696
2056
2208
2177
2015
1788
1502
1166
764
325
-60
-358
-550
-678
-721
-680
-582
-482
-390
-282
-142
-17
15
-43
-177
-279
-344
-406
-491
-566
-576
-497
-303
-35
371
912
1480
2010
2382
2626
2893
3094
3109
2827
2266
1604
902
167
-647
-1469
-2196
-2822
-3313
-3634
-3753
-3644
-3363
-2995
-2580
-2151
-1708
-1262
-807
-413
-170
-112
-117
-75
-26
16
8
44
176
340
513
708
994
1319
1534
1567
1496
1391
1220
948
542
2
-583
-1170
-1684
-2078
-2360
-2528
-2594
-2489
-2194
-1766
-1258
-639
23
650
1155
1545
1905
2216
2407
2422
2312
2122
1904
1670
1473
1301
1144
1013
906
865
845
815
781
712
565
299
-79
-459
-798
-1141
-1530
-1932
-2215
-2321
-2297
-2166
-1906
-1499
-989
-448
100
666
1213
1672
1965
2117
2105
1981
1775
1496
1176
788
353
-59
-349
-531
-629
-698
-711
-642
-525
-425
-341
-206
-93
-45
-92
-181
-268
-360
-433
-499
-556
-564
-513
-318
-43
325
817
1352
1858
2279
2546
2780
2982
3041
2839
2345
1715
1030
321
-472
-1291
-2017
-2638
-3146
-3508
-3689
-3634
-3404
-3080
-2683
-2248
-1777
-1334
-884
-459
-171
-57
-39
-37
31
79
45
40
133
282
440
623
869
1176
1422
1527
1487
1403
1262
1033
662
165
-384
-969
-1514
-1949
-2259
-2459
-2557
-2515
-2263
-1876
-1375
-794
-153
496
1041
1473
1814
2139
2341
2384
2271
2078
1863
1636
1411
1246
1140
1077
1034
995
986
1010
1003
955
844
587
215
-219
-644
-1059
-1489
-1930
-2295
-2502
-2520
-2405
-2146
-1741
-1218
-648
-54
530
1083
1608
1968
2149
2169
2049
1814
1527
1164
780
354
-46
-374
-588
-695
-751
-745
-675
-571
-452
-355
-229
-92
-35
-66
-148
-269
-362
-443
-546
-617
-659
-604
-425
-154
217
699
1238
1795
2268
2617
2892
3091
3188
3039
2607
1998
1314
603
-176
-1046
-1819
-2464
-2984
-3387
-3628
-3620
-3439
-3119
-2739
-2329
-1892
-1467
-1066
-675
-391
-242
-220
-223
-175
-118
-98
-104
-11
165
358
559
804
1136
1412
1549
1523
1428
1295
1075
725
241
-286
-850
-1391
-1839
-2159
-2371
-2493
-2452
-2224
-1852
-1371
-837
-227
405
970
1386
1718
2027
2272
2351
2268
2096
1917
1720
1534
1403
1331
1297
1213
1116
1051
1072
1080
968
754
428
35
-413
-831
-1217
-1599
-1995
-2331
-2520
-2490
-2302
-2011
-1594
-1081
-539
-26
496
1022
1526
1849
1981
1957
1853
1701
1457
1179
813
441
74
-219
-424
-542
-585
-611
-617
-593
-528
-437
-322
-240
-219
-282
-362
-408
-435
-458
-499
-538
-533
-447
-271
4
355
811
1324
1792
2216
2499
2729
2941
3029
2895
2480
1898
1285
628
-97
-912
-1668
-2276
-2798
-3200
-3471
-3514
-3354
-3095
-2767
-2444
-2022
-1598
-1186
-790
-494
-308
-234
-170
-76
35
72
80
165
337
512
685
877
1123
1366
1464
1402
1292
1170
992
667
211
-303
-817
-1304
-1715
-2027
-2246
-2340
-2331
-2148
-1832
-1416
-916
-360
223
741
1165
1502
1823
2082
2192
2141
2030
1906
1755
1596
1448
1349
1283
1218
1166
1109
1091
1048
942
773
475
118
-318
-715
-1111
-1511
-1904
-2251
-2404
-2395
-2263
-2019
-1642
-1162
-614
-77
443
951
1428
1767
1941
1969
1883
1705
1466
1159
827
493
148
-166
-375
-495
-579
-596
-596
-527
-463
-401
-337
-273
-231
-276
-367
-458
-521
-560
-611
-641
-615
-539
-376
-114
240
687
1194
1722
2185
2505
2760
2949
3069
3002
2650
2097
1455
808
116
-656
-1430
-2086
-2616
-3048
-3362
-3477
-3369
-3120
-2809
-2491
-2129
-1732
-1334
-927
-606
-413
-332
-300
-214
-117
-46
-14
75
254
423
601
799
1061
1322
1446
1425
1303
1185
1013
718
296
-208
-723
-1213
-1651
-1970
-2192
-2291
-2290
-2163
-1869
-1473
-995
-449
125
642
1081
1400
1713
1989
2131
2135
2019
1867
1766
1639
1523
1411
1325
1262
1209
1192
1199
1180
1047
873
618
271
-156
-597
-1002
-1408
-1808
-2179
-2402
-2419
-2288
-2079
-1712
-1231
-700
-129
424
949
1407
1747
1920
1958
1923
1754
1480
1167
831
487
133
-169
-371
-465
-534
-593
-595
-528
-439
-349
-311
-281
-244
-292
-379
-496
-578
-624
-682
-707
-712
-642
-470
-210
120
516
1001
1520
2022
2427
2659
2841
2959
2952
2722
2211
1597
970
300
-430
-1217
-1893
-2431
-2866
-3178
-3346
-3310
-3119
-2861
-2542
-2185
-1822
-1461
-1107
-764
-522
-391
-373
-304
-202
-92
-24
66
236
434
619
806
1034
1293
1489
1503
1398
1259
1068
784
405
-70
-575
-1084
-1510
-1854
-2073
-2200
-2237
-2116
-1851
-1464
-1040
-557
-2
533
964
1298
1580
1848
2032
2055
1972
1862
1777
1723
1653
1593
1532
1427
1346
1298
1255
1166
964
673
354
-10
-429
-848
-1215
-1526
-1833
-2103
-2247
-2220
-2004
-1719
-1382
-965
-496
-11
447
906
1291
1541
1661
1664
1623
1519
1339
1094
841
567
271
1
-176
-279
-363
-458
-561
-551
-519
-498
-515
-552
-572
-609
-641
-666
-674
-666
-656
-651
-574
-455
-267
-36
240
567
890
1308
1731
2136
2408
2522
2624
2669
2567
2277
1781
1231
670
45
-629
-1323
-1858
-2330
-2725
-3017
-3158
-3113
-2966
-2711
-2424
-2113
-1764
-1426
-1071
-741
-507
-337
-230
-115
33
126
191
305
446
601
719
850
1024
1202
1276
1210
1081
947
751
480
128
-277
-710
-1129
-1468
-1729
-1881
-1977
-1977
-1841
-1575
-1230
-823
-355
154
631
995
1304
1596
1874
2045
2061
1995
1902
1816
1727
1611
1485
1333
1180
1025
879
741
562
357
130
-130
-420
-737
-989
-1195
-1401
-1591
-1734
-1732
-1595
-1392
-1150
-861
-508
-138
239
592
931
1227
1434
1544
1563
1508
1410
1279
1078
859
592
296
66
-112
-262
-419
-561
-660
-689
-688
-681
-669
-618
-561
-553
-542
-534
-464
-389
-360
-300
-263
-174
-68
71
269
503
852
1196
1543
1836
2008
2170
2331
2397
2261
1893
1443
979
474
-123
-806
-1400
-1903
-2384
-2769
-3031
-3082
-2968
-2784
-2546
-2266
-1917
-1535
-1145
-775
-497
-310
-180
-76
26
123
151
192
275
347
415
498
664
869
990
973
898
825
759
621
361
23
-358
-749
-1085
-1358
-1551
-1686
-1762
-1704
-1545
-1294
-948
-538
-88
341
718
1041
1335
1631
1829
1881
1851
1792
1736
1656
1553
1450
1320
1189
1034
893
785
664
505
298
75
-188
-463
-695
-904
-1100
-1293
-1454
-1515
-1445
-1281
-1088
-858
-546
-210
110
438
759
1057
1270
1367
1393
1367
1304
1191
1039
825
572
320
104
-60
-207
-328
-442
-522
-543
-544
-524
-525
-485
-464
-477
-500
-513
-490
-463
-429
-419
-387
-318
-235
-103
62
366
744
1110
1434
1638
1871
2095
2268
2294
2090
1725
1328
869
319
-296
-901
-1432
-1930
-2391
-2736
-2906
-2899
-2749
-2572
-2358
-2072
-1721
-1320
-944
-657
-444
-321
-217
-127
-41
-8
17
106
180
240
317
479
723
904
970
949
939
923
860
668
369
23
-344
-682
-1008
-1250
-1445
-1580
-1628
-1593
-1444
-1170
-821
-398
2
363
677
979
1284
1519
1659
1672
1674
1648
1577
1505
1426
1328
1217
1069
916
791
665
549
384
163
-77
-298
-505
-677
-849
-1023
-1134
-1206
-1167
-1079
-950
-766
-524
-253
5
266
540
833
1038
1168
1212
1237
1223
1160
1070
896
721
573
391
219
54
-75
-176
-229
-241
-255
-275
-326
-358
-390
-428
-471
-565
-643
-702
-771
-836
-857
-800
-714
-623
-515
-328
-47
329
718
1069
1347
1539
1743
1904
2006
1961
1735
1420
1056
612
128
-343
-797
-1191
-1583
-1912
-2090
-2129
-2070
-1977
-1854
-1708
-1531
-1324
-1097
-894
-782
-722
-693
-648
-582
-539
-461
-347
-206
-86
69
290
575
810
945
976
973
948
887
761
522
230
-120
-450
-714
-927
-1061
-1170
-1234
-1200
-1095
-909
-653
-337
-39
204
397
591
815
1017
1141
1210
1244
1290
1304
1291
1300
1293
1274
1198
1085
949
828
695
500
291
29
-220
-423
-598
-730
-848
-926
-981
-957
-868
-735
-582
-389
-191
-30
154
329
506
661
761
799
815
828
841
828
790
733
659
574
466
364
260
148
29
-96
-239
-346
-417
-497
-564
-631
-666
-692
-681
-631
-565
-480
-416
-332
-237
-129
1
131
305
489
694
828
902
1030
1144
1195
1144
995
817
610
356
64
-251
-530
-813
-1096
-1324
-1461
-1520
-1500
-1425
-1333
-1215
-1079
-907
-716
-561
-461
-392
-334
-294
-256
-252
-241
-210
-166
-154
-137
-74
26
120
179
182
139
122
82
6
-103
-237
-381
-527
-646
-749
-805
-819
-789
-719
-624
-473
-281
-13
223
424
608
792
986
1128
1209
1215
1211
1149
1069
965
856
753
626
508
365
245
159
98
39
-24
-88
-138
-154
-164
-184
-198
-191
-150
-98
-55
5
101
200
282
356
421
506
582
640
658
661
647
644
613
556
490
412
341
264
175
77
-37
-113
-202
-275
-335
-390
-398
-398
-389
-375
-317
-250
-186
-143
-124
-82
-50
-29
-11
-26
-50
-53
-45
-14
45
89
124
164
217
241
241
228
188
141
27
-111
-234
-336
-439
-544
-647
-692
-723
-700
-635
-580
-487
-433
-362
-277
-199
-135
-104
-122
-157
-223
-277
-318
-355
-378
-428
-447
-429
-394
-327
-286
-253
-233
-227
-213
-217
-212
-230
-290
-349
-408
-431
-405
-409
-394
-349
-292
-192
-73
72
207
323
415
505
589
653
699
694
673
614
542
496
452
427
368
316
275
257
263
260
261
272
278
297
310
308
326
320
310
289
279
273
264
262
258
241
249
294
313
347
366
386
417
441
462
455
425
379
319
261
185
124
66
6
-39
-85
-103
-113
-119
-121
-103
-81
-75
-49
-56
-68
-83
-123
-152
-197
-217
-263
-298
-327
-334
-302
-257
-208
-173
-138
-129
-104
-91
-101
-98
-140
-188
-235
-282
-319
-372
-395
-406
-397
-378
-327
-283
-239
-198
-150
-122
-106
-79
-87
-108
-159
-205
-264
-306
-347
-384
-413
-430
-427
-395
-354
-311
-249
-185
-111
-96
-82
-66
-78
-88
-115
-148
-170
-209
-223
-249
-270
-256
-241
-195
-151
-95
-35
23
84
138
169
207
228
238
244
248
254
257
260
257
264
282
292
327
351
375
405
429
452
477
493
499
498
483
459
424
396
361
337
305
267
269
253
258
289
321
359
366
375
381
376
384
355
328
280
221
168
125
86
84
78
62
78
65
71
83
89
76
50
12
-34
-91
-150
-213
-269
-325
-359
-393
-411
-402
-383
-367
-348
-322
-296
-281
-260
-241
-248
-243
-244
-252
-271
-269
-268
-256
-241
-230
-209
-185
-128
-107
-87
-68
-39
-27
-15
-7
-21
-58
-111
-136
-171
-197
-227
-258
-279
-286
-303
-312
-310
-279
-261
-235
-221
-182
-128
-100
-71
-58
-48
-51
-61
-91
-108
-132
-154
-178
-210
-237
-251
-244
-242
-223
-200
-177
-131
-86
-30
15
47
103
125
145
161
181
204
194
205
216
235
262
288
319
342
361
382
406
432
438
453
441
428
414
380
359
331
322
323
308
294
304
312
335
354
358
358
361
356
355
347
337
318
290
257
238
241
227
221
216
201
175
149
124
103
57
-11
-63
-111
-139
-185
-232
-256
-283
-286
-294
-305
-294
-278
-260
-242
-242
-251
-233
-240
-249
-274
-298
-319
-334
-356
-373
-383
-377
-351
-324
-298
-274
-236
-207
-176
-149
-136
-111
-87
-76
-74
-81
-93
-97
-108
-118
-108
-102
-86
-86
-81
-65
-48
-31
-19
6
12
18
20
11
4
0
-7
-29
-54
-85
-123
-135
-149
-165
-182
-211
-217
-206
-218
-211
-185
-168
-158
-134
-122
-110
-104
-85
-90
-90
-98
-90
-63
-71
-46
-39
-21
1
43
94
133
174
206
223
250
264
272
291
279
276
277
286
298
305
331
354
380
402
443
481
513
518
520
516
505
486
454
425
391
369
340
320
312
284
270
266
271
268
256
251
220
193
142
84
31
-25
-83
-127
-177
-228
-255
-270
-279
-284
-270
-252
-253
-238
-220
-233
-226
-231
-242
-256
-286
-328
-346
-364
-383
-383
-396
-382
-360
-352
-326
-286
-245
-207
-178
-142
-135
-105
-91
-86
-89
-92
-102
-112
-111
-117
-116
-124
-128
-130
-122
-114
-94
-89
-69
-47
-18
12
18
30
47
57
46
39
23
-3
-29
-48
-70
-100
-111
-122
-124
-120
-107
-87
-78
-56
-50
-50
-33
-21
-13
-18
-25
-34
-36
-25
-36
-18
-1
9
35
64
89
114
142
167
178
184
183
177
167
178
167
149
149
155
171
162
176
194
196
224
255
269
279
297
310
317
316
318
306
301
280
275
270
254
257
240
252
250
240
219
208
220
208
184
149
126
82
35
8
-23
-64
-83
-109
-129
-137
-143
-140
-138
-133
-142
-139
-156
-167
-175
-187
-206
-248
-275
-285
-303
-309
-322
-313
-299
-282
-246
-228
-196
-167
-134
-116
-111
-117
-111
-111
-130
-135
-171
-191
-190
-196
-197
-186
-164
-151
-133
-119
-87
-54
-19
10
31
47
68
70
81
74
53
27
5
13
-14
-25
-38
-46
-40
-39
-16
5
22
46
61
64
70
79
69
42
16
-15
-39
-67
-100
-121
-123
-110
-110
-88
-65
-30
12
41
73
94
110
110
105
109
88
65
46
37
28
30
42
53
83
122
151
172
212
235
243
239
238
230
227
215
205
200
161
155
135
123
112
115
144
150
161
166
168
182
176
173
172
157
137
109
84
59
16
-18
-36
-80
-73
-97
-105
-111
-114
-101
-113
-108
-106
-95
-98
-98
-120
-140
-149
-177
-194
-197
-210
-201
-209
-197
-196
-190
-165
-159
-144
-138
-117
-97
-88
-88
-89
-108
-118
-125
-127
-130
-133
-113
-107
-97
-74
-57
-38
-12
3
20
28
32
46
38
29
34
19
9
16
-7
-4
-19
-25
-11
-12
12
35
52
65
72
80
79
82
78
52
53
28
13
-6
-33
-59
-71
-79
-74
-68
-49
-24
-10
19
49
58
62
68
65
71
56
41
22
16
-7
-16
-13
4
22
47
76
101
143
175
199
219
215
203
205
188
164
141
118
85
53
31
24
1
12
18
29
50
64
94
119
129
127
131
120
120
110
85
60
46
10
-25
-44
-63
-78
-80
-80
-86
-70
-66
-45
-20
-22
-20
-36
-35
-55
-88
-107
-137
-161
-183
-195
-210
-207
-198
-179
-149
-137
-114
-97
-91
-83
-74
-82
-80
-94
-118
-132
-150
-158
-176
-172
-152
-142
-119
-98
-64
-32
-2
29
45
69
83
92
93
90
75
55
47
32
25
8
-6
-9
13
30
48
79
90
114
129
143
140
145
136
99
75
32
7
-26
-43
-52
-76
-81
-82
-59
-37
-12
9
37
54
68
73
81
74
58
38
21
12
-5
-21
-19
2
9
25
42
69
97
121
133
167
173
189
186
163
144
119
86
61
35
17
12
-8
2
2
4
26
37
55
77
85
89
89
68
54
39
15
-3
-33
-57
-70
-76
-83
-82
-71
-47
-35
-23
-7
0
5
3
-1
-5
-14
-40
-68
-88
-117
-125
-153
-163
-178
-182
-190
-191
-184
-182
-164
-157
-149
-150
-146
-152
-156
-153
-155
-160
-168
-184
-170
-152
-148
-141
-116
-82
-59
-21
-3
29
55
64
87
82
78
81
83
79
77
72
72
65
65
82
85
107
112
141
168
172
180
177
183
173
157
153
125
111
81
63
43
44
27
16
28
26
39
42
42
60
45
17
6
-6
-13
-36
-59
-61
-73
-79
-83
-79
-59
-50
-13
12
27
48
64
91
101
106
103
87
84
76
71
59
33
23
14
4
14
10
10
27
34
36
57
56
47
60
44
39
30
27
20
6
-15
-28
-25
-20
-19
-26
-10
15
12
16
17
21
19
15
1
-14
-41
-61
-81
-117
-139
-162
-172
-188
-185
-172
-171
-168
-153
-140
-129
-126
-106
-102
-106
-100
-107
-110
-112
-104
-107
-98
-96
-89
-83
-69
-55
-51
-47
-57
-38
-37
-26
-32
-39
-19
-20
-3
-9
11
15
39
66
89
116
139
156
177
194
209
225
210
211
202
180
180
153
135
111
85
73
54
50
39
19
12
6
15
11
11
2
-8
-21
-36
-36
-39
-54
-55
-61
-53
-58
-38
-22
-4
20
30
52
60
84
82
108
120
95
87
62
50
27
-2
-13
-40
-51
-62
-68
-62
-59
-31
-8
10
39
48
74
87
97
101
96
97
80
68
38
29
9
2
2
-7
9
18
26
35
41
47
44
39
40
13
-11
-31
-52
-77
-98
-118
-147
-148
-156
-165
-160
-154
-145
-148
-137
-132
-127
-126
-132
-127
-136
-141
-146
-145
-162
-185
-174
-181
-169
-178
-161
-146
-129
-119
-115
-94
-74
-59
-51
-36
-30
-17
1
23
33
57
69
94
117
148
172
191
221
241
257
250
247
245
237
215
199
170
146
136
97
67
47
27
24
8
12
11
8
10
12
14
3
0
-12
-24
-30
-42
-57
-59
-68
-74
-68
-68
-43
-34
-20
-1
14
31
34
47
47
42
30
15
10
-5
-26
-37
-36
-43
-26
-19
-3
25
45
75
89
109
134
151
165
155
158
140
125
111
91
75
45
42
27
24
19
18
9
22
24
26
28
26
8
-5
-11
-43
-62
-75
-91
-108
-115
-112
-123
-123
-123
-126
-115
-114
-110
-109
-102
-105
-112
-118
-127
-145
-160
-175
-191
-195
-202
-202
-213
-203
-202
-193
-192
-167
-148
-132
-103
-85
-59
-47
-35
-19
8
18
47
59
89
105
113
138
141
158
177
177
191
189
196
200
182
178
174
156
144
132
126
113
88
80
69
66
53
48
41
39
39
27
29
14
0
-4
-18
-28
-52
-54
-59
-69
-72
-80
-74
-65
-63
-56
-41
-32
-10
-5
-2
1
5
5
2
-1
6
5
-1
6
7
23
32
44
61
78
101
118
126
133
145
149
144
141
142
122
100
92
72
54
32
10
16
13
25
36
35
35
33
43
46
53
40
27
7
-12
-19
-42
-59
-67
-94
-101
-117
-128
-128
-142
-134
-139
-123
-125
-128
-124
-133
-135
-150
-153
-159
-169
-168
-182
-194
-194
-207
-203
-209
-203
-195
-184
-171
-150
-135
-119
-93
-67
-45
-28
-19
0
15
31
53
73
96
112
122
127
143
158
176
185
197
201
214
213
222
218
199
199
184
176
156
128
117
97
83
76
49
36
17
-1
-21
-34
-50
-68
-73
-77
-82
-80
-78
-77
-73
-66
-69
-54
-47
-39
-31
-28
-20
-25
-10
-25
-36
-34
-43
-39
-39
-42
-40
-24
-9
8
14
31
48
66
82
91
102
116
125
134
138
136
133
120
114
104
103
91
92
88
88
93
81
77
77
65
64
61
49
48
37
17
7
-17
-40
-61
-78
-88
-112
-124
-127
-133
-138
-131
-126
-123
-122
-115
-107
-118
-112
-127
-128
-125
-136
-138
-159
-164
-175
-178
-177
-176
-167
-162
-160
-153
-134
-116
-116
-100
-98
-85
-67
-58
-46
-27
-5
15
23
34
58
68
94
108
136
132
153
171
174
187
185
193
197
189
191
168
171
158
142
138
114
112
92
86
68
57
46
38
17
-2
-17
-31
-39
-51
-54
-70
-72
-82
-84
-81
-86
-74
-86
-93
-72
-78
-72
-60
-52
-52
-56
-44
-51
-36
-18
-22
-10
3
14
22
39
63
83
97
111
134
136
130
138
145
146
143
143
136
126
119
100
90
95
82
84
77
72
74
66
64
50
45
40
25
16
-4
-20
-33
-56
-70
-90
-95
-102
-118
-118
-108
-118
-117
-121
-129
-134
-130
-136
-143
-143
-148
-156
-175
-172
-168
-174
-174
-167
-166
-155
-135
-135
-125
-112
-104
-82
-82
-78
-67
-51
-37
-26
-19
-5
13
26
36
45
66
82
85
98
110
107
124
127
137
146
152
159
152
159
152
152
134
140
139
124
126
108
103
81
70
63
51
38
21
11
10
1
-13
-18
-18
-26
-33
-48
-48
-58
-62
-65
-73
-77
-84
-75
-86
-83
-83
-88
-87
-82
-87
-73
-62
-57
-44
-27
-20
-5
5
23
37
56
68
70
86
99
112
125
125
118
117
113
108
112
110
102
100
91
90
86
80
80
76
80
79
65
67
46
31
26
11
-6
-32
-35
-53
-68
-78
-86
-86
-90
-98
-98
-109
-105
-107
-117
-120
-128
-133
-139
-134
-139
-158
-155
-167
-158
-147
-145
-142
-139
-130
-128
-114
-112
-101
-98
-87
-68
-65
-54
-36
-34
-26
-16
3
19
32
43
42
68
76
97
111
124
135
145
144
151
164
164
165
163
158
145
150
148
142
128
119
109
92
82
81
69
55
33
21
-1
-8
-21
-35
-40
-57
-63
-69
-80
-78
-80
-78
-78
-78
-78
-75
-71
-63
-69
-66
-71
-78
-83
-87
-85
-84
-80
-76
-70
-63
-41
-32
-14
-4
20
39
54
76
88
101
113
116
122
119
116
109
104
109
108
115
118
139
135
135
130
117
111
97
89
82
74
58
41
23
-19
-29
-46
-67
-76
-94
-89
-93
-91
-95
-105
-102
-105
-102
-101
-103
-104
-104
-117
-114
-118
-127
-127
-127
-115
-124
-126
-121
-124
-115
-111
-110
-97
-90
-84
-75
-61
-55
-37
-34
-23
-20
-8
9
23
40
50
61
82
95
100
115
124
138
140
153
139
143
152
150
139
126
124
111
104
102
94
73
72
62
55
43
28
23
16
6
-2
-6
-17
-31
-35
-45
-51
-61
-68
-52
-64
-62
-59
-51
-48
-61
-52
-56
-53
-50
-59
-59
-62
-53
-62
-56
-48
-50
-44
-45
-44
-35
-14
-1
13
22
40
50
68
78
89
106
113
114
122
119
112
109
113
103
97
105
98
103
89
88
75
73
67
55
48
31
23
7
-9
-17
-26
-51
-61
-72
-88
-97
-110
-116
-125
-122
-128
-118
-120
-126
-126
-127
-125
-130
-132
-126
-133
-140
-135
-132
-127
-125
-123
-113
-110
-109
-103
-92
-82
-77
-53
-55
-44
-38
-26
-16
-13
-5
8
35
35
58
68
83
102
121
129
147
152
160
167
158
161
151
161
145
136
130
122
109
100
90
86
82
74
73
64
59
53
54
47
43
27
16
3
-14
-15
-36
-42
-44
-48
-51
-59
-62
-66
-70
-72
-76
-77
-90
-84
-96
-98
-97
-110
-88
-103
-93
-81
-82
-62
-56
-39
-21
-7
13
28
43
47
59
63
68
72
73
74
81
83
95
93
92
91
105
103
101
105
105
112
89
83
69
49
35
18
4
-6
-8
-37
-37
-52
-47
-43
-54
-54
-60
-44
-56
-58
-60
-69
-75
-80
-95
-97
-105
-109
-109
-122
-121
-124
-134
-120
-121
-103
-110
-101
-88
-82
-69
-67
-55
-60
-56
-52
-43
-26
-10
-14
-3
1
14
28
37
54
73
85
95
103
109
116
120
130
140
140
139
130
137
128
113
105
94
97
82
77
72
71
71
67
57
59
43
31
26
18
7
-2
-11
-25
-23
-37
-49
-51
-59
-58
-55
-56
-59
-57
-61
-57
-66
-74
-78
-84
-79
-86
-81
-81
-72
-72
-65
-44
-36
-27
-19
-9
1
16
31
39
48
54
61
63
77
81
81
89
88
89
93
98
97
88
83
88
84
84
80
74
54
52
48
32
33
7
7
-8
-22
-26
-37
-45
-49
-58
-75
-78
-86
-85
-85
-88
-96
-100
-105
-104
-113
-110
-108
-113
-115
-112
-106
-101
-107
-104
-95
-100
-93
-94
-91
-87
-68
-59
-54
-50
-50
-39
-30
-10
0
14
20
32
42
52
74
70
81
81
95
96
95
101
98
111
108
117
116
121
119
119
120
112
115
101
97
93
83
74
67
53
39
19
21
-5
-8
-17
-18
-21
-26
-24
-33
-31
-34
-37
-41
-45
-48
-50
-70
-71
-79
-94
-98
-107
-114
-117
-121
-114
-107
-101
-92
-72
-56
-50
-39
-20
-6
5
18
31
44
50
53
55
71
80
82
80
77
83
95
99
95
105
104
104
109
97
88
81
78
75
62
46
31
26
22
17
1
-9
-19
-19
-21
-30
-21
-23
-29
-37
-43
-51
-52
-57
-64
-73
-86
-88
-94
-100
-101
-108
-112
-112
-106
-97
-97
-89
-81
-77
-69
-71
-61
-51
-46
-47
-45
-39
-29
-30
-17
-11
-9
5
21
33
40
56
61
76
80
87
94
94
87
89
92
85
81
81
86
78
77
75
86
88
79
83
75
65
64
56
52
44
36
28
21
8
-5
1
-5
-21
-19
-7
-17
-32
-40
-48
-56
-68
-74
-73
-76
-86
-95
-96
-97
-106
-103
-99
-95
-86
-87
-76
-72
-57
-40
-34
-22
-13
5
14
34
35
46
54
65
75
77
90
90
94
95
88
85
93
92
98
91
84
89
77
77
65
62
54
50
38
31
24
15
13
0
-14
-17
-19
-24
-25
-33
-38
-45
-46
-59
-65
-75
-77
-80
-89
-89
-99
-88
-90
-88
-88
-85
-88
-91
-85
-90
-84
-80
-72
-67
-67
-66
-64
-57
-49
-41
-26
-25
-10
4
12
26
40
58
64
70
69
79
80
78
79
81
77
76
77
73
77
70
78
75
75
78
71
82
78
73
73
64
60
44
27
23
20
11
12
3
-9
-6
-17
-31
-36
-39
-44
-41
-45
-51
-62
-67
-64
-75
-78
-85
-84
-79
-84
-84
-86
-82
-78
-75
-70
-66
-49
-42
-33
-23
-11
-9
0
17
22
23
34
36
44
50
50
51
57
60
70
70
74
75
72
67
65
62
62
59
48
48
43
42
26
28
23
20
15
19
21
13
9
8
8
1
-9
-16
-16
-30
-34
-42
-55
-61
-64
-72
-81
-90
-88
-87
-83
-81
-77
-81
-79
-71
-65
-68
-58
-60
-59
-48
-48
-33
-32
-22
-18
-12
-2
16
7
13
26
30
39
43
57
60
63
63
62
63
72
73
71
72
72
70
72
66
71
73
78
79
71
75
65
59
50
51
49
48
29
28
18
10
15
7
6
-8
1
-21
-17
-26
-32
-44
-57
-56
-68
-68
-70
-70
-71
-77
-86
-73
-74
-70
-67
-68
-59
-63
-38
-35
-31
-22
-18
-7
-2
0
5
7
11
17
21
31
33
42
47
44
47
52
57
64
61
66
58
60
58
57
58
42
36
38
31
31
22
15
17
3
4
-5
-5
-9
-18
-20
-18
-22
-28
-27
-37
-46
-55
-63
-70
-74
-72
-77
-77
-68
-70
-63
-62
-60
-55
-58
-52
-53
-54
-47
-45
-42
-38
-34
-34
-23
-22
-16
-6
-4
-5
2
17
22
33
39
39
44
45
56
46
47
62
52
56
56
63
66
61
70
75
78
77
76
67
64
58
57
50
51
47
40
40
33
23
23
17
16
17
5
-2
-11
-6
-14
-23
-32
-36
-37
-45
-47
-47
-50
-52
-61
-67
-71
-69
-55
-49
-57
-41
-46
-41
-31
-34
-21
-19
-8
-4
-1
2
7
1
6
7
9
11
19
29
32
39
44
40
44
44
39
41
33
27
28
19
12
21
13
7
3
2
1
-3
2
6
7
12
6
8
12
0
-7
-10
-18
-31
-35
-38
-50
-49
-54
-57
-63
-62
-70
-69
-61
-63
-59
-61
-60
-59
-61
-55
-55
-62
-63
-60
-54
-51
-35
-30
-22
-14
-9
0
-2
10
11
23
29
38
46
51
60
54
62
57
57
60
59
73
71
73
75
77
83
83
88
84
79
86
86
72
72
68
62
54
50
51
53
48
32
40
25
24
27
15
7
-14
-17
-19
-20
-37
-39
-42
-56
-63
-65
-62
-67
-61
-62
-61
-62
-46
-51
-49
-48
-40
-35
-36
-29
-28
-23
-28
-18
-16
-10
-8
-6
-10
2
1
6
7
9
5
12
16
15
21
19
26
14
25
10
12
15
-1
3
6
2
8
11
8
13
11
4
-2
-3
-6
-16
-23
-26
-23
-36
-39
-46
-48
-50
-41
-46
-48
-49
-44
-44
-45
-42
-44
-50
-48
-39
-40
-33
-36
-24
-21
-23
-24
-18
-7
5
7
-1
11
22
31
32
29
37
35
41
42
37
38
36
39
44
47
57
54
50
51
53
54
62
67
71
79
70
66
64
57
55
43
45
34
40
35
27
27
22
20
17
26
13
8
4
0
-8
-4
-3
-9
-15
-21
-19
-22
-32
-31
-37
-41
-39
-45
-41
-45
-44
-42
-43
-39
-46
-40
-37
-38
-30
-26
-20
-17
-13
-13
-19
-16
-6
-9
-3
-2
5
10
11
15
15
9
9
9
5
7
12
7
8
11
9
12
4
11
8
8
14
2
6
2
-4
-4
-11
-18
-30
-26
-29
-29
-29
-32
-37
-40
-30
-35
-41
-45
-43
-43
-43
-48
-53
-45
-46
-50
-51
-54
-47
-44
-32
-35
-24
-22
-17
-8
-7
0
-2
7
10
11
18
19
18
27
28
39
35
41
48
48
58
52
63
63
61
64
64
65
71
64
68
65
66
60
53
55
49
47
41
42
38
31
30
22
17
17
8
-5
-7
-6
-3
-7
-4
-11
-8
-22
-12
-10
-23
-18
-16
-14
-15
-15
-22
-14
-14
-12
-18
-14
-11
-6
-16
-18
-21
-15
-14
-14
-14
-14
-13
-14
-12
-17
-13
-8
-14
-19
-12
-13
-7
-10
-13
-14
-20
-14
-19
-21
-17
-18
-15
-11
-11
-6
1
6
6
18
15
12
16
12
13
4
0
-4
-6
-8
-23
-25
-27
-38
-33
-35
-35
-37
-29
-31
-28
-24
-22
-15
-17
-22
-26
-21
-12
-17
-18
-18
-22
-17
-23
-25
-24
-22
-22
-17
-17
-11
-10
-4
-2
2
4
10
18
14
24
26
34
34
39
35
38
45
39
41
36
40
46
42
47
51
53
47
48
37
42
43
39
41
48
43
39
45
40
38
34
27
30
30
19
16
11
8
11
8
2
6
-1
-5
-9
-9
-11
-12
-15
-20
-17
-16
-18
-17
-15
-17
-22
-24
-32
-25
-24
-30
-27
-25
-29
-25
-22
-17
-16
-21
-18
-12
-18
-18
-16
-10
0
-3
-7
-7
-4
-3
-5
-8
-5
-8
-3
-2
-3
1
-3
-8
-14
-14
-9
-13
-14
-12
-15
-14
-17
-23
-21
-19
-22
-25
-34
-26
-30
-36
-40
-42
-37
-34
-37
-29
-28
-23
-24
-34
-22
-28
-21
-18
-20
-14
-12
-4
-1
-3
6
3
9
3
7
13
16
23
23
18
19
28
32
38
41
41
48
56
56
58
57
56
59
59
56
54
53
54
45
49
47
50
54
49
44
31
37
35
27
28
25
16
17
14
19
8
5
-2
-9
-7
-10
-13
-19
-13
-18
-26
-19
-23
-26
-26
-26
-16
-26
-19
-28
-19
-23
-23
-18
-25
-18
-23
-23
-27
-28
-22
-24
-25
-24
-22
-25
-35
-33
-34
-33
-31
-31
-20
-16
-10
-7
-5
3
2
3
1
-4
11
1
-2
-5
-9
-8
-9
-14
-13
-12
-15
-13
-23
-25
-26
-27
-15
-10
-9
-7
-7
-6
-11
-18
-19
-20
-23
-16
-26
-24
-25
-27
-19
-25
-22
-18
-8
-9
-2
2
-1
2
1
9
7
9
8
11
16
14
18
10
13
17
23
20
25
32
36
38
42
49
47
57
58
53
61
60
57
53
55
53
50
48
48
44
43
38
40
29
39
35
31
29
21
27
19
14
9
10
2
-4
-6
-5
-14
-14
-13
-20
-16
-21
-16
-20
-16
-17
-22
-22
-25
-26
-28
-26
-32
-39
-35
-38
-47
-41
-43
-41
-39
-36
-36
-37
-34
-23
-30
-25
-17
-13
-14
-14
-6
-7
-4
-7
-4
3
1
1
0
-6
-2
4
7
5
-8
-1
-5
-3
2
-9
-10
-19
-15
-17
-11
-5
-9
-6
-10
-5
-4
-2
6
-1
3
0
-6
-3
-10
-9
-11
-8
-7
-10
-6
-6
-8
-14
-20
-21
-19
-18
-13
-14
-13
-9
-3
-1
1
3
3
15
21
22
26
25
36
33
33
41
38
45
41
38
37
35
34
38
33
31
33
37
35
25
26
35
39
36
41
37
33
35
30
30
24
23
17
14
10
4
4
3
5
-3
-7
-7
-7
-1
-7
0
-5
-10
-13
-22
-19
-35
-27
-32
-34
-39
-46
-42
-47
-49
-45
-47
-51
-38
-38
-39
-39
-35
-33
-36
-28
-36
-33
-32
-30
-27
-27
-20
-15
-20
-11
-5
-9
-2
0
3
9
9
16
20
22
23
18
20
19
21
22
23
22
24
25
30
31
22
20
11
8
9
8
2
-1
-4
-7
-13
-18
-14
-18
-18
-26
-17
-18
-17
-12
-11
-7
-10
-9
-22
-17
-26
-22
-19
-24
-24
-19
-16
-22
-20
-13
-6
-9
-6
0
1
7
4
6
13
20
30
34
29
31
28
36
37
37
43
48
54
54
57
52
62
58
61
62
55
59
57
49
48
44
38
33
28
34
26
21
18
10
5
3
-2
-2
-3
-11
-12
-10
-15
-19
-21
-22
-24
-30
-28
-34
-37
-40
-44
-38
-36
-39
-36
-39
-45
-43
-42
-43
-42
-49
-46
-41
-43
-47
-48
-43
-40
-39
-33
-27
-29
-20
-18
-12
-8
-10
-10
-7
0
2
1
1
-3
-2
4
-6
-11
-15
-7
-10
-10
-9
-9
-3
-5
-5
3
7
7
0
4
5
3
2
1
4
-2
-5
-8
-2
-1
4
-2
-4
-6
-6
4
-4
6
2
4
3
6
6
2
13
19
21
27
28
26
33
30
42
38
45
48
45
39
39
38
41
42
41
45
36
34
33
41
33
36
36
38
36
37
33
32
37
34
30
23
23
15
14
13
10
14
9
0
-7
-4
-10
-4
-2
-11
-14
-12
-19
-21
-21
-17
-25
-31
-30
-35
-32
-44
-41
-45
-50
-51
-52
-52
-57
-56
-61
-45
-40
-40
-36
-36
-37
-34
-30
-30
-28
-33
-33
-31
-25
-23
-17
-15
-12
-10
-7
3
-3
2
0
-8
1
3
2
11
4
16
20
20
25
23
26
27
29
27
21
18
23
18
12
7
12
6
5
0
2
8
6
2
1
0
2
-3
-1
2
4
0
-5
-4
-3
-15
-17
-13
-10
-9
-6
-9
-7
3
3
10
11
17
20
25
26
24
27
32
35
33
34
27
26
26
30
29
28
23
22
27
22
25
23
29
25
23
19
17
20
18
18
6
8
6
8
10
10
8
4
-5
-2
-9
-14
-14
-20
-19
-20
-21
-29
-29
-30
-30
-29
-39
-41
-53
-53
-53
-53
-46
-51
-41
-39
-31
-38
-32
-22
-28
-24
-23
-18
-11
-11
-8
-7
-1
-4
-10
-5
-7
-6
-6
1
1
-8
2
4
7
9
6
8
6
3
8
7
10
8
17
18
12
16
14
18
13
17
20
13
15
22
13
14
2
5
-2
7
1
2
3
-4
-3
-4
-4
-12
-11
-18
-12
-12
-9
-10
-10
-4
-2
1
-1
-2
4
3
4
10
5
8
8
9
13
15
12
16
11
19
15
16
19
17
31
27
30
31
28
34
37
36
41
38
38
32
26
31
22
30
20
26
33
15
24
14
19
10
1
-1
-7
-13
-11
-15
-21
-24
-28
-22
-25
-34
-31
-35
-32
-37
-38
-43
-43
-31
-34
-26
-33
-27
-22
-29
-25
-28
-24
-23
-23
-20
-23
-17
-21
-23
-19
-17
-10
-12
0
-1
-3
0
0
-1
7
1
8
8
11
9
13
13
10
15
12
16
14
20
21
17
18
21
18
15
11
15
15
9
8
1
-1
-1
-2
-7
-11
-9
-13
-11
-11
-10
-5
-7
-6
-6
-9
-8
-8
-4
-3
-4
3
-7
-6
-7
-8
-2
-8
-4
1
-7
1
-3
3
-1
9
10
5
14
7
10
9
6
14
15
15
18
21
25
24
23
26
28
29
31
29
30
28
28
31
25
27
24
24
16
14
18
14
14
18
17
10
5
2
6
2
2
-4
-11
-21
-24
-28
-29
-33
-38
-46
-49
-49
-36
-42
-45
-36
-39
-33
-39
-36
-33
-36
-38
-37
-34
-32
-31
-41
-33
-29
-30
-25
-24
-14
-16
-13
-8
-2
-2
5
4
8
10
19
16
16
21
21
27
26
34
28
31
35
30
32
25
30
26
24
22
23
15
11
11
11
17
12
12
11
15
6
0
-6
1
6
-1
-4
-12
-8
-5
-5
-6
-9
-3
-6
-3
-14
-1
-7
-11
-5
-10
3
-3
-6
-1
0
2
1
1
4
6
3
13
9
11
9
7
14
9
9
19
16
16
23
15
24
16
21
19
15
18
13
15
16
14
15
12
8
6
3
7
1
-2
3
1
-3
-15
-16
-16
-22
-25
-31
-27
-32
-34
-33
-38
-37
-36
-38
-40
-42
-41
-44
-43
-44
-39
-38
-39
-37
-39
-35
-33
-27
-24
-18
-14
-15
-6
-4
-4
-2
1
5
4
12
13
17
23
24
29
28
27
38
32
39
38
41
40
38
38
41
41
33
42
37
38
37
38
35
38
36
30
27
22
17
12
9
9
9
0
5
3
-2
-5
-11
-13
-15
-22
-17
-21
-23
-19
-22
-21
-20
-26
-21
-17
-19
-10
-6
-4
-5
0
7
11
10
8
13
14
19
10
11
18
8
11
10
11
13
14
11
14
10
14
14
12
15
10
13
11
20
16
10
7
5
10
3
2
-3
-8
-7
-15
-7
-11
-9
-10
-11
-7
-7
-20
-23
-24
-30
-28
-34
-30
-35
-35
-37
-45
-45
-46
-37
-39
-36
-32
-34
-30
-33
-37
-39
-39
-36
-35
-29
-28
-32
-23
-29
-24
-25
-19
-14
-16
-13
-8
-3
0
4
7
8
10
19
15
15
20
24
27
29
38
41
48
46
43
46
40
45
48
43
47
43
41
37
27
25
29
24
16
15
12
14
12
8
1
0
6
1
4
-3
1
-5
-8
-6
-13
-5
-14
-7
-8
-11
-14
-10
-7
-11
-14
-11
-7
-3
-2
-6
2
3
5
9
8
18
16
24
24
25
24
16
20
15
18
17
16
14
10
8
8
3
4
-1
-5
-9
-6
-6
-10
-10
-7
-5
-6
-8
-6
-10
-9
-11
-12
-8
-19
-20
-25
-33
-32
-38
-38
-34
-35
-33
-35
-33
-38
-39
-38
-37
-33
-29
-27
-27
-25
-26
-27
-18
-25
-29
-27
-21
-14
-14
-13
-15
-4
2
1
-2
3
10
16
18
18
20
22
26
27
30
34
36
39
38
34
41
39
40
40
32
41
43
35
37
35
38
37
39
37
32
26
25
17
22
18
4
7
1
9
1
1
-3
-8
-7
-14
-16
-17
-17
-9
-11
-17
-14
-16
-18
-14
-19
-12
-12
-18
-18
-18
-19
-16
-9
-5
-9
-9
-8
-5
-3
-3
6
5
12
7
18
15
23
24
18
16
20
23
24
28
28
32
30
27
20
22
14
19
12
12
8
6
0
-1
1
-7
-11
-9
-14
-17
-19
-19
-20
-27
-29
-29
-33
-36
-35
-40
-35
-40
-36
-38
-45
-45
-42
-41
-47
-41
-42
-41
-34
-40
-40
-42
-38
-35
-33
-27
-26
-25
-17
-18
-15
-7
-8
5
10
12
17
14
23
22
28
25
24
29
32
35
32
30
28
26
25
32
31
32
32
30
27
25
31
24
25
25
23
24
21
20
15
17
13
9
9
8
7
7
3
5
6
2
3
-2
-5
-6
-7
-12
-19
-5
-5
-2
-3
-4
2
1
12
15
12
6
12
12
16
8
9
14
11
15
10
15
14
12
24
18
15
9
9
4
8
9
7
9
4
16
6
4
3
2
0
-3
-2
-1
-6
-9
-7
-13
-18
-16
-21
-22
-19
-28
-27
-26
-28
-25
-35
-35
-41
-41
-40
-46
-43
-46
-47
-47
-44
-44
-41
-40
-41
-37
-40
-34
-36
-34
-28
-30
-27
-29
-20
-21
-17
-11
-10
-4
-4
4
6
11
15
16
19
18
18
24
24
26
29
28
28
27
36
40
42
41
42
51
50
50
48
51
53
50
50
41
42
42
40
37
31
35
27
20
20
15
15
9
4
2
-3
-5
-5
-13
-18
-18
-12
-10
-11
-19
-13
-14
-20
-17
-18
-17
-18
-17
-7
-6
-15
-10
-7
-6
-1
-3
2
-2
-2
5
2
3
3
1
5
8
13
8
10
12
10
10
9
9
11
12
16
14
11
11
13
11
10
14
12
12
13
8
9
6
-3
-6
-14
-10
-17
-19
-25
-25
-27
-28
-29
-29
-29
-28
-27
-29
-30
-31
-27
-26
-24
-29
-32
-32
-33
-28
-32
-31
-28
-23
-20
-21
-14
-17
-15
-11
-8
-7
-3
-4
-4
1
-2
5
4
13
12
13
10
9
11
14
16
16
19
20
28
25
24
28
20
22
17
22
23
22
21
13
19
15
8
8
9
11
8
6
1
3
6
5
3
2
0
0
-4
1
3
3
1
-1
5
1
-2
-2
4
10
5
3
5
4
4
7
7
9
5
5
1
0
-3
7
7
8
7
6
13
8
11
6
7
2
2
7
8
12
5
6
7
0
7
4
6
4
2
4
-2
-2
-2
-9
-12
-4
-7
-9
-16
-11
-13
-13
-10
-19
-19
-20
-23
-23
-26
-24
-25
-31
-27
-34
-33
-26
-36
-33
-34
-40
-38
-34
-36
-32
-29
-29
-26
-21
-22
-21
-19
-17
-12
-15
-5
-6
-2
6
8
13
17
14
18
19
20
24
26
31
28
28
27
41
33
32
28
23
32
25
28
28
30
23
25
29
22
23
21
20
20
19
10
14
11
3
4
-3
2
-3
-7
-5
-17
-16
-14
-16
-16
-16
-12
-16
-10
-10
-8
-8
-6
-10
-5
-10
-7
-5
-4
6
3
9
14
12
17
17
17
22
19
20
18
20
18
15
12
14
17
17
13
11
1
2
-1
4
0
-1
6
-1
3
1
-4
-4
-3
0
-3
-9
-7
-13
-7
-11
-12
-10
-13
-10
-12
-11
-10
-16
-16
-18
-19
-18
-17
-16
-12
-12
-15
-15
-15
-17
-12
-18
-21
-18
-15
-10
-13
-13
-18
-15
-17
-16
-14
-9
-4
-1
-1
-3
3
8
7
12
10
14
14
15
16
12
8
12
19
19
14
13
14
16
19
16
14
18
14
18
10
12
16
14
18
12
12
9
10
5
8
-1
0
-1
-3
3
-3
1
-5
-9
-8
-12
-12
-9
-11
-7
-15
-5
-9
-7
-1
-5
-1
-3
3
3
5
5
0
0
-1
-1
1
-1
1
0
1
-1
3
0
6
6
4
11
12
14
11
16
10
8
5
3
2
1
-6
-2
1
-1
2
-8
-5
-9
-13
-15
-18
-18
-20
-17
-19
-22
-17
-19
-22
-20
-25
-18
-14
-19
-15
-20
-17
-15
-14
-16
-8
-8
-9
-11
-15
-10
-12
-8
-9
-7
-3
-4
1
2
-1
4
1
6
2
5
6
13
13
13
12
13
14
16
20
17
20
16
20
16
11
14
17
19
15
15
15
16
15
17
17
19
18
16
16
13
11
7
15
7
7
8
1
-1
-3
-7
-4
-5
-7
-7
-15
-11
-9
-11
-10
-12
-9
-8
-5
-9
-7
-2
-15
-10
-12
-12
-10
-5
-3
-6
3
1
-3
-3
-1
1
2
0
-1
-4
-4
-2
3
5
6
-1
-4
4
3
6
3
1
3
7
9
7
3
5
3
5
0
1
-3
-6
-4
-3
-9
-9
-12
-14
-14
-16
-14
-12
-13
-14
-12
-19
-14
-11
-9
-12
-5
-4
-3
3
-10
-9
-6
-8
-9
-3
0
2
6
3
6
2
4
5
4
9
12
12
11
10
15
10
16
14
12
15
15
18
20
17
12
12
15
14
10
15
7
13
13
11
15
9
14
14
15
11
5
7
4
5
4
-2
1
2
4
1
0
1
0
-3
-1
1
-3
-2
-6
-7
-6
-10
-7
-7
-10
-6
-6
-4
-5
-7
-8
-8
-5
-5
-10
-7
-5
-5
-3
-7
0
1
1
3
2
-3
5
8
5
8
7
11
10
5
4
4
8
7
2
2
0
-2
-3
-5
-5
-7
-12
-12
-12
-12
-12
-5
-6
-4
-5
-4
-3
-8
-9
-3
-12
-13
-13
-15
-17
-17
-21
-20
-18
-19
-15
-10
-17
-13
-9
-13
-8
-11
-5
-11
-10
-15
-12
-6
-11
-8
-5
-5
0
0
-1
5
1
8
5
6
3
1
7
11
3
12
9
9
16
10
19
22
22
26
23
22
24
18
19
14
14
19
21
20
13
8
12
10
5
12
16
14
11
13
14
13
8
6
7
5
0
-3
-1
-2
-4
-10
-12
-11
-11
-7
-9
-13
-6
-7
-12
-8
-8
-9
-9
-12
-12
-17
-13
-10
-9
-10
-12
-11
-9
-12
-9
-12
-16
-13
-14
-17
-12
-14
-9
-9
-11
-4
-7
3
1
6
2
-1
4
-3
5
-2
-2
4
8
9
5
6
3
8
5
2
5
5
3
5
3
4
0
-6
-4
1
3
1
1
5
-3
-8
-7
-6
0
-6
0
-4
-7
-2
-5
1
2
3
1
6
2
2
1
-1
-4
-9
-6
-3
0
0
5
2
1
3
6
3
7
10
9
9
8
11
15
13
21
14
16
19
10
15
9
14
10
16
11
7
11
7
7
4
7
5
3
2
2
4
1
2
-5
-1
3
5
4
5
10
7
11
8
7
7
2
2
0
7
-3
-1
-4
2
2
-1
-6
-7
-9
-15
-12
-14
-12
-19
-13
-11
-12
-11
-11
-2
-4
-9
-2
-6
-5
-3
-6
-3
1
-2
-3
-5
0
-2
0
0
-3
0
-4
-1
-6
-4
-8
-6
-8
-7
-4
-12
-12
-15
-10
-13
-17
-14
-13
-11
-16
-12
-14
-8
-4
-4
4
4
-2
-2
-2
1
0
0
3
1
0
-2
6
2
5
3
6
11
7
12
8
11
9
17
17
18
14
13
18
16
21
20
14
17
16
8
6
4
7
6
6
7
8
8
5
7
11
16
13
7
7
5
7
3
3
6
0
4
-1
-3
-4
-7
-3
-8
-10
-14
-14
-12
-16
-12
-11
-10
-12
-14
-15
-14
-8
-10
-11
-8
-7
-14
-10
-13
-18
-16
-18
-13
-15
-8
-7
-11
-5
-12
-8
-12
-6
-6
-6
0
-5
-2
-7
-2
-2
0
-5
3
0
-1
8
-3
2
0
7
2
0
-1
-2
-2
-2
0
0
3
4
4
5
10
4
6
-3
3
5
1
5
0
-1
5
4
-4
-3
-4
-1
-4
0
-6
-3
-3
-3
1
-3
6
1
4
2
4
2
1
-1
0
8
9
4
3
1
1
2
9
9
13
15
14
12
14
11
9
9
10
9
9
10
11
15
13
11
10
12
10
10
7
8
6
9
3
9
10
6
7
2
1
1
2
-2
-1
-1
-5
-8
-11
-2
-6
-7
-12
-12
-11
-8
-16
-10
-6
-14
-14
-21
-12
-17
-12
-15
-16
-14
-17
-10
-12
-11
-5
-4
-2
-3
-6
-2
-5
0
0
-1
-1
3
7
6
5
3
6
7
7
3
5
4
2
-1
0
-5
-4
1
3
2
5
2
10
7
7
9
8
6
10
9
9
9
3
7
3
6
4
3
2
-3
-2
1
-4
0
-3
-10
-4
-11
-6
-5
-6
-6
-4
2
9
10
8
4
7
6
6
11
8
9
11
5
4
8
4
5
1
-2
7
3
4
7
2
3
0
1
2
4
7
2
-2
6
-1
3
4
5
8
0
3
0
2
3
4
1
-3
-2
1
-7
-3
-3
-7
-3
-13
-11
-10
-9
-11
-13
-8
-9
-6
-13
-11
-4
-13
-10
-16
-15
-12
-17
-15
-14
-13
-11
-11
-7
-6
-5
0
-3
-3
-1
3
0
-2
-7
-6
-11
-10
-10
-11
-8
-12
-6
-6
-5
-4
1
-2
4
6
4
5
7
12
10
13
5
6
6
5
12
7
3
4
4
8
7
7
5
-2
0
-2
-3
-3
2
-3
-1
-2
0
0
-6
-2
-7
1
1
1
2
-3
-3
-5
-4
-7
-4
-4
-3
-3
-7
-4
-4
-1
0
5
3
3
7
10
10
12
9
14
14
12
16
11
14
12
14
13
12
7
15
14
12
19
19
16
19
19
16
12
7
9
7
6
0
-2
-2
-3
0
-5
-4
1
-5
-1
0
-2
1
-5
-7
-1
-1
-3
-8
-13
-8
-14
-11
-17
-17
-15
-12
-10
-13
-8
-9
-15
-14
-16
-11
-10
-12
-14
-20
-14
-19
-13
-18
-15
-15
-13
-12
-11
-9
-9
-8
-12
-7
-9
-8
-12
-8
-2
-5
3
5
1
11
8
7
14
13
15
12
8
11
16
10
16
12
17
18
13
14
16
15
12
11
14
10
9
10
8
8
11
14
10
5
5
5
5
8
9
6
4
-1
6
5
4
4
0
3
0
3
4
1
-3
-5
-2
-8
-1
-3
-3
-3
-2
5
3
9
6
9
9
4
8
1
2
3
4
4
6
3
2
-1
3
3
3
4
5
1
0
2
-3
-3
0
-1
-8
-4
-8
-9
-10
-8
-11
-9
-14
-7
-14
-17
-12
-15
-14
-14
-13
-18
-12
-14
-12
-15
-13
-15
-16
-9
-14
-10
-10
-5
-8
-6
-5
-3
-6
-11
-6
-11
-3
0
2
-6
-5
2
-5
-6
-7
-9
-1
1
3
7
7
7
9
11
11
5
10
12
13
12
17
14
16
17
15
14
8
14
14
12
8
9
5
9
1
1
0
0
8
-1
-4
-9
-3
-7
-7
-10
-8
-10
-11
-7
-11
-11
-11
-9
-10
-8
-6
-4
-1
-2
-1
-1
-3
4
3
3
0
4
4
3
5
2
2
11
2
2
10
8
10
14
16
17
18
20
15
14
12
6
11
5
9
7
8
2
2
0
2
0
-2
1
1
-1
2
0
-6
-3
-1
0
-6
-4
-9
-8
-10
-6
-4
-3
-3
-5
-2
-4
1
-6
-5
-4
-3
-2
-10
-10
-11
-10
-10
-10
-11
-22
-17
-14
-16
-16
-19
-15
-16
-20
-19
-18
-15
-18
-18
-12
-13
-9
-8
-8
-6
-7
-4
1
6
4
4
-1
3
1
0
1
1
3
1
4
7
6
7
14
15
16
20
21
21
16
22
25
21
22
20
15
20
20
14
14
20
12
13
16
10
15
9
14
7
12
8
7
3
3
2
2
-1
-4
-5
-5
-6
-6
-4
-2
1
-3
4
1
5
1
4
5
2
5
-1
0
-6
-2
-4
-6
-1
-4
-2
0
-2
-2
2
3
3
5
1
1
1
1
-1
-7
-7
-1
-8
-8
-10
-13
-7
-10
-7
-8
-11
-7
-8
-5
-5
-10
-10
-10
-17
-13
-12
-11
-10
-14
-13
-11
-10
-3
2
0
-2
-5
-2
-3
-3
0
-3
-1
-4
-1
0
-1
7
3
3
8
7
9
1
5
3
3
4
4
5
-1
-1
-3
1
-2
5
9
13
9
11
13
9
13
8
3
1
-2
-5
-1
-6
-6
-11
-8
-8
-6
-14
-13
-11
-13
-9
-13
-4
-8
-5
-3
-1
5
5
9
4
9
6
3
12
8
5
2
3
6
9
5
3
3
0
4
4
6
10
4
6
1
3
3
10
-2
2
0
7
4
-1
1
-4
3
1
6
8
9
4
2
6
4
12
9
7
9
2
2
-2
2
-4
-5
-6
-7
-7
-5
-7
-10
-2
-9
-6
-8
-5
-9
-7
-8
-2
-2
-4
-1
-1
-1
-8
-8
-4
-5
-9
1
-9
-6
-3
-4
2
-8
-9
-8
-9
-1
-4
2
0
-2
-5
-4
2
2
8
7
3
6
2
-2
2
-2
0
-2
-1
6
2
5
5
7
3
2
0
0
4
-9
-3
-10
0
-1
-8
-3
-9
-8
-6
-5
-4
-5
-6
-6
-8
-7
-10
-5
1
3
3
1
2
5
6
5
5
0
4
-1
-1
3
-1
-1
5
1
0
3
4
5
10
7
5
4
9
14
9
6
10
14
10
12
8
9
15
12
9
2
4
2
2
5
5
3
2
0
6
7
7
7
6
5
9
6
0
6
0
-7
-7
-8
-6
-8
-4
-3
0
-5
-7
-8
-3
-2
0
-5
-3
-5
-5
