SAMPLES:	16843
BITSPERSAMPLE:	16
CHANNELS:	1
SAMPLERATE:	16000
NORMALIZED:	FALSE
-4
-11
-12
-13
-9
-17
-16
-10
-12
-7
-4
-2
-3
-9
-8
-11
-3
6
7
6
1
2
4
1
0
3
2
8
5
3
-4
-12
-11
-18
-19
-15
-18
-14
-15
-10
-13
-8
-7
-6
-9
-12
-4
-10
-6
-2
-3
-5
-1
-7
-3
-3
-4
-5
-4
-5
-14
-12
-13
-8
-13
-16
-9
-13
-14
-13
-9
-9
-16
-2
-4
-5
-10
-6
-2
-3
1
1
3
8
9
11
19
10
15
19
22
15
13
21
22
25
20
26
25
20
20
18
17
24
15
17
19
17
13
10
18
-1
-1
-4
-2
-3
-3
-11
-9
-8
-16
-18
-17
-10
-14
-15
-8
-8
-13
-17
-21
-19
-16
-24
-23
-25
-22
-24
-29
-22
-16
-16
-16
-9
-3
-2
-2
-2
-2
-1
-3
3
1
0
5
1
1
-3
-5
5
7
7
7
4
-1
1
-3
-10
-2
3
4
9
0
-4
-12
-9
-8
-6
3
-10
-4
-7
-8
-4
-4
-3
-3
2
5
-1
2
0
3
10
-5
2
1
8
5
6
11
12
23
14
10
20
15
15
4
6
18
18
19
13
17
14
12
7
14
22
17
20
17
17
19
14
18
19
18
19
25
23
14
11
19
19
20
13
15
18
20
12
12
13
12
5
8
2
3
1
2
-2
-8
1
-8
-6
-6
-8
-10
-9
0
-9
-12
-9
0
-3
-11
-13
-9
-14
-12
-15
-18
-17
-27
-20
-17
-27
-20
-16
-18
-20
-27
-24
-23
-26
-29
-18
-21
-10
-16
-26
-18
-24
-30
-28
-26
-21
-25
-22
-21
-26
-19
-14
-13
-16
-11
-3
-8
-10
-11
-10
-6
-4
0
-5
-3
11
15
19
20
27
24
25
20
21
25
25
35
32
31
25
8
8
14
-5
6
19
16
18
8
9
15
8
4
8
9
14
20
17
17
14
15
10
6
17
18
9
5
-1
-8
-5
-3
-6
-4
-3
-11
-9
-12
-15
-10
-10
-16
-12
-7
-9
-12
-5
-7
3
5
4
11
2
12
11
10
9
12
14
7
4
5
9
5
3
3
1
0
-1
3
2
-2
-6
1
3
-2
-8
-14
-5
-5
-7
-7
-7
-4
-9
-10
-10
-13
-10
-18
-11
-15
-12
-15
-22
-15
-12
-22
-23
-25
-20
-15
-17
-14
-18
-15
-22
-18
-17
-17
-20
-16
-4
-11
-7
-6
-3
-3
0
3
1
3
1
7
6
9
8
9
4
3
-1
-3
7
3
7
3
7
10
14
14
5
11
16
22
16
20
21
15
10
16
12
9
13
18
22
18
13
13
6
8
11
10
13
12
13
9
8
8
4
6
11
9
9
11
14
8
10
18
13
12
9
10
10
13
10
5
3
5
8
6
6
3
11
14
5
1
0
3
8
10
10
6
4
4
4
-1
-4
-8
-13
-10
-15
-13
-10
-8
-8
-6
-8
-12
-10
-15
-19
-22
-19
-13
-14
-19
-23
-22
-26
-24
-22
-26
-14
-12
-15
-13
-15
-19
-11
-15
-17
-14
-15
-13
-8
-9
-11
-7
-8
0
2
-2
-5
-5
1
-3
6
1
0
4
1
5
9
12
9
14
8
3
13
15
15
21
17
15
21
10
7
10
8
11
9
7
7
8
7
2
9
7
7
6
3
4
8
4
1
2
-3
-4
-10
-11
-5
0
3
0
-5
1
-2
0
0
2
11
3
3
-1
1
5
5
0
2
4
6
7
7
4
0
-1
2
1
-6
-7
-10
-8
-6
-5
-7
-6
-16
-12
-10
-8
-11
-9
-6
-14
-12
-17
-19
-14
-6
-12
-8
-14
-20
-12
-16
-17
-7
-10
-6
-15
-17
-9
-14
-11
-10
-12
-8
-7
-6
2
-1
-2
-2
-2
2
-3
-4
-3
-2
1
2
2
6
4
1
2
3
9
8
10
8
7
12
1
8
10
11
15
11
2
5
6
4
12
7
7
9
13
21
16
11
17
14
13
17
21
18
25
22
18
19
11
14
19
12
15
14
13
7
2
4
9
14
14
12
11
14
8
7
-1
2
-2
1
0
1
3
1
5
1
-3
-4
2
-3
-1
-2
-1
0
-1
-2
-2
-3
-6
-4
-6
-1
4
-3
-1
-3
-4
-2
-9
-7
-7
-8
-10
-14
-12
-10
-14
-14
-10
-1
0
2
-1
-3
-1
-11
-10
-7
-7
-8
-14
-21
-23
-24
-22
-16
-13
-16
-12
-16
-18
-8
-15
-6
-6
-9
-3
-10
-8
-6
-10
-8
-7
0
8
-2
6
6
2
6
8
1
0
5
-1
-2
-4
-2
-3
-4
0
7
8
8
10
6
5
12
13
12
16
15
14
16
14
13
14
11
4
-4
2
0
-2
7
-2
-3
-2
-2
-5
-7
2
4
-1
3
2
4
8
6
2
2
3
1
-5
-2
10
0
2
7
2
-2
-2
-1
1
-2
7
4
7
-1
0
6
4
9
2
1
-3
-5
-3
-3
-4
-6
-4
-10
-10
-13
-8
-2
-8
-12
-11
-10
-7
-14
-10
-9
-8
-6
-9
-5
-2
-2
-8
-7
-5
-5
0
-12
-7
0
-9
-8
-8
-9
-4
-4
-8
-2
-2
-4
4
10
7
8
7
10
6
2
3
2
4
-6
-5
-8
-11
-9
-6
-6
-9
-7
0
2
6
2
-4
5
6
5
7
6
3
0
-3
1
-2
-4
-6
-4
-1
0
2
1
1
5
12
7
14
10
15
13
10
16
10
15
12
19
23
20
24
25
30
21
27
28
15
22
20
12
9
7
11
3
-1
6
-1
0
-2
-6
-7
-7
4
7
4
3
8
-6
-4
-1
-3
-6
-5
-6
-8
-5
-8
-11
-12
-7
-10
-2
-1
-7
-13
-10
-10
-8
-6
-2
-5
-12
-13
-15
-3
-2
-3
-1
0
-11
-13
-4
-3
-4
-1
-8
-8
-2
-3
-5
-4
4
2
-3
4
8
6
4
4
2
3
-1
-5
-4
-7
-9
-13
-14
-14
-8
-10
-10
-11
-16
-10
-10
-12
-8
-8
-10
-8
-4
-3
-7
-1
-6
-6
-2
-5
-1
-3
-8
-13
-10
-2
-3
-1
1
2
7
5
0
4
10
13
13
13
16
11
15
15
15
19
12
18
18
13
17
15
17
10
8
9
9
6
10
10
3
3
0
-1
-7
-2
0
1
-1
-8
-6
-7
-14
-20
-16
-13
-14
-10
-5
-16
-12
-5
-4
1
-6
-9
-8
-3
2
-2
-4
0
12
3
-7
-2
3
-1
-6
-9
-1
0
-11
-5
-1
0
-4
-10
-6
2
10
6
2
3
13
9
7
6
10
5
2
3
4
2
4
1
0
4
0
5
0
1
5
5
3
7
6
8
9
9
8
9
6
1
5
-2
-3
-7
-8
-5
-12
-8
-5
-1
-3
1
-8
-12
-11
-6
1
-4
-4
-6
-6
-3
1
-1
-1
5
5
5
1
4
7
3
5
1
4
5
2
1
2
-2
0
5
1
1
2
1
-4
-5
1
-6
-9
-8
-7
-11
-4
0
-6
-5
-5
-8
-10
-4
-7
1
9
3
4
6
1
-6
4
4
5
2
9
8
10
17
14
15
12
6
9
15
4
-2
4
1
1
-4
-6
-4
-3
-2
1
5
4
-3
0
-4
-5
-1
-2
-4
-2
5
3
0
2
-1
-8
-4
-6
-8
-8
-6
-4
-2
1
1
2
2
5
4
7
9
7
1
2
0
11
11
9
14
10
16
17
17
14
15
14
9
11
4
7
3
1
-2
1
-1
-6
0
-3
-3
-8
-4
-4
-10
-9
-10
-11
-14
-10
-9
-13
-9
-4
-3
4
4
0
-5
-4
2
1
-2
-4
-5
-12
-13
-11
-9
-8
-7
-11
-2
-8
-18
-14
-10
-7
-11
-7
-7
-11
-5
-7
-4
-8
-7
-8
-2
-7
-10
-4
-11
-14
-17
-9
-2
0
-4
-3
1
5
5
7
3
1
-2
-3
3
-5
-7
-7
-11
-3
-6
-7
-3
1
4
2
2
0
0
0
5
11
11
10
19
14
17
19
12
18
15
17
14
10
8
10
12
17
19
18
17
13
12
8
-1
2
7
8
8
8
7
-3
-6
-3
-6
-4
-3
-2
-6
-3
-8
-17
-19
-16
-9
-3
-6
-8
-8
-9
-11
-7
-9
-9
-11
-8
-9
-15
-16
-13
-9
-8
-10
-11
-9
-7
-7
-1
1
2
-2
-8
-3
-5
1
-1
-6
2
3
7
7
8
10
6
5
6
3
1
0
-4
-1
-1
0
-7
-5
3
9
12
14
16
10
6
17
17
12
12
6
9
8
11
15
11
13
9
11
8
7
7
5
9
11
8
5
4
12
13
15
11
11
9
2
8
11
5
13
14
10
9
2
9
13
13
7
2
5
-1
1
1
-4
-4
4
-1
-8
-9
-9
1
5
8
0
-5
4
-5
3
-4
-5
-6
-10
-8
-13
-9
-2
-6
-7
-4
-12
-5
-7
-9
-8
-8
-8
-14
-14
-18
-20
-24
-20
-17
-17
-15
-18
-16
-16
-23
-20
-17
-14
-8
-9
-8
-9
-6
-9
-7
-5
-8
-8
-13
-8
-11
-12
-9
-9
-12
-11
-7
-6
-3
-10
-8
-10
-1
-2
-3
-1
-3
-8
-7
-2
-4
-3
4
-2
1
11
13
11
8
8
0
2
6
9
10
13
8
-2
6
5
5
6
2
5
3
9
11
10
10
6
8
8
6
4
5
12
16
17
11
14
11
3
11
6
9
15
13
15
12
14
13
13
11
10
16
13
15
7
7
10
9
4
1
2
-3
1
7
6
-1
1
3
1
4
5
-1
-5
2
0
0
5
2
-4
-2
-3
-5
-6
-6
-3
-6
-10
-4
-4
-6
-8
-15
-9
-19
-18
-18
-21
-24
-25
-12
-14
-11
-16
-16
-17
-14
-10
-14
-16
-13
-20
-15
-14
-25
-28
-22
-16
-17
-8
-8
-11
-14
-5
-1
-2
-3
-1
0
0
4
8
12
9
8
10
16
19
18
22
21
12
16
21
15
9
16
14
20
22
16
24
19
13
13
20
16
21
19
24
17
16
13
10
13
13
21
15
18
13
0
5
11
10
12
7
11
14
10
5
3
5
10
9
11
8
10
6
0
-1
-6
-5
-1
2
-5
0
-2
-3
-5
-10
0
-3
-6
-6
-3
-12
-12
-11
-14
-16
-19
-16
-14
-18
-12
-11
-15
-10
-14
-18
-22
-17
-18
-21
-16
-18
-22
-16
-15
-19
-21
-23
-15
-12
-9
-13
-6
-8
-17
-9
-6
-1
-2
-2
1
-4
-2
-7
-9
-9
-14
-19
-20
-21
-18
-10
-12
-8
-11
-15
-23
-24
-12
-12
-13
-10
-13
-3
3
4
11
4
8
4
5
8
10
12
12
23
22
22
21
20
24
24
29
31
29
29
30
26
23
30
28
24
21
18
16
12
18
13
7
5
2
1
-2
-2
-4
10
5
5
7
6
0
4
4
5
11
11
12
7
8
10
6
8
7
4
1
-6
-6
-5
-2
-9
-11
-12
-11
-6
-10
-13
-16
-15
-19
-23
-20
-14
-11
-8
-11
-9
-11
-9
-7
-8
0
-4
-5
-5
-5
-3
-4
-2
-6
3
-3
-10
-15
-17
-14
-26
-19
-19
-23
-17
-27
-24
-19
-17
-14
-19
-16
-18
-18
-11
-7
-6
-7
-2
-6
-3
-4
-6
0
2
4
7
8
10
15
18
16
20
16
23
29
19
21
10
9
12
13
15
10
17
25
23
28
24
24
20
20
26
24
31
30
35
30
21
18
14
16
12
10
2
-1
1
-4
-1
14
7
2
0
-1
7
3
-4
3
2
-4
0
-6
-8
-3
-8
-11
-18
-19
-17
-16
-11
-14
-17
-21
-18
-16
-15
-13
-9
-10
-16
-12
-19
-20
-19
-17
-13
-10
-14
-11
-8
-1
2
0
-6
-1
3
-8
-2
-9
-7
-4
-5
-3
2
2
-4
-1
-3
3
12
2
-4
3
10
9
2
5
15
12
4
1
3
6
-1
8
7
-3
-1
-3
0
1
1
-4
-7
-2
1
1
1
0
7
4
-7
-7
-7
-13
-14
-8
1
-3
-1
9
-2
-1
-2
12
12
8
11
16
20
17
8
12
17
15
13
17
20
17
15
13
13
9
8
9
4
2
0
-7
-8
0
-2
-5
-7
-9
-7
-1
3
-10
-12
-7
-10
-12
-9
-2
-1
-5
-14
-15
-22
-20
-18
-26
-25
-19
-11
-3
-5
-11
-7
-13
-28
-25
-11
-5
-10
-15
-6
-11
-7
-7
-4
5
8
0
-5
4
-7
-2
1
-5
-3
6
3
2
3
4
4
-1
5
-4
-5
-10
-15
-12
-12
-14
-14
1
-2
5
7
-1
4
8
5
7
3
-6
1
5
-3
-7
-8
-13
-15
-10
-8
-14
-5
-7
-8
3
5
7
22
29
30
21
18
31
42
32
24
16
18
6
-11
-6
2
10
7
5
14
15
15
18
26
26
22
24
23
34
37
24
31
28
22
22
15
13
9
18
14
17
21
9
6
3
11
3
-3
5
15
10
-1
-9
-1
4
-1
-13
-23
-19
-34
-43
-42
-36
-33
-38
-32
0
7
0
8
7
10
15
5
9
4
4
4
-1
-12
-13
-14
-29
-17
-6
-21
-34
-17
3
0
-15
-21
-5
0
-9
-11
10
3
-5
1
-13
-17
-7
-20
-25
-22
-11
-13
-15
-19
-15
-15
-21
-18
-16
-3
-3
-15
-14
-9
-12
-7
-6
-3
-14
-28
-15
-11
-6
2
3
6
11
6
11
17
11
9
16
27
20
23
19
16
17
22
30
18
25
14
3
1
-2
21
19
12
35
29
6
21
20
8
13
17
21
25
14
4
1
4
2
5
0
4
10
7
5
-9
-4
0
7
6
-5
2
1
-4
1
-2
-11
-5
-6
-31
-25
-25
-43
-20
-18
-8
-10
-34
-28
-9
-7
-17
-12
-4
1
-14
-16
-20
-4
6
5
-2
-14
-16
-12
-13
-16
-2
-4
-16
-20
-14
1
-13
-39
-20
-11
-23
-25
-9
19
16
-4
-20
-20
-6
-5
-18
-16
-5
1
0
-12
-6
15
20
4
1
2
1
0
-5
-4
1
8
21
29
21
9
29
44
36
22
36
28
11
12
8
2
15
27
20
22
9
2
-13
18
48
59
65
32
18
19
-15
-24
14
35
40
48
58
44
2
-60
-52
-44
-64
-71
-42
5
21
2
-32
-33
-27
-8
-13
-3
31
45
10
-13
22
32
33
25
2
0
25
26
14
1
17
38
16
12
-12
10
33
-16
-29
-3
-17
-36
-38
-39
-12
-7
-41
-18
-7
-12
-3
-5
24
25
30
8
-22
-23
-25
-43
-37
4
6
-2
-4
-5
-8
-21
-27
-11
2
5
-8
-7
26
5
-34
-28
-38
-21
15
6
-1
-3
-18
-33
-45
-45
-29
-24
-33
-7
-1
-6
5
-14
35
25
1
29
9
26
16
-17
-10
-2
-20
17
26
7
26
23
3
16
10
7
33
25
38
29
33
56
47
30
26
18
6
-1
-4
-3
2
-10
-21
-18
-7
-20
-32
-19
28
21
38
34
-16
-11
-8
24
15
-15
13
32
12
-29
-13
-12
-7
4
25
16
-9
-3
-1
30
6
-25
-22
-17
-36
1
44
-7
-29
-47
-14
20
6
-23
-42
-11
-6
-5
-28
-41
-2
16
-38
-35
-29
-26
-25
-32
-26
-34
-8
-29
-5
25
-12
3
18
20
14
11
-3
-31
-9
-5
-4
5
16
7
-33
-37
2
34
34
26
9
-4
20
29
5
-10
-25
-42
-11
12
16
-8
-28
-17
28
34
-12
-17
-16
-26
20
9
14
41
1
10
9
10
18
10
19
16
0
0
-11
17
40
19
8
-1
1
13
22
4
3
-3
-52
-38
-5
2
22
25
0
4
41
17
24
26
-9
-33
-24
29
30
25
-3
-2
42
23
2
23
8
-23
-22
-2
-6
1
-15
-9
22
21
-9
-16
14
-14
-6
12
1
9
4
-18
12
42
4
7
-16
-20
48
36
-17
-23
-9
-25
-26
-32
-3
-20
-47
4
14
-21
-24
8
0
14
18
11
-11
-21
9
-5
-17
9
1
-8
3
1
10
5
-32
-30
-10
-9
-16
4
10
-46
33
50
19
-1
-10
-1
20
33
30
45
3
10
17
24
30
-5
-41
-21
4
-8
-4
-20
-4
21
26
-14
-26
8
6
28
7
-22
-2
-7
-28
6
19
2
-32
-64
-42
-2
24
-17
-19
19
-28
-22
23
49
25
-16
-35
-4
-5
-19
36
18
0
3
-37
-56
-2
14
0
-30
-12
6
-37
-2
7
7
27
6
15
29
-2
-48
-4
25
-7
9
-19
12
27
-4
15
-13
-44
4
26
10
-43
-21
39
20
6
34
35
25
29
32
-7
-51
-43
-42
-25
-4
-5
18
-13
-51
-46
-34
-5
36
15
26
36
5
-1
-52
-15
36
27
-17
-26
-17
-16
-18
-38
-42
15
22
-9
-6
20
17
8
7
12
29
24
-13
-67
-7
21
2
-26
-57
16
32
-7
-26
-26
-21
0
22
12
-11
11
50
53
42
12
-22
21
57
16
-36
-9
15
1
9
5
42
6
-39
-9
-4
26
-13
-19
9
16
1
20
29
-15
14
3
1
39
50
1
-11
18
49
30
3
7
-17
-24
21
40
18
14
-11
-5
16
-20
-8
42
21
4
-14
-45
-24
1
8
4
-53
-22
29
18
-11
-25
-18
-12
-48
-41
17
26
-24
-2
-9
-21
24
-11
3
46
6
9
5
-15
16
2
24
30
-29
-31
1
-6
15
4
-34
35
16
-18
4
-1
0
29
41
49
32
-46
-63
-32
7
-24
-33
-6
-8
-37
-25
37
-11
-52
-27
10
17
18
35
14
-9
-43
-9
-45
-43
-14
46
42
-93
-42
2
-9
-23
-6
39
14
-23
21
41
52
21
-42
-2
34
-1
10
-23
-10
12
45
32
-21
-40
-10
-12
-20
0
-21
15
23
29
14
-7
-15
-10
10
10
20
-41
8
46
0
-30
-61
8
54
48
31
57
10
-12
-53
-3
49
-3
7
-40
-46
14
7
2
-2
-12
-9
-34
-23
17
-2
-56
-26
23
22
12
0
-26
31
-11
-50
-5
2
29
-1
-15
-4
-8
-56
-8
22
40
63
-18
-42
-20
-24
-7
2
14
28
19
10
-21
-19
-1
-5
-13
19
10
-19
-7
25
8
50
67
32
46
-15
7
31
-25
-15
20
24
-6
-62
-43
-22
-49
-9
-19
5
50
-24
6
4
-47
1
5
-23
22
62
33
-2
-31
23
23
-4
-35
10
17
-35
-44
-42
6
-30
-17
25
-24
-11
-22
-26
41
14
-5
54
35
-20
23
-16
17
-11
-5
-6
-63
-27
35
3
1
62
-4
-8
12
70
54
-21
-42
-5
-23
-57
-25
14
21
11
6
13
9
24
5
-1
-5
65
33
-19
25
43
48
27
7
-20
14
20
11
8
12
18
37
0
-49
3
-3
-57
-5
1
5
34
19
12
8
7
-24
6
-24
-35
62
51
15
17
23
5
-25
-25
-32
-55
-51
-16
21
-33
-35
28
-38
-17
31
13
-19
-25
-15
10
-15
25
2
-31
-23
15
67
39
-23
4
14
-15
-25
-36
-9
-35
-4
47
0
-74
-17
-12
-36
6
-5
21
22
-42
28
11
-89
-15
12
-28
-23
-44
-9
22
-1
41
40
-17
-33
-35
-33
-5
17
0
-4
28
-15
-49
37
43
-52
-25
56
49
6
10
36
57
-22
-19
48
36
-17
20
47
1
-22
-16
17
40
-8
44
31
-39
-4
25
5
-4
-34
-45
2
-29
2
40
-16
-19
28
85
11
-62
-4
-34
-10
46
-20
19
37
-65
-17
3
-3
-1
-18
6
35
32
-52
-57
-3
-46
-49
-13
-10
-17
25
-9
-23
-23
-32
44
49
-25
-49
32
17
-24
-3
-6
-34
-28
-1
27
2
-42
9
23
4
-3
30
32
-34
-16
11
5
1
-15
-26
22
10
-4
-3
-49
19
54
-7
-19
6
-5
0
8
19
40
35
13
12
-15
10
1
38
10
10
48
-46
-26
49
18
-26
-2
19
14
-46
-15
62
23
-36
17
59
-7
-12
41
-26
4
44
26
-44
1
45
19
-19
11
19
-17
-9
24
65
54
10
-37
-19
2
-25
6
17
2
-12
-3
-12
-43
12
16
17
8
64
13
-67
0
19
-13
2
35
19
-33
-34
-6
17
-16
5
3
7
-49
-42
38
-46
-20
37
-29
-8
21
-5
-35
-19
-23
37
34
-9
17
-13
-72
25
26
-47
-23
-42
-14
35
17
-7
-3
-8
25
25
16
-21
23
7
-30
-22
13
7
-13
15
22
-19
-67
-53
32
48
-11
3
-16
-28
-41
-6
16
-30
-20
15
37
26
-10
-14
8
-13
-17
6
-16
-59
-53
2
-14
18
32
-6
-20
12
31
-32
-10
59
4
-15
42
38
4
-2
18
-57
-61
23
19
-25
-19
-23
18
0
-48
37
71
16
-14
27
-5
-14
19
43
48
-36
21
24
10
1
0
21
19
32
-11
26
23
-21
-25
25
-41
-16
-5
26
46
-23
-34
24
10
-14
-4
21
-12
-35
2
-36
-28
-15
41
7
-1
-23
-38
12
-4
-14
-11
-23
-1
13
-4
-77
-17
52
38
21
17
-14
-24
-19
-14
-6
-17
27
-14
-27
48
20
-45
-49
-28
6
-10
25
30
-13
-5
42
-25
-18
-21
9
42
3
-14
15
9
-63
-21
8
21
17
-12
-9
3
-13
14
-27
-47
-12
-28
-21
-1
-7
16
11
17
45
37
74
10
-69
-48
-13
26
58
12
39
16
-17
-13
35
65
-8
15
70
28
-4
2
14
-28
12
45
47
89
-23
1
40
-31
36
35
0
27
-11
-30
0
-51
3
35
-29
18
-7
-20
29
25
-35
26
-8
-13
31
2
-19
-34
-27
-9
20
31
-6
-40
9
0
-70
-30
52
29
-12
7
40
14
-33
-13
-10
-87
-44
20
-8
25
-5
-34
-28
-45
58
56
21
-15
-40
-6
2
-52
-17
-17
-47
-21
20
-26
-9
-6
-54
-33
-5
-7
28
12
-12
-7
-57
23
42
-7
-26
0
-31
-32
-30
28
45
-66
15
39
-28
24
21
2
-15
-47
-1
51
13
47
30
-32
-45
9
57
44
-1
-6
-23
-84
13
22
33
10
-29
11
4
14
65
16
-3
11
-16
41
55
1
-4
27
7
56
33
-26
-2
33
-31
36
-19
-26
5
-31
-10
41
-22
-31
61
-30
-15
-14
-23
9
43
-2
-3
10
-43
-11
44
15
-9
-1
1
35
3
7
9
-5
-6
-36
13
7
-7
2
-38
-10
-3
14
-15
-59
0
-6
17
14
-69
-9
20
-13
4
2
-19
-4
-40
7
2
-63
-48
5
-45
-48
44
-8
10
42
-45
-40
26
19
-1
-9
-4
-5
-5
-12
-23
26
-23
38
-12
-15
13
0
18
12
-37
1
43
-36
19
28
3
19
13
41
0
-1
52
9
10
-12
8
-8
29
44
2
-5
13
-41
-10
91
28
-12
10
-6
-10
-10
-42
40
31
-51
37
11
-31
15
21
7
46
-7
-29
30
4
-24
23
-26
8
50
-7
61
-38
-89
33
42
-39
27
35
-5
1
-7
-31
21
28
-12
42
44
-38
-30
4
-8
-2
-50
17
33
-28
-28
50
-28
-58
-7
-28
24
33
-11
-40
-23
-25
0
38
6
-13
4
8
-2
-38
-45
-19
2
-41
-20
8
-44
-22
-40
-5
47
-17
-2
47
-33
-77
-18
15
16
3
43
-17
-36
3
-17
53
30
-25
48
39
-19
-2
22
23
-1
-33
24
-11
20
72
70
32
-15
-20
-35
28
37
15
-3
-44
16
-6
0
2
30
-9
14
11
-70
-33
-54
22
27
56
15
12
11
-57
-11
39
23
22
1
6
-29
-78
-9
29
6
3
23
-7
-7
-4
-5
-1
-11
-8
17
29
-36
-21
32
10
-37
5
12
-54
25
29
16
-58
-8
65
8
-8
36
7
-20
5
-34
0
-1
-4
-13
-5
-19
-47
-12
-27
-24
36
-7
-22
-6
21
24
42
11
36
33
-60
-20
-34
-41
-4
7
-42
38
14
-61
-44
-4
70
23
8
19
-4
-39
24
38
2
31
-3
-68
-63
-25
4
3
-23
14
-24
-59
7
-26
-6
27
6
-8
-26
36
8
-28
32
38
-16
-3
-14
8
-11
-67
-13
26
37
1
-32
6
48
35
28
23
1
-21
50
85
-12
3
-2
17
41
4
1
35
-10
9
15
-12
-61
18
-1
63
112
6
-14
-24
-54
29
57
7
23
-32
-19
11
-25
-51
43
37
-44
-1
23
-31
6
-16
18
30
22
17
-74
-26
62
13
11
38
-29
-9
-12
-48
-24
-27
41
53
-27
-18
23
-39
-8
33
-8
50
-28
18
17
-51
14
-28
-28
-14
7
21
-21
-5
19
-31
-37
-2
-13
19
-49
-14
16
-71
5
-6
-22
32
20
9
-37
-38
-28
30
-34
35
73
40
2
-34
-62
-62
20
21
15
-21
-11
-40
-22
-24
-13
63
52
61
42
-24
-3
-38
-15
48
21
19
26
1
-26
-23
-12
-41
-26
50
41
18
-56
-73
1
-55
36
95
12
5
-59
37
-3
-36
20
27
-19
-7
70
3
-57
-65
5
-11
3
43
9
-6
-21
38
-9
35
62
13
-23
18
67
-11
16
-13
-28
9
31
14
13
-67
26
15
-71
-3
-11
0
21
7
10
-47
1
43
-32
16
-22
-22
-7
-19
-43
-62
1
50
-14
-14
-24
18
5
-39
15
-12
16
63
-31
-57
-29
-59
-7
27
-3
0
-28
-49
-20
32
-20
9
48
-18
45
47
-11
10
1
25
45
-20
6
11
-33
-21
54
62
-55
-7
6
2
65
35
19
20
44
46
35
22
28
20
-36
10
20
1
-56
-29
-29
-43
-9
-17
40
-62
-20
48
9
24
25
43
-3
4
-20
5
7
-21
-21
-13
-17
-29
2
27
17
-25
-7
11
-3
21
9
-3
-1
-40
11
31
76
6
-24
-3
-19
-20
-9
-14
-63
-39
-4
32
26
-32
-29
24
-9
-35
57
-5
10
-1
-19
43
14
18
-22
-46
-22
-22
11
19
-32
-1
-38
-17
41
9
26
10
-1
24
-28
-3
22
-17
29
24
-13
-47
-8
-29
-9
22
-14
-3
-51
-21
19
-13
4
24
-27
0
18
2
40
31
-41
-24
28
11
-2
-28
-56
-36
11
9
14
-46
-46
14
33
39
47
-3
-25
33
38
35
41
1
-2
12
26
48
39
-4
-19
-53
-77
24
41
-7
-16
-13
-9
43
53
14
3
-10
-19
47
35
6
-31
-41
-12
19
-13
-30
-29
-67
-44
7
23
-6
-21
-20
-22
-9
31
18
-6
-11
-5
-4
22
45
38
12
-30
-30
-35
31
52
6
2
10
-33
-10
48
3
-32
-4
8
-17
-6
-53
-28
16
-32
-1
78
39
0
4
-16
10
24
31
41
-22
-47
-2
5
2
5
5
28
40
-21
-30
-8
1
-7
22
34
-41
-38
-2
-3
-24
-30
-12
-6
2
50
22
-51
-54
-19
3
-8
-41
-35
-11
24
21
7
-29
-29
19
16
35
34
19
-14
-35
-19
8
-2
0
3
-6
-17
-4
-1
-24
29
22
21
9
-20
2
-2
12
30
12
20
24
-18
17
8
-3
7
15
29
11
18
22
29
8
21
35
35
2
-8
6
30
36
3
16
-10
-7
6
4
25
1
-21
-9
25
8
-29
4
-8
-5
22
32
25
-2
-20
10
13
22
21
-7
6
-6
-7
-7
-13
-20
-36
-13
8
-35
-58
-74
-61
-33
-49
-56
-60
-82
-101
-100
-87
-94
-82
-64
-37
-84
-72
-38
-32
-46
-46
-9
-27
-38
-50
-37
-18
2
-11
-7
-17
-16
-22
2
9
14
5
-8
7
36
66
98
62
18
77
125
115
102
128
141
124
62
61
70
54
87
120
96
114
213
327
405
381
327
300
360
443
486
483
445
370
259
155
158
120
-10
-108
-161
-182
-246
-361
-421
-471
-562
-597
-578
-543
-523
-578
-627
-588
-545
-503
-461
-480
-477
-423
-364
-268
-201
-167
-159
-131
-89
-6
105
161
202
208
204
234
278
348
374
329
265
249
302
408
527
579
475
297
166
167
223
235
237
153
0
-113
-191
-190
-216
-314
-330
-288
-222
-190
-215
-284
-300
-287
-218
-73
-7
-36
-106
-132
-108
-74
-75
-65
-120
-145
-135
-115
-91
-84
-102
-96
-27
47
139
184
218
215
242
315
381
409
407
384
360
395
478
588
714
955
1240
1323
1224
1045
1069
1209
1243
1249
1176
1006
741
402
155
17
-216
-535
-770
-891
-1014
-1243
-1494
-1655
-1756
-1829
-1769
-1611
-1503
-1482
-1499
-1424
-1265
-1098
-915
-745
-608
-453
-317
-188
-38
85
196
284
385
495
586
649
637
621
615
627
638
609
565
448
280
105
16
4
-11
-109
-239
-336
-401
-463
-493
-401
-300
-186
9
291
544
667
631
581
662
787
940
1055
1012
836
551
370
272
130
-1
-139
-238
-330
-462
-607
-763
-899
-938
-913
-790
-674
-643
-675
-689
-616
-518
-354
-142
6
124
202
308
492
598
724
868
963
1024
1076
1091
1095
1034
907
880
915
923
911
927
952
1186
1350
1249
989
691
626
683
637
460
170
-144
-467
-769
-907
-1023
-1239
-1545
-1724
-1727
-1683
-1692
-1771
-1735
-1601
-1493
-1324
-1062
-838
-702
-605
-423
-160
11
125
198
258
332
381
445
492
441
322
258
215
205
144
42
-90
-211
-309
-328
-311
-291
-278
-388
-435
-466
-424
-265
-109
-9
3
31
100
133
236
420
567
687
736
884
1195
1444
1494
1320
1039
875
829
784
733
474
53
-383
-770
-986
-1166
-1347
-1461
-1498
-1444
-1370
-1288
-1224
-1122
-951
-671
-289
63
257
385
486
658
924
1168
1318
1327
1246
1142
1096
1064
1076
1048
952
823
659
475
332
228
99
-67
-169
-152
-116
-138
-150
-66
204
581
736
639
425
367
552
674
628
449
217
12
-217
-353
-404
-571
-879
-1152
-1234
-1185
-1221
-1306
-1356
-1358
-1306
-1209
-1035
-835
-693
-619
-503
-323
-126
-25
56
182
242
303
392
460
459
360
272
253
246
259
218
121
-15
-169
-244
-232
-176
-169
-231
-330
-448
-490
-433
-312
-201
-140
-127
-135
-113
-80
40
179
294
389
465
605
860
1160
1246
1136
870
676
627
560
474
310
2
-356
-696
-923
-1014
-1134
-1211
-1183
-1034
-883
-775
-662
-503
-242
52
344
644
769
795
815
869
1034
1092
1053
964
801
603
400
198
108
95
-17
-123
-206
-282
-362
-456
-497
-469
-348
-194
-55
10
36
143
404
878
1365
1538
1322
1010
980
1186
1258
1073
765
457
157
-141
-375
-595
-919
-1282
-1550
-1580
-1495
-1491
-1582
-1623
-1571
-1421
-1184
-889
-579
-344
-156
34
267
489
618
670
700
759
821
838
778
617
400
155
-5
-56
-136
-266
-496
-738
-886
-926
-848
-776
-733
-727
-769
-815
-723
-471
-162
62
178
213
239
313
473
667
852
938
899
825
802
929
1187
1311
1098
693
372
227
114
-62
-268
-508
-853
-1166
-1331
-1323
-1282
-1315
-1262
-1051
-756
-485
-250
-26
196
450
698
958
1134
1120
1032
977
972
977
890
648
367
42
-223
-406
-499
-506
-581
-656
-695
-688
-651
-597
-511
-342
-114
70
206
313
484
663
813
1073
1531
1976
2076
1698
1207
1081
1219
1225
993
628
241
-160
-646
-988
-1158
-1359
-1604
-1737
-1671
-1528
-1472
-1555
-1496
-1237
-888
-503
-168
167
451
644
814
986
1106
1106
1043
978
901
781
548
250
-56
-378
-654
-820
-926
-1026
-1206
-1416
-1532
-1468
-1300
-1130
-982
-811
-610
-434
-267
-8
308
561
728
823
893
941
962
885
846
850
763
605
398
188
12
-36
117
188
10
-280
-554
-663
-647
-605
-565
-567
-670
-749
-699
-500
-270
-165
-36
169
414
662
804
896
955
958
943
946
865
735
543
317
131
-7
-208
-459
-704
-912
-1010
-1059
-974
-863
-816
-766
-653
-464
-226
-25
128
286
503
716
887
1022
1135
1216
1335
1670
2117
2337
2038
1368
883
891
1074
948
457
-94
-571
-996
-1256
-1349
-1385
-1528
-1744
-1768
-1511
-1193
-1013
-913
-728
-411
-26
349
700
1016
1160
1188
1227
1212
1126
942
669
414
165
-135
-480
-837
-1178
-1469
-1657
-1758
-1743
-1730
-1774
-1779
-1661
-1405
-1084
-771
-466
-136
76
238
380
578
844
1067
1168
1107
982
782
589
470
418
342
167
-59
-304
-475
-546
-503
-319
-13
116
-7
-149
-104
101
306
429
454
452
415
376
415
467
399
242
215
310
398
329
208
95
-40
-105
-160
-181
-216
-308
-400
-490
-523
-540
-575
-621
-641
-584
-481
-376
-240
-110
-36
89
190
283
408
540
614
665
760
801
773
734
828
960
1075
1285
1618
1761
1500
931
543
631
766
636
259
-102
-383
-677
-930
-1034
-1038
-1070
-1147
-1086
-850
-633
-569
-560
-413
-176
102
319
539
722
766
627
458
340
246
123
-108
-350
-606
-863
-1109
-1316
-1421
-1488
-1531
-1541
-1479
-1333
-1172
-1050
-869
-613
-354
-73
253
519
656
663
618
668
822
940
889
709
433
151
-44
-66
-25
-72
-251
-468
-587
-533
-448
-279
24
280
315
215
218
400
661
804
830
843
784
627
435
343
293
165
-12
-122
-141
-176
-260
-394
-433
-388
-352
-337
-329
-325
-279
-231
-194
-135
-130
-198
-265
-258
-153
-46
-28
-60
-53
12
83
145
184
238
290
341
406
449
447
442
554
775
920
970
955
1182
1634
1921
1785
1326
923
828
931
889
662
338
-53
-492
-818
-926
-934
-1032
-1214
-1317
-1230
-1063
-996
-985
-892
-708
-462
-186
89
293
338
262
173
152
165
94
-45
-179
-374
-580
-763
-909
-1018
-1152
-1278
-1296
-1186
-1053
-1009
-1013
-972
-819
-551
-256
17
210
266
201
154
271
520
741
760
620
389
210
148
191
235
236
182
105
35
-34
-77
-60
111
432
677
699
542
367
321
356
456
555
522
335
31
-218
-311
-381
-452
-453
-389
-321
-301
-329
-333
-311
-260
-151
54
256
328
254
147
108
115
130
156
146
97
45
-53
-75
-75
-108
-95
-29
55
137
147
144
164
197
319
510
706
843
880
833
828
907
1233
1716
2055
1950
1398
818
606
699
749
604
276
-126
-533
-942
-1210
-1313
-1367
-1454
-1466
-1317
-1113
-1002
-1038
-999
-760
-440
-89
204
409
480
409
342
354
420
360
165
-69
-243
-391
-589
-811
-1033
-1194
-1319
-1382
-1305
-1201
-1165
-1181
-1131
-970
-728
-474
-243
-8
156
185
185
279
445
613
681
674
640
530
378
292
291
323
278
110
-47
-100
-63
143
398
446
294
85
104
328
499
537
468
310
144
48
94
203
164
-21
-177
-154
2
139
127
37
-14
-32
-6
43
81
61
-61
-170
-196
-229
-284
-362
-428
-443
-414
-372
-284
-245
-240
-234
-163
8
177
289
362
467
582
689
763
845
959
999
1028
1040
1092
1198
1363
1688
1901
1727
1199
698
533
661
711
520
123
-358
-811
-1168
-1260
-1147
-1098
-1194
-1305
-1278
-1089
-954
-887
-727
-441
-174
22
212
418
504
406
276
224
257
209
58
-163
-434
-720
-1020
-1223
-1292
-1365
-1509
-1630
-1622
-1498
-1355
-1235
-1118
-958
-759
-517
-194
144
366
386
333
437
710
976
1056
989
821
624
444
352
366
362
230
26
-123
-233
-290
-270
-78
227
377
329
258
280
397
445
489
567
555
442
277
184
154
76
-42
-94
-27
41
23
-100
-189
-222
-274
-270
-192
-107
-89
-167
-290
-359
-362
-328
-263
-197
-193
-217
-263
-191
-31
86
185
245
324
435
572
688
757
743
697
738
903
1086
1156
1075
865
804
1037
1550
2027
2046
1505
776
399
485
713
665
348
-104
-580
-986
-1201
-1190
-1163
-1303
-1488
-1483
-1251
-1028
-989
-982
-863
-621
-347
-68
239
437
414
234
97
117
154
51
-182
-412
-641
-913
-1164
-1277
-1353
-1471
-1609
-1636
-1512
-1358
-1252
-1203
-1093
-920
-693
-366
33
332
413
326
329
508
751
939
993
922
753
536
381
364
398
366
238
84
-17
-39
7
210
495
606
539
394
338
428
575
635
641
566
372
176
112
145
122
-32
-172
-158
-31
26
-72
-194
-273
-288
-265
-152
-39
-20
-156
-309
-317
-215
-142
-141
-140
-135
-108
-47
82
249
347
350
357
425
595
766
822
795
739
686
709
807
921
940
834
680
625
810
1243
1654
1707
1245
587
238
294
505
523
282
-122
-573
-1002
-1258
-1274
-1223
-1299
-1454
-1474
-1289
-1074
-981
-942
-821
-603
-365
-96
220
470
500
304
132
89
84
47
-105
-343
-596
-889
-1163
-1307
-1382
-1506
-1666
-1726
-1575
-1362
-1243
-1181
-1127
-1005
-770
-412
41
379
460
356
300
475
797
1074
1165
1073
874
637
500
500
586
581
424
212
59
17
59
162
362
552
602
506
411
437
475
500
502
459
396
245
155
120
58
-45
-187
-169
-60
37
41
-56
-162
-224
-235
-158
-5
70
27
-114
-223
-263
-233
-198
-169
-151
-160
-162
-149
-70
25
113
153
235
366
484
553
558
545
549
616
708
835
960
994
879
729
687
849
1215
1663
1845
1541
915
406
278
441
541
431
102
-354
-827
-1192
-1301
-1244
-1192
-1311
-1429
-1407
-1234
-1061
-936
-808
-677
-557
-392
-143
169
363
289
58
-153
-164
-153
-230
-402
-651
-929
-1182
-1314
-1329
-1335
-1468
-1621
-1613
-1424
-1213
-1094
-1008
-890
-717
-476
-171
185
427
466
416
510
796
1086
1218
1153
998
827
692
699
813
900
776
496
267
233
355
500
658
715
620
419
232
220
341
429
378
219
18
-130
-180
-171
-133
-192
-250
-289
-247
-136
-68
-64
-119
-134
-108
-24
70
108
69
-79
-224
-208
-114
-41
-40
-118
-162
-166
-98
40
139
206
228
235
323
487
610
690
699
700
754
798
856
922
936
863
779
718
782
984
1307
1563
1497
1095
616
358
436
560
461
154
-211
-552
-850
-1080
-1178
-1176
-1290
-1437
-1518
-1407
-1203
-1076
-1030
-989
-922
-758
-590
-397
-148
-3
-23
-120
-229
-295
-349
-461
-552
-613
-719
-862
-981
-1083
-1149
-1220
-1236
-1188
-1093
-1014
-936
-812
-670
-539
-412
-230
-45
82
175
282
479
702
859
945
908
825
753
739
841
1000
1039
909
672
500
471
526
568
566
560
549
545
497
430
339
209
60
-20
-16
11
-39
-176
-346
-449
-442
-382
-332
-272
-224
-203
-133
-23
86
134
120
93
137
193
246
278
255
170
80
25
-1
23
42
37
31
84
189
265
295
274
267
361
474
605
655
620
539
495
505
551
635
643
614
619
808
1176
1496
1482
1164
790
587
555
569
538
420
192
-131
-523
-849
-1004
-1121
-1274
-1460
-1535
-1502
-1445
-1384
-1337
-1276
-1233
-1244
-1208
-950
-542
-240
-146
-256
-381
-482
-533
-461
-279
-159
-241
-464
-664
-743
-787
-822
-880
-863
-854
-857
-856
-815
-728
-632
-542
-459
-317
-165
-44
56
206
410
629
766
844
889
895
887
920
1022
1157
1246
1206
1093
974
874
793
755
801
896
892
755
531
313
149
5
-100
-159
-218
-297
-414
-506
-557
-602
-655
-659
-562
-382
-163
-11
47
101
163
230
293
380
460
508
513
447
405
368
305
208
81
15
-13
-26
26
94
129
70
-20
-86
-77
-12
43
78
121
186
203
217
243
266
257
266
332
516
827
1215
1511
1581
1364
1049
900
943
1076
1097
937
638
273
-98
-418
-649
-857
-1140
-1480
-1756
-1887
-1857
-1772
-1769
-1810
-1840
-1856
-1793
-1619
-1290
-963
-764
-657
-575
-473
-366
-307
-252
-189
-139
-104
-49
40
67
-25
-243
-417
-489
-460
-371
-294
-261
-280
-317
-337
-310
-271
-253
-210
-84
143
391
533
559
511
474
514
675
912
1138
1256
1230
1169
1122
1162
1203
1186
1122
1095
1142
1157
1086
931
715
432
130
-94
-208
-290
-409
-592
-755
-855
-910
-964
-1000
-941
-774
-533
-292
-63
96
156
161
201
328
494
646
698
689
625
532
448
350
259
156
40
-36
-48
-30
-58
-142
-259
-354
-374
-340
-284
-234
-193
-168
-149
-94
-28
23
68
105
176
285
442
623
886
1182
1391
1463
1373
1262
1207
1223
1222
1108
952
741
446
55
-356
-683
-908
-1119
-1360
-1597
-1764
-1898
-2057
-2143
-2148
-2044
-1935
-1841
-1689
-1492
-1257
-1065
-915
-772
-609
-453
-358
-269
-126
5
71
65
82
133
158
166
188
195
195
145
83
71
126
201
192
140
78
57
39
94
206
304
326
253
189
233
368
531
645
673
655
669
724
837
987
1057
1059
1007
974
925
958
1028
1042
989
834
621
411
243
90
-77
-212
-308
-428
-501
-548
-599
-629
-613
-566
-471
-357
-253
-134
-40
31
88
139
192
237
256
224
220
209
183
119
21
4
8
-21
-68
-109
-114
-135
-142
-106
-62
-38
-49
-74
-81
-65
-74
-72
-47
1
54
96
127
107
46
-13
22
109
183
252
343
478
605
643
593
576
597
611
564
486
412
307
148
-53
-199
-266
-351
-534
-774
-953
-1032
-1097
-1135
-1133
-1141
-1212
-1327
-1409
-1379
-1264
-1162
-1120
-1085
-990
-899
-755
-640
-541
-450
-373
-286
-175
-48
69
149
158
165
185
234
292
333
401
453
453
423
424
455
477
478
470
473
509
542
549
542
539
554
550
540
535
559
578
575
576
580
587
555
503
463
472
521
581
646
719
739
661
530
391
319
263
191
125
55
-27
-114
-212
-255
-277
-302
-358
-422
-442
-425
-395
-386
-373
-367
-369
-424
-432
-392
-343
-305
-299
-264
-239
-218
-181
-140
-111
-114
-120
-87
21
160
204
144
51
-9
-23
-16
8
55
73
21
-72
-126
-147
-163
-143
-133
-115
-46
17
40
22
-21
-50
-13
160
367
561
641
616
584
594
620
632
615
604
595
494
398
272
141
-39
-277
-461
-566
-627
-679
-779
-896
-999
-1105
-1210
-1263
-1222
-1156
-1132
-1079
-999
-881
-736
-623
-497
-410
-347
-288
-198
-70
59
177
240
247
230
228
251
275
315
382
455
484
475
426
388
336
307
324
366
418
446
437
393
370
422
458
465
482
484
516
548
554
495
462
440
402
407
448
467
459
442
418
421
408
369
306
227
170
113
65
4
-56
-142
-220
-287
-297
-305
-354
-371
-364
-319
-286
-274
-276
-288
-305
-292
-233
-193
-211
-261
-308
-345
-381
-423
-444
-452
-453
-438
-451
-471
-483
-490
-453
-359
-276
-211
-167
-170
-137
-91
-36
42
134
206
267
288
325
352
361
382
417
474
527
538
469
386
299
287
330
438
589
643
604
497
452
506
549
572
587
562
501
392
300
240
156
57
-71
-207
-335
-455
-579
-708
-805
-897
-955
-973
-998
-987
-970
-961
-933
-900
-824
-724
-658
-615
-594
-534
-464
-419
-378
-351
-290
-216
-153
-104
-52
-3
42
98
153
239
311
337
325
328
364
406
416
410
415
412
371
327
332
390
448
471
479
500
520
542
550
566
615
654
644
602
583
568
549
551
546
548
508
424
318
212
131
47
-40
-146
-258
-355
-445
-525
-589
-642
-664
-664
-666
-665
-702
-721
-718
-692
-625
-558
-489
-465
-464
-464
-434
-396
-346
-316
-287
-223
-163
-119
-91
-79
-59
-40
26
131
222
276
252
204
192
218
275
342
421
458
476
489
489
523
569
631
680
710
733
752
771
761
723
671
655
604
552
509
487
497
465
395
299
238
178
151
82
-22
-133
-216
-264
-301
-321
-382
-460
-577
-711
-821
-896
-904
-907
-916
-949
-963
-988
-964
-922
-896
-848
-814
-759
-704
-614
-551
-506
-467
-428
-368
-308
-253
-189
-102
-28
59
135
167
194
220
253
289
337
405
449
455
452
426
387
364
371
390
424
441
433
392
360
349
333
310
282
249
237
250
277
301
289
233
147
92
104
128
151
125
66
22
-17
-45
-64
-91
-137
-188
-243
-276
-286
-290
-285
-301
-331
-335
-324
-264
-188
-164
-170
-177
-152
-99
-29
46
94
107
93
102
125
146
171
175
196
191
206
242
271
289
298
294
306
320
348
393
429
456
442
418
415
401
375
366
355
367
361
338
307
254
177
130
76
51
68
79
62
12
-62
-152
-205
-231
-242
-259
-265
-255
-209
-185
-228
-289
-360
-393
-402
-415
-429
-433
-444
-481
-510
-502
-435
-405
-403
-430
-464
-471
-454
-402
-324
-244
-256
-282
-317
-317
-279
-250
-218
-196
-186
-179
-164
-138
-109
-96
-93
-111
-101
-64
-32
-7
0
-10
-28
-23
8
46
82
100
105
139
171
188
199
196
213
220
247
271
291
284
235
174
173
186
183
186
160
155
141
120
104
98
108
90
82
68
30
22
18
50
84
95
105
153
220
237
214
179
177
212
269
340
380
372
355
334
303
320
363
359
345
338
327
327
315
316
310
286
259
187
129
110
77
37
-5
-79
-153
-210
-244
-260
-272
-265
-278
-291
-260
-219
-185
-172
-203
-212
-205
-184
-171
-169
-160
-192
-234
-270
-290
-281
-281
-294
-302
-312
-288
-269
-262
-207
-168
-174
-162
-145
-128
-87
-45
10
89
154
200
223
198
186
190
208
249
285
313
308
240
185
161
106
15
-69
-143
-209
-242
-291
-319
-335
-382
-423
-469
-474
-435
-406
-384
-360
-330
-303
-277
-273
-275
-266
-248
-222
-194
-166
-148
-126
-103
-97
-87
-65
-35
-5
17
54
77
119
112
83
96
106
121
128
134
129
113
96
99
129
158
192
229
274
327
381
432
475
524
545
553
579
597
608
602
593
592
591
556
527
509
533
557
540
471
363
270
182
140
113
102
58
-27
-123
-218
-243
-246
-250
-246
-262
-286
-322
-331
-328
-326
-325
-331
-349
-348
-341
-339
-329
-359
-380
-400
-392
-385
-388
-367
-378
-358
-352
-343
-331
-285
-264
-285
-270
-265
-225
-189
-163
-131
-104
-85
-69
-62
-28
4
43
85
162
249
294
315
288
266
280
322
361
388
366
335
296
272
278
319
355
369
345
321
332
345
333
297
224
158
123
75
33
1
-59
-158
-288
-389
-427
-445
-462
-494
-497
-512
-517
-537
-554
-549
-533
-470
-418
-359
-317
-293
-289
-280
-255
-208
-161
-106
-48
-13
30
71
87
90
98
106
141
173
219
259
287
286
279
253
229
265
286
287
319
318
296
273
252
260
275
288
287
299
309
303
294
289
280
273
261
236
201
140
104
78
61
34
19
6
5
44
56
47
5
-38
-77
-82
-104
-129
-191
-270
-321
-373
-364
-344
-343
-344
-360
-369
-371
-361
-332
-304
-267
-243
-217
-205
-215
-185
-157
-137
-88
-44
-9
1
6
-11
-10
1
25
28
56
73
78
106
134
145
163
190
218
254
291
323
341
351
338
332
321
330
330
328
346
342
338
315
297
247
194
173
148
130
134
185
263
321
326
281
208
151
152
153
152
131
79
1
-96
-170
-239
-292
-356
-451
-569
-634
-675
-683
-647
-642
-656
-689
-720
-724
-661
-581
-503
-442
-399
-331
-288
-276
-267
-245
-211
-152
-109
-51
-1
26
26
12
21
45
68
91
125
149
165
148
125
115
118
111
119
156
187
197
197
179
165
170
190
228
255
271
281
261
260
275
303
319
325
310
281
279
255
263
251
213
173
139
139
174
206
189
131
45
-43
-121
-188
-246
-276
-313
-354
-403
-451
-487
-483
-483
-461
-424
-357
-290
-227
-137
-78
-10
13
27
93
172
245
283
290
242
222
215
228
245
260
263
257
261
265
320
348
370
377
369
374
384
411
409
394
376
349
319
295
274
236
203
194
177
157
145
106
55
6
-30
14
145
314
424
393
270
160
90
52
33
-6
-75
-182
-335
-477
-594
-691
-814
-973
-1119
-1194
-1184
-1149
-1112
-1083
-1085
-1132
-1133
-1073
-937
-738
-568
-453
-375
-315
-246
-169
-115
-35
53
123
213
293
374
444
436
375
313
300
321
345
372
361
320
246
169
81
18
-22
-61
-58
-7
56
71
70
36
-4
20
92
208
342
433
499
510
511
536
554
561
558
560
550
558
539
493
425
348
265
171
95
55
45
65
100
107
57
-55
-193
-279
-307
-304
-285
-281
-308
-355
-384
-401
-379
-351
-312
-249
-137
-9
117
223
287
309
309
310
355
404
454
457
431
370
270
201
133
92
50
32
39
41
39
25
0
-24
-37
-13
44
102
155
172
134
94
90
75
56
32
8
15
40
38
29
4
-40
-111
-196
-217
-129
67
293
446
435
238
13
-107
-138
-101
-89
-140
-268
-495
-739
-938
-1054
-1138
-1242
-1325
-1350
-1281
-1174
-1097
-1064
-1053
-1013
-945
-821
-601
-301
-45
81
137
138
184
254
308
381
456
522
552
563
547
517
464
363
265
227
226
232
215
176
117
61
4
-51
-88
-86
-37
21
95
158
216
235
216
207
263
404
555
689
756
766
740
695
687
682
708
723
685
625
556
456
365
287
196
95
-6
-60
-63
-46
-75
-141
-197
-183
-146
-106
-123
-166
-162
-143
-139
-135
-111
-138
-161
-188
-193
-126
-45
-14
-18
-32
-15
11
40
73
87
112
99
54
15
-20
-57
-124
-183
-259
-294
-302
-336
-351
-372
-370
-356
-317
-269
-206
-129
-75
-52
-21
25
64
81
73
64
61
54
33
45
73
79
59
64
45
22
7
-29
-52
-53
23
206
441
573
497
274
77
3
51
108
129
54
-120
-379
-608
-755
-818
-838
-905
-947
-948
-876
-793
-755
-763
-756
-717
-608
-413
-155
85
236
256
178
158
203
284
360
418
434
405
340
260
212
146
59
-23
-42
12
66
78
44
-36
-68
-49
14
104
215
312
352
367
426
514
579
608
602
614
653
734
809
828
781
689
549
468
460
499
508
426
281
120
-11
-90
-127
-162
-224
-301
-377
-415
-421
-391
-359
-361
-371
-348
-229
-77
86
184
164
118
74
56
91
129
120
65
-34
-147
-229
-262
-314
-398
-460
-500
-469
-416
-390
-394
-410
-441
-452
-421
-352
-257
-205
-177
-172
-150
-90
-22
29
51
63
91
129
180
240
286
291
257
218
224
246
253
247
201
132
78
45
12
15
37
19
10
4
34
68
66
53
23
20
103
277
513
741
746
547
325
240
316
401
391
274
61
-187
-427
-612
-692
-740
-852
-989
-1067
-1040
-993
-964
-971
-961
-885
-756
-589
-397
-165
-4
45
49
90
231
381
471
487
473
432
367
331
301
269
214
125
49
13
7
-3
-79
-143
-145
-79
21
94
95
70
54
91
213
356
500
536
485
421
427
538
657
732
726
666
613
588
573
549
492
379
228
89
29
7
-53
-150
-296
-422
-494
-535
-560
-567
-596
-610
-601
-542
-424
-262
-77
63
77
27
-12
18
123
175
202
161
49
-57
-158
-231
-263
-296
-317
-313
-308
-255
-218
-242
-259
-256
-199
-104
-28
47
106
115
98
81
92
116
161
168
129
129
143
148
160
161
168
170
183
193
216
234
223
193
176
171
178
190
170
142
136
144
143
176
199
180
177
161
157
171
184
232
380
604
751
690
436
215
147
195
220
129
-17
-250
-544
-822
-963
-983
-988
-1054
-1177
-1237
-1208
-1151
-1102
-1043
-929
-784
-638
-510
-346
-147
-15
41
75
174
325
436
427
375
326
299
240
219
242
209
136
12
-69
-85
-65
-71
-99
-79
-16
43
102
106
94
94
134
241
403
576
648
619
532
473
496
591
677
720
671
575
469
359
309
258
171
63
-35
-108
-171
-240
-321
-430
-527
-570
-593
-560
-506
-463
-453
-456
-419
-339
-195
-23
214
436
529
510
414
355
429
516
541
500
370
187
0
-162
-244
-253
-258
-315
-368
-374
-373
-349
-342
-288
-184
-53
70
145
199
215
197
199
234
308
382
399
306
204
139
107
110
129
132
113
43
-49
-113
-157
-149
-161
-187
-153
-122
-111
-84
-108
-146
-170
-154
-95
32
143
141
96
30
13
44
117
243
427
616
723
599
355
159
134
247
317
254
59
-196
-508
-740
-863
-854
-855
-931
-1019
-1079
-1077
-1053
-1016
-965
-817
-652
-484
-315
-178
-48
38
86
159
287
441
494
433
324
266
228
192
163
140
95
3
-110
-186
-194
-198
-222
-216
-175
-106
-14
28
55
95
139
202
339
525
680
719
641
570
566
633
741
821
821
708
535
396
306
290
263
197
102
-22
-143
-249
-327
-378
-409
-414
-409
-399
-346
-304
-302
-298
-278
-173
-32
104
190
255
339
475
683
793
796
675
559
525
510
438
313
121
-152
-337
-464
-535
-593
-686
-786
-833
-802
-732
-653
-610
-536
-430
-256
-58
68
145
176
157
182
273
352
392
353
216
111
61
34
13
-33
-117
-186
-231
-236
-196
-180
-195
-255
-258
-186
-99
-6
35
29
19
43
130
239
314
342
315
288
299
318
351
410
395
350
300
306
442
631
681
497
192
-21
-28
27
-19
-148
-354
-606
-801
-895
-851
-806
-872
-1019
-1120
-1071
-919
-789
-704
-633
-561
-449
-307
-131
55
201
262
261
316
400
461
430
347
280
244
211
189
161
108
11
-96
-141
-113
-49
-16
-47
-43
12
71
156
194
219
242
281
375
503
624
642
573
511
475
536
622
663
607
482
311
158
100
90
74
4
-119
-245
-315
-348
-386
-428
-449
-464
-447
-424
-380
-316
-255
-213
-183
-142
-52
56
140
194
230
244
327
517
628
609
472
248
172
220
231
201
86
-171
-368
-488
-539
-499
-465
-499
-536
-514
-453
-368
-318
-257
-137
12
175
271
290
328
326
305
357
404
409
356
229
104
68
33
-39
-95
-153
-223
-249
-233
-190
-145
-168
-186
-193
-126
-15
54
111
117
89
76
116
214
317
321
247
164
137
159
175
192
163
88
2
-69
-41
110
265
290
118
-112
-196
-99
17
9
-93
-253
-406
-508
-514
-461
-451
-517
-627
-664
-589
-501
-479
-490
-455
-363
-205
-89
-24
19
23
8
55
162
238
269
171
50
7
21
47
31
1
-43
-121
-166
-128
-75
-20
-20
-31
21
97
185
240
237
239
250
267
336
449
504
443
317
205
156
173
208
196
139
38
-57
-107
-116
-79
-64
-78
-69
-46
2
27
18
33
87
149
172
207
239
274
266
212
194
213
228
224
189
138
110
104
93
143
293
394
355
221
98
108
173
179
144
61
-59
-166
-252
-304
-295
-281
-309
-310
-265
-198
-179
-213
-199
-119
-28
23
7
-27
-51
-79
-98
-86
-114
-187
-297
-408
-431
-386
-392
-427
-441
-433
-381
-275
-196
-127
-55
2
85
184
286
332
359
391
390
370
337
301
256
243
213
151
105
42
-31
-74
-91
-99
-108
-121
-127
-155
-124
32
253
396
325
140
80
168
277
319
249
99
-71
-224
-293
-298
-307
-407
-581
-712
-724
-710
-701
-700
-659
-571
-494
-458
-421
-364
-288
-188
-90
35
105
89
20
10
82
141
161
162
175
181
177
172
167
203
243
267
316
356
379
364
322
350
376
392
371
347
349
325
327
311
298
251
188
134
130
183
244
237
182
149
173
213
243
265
235
191
144
122
128
143
126
78
30
-29
-73
-92
-116
-152
-161
-146
-158
-171
-196
-228
-222
-181
-128
-44
51
205
305
263
146
17
49
180
232
192
77
-136
-324
-420
-447
-393
-379
-435
-507
-547
-547
-530
-512
-444
-335
-226
-124
-89
-96
-72
-57
-53
22
65
46
4
-85
-152
-144
-133
-97
-22
32
33
-7
-17
10
83
167
234
274
240
188
156
181
204
180
159
131
132
140
117
62
-1
-34
-16
58
150
180
154
87
53
63
118
233
397
509
478
303
142
126
220
274
230
145
-8
-179
-321
-424
-450
-458
-509
-562
-581
-594
-630
-656
-605
-472
-302
-193
-141
-103
-64
-7
71
185
266
265
222
191
185
188
184
150
147
139
99
43
-10
-35
-64
-60
-71
-39
-3
-21
-31
-28
6
23
43
70
125
176
168
137
111
109
127
147
186
242
238
184
137
162
201
212
202
142
98
54
21
-20
-50
-89
-117
-117
-127
-152
-163
-179
-181
-149
-103
-65
-54
-34
-14
19
69
120
146
144
145
140
147
191
277
347
319
210
54
-30
13
28
-4
-76
-191
-312
-378
-421
-425
-426
-449
-444
-395
-301
-239
-251
-229
-131
-8
100
148
149
136
124
125
165
211
193
147
58
7
7
12
16
3
5
17
10
-14
-18
11
86
146
169
189
169
153
184
230
259
247
219
189
203
195
177
144
103
106
125
176
214
154
67
-11
-75
-54
17
105
178
175
91
-33
-95
-39
12
-20
-87
-167
-234
-334
-406
-433
-455
-482
-515
-520
-505
-515
-566
-598
-510
-389
-324
-298
-308
-278
-233
-183
-112
-30
12
5
-12
-2
34
47
44
34
51
108
131
102
80
95
131
173
211
255
262
225
221
249
287
302
272
250
246
260
278
273
240
214
204
196
194
202
158
101
45
24
34
50
58
10
-29
-61
-65
-42
-27
-30
-44
-41
-48
-38
-18
6
28
35
28
41
56
53
58
72
84
104
103
66
26
-15
-24
-22
-15
0
51
167
223
214
138
41
41
110
168
184
161
67
-16
-74
-129
-155
-147
-134
-123
-161
-210
-219
-227
-204
-156
-126
-111
-120
-148
-135
-115
-103
-104
-129
-138
-139
-136
-172
-186
-209
-200
-116
-70
-59
-93
-127
-132
-84
-15
47
74
73
34
21
43
56
63
48
49
69
107
107
69
-2
-25
-11
57
101
105
74
4
-10
9
59
133
205
241
252
217
155
133
145
163
158
134
108
35
-61
-175
-245
-264
-285
-312
-354
-389
-427
-452
-451
-424
-365
-290
-240
-210
-163
-118
-65
-16
49
134
195
213
217
200
194
220
233
256
252
233
190
158
131
120
114
79
63
73
93
92
60
8
-29
-19
26
70
102
73
28
-9
-2
59
116
157
158
137
90
85
108
115
111
105
117
106
96
78
37
16
4
28
64
70
48
-1
-64
-108
-86
-74
-72
-55
-71
-107
-142
-130
-110
-90
-83
-56
-15
15
15
-13
-19
5
53
106
149
140
90
51
50
46
20
-4
-47
-89
-124
-164
-198
-200
-213
-219
-218
-222
-193
-168
-140
-114
-69
-46
-50
-69
-67
-39
-6
14
24
1
-44
-81
-111
-106
-102
-110
-114
-117
-121
-116
-110
-91
-60
-24
14
61
86
110
146
154
171
207
224
236
244
237
226
210
192
185
194
174
151
140
134
137
152
151
149
160
160
141
151
156
135
126
136
178
196
191
158
100
70
66
84
106
79
24
-44
-92
-102
-99
-111
-127
-153
-162
-187
-225
-233
-232
-219
-218
-224
-241
-254
-291
-296
-295
-283
-272
-287
-316
-340
-332
-317
-297
-285
-284
-277
-274
-280
-263
-252
-235
-211
-174
-110
-61
-30
-20
-19
-16
24
76
128
145
127
115
97
89
84
102
125
135
142
144
158
151
145
186
220
244
279
295
288
287
294
289
282
265
248
234
219
202
187
177
146
116
100
94
74
73
51
43
48
44
47
57
52
57
105
146
190
205
186
167
139
135
160
159
153
121
55
-28
-96
-130
-146
-163
-171
-179
-194
-211
-228
-251
-280
-279
-258
-236
-203
-184
-206
-217
-202
-193
-158
-129
-123
-117
-103
-103
-83
-59
-47
-49
-34
7
40
75
77
70
73
89
113
134
145
144
127
115
99
104
105
99
78
65
59
52
49
50
39
25
20
16
30
29
20
7
-9
-24
-33
-49
-42
-38
-35
-48
-81
-113
-136
-143
-144
-140
-144
-156
-179
-212
-232
-216
-216
-220
-226
-237
-236
-227
-199
-173
-162
-152
-124
-92
-66
-49
-35
-24
-22
6
38
60
68
45
27
22
37
47
57
54
42
14
3
10
9
6
14
30
47
39
43
55
75
109
144
170
178
212
236
237
243
256
273
278
259
254
228
214
212
198
199
196
178
148
117
102
94
101
107
112
113
94
69
59
83
98
118
134
147
149
140
131
126
136
134
128
132
115
88
63
25
30
49
60
47
29
-17
-79
-101
-100
-109
-118
-146
-198
-218
-225
-241
-278
-305
-309
-306
-317
-325
-357
-378
-388
-382
-358
-331
-320
-333
-342
-352
-336
-310
-288
-279
-286
-278
-262
-226
-196
-171
-123
-83
-52
-18
12
44
76
111
148
191
212
216
213
205
207
213
218
225
228
221
201
174
156
148
152
160
169
154
132
126
128
122
130
143
140
139
139
132
131
145
158
163
169
162
158
144
135
120
95
83
61
33
-1
-27
-59
-110
-123
-139
-159
-159
-177
-179
-192
-192
-189
-192
-167
-153
-133
-126
-117
-94
-66
-37
-25
-13
-19
-4
3
25
33
15
16
4
-5
-23
-43
-44
-33
-31
-36
-50
-67
-74
-83
-77
-62
-71
-61
-59
-41
-33
-23
-5
1
29
49
78
88
82
72
81
100
117
149
158
157
144
137
134
133
147
152
153
143
126
107
81
67
48
46
48
53
51
34
12
-11
-19
-4
15
21
31
27
26
49
64
78
73
61
43
38
28
3
-44
-70
-82
-92
-98
-130
-138
-174
-186
-166
-156
-160
-171
-189
-192
-175
-155
-134
-118
-105
-116
-103
-103
-108
-97
-92
-72
-53
-41
-35
-56
-79
-70
-53
-39
-10
5
11
13
10
7
8
35
67
99
108
105
122
129
141
159
182
200
185
185
188
189
196
199
190
187
192
202
204
180
149
115
106
112
96
84
60
20
4
-16
-26
-16
-21
-45
-50
-55
-63
-82
-91
-87
-93
-101
-122
-146
-179
-181
-185
-188
-197
-218
-255
-281
-293
-276
-261
-264
-261
-278
-281
-264
-244
-227
-211
-192
-164
-131
-118
-84
-67
-59
-46
-25
3
43
57
63
80
84
81
84
86
85
107
117
120
109
104
95
90
87
106
124
114
113
98
124
138
160
187
194
203
191
203
216
209
191
175
173
179
180
184
172
141
111
93
108
122
118
108
96
68
53
40
42
49
44
27
18
23
20
39
64
86
118
129
116
97
89
82
90
84
47
14
-12
-33
-44
-61
-83
-102
-121
-123
-141
-169
-188
-230
-244
-243
-242
-241
-244
-241
-255
-261
-259
-258
-252
-250
-230
-224
-242
-231
-222
-206
-185
-166
-137
-119
-113
-98
-81
-51
-43
-20
3
13
17
20
31
60
84
102
125
122
127
140
160
164
176
197
204
184
181
188
170
174
167
165
175
172
160
135
114
94
80
84
68
63
58
20
-22
-42
-57
-54
-35
-27
-27
-64
-84
-93
-91
-83
-71
-58
-60
-64
-69
-64
-66
-62
-58
-41
-29
-31
-40
-61
-75
-69
-55
-46
-39
-40
-29
-41
-52
-53
-54
-48
-45
-40
-47
-57
-62
-56
-63
-41
-21
-17
-24
-36
-30
-32
-6
10
16
38
35
29
52
66
79
100
108
121
118
117
110
115
124
119
122
134
142
131
101
90
91
102
114
105
98
91
68
41
29
53
74
75
72
62
54
37
17
29
47
57
66
60
59
77
72
54
29
37
49
35
27
-16
-56
-85
-108
-110
-127
-147
-159
-175
-187
-190
-181
-190
-210
-214
-207
-192
-187
-191
-177
-173
-170
-166
-155
-151
-141
-127
-124
-121
-125
-124
-100
-79
-72
-62
-44
-37
-1
14
25
53
57
68
92
102
113
121
118
118
135
138
129
134
123
125
141
156
155
151
161
148
151
158
163
162
162
171
181
188
173
170
132
123
118
112
108
88
76
47
28
8
-21
-45
-66
-58
-55
-54
-56
-87
-99
-97
-95
-94
-88
-93
-107
-130
-141
-146
-149
-163
-194
-199
-205
-216
-224
-226
-235
-233
-233
-232
-216
-212
-194
-187
-177
-159
-135
-131
-116
-107
-84
-64
-52
-38
-47
-51
-50
-32
-23
-12
-2
-2
2
9
39
60
78
95
102
113
126
129
150
177
195
212
219
222
231
237
244
258
278
281
261
250
262
265
259
252
241
240
227
221
207
183
167
165
150
124
107
87
64
46
29
15
12
14
5
2
8
0
-18
-39
-43
-38
-43
-38
-64
-107
-134
-152
-159
-167
-167
-191
-209
-199
-200
-199
-202
-204
-193
-195
-184
-181
-170
-164
-164
-148
-136
-129
-132
-125
-114
-109
-103
-88
-73
-70
-61
-46
-43
-30
-13
-3
5
13
9
15
36
38
36
26
19
14
23
40
36
36
22
18
12
28
45
47
63
60
52
57
83
93
102
106
100
102
93
91
92
86
73
52
37
35
32
20
21
0
-16
-29
-26
-28
-27
-36
-35
-24
-10
1
-3
-4
-19
-14
-5
13
12
8
3
-8
-23
-30
-36
-47
-55
-62
-62
-67
-78
-91
-104
-112
-101
-110
-107
-98
-107
-106
-101
-91
-86
-79
-73
-77
-70
-62
-54
-48
-47
-48
-48
-44
-38
-27
-13
7
18
28
39
48
74
92
100
120
127
130
149
160
173
179
177
178
179
189
201
206
209
200
185
179
170
168
154
152
149
139
136
125
106
91
73
61
54
39
32
29
19
5
-8
-1
7
-9
-34
-51
-64
-61
-53
-59
-90
-129
-139
-139
-143
-157
-164
-168
-172
-167
-179
-172
-166
-181
-180
-176
-172
-154
-157
-161
-154
-157
-156
-167
-143
-139
-119
-105
-102
-101
-96
-73
-60
-20
2
12
30
29
30
44
63
70
72
70
63
59
66
77
104
110
115
114
97
103
117
131
148
159
173
177
178
163
162
173
181
191
184
168
154
142
129
117
96
102
83
61
42
12
-8
-27
-46
-60
-72
-86
-92
-99
-109
-117
-108
-95
-90
-77
-82
-94
-90
-103
-94
-77
-66
-60
-69
-92
-105
-113
-111
-108
-113
-110
-123
-127
-137
-141
-153
-159
-157
-155
-141
-142
-147
-142
-139
-124
-107
-97
-89
-85
-72
-67
-64
-60
-39
-11
-7
9
31
51
52
53
68
83
96
101
114
115
114
102
108
125
137
147
142
134
140
132
146
161
165
168
158
163
168
163
160
160
143
137
128
140
152
146
135
126
113
109
111
98
84
72
66
47
33
34
22
20
36
46
46
14
5
-9
-3
8
-8
-15
-38
-52
-68
-70
-82
-101
-97
-108
-106
-108
-126
-143
-155
-159
-162
-162
-155
-152
-154
-141
-144
-159
-178
-172
-175
-171
-164
-161
-160
-169
-167
-150
-135
-125
-110
-84
-65
-45
-13
-2
6
4
23
34
36
33
36
46
46
59
62
66
62
64
65
76
79
86
94
95
102
106
110
113
116
111
119
126
115
112
115
112
103
89
89
79
57
64
62
62
42
21
2
-14
-27
-32
-35
-54
-62
-59
-58
-63
-64
-68
-72
-81
-71
-59
-53
-50
-51
-62
-63
-63
-76
-72
-72
-65
-67
-71
-74
-68
-72
-82
-67
-59
-51
-48
-36
-28
-26
-21
-15
-22
-22
-3
10
10
6
-3
2
1
7
21
27
28
25
29
36
40
56
60
70
74
73
83
88
97
109
109
114
126
127
126
125
123
115
126
129
118
107
109
101
89
98
97
95
89
68
67
60
59
53
51
41
21
18
14
4
-12
-32
-37
-44
-52
-47
-52
-65
-67
-52
-30
-21
-28
-34
-40
-43
-33
-27
-41
-59
-89
-94
-87
-97
-107
-137
-150
-147
-149
-151
-147
-147
-166
-168
-159
-151
-159
-157
-145
-135
-143
-145
-142
-132
-115
-101
-82
-77
-75
-82
-68
-34
-26
-13
-1
3
21
34
46
51
70
82
101
110
123
135
136
151
155
158
167
165
156
174
183
182
176
167
174
176
189
187
172
173
161
139
137
141
135
108
96
83
55
31
4
1
-11
-32
-44
-62
-69
-84
-95
-100
-102
-122
-127
-126
-119
-108
-103
-109
-117
-105
-94
-90
-89
-92
-95
-94
-98
-102
-102
-110
-102
-105
-106
-110
-111
-107
-119
-117
-124
-121
-124
-118
-108
-94
-85
-75
-74
-78
-68
-59
-36
-20
-15
-9
-11
-3
-3
4
25
33
35
44
49
60
76
85
97
103
104
98
95
109
123
139
148
142
139
136
139
144
145
141
150
159
162
163
152
145
139
137
130
126
125
122
102
86
71
58
57
59
62
52
39
16
4
-8
-11
-7
-9
-18
-40
-62
-76
-87
-89
-83
-92
-102
-109
-112
-121
-131
-126
-129
-132
-136
-143
-143
-148
-155
-138
-123
-118
-117
-116
-103
-94
-94
-74
-68
-63
-46
-42
-29
-24
-19
-6
-5
10
24
20
19
25
32
29
37
46
52
57
79
74
59
57
47
63
71
74
71
66
58
51
48
52
55
52
47
37
38
44
40
36
36
43
44
45
42
42
53
50
43
40
29
21
22
17
13
13
-7
-14
-19
-23
-26
-35
-35
-40
-39
-61
-61
-68
-71
-70
-77
-88
-91
-71
-65
-66
-66
-70
-64
-72
-82
-79
-69
-64
-78
-80
-87
-74
-62
-73
-72
-79
-72
-59
-57
-46
-24
-26
-21
-22
-13
11
15
35
51
58
66
76
85
75
74
64
69
72
76
81
86
87
83
86
78
96
100
103
104
89
84
89
89
91
90
85
73
65
60
55
47
47
37
27
25
15
8
-4
-10
-9
-23
-26
-34
-48
-49
-55
-58
-60
-48
-43
-45
-37
-34
-31
-28
-25
-24
-29
-29
-22
-13
-11
-3
2
15
21
0
-11
-13
-16
-10
-2
-11
-30
-35
-37
-36
-38
-42
-42
-50
-53
-55
-57
-63
-68
-80
-72
-66
-66
-60
-54
-42
-53
-61
-56
-52
-37
-32
-34
-29
-29
-35
-32
-14
-1
3
8
15
19
27
30
24
36
53
66
69
66
59
58
68
76
91
95
94
111
110
94
94
92
95
95
103
95
94
85
72
70
60
48
37
19
13
8
-6
-15
-24
-34
-43
-43
-40
-44
-43
-55
-67
-61
-56
-61
-65
-63
-63
-57
-48
-46
-41
-50
-61
-54
-46
-52
-64
-60
-63
-55
-56
-60
-53
-43
-50
-44
-37
-32
-27
-29
-30
-27
-21
-25
-26
-20
-13
-11
-13
-3
-2
14
25
32
36
45
54
44
46
51
48
46
46
43
37
32
32
24
24
17
20
32
28
27
31
18
22
23
29
36
29
33
29
28
22
22
35
30
29
20
19
17
11
18
9
-4
-5
-19
-19
-18
-11
-8
-10
-6
-14
-18
-25
-18
-26
-27
-13
-18
-16
-17
-28
-29
-29
-27
-38
-32
-23
-28
-27
-24
-18
-16
-22
-18
-13
-15
-15
-11
-9
-6
1
6
6
6
13
12
21
25
24
37
37
46
47
52
54
58
64
83
85
76
72
75
76
57
60
64
68
56
46
38
26
25
17
26
23
23
27
19
12
3
-4
-9
-6
-13
-15
-19
-18
-30
-33
-24
-32
-48
-51
-52
-60
-65
-65
-57
-58
-73
-89
-99
-102
-97
-102
-105
-116
-123
-125
-121
-126
-131
-130
-133
-129
-128
-127
-124
-121
-111
-98
-90
-82
-69
-70
-77
-63
-62
-57
-41
-41
-30
-20
-9
-6
7
26
34
36
54
65
75
80
81
96
113
126
125
132
137
134
128
134
136
139
141
139
146
153
155
156
159
155
156
152
139
132
132
131
120
117
114
106
82
71
64
57
51
34
35
25
16
7
-2
-7
-15
-14
-28
-31
-34
-42
-53
-58
-61
-75
-84
-86
-95
-103
-93
-95
-97
-97
-110
-103
-98
-111
-116
-113
-107
-94
-100
-102
-94
-91
-86
-87
-79
-79
-77
-67
-59
-45
-34
-31
-27
-23
-14
-16
-3
-1
2
24
19
19
32
37
37
45
43
43
51
44
47
44
48
47
45
40
44
44
37
34
42
48
48
44
49
44
46
48
43
39
34
42
44
29
30
20
8
2
4
3
4
-1
-7
-11
-19
-12
-18
-23
-30
-38
-37
-36
-44
-45
-55
-60
-59
-51
-57
-58
-59
-60
-53
-53
-53
-41
-38
-39
-30
-25
-23
-23
-19
-19
-11
-5
-7
-1
-10
5
6
11
13
7
9
5
15
11
28
24
20
30
34
41
34
31
36
40
42
37
43
49
57
65
67
63
61
60
49
57
59
49
33
17
7
0
7
-1
-4
-9
-18
-28
-32
-33
-32
-29
-20
-20
-28
-24
-24
-30
-25
-22
-26
-32
-34
-35
-32
-42
-46
-43
-42
-42
-37
-27
-27
-23
-23
-17
-5
-3
-9
2
9
8
11
10
7
8
12
13
13
9
4
6
2
8
21
30
27
19
20
25
28
32
38
41
29
33
48
37
33
34
27
16
12
15
4
1
-6
-5
2
2
-5
0
-7
1
6
3
5
-5
-7
-8
3
15
10
16
12
13
14
6
3
5
3
-7
5
-5
-4
3
-4
-3
1
-2
-17
-27
-21
-27
-26
-27
-28
-32
-41
-34
-36
-39
-38
-41
-45
-39
-41
-44
-45
-57
-56
-52
-55
-51
-49
-44
-41
-46
-42
-35
-32
-35
-29
-29
-27
-19
-23
-25
-17
-9
-4
-10
-16
-9
-7
5
5
10
12
9
11
20
32
38
46
49
59
67
76
68
72
75
85
84
90
105
104
101
95
102
98
117
117
110
106
107
112
109
108
98
94
89
95
84
71
67
52
37
34
25
21
22
15
9
7
1
-8
-20
-32
-33
-41
-49
-55
-67
-71
-80
-79
-95
-99
-89
-99
-94
-97
-98
-100
-103
-92
-101
-103
-100
-103
-107
-111
-116
-118
-119
-129
-129
-134
-137
-124
-116
-108
-104
-102
-90
-86
-81
-85
-79
-68
-57
-50
-56
-47
-39
-40
-28
-16
-6
5
14
20
22
32
44
50
57
71
82
84
88
97
105
119
131
131
139
142
139
132
124
122
111
105
97
95
84
73
70
65
61
66
58
52
51
34
31
27
43
44
27
26
18
16
14
5
5
6
-4
-4
-2
-12
-15
-17
-35
-48
-59
-64
-62
-62
-63
-59
-54
-48
-39
-46
-44
-40
-41
-33
-33
-27
-21
-22
-25
-24
-25
-25
-21
-15
-17
-16
-9
-11
-16
-14
-13
-9
-10
-6
-3
0
8
5
9
6
12
21
16
18
15
10
13
15
21
23
20
17
19
25
20
20
19
26
20
23
24
19
25
21
27
29
34
33
27
26
25
22
24
25
27
24
24
18
15
17
17
16
16
17
18
9
12
11
8
2
-10
-9
-11
-13
-25
-30
-41
-51
-52
-54
-59
-59
-70
-68
-62
-76
-74
-74
-83
-84
-82
-84
-81
-80
-79
-76
-94
-80
-70
-65
-54
-58
-48
-40
-33
-26
-13
-17
-13
-4
-2
-3
12
29
30
41
49
51
54
62
62
67
61
61
72
74
70
75
80
81
76
70
72
71
61
58
52
43
50
47
53
54
49
43
38
37
36
26
29
32
29
34
33
28
16
9
13
14
18
16
12
6
2
6
5
1
-15
-13
-9
-11
-19
-21
-16
-20
-18
-26
-30
-28
-24
-31
-37
-47
-47
-40
-43
-52
-48
-53
-55
-53
-60
-53
-46
-46
-45
-44
-49
-43
-52
-44
-43
-32
-25
-33
-28
-27
-24
-27
-26
-22
-20
-20
-20
-14
-14
-23
-18
-18
-18
-14
-21
-14
-6
-15
-8
1
5
8
11
20
26
33
32
34
31
32
32
39
50
47
42
43
40
38
29
32
28
26
22
23
22
13
16
13
12
17
17
6
12
17
21
17
3
2
9
9
13
12
6
4
3
4
9
2
-6
-4
-9
-11
-2
-8
-6
-3
-9
-14
-20
-21
-20
-16
-11
-13
-11
-5
-4
-2
-12
-6
-1
0
1
5
6
9
15
18
20
20
20
12
7
6
10
11
15
15
10
4
7
2
-1
12
10
19
27
17
16
13
12
14
16
10
7
-2
-4
1
-3
-7
-10
-13
-14
-18
-21
-15
-18
-21
-24
-15
-21
-17
-17
-16
-19
-27
-18
-22
-16
-14
-25
-18
-15
-14
-12
-12
-12
-15
-23
-15
-11
-15
-12
-14
-10
-5
-3
-3
-1
-1
4
16
20
25
17
18
25
25
26
32
27
24
26
21
24
21
14
15
14
17
25
17
9
13
15
17
16
8
17
10
8
11
13
15
8
9
5
8
1
-10
-5
-1
-4
-15
-17
-12
-12
-9
-6
-9
-17
-16
-11
-21
-24
-26
-36
-44
-40
-39
-47
-37
-43
-38
-30
-30
-27
-34
-29
-30
-24
-18
-13
-15
-8
-4
-4
6
9
9
10
14
15
21
18
17
21
23
26
21
19
19
16
13
4
5
0
6
-4
-6
-2
-2
7
7
9
16
15
15
19
15
22
28
26
28
25
26
26
28
24
14
22
18
14
14
10
-1
-12
-14
-12
-12
-13
-11
-13
-8
-18
-21
-16
-18
-7
-12
-16
-13
-15
-11
-11
-9
-12
-10
-2
-9
-12
-10
-7
-8
-10
-10
-11
-8
-7
-15
-11
-11
-20
-21
-16
-16
-15
-15
-12
-6
-11
-8
-10
-4
0
-1
10
11
11
9
8
13
13
16
14
17
17
16
19
17
6
4
3
2
-3
2
4
-4
-7
-8
-15
-6
-2
1
6
-5
-6
5
13
6
9
8
14
10
12
16
24
22
16
26
18
19
19
11
14
10
13
10
8
-1
-12
-6
-10
-7
-9
-6
-9
-5
-6
-9
-5
-5
0
10
11
7
14
14
6
6
7
9
3
8
10
6
3
8
6
3
-1
-2
2
-3
-12
-15
-10
-14
-3
-8
-2
-5
-5
-5
-8
-14
-3
-2
-4
1
-3
2
6
14
6
5
2
-1
1
5
1
-5
-7
-4
-4
-11
-5
-6
-5
-7
-6
-6
-6
2
-2
0
8
10
5
-2
-4
-1
0
1
7
-8
-9
-12
-11
-16
-12
-4
-10
-3
-6
-6
-1
-3
-1
-3
-8
-12
-5
-2
-6
-9
-8
1
2
-11
-9
-9
-14
-12
-16
-15
-12
-11
-7
-5
-4
-1
2
2
-7
-12
-11
-7
-4
-8
1
-1
-7
-12
-2
2
-2
-3
-5
5
0
7
17
12
6
-2
1
7
3
4
4
3
15
6
13
16
25
35
32
30
38
34
32
27
15
10
11
17
15
21
17
18
17
13
14
11
9
15
17
8
14
7
9
6
-3
3
-6
-3
-1
-5
-6
-8
-12
-6
-15
-13
-2
-7
-8
-19
-21
-35
-32
-27
-26
-25
-26
-21
-27
-24
-28
-28
-30
-30
-28
-27
-30
-28
-24
-22
-16
-31
-21
-13
-21
-20
-13
-14
-13
-21
-25
-19
-17
-11
-14
-18
-11
-5
-14
-9
-3
-3
-7
6
3
0
8
2
13
16
13
14
12
17
20
23
19
22
27
26
35
26
25
30
30
31
28
31
37
33
38
36
35
31
33
28
26
26
29
30
26
29
31
20
13
13
8
7
8
6
2
6
5
3
-1
-6
-12
-11
-8
-9
-11
-6
-16
-16
-19
-16
-9
-13
-10
-4
-8
-10
-5
-1
-1
-6
-4
-6
-5
-10
-7
-3
-8
7
6
0
5
7
6
6
4
0
3
10
6
2
-4
-2
9
5
9
4
1
9
12
6
6
5
0
0
0
-3
-6
-12
-9
3
-3
-5
-5
-18
-16
-14
-19
-17
-20
-22
-19
-15
0
-3
-11
-5
-6
-4
-6
-5
-11
-15
-6
-12
-14
-22
-24
-23
-20
-16
-15
-18
-15
-10
-16
-13
-21
-16
-13
-12
-8
-12
-8
-14
-8
-7
-17
-17
-10
-7
-11
-16
-8
-3
-1
-3
1
-2
0
-1
-2
11
11
14
18
16
19
22
16
20
13
12
13
10
7
8
8
7
11
5
12
15
6
2
3
4
-3
4
0
3
5
9
7
8
9
12
11
14
19
13
10
13
10
15
14
12
16
6
8
19
11
13
10
11
8
6
3
1
1
-3
1
-6
-6
-8
-7
-11
-14
-7
-6
-2
-5
-6
-11
-6
-9
-9
-4
-7
-4
-8
-9
1
-10
-17
-19
-28
-18
-11
-6
-10
-9
-15
-15
-15
-11
-5
-2
5
-2
-4
2
5
3
-2
-5
-6
-3
2
2
7
10
19
13
8
5
-1
-3
-3
2
5
3
5
5
2
6
4
3
3
5
6
5
15
12
17
11
7
9
14
16
15
15
18
19
7
9
11
21
28
26
19
1
-6
-6
-19
-12
-7
-3
-8
-6
-10
-15
-4
-5
-4
-2
1
8
10
7
7
9
11
8
3
-4
-5
-7
-6
-4
-6
-4
0
-3
-4
-9
-12
-11
-17
-18
-16
-21
-15
-11
-11
-12
-2
-6
-4
-4
-2
2
-5
-3
-12
-1
6
3
4
2
4
7
6
0
3
1
-1
-2
1
-4
5
5
8
17
15
12
4
10
7
5
8
5
5
6
2
6
6
3
-4
-2
2
1
2
-3
1
3
-3
-3
-3
-2
4
-1
1
-2
-13
-7
-2
-2
1
-1
-3
-6
-7
-11
-9
-5
-6
-6
-7
-8
-14
-10
-2
6
6
11
7
3
-4
-11
-5
-2
6
-1
3
3
-5
-7
1
-6
-11
-8
-8
-7
-11
-12
-22
-20
-18
-19
-13
-1
-7
-11
-16
-27
-20
-21
-16
-9
-2
4
10
-1
-5
-14
-17
-16
-9
-2
0
4
3
3
2
11
7
6
9
8
9
8
11
5
16
16
21
22
17
17
14
15
17
24
26
28
28
32
29
20
23
21
19
16
11
-1
1
4
5
6
-5
-2
-11
-5
-12
-18
-12
-7
-7
-4
-1
-8
-9
-3
-4
-13
-7
-8
-5
6
0
-12
-2
2
-3
-5
-9
-20
-17
-16
-24
-22
-20
-17
-20
-17
-13
-7
-11
-7
-6
-1
0
-3
-2
7
6
7
4
0
1
1
3
5
5
13
12
10
21
17
22
14
14
20
25
20
22
24
23
31
24
20
18
18
19
23
20
23
20
23
27
27
22
18
19
12
12
13
10
10
5
4
-3
-6
-7
-17
-14
-14
-14
-14
-12
-10
-16
-23
-21
-21
-20
-22
-23
-22
-26
-19
-23
-19
-17
-16
-12
-11
-7
-12
-13
-13
-11
-10
-8
-4
-4
2
-5
-6
-6
-3
-9
-12
-7
-7
-6
-14
-8
-6
-7
-10
-7
-8
-11
-13
-20
-18
-12
-14
-15
-15
-11
-8
-9
-6
-2
-2
-3
-5
-2
3
6
-1
-3
-4
-9
-7
-9
-12
-5
-4
-7
-6
0
7
14
11
5
16
16
16
14
12
19
20
20
14
20
15
15
16
16
20
28
22
18
22
12
13
18
18
19
15
16
20
9
11
13
11
4
-3
-3
-3
-4
-9
-14
-16
-16
-19
-16
-18
-8
-10
-15
-16
-16
-13
-13
-15
-10
-19
-23
-17
-17
-19
-21
-18
-15
-13
-11
-2
-6
-8
-4
-7
-2
1
0
2
2
-5
5
-2
4
3
4
2
0
0
-2
0
2
4
3
10
8
9
3
8
3
2
6
2
8
7
6
0
4
4
8
9
-1
5
7
7
2
2
1
-2
8
14
13
10
8
6
11
8
3
6
-1
-1
5
6
11
11
12
12
10
12
4
10
5
2
4
3
0
1
0
-4
3
-5
1
-6
-3
7
10
5
6
3
4
4
8
11
11
12
11
9
13
11
15
10
5
-1
-5
-3
-10
-6
-5
-3
-4
-3
-2
-2
-7
-2
4
1
0
2
4
1
-6
-4
-2
-4
-2
-6
-10
-6
-9
-6
-7
-8
-12
-5
-6
-12
-14
-17
-18
-22
-13
-19
-11
-8
-7
-10
-8
0
-4
-8
-10
-1
0
-2
0
-5
-3
-1
-2
4
1
4
10
10
15
11
12
8
4
3
6
7
1
3
0
3
-2
1
0
5
6
-2
-3
-2
-6
-10
-14
-5
-9
-6
-2
-8
-8
-8
0
-2
-1
-5
-8
-5
2
-4
-9
-8
-9
-9
-7
-9
-4
0
-7
-5
-1
-8
-11
-10
-7
-5
4
0
0
6
12
8
16
15
21
26
18
18
15
21
13
10
12
9
11
5
4
6
0
2
0
-1
0
-6
-5
1
6
-4
-9
-7
-5
-8
-15
-19
-13
-13
-16
-18
-18
-12
-13
-16
-16
-17
-21
-19
-20
-21
-21
-15
-18
-14
-7
-10
-8
-8
-7
2
-10
-11
0
-5
-3
4
5
6
8
5
7
7
7
14
14
11
10
14
13
13
15
17
19
22
26
24
22
21
16
19
13
17
17
14
16
9
8
17
12
15
8
-2
-1
-8
-5
0
3
4
0
-6
0
5
3
4
-4
-2
-4
-2
-7
2
2
-1
7
-1
1
-2
-5
-4
0
-8
-8
-1
-3
-2
-4
-6
2
-4
-13
-7
-4
-6
-5
-5
-1
2
3
4
3
11
3
10
15
12
10
11
11
11
20
17
22
18
19
18
11
9
15
11
6
6
9
9
4
6
6
10
11
12
16
7
3
-3
-4
-7
-14
-11
-20
-20
-14
-11
-15
-15
-7
-13
-10
-7
-10
-15
-16
-12
-18
-20
-21
-14
-20
-23
-20
-21
-19
-23
-21
-22
-21
-24
-15
-20
-21
-12
-18
-13
-9
-9
-5
-2
-4
-5
-7
-4
0
1
-6
-4
-6
-4
3
-2
3
1
-3
-2
-3
-2
1
-7
-2
-5
-9
-8
-6
3
3
7
9
8
7
15
20
23
23
20
16
18
20
19
22
21
20
24
21
19
16
13
17
18
18
22
17
19
15
13
11
18
14
14
19
16
10
2
7
6
3
3
0
-6
-7
-11
-11
-10
-12
-11
-14
-16
-17
-17
-23
-22
-21
-24
-24
-23
-16
-24
-17
-14
-17
-18
-19
-19
-16
-21
-18
-13
-8
-6
-9
-4
-5
-4
-3
-6
-11
-10
-9
-7
-6
-13
-5
-4
-7
-5
-2
2
-1
1
3
3
9
7
8
14
6
9
12
7
13
9
6
9
5
9
7
4
7
4
4
4
0
6
4
0
-7
-5
-5
-3
-3
-5
-2
3
5
3
6
9
10
6
12
7
12
10
9
10
8
7
-3
1
8
6
10
11
6
2
7
9
9
9
5
6
9
15
16
12
15
14
15
10
7
7
8
0
3
6
2
7
8
8
8
10
7
3
2
6
4
5
3
4
5
2
2
0
7
1
-4
-2
-8
-6
-4
-7
-8
-3
-3
-11
-3
2
-1
-7
-5
-10
-4
-3
-13
-7
-3
-9
-18
-19
-19
-13
-12
-20
-22
-14
-12
-6
-7
1
3
3
5
1
2
2
6
1
1
6
7
4
12
10
6
6
7
8
10
8
8
12
9
10
2
1
4
-6
-3
-2
-8
-5
-9
-12
-10
-9
-14
-8
-13
-10
-12
-9
-7
-10
-10
-20
-15
-10
-10
-9
-16
-9
-11
-10
-15
-9
-8
-6
-1
-1
5
2
2
-2
-3
3
1
0
7
5
0
3
8
8
5
8
7
15
14
7
6
2
12
14
10
8
8
7
7
11
9
4
3
4
2
0
-3
-6
-8
-12
-13
-11
-9
-11
-4
-2
-2
-1
-5
-3
-9
-8
-6
-2
-11
-9
-1
3
0
-4
-7
-2
0
-1
6
3
4
9
6
2
4
1
0
-11
-5
-6
-4
-4
-1
5
2
2
4
3
0
1
2
2
-4
-5
-5
-7
-8
-9
-6
-2
-3
-1
6
7
2
1
-4
-12
-3
3
2
3
-2
-3
-2
-4
-4
1
-4
-7
-10
-12
-11
-7
-4
-3
-5
-3
0
-6
0
5
1
9
15
11
5
5
11
3
0
6
5
7
6
5
3
7
8
6
3
2
1
3
8
6
10
17
12
10
20
18
13
8
9
13
10
10
8
12
8
4
5
7
13
16
4
-7
-18
-20
-6
6
12
6
5
11
26
32
33
21
23
37
36
35
32
27
20
15
14
7
1
-5
-8
-5
-6
-11
-15
-18
-17
-10
-5
-9
-15
-17
-19
-11
-12
-10
-12
-14
-17
-21
-16
-15
-10
-16
-18
-12
-15
-23
-26
-24
-17
-13
-13
-15
-15
-18
-18
-13
-15
-20
-23
-15
-19
-12
-13
-13
-11
-18
-11
-13
-9
-12
-8
-5
-5
-2
2
2
1
6
6
6
5
3
3
7
6
2
3
2
2
5
6
3
5
7
2
4
6
7
5
2
8
7
3
5
6
5
10
12
9
12
6
8
11
14
15
8
11
16
14
16
17
15
12
11
11
11
10
6
8
9
9
8
3
2
1
-2
-8
-10
-10
-4
-7
-13
-12
-17
-10
-12
-9
-12
-20
-18
-16
-15
-17
-22
-19
-19
-16
-18
-15
-18
-9
-7
-8
-5
-5
-1
0
4
-3
-4
-3
-2
-6
-8
-9
-5
-1
-7
-1
2
4
9
5
9
17
13
15
18
18
17
11
10
16
15
18
16
16
10
16
19
14
14
8
11
10
9
1
-1
-4
-4
-9
-11
-8
-11
-10
-5
3
1
-4
-9
-7
-2
-7
-6
-1
-2
-9
-6
-11
-11
-9
-3
0
-4
1
-1
5
5
4
6
5
5
6
13
4
2
2
13
7
6
2
-4
-1
-8
0
0
0
6
14
7
7
8
8
8
2
7
5
4
5
5
7
6
9
8
4
9
6
5
6
2
2
6
3
4
2
-5
-2
-1
0
-10
-11
-15
-17
-13
-16
-17
-16
-14
-16
-11
-7
-4
2
-4
-1
1
2
-2
-2
0
-3
-3
-1
-2
0
2
0
5
9
6
5
2
6
6
3
2
0
-5
-5
-1
-4
1
-1
-2
-4
0
3
-1
-4
-6
-4
-4
-3
-7
-10
-14
-9
-11
-5
4
3
4
1
-2
1
8
11
0
3
1
2
-2
1
4
-3
-2
-4
1
0
3
3
5
4
3
2
-4
-1
-6
-5
-5
-3
-1
-2
-3
-5
-1
4
2
-4
1
2
-1
-3
-5
-8
-6
-3
-3
1
-2
-1
3
8
14
11
11
12
12
16
12
14
15
11
7
11
6
10
16
10
4
3
2
7
1
2
5
-2
-6
-11
-8
-2
0
-6
-6
-1
-3
-7
-13
-10
-15
-14
-8
-5
-8
-14
-8
-12
-17
-12
-6
-7
-11
-10
-10
-8
-9
-13
-10
-1
1
-3
-12
-13
-9
-6
-8
-3
-5
-4
3
0
5
3
3
-1
0
-4
-5
-4
0
-1
8
2
-1
-4
-3
1
-4
3
-3
-4
-2
-8
-1
2
-2
1
