SAMPLES:	9890
BITSPERSAMPLE:	16
CHANNELS:	1
SAMPLERATE:	16000
NORMALIZED:	FALSE
12
8
7
6
6
0
-6
-1
1
5
11
12
14
18
22
22
16
13
19
19
23
14
10
14
12
11
4
4
3
2
-9
-9
-11
-4
-9
-13
-18
-19
-19
-16
-6
-11
-11
-22
-14
-14
-9
0
1
1
2
1
0
-1
-11
-15
-11
-8
-11
-9
-8
-3
4
3
5
2
1
8
7
7
2
1
5
3
0
-6
-11
-8
-11
-8
-5
-7
-7
-14
-10
-9
-7
-4
-5
2
0
0
-2
-6
-11
-12
-1
3
8
13
10
11
12
11
10
8
10
4
6
0
-4
-3
-5
-4
-9
-4
4
3
-3
-2
-5
-7
-5
-2
-4
1
3
0
-3
-7
-10
-10
-4
0
1
3
-8
-10
-7
0
-1
2
-4
-2
-4
-6
0
-3
-2
-6
5
8
9
9
4
9
7
14
12
11
11
7
9
5
-2
-5
-6
-6
-9
-5
-2
-3
-2
0
1
1
2
-2
1
3
-2
-4
-10
-7
4
8
4
-6
1
-4
-11
-14
-15
-8
2
2
-2
-6
-4
-4
-6
-5
-3
2
-3
-4
-1
6
6
8
5
8
7
8
2
-4
-5
-6
-6
-5
-1
-3
-5
-12
-13
-10
-5
-7
-7
-2
-3
-11
-14
-9
-3
2
-3
-7
-6
-7
-10
-2
-5
0
2
-2
6
1
-2
-9
-9
-9
-5
-1
1
2
0
3
2
3
1
1
3
6
4
6
-2
0
-3
-2
0
2
-2
0
0
0
9
12
15
15
14
18
20
22
22
15
17
11
14
21
22
21
22
29
34
40
38
36
34
29
25
24
28
28
20
15
9
12
15
14
11
7
10
13
10
11
8
10
6
2
3
-3
-4
-10
-14
-21
-27
-24
-25
-29
-30
-32
-39
-33
-30
-37
-40
-45
-43
-42
-41
-39
-38
-36
-36
-34
-40
-34
-31
-20
-10
-11
-13
-14
-12
-16
-13
-10
-6
-7
-12
-16
-15
-12
-11
-14
-13
-8
-3
6
-2
-3
2
0
5
4
14
15
15
14
13
13
6
6
0
5
9
11
11
13
16
22
15
21
24
23
23
23
25
22
20
15
8
8
4
4
3
0
8
12
16
18
26
29
30
32
40
39
31
26
22
28
21
20
21
26
36
36
40
44
42
50
48
45
38
45
49
42
43
43
44
39
39
42
49
46
41
35
34
23
17
18
16
7
-5
-13
-26
-27
-43
-49
-54
-59
-64
-72
-79
-86
-91
-97
-104
-109
-109
-108
-110
-118
-119
-124
-118
-120
-120
-111
-109
-103
-100
-99
-93
-83
-74
-72
-62
-61
-54
-55
-49
-45
-46
-44
-50
-36
-29
-17
-9
-5
8
9
21
28
42
47
50
51
56
61
67
66
67
76
71
70
66
69
73
79
74
69
69
68
62
58
56
52
60
53
55
51
49
52
46
47
42
47
50
48
41
35
33
28
21
22
20
6
6
2
2
4
0
3
-2
1
5
11
13
14
8
6
10
16
21
22
32
31
35
37
38
46
44
44
41
42
39
40
45
43
48
42
47
52
58
63
64
65
60
59
59
54
50
52
48
41
31
16
6
0
-10
-16
-19
-28
-37
-53
-65
-67
-78
-86
-98
-114
-124
-133
-136
-137
-141
-152
-166
-173
-172
-177
-173
-172
-167
-159
-152
-151
-151
-149
-134
-130
-121
-113
-108
-103
-89
-74
-60
-46
-37
-23
-9
9
22
34
37
52
59
62
57
59
64
66
77
75
83
84
86
90
91
91
94
94
91
94
104
110
107
105
97
98
91
93
94
95
89
82
79
75
74
68
63
51
43
28
18
7
4
-3
-14
-24
-25
-26
-27
-24
-35
-29
-29
-32
-28
-27
-27
-24
-27
-26
-24
-26
-25
-26
-14
-16
-2
0
7
17
22
26
23
29
29
35
40
41
37
31
34
46
53
60
61
71
77
88
96
101
103
111
111
112
117
112
112
107
100
95
86
78
78
66
49
35
28
15
-9
-30
-44
-63
-86
-115
-140
-157
-186
-208
-232
-250
-269
-286
-290
-299
-304
-300
-300
-299
-281
-271
-260
-242
-235
-216
-188
-165
-136
-120
-92
-77
-59
-34
-21
-1
18
31
50
65
67
81
87
98
102
93
93
96
98
105
107
113
112
116
118
114
118
122
131
118
125
123
124
121
122
122
128
129
117
114
106
105
92
82
80
66
55
45
31
24
23
23
18
3
-9
-16
-21
-18
-35
-33
-32
-41
-47
-53
-47
-51
-50
-50
-46
-45
-41
-29
-26
-16
-3
8
15
32
40
44
53
53
53
59
60
71
71
80
88
87
83
84
91
97
101
100
111
119
139
153
160
167
176
187
195
208
212
219
223
224
223
209
198
176
156
127
94
59
19
-27
-69
-112
-158
-207
-260
-306
-346
-379
-406
-436
-453
-473
-483
-490
-495
-494
-494
-480
-464
-445
-418
-388
-366
-342
-313
-274
-233
-191
-160
-122
-82
-51
-13
20
39
67
89
108
122
135
154
156
159
160
167
165
165
167
166
173
173
171
174
164
171
173
184
198
198
205
214
225
232
231
231
229
227
219
215
207
203
191
172
163
145
124
100
70
44
25
-3
-30
-53
-75
-90
-108
-123
-138
-143
-145
-139
-140
-141
-131
-123
-112
-101
-93
-78
-65
-50
-37
-28
-13
1
7
19
36
46
57
67
78
85
95
98
106
111
104
110
118
120
131
126
134
144
146
157
167
174
188
193
203
217
219
223
224
223
226
222
223
213
200
186
156
124
85
33
-21
-67
-113
-164
-221
-278
-342
-399
-448
-491
-533
-572
-598
-626
-637
-647
-645
-646
-643
-624
-598
-567
-534
-495
-451
-404
-349
-297
-242
-190
-134
-81
-29
21
69
116
151
187
208
236
254
272
284
290
292
292
289
276
269
265
258
248
234
231
223
223
228
229
235
240
246
247
253
252
263
266
268
260
247
239
225
212
193
175
153
134
106
80
53
29
4
-20
-42
-67
-87
-114
-134
-156
-172
-182
-185
-192
-200
-198
-189
-176
-154
-139
-131
-113
-96
-73
-48
-27
-5
15
39
56
76
85
93
103
111
122
129
131
133
129
133
132
138
140
134
141
145
157
166
178
181
189
195
209
220
240
261
280
298
314
334
344
343
334
323
298
267
220
168
107
43
-38
-127
-203
-291
-372
-461
-542
-614
-687
-736
-788
-816
-844
-851
-863
-861
-837
-807
-769
-732
-682
-627
-560
-497
-420
-348
-263
-184
-112
-33
35
104
154
209
255
295
335
366
386
384
387
378
368
358
343
322
305
291
275
263
245
231
228
228
219
216
221
225
223
230
235
253
261
275
282
282
277
264
255
231
219
196
175
149
120
86
55
28
-12
-47
-89
-116
-153
-177
-195
-222
-231
-235
-232
-235
-238
-235
-219
-208
-186
-163
-140
-108
-82
-47
-19
7
38
60
83
102
123
143
149
155
158
154
152
148
148
136
132
124
121
123
115
121
127
133
143
156
165
175
179
203
217
247
276
301
326
349
372
380
394
397
394
374
333
275
206
127
41
-59
-170
-285
-404
-510
-614
-708
-789
-857
-915
-960
-994
-1018
-1025
-1020
-1005
-974
-935
-886
-826
-762
-690
-605
-521
-434
-334
-242
-145
-59
32
128
212
289
347
406
448
480
506
522
533
525
510
492
469
447
416
387
353
326
302
276
265
251
249
244
237
237
238
250
261
276
292
299
312
312
318
329
328
312
295
270
239
207
159
108
55
6
-48
-89
-135
-189
-226
-264
-293
-319
-335
-347
-349
-345
-335
-322
-304
-281
-251
-223
-189
-146
-103
-64
-31
2
32
67
91
118
138
161
177
182
191
202
210
208
206
203
197
197
188
187
192
189
194
205
218
230
240
243
257
275
295
324
344
373
403
427
443
452
450
436
407
369
317
256
186
103
-1
-106
-220
-344
-460
-574
-680
-788
-885
-960
-1010
-1060
-1092
-1113
-1113
-1101
-1078
-1036
-994
-938
-869
-790
-701
-609
-503
-395
-297
-189
-82
20
105
187
269
336
394
441
478
496
507
509
503
487
463
433
404
381
345
323
295
275
268
264
262
257
258
262
277
293
302
315
329
346
363
378
379
375
367
361
355
333
293
255
199
143
83
16
-34
-101
-162
-211
-264
-303
-342
-372
-394
-405
-401
-400
-386
-365
-344
-315
-292
-249
-210
-161
-130
-98
-57
-10
31
66
109
134
165
186
199
216
226
242
249
245
241
238
240
232
220
210
202
193
197
195
201
218
233
251
268
288
314
345
381
415
454
497
525
553
564
562
542
513
461
391
279
162
35
-102
-249
-414
-569
-727
-858
-988
-1088
-1180
-1246
-1288
-1304
-1300
-1272
-1224
-1175
-1110
-1042
-958
-869
-772
-665
-557
-434
-317
-204
-87
29
142
238
324
399
456
496
522
541
544
544
506
463
420
383
343
306
275
243
219
207
204
206
217
227
246
272
300
333
363
388
424
456
486
509
525
535
539
524
495
457
423
374
311
241
161
70
-24
-118
-215
-296
-369
-434
-490
-541
-568
-586
-584
-572
-548
-506
-469
-430
-386
-333
-267
-198
-132
-71
-9
54
104
149
190
231
271
298
306
312
314
308
300
279
263
239
220
195
174
164
152
150
142
144
168
191
225
268
315
367
418
475
547
623
702
766
803
825
830
810
769
692
576
431
259
74
-128
-333
-545
-752
-951
-1117
-1251
-1367
-1443
-1503
-1515
-1511
-1473
-1418
-1334
-1226
-1122
-1016
-910
-787
-665
-536
-401
-271
-132
-12
115
224
314
400
471
508
519
519
494
469
413
356
276
202
123
66
9
-37
-52
-64
-49
-21
20
74
144
219
304
387
478
554
633
711
771
824
864
892
906
899
873
832
780
708
606
492
367
231
76
-89
-254
-418
-568
-699
-812
-902
-959
-983
-980
-949
-888
-805
-707
-605
-503
-396
-295
-194
-93
-7
78
148
210
266
321
370
400
418
411
407
382
339
278
219
169
104
58
14
-19
-33
-42
-30
-9
39
91
154
242
331
439
538
624
715
812
915
1008
1095
1151
1188
1204
1178
1130
1035
893
692
449
176
-116
-409
-693
-979
-1243
-1492
-1690
-1828
-1914
-1937
-1914
-1843
-1744
-1614
-1450
-1266
-1064
-891
-719
-551
-392
-231
-86
49
174
275
360
442
505
547
571
564
518
457
361
238
114
-21
-172
-314
-439
-535
-585
-602
-582
-537
-461
-351
-230
-84
83
270
460
641
795
932
1052
1153
1222
1262
1286
1283
1300
1296
1261
1190
1084
972
831
654
443
204
-50
-309
-560
-797
-1017
-1196
-1321
-1397
-1421
-1388
-1306
-1168
-993
-798
-592
-375
-175
7
166
294
408
488
539
575
588
588
574
551
519
463
400
339
259
159
34
-85
-194
-281
-336
-381
-401
-390
-346
-279
-187
-71
68
230
405
573
750
911
1054
1173
1297
1427
1546
1642
1654
1608
1519
1395
1229
996
686
329
-62
-486
-895
-1282
-1623
-1923
-2178
-2378
-2480
-2491
-2425
-2274
-2078
-1835
-1553
-1261
-955
-642
-340
-77
141
317
465
594
683
751
792
802
779
722
644
547
439
286
85
-114
-340
-568
-780
-974
-1128
-1227
-1285
-1268
-1174
-1010
-807
-579
-308
-10
301
597
875
1140
1379
1568
1703
1788
1837
1853
1816
1749
1637
1523
1400
1256
1102
905
673
412
139
-150
-445
-744
-1033
-1283
-1478
-1616
-1687
-1691
-1625
-1485
-1283
-1034
-743
-433
-122
159
392
567
701
786
828
811
766
682
563
439
295
182
62
-46
-159
-282
-391
-476
-555
-624
-664
-687
-678
-654
-576
-468
-328
-146
43
257
465
689
916
1116
1293
1419
1510
1587
1615
1652
1700
1749
1781
1708
1560
1370
1153
909
577
173
-275
-730
-1176
-1614
-2003
-2302
-2518
-2652
-2708
-2653
-2476
-2221
-1897
-1540
-1159
-804
-455
-116
211
509
704
811
854
875
879
859
785
674
548
381
190
-19
-251
-477
-719
-987
-1240
-1446
-1597
-1668
-1678
-1627
-1520
-1338
-1072
-737
-357
39
439
815
1142
1441
1687
1871
1989
2042
2037
1972
1862
1727
1565
1353
1132
896
659
451
286
113
-51
-204
-394
-579
-747
-877
-951
-1024
-1066
-1063
-1014
-902
-734
-520
-275
-21
223
453
660
828
931
954
887
761
601
431
247
45
-170
-382
-567
-719
-836
-894
-914
-897
-848
-767
-672
-563
-449
-335
-209
-98
21
168
316
453
592
728
844
944
1009
1041
1073
1095
1106
1114
1067
1011
951
919
973
1044
1127
1123
1019
882
705
504
246
-84
-475
-900
-1308
-1669
-1944
-2115
-2178
-2171
-2112
-1987
-1758
-1453
-1088
-737
-430
-178
28
211
379
505
526
476
417
370
294
206
94
-32
-161
-326
-519
-716
-878
-1022
-1161
-1293
-1408
-1453
-1429
-1341
-1152
-907
-630
-310
51
447
817
1142
1406
1586
1713
1770
1751
1698
1594
1478
1314
1133
935
715
521
356
220
82
-31
-117
-167
-209
-278
-345
-399
-389
-347
-314
-253
-195
-126
-40
68
195
315
420
483
508
536
519
483
415
300
142
-56
-252
-416
-579
-720
-829
-926
-968
-985
-930
-837
-728
-596
-439
-276
-109
51
191
321
423
485
539
571
603
615
620
609
572
544
512
476
410
377
367
406
469
508
567
626
735
939
1151
1329
1381
1311
1202
1037
819
491
70
-399
-847
-1272
-1667
-1933
-2068
-2094
-2034
-1950
-1785
-1513
-1191
-861
-551
-299
-112
30
153
278
389
416
357
270
190
107
17
-96
-250
-425
-637
-862
-1082
-1248
-1386
-1485
-1526
-1509
-1383
-1220
-953
-635
-298
50
387
743
1071
1342
1528
1623
1657
1654
1581
1472
1321
1170
1006
824
663
490
299
120
-67
-230
-346
-396
-403
-361
-265
-186
-72
57
201
347
478
568
603
598
548
480
419
353
261
183
90
4
-68
-125
-177
-247
-345
-484
-616
-707
-756
-785
-790
-757
-671
-549
-397
-239
-64
119
274
394
454
493
479
451
398
328
239
118
47
8
6
-34
-76
-97
-97
-49
-2
73
152
276
383
468
586
737
1003
1346
1681
1900
1914
1778
1570
1320
964
476
-111
-734
-1320
-1850
-2262
-2474
-2514
-2425
-2248
-2025
-1717
-1287
-836
-408
-64
174
329
444
560
641
675
578
478
390
297
208
69
-91
-318
-579
-901
-1208
-1469
-1651
-1763
-1837
-1828
-1713
-1477
-1115
-685
-243
182
589
967
1308
1581
1746
1798
1743
1627
1447
1262
1068
874
668
451
293
132
-1
-96
-193
-305
-402
-454
-441
-358
-202
-24
219
522
819
1093
1274
1351
1361
1253
1071
795
438
94
-233
-522
-769
-925
-985
-948
-861
-761
-636
-548
-470
-386
-351
-316
-296
-266
-186
-85
9
100
232
349
465
534
519
458
334
166
-43
-242
-396
-517
-599
-629
-589
-510
-353
-183
17
216
366
485
590
720
849
965
1032
1074
1091
1115
1179
1343
1532
1639
1539
1244
887
477
31
-483
-1058
-1607
-2065
-2404
-2584
-2577
-2353
-2007
-1614
-1200
-748
-251
224
606
869
999
983
878
774
700
567
358
109
-123
-307
-444
-671
-918
-1165
-1413
-1658
-1879
-1989
-2015
-1901
-1717
-1430
-1068
-612
-96
430
921
1309
1606
1783
1867
1878
1770
1555
1296
1011
723
466
254
62
-121
-265
-353
-412
-443
-472
-452
-389
-322
-217
-47
195
475
776
1122
1435
1686
1845
1806
1638
1342
953
502
17
-432
-819
-1136
-1355
-1404
-1317
-1130
-909
-678
-451
-235
-88
4
82
138
161
142
124
135
203
249
262
237
216
171
62
-93
-284
-447
-590
-711
-786
-789
-710
-562
-359
-123
93
286
459
600
678
709
688
691
733
765
779
816
837
872
1000
1222
1427
1531
1402
1072
656
225
-206
-711
-1276
-1759
-2104
-2326
-2337
-2177
-1800
-1341
-912
-508
-122
288
619
828
871
805
676
503
394
339
265
104
-110
-337
-537
-695
-924
-1200
-1488
-1732
-1922
-2023
-1971
-1792
-1531
-1222
-794
-319
206
715
1159
1487
1657
1703
1662
1576
1464
1273
996
692
408
176
1
-147
-278
-397
-505
-567
-585
-553
-453
-302
-153
21
240
551
915
1316
1674
1912
2020
1950
1747
1461
1090
657
154
-364
-789
-1118
-1315
-1392
-1385
-1258
-1047
-802
-551
-308
-81
67
108
111
119
139
168
205
231
240
197
143
88
1
-115
-265
-424
-572
-649
-697
-717
-651
-521
-357
-202
-28
210
424
566
601
566
529
489
456
431
402
359
369
436
541
660
714
722
726
854
1024
1162
1177
986
692
367
46
-274
-630
-968
-1257
-1494
-1616
-1582
-1389
-1102
-809
-556
-317
-62
184
357
442
447
348
206
113
38
-58
-230
-423
-574
-710
-856
-1001
-1161
-1296
-1415
-1509
-1545
-1468
-1255
-967
-671
-368
-51
269
624
915
1116
1210
1191
1108
1000
879
705
473
226
-16
-193
-319
-421
-487
-542
-580
-557
-450
-259
-12
274
552
771
972
1174
1365
1556
1673
1723
1722
1648
1487
1199
828
434
48
-355
-753
-1078
-1278
-1379
-1375
-1265
-1089
-851
-573
-261
17
235
370
440
484
492
417
300
169
83
19
-86
-174
-267
-359
-442
-507
-572
-627
-641
-624
-559
-461
-336
-176
6
201
387
528
599
604
588
508
390
290
176
95
44
50
120
248
386
487
596
659
803
1054
1267
1390
1257
926
557
259
-36
-395
-768
-1068
-1232
-1339
-1350
-1266
-1063
-815
-601
-458
-344
-218
-119
-71
-56
-93
-138
-134
-91
0
-2
-127
-275
-439
-595
-784
-1021
-1194
-1292
-1367
-1401
-1332
-1140
-841
-481
-144
167
448
711
886
974
943
817
677
557
445
318
182
54
-35
-118
-197
-259
-269
-263
-266
-229
-119
68
326
613
831
1035
1209
1339
1487
1631
1701
1610
1437
1187
873
508
144
-202
-550
-850
-1065
-1157
-1154
-1044
-880
-693
-501
-295
-82
112
294
401
432
433
429
415
359
305
224
96
-45
-196
-362
-508
-651
-751
-804
-796
-695
-563
-404
-257
-134
-48
70
215
337
427
446
406
330
264
217
196
195
186
158
119
160
253
382
512
551
578
606
809
1162
1478
1617
1443
1075
691
343
-37
-497
-939
-1311
-1576
-1701
-1683
-1484
-1187
-888
-648
-506
-379
-229
-71
52
96
79
39
60
148
213
175
38
-179
-417
-691
-997
-1264
-1435
-1540
-1553
-1495
-1329
-1017
-613
-229
71
304
477
636
743
728
631
506
386
299
240
215
202
172
102
-3
-112
-177
-196
-217
-199
-97
82
335
647
984
1251
1412
1461
1448
1428
1403
1334
1216
1061
850
577
246
-35
-295
-542
-791
-1004
-1106
-1121
-1025
-853
-608
-327
-31
256
514
731
835
801
686
528
328
129
-77
-244
-424
-580
-687
-768
-815
-850
-862
-841
-798
-707
-580
-448
-285
-123
49
205
344
420
465
484
498
487
422
362
284
191
95
34
43
100
207
310
377
450
483
482
546
814
1192
1510
1576
1361
1021
701
386
-59
-559
-985
-1313
-1545
-1641
-1576
-1390
-1082
-806
-597
-438
-271
-48
130
228
221
162
122
130
145
67
-120
-377
-644
-902
-1143
-1325
-1417
-1426
-1359
-1259
-1122
-894
-548
-172
114
277
358
426
516
544
481
405
367
323
276
236
177
103
35
-90
-228
-289
-232
-145
-15
188
458
753
1033
1271
1388
1389
1310
1161
1016
871
715
549
435
439
447
413
348
221
32
-207
-455
-639
-762
-776
-728
-589
-382
-113
153
386
530
541
469
308
160
7
-129
-266
-382
-469
-506
-514
-554
-596
-674
-740
-775
-728
-582
-419
-217
-24
149
286
428
555
590
567
473
376
288
206
149
124
117
99
85
76
55
90
160
269
382
473
553
657
904
1316
1716
1911
1804
1398
871
371
-105
-611
-1058
-1376
-1569
-1628
-1542
-1333
-1004
-683
-507
-450
-431
-375
-259
-161
-125
-129
-124
-57
7
-2
-142
-386
-695
-1009
-1295
-1512
-1574
-1502
-1337
-1117
-874
-616
-310
-12
173
233
200
165
175
200
197
189
199
219
183
107
40
1
-42
-92
-172
-197
-77
143
358
557
784
1043
1244
1382
1449
1398
1272
1076
884
771
705
633
570
527
493
452
382
255
102
-84
-286
-425
-463
-375
-244
-137
-50
16
106
144
117
89
15
-66
-146
-190
-174
-175
-195
-220
-294
-386
-493
-633
-756
-833
-859
-783
-611
-385
-190
-22
94
150
190
222
263
286
276
251
251
264
268
231
139
31
-81
-161
-196
-164
-23
182
411
611
771
928
1109
1437
1796
2004
1903
1481
919
356
-113
-565
-930
-1162
-1321
-1385
-1381
-1316
-1142
-936
-803
-797
-794
-671
-441
-162
61
189
258
321
319
196
-77
-397
-750
-1049
-1317
-1494
-1482
-1333
-1099
-917
-785
-697
-590
-464
-407
-371
-328
-182
-13
156
269
378
445
436
370
215
83
21
1
3
17
86
260
474
642
736
788
855
940
962
973
1003
1041
1063
975
821
662
548
467
357
272
223
276
370
392
369
310
228
161
88
-15
-84
-103
-101
-120
-122
-87
-32
-24
-78
-196
-272
-266
-241
-242
-307
-352
-397
-438
-500
-582
-661
-691
-685
-672
-557
-402
-172
55
200
274
315
324
311
265
195
134
111
125
115
66
21
16
-13
-27
-53
-36
53
202
380
534
696
821
879
944
1149
1474
1721
1712
1359
828
350
-41
-430
-769
-973
-1062
-1087
-1114
-1106
-1017
-913
-867
-878
-847
-690
-436
-167
-11
49
59
19
-66
-265
-523
-758
-959
-1066
-1124
-1110
-1031
-883
-754
-731
-768
-830
-838
-793
-720
-684
-558
-305
-14
254
412
488
525
511
450
353
258
257
316
355
318
291
335
401
409
362
363
444
549
631
704
834
1015
1138
1117
1004
845
706
599
530
580
696
812
886
886
785
607
359
98
-155
-360
-466
-504
-451
-383
-337
-316
-305
-345
-362
-334
-281
-171
-75
-40
-81
-147
-235
-354
-496
-625
-686
-656
-545
-403
-235
-83
31
48
-13
-122
-225
-271
-285
-271
-220
-117
9
106
157
127
73
39
22
10
40
131
228
312
409
515
625
720
776
823
943
1230
1611
1877
1865
1542
1016
481
-42
-544
-946
-1140
-1171
-1108
-1077
-1069
-1038
-972
-916
-889
-842
-741
-577
-395
-236
-139
-64
-48
-97
-186
-296
-399
-486
-563
-665
-758
-847
-977
-1084
-1247
-1377
-1445
-1415
-1266
-1030
-714
-365
17
363
572
663
685
671
660
640
609
595
624
609
518
359
181
64
-5
-34
-46
74
310
550
749
889
1054
1218
1311
1346
1315
1245
1142
1016
919
872
859
843
740
544
323
87
-140
-328
-518
-663
-700
-657
-523
-356
-254
-182
-133
-107
-54
12
117
164
180
146
52
-64
-232
-378
-521
-645
-691
-693
-676
-692
-723
-759
-775
-734
-689
-581
-429
-295
-158
-54
70
197
292
320
306
275
269
287
300
344
377
364
300
197
123
172
336
554
726
787
773
774
851
1079
1381
1549
1392
949
432
54
-230
-414
-505
-567
-607
-717
-880
-1021
-1092
-1122
-1142
-1101
-957
-698
-414
-171
-52
-60
-130
-220
-267
-307
-380
-459
-585
-736
-871
-1004
-1130
-1227
-1295
-1348
-1360
-1250
-1035
-769
-513
-301
-61
184
428
589
690
759
798
811
755
667
572
513
415
270
126
61
98
196
289
408
574
716
818
858
901
1013
1178
1332
1433
1449
1367
1200
943
688
544
477
428
345
243
103
-84
-273
-457
-550
-561
-524
-404
-245
-112
-31
-41
-43
-62
-76
-77
-97
-93
-129
-246
-432
-683
-889
-972
-1000
-954
-857
-789
-758
-781
-806
-766
-658
-524
-382
-223
-77
74
185
250
273
268
269
247
238
244
235
240
234
202
218
289
365
392
419
444
509
602
662
720
754
720
714
870
1182
1493
1566
1307
846
375
16
-217
-363
-448
-525
-633
-794
-1004
-1135
-1166
-1097
-956
-813
-688
-563
-426
-383
-418
-501
-550
-542
-463
-405
-431
-498
-595
-751
-948
-1129
-1273
-1291
-1211
-1087
-960
-792
-621
-423
-252
-106
39
216
397
530
632
683
732
792
803
772
750
706
664
605
545
477
447
398
376
384
381
476
565
661
775
890
1003
1115
1219
1253
1215
1081
865
660
504
456
451
445
388
244
1
-250
-450
-567
-557
-505
-400
-310
-306
-383
-512
-605
-642
-638
-551
-432
-333
-276
-314
-425
-545
-652
-698
-700
-648
-579
-535
-566
-612
-706
-774
-728
-587
-407
-206
-29
91
120
99
106
148
225
316
401
477
508
518
553
584
619
618
588
543
511
505
546
577
586
543
511
492
509
631
881
1220
1467
1472
1145
633
204
-49
-163
-161
-145
-185
-316
-577
-913
-1245
-1489
-1572
-1507
-1342
-1143
-976
-871
-806
-774
-743
-710
-619
-508
-419
-339
-327
-374
-513
-706
-864
-954
-902
-766
-621
-571
-590
-637
-661
-591
-434
-189
105
400
600
726
837
909
947
923
850
838
858
851
814
705
583
498
404
380
444
539
643
723
728
739
784
805
851
892
951
1039
1075
1072
980
775
576
394
291
214
125
-45
-312
-587
-811
-959
-1061
-1088
-1052
-943
-851
-798
-744
-680
-571
-429
-302
-179
-96
-97
-165
-301
-445
-594
-677
-681
-645
-614
-588
-592
-605
-578
-560
-497
-384
-231
-47
100
206
283
341
433
553
695
853
947
993
970
849
700
515
367
310
300
342
358
349
309
290
320
419
486
529
598
626
691
834
1121
1371
1423
1127
620
129
-184
-322
-390
-500
-668
-875
-1127
-1333
-1527
-1646
-1658
-1564
-1422
-1266
-1169
-1106
-1014
-891
-711
-535
-363
-165
19
86
38
-160
-385
-529
-595
-578
-543
-496
-454
-441
-489
-509
-490
-377
-187
57
296
453
535
577
638
737
874
1000
1116
1170
1192
1129
1006
853
707
648
617
649
691
719
730
684
586
471
380
302
282
294
329
337
301
255
199
184
188
220
231
229
96
-95
-284
-448
-532
-602
-707
-794
-837
-885
-938
-1002
-1029
-1009
-921
-797
-685
-570
-479
-397
-331
-290
-221
-159
-112
-53
-14
-1
30
68
106
94
77
34
-10
-44
-60
-24
43
129
206
292
363
419
461
492
514
586
692
804
895
935
884
771
644
537
408
355
330
376
429
441
405
282
158
60
28
58
79
138
281
442
548
490
289
41
-148
-208
-174
-203
-328
-570
-859
-1115
-1327
-1423
-1460
-1416
-1306
-1185
-1146
-1176
-1222
-1229
-1124
-938
-701
-440
-190
-15
67
87
93
102
124
154
210
279
284
199
49
-77
-153
-168
-135
-38
80
190
279
335
384
431
509
633
783
930
1034
1032
948
814
685
610
596
612
622
574
480
366
255
164
77
6
-28
-36
-23
-23
-60
-100
-158
-184
-204
-202
-191
-171
-135
-125
-126
-180
-280
-357
-384
-348
-271
-224
-265
-366
-501
-618
-681
-687
-593
-412
-256
-154
-95
-114
-155
-138
-54
84
237
346
396
400
358
309
228
134
108
132
185
223
224
227
166
115
98
105
173
252
338
386
406
388
372
371
356
376
408
396
349
261
158
80
28
-15
-68
-136
-174
-162
-142
-143
-146
-157
-163
-118
-48
48
145
228
247
164
-3
-170
-284
-342
-353
-349
-353
-355
-407
-470
-535
-587
-612
-591
-535
-506
-470
-481
-503
-511
-498
-440
-377
-296
-204
-77
32
110
136
152
170
195
244
283
321
281
208
139
71
28
-18
-59
-39
-23
-17
3
18
45
47
46
40
60
102
173
241
274
319
344
351
353
328
283
199
90
-38
-111
-131
-132
-102
-72
-1
74
136
166
209
268
316
343
327
330
315
283
266
229
207
147
62
-10
-70
-86
-116
-107
-117
-114
-91
-76
-63
-53
-68
-94
-89
-97
-79
-42
-1
20
37
30
-6
-43
-65
-89
-99
-110
-125
-119
-116
-94
-87
-67
-45
-38
-57
-88
-114
-105
-80
-106
-144
-179
-212
-217
-198
-144
-111
-68
-46
-44
-29
-1
58
71
46
29
51
112
165
193
203
232
269
287
288
286
284
272
267
263
283
283
257
215
166
136
126
175
219
258
286
304
292
259
255
225
176
123
58
-21
-96
-175
-235
-302
-349
-391
-473
-525
-571
-649
-712
-732
-716
-670
-662
-643
-590
-542
-483
-439
-378
-332
-296
-272
-259
-259
-269
-302
-362
-396
-424
-416
-412
-412
-393
-335
-291
-219
-143
-44
67
151
279
381
490
572
621
658
670
691
720
729
745
720
707
693
645
616
567
542
511
475
436
416
402
407
410
405
405
409
410
418
403
335
269
207
148
56
-41
-124
-201
-249
-313
-361
-402
-423
-428
-447
-468
-514
-559
-571
-562
-540
-501
-460
-392
-351
-338
-343
-324
-288
-252
-202
-180
-183
-180
-179
-177
-150
-104
-47
-28
-33
-52
-38
1
48
105
140
189
235
235
234
250
286
328
361
376
390
422
461
495
518
508
481
450
414
394
364
359
360
403
459
493
494
435
346
239
175
156
131
99
18
-63
-146
-229
-312
-376
-418
-457
-485
-535
-587
-649
-729
-808
-890
-934
-921
-866
-813
-791
-775
-751
-728
-675
-629
-570
-499
-436
-400
-379
-362
-363
-304
-249
-205
-159
-132
-110
-93
-47
10
59
94
136
170
211
281
353
419
448
448
481
517
553
591
616
659
701
738
733
741
725
707
693
655
625
593
603
620
612
578
510
445
368
295
230
175
119
59
18
-16
-73
-153
-225
-297
-332
-355
-341
-327
-318
-312
-305
-283
-294
-322
-372
-388
-375
-335
-312
-286
-284
-291
-310
-328
-319
-293
-274
-278
-287
-287
-259
-229
-199
-171
-120
-73
-35
-7
35
114
173
203
237
265
297
319
318
325
334
364
408
419
390
345
274
215
185
165
133
103
58
33
27
59
123
185
241
275
272
268
243
198
158
122
80
25
-26
-85
-104
-139
-188
-219
-238
-245
-248
-246
-240
-249
-299
-333
-353
-346
-340
-336
-320
-323
-337
-334
-348
-381
-431
-469
-497
-531
-560
-571
-562
-535
-489
-438
-393
-354
-309
-257
-170
-83
-28
3
46
81
134
154
156
136
117
115
97
113
130
146
151
177
206
252
296
300
293
277
271
281
296
326
363
413
460
501
529
532
560
560
536
514
494
477
454
428
387
341
288
230
165
119
97
94
88
98
84
45
3
-50
-72
-73
-66
-68
-85
-87
-94
-96
-97
-114
-140
-168
-184
-194
-193
-190
-189
-201
-222
-232
-233
-224
-232
-221
-192
-169
-132
-103
-98
-112
-121
-110
-84
-68
-80
-87
-93
-95
-105
-129
-145
-129
-94
-85
-76
-93
-113
-124
-128
-155
-157
-150
-137
-114
-89
-69
-67
-59
-62
-45
-9
19
52
96
149
187
187
175
175
161
165
167
169
171
171
172
177
166
147
130
119
142
160
204
238
237
220
179
131
67
42
31
40
5
-53
-127
-219
-290
-365
-414
-448
-457
-454
-424
-401
-413
-426
-418
-387
-350
-312
-294
-262
-239
-242
-232
-222
-199
-187
-178
-141
-128
-123
-125
-128
-123
-105
-81
-52
-32
8
42
88
145
206
285
349
420
470
516
544
573
595
601
593
577
540
505
493
474
473
458
429
411
375
332
299
300
280
266
254
224
191
147
125
122
121
113
94
40
12
-12
-44
-72
-101
-155
-225
-273
-315
-361
-388
-402
-402
-389
-379
-364
-356
-356
-348
-331
-313
-268
-246
-231
-234
-252
-255
-283
-299
-304
-292
-281
-277
-254
-255
-223
-186
-156
-129
-104
-79
-27
3
34
58
73
88
89
117
138
151
137
142
146
141
129
108
82
85
97
107
148
163
204
238
264
287
304
330
356
361
334
308
276
261
238
235
226
200
178
156
122
81
35
5
-6
-7
-18
-29
-35
-47
-45
-44
-41
-58
-92
-140
-177
-202
-217
-230
-273
-334
-389
-422
-433
-430
-429
-425
-431
-439
-435
-415
-374
-348
-327
-280
-250
-242
-209
-174
-108
-56
-36
-17
12
16
28
15
-2
13
8
7
12
11
35
86
136
183
211
224
256
298
332
366
395
435
464
461
452
409
393
370
348
342
309
288
265
240
196
162
108
47
32
42
62
67
64
77
85
83
74
64
50
33
26
-2
-32
-66
-113
-176
-241
-284
-288
-270
-267
-253
-228
-204
-195
-176
-166
-146
-130
-112
-94
-70
-43
-34
-22
-14
12
4
8
24
56
64
76
64
15
-16
-55
-91
-115
-116
-96
-47
-19
0
-16
-25
-36
-34
-13
-8
10
24
19
0
-19
-46
-64
-78
-82
-70
-54
-33
-18
-26
-44
-46
-17
11
44
68
76
93
86
76
83
105
132
130
140
126
103
98
95
94
77
69
73
74
76
95
107
124
124
112
86
61
56
49
50
39
19
-19
-58
-93
-107
-132
-158
-159
-157
-165
-188
-218
-227
-244
-258
-263
-263
-247
-246
-253
-266
-278
-267
-237
-222
-215
-213
-203
-207
-219
-209
-194
-174
-150
-133
-111
-83
-48
-27
-18
5
51
91
153
194
211
188
166
139
142
173
205
251
279
296
283
277
281
299
316
327
324
326
327
307
287
287
287
301
307
312
339
330
303
277
263
246
219
189
159
127
91
66
37
9
-3
-37
-57
-78
-77
-67
-66
-73
-104
-120
-124
-142
-164
-197
-199
-199
-224
-246
-275
-280
-289
-306
-307
-299
-282
-248
-217
-202
-203
-217
-217
-203
-177
-159
-158
-152
-148
-145
-153
-171
-174
-170
-156
-133
-107
-89
-63
-43
-15
-6
13
55
77
123
139
169
177
194
180
173
175
148
139
139
152
136
137
138
170
196
193
185
159
149
136
139
136
131
112
78
76
71
80
68
60
51
38
20
7
3
-20
-23
-45
-69
-106
-144
-172
-196
-214
-218
-220
-234
-234
-257
-266
-252
-241
-228
-252
-268
-263
-254
-234
-222
-221
-202
-191
-176
-153
-138
-109
-67
-44
-2
24
41
82
103
125
128
131
137
137
153
180
190
211
207
203
204
213
242
259
272
277
282
277
275
276
301
313
325
308
288
272
250
246
205
167
112
72
43
13
-18
-51
-69
-57
-43
-47
-54
-69
-51
-25
-12
-17
-60
-95
-134
-153
-178
-189
-186
-190
-205
-236
-246
-262
-280
-279
-271
-265
-249
-230
-207
-174
-144
-128
-100
-80
-47
-17
1
24
40
58
62
37
16
5
2
-6
-4
1
2
1
-2
1
-16
11
19
12
28
46
54
69
102
97
103
103
113
125
123
130
130
126
108
95
65
61
64
51
39
20
4
9
20
31
55
71
93
117
119
122
124
117
122
98
84
63
49
55
28
14
-2
-20
-45
-39
-43
-66
-71
-61
-41
-24
2
0
-1
-9
-2
-17
-25
-24
-61
-96
-143
-176
-208
-213
-227
-243
-242
-253
-246
-246
-218
-184
-170
-146
-129
-106
-100
-82
-69
-57
-54
-59
-61
-74
-68
-59
-43
-37
-48
-46
-30
-7
2
27
44
49
54
51
81
104
128
153
164
166
149
151
149
142
142
145
166
176
178
193
212
212
220
225
223
222
197
173
142
120
101
76
57
53
49
49
31
14
2
-22
-56
-80
-94
-109
-98
-95
-101
-105
-111
-107
-95
-96
-83
-65
-56
-42
-31
-17
-11
-10
-13
-45
-58
-49
-69
-68
-83
-109
-120
-129
-115
-91
-59
-34
-21
-28
-20
-10
7
49
57
70
60
58
59
66
73
61
49
31
17
5
-10
-13
-12
-3
-7
-19
-8
2
20
48
71
101
111
97
71
56
45
34
16
-8
-13
-24
-36
-47
-38
-26
-24
-40
-33
-17
-5
16
16
7
-11
-26
-48
-57
-70
-75
-87
-103
-119
-123
-137
-151
-150
-145
-138
-130
-138
-143
-154
-147
-147
-132
-115
-115
-95
-84
-60
-51
-48
-55
-56
-51
-21
3
20
39
42
47
43
41
51
46
48
59
66
65
70
75
73
75
79
80
86
98
118
131
134
128
134
140
137
157
164
156
156
149
131
113
98
82
74
65
64
83
65
59
70
70
83
66
76
63
33
3
-12
-14
-19
-23
-38
-48
-61
-44
-31
-25
-21
-12
-4
6
22
28
28
21
16
6
-6
-8
-12
-12
-21
-27
-37
-41
-41
-46
-49
-51
-36
-17
-1
2
10
16
25
38
41
37
21
21
15
7
4
-12
-27
-27
-17
-15
-15
-18
-28
-37
-37
-37
-46
-68
-74
-85
-89
-94
-98
-85
-81
-92
-104
-88
-81
-75
-74
-92
-95
-97
-96
-77
-58
-34
-21
-18
-30
-32
-41
-39
-47
-63
-49
-29
-14
-23
-34
-35
-10
-1
10
23
39
62
52
42
38
43
49
54
33
38
29
6
-2
3
-5
-18
-26
-26
1
10
11
16
3
2
12
-1
-6
-26
-39
-43
-32
-18
-21
-19
-26
-18
-12
3
3
13
35
47
61
72
80
81
72
73
85
75
73
82
77
86
83
78
79
78
95
101
92
77
65
41
35
32
24
14
-4
3
12
35
39
40
40
37
40
33
33
26
37
37
19
-2
-26
-43
-34
-28
-33
-27
-40
-33
-49
-74
-86
-92
-93
-90
-102
-103
-109
-100
-92
-88
-72
-69
-49
-44
-32
-40
-42
-48
-53
-59
-65
-55
-49
-29
-17
-19
-20
1
19
24
26
20
21
25
23
24
17
22
25
33
35
51
57
63
80
72
82
76
75
59
56
60
55
47
54
68
83
96
97
88
78
61
44
33
28
35
38
25
-4
-28
-33
-31
-19
1
0
2
-1
2
-2
-14
-24
-45
-62
-55
-59
-73
-88
-88
-91
-99
-114
-133
-126
-134
-131
-138
-131
-114
-110
-105
-115
-111
-112
-106
-80
-59
-54
-39
-28
-19
-14
0
6
-8
-8
-8
4
16
26
44
64
55
52
72
97
122
127
119
116
113
109
94
83
100
118
122
115
107
101
98
99
89
68
65
59
50
34
31
31
22
16
17
12
9
15
17
21
-3
-13
-26
-33
-34
-49
-64
-94
-113
-117
-102
-103
-97
-88
-77
-80
-84
-88
-86
-76
-68
-45
-32
-20
-9
2
10
12
7
9
26
41
36
34
44
46
49
56
60
61
71
86
102
102
115
110
113
96
85
92
86
78
65
56
63
62
46
25
13
22
36
31
24
8
-4
-17
-36
-45
-45
-31
-7
-1
-4
-3
-8
-18
-35
-46
-63
-65
-68
-68
-77
-81
-95
-91
-94
-97
-109
-113
-111
-102
-100
-109
-111
-122
-135
-159
-170
-152
-128
-122
-110
-95
-95
-88
-87
-84
-69
-54
-29
-15
1
-6
-8
-5
-14
-7
-6
2
27
29
27
8
-8
-13
-6
7
6
28
54
66
71
74
85
84
93
105
125
133
135
131
118
102
107
108
84
83
75
84
85
70
59
53
56
43
32
24
21
32
30
20
9
6
-6
-14
-20
-13
6
16
7
6
3
8
6
12
13
13
14
15
23
11
15
10
15
13
11
14
4
21
12
17
3
-4
3
-2
4
-2
13
24
23
18
4
2
8
16
16
13
8
29
24
15
16
6
15
11
12
-4
-19
-31
-19
-12
-11
-9
-11
-22
-26
-18
-16
-25
-28
-18
-8
13
21
19
11
4
5
0
-9
5
13
12
12
-10
-22
-10
-12
-11
-27
-30
-36
-39
-27
-45
-48
-67
-85
-92
-107
-95
-93
-109
-114
-120
-112
-113
-109
-109
-113
-109
-111
-97
-89
-83
-71
-63
-45
-30
-19
-21
-5
-15
-17
-31
-29
-30
-23
-22
-40
-29
-27
-8
-9
4
19
25
34
39
32
34
46
59
70
63
57
68
89
91
89
97
102
108
106
109
113
100
99
92
79
90
93
100
101
95
108
114
118
111
83
71
68
64
53
53
55
59
55
53
46
46
32
10
6
-3
-9
-5
-9
-20
-11
-11
-2
-5
-2
-2
-15
-22
-27
-34
-42
-47
-54
-48
-37
-26
-27
-27
-43
-46
-48
-39
-38
-38
-42
-35
-20
-12
-7
-8
-12
-19
-12
-5
-12
2
10
3
-8
-23
-20
-30
-24
-15
-20
-20
-25
-29
-38
-34
-24
-27
-23
-34
-39
-49
-64
-73
-68
-65
-66
-65
-63
-71
-68
-64
-60
-56
-62
-78
-90
-88
-91
-80
-83
-79
-89
-94
-90
-79
-75
-71
-75
-64
-46
-34
-18
-34
-42
-39
-27
-26
-16
-7
7
14
26
34
32
40
52
55
57
65
57
59
61
72
85
96
108
99
98
115
120
135
130
120
115
109
114
113
113
121
114
112
99
96
97
101
101
93
83
83
70
51
52
44
42
30
32
23
26
26
6
-11
-26
-30
-29
-31
-43
-47
-57
-57
-56
-53
-52
-52
-46
-36
-24
-20
-22
-36
-38
-38
-38
-49
-42
-42
-37
-44
-40
-18
-10
0
-14
-16
-14
-7
-3
-2
12
28
34
26
28
39
42
51
35
29
32
23
13
2
-9
-19
-26
-29
-30
-25
-23
-28
-29
-21
-17
-13
-10
-23
-32
-33
-26
-25
-29
-32
-50
-60
-53
-57
-71
-76
-74
-73
-76
-85
-82
-69
-70
-66
-74
-80
-72
-54
-40
-43
-47
-47
-38
-33
-36
-27
-26
-29
-32
-33
-31
-28
-34
-30
-8
0
13
12
21
21
31
51
58
65
76
81
92
91
82
68
49
49
49
43
36
26
21
20
23
22
27
29
27
28
31
50
55
56
49
27
12
25
34
25
32
33
34
20
9
11
-5
-9
-14
-27
-34
-35
-22
-10
-2
8
8
12
10
14
12
19
20
19
25
25
19
15
13
23
26
20
9
0
21
37
46
40
39
47
48
49
51
62
77
73
73
54
54
55
52
52
42
48
38
40
28
9
-2
-13
-4
-11
-18
-22
-31
-37
-58
-70
-72
-72
-71
-80
-84
-81
-82
-89
-98
-107
-108
-108
-106
-101
-106
-102
-97
-99
-97
-102
-102
-93
-85
-84
-88
-77
-70
-63
-52
-43
-44
-33
-30
-26
-14
-5
5
9
20
22
23
29
32
39
42
36
39
45
38
39
38
34
32
44
58
65
72
78
70
68
71
65
51
44
55
53
53
43
33
32
23
17
10
12
7
-4
-7
-15
-10
-18
-20
-2
-6
-5
-6
4
15
13
19
14
17
24
27
26
29
26
8
7
11
9
9
4
4
-1
1
4
12
14
20
32
37
37
37
36
43
43
35
28
31
31
21
21
14
13
17
22
28
28
35
28
27
32
21
28
33
32
19
13
13
12
13
9
-7
-14
-17
-14
-15
-17
-23
-30
-20
-19
-18
-34
-40
-48
-52
-56
-64
-63
-61
-62
-62
-67
-78
-68
-79
-87
-81
-78
-67
-62
-61
-64
-47
-38
-32
-38
-25
-16
-26
-26
-31
-27
-25
-25
-27
-24
-17
-10
-11
-12
-12
-12
-10
-14
-19
-16
-7
2
2
0
9
15
23
39
38
37
36
37
30
37
37
32
27
20
24
17
10
8
18
13
16
5
4
13
14
26
15
5
2
-1
4
15
27
14
8
-10
-27
-26
-19
-14
-11
-5
-3
1
5
-6
2
10
19
22
30
33
26
23
17
21
16
14
12
19
20
27
27
13
20
16
21
27
30
40
52
62
66
61
61
53
46
53
57
61
62
64
65
60
48
32
39
42
42
35
22
18
10
3
-1
6
4
0
-2
1
5
2
8
4
-3
-19
-31
-21
-15
-12
-8
-20
-32
-32
-35
-24
-23
-19
-23
-37
-27
-37
-38
-47
-64
-60
-66
-65
-70
-77
-84
-78
-73
-56
-59
-63
-72
-77
-73
-69
-57
-69
-73
-73
-65
-63
-70
-64
-64
-68
-63
-64
-49
-44
-37
-42
-32
-23
-25
-23
-35
-28
-20
-16
-9
-8
-5
-7
-4
12
30
42
37
33
39
37
34
42
39
52
66
72
81
74
74
63
67
63
66
62
66
67
58
54
52
56
42
48
51
37
38
33
23
18
23
14
0
-5
-2
11
20
22
20
19
15
20
20
10
12
16
19
27
19
6
9
-5
-4
5
13
13
20
23
38
40
33
31
21
10
-3
-1
-4
0
3
6
4
-10
-9
-2
7
7
8
15
10
3
-7
-13
-25
-26
-20
-11
-6
-6
-8
-2
-6
-8
-19
-25
-29
-31
-25
-32
-15
-8
-7
-12
-30
-27
-23
-10
-2
10
16
12
12
-3
2
2
-4
-12
-29
-42
-41
-45
-50
-54
-73
-76
-82
-84
-78
-67
-49
-47
-42
-39
-41
-30
-37
-27
-25
-17
-21
-27
-19
-13
-7
-10
-14
-11
-4
-20
-16
-16
-10
4
6
9
6
-1
-2
-2
-7
2
6
18
22
26
25
24
24
20
21
28
39
43
32
25
25
29
46
52
58
51
49
57
55
51
48
48
49
51
42
50
50
52
54
34
24
16
9
16
19
20
13
8
7
2
1
5
6
12
19
22
19
14
5
3
14
30
42
33
31
35
28
26
21
12
17
9
-2
-10
-21
-14
-12
-8
-6
-13
-18
-16
-8
-3
-1
-4
-11
-19
-23
-27
-27
-26
-20
-19
-26
-30
-41
-44
-52
-51
-53
-46
-52
-59
-61
-57
-50
-45
-43
-45
-38
-41
-40
-56
-49
-46
-28
-29
-41
-55
-69
-63
-64
-64
-61
-50
-27
-23
-20
-18
-18
-6
-2
0
6
11
23
26
29
19
5
18
23
22
19
12
25
20
30
28
19
13
12
19
15
22
35
36
35
29
18
24
28
28
32
22
23
15
10
3
-4
1
-3
-1
-1
5
15
21
25
26
34
35
31
37
31
24
29
37
44
51
35
37
39
43
49
42
41
33
33
24
23
14
18
13
14
25
24
29
29
27
15
11
13
21
13
4
5
15
3
-6
-7
-11
-11
-14
-23
-19
-10
-7
-9
-17
-28
-25
-21
-22
-16
-12
-6
-5
-4
-8
-7
-9
-12
-24
-24
-22
-32
-38
-45
-46
-51
-44
-55
-57
-56
-43
-30
-32
-41
-46
-41
-40
-47
-46
-31
-25
-25
-27
-37
-35
-36
-38
-34
-32
-18
-9
-13
-24
-28
-31
-27
-28
-15
-7
3
8
20
20
12
20
13
20
21
23
30
31
35
32
26
18
18
9
3
3
11
17
22
26
24
26
30
25
36
35
43
57
65
75
66
68
69
61
56
57
59
60
52
48
42
41
21
12
14
19
32
28
18
12
15
3
-12
-18
-15
-17
-31
-36
-39
-33
-30
-25
-33
-43
-39
-44
-53
-56
-45
-39
-35
-32
-20
-12
-13
-13
-14
-5
-2
-1
-16
-17
-20
-26
-20
-24
-37
-41
-46
-38
-34
-34
-22
-22
-18
-13
-5
-2
-8
-5
4
6
11
21
17
14
14
16
21
13
11
13
9
13
3
11
16
16
27
21
16
8
11
12
13
8
1
8
8
-5
-6
-1
0
-1
-6
-4
-6
-11
-2
-8
-2
3
-6
-6
-15
-10
-1
2
2
7
-2
-1
-10
-20
-16
-14
-15
-25
-20
-15
-7
0
8
12
4
-4
-4
-11
-5
2
6
-3
-16
-10
-1
-3
-1
0
3
18
14
17
23
16
14
11
11
16
21
16
20
20
22
17
9
15
17
14
6
-8
-12
-4
-4
-2
-9
-10
-19
-9
0
5
16
18
7
-7
-6
-8
-11
-10
-15
-18
-2
5
4
-4
-3
-3
0
6
3
3
8
12
0
-1
-11
-7
-1
7
7
6
5
7
5
-9
-10
-11
-4
-2
-5
-9
-13
-14
-18
-16
-13
1
8
9
9
-4
-8
-5
2
1
-1
1
6
4
-2
-6
-14
-5
-11
-18
-15
-23
-11
-6
0
1
-2
0
-2
-1
1
4
7
13
29
34
35
28
18
15
15
13
14
19
23
27
22
19
16
21
23
33
37
43
54
57
62
60
57
49
31
29
26
28
17
0
-3
-8
1
-7
-8
-9
-17
-21
-24
-26
-29
-29
-34
-42
-37
-32
-36
-32
-38
-34
-27
-26
-34
-36
-35
-38
-38
-39
-35
-32
-29
-25
-32
-31
-24
-20
-13
-19
-7
6
7
7
-8
-14
-18
-16
-17
-19
-5
-5
-7
-6
-9
-8
-11
-21
-28
-21
-15
-8
-12
-21
-19
-21
-14
3
14
15
5
5
10
13
17
19
17
19
13
12
16
21
15
-1
4
-4
15
19
28
32
29
27
28
24
18
22
16
16
8
5
2
4
7
8
1
-4
-3
-7
-9
-6
-11
-6
8
13
13
8
9
3
5
7
18
28
26
29
31
29
25
16
10
16
26
30
23
4
4
13
7
6
3
-1
-4
-2
-5
-14
-20
-22
-27
-29
-28
-17
-24
-47
-51
-49
-46
-38
-35
-28
-28
-17
-23
-29
-33
-44
-39
-32
-24
-34
-33
-30
-26
-19
-25
-27
-23
-14
-12
-11
-1
0
-2
1
7
13
28
39
41
41
46
42
30
18
17
21
30
33
33
37
43
41
32
36
43
49
37
35
27
24
12
3
6
8
13
-4
2
0
14
15
17
11
4
9
8
5
2
8
2
0
-11
-13
-17
-11
-1
-5
-5
-15
-15
-20
-15
-7
-7
-9
-13
-9
-4
-1
-8
-9
-13
-11
-10
-15
-21
-24
-22
-17
-17
-13
-2
4
8
21
26
21
25
26
19
22
30
27
27
30
33
34
29
22
29
39
34
26
20
11
11
6
1
-6
-13
-14
-17
-12
-16
-11
-19
-21
-19
-22
-18
-28
-25
-25
-22
-30
-39
-39
-32
-32
-36
-36
-39
-35
-34
-33
-34
-29
-26
-26
-36
-29
-23
-18
-23
-26
-30
-32
-33
-29
-27
-24
-16
-6
1
12
18
16
18
1
-7
-12
-14
-8
-4
3
5
12
12
16
20
27
31
35
33
27
31
26
33
28
23
32
27
21
22
23
20
23
19
18
17
16
20
27
33
29
20
18
23
16
11
13
12
17
16
7
-1
-10
-17
-14
-15
-17
-11
-15
-9
-8
-5
-12
-16
-14
-15
-2
0
7
14
12
15
16
19
14
19
17
18
16
12
10
5
1
1
9
5
1
-1
-10
-8
-2
-12
-16
-25
-24
-25
-29
-31
-31
-32
-35
-43
-38
-32
-32
-35
-31
-33
-33
-31
-31
-19
-17
-24
-32
-35
-27
-14
-11
-7
-4
-6
-9
-4
-9
-3
-11
-21
-23
-22
-10
-14
-10
-7
-5
5
5
3
3
2
7
18
21
24
17
14
17
20
27
22
16
19
25
21
30
28
38
37
41
44
37
42
31
30
38
41
31
32
23
20
21
16
8
11
11
6
-7
-11
-6
-3
5
2
-8
-12
-2
1
4
3
8
11
8
18
22
21
22
13
7
0
-1
-1
1
1
-4
3
6
0
-1
0
2
-4
-5
-1
5
7
6
-1
-5
1
8
9
4
8
2
6
12
8
2
0
-6
-12
-12
-13
-12
-17
-19
-29
-23
-24
-19
-22
-17
-17
-19
-8
-10
-20
-29
-35
-35
-35
-36
-31
-25
-20
-29
-35
-32
-26
-22
-33
-35
-35
-32
-23
-24
-18
-18
-18
-16
-16
-7
4
19
24
27
21
29
24
19
19
20
28
31
22
24
19
20
28
31
34
28
34
30
31
38
30
26
24
23
22
13
14
15
15
9
0
1
-1
4
10
3
8
10
9
5
3
-2
-2
-2
-10
-10
-12
-3
-7
-2
3
6
8
-3
-9
-11
-10
-5
-8
-17
-26
-40
-35
-35
-33
-35
-34
-30
-24
-26
-24
-21
-16
-21
-20
-19
-17
-7
-2
2
-9
-13
-17
-7
-10
-5
-11
-8
-3
-13
0
-1
-4
4
5
9
3
2
5
12
13
13
23
19
19
22
20
22
18
13
9
6
-2
2
1
3
-4
-7
-14
-23
-27
-27
-25
-16
-3
-1
1
-4
-7
-7
-6
2
6
-5
5
3
8
8
7
17
16
7
-4
-12
-5
-2
3
1
-3
-1
0
2
12
24
23
19
13
13
13
14
19
21
21
22
23
19
19
22
21
14
6
7
4
7
7
6
7
-3
-14
-13
-4
-5
-7
-6
6
8
17
15
7
2
4
-9
-7
1
-2
3
-4
4
4
3
0
8
7
19
23
10
8
13
12
14
16
15
18
24
13
1
-3
-7
-9
-14
-18
-25
-17
-22
-18
-10
-18
-13
-13
-10
-8
-8
-9
-14
-13
-9
-8
-12
-18
-15
-17
-13
-17
-13
-14
-17
-22
-24
-19
-16
-13
-19
-10
-9
-8
-2
-4
-7
-5
-8
-9
-12
-16
-21
-19
-4
-6
-3
-2
8
17
18
21
19
19
14
16
16
20
15
18
19
13
16
20
26
27
29
32
30
26
25
23
16
22
23
18
18
8
19
12
12
16
14
22
17
12
12
13
6
2
-4
-3
-7
-11
-16
-17
-11
-17
-11
-13
-12
-20
-28
-30
-29
-22
-17
-17
-15
-16
-17
-15
-19
-17
-18
-18
-16
-13
-19
-17
-12
-11
-16
-22
-25
-24
-20
-15
-13
-8
-11
-18
-17
-17
-14
-13
-15
-17
-15
-9
-7
-8
-3
0
-2
2
1
8
3
8
11
9
17
16
12
15
19
19
11
13
16
14
11
7
4
12
17
11
0
-3
-8
-9
-6
-9
-8
-1
6
8
11
4
3
3
6
9
5
4
-5
-12
-8
-6
-6
-7
-7
-6
-6
-2
2
4
-3
-2
-5
-7
-5
-3
5
6
3
7
11
10
15
9
3
4
0
-2
-1
1
7
3
10
0
3
2
-4
2
2
12
23
27
27
12
5
8
-2
-1
-2
4
13
17
10
6
10
16
16
7
22
21
27
23
17
17
8
7
5
10
7
7
7
7
1
3
-3
-8
-2
-2
-1
-7
-8
-13
-19
-21
-22
-18
-20
-26
-29
-29
-14
-13
-7
-12
-23
-20
-23
-9
-3
3
2
0
