SAMPLES:	9217
BITSPERSAMPLE:	16
CHANNELS:	1
SAMPLERATE:	16000
NORMALIZED:	FALSE
7
7
3
3
4
6
1
-2
-1
-4
-4
-5
-6
-8
-5
-1
3
6
4
9
8
2
6
2
6
6
-1
1
1
6
3
4
7
5
2
2
-2
-1
3
-1
1
2
9
6
4
5
3
3
3
7
5
9
7
8
8
5
4
2
4
2
-2
-3
-2
-4
0
0
1
-5
-5
3
10
8
10
10
9
11
7
8
6
4
1
-4
-11
-8
-12
-18
-15
-11
-13
-10
-3
-3
-5
-4
-3
0
-3
-1
0
0
-1
4
-3
-3
-1
-1
3
1
7
5
2
7
4
9
3
3
-1
-1
-2
-5
-5
-3
-1
-1
2
0
7
7
5
0
3
1
7
6
5
5
9
10
6
2
0
8
6
5
8
6
7
12
7
9
4
7
1
-3
3
2
2
0
-5
-5
-2
-4
-1
-2
-2
3
1
1
8
1
1
3
2
1
2
-2
3
-1
-6
-5
-12
-13
-13
-15
-11
-10
-11
-7
-8
-2
-2
-7
-3
-5
-5
-2
-6
-9
-13
-11
-14
-10
-9
-11
-8
-12
-10
-13
-9
-4
-1
-2
-3
-6
-2
-6
-4
-6
-3
-1
-4
-7
-8
-5
-7
-3
-1
3
5
12
13
11
9
10
9
12
11
16
9
9
10
7
5
6
10
3
7
8
2
-3
-8
-9
-9
-6
-4
0
-2
-1
2
2
6
2
4
1
-1
-4
-1
-5
-2
-3
-6
-3
-5
-1
-3
-2
3
2
2
0
3
2
0
3
5
1
1
1
7
3
4
-1
1
4
0
1
0
-2
-1
0
-3
1
0
5
2
4
8
6
11
5
6
3
0
-3
-7
-6
-7
-6
-4
-2
3
4
4
7
4
-4
-3
-6
-9
-3
-7
-8
-14
-12
-12
-15
-14
-10
-12
-12
-10
-10
-9
-9
-7
-9
-12
-8
-9
-7
-5
-11
-4
-7
0
-1
1
-1
1
8
4
9
6
8
4
7
4
6
-1
7
8
9
16
11
13
15
18
17
14
14
14
10
11
11
13
16
12
22
17
14
13
14
14
17
17
19
14
10
13
9
14
10
11
7
7
4
4
6
0
-4
-5
-1
-7
-6
-4
-8
-6
-1
-6
-7
-7
-5
0
2
-3
-6
-3
-3
-2
-2
-4
-8
-10
-9
-6
-9
-8
-10
-9
-15
-11
-7
-9
-3
-6
-4
-1
3
18
51
66
20
-10
-33
-31
-32
-41
-42
-44
-28
-25
-21
-31
-31
-24
-11
0
6
10
10
0
1
16
56
123
130
103
80
35
15
-4
-17
-10
-15
-17
-29
-69
-112
-128
-119
-117
-106
-80
-32
24
31
-14
-59
-46
12
60
73
41
-16
-28
-3
-10
-17
1
18
43
40
31
19
6
10
30
86
115
102
62
21
-28
-65
-35
-7
12
17
18
14
28
31
34
0
-32
-47
-11
62
54
-2
-60
-69
-58
-31
-2
-7
-44
-47
-28
-18
-7
3
10
12
26
55
68
20
-11
-19
13
69
172
262
183
79
42
7
-32
-75
-121
-147
-145
-144
-151
-152
-141
-56
12
68
96
59
38
-1
-61
-92
-134
-131
-92
-78
-98
-122
-120
-105
-35
42
60
113
138
133
138
95
75
84
121
147
158
148
140
84
32
-16
-63
-42
-43
-38
-66
-120
-160
-145
-107
-96
-79
-62
-50
-22
-28
-1
9
13
81
81
94
156
130
55
-6
-57
-15
19
4
-33
-94
-86
-68
-45
-2
29
98
91
53
72
72
85
55
33
72
72
57
52
27
9
-9
-33
-50
-28
-37
-51
-81
-104
-86
-91
-65
-29
-5
-4
-4
-2
-2
4
30
62
46
-15
-20
-10
31
14
-37
-3
5
19
14
1
-29
-58
-53
-44
20
32
-6
4
-36
-58
-39
13
37
0
26
4
-10
7
26
67
58
44
28
65
74
0
-8
11
-51
-70
-53
-53
-41
-57
-68
-60
-11
-1
8
54
60
3
-21
23
41
18
13
24
45
50
31
43
18
9
-5
-36
-73
-26
0
-30
-18
-44
-16
-5
-19
16
57
11
8
13
13
30
5
-31
-15
0
32
50
12
14
38
56
-2
-33
-5
16
-4
-19
-6
-6
15
10
-8
-39
-20
-17
-5
-46
-59
19
16
-20
7
17
0
0
-60
-38
28
36
-10
4
49
49
22
-40
-16
27
66
37
-6
18
-22
-53
-40
-42
-26
20
-5
-36
-9
-10
-39
-4
53
27
0
-28
-24
-13
12
7
-12
-42
-7
14
-24
5
2
1
9
32
17
1
1
8
-11
4
-4
-3
9
-11
-35
-50
-2
3
11
21
-1
23
54
29
-7
22
25
-13
-18
-11
0
20
6
-15
6
11
18
-2
-3
27
-13
0
23
9
-3
-29
-33
-28
0
-11
-37
-30
-23
-1
-9
-25
-16
-20
-5
-16
-11
31
45
16
-1
10
56
73
29
17
16
18
14
-6
-23
-19
-7
-11
-19
-11
-9
-20
-33
-35
-42
-41
-11
2
15
32
32
28
30
8
16
21
16
16
3
-10
-31
-15
-1
12
18
6
4
16
13
-11
-18
-18
-14
17
18
-1
3
9
0
1
7
4
28
34
6
-1
1
3
-18
-34
-30
-10
23
16
-5
-30
-51
-38
-17
-21
-13
-14
-39
-52
-26
-25
-38
-22
1
21
30
28
8
4
-5
-8
8
35
51
36
2
11
22
14
28
26
21
36
28
27
16
6
2
2
13
5
1
-19
-32
-19
-16
-17
4
6
2
-8
-9
-18
-20
-5
-2
-9
7
1
-9
-23
-15
-4
1
5
14
27
10
-2
-29
-21
-8
-7
-17
14
25
10
35
99
137
64
-61
-81
42
85
18
-87
-78
2
30
-1
-54
-37
30
54
16
0
-18
-31
-32
-14
20
54
60
59
39
-35
-94
-66
24
94
-2
-117
-157
-91
-9
-34
-87
-95
33
160
191
113
-9
-21
52
93
38
-11
9
74
96
55
-11
-54
-21
4
-67
-172
-195
-146
-137
-180
-175
-110
14
95
65
62
107
113
77
63
80
154
199
182
93
0
-36
-6
18
9
-38
-71
-2
22
-58
-143
-147
-67
-4
-39
-90
-112
-79
-16
-24
-101
-81
26
75
25
2
4
-24
15
46
55
44
33
72
55
-7
12
41
3
-7
20
3
-9
-25
-26
32
25
-19
-51
0
25
9
6
5
-4
17
-1
-41
-36
-12
-11
-55
-72
-57
-10
7
-27
-21
34
15
30
44
60
54
-6
0
-14
3
49
55
-7
-26
17
18
57
94
-2
-108
-54
52
3
-85
-59
-20
8
-39
-53
48
98
21
-46
28
110
76
28
9
11
66
25
-36
-20
44
53
-21
-48
-26
46
17
-61
-78
-41
-31
-59
-31
9
25
12
0
23
44
50
-3
-3
33
38
16
-1
-29
1
46
-16
-69
-27
-15
-42
-55
-47
-38
-14
26
4
-1
-15
-24
33
61
-8
-25
25
57
45
-13
-20
16
47
16
-61
-59
26
53
16
-34
-9
47
20
-57
-69
26
54
19
-21
-37
57
79
-10
-36
7
54
30
-27
-41
0
30
-6
-16
4
32
60
-9
-50
6
40
0
-15
-3
4
-15
-65
-49
-8
-4
-20
-69
-57
7
32
46
4
-18
8
42
98
66
-30
-20
26
22
9
3
-14
-10
-9
-14
-32
-16
14
-16
-52
-40
10
20
8
-4
-2
8
-15
-63
-10
77
55
-51
-79
-13
-8
-20
-65
-53
14
48
30
-13
12
37
37
13
-26
-17
42
53
-19
-94
-78
26
44
-25
-77
-40
11
-11
-82
-82
9
47
9
-84
-80
26
70
36
-40
-3
68
57
10
-40
-28
44
83
15
-41
19
88
35
-52
-66
4
46
21
-12
14
58
41
-7
-23
21
107
81
16
-5
34
105
69
-50
-85
18
40
-46
-75
-15
37
42
4
-24
17
83
39
-40
-24
44
86
23
-33
-24
31
29
-46
-79
-43
30
25
-16
-23
-29
-17
-21
-11
22
25
14
1
-8
-22
1
19
23
-3
-19
-8
19
-9
-53
-49
-22
0
-47
-63
-28
8
-41
-91
-51
-7
-24
-79
-72
-35
-47
-69
-77
-36
-17
-40
-63
-48
-3
5
-50
-73
-6
44
17
-22
-6
40
26
-46
-47
6
29
-9
-47
-25
16
11
-25
-29
-2
6
5
17
33
11
-10
32
56
55
51
58
85
133
121
44
70
117
135
96
62
109
140
99
47
50
80
67
27
3
30
47
6
-55
-41
22
93
142
198
264
254
179
125
158
205
241
270
316
280
168
96
57
65
63
36
-6
-13
-63
-183
-261
-318
-359
-372
-382
-394
-390
-425
-489
-531
-521
-505
-469
-423
-382
-319
-304
-331
-314
-206
-149
-118
-75
-25
44
93
107
143
216
252
259
270
285
284
253
242
259
244
180
101
45
18
1
-26
-42
-55
-108
-174
-216
-212
-199
-204
-211
-146
-88
-67
-84
-89
-25
50
82
115
221
263
218
177
175
227
295
314
278
258
273
231
185
166
195
202
175
196
211
219
176
141
114
102
123
152
129
138
146
90
72
89
118
125
93
72
196
386
572
670
532
380
345
408
569
731
736
653
536
348
203
217
230
170
72
-147
-321
-416
-583
-774
-896
-991
-1052
-1066
-1158
-1253
-1283
-1368
-1459
-1401
-1320
-1193
-1074
-1057
-1042
-993
-884
-743
-570
-430
-313
-198
-84
0
114
223
298
377
487
605
693
726
712
713
710
736
756
738
731
641
509
368
275
219
168
139
13
-112
-218
-302
-342
-342
-360
-353
-356
-351
-319
-260
-187
-122
-6
84
188
273
304
360
443
515
565
619
682
693
680
670
643
625
618
591
512
440
371
322
304
289
258
210
160
90
97
72
52
86
118
135
67
9
35
264
563
776
769
575
453
529
735
952
1071
1004
878
673
450
403
414
317
178
-35
-282
-475
-725
-1010
-1207
-1324
-1427
-1526
-1651
-1807
-1934
-2015
-2059
-2000
-1892
-1789
-1692
-1649
-1590
-1469
-1297
-1107
-890
-680
-480
-311
-135
62
225
386
543
686
785
923
1039
1095
1133
1174
1244
1274
1245
1071
867
771
748
738
677
505
293
94
-115
-282
-314
-312
-351
-460
-617
-726
-733
-687
-655
-574
-455
-351
-274
-196
-136
-23
120
252
393
527
633
690
728
781
865
932
959
945
925
850
779
725
705
690
609
511
412
318
239
200
184
191
183
149
67
33
239
517
760
846
629
448
524
729
953
1104
1007
836
670
449
333
400
333
124
-78
-374
-594
-754
-970
-1195
-1323
-1511
-1714
-1792
-1888
-1985
-2039
-2130
-2144
-2051
-1974
-1879
-1785
-1702
-1572
-1428
-1246
-1011
-766
-582
-443
-273
-50
228
474
640
778
894
986
1104
1244
1391
1527
1545
1487
1387
1228
1130
1117
1085
1051
880
598
332
133
39
-71
-180
-329
-432
-572
-734
-823
-861
-846
-814
-807
-785
-727
-683
-625
-517
-353
-150
3
79
157
252
384
532
680
775
827
831
802
845
912
952
966
898
798
748
698
675
673
597
506
407
358
318
303
280
265
447
696
845
789
544
467
609
861
1011
1033
921
703
522
353
340
434
344
79
-189
-482
-676
-868
-1084
-1256
-1379
-1560
-1749
-1879
-2025
-2150
-2220
-2207
-2147
-2097
-2089
-2050
-1925
-1777
-1601
-1409
-1203
-1006
-831
-682
-473
-216
42
271
431
580
745
955
1139
1291
1414
1544
1652
1694
1677
1553
1409
1347
1347
1351
1241
995
750
531
402
278
112
-28
-228
-402
-541
-642
-700
-746
-795
-847
-847
-812
-738
-648
-563
-506
-441
-379
-247
-72
94
250
356
414
478
566
649
736
814
881
904
875
789
773
764
753
750
648
545
470
398
364
371
363
288
219
181
363
663
826
803
552
446
605
844
1004
1021
895
713
563
403
384
407
258
-20
-288
-518
-700
-904
-1145
-1372
-1561
-1748
-1896
-1990
-2097
-2198
-2286
-2284
-2250
-2184
-2140
-2083
-1952
-1798
-1627
-1466
-1302
-1129
-969
-720
-445
-175
67
232
413
597
805
1015
1186
1372
1504
1629
1724
1780
1770
1739
1703
1620
1614
1562
1476
1288
1072
876
741
573
323
144
0
-120
-274
-439
-602
-688
-767
-809
-783
-724
-687
-700
-693
-665
-574
-463
-320
-168
-66
15
66
135
263
400
492
583
602
599
627
673
728
753
724
665
636
588
556
490
432
430
413
378
328
261
213
369
645
808
805
556
353
465
739
908
920
782
535
413
336
344
425
311
-18
-306
-524
-682
-826
-1038
-1230
-1409
-1614
-1817
-1911
-2028
-2145
-2234
-2235
-2158
-2109
-2167
-2161
-2039
-1883
-1644
-1488
-1320
-1184
-1047
-857
-592
-289
-65
125
270
477
678
918
1125
1277
1386
1467
1581
1705
1828
1878
1882
1731
1612
1578
1559
1484
1340
1135
932
754
496
342
278
162
-33
-228
-407
-530
-572
-635
-662
-687
-728
-765
-744
-694
-619
-537
-448
-340
-280
-224
-143
-9
126
260
343
417
471
507
570
652
726
712
694
651
611
586
568
555
543
547
505
447
415
328
292
285
525
797
867
743
373
285
498
818
912
807
611
379
308
291
323
327
156
-196
-452
-578
-720
-874
-1066
-1222
-1368
-1603
-1806
-1902
-1977
-2040
-2066
-2027
-2020
-2083
-2185
-2106
-1849
-1636
-1481
-1440
-1403
-1287
-1095
-819
-506
-291
-181
-67
124
377
671
880
1025
1153
1233
1398
1537
1718
1800
1774
1729
1634
1662
1685
1688
1539
1356
1197
1012
856
685
534
424
313
74
-151
-309
-406
-478
-524
-569
-637
-734
-814
-819
-735
-617
-571
-584
-572
-484
-363
-199
-43
59
132
172
251
348
505
624
686
697
677
668
695
732
726
747
694
597
528
485
479
502
460
366
288
321
499
632
646
472
280
297
538
711
674
554
341
239
250
290
275
143
-126
-395
-498
-563
-700
-938
-1162
-1338
-1482
-1583
-1704
-1784
-1872
-1962
-1968
-1952
-1950
-1973
-1967
-1840
-1685
-1564
-1487
-1437
-1307
-1145
-921
-663
-443
-313
-167
52
309
544
687
806
931
1081
1213
1385
1569
1698
1705
1669
1635
1636
1721
1750
1681
1517
1371
1216
1125
1008
849
689
509
301
110
-8
-136
-239
-377
-514
-619
-716
-764
-774
-742
-705
-714
-751
-733
-641
-516
-371
-243
-151
-107
-72
-14
121
305
418
478
478
464
504
551
638
696
676
614
525
528
533
610
617
549
420
311
274
364
632
731
697
445
249
300
576
753
651
519
317
227
218
220
193
75
-146
-375
-507
-607
-738
-947
-1113
-1245
-1396
-1565
-1670
-1745
-1807
-1829
-1862
-1876
-1900
-1939
-1940
-1770
-1606
-1492
-1445
-1392
-1265
-1103
-880
-665
-470
-320
-168
-4
240
451
632
786
935
1064
1189
1336
1486
1713
1754
1712
1616
1575
1649
1745
1744
1587
1422
1238
1126
1055
966
834
657
471
249
128
2
-135
-270
-378
-459
-548
-614
-686
-694
-704
-681
-682
-678
-648
-588
-508
-401
-331
-315
-247
-176
-46
54
133
188
233
286
338
385
431
487
494
494
464
507
531
561
553
534
531
471
388
329
387
624
783
685
454
229
277
542
755
687
480
270
150
205
319
357
210
-80
-364
-460
-459
-510
-705
-951
-1183
-1351
-1472
-1522
-1533
-1631
-1753
-1815
-1811
-1819
-1834
-1829
-1743
-1585
-1496
-1439
-1393
-1298
-1136
-911
-653
-451
-342
-283
-135
104
388
581
699
763
839
935
1075
1329
1540
1570
1488
1432
1444
1578
1678
1657
1507
1355
1232
1167
1145
1040
901
695
527
358
242
142
35
-81
-241
-378
-499
-564
-601
-590
-560
-562
-615
-664
-652
-569
-483
-385
-356
-353
-327
-280
-145
-3
110
151
155
186
254
354
438
497
487
477
486
504
518
543
596
597
578
550
501
442
412
572
726
755
630
411
337
485
683
647
497
383
284
255
260
209
83
-73
-250
-394
-488
-617
-787
-987
-1108
-1189
-1287
-1404
-1531
-1657
-1725
-1693
-1694
-1730
-1805
-1865
-1777
-1618
-1528
-1494
-1429
-1309
-1129
-929
-760
-607
-466
-345
-172
67
301
451
515
582
712
884
1064
1192
1361
1408
1368
1367
1387
1513
1576
1546
1413
1341
1321
1251
1181
1040
909
758
635
532
397
245
78
-78
-225
-309
-389
-454
-451
-507
-584
-652
-690
-671
-612
-545
-511
-495
-485
-466
-396
-292
-189
-89
-19
33
83
135
216
309
396
448
471
499
506
537
578
653
706
715
671
611
562
518
514
577
778
833
694
458
292
391
650
778
617
394
272
216
271
338
264
74
-151
-360
-416
-420
-547
-754
-950
-1040
-1115
-1234
-1369
-1466
-1570
-1610
-1606
-1637
-1683
-1783
-1794
-1692
-1486
-1359
-1358
-1359
-1282
-1075
-848
-647
-532
-455
-370
-208
9
240
372
428
525
675
828
950
1047
1141
1222
1297
1316
1349
1379
1336
1346
1328
1329
1300
1188
1054
944
907
841
726
540
374
267
175
84
-52
-200
-323
-401
-438
-479
-527
-611
-678
-691
-668
-647
-661
-675
-655
-555
-453
-381
-352
-311
-216
-108
14
91
188
251
332
388
430
518
559
597
675
750
781
766
720
723
750
755
688
574
575
701
728
623
450
315
350
527
546
391
271
210
155
129
99
17
-91
-197
-265
-330
-462
-637
-830
-938
-918
-970
-1148
-1309
-1391
-1449
-1484
-1478
-1503
-1545
-1561
-1532
-1423
-1293
-1255
-1256
-1171
-983
-790
-669
-571
-467
-336
-159
36
190
286
373
478
606
760
849
852
900
1017
1073
1153
1176
1193
1176
1144
1165
1185
1172
1078
997
903
861
797
687
603
498
362
230
131
16
-112
-198
-312
-407
-477
-588
-668
-700
-698
-714
-713
-746
-770
-738
-642
-518
-413
-388
-379
-308
-203
-62
65
170
254
310
337
414
523
611
710
749
763
742
715
726
767
820
798
708
550
466
451
551
654
525
305
93
63
217
383
297
58
-65
-86
-15
54
29
-86
-197
-298
-394
-412
-457
-530
-627
-725
-821
-963
-1097
-1116
-1041
-1051
-1129
-1226
-1321
-1320
-1235
-1134
-1052
-999
-1039
-1038
-901
-694
-515
-414
-344
-264
-156
-57
73
209
309
375
402
489
580
636
650
725
863
887
842
772
846
941
1002
924
849
865
869
867
772
763
713
624
509
390
296
201
125
48
-44
-168
-334
-428
-432
-432
-495
-608
-632
-646
-620
-610
-558
-530
-495
-430
-380
-285
-199
-135
-61
60
176
239
239
277
361
459
539
598
633
586
569
586
663
727
707
645
561
511
466
395
338
287
315
353
236
77
-15
-29
79
178
82
-90
-98
-21
54
76
-4
-120
-171
-176
-200
-222
-290
-391
-529
-615
-621
-681
-808
-889
-885
-910
-948
-1029
-1090
-1064
-1007
-961
-901
-828
-851
-852
-740
-579
-440
-419
-397
-317
-201
-120
-56
12
81
159
184
231
304
363
406
500
630
643
631
630
762
883
864
748
703
780
836
827
702
650
622
559
511
452
384
285
181
79
28
-39
-167
-243
-291
-323
-410
-496
-492
-458
-443
-473
-464
-474
-444
-408
-302
-176
-111
-81
-93
4
132
250
313
322
385
484
570
620
608
615
617
620
631
589
552
491
470
457
369
250
131
57
118
256
198
48
-103
-179
-70
130
185
22
-77
-30
64
136
131
46
-16
-32
-61
-92
-153
-264
-351
-417
-437
-516
-690
-785
-770
-732
-791
-918
-1026
-1051
-979
-893
-853
-821
-839
-885
-822
-668
-537
-519
-551
-504
-409
-308
-239
-210
-140
-50
12
47
106
179
225
322
466
522
514
461
547
709
819
796
674
705
774
802
726
664
674
630
596
529
464
393
287
177
113
94
-9
-147
-221
-222
-269
-358
-435
-434
-396
-377
-396
-411
-363
-320
-257
-202
-133
-54
-4
46
119
199
234
271
344
405
434
468
511
544
529
506
503
513
538
458
361
315
323
290
191
87
93
228
236
158
55
-3
68
257
322
185
86
120
221
298
284
174
109
118
110
56
-34
-126
-192
-271
-343
-429
-582
-699
-711
-751
-809
-887
-983
-1040
-1020
-952
-950
-960
-979
-996
-949
-833
-707
-645
-638
-619
-543
-416
-319
-239
-202
-155
-80
0
58
116
178
266
408
455
456
428
498
678
784
787
665
633
699
806
766
664
645
578
540
469
395
322
253
195
116
68
-31
-169
-210
-211
-216
-283
-401
-445
-409
-365
-361
-351
-361
-354
-310
-201
-84
-43
8
33
104
212
283
309
320
389
427
439
462
462
501
518
500
478
431
414
388
397
410
374
254
147
181
365
427
306
169
81
163
358
427
273
183
243
329
381
347
233
161
193
174
126
13
-157
-263
-357
-395
-472
-632
-803
-855
-864
-933
-1008
-1111
-1179
-1155
-1094
-1055
-1023
-1017
-1017
-948
-824
-707
-635
-640
-576
-462
-366
-288
-226
-160
-77
-6
60
114
184
256
315
461
511
508
515
581
741
846
811
677
649
726
824
812
702
637
557
525
495
455
381
252
143
43
-1
-87
-213
-265
-303
-341
-431
-529
-554
-500
-451
-475
-517
-502
-436
-376
-320
-232
-142
-124
-133
-100
15
153
230
231
256
296
339
399
461
517
500
473
454
468
491
454
449
461
428
331
238
269
476
545
383
194
149
299
527
548
345
255
329
447
474
453
341
268
234
186
106
-3
-111
-214
-301
-414
-544
-722
-820
-796
-792
-901
-1060
-1144
-1166
-1119
-1039
-1013
-1000
-1012
-1012
-946
-833
-694
-612
-614
-567
-465
-382
-320
-240
-129
-51
21
77
137
229
345
431
531
556
541
532
618
804
882
846
705
706
769
812
761
661
682
663
575
423
299
246
226
158
35
-64
-200
-293
-329
-335
-326
-411
-505
-546
-518
-460
-484
-475
-443
-407
-344
-309
-276
-221
-160
-88
16
91
97
87
165
298
398
394
342
348
426
493
545
532
490
490
466
435
416
407
348
361
492
487
335
201
222
388
561
516
273
189
325
429
444
386
293
212
158
112
72
-8
-131
-309
-458
-492
-562
-749
-923
-902
-871
-980
-1107
-1192
-1202
-1140
-1093
-1070
-1039
-1022
-1057
-1000
-830
-687
-632
-628
-570
-417
-280
-203
-110
-42
58
148
191
268
403
470
492
568
615
674
696
777
914
970
898
803
849
946
990
863
751
734
692
603
462
384
332
227
110
-2
-52
-148
-275
-347
-390
-406
-525
-633
-631
-573
-554
-620
-609
-555
-492
-457
-426
-356
-265
-203
-186
-97
-13
64
99
148
240
310
317
331
405
466
482
465
457
511
571
533
468
419
387
394
529
607
496
337
260
345
547
613
406
245
366
509
504
387
268
223
235
192
67
-54
-176
-300
-449
-530
-587
-703
-869
-971
-986
-1060
-1154
-1227
-1271
-1227
-1207
-1207
-1184
-1143
-1115
-1084
-982
-836
-694
-679
-678
-546
-377
-230
-172
-127
-5
121
233
300
397
521
563
637
727
790
824
850
950
1019
986
881
863
948
1018
941
751
657
689
697
583
440
347
249
161
82
23
-13
-138
-288
-365
-399
-436
-502
-531
-523
-511
-577
-649
-627
-528
-442
-438
-433
-381
-302
-241
-162
-62
20
77
91
108
218
320
379
388
427
465
457
502
556
626
609
525
468
448
515
665
723
585
429
348
441
693
773
531
318
376
519
583
471
282
190
186
127
13
-107
-206
-295
-484
-622
-703
-830
-979
-1063
-1076
-1151
-1255
-1346
-1405
-1349
-1280
-1291
-1299
-1269
-1220
-1150
-1040
-891
-742
-710
-669
-531
-343
-206
-133
-50
65
227
325
375
483
588
652
729
792
853
874
896
1005
1065
1007
883
867
964
1052
979
770
665
708
720
633
519
380
300
193
87
28
-41
-134
-265
-386
-429
-464
-527
-539
-537
-540
-609
-674
-649
-571
-501
-491
-484
-435
-392
-349
-279
-152
-21
34
45
75
195
310
350
351
397
459
495
545
572
598
607
532
487
502
686
856
772
591
466
518
704
881
757
484
425
501
547
512
383
303
263
167
51
-100
-222
-299
-383
-513
-657
-839
-1049
-1121
-1077
-1079
-1228
-1395
-1525
-1501
-1394
-1353
-1327
-1314
-1282
-1251
-1160
-1016
-851
-754
-693
-570
-410
-290
-179
-53
64
190
292
369
468
602
690
760
803
824
872
934
1064
1129
1094
960
908
972
1043
1082
911
730
707
728
680
575
482
413
339
196
54
-14
-94
-184
-263
-348
-428
-508
-608
-620
-573
-576
-664
-737
-722
-656
-579
-563
-549
-495
-425
-372
-292
-217
-142
-72
-14
59
167
240
289
361
413
433
443
507
594
654
590
524
495
646
854
861
697
552
578
708
924
854
574
465
566
659
618
482
303
257
243
142
-13
-198
-321
-415
-544
-655
-754
-969
-1153
-1176
-1146
-1221
-1353
-1489
-1532
-1434
-1366
-1338
-1324
-1300
-1285
-1214
-1059
-896
-762
-734
-648
-462
-275
-159
-81
19
175
331
399
464
588
724
820
856
877
946
980
1030
1119
1207
1171
1034
1030
1092
1143
1077
924
824
810
775
646
502
443
365
247
118
51
4
-123
-268
-383
-405
-448
-514
-596
-616
-590
-644
-689
-714
-683
-660
-654
-599
-536
-505
-483
-428
-319
-217
-160
-125
-55
55
161
213
231
297
372
406
456
536
633
634
568
544
620
828
907
755
564
542
650
813
879
659
465
508
582
604
516
348
243
201
129
-7
-197
-314
-370
-460
-627
-796
-946
-1113
-1132
-1105
-1182
-1312
-1448
-1551
-1500
-1365
-1336
-1357
-1385
-1330
-1225
-1099
-968
-834
-773
-706
-545
-370
-230
-122
-26
93
238
327
401
520
672
785
880
881
903
966
1045
1141
1204
1233
1127
1077
1113
1179
1177
1074
982
914
890
838
741
622
546
443
273
141
76
19
-112
-238
-335
-420
-475
-561
-615
-663
-700
-715
-765
-787
-740
-713
-728
-697
-635
-553
-492
-435
-378
-312
-249
-155
-45
46
141
207
279
335
381
429
494
591
617
602
553
532
620
843
917
760
590
552
704
902
920
681
498
534
616
616
488
330
248
204
97
-83
-269
-367
-403
-542
-697
-837
-1002
-1139
-1174
-1176
-1225
-1357
-1503
-1570
-1515
-1431
-1434
-1436
-1419
-1363
-1270
-1136
-976
-854
-807
-742
-585
-375
-242
-159
-41
80
228
341
420
564
695
796
862
912
994
1041
1072
1164
1280
1316
1212
1131
1145
1216
1225
1133
1036
990
942
848
743
661
626
510
320
209
134
66
-65
-216
-318
-403
-498
-625
-702
-725
-718
-765
-823
-831
-823
-813
-788
-729
-637
-601
-571
-514
-427
-312
-231
-168
-74
64
176
214
298
401
492
562
585
648
680
710
697
681
694
699
798
847
784
654
547
579
731
825
636
409
415
521
563
446
242
127
100
40
-99
-245
-368
-473
-617
-779
-858
-955
-1106
-1198
-1200
-1240
-1355
-1459
-1526
-1494
-1417
-1398
-1396
-1323
-1260
-1203
-1093
-945
-791
-725
-672
-548
-351
-217
-130
-64
47
209
340
432
498
614
699
800
890
919
965
992
1067
1170
1237
1184
1128
1141
1151
1147
1076
1049
1048
974
848
729
679
609
514
362
218
143
42
-81
-213
-304
-409
-534
-638
-663
-663
-712
-813
-868
-852
-808
-793
-813
-761
-662
-601
-561
-499
-398
-247
-144
-70
49
157
209
268
376
488
569
588
590
624
672
719
732
699
666
615
643
799
838
709
525
479
598
765
736
473
362
463
531
450
292
158
114
62
-54
-177
-303
-434
-565
-700
-786
-876
-1044
-1215
-1236
-1200
-1263
-1409
-1540
-1547
-1436
-1337
-1300
-1257
-1241
-1220
-1135
-977
-783
-648
-618
-616
-448
-255
-145
-79
4
139
295
379
418
506
634
770
856
883
931
942
971
1069
1168
1159
1092
1110
1105
1103
1050
946
946
945
858
683
561
527
449
339
162
53
-22
-129
-225
-355
-448
-551
-643
-695
-693
-707
-799
-869
-845
-759
-733
-718
-694
-617
-513
-460
-399
-321
-206
-97
-25
77
194
240
291
387
527
606
592
592
655
733
751
709
672
668
664
614
607
753
761
602
384
336
525
720
679
381
262
333
439
409
290
164
82
34
-93
-177
-279
-411
-551
-677
-753
-834
-1007
-1145
-1128
-1100
-1187
-1331
-1424
-1370
-1228
-1154
-1160
-1180
-1151
-1087
-958
-780
-641
-576
-592
-553
-370
-194
-108
-32
69
189
284
324
400
561
683
725
753
759
798
846
910
991
1025
988
914
966
1022
992
872
752
783
844
783
559
416
401
402
308
130
27
-53
-158
-289
-364
-397
-482
-612
-710
-703
-691
-756
-808
-766
-665
-636
-709
-735
-611
-453
-368
-329
-259
-182
-104
-28
101
236
291
299
331
452
565
604
598
618
651
645
624
635
669
656
561
474
505
646
663
498
344
335
429
538
519
340
228
286
358
339
218
88
57
71
33
-93
-281
-414
-472
-534
-648
-786
-909
-1016
-1038
-1027
-1095
-1145
-1194
-1219
-1184
-1128
-1073
-1046
-1003
-925
-833
-742
-661
-555
-498
-416
-296
-165
-79
-5
82
157
283
372
393
446
559
689
771
758
699
689
784
884
906
863
774
769
849
871
819
743
665
614
614
536
452
421
319
206
100
21
-52
-127
-216
-307
-380
-479
-569
-617
-620
-634
-677
-729
-719
-658
-609
-604
-590
-516
-435
-378
-347
-270
-124
-32
26
58
88
191
310
409
473
527
552
532
546
601
648
639
600
584
569
535
470
405
399
526
521
342
187
126
234
408
430
217
65
120
229
301
274
164
71
7
-10
-45
-109
-222
-383
-530
-621
-623
-688
-803
-889
-950
-989
-1043
-1091
-1081
-1027
-967
-953
-940
-924
-859
-785
-692
-568
-495
-462
-440
-330
-178
-45
18
31
84
184
278
344
421
487
526
561
563
617
683
706
739
747
737
695
737
769
738
671
549
562
610
598
491
321
276
299
285
165
35
-14
-66
-129
-225
-283
-334
-395
-443
-450
-439
-475
-515
-517
-475
-417
-418
-454
-394
-281
-217
-185
-150
-89
-7
39
105
173
228
274
276
320
402
436
429
415
448
483
476
430
399
405
382
318
237
227
304
359
294
147
33
72
236
374
310
89
24
119
253
296
236
105
11
-14
-33
-66
-155
-247
-337
-424
-495
-547
-650
-737
-761
-752
-804
-888
-947
-935
-842
-800
-783
-785
-768
-722
-642
-526
-407
-342
-358
-332
-259
-122
-28
38
65
107
164
199
280
375
428
442
435
424
497
536
559
563
562
544
556
589
554
529
469
472
524
540
438
305
279
304
299
221
93
10
-7
-18
-68
-163
-248
-308
-335
-365
-331
-334
-413
-430
-380
-316
-288
-280
-280
-235
-153
-92
-33
0
28
93
157
187
213
251
252
316
383
385
328
297
324
369
408
375
312
314
309
286
227
169
217
309
292
164
74
65
178
323
285
124
76
160
263
283
208
101
67
51
12
-41
-135
-227
-333
-427
-460
-494
-619
-737
-759
-742
-786
-862
-932
-933
-851
-765
-743
-734
-746
-723
-628
-523
-426
-408
-430
-396
-263
-143
-97
-86
-47
21
91
143
193
273
323
371
382
393
427
466
511
544
566
521
514
552
572
552
511
510
516
532
468
354
316
333
321
216
93
18
3
-25
-86
-165
-224
-263
-313
-338
-318
-325
-356
-383
-350
-307
-282
-266
-247
-219
-147
-81
-53
-28
7
84
141
215
243
241
248
287
360
382
353
324
349
387
391
351
283
277
307
316
265
159
119
194
298
260
119
36
83
244
354
273
111
98
219
301
287
192
89
71
71
71
5
-129
-235
-319
-352
-375
-467
-593
-694
-672
-657
-702
-771
-809
-789
-706
-654
-666
-678
-647
-582
-508
-420
-379
-361
-354
-305
-214
-155
-138
-82
-12
31
71
70
112
190
247
291
292
307
329
363
396
428
448
417
419
445
434
439
418
423
436
391
304
227
238
265
228
106
-22
-50
-32
-57
-121
-219
-290
-301
-304
-311
-294
-294
-277
-274
-253
-212
-178
-134
-89
-47
-6
14
44
100
111
156
173
182
201
244
273
323
373
335
299
292
312
354
344
297
264
265
263
245
183
119
119
236
268
166
80
50
141
297
320
198
82
115
225
262
243
143
63
29
14
0
-65
-152
-230
-312
-350
-378
-437
-521
-559
-538
-545
-608
-671
-677
-643
-596
-578
-590
-608
-572
-533
-459
-376
-357
-347
-334
-262
-157
-124
-111
-87
-43
16
32
71
124
174
214
237
232
270
310
341
373
382
389
364
371
399
413
391
361
351
335
287
220
203
198
177
128
26
-53
-81
-69
-102
-167
-188
-237
-268
-285
-257
-224
-243
-265
-260
-200
-162
-124
-102
-64
12
45
35
41
89
144
198
219
225
225
200
230
279
302
275
226
206
224
260
266
214
209
211
194
166
93
69
101
164
216
143
55
33
60
158
207
156
63
37
110
174
159
98
25
12
36
46
15
-34
-102
-153
-199
-227
-243
-307
-383
-396
-391
-409
-455
-529
-536
-493
-448
-455
-477
-474
-462
-416
-367
-314
-292
-311
-308
-246
-160
-110
-89
-103
-82
-17
50
108
127
144
158
175
201
241
251
246
266
307
329
337
342
322
308
288
290
270
238
213
197
185
143
79
16
-22
-39
-39
-81
-116
-147
-159
-142
-142
-137
-141
-138
-137
-137
-92
-59
-56
-57
-40
10
70
77
53
82
126
180
196
172
154
158
173
200
190
154
132
129
157
194
209
180
143
122
136
127
107
86
72
81
53
77
102
73
51
18
32
50
78
53
-5
14
50
46
26
26
44
67
61
31
-6
-46
-64
-62
-81
-103
-157
-228
-252
-227
-248
-319
-386
-385
-372
-365
-361
-381
-385
-363
-349
-335
-307
-256
-250
-243
-199
-130
-93
-79
-57
-50
-6
55
72
88
116
118
113
117
139
164
173
153
162
189
143
115
139
188
187
138
82
57
91
106
77
36
3
-35
-69
-72
-60
-39
-79
-110
-117
-91
-49
-41
-31
-37
-25
-10
21
57
73
79
75
87
104
117
120
134
166
171
140
122
125
164
194
173
146
132
123
142
168
175
176
150
117
104
125
149
131
108
94
69
39
6
16
44
16
-51
-75
-75
-51
-24
-25
-37
-34
-29
-23
7
40
26
-15
-35
-30
4
-10
-47
-42
-51
-54
-82
-135
-143
-154
-173
-215
-238
-249
-254
-256
-271
-266
-262
-255
-254
-258
-246
-199
-172
-155
-148
-135
-123
-99
-61
-32
-24
-19
-1
-1
9
11
3
30
44
31
21
27
41
45
41
27
14
10
11
0
-1
-3
-13
-48
-63
-49
-56
-43
-54
-48
-32
-34
-19
-4
21
45
47
45
74
98
106
122
130
152
174
172
143
150
153
166
200
212
219
215
225
232
252
259
236
222
210
215
232
224
227
207
178
166
150
140
132
108
66
36
-1
-39
-53
-57
-71
-83
-94
-89
-105
-131
-115
-100
-93
-112
-109
-106
-84
-50
-50
-73
-86
-72
-60
-55
-52
-57
-64
-57
-64
-58
-54
-48
-52
-72
-62
-75
-91
-108
-99
-91
-112
-129
-150
-128
-102
-101
-116
-120
-101
-95
-72
-65
-63
-60
-63
-81
-77
-57
-57
-63
-75
-70
-72
-69
-90
-87
-100
-118
-138
-137
-120
-122
-114
-129
-114
-107
-106
-117
-109
-104
-104
-74
-52
-47
-30
-23
-4
35
52
60
50
67
98
126
141
125
140
147
165
174
174
193
212
230
249
265
261
253
263
286
297
302
268
249
243
254
246
213
171
147
139
134
121
115
88
63
56
46
38
8
-8
-7
-7
-12
-44
-79
-86
-85
-83
-101
-101
-117
-130
-117
-122
-97
-81
-90
-76
-80
-75
-76
-77
-66
-64
-65
-59
-74
-75
-51
-32
-29
-15
-8
0
15
21
12
-9
-14
-23
-7
-1
-24
-33
-51
-54
-25
-27
-45
-75
-85
-79
-86
-96
-107
-119
-115
-110
-130
-148
-167
-172
-183
-195
-198
-208
-214
-207
-213
-231
-226
-211
-198
-188
-174
-165
-140
-126
-105
-101
-71
-59
-55
-52
-42
-1
15
23
32
41
69
89
106
123
157
181
190
215
228
254
242
240
240
259
266
262
235
229
238
237
228
219
213
172
154
148
137
131
97
61
42
39
41
20
2
5
6
10
0
3
13
15
10
-6
-3
-1
-11
-35
-30
-18
-21
-20
-24
-28
-40
-25
-10
-14
-7
-1
4
16
19
4
4
-1
9
18
17
15
35
50
35
33
35
30
27
33
55
47
29
21
25
22
-3
-12
-34
-37
-33
-47
-62
-77
-76
-84
-103
-110
-123
-116
-112
-127
-126
-135
-143
-153
-167
-168
-170
-174
-168
-180
-183
-186
-190
-166
-162
-164
-176
-168
-142
-121
-109
-88
-91
-81
-57
-43
-20
-12
-7
-7
9
29
44
59
58
74
101
118
120
132
144
143
144
143
132
129
121
104
95
81
61
37
34
51
56
53
41
44
54
59
63
63
67
59
63
68
85
88
61
57
56
70
78
65
46
49
65
64
62
53
43
40
43
50
45
51
37
39
40
43
44
30
22
33
38
32
62
68
81
89
84
84
70
75
58
55
47
36
25
16
27
27
18
1
19
9
3
-7
-25
-20
-23
-28
-60
-60
-51
-76
-88
-117
-134
-129
-128
-132
-141
-147
-147
-155
-163
-154
-159
-165
-155
-156
-151
-148
-153
-137
-135
-122
-140
-155
-151
-129
-113
-103
-98
-76
-45
-55
-48
-42
-23
-9
8
12
15
13
29
35
29
23
16
1
6
12
22
16
-3
-6
-20
-7
-8
17
17
9
9
11
25
27
49
49
58
58
71
96
97
107
103
111
118
111
108
108
104
104
101
81
72
71
63
59
66
58
54
53
61
72
61
68
66
60
54
69
90
88
83
86
103
116
109
85
78
80
87
85
84
61
44
37
10
19
11
2
5
-3
-2
4
-4
-3
-7
-6
-17
-30
-31
-30
-34
-31
-58
-73
-81
-78
-80
-98
-95
-103
-103
-113
-124
-98
-94
-102
-110
-124
-116
-113
-106
-116
-118
-114
-136
-128
-125
-122
-99
-106
-98
-88
-73
-63
-57
-33
-21
-20
-19
-16
-23
-25
-13
-10
-15
-19
-21
-18
-20
-7
17
-1
5
11
20
26
16
29
31
30
37
33
49
57
58
52
51
66
77
86
80
79
73
78
79
72
76
71
82
82
75
66
60
74
62
52
48
38
37
46
57
55
45
43
51
46
41
47
48
39
31
21
23
28
31
44
35
36
21
28
37
37
47
40
53
37
36
36
36
42
30
29
21
26
23
17
15
2
4
-7
-18
-34
-43
-51
-62
-64
-64
-83
-84
-78
-82
-80
-98
-100
-91
-92
-80
-94
-111
-110
-110
-95
-98
-99
-95
-86
-77
-76
-61
-61
-63
-51
-42
-33
-26
-14
-26
-41
-41
-44
-45
-39
-40
-44
-39
-47
-31
-18
-16
-6
-3
0
1
14
12
17
17
22
33
41
40
37
43
41
52
63
52
45
46
54
46
48
50
32
36
41
33
30
38
46
51
68
62
60
47
51
51
47
44
43
42
46
46
42
38
30
36
45
31
20
23
17
23
15
28
23
31
20
34
34
29
41
24
30
24
27
22
23
22
28
19
5
10
-2
-1
4
-19
-27
-35
-39
-43
-60
-71
-85
-80
-80
-74
-56
-74
-77
-71
-63
-55
-57
-59
-55
-57
-58
-54
-49
-54
-44
-41
-32
-31
-32
-34
-38
-32
-15
-7
-12
-8
-3
-15
-33
-35
-40
-40
-38
-39
-34
-42
-44
-35
-31
-18
-7
-3
4
20
25
30
37
38
53
67
74
56
53
56
59
61
49
38
25
25
36
34
36
29
33
42
39
39
38
36
37
29
25
24
35
53
49
48
51
55
56
47
29
27
23
20
18
16
20
15
5
12
23
15
5
-7
-6
-1
12
16
15
15
9
21
19
21
12
13
12
11
12
8
1
-14
-4
-20
-26
-46
-48
-37
-52
-53
-50
-59
-57
-52
-52
-48
-53
-35
-38
-38
-39
-38
-37
-39
-17
-28
-32
-49
-45
-33
-40
-37
-36
-36
-32
-32
-32
-19
-26
-32
-24
-13
-26
-37
-41
-36
-27
-38
-32
-31
-23
-6
-9
-8
-9
-3
0
13
31
29
29
24
29
34
30
39
36
36
30
28
22
24
14
23
25
10
12
18
15
23
37
51
63
54
54
35
57
48
41
29
26
44
43
58
43
56
42
51
45
40
52
45
58
47
46
37
49
40
35
27
20
26
24
17
15
12
-10
-6
-13
-20
-21
-18
-19
-27
-21
-22
-20
-19
-27
-28
-19
-30
-36
-38
-33
-16
-20
-28
-24
-32
-30
-45
-66
-82
-75
-50
-41
-33
-49
-64
-50
-48
-52
-57
-60
-70
-47
-49
-58
-54
-56
-42
-48
-42
-49
-53
-47
-30
-25
-29
-27
-28
-32
-19
-13
-24
-30
-36
-34
-28
-14
-8
0
-14
-5
-12
-11
1
-3
-2
-14
-9
-4
1
11
13
17
22
21
24
29
37
33
37
42
36
34
18
24
35
33
51
49
50
46
52
67
72
63
51
57
71
72
76
64
71
88
74
73
77
80
78
79
79
68
62
60
62
53
53
66
61
60
50
52
53
49
45
48
43
37
25
12
5
-14
-18
-30
-22
-19
-34
-35
-38
-30
-37
-30
-39
-46
-49
-50
-54
-56
-49
-70
-79
-86
-82
-78
-73
-70
-81
-77
-73
-90
-82
-82
-82
-76
-77
-77
-73
-67
-64
-53
-42
-40
-42
-36
-40
-47
-47
-52
-50
-49
-45
-51
-56
-58
-65
-53
-39
-40
-32
-30
-21
-21
-17
-21
-22
-3
5
10
5
8
13
15
27
37
37
35
33
34
35
40
46
35
34
42
59
67
64
59
70
71
73
82
86
97
97
100
94
81
94
88
93
91
68
68
63
84
84
74
64
62
66
72
72
74
73
63
63
59
55
49
40
35
28
7
8
1
-7
-4
-6
-8
-20
-27
-26
-34
-28
-40
-30
-29
-34
-35
-38
-24
-39
-44
-46
-56
-54
-65
-64
-63
-76
-78
-84
-78
-74
-82
-91
-100
-97
-83
-80
-72
-70
-78
-76
-76
-70
-65
-60
-46
-39
-28
-25
-26
-17
-14
-18
-19
-21
-22
-26
-15
-25
-37
-43
-48
-45
-52
-37
-22
-3
6
-1
5
16
4
-6
-2
6
6
-2
-7
-2
-2
4
6
13
5
5
15
19
33
38
46
40
36
29
19
19
16
25
33
37
41
42
48
58
57
60
53
52
56
57
60
63
60
57
61
63
65
55
59
54
61
60
58
64
56
51
40
34
28
35
28
30
17
23
28
17
11
4
7
11
6
11
17
11
19
4
11
7
-2
-6
-19
-12
-26
-20
-33
-46
-28
-19
-31
-38
-47
-50
-48
-56
-49
-73
-62
-64
-74
-55
-45
-47
-45
-35
-30
-29
-41
-39
-32
-31
-39
-34
-34
-37
-43
-45
-42
-44
-44
-39
-36
-34
-32
-34
-36
-27
-25
-29
-29
-29
-29
-25
-21
-13
-11
-16
-9
-3
8
18
32
35
28
29
21
16
20
23
14
13
13
10
12
5
16
16
25
25
22
26
15
25
25
11
18
23
29
30
34
42
47
55
59
58
57
57
62
61
58
59
57
39
35
33
30
30
27
26
23
31
26
22
21
21
23
26
20
18
11
7
6
-2
10
10
-2
1
-6
-3
-8
-12
-9
-22
-21
-20
-18
-21
-26
-23
-26
-38
-41
-32
-26
-23
-28
-29
-32
-34
-34
-38
-39
-33
-37
-39
-39
-44
-46
-37
-41
-40
-39
-32
-26
-27
-24
-18
-21
-20
-20
-16
-16
-25
-25
-14
-9
-12
-14
-15
-9
-8
-8
-8
-4
2
2
3
0
4
6
2
4
2
15
14
5
7
16
22
21
17
16
9
10
16
16
19
19
14
17
22
22
16
6
20
26
18
15
13
20
19
33
31
39
37
36
37
35
39
36
36
31
35
13
19
16
7
12
-3
0
-1
0
7
7
1
4
-4
-7
-8
-16
-7
-16
-6
-16
-28
-24
-18
-22
-26
-21
-31
-31
-32
-22
-29
-31
-32
-32
-36
-39
-40
-47
-48
-43
-44
-35
-37
-26
-26
-30
-29
-34
-23
-21
-7
-9
-14
-7
-8
-1
1
6
14
11
5
8
11
16
19
15
9
5
7
3
8
17
17
22
18
19
33
34
32
32
35
33
29
33
32
31
21
22
19
17
8
9
25
22
20
14
15
10
13
4
7
8
1
-1
-4
-1
7
-4
6
7
8
10
12
18
7
21
21
25
32
33
14
3
1
2
0
-2
-13
-6
4
8
12
15
8
16
15
13
14
11
9
2
6
-7
-5
-3
-4
3
9
12
5
-3
-13
-24
-19
-27
-28
-28
-36
-41
-50
-49
-48
-38
-41
-42
-39
-47
-44
-42
-42
-41
-34
-41
-34
-38
-45
-46
-47
-33
-32
-33
-31
-27
-35
-26
-34
-23
-17
-18
-14
-10
6
4
17
22
25
17
25
33
37
39
36
33
38
41
39
45
47
35
31
32
30
39
33
31
28
29
31
32
34
27
25
27
33
34
26
24
22
26
20
5
1
0
7
0
-2
-6
5
9
4
13
8
11
6
8
11
9
13
10
24
21
15
26
20
12
15
15
19
21
17
14
6
-2
1
3
6
9
-6
0
8
8
7
-3
-3
-4
-1
4
-7
-8
-8
-14
-25
-33
-33
-37
-44
-38
-44
-49
-54
-55
-45
-60
-64
-58
-53
-56
-59
-60
-57
-48
-59
-61
-59
-56
-54
-52
-53
-49
-51
-39
-35
-42
-35
-33
-33
-30
-31
-31
-13
-8
-4
-4
-5
-3
-3
-4
2
11
14
17
27
22
22
27
35
35
37
40
34
44
40
49
46
50
47
37
40
38
36
31
38
41
38
42
36
43
43
39
41
39
36
37
42
43
42
45
51
47
43
38
40
38
43
42
45
48
44
50
42
29
28
40
30
17
22
19
24
17
13
15
7
13
2
0
-9
-4
1
-14
-9
-13
-12
-13
-23
-19
-21
-25
-18
-18
-22
-26
-32
-43
-50
-42
-48
-52
-56
-52
-54
-58
-49
-53
-46
-45
-47
-42
-46
-49
-47
-55
-56
-49
-47
-50
-52
-48
-43
-29
-36
-45
-42
-35
-36
-44
-42
-40
-35
-37
-27
-28
-26
-21
-20
-16
-14
-7
-8
-9
-5
-2
-4
2
4
6
13
7
12
23
26
34
36
40
33
25
29
36
37
27
30
24
32
29
31
36
29
40
40
46
40
34
37
39
47
44
55
49
54
46
44
54
44
51
46
44
54
53
47
45
50
42
50
48
41
42
30
27
19
20
23
18
26
13
16
16
20
23
17
14
11
3
8
6
2
8
-3
-4
-2
-2
-14
-18
-12
-16
-31
-38
-46
-48
-38
-47
-55
-54
-53
-45
-57
-57
-51
-62
-54
-57
-58
-61
-65
-64
-68
-66
-68
-71
-72
-69
-71
-67
-55
-61
-59
-58
-51
-48
-51
-48
-47
-43
-36
-34
-29
-23
-27
-26
-24
-19
-29
-21
-11
-16
-3
-2
8
12
11
20
22
27
37
34
30
38
32
31
36
41
34
32
28
35
38
45
43
39
49
47
58
69
71
66
61
60
67
62
60
54
46
47
55
53
45
41
38
43
37
28
21
18
14
14
13
4
7
9
13
11
10
6
5
12
19
22
20
9
12
15
7
5
1
5
3
9
6
12
6
1
0
-1
-11
-16
-23
-26
-30
-36
-39
-31
-32
-31
-30
-33
-28
-18
-15
-22
-23
-22
-21
-26
-24
-21
-30
-35
-45
-45
-41
-35
-36
-43
-39
-36
-31
-29
-31
-35
-31
-36
-32
-31
-29
-23
-28
-9
-19
-13
-6
-21
-10
-13
-7
-5
-3
-6
4
-1
-4
10
5
3
-7
-6
4
7
-3
-3
3
5
12
14
14
20
21
20
17
16
19
22
18
20
26
21
20
20
12
23
30
24
24
27
29
28
27
28
25
20
19
19
14
19
16
12
19
15
23
21
21
19
8
9
12
14
13
12
11
10
15
11
15
14
21
23
15
15
11
10
-2
-3
1
0
-11
-7
-14
-23
-26
-25
-19
-24
-25
-20
-22
-28
-31
-28
-27
-33
-34
-32
-30
-15
-15
-29
-28
-23
-12
-24
-20
-23
-26
-19
-25
-22
-22
-16
-14
-12
-17
-11
-6
-15
-2
-3
-6
11
8
5
5
12
21
14
20
12
17
20
14
10
12
12
11
6
4
5
-3
11
-4
-1
5
10
11
11
9
16
11
16
18
16
22
11
12
-2
-3
-4
0
0
-6
-7
1
-1
-6
5
4
1
4
11
18
10
13
15
12
10
7
13
12
7
9
15
5
11
11
11
14
9
8
12
6
11
12
12
5
-2
-1
2
-6
-11
-18
-20
-10
-18
-15
-17
-24
-16
-14
-22
-25
-19
-23
-22
-29
-29
-21
-23
-14
-22
-21
-25
-29
-16
-23
-26
-27
-26
-18
-16
-18
-11
-11
-13
-12
-6
-5
7
9
7
3
10
11
17
15
11
14
19
27
23
20
18
17
15
23
18
26
30
20
27
27
22
19
16
24
17
14
13
13
9
4
1
5
13
10
12
16
17
15
8
3
1
-1
2
7
3
-3
-12
-8
-10
-14
-7
-9
-2
-4
2
-7
-9
-1
2
9
8
0
14
10
8
21
10
16
19
11
9
12
2
4
8
10
2
-5
1
4
7
-2
7
4
2
2
-3
-3
-12
-5
-2
-16
-18
-23
-31
-29
-33
-41
-36
-32
-37
-40
-30
-33
-34
-28
-34
-30
-30
-38
-40
-33
-28
-34
-38
-37
-28
-31
-26
-30
-31
-24
-17
-16
-19
-15
-10
-4
1
-2
2
6
9
28
15
16
22
23
28
21
25
25
24
23
25
24
35
37
38
38
35
32
25
12
17
23
20
20
22
22
23
25
21
20
30
27
20
23
17
