SAMPLES:	12026
BITSPERSAMPLE:	16
CHANNELS:	1
SAMPLERATE:	16000
NORMALIZED:	FALSE
-7
-4
-6
-1
-4
-1
-3
-6
-2
0
-3
-4
-2
-1
0
-3
3
-2
-1
0
1
2
1
1
-5
-4
0
0
0
3
8
8
14
13
10
11
10
13
5
8
13
9
5
7
8
7
9
8
8
0
-1
-1
2
5
4
1
0
2
5
2
1
4
2
2
3
0
5
2
1
-1
0
4
10
8
5
7
4
4
2
-3
-3
-4
-2
0
2
0
-3
-2
-7
-11
-4
-5
-3
1
1
2
-6
-4
-5
-3
-5
-4
-5
-6
-6
-5
0
1
-3
-3
-2
-6
-5
-8
-7
-2
-4
-3
-9
-6
-8
-12
-4
-10
0
-2
-5
-7
-8
-6
-7
-7
-8
-12
-10
-7
-11
-5
-5
-8
-6
-3
0
-1
5
4
5
6
1
3
4
2
3
0
-1
0
4
5
-1
9
8
8
4
6
4
6
13
6
10
4
12
10
9
11
5
11
4
8
9
10
8
8
11
7
3
-2
3
-1
0
3
1
-1
4
-1
0
-2
2
-1
-6
2
1
2
1
0
-5
-5
-4
-4
2
-2
-1
0
1
1
-3
-3
-5
-8
-8
-5
-8
-8
-5
-10
-9
-9
-7
0
-5
-2
-2
-2
-5
-2
3
4
4
4
1
8
6
4
0
0
5
-3
2
4
4
1
3
-2
2
1
0
-5
4
5
8
9
6
9
8
13
7
5
5
5
-1
-1
2
-1
-3
-3
-11
-9
-6
-10
-12
-8
-8
-12
-8
-14
-11
-9
-10
-10
-5
-6
-5
-9
-6
-2
1
0
-7
-2
-2
-2
-5
-2
4
3
1
-1
-1
-3
-6
-3
-5
-2
-3
-2
6
1
2
4
2
6
4
9
6
11
14
11
10
22
13
15
19
19
15
15
12
15
17
16
18
18
20
12
19
17
16
12
14
15
12
8
8
3
0
4
-2
-1
-3
-4
-2
-7
-3
-3
1
10
14
21
21
24
24
31
27
26
25
25
25
20
10
8
2
-5
-10
-13
-20
-32
-40
-50
-55
-57
-64
-72
-78
-81
-84
-88
-86
-83
-81
-78
-73
-68
-66
-64
-60
-55
-50
-42
-38
-31
-22
-13
-7
0
11
15
21
28
31
33
38
39
39
38
41
41
42
44
42
47
42
46
38
32
35
30
29
31
30
26
26
17
18
13
6
6
6
3
6
7
8
14
5
4
0
-7
-8
-10
-13
-16
-17
-19
-20
-21
-21
-18
-21
-15
-10
-6
0
2
8
16
18
25
37
42
52
58
68
77
80
84
90
89
89
91
89
94
87
80
82
80
79
77
75
72
75
76
73
74
71
74
70
65
67
60
55
45
29
18
9
-7
-28
-47
-62
-75
-98
-114
-134
-153
-171
-183
-196
-206
-217
-233
-241
-247
-248
-256
-256
-251
-248
-242
-227
-217
-210
-198
-181
-171
-153
-132
-115
-89
-70
-59
-44
-26
-2
7
27
43
54
66
82
95
102
119
122
134
140
149
159
174
189
202
212
215
222
232
237
239
245
238
229
224
220
211
197
184
172
156
135
115
87
64
37
12
-7
-26
-49
-72
-88
-110
-128
-143
-157
-162
-166
-173
-171
-167
-167
-169
-165
-155
-142
-128
-106
-90
-78
-63
-59
-42
-25
-8
4
14
21
32
36
40
49
56
67
71
81
89
90
98
101
102
108
114
115
123
119
118
121
120
123
118
114
105
103
95
89
84
80
77
81
82
74
76
75
70
75
70
68
63
61
50
31
19
-1
-19
-38
-65
-83
-118
-143
-172
-206
-232
-264
-289
-318
-341
-361
-377
-395
-402
-411
-412
-401
-399
-390
-378
-355
-339
-318
-296
-274
-246
-221
-195
-161
-125
-99
-63
-31
8
40
72
105
140
170
195
216
242
262
281
294
309
330
339
354
358
365
368
368
367
374
363
361
353
345
333
315
298
270
249
227
198
164
138
105
72
38
-2
-38
-74
-105
-127
-159
-186
-205
-228
-246
-267
-274
-283
-284
-285
-279
-263
-250
-230
-214
-196
-173
-147
-121
-90
-62
-32
-10
14
40
65
87
111
130
149
164
174
184
190
192
201
203
211
215
208
214
208
206
202
197
188
185
180
174
157
141
128
124
115
102
89
89
87
76
61
49
41
25
21
10
-1
-15
-34
-45
-64
-88
-109
-130
-155
-180
-208
-239
-275
-308
-338
-380
-409
-427
-459
-480
-494
-507
-512
-520
-518
-499
-483
-464
-444
-417
-385
-355
-315
-283
-248
-218
-172
-131
-88
-50
-15
20
56
94
126
156
186
215
238
260
286
299
317
333
348
364
371
382
384
394
391
397
396
391
392
381
371
362
352
335
324
301
274
247
217
187
156
131
102
75
42
12
-18
-47
-77
-100
-122
-142
-160
-172
-183
-198
-203
-210
-207
-201
-198
-190
-184
-163
-142
-123
-102
-89
-66
-48
-29
-9
5
23
31
45
57
75
93
95
105
116
132
135
142
145
149
153
154
154
141
143
136
125
117
111
104
97
89
72
68
43
34
25
11
-3
-11
-14
-19
-15
-19
-36
-39
-47
-50
-48
-52
-47
-50
-58
-69
-70
-79
-89
-111
-126
-147
-169
-190
-222
-248
-282
-316
-346
-368
-390
-412
-428
-438
-447
-443
-440
-430
-418
-401
-381
-352
-322
-297
-270
-242
-210
-174
-137
-96
-52
-19
22
56
90
122
156
184
212
240
265
287
308
331
344
352
362
377
388
389
391
401
400
396
385
379
374
358
347
329
318
293
266
240
218
193
174
146
120
97
65
29
-1
-28
-58
-92
-123
-135
-158
-175
-186
-185
-188
-200
-189
-179
-175
-168
-155
-136
-124
-120
-101
-82
-70
-54
-36
-10
-5
5
20
32
37
45
64
77
83
87
97
107
101
110
119
117
114
118
124
109
101
106
100
84
81
81
78
54
39
49
43
11
5
8
-8
-28
-33
-21
-31
-47
-46
-49
-50
-54
-51
-46
-57
-55
-58
-60
-65
-71
-78
-95
-106
-116
-127
-150
-178
-203
-230
-261
-282
-295
-310
-330
-347
-355
-363
-369
-382
-373
-359
-348
-333
-319
-286
-264
-246
-213
-177
-145
-109
-75
-34
2
42
69
103
136
159
182
202
227
254
274
279
299
313
321
323
323
342
343
337
339
340
336
314
303
289
264
252
242
238
224
209
185
161
136
116
90
71
49
20
-7
-30
-51
-84
-109
-124
-132
-150
-148
-155
-160
-167
-164
-159
-160
-160
-147
-133
-115
-95
-74
-57
-50
-29
-10
8
11
29
53
67
68
75
99
101
117
128
135
137
139
124
117
117
114
105
100
105
98
92
92
94
95
78
69
65
52
41
23
8
-15
-28
-29
-37
-52
-62
-71
-72
-74
-83
-73
-78
-82
-96
-93
-93
-90
-92
-89
-83
-86
-82
-84
-76
-88
-100
-114
-115
-121
-145
-161
-182
-205
-226
-243
-256
-258
-270
-284
-281
-292
-293
-289
-291
-284
-270
-250
-229
-210
-187
-167
-148
-117
-96
-62
-25
-1
24
51
71
92
107
144
156
165
186
199
216
215
238
251
260
251
266
292
287
276
266
275
262
248
242
232
224
195
188
168
152
135
118
102
84
64
48
38
15
-6
-22
-33
-41
-49
-57
-76
-77
-89
-94
-90
-77
-68
-74
-76
-62
-43
-46
-39
-34
-24
-15
-4
26
33
50
65
55
58
78
107
115
114
133
146
138
117
123
128
121
106
89
90
77
55
54
52
37
17
12
32
27
-10
-18
4
1
-19
-4
11
-22
-45
-54
-48
-69
-83
-84
-90
-105
-101
-87
-91
-97
-99
-83
-77
-71
-52
-45
-64
-69
-54
-48
-55
-61
-41
-47
-74
-80
-74
-85
-122
-158
-162
-168
-187
-196
-203
-227
-240
-249
-252
-244
-251
-237
-229
-213
-196
-174
-158
-140
-116
-102
-98
-77
-57
-31
-17
-1
17
24
50
78
84
83
96
103
102
103
122
123
121
134
146
155
157
157
178
174
143
152
177
173
138
135
141
135
121
106
116
97
68
69
73
49
17
16
11
-3
-2
5
-6
-9
16
10
7
25
43
61
68
73
60
66
83
96
94
78
76
96
104
102
93
61
47
84
94
64
75
102
86
64
92
103
67
58
85
95
62
34
52
50
19
12
31
3
-11
10
17
-7
-34
-23
-27
-31
-31
-28
-52
-72
-71
-73
-69
-98
-115
-98
-102
-110
-87
-70
-79
-96
-98
-73
-69
-70
-74
-65
-67
-69
-61
-47
-51
-77
-65
-56
-78
-77
-79
-98
-120
-153
-156
-167
-170
-178
-190
-215
-220
-213
-206
-212
-212
-209
-199
-193
-170
-155
-163
-152
-139
-109
-104
-80
-49
-34
-35
-24
9
20
19
31
46
48
63
71
83
101
113
116
111
122
146
153
153
153
152
156
152
151
167
162
161
164
158
160
148
151
148
131
119
122
135
124
91
84
103
104
56
44
80
78
43
40
82
86
43
39
84
102
76
73
77
87
84
88
98
81
67
63
60
48
58
58
57
54
36
34
34
39
20
11
28
29
25
13
5
-14
-21
-36
-30
-39
-48
-33
-32
-48
-69
-63
-42
-53
-75
-55
-43
-48
-51
-33
-45
-76
-67
-50
-47
-66
-85
-73
-86
-81
-73
-61
-71
-81
-70
-65
-63
-70
-62
-57
-61
-64
-51
-51
-57
-61
-68
-66
-62
-68
-70
-97
-112
-141
-174
-163
-153
-169
-197
-192
-174
-194
-205
-189
-168
-166
-161
-140
-120
-110
-103
-89
-87
-90
-68
-29
-32
-25
-26
-9
16
29
49
48
58
82
99
107
116
120
147
152
160
166
149
155
160
158
149
145
142
145
144
142
124
132
135
123
104
113
125
127
124
106
88
99
91
91
81
70
53
45
41
47
53
26
24
25
68
61
24
16
38
52
14
11
36
56
55
51
50
45
41
22
22
40
32
28
39
47
31
45
53
23
5
3
10
21
22
19
-2
-5
12
12
-18
-54
-29
-5
-29
-52
-21
-1
-39
-63
-19
17
-33
-73
-49
-31
-102
-143
-80
-80
-118
-133
-99
-77
-91
-83
-82
-88
-81
-60
-41
-40
-40
-23
-32
-42
-41
-31
-37
-63
-62
-65
-76
-102
-92
-92
-118
-147
-170
-171
-175
-155
-184
-194
-188
-187
-182
-160
-134
-159
-179
-164
-128
-124
-128
-110
-78
-77
-72
-38
-3
13
-3
16
15
39
63
78
66
70
111
118
117
137
161
157
132
138
180
195
179
165
194
188
175
161
170
155
135
136
137
126
100
131
135
98
62
64
80
82
106
110
62
28
66
93
58
29
56
89
75
68
65
43
8
24
69
79
43
23
80
94
72
60
74
94
83
79
58
12
0
45
77
46
-25
-21
7
-18
-56
-57
-44
-32
-30
-18
6
-19
-50
-61
-47
-44
-35
-6
-17
-43
-28
-17
-20
-33
-43
-49
-90
-110
-91
-58
-84
-131
-105
-80
-112
-129
-79
-58
-89
-95
-48
-47
-62
-45
-32
-54
-77
-55
-32
-40
-60
-57
-52
-54
-55
-44
-61
-107
-135
-149
-141
-140
-154
-156
-137
-155
-198
-183
-150
-142
-168
-159
-136
-136
-121
-99
-91
-113
-90
-47
-12
-29
-39
-20
-26
-10
15
36
53
63
90
101
98
131
128
122
144
148
155
161
167
156
126
126
133
130
119
137
143
78
50
103
113
60
20
67
80
32
38
96
87
41
50
58
79
92
87
67
81
88
66
67
102
69
3
33
82
59
32
61
83
78
82
90
87
77
86
65
44
61
68
46
14
69
113
97
7
-25
20
17
-19
-15
32
28
1
5
20
12
3
-6
-23
-3
54
5
-42
-40
-20
-16
-60
-65
-59
-42
-35
-98
-123
-87
-107
-131
-121
-77
-69
-99
-92
-66
-48
-70
-88
-56
-27
-41
-61
-72
-52
-50
-58
-47
-64
-69
-75
-88
-89
-129
-160
-175
-188
-163
-183
-229
-229
-206
-213
-229
-220
-176
-157
-170
-158
-149
-104
-122
-127
-73
-52
-57
-75
-56
-11
3
3
7
18
48
73
74
66
80
112
85
84
129
147
127
106
129
151
131
109
147
155
141
135
164
171
125
95
101
135
149
120
100
113
116
119
102
87
88
82
91
58
46
89
114
68
51
113
95
13
24
105
109
78
70
120
154
113
16
11
72
118
100
105
139
84
24
51
94
29
-8
38
60
46
28
41
4
-21
23
52
55
45
28
-23
-16
4
21
-29
-46
1
-7
-62
-96
-74
-79
-51
-53
-90
-107
-96
-103
-139
-157
-145
-125
-113
-48
-51
-83
-97
-95
-64
-41
-12
0
-16
-43
-12
-19
-74
-79
-40
-37
-76
-56
-52
-116
-186
-193
-194
-198
-204
-234
-233
-241
-252
-288
-292
-279
-230
-205
-210
-171
-178
-193
-184
-137
-100
-101
-101
-65
-27
-14
-10
-23
15
41
40
65
94
88
50
72
137
182
170
174
198
209
188
172
180
191
178
155
165
165
180
182
177
154
121
148
145
93
87
133
86
42
101
127
56
27
71
51
-5
21
48
-18
-42
46
77
14
67
160
87
-13
35
156
108
57
142
142
36
34
117
140
99
48
33
63
119
131
99
38
1
71
108
49
37
81
15
-31
67
92
4
-25
12
-13
-54
-36
-21
-63
-80
-67
-76
-105
-127
-109
-105
-117
-103
-74
-60
-61
-26
-17
-34
-58
-24
19
7
22
7
14
1
-4
23
16
-22
-46
-40
-63
-42
-40
-120
-178
-208
-249
-277
-264
-276
-314
-317
-301
-335
-352
-357
-378
-385
-331
-278
-272
-254
-217
-208
-211
-200
-156
-85
-35
-28
-11
6
23
24
38
93
116
108
109
113
116
139
155
150
165
240
267
228
205
211
225
223
250
257
253
254
230
226
224
180
143
168
219
196
159
166
116
40
51
96
58
-7
14
37
-19
-72
-66
-65
-66
15
110
61
-13
53
87
53
27
84
103
92
94
130
165
139
89
60
97
146
147
91
64
81
85
38
28
99
102
31
16
34
28
-18
-32
-10
-19
-23
-5
2
-21
-44
-78
-132
-83
-18
-30
-89
-106
-85
-69
-40
16
-5
-75
-70
-67
-66
-53
-15
-32
-42
-6
-7
-2
-1
-6
-25
-63
-60
-22
-43
-106
-161
-202
-242
-267
-264
-257
-266
-349
-413
-424
-439
-420
-405
-416
-410
-390
-363
-341
-306
-295
-304
-241
-139
-80
-64
-60
-54
-39
-2
60
88
118
145
177
200
196
202
219
275
304
298
283
267
289
300
298
290
292
264
253
290
289
284
261
240
210
159
154
203
181
86
35
38
37
42
37
-55
-107
-54
3
-25
-85
-89
-122
-143
-91
-41
-52
-82
-79
-98
-72
-16
-18
-31
18
81
86
119
147
100
65
105
202
237
197
179
199
205
214
199
185
194
185
177
156
101
59
83
58
26
-20
-33
-32
-67
-73
-73
-92
-116
-119
-103
-71
-45
-23
-12
-16
5
26
46
68
89
87
90
86
73
77
31
15
6
-23
-47
-75
-123
-202
-252
-293
-314
-338
-381
-415
-420
-441
-487
-520
-516
-517
-507
-483
-457
-433
-433
-460
-451
-392
-317
-284
-271
-204
-177
-153
-128
-64
-16
7
34
73
127
175
222
232
250
271
316
334
343
378
387
349
359
428
458
413
372
354
342
350
339
336
302
261
251
222
186
188
163
137
97
35
9
-22
-57
-64
-70
-110
-144
-135
-130
-160
-150
-94
-107
-125
-96
-46
-14
-40
-23
-32
-59
10
61
29
15
50
91
94
105
151
166
133
127
189
238
222
190
180
191
201
190
195
200
197
171
135
140
149
116
46
10
-21
-19
-18
-13
-19
-27
-33
-30
30
65
11
-49
-46
-3
23
27
50
37
14
-18
1
-1
-8
-33
-73
-83
-107
-151
-204
-250
-306
-368
-428
-467
-465
-459
-531
-611
-630
-630
-634
-616
-585
-566
-561
-544
-515
-454
-386
-359
-342
-324
-263
-204
-163
-96
-31
-10
1
41
115
183
205
235
285
332
361
379
405
436
457
470
494
530
530
494
452
419
427
442
423
389
335
281
202
182
214
220
192
128
62
37
64
31
-47
-92
-80
-76
-93
-107
-107
-154
-207
-138
-64
-45
-94
-137
-142
-137
-106
-87
-86
-74
-37
-36
-30
-12
-2
21
47
88
149
196
180
156
174
205
232
264
265
251
235
192
173
184
193
195
210
219
181
125
108
82
70
48
25
36
52
97
111
63
-24
-51
-26
1
23
36
61
12
-48
-53
-26
-11
-10
-50
-88
-107
-147
-199
-255
-293
-334
-375
-398
-402
-423
-493
-586
-625
-641
-612
-585
-577
-596
-616
-628
-620
-579
-516
-455
-429
-406
-345
-302
-255
-203
-134
-74
-21
45
102
152
149
162
199
231
288
363
434
460
439
435
464
512
561
601
591
527
475
471
458
444
426
388
354
316
297
265
219
135
87
75
73
76
25
-41
-101
-125
-130
-106
-86
-105
-139
-183
-136
-67
-81
-133
-151
-158
-181
-168
-80
-43
-60
-72
-85
-60
-2
53
99
98
91
86
123
172
205
200
201
209
251
283
272
235
213
174
150
197
189
151
123
85
38
33
88
105
59
30
55
115
141
122
96
50
19
68
129
115
119
105
46
23
42
48
14
-26
-82
-141
-177
-222
-290
-352
-391
-463
-501
-511
-538
-585
-654
-717
-725
-691
-648
-614
-603
-620
-660
-660
-607
-535
-489
-464
-452
-425
-346
-253
-182
-120
-59
-6
31
82
148
186
175
195
257
319
404
456
465
466
455
480
513
556
599
607
583
553
549
514
485
448
410
367
331
316
311
266
186
118
49
22
-16
-34
-53
-75
-108
-153
-188
-184
-130
-109
-131
-157
-142
-154
-139
-81
-38
-12
-48
-97
-75
16
57
59
69
83
122
147
166
143
139
159
192
250
273
246
199
164
154
183
190
163
132
105
84
62
57
49
32
-2
-10
30
121
212
205
140
72
71
122
192
202
175
139
62
31
46
56
50
13
-49
-130
-178
-241
-322
-392
-463
-499
-526
-548
-557
-589
-653
-721
-770
-725
-693
-687
-688
-713
-708
-702
-645
-579
-531
-500
-483
-464
-405
-322
-248
-198
-158
-103
-35
32
89
152
207
221
258
309
392
486
509
497
497
509
538
570
602
603
584
579
565
551
538
493
411
382
386
393
370
344
274
166
111
78
63
32
-5
-77
-125
-122
-112
-120
-146
-161
-155
-129
-112
-95
-84
-83
-92
-62
-19
35
83
91
73
57
99
169
245
254
207
172
180
201
197
190
162
160
174
183
158
106
94
90
91
94
87
47
-18
-31
-36
-28
37
136
221
215
152
74
56
130
216
269
258
213
153
109
77
88
91
51
-23
-85
-134
-215
-335
-448
-532
-565
-573
-601
-646
-737
-812
-883
-889
-839
-779
-765
-794
-811
-806
-749
-683
-613
-555
-510
-489
-446
-376
-298
-219
-167
-119
-63
2
56
103
143
197
232
279
345
427
492
497
515
545
587
626
652
656
637
617
597
605
617
604
524
418
341
323
304
287
240
156
66
-22
-52
-73
-84
-130
-189
-219
-218
-192
-194
-218
-227
-208
-172
-93
-15
25
38
59
100
153
211
263
303
313
332
346
341
354
362
360
318
309
304
282
279
253
222
169
122
109
104
100
68
23
-22
-45
-49
-67
-79
-83
-17
85
166
162
82
8
7
92
204
286
268
186
95
67
83
88
87
35
-50
-139
-226
-321
-399
-458
-532
-599
-650
-702
-761
-825
-885
-924
-919
-874
-843
-827
-838
-833
-824
-767
-685
-595
-555
-553
-534
-498
-390
-285
-217
-167
-132
-110
-58
53
127
190
255
278
311
346
433
500
549
588
616
656
670
680
680
685
678
671
653
622
548
481
417
369
347
294
246
163
72
9
-33
-52
-88
-114
-164
-238
-266
-271
-261
-221
-190
-169
-137
-114
-86
-51
8
70
140
199
232
255
265
293
352
396
419
419
431
422
417
421
411
405
401
384
335
271
221
194
188
180
102
29
-40
-83
-85
-74
-59
-2
84
124
87
20
-2
49
160
226
224
197
140
95
96
139
143
116
45
-75
-172
-247
-314
-404
-496
-582
-668
-746
-819
-890
-942
-985
-1006
-990
-945
-927
-938
-928
-910
-859
-781
-699
-620
-545
-514
-469
-397
-321
-238
-174
-105
-48
-6
43
112
164
205
243
259
327
392
451
500
513
543
554
575
614
636
654
655
616
596
576
532
463
403
369
359
359
290
225
140
64
16
-24
-59
-111
-148
-208
-239
-242
-257
-270
-287
-273
-240
-215
-172
-114
-80
-41
13
61
110
196
278
342
382
427
479
506
536
561
559
557
558
549
554
532
495
442
390
358
318
279
225
162
87
45
0
-33
3
83
172
182
94
3
2
85
197
277
240
159
99
85
108
155
164
57
-62
-164
-230
-277
-374
-506
-619
-712
-797
-854
-917
-975
-1048
-1099
-1108
-1100
-1067
-1063
-1072
-1066
-1019
-938
-843
-756
-699
-633
-584
-516
-411
-286
-188
-146
-113
-67
25
129
219
273
295
306
335
414
488
557
581
576
582
616
674
686
682
668
656
673
669
621
563
488
408
355
326
287
196
103
33
-29
-55
-103
-184
-262
-319
-351
-368
-361
-359
-385
-390
-363
-319
-260
-195
-134
-93
-51
-3
41
115
211
293
355
403
454
514
564
600
623
653
690
704
688
648
603
573
560
527
494
457
366
267
184
134
104
93
103
118
191
243
182
87
56
119
279
387
365
265
180
162
174
235
242
167
62
-79
-175
-234
-345
-480
-617
-724
-807
-886
-973
-1042
-1119
-1176
-1225
-1228
-1205
-1189
-1194
-1188
-1136
-1074
-974
-909
-859
-771
-684
-597
-528
-430
-341
-296
-222
-156
-78
26
123
171
224
285
357
425
486
581
631
657
683
704
736
774
797
788
779
771
749
693
619
571
541
519
473
393
287
184
94
43
10
-65
-148
-260
-326
-368
-388
-382
-407
-427
-446
-455
-430
-364
-311
-258
-203
-134
-76
-16
48
110
179
253
326
393
448
497
520
532
555
609
634
631
631
594
578
551
532
504
465
394
316
275
254
218
166
154
192
295
342
298
193
148
205
287
395
392
296
235
212
241
284
280
204
89
-6
-88
-157
-260
-403
-541
-657
-743
-819
-901
-1024
-1112
-1157
-1198
-1194
-1178
-1209
-1236
-1249
-1189
-1101
-1017
-941
-914
-860
-798
-727
-630
-526
-451
-365
-304
-239
-147
-64
23
85
140
184
256
332
403
487
547
592
627
667
713
754
766
781
796
777
748
708
674
629
600
574
530
460
388
309
218
149
102
32
-55
-142
-226
-262
-295
-322
-341
-352
-359
-370
-354
-341
-285
-225
-173
-110
-76
-40
29
93
163
239
307
355
409
451
461
493
517
519
526
538
525
512
477
435
393
380
372
332
269
214
167
121
113
140
206
294
333
278
189
161
261
385
472
456
369
318
332
368
399
372
274
168
70
-10
-89
-210
-376
-535
-630
-694
-767
-869
-988
-1077
-1132
-1187
-1195
-1181
-1184
-1196
-1189
-1133
-1054
-993
-958
-916
-853
-760
-681
-605
-552
-516
-452
-384
-298
-220
-135
-93
-54
-2
71
166
258
335
386
428
481
539
591
636
673
689
703
720
714
678
643
608
593
576
522
462
389
329
293
247
190
127
39
-35
-107
-145
-160
-187
-204
-233
-251
-254
-231
-194
-150
-112
-74
-29
18
89
119
159
222
279
342
385
428
462
495
526
550
557
564
556
527
504
480
455
403
361
296
229
168
138
103
58
52
66
137
221
239
156
67
86
225
380
440
378
292
277
341
416
446
407
300
184
103
62
38
-83
-270
-440
-573
-653
-724
-838
-938
-1035
-1116
-1176
-1204
-1203
-1201
-1199
-1167
-1137
-1093
-1029
-965
-926
-859
-771
-693
-626
-553
-489
-445
-385
-321
-242
-153
-100
-55
-22
11
88
171
238
297
372
435
470
503
545
570
600
636
669
664
626
586
546
524
531
510
436
359
287
231
192
153
102
36
-41
-107
-149
-151
-172
-183
-183
-197
-207
-205
-171
-127
-72
0
45
93
129
174
223
286
359
431
499
532
531
523
549
597
638
658
621
575
543
500
470
436
388
329
260
199
138
93
40
11
63
148
224
192
68
-18
49
227
371
394
276
225
257
347
426
451
384
250
178
132
115
40
-123
-295
-414
-480
-552
-662
-801
-910
-988
-1044
-1091
-1124
-1141
-1167
-1178
-1151
-1116
-1052
-1024
-994
-916
-860
-793
-740
-699
-616
-517
-451
-394
-325
-248
-168
-119
-66
-28
-3
67
125
203
292
359
404
434
481
533
575
578
578
611
654
660
636
562
493
475
451
441
411
347
252
141
79
60
30
-24
-113
-221
-280
-298
-307
-303
-303
-297
-291
-289
-218
-131
-42
16
65
112
166
244
317
408
470
534
578
599
624
650
663
668
661
665
666
626
582
536
473
438
387
320
266
194
123
43
5
9
56
145
197
145
50
20
89
237
365
355
253
190
231
317
382
400
345
246
173
119
87
16
-129
-279
-406
-494
-561
-657
-777
-863
-927
-1001
-1054
-1070
-1068
-1085
-1079
-1081
-1060
-1000
-952
-926
-873
-805
-752
-703
-667
-592
-499
-423
-378
-349
-289
-230
-174
-139
-107
-63
-3
63
137
212
286
315
351
418
491
548
551
545
557
599
621
593
542
513
486
463
426
378
308
245
170
128
108
81
16
-92
-161
-187
-196
-222
-250
-280
-296
-299
-274
-230
-168
-111
-73
-22
21
98
160
224
294
344
415
483
523
557
579
588
596
617
632
631
599
539
511
514
499
446
388
302
243
212
164
109
104
141
192
274
282
199
107
118
256
433
497
399
272
271
368
477
501
423
316
224
169
112
62
-47
-207
-350
-475
-532
-617
-738
-875
-963
-977
-1015
-1070
-1126
-1169
-1178
-1149
-1108
-1075
-1043
-1030
-1006
-945
-851
-776
-726
-693
-614
-523
-449
-393
-343
-275
-202
-140
-106
-80
-16
64
148
235
323
390
402
406
436
514
593
633
652
652
639
598
565
548
532
522
487
400
323
258
212
181
137
98
39
-56
-131
-162
-177
-195
-228
-285
-306
-295
-264
-239
-198
-153
-128
-97
-58
11
89
159
201
258
317
374
434
487
519
536
537
533
549
584
585
519
452
426
423
408
358
287
227
185
148
129
107
123
148
223
299
286
222
169
233
379
541
574
478
384
411
510
593
598
527
421
317
256
193
123
-3
-175
-328
-453
-526
-640
-770
-868
-933
-970
-1058
-1129
-1192
-1212
-1211
-1187
-1155
-1120
-1094
-1084
-1057
-979
-877
-822
-784
-751
-675
-578
-485
-430
-388
-297
-230
-181
-130
-71
-13
74
154
241
339
390
405
422
499
590
654
657
632
622
637
634
608
585
577
541
501
461
431
389
315
232
147
83
31
-27
-104
-158
-192
-224
-249
-283
-274
-257
-252
-247
-205
-149
-108
-66
-41
4
85
141
182
234
291
343
385
445
493
505
497
503
502
512
496
479
447
429
406
362
320
257
218
186
140
84
56
53
80
140
221
273
256
172
157
257
417
528
500
405
396
452
509
533
491
419
327
246
171
112
41
-90
-244
-370
-474
-566
-687
-778
-856
-925
-1013
-1117
-1161
-1167
-1154
-1138
-1127
-1133
-1117
-1098
-1033
-948
-871
-814
-809
-771
-694
-595
-490
-434
-392
-332
-257
-192
-136
-75
-7
83
169
252
323
388
417
455
526
600
662
676
659
660
666
681
677
650
602
552
523
489
472
422
341
249
165
114
78
20
-46
-104
-161
-191
-221
-234
-252
-242
-222
-201
-174
-132
-93
-82
-52
-7
86
152
180
203
238
305
377
418
441
440
440
461
492
497
482
438
391
389
377
349
283
223
179
148
130
110
66
38
19
21
81
195
280
237
154
140
240
408
516
481
380
368
434
514
533
474
381
264
200
166
106
0
-183
-376
-509
-570
-622
-733
-869
-971
-1030
-1080
-1135
-1174
-1176
-1172
-1155
-1151
-1139
-1108
-1074
-988
-891
-804
-766
-753
-715
-616
-500
-409
-343
-310
-272
-215
-130
-48
20
68
109
144
203
317
396
430
439
476
551
617
646
637
646
655
662
641
615
582
584
577
537
493
420
342
264
234
207
171
104
1
-53
-71
-75
-111
-149
-176
-178
-146
-129
-94
-80
-58
-33
-17
23
65
100
147
190
254
302
328
345
389
447
457
439
416
425
430
430
408
385
360
314
256
211
221
222
182
111
39
11
35
110
154
225
261
223
182
222
373
496
524
440
375
416
506
558
528
449
351
259
147
65
-16
-145
-319
-488
-613
-689
-766
-881
-1006
-1111
-1146
-1211
-1285
-1302
-1303
-1289
-1285
-1255
-1218
-1174
-1104
-1040
-967
-874
-802
-758
-688
-599
-489
-425
-374
-315
-234
-138
-67
-8
34
103
161
215
292
374
431
462
481
534
609
657
669
669
687
706
709
676
645
639
635
585
537
505
461
414
354
302
272
247
204
121
79
60
48
28
-19
-53
-65
-62
-61
-45
-15
4
2
24
50
113
153
176
216
253
298
332
376
376
376
404
430
430
440
436
393
343
317
315
281
255
236
206
168
109
35
-8
7
-2
-25
-14
53
160
240
232
164
165
258
394
480
449
382
347
374
432
434
348
193
71
2
-42
-113
-236
-417
-614
-742
-793
-841
-948
-1072
-1186
-1272
-1289
-1296
-1285
-1273
-1273
-1248
-1218
-1168
-1090
-1005
-943
-881
-818
-756
-694
-618
-525
-421
-336
-257
-203
-142
-56
31
104
165
222
271
341
394
454
520
586
605
607
632
679
712
717
718
709
710
689
658
621
600
554
510
472
432
397
346
294
231
197
173
129
75
18
-30
-59
-80
-83
-72
-72
-75
-82
-53
-17
16
42
56
105
144
197
242
273
281
308
327
361
404
439
446
408
376
366
363
359
348
308
270
238
210
188
158
142
101
55
18
-3
4
34
123
220
299
293
231
209
277
422
541
544
441
364
358
367
351
299
195
83
-30
-149
-250
-361
-495
-674
-818
-911
-983
-1085
-1205
-1289
-1309
-1309
-1330
-1340
-1333
-1318
-1264
-1223
-1172
-1080
-1005
-936
-876
-817
-728
-641
-565
-482
-389
-321
-267
-212
-119
0
93
142
166
195
246
332
417
491
529
558
573
620
680
736
750
734
741
764
763
737
694
694
686
647
588
546
516
461
410
344
289
260
232
157
96
44
10
-12
-50
-72
-90
-83
-88
-88
-75
-77
-61
-41
-1
50
83
83
78
127
203
257
299
304
296
307
332
361
384
394
360
310
291
312
320
305
267
234
212
180
163
153
150
148
145
132
161
245
362
429
401
335
299
343
454
529
485
374
280
254
260
247
165
32
-123
-242
-342
-454
-570
-720
-862
-992
-1071
-1119
-1191
-1263
-1324
-1357
-1371
-1358
-1330
-1297
-1259
-1217
-1157
-1112
-1040
-949
-882
-809
-733
-648
-568
-494
-398
-316
-227
-140
-77
-1
81
149
214
275
335
403
432
475
531
589
633
660
691
724
751
767
780
767
757
751
749
715
691
679
641
598
545
508
491
436
358
288
243
210
153
96
42
3
-25
-64
-89
-96
-85
-100
-111
-114
-101
-70
-58
-38
-2
24
49
71
96
117
136
165
187
226
235
234
236
234
251
255
262
261
259
250
243
244
253
247
241
227
228
227
207
213
220
263
294
331
392
431
419
349
327
348
410
457
399
274
200
190
167
104
-5
-161
-266
-360
-434
-501
-599
-718
-879
-1001
-1059
-1083
-1124
-1200
-1276
-1303
-1319
-1317
-1292
-1264
-1222
-1195
-1155
-1126
-1037
-936
-874
-801
-728
-645
-557
-450
-354
-262
-164
-85
-32
62
157
233
307
352
412
495
569
610
647
703
746
779
791
855
882
868
860
830
848
867
855
806
737
691
651
605
564
510
462
383
298
230
198
167
85
2
-55
-71
-87
-110
-145
-165
-183
-204
-219
-202
-155
-121
-115
-116
-101
-65
-24
-9
11
39
59
79
91
109
162
194
195
202
230
251
269
273
282
299
304
311
308
309
296
309
303
298
310
275
261
259
271
286
326
393
402
351
249
197
220
286
312
218
115
37
-13
-53
-112
-172
-258
-361
-452
-557
-647
-724
-797
-904
-1013
-1049
-1098
-1165
-1248
-1271
-1263
-1257
-1261
-1269
-1243
-1211
-1157
-1099
-1000
-911
-840
-790
-731
-634
-505
-383
-295
-212
-136
-47
62
173
291
383
432
463
515
606
711
772
774
780
794
819
868
898
921
938
915
869
834
852
852
805
751
678
612
569
526
464
408
355
296
237
191
147
107
43
-18
-63
-88
-108
-135
-181
-211
-223
-253
-260
-254
-241
-244
-230
-206
-177
-134
-115
-102
-77
-44
-7
29
49
104
135
152
146
187
252
290
306
307
320
335
373
389
378
357
339
320
310
301
254
204
136
103
98
110
142
186
243
215
145
91
102
172
248
221
112
39
14
4
-4
-44
-128
-210
-306
-400
-489
-548
-661
-784
-905
-1003
-1052
-1118
-1187
-1236
-1251
-1288
-1319
-1318
-1287
-1240
-1179
-1114
-1060
-981
-882
-808
-699
-581
-453
-340
-239
-130
-3
123
224
324
413
518
583
643
681
730
798
851
883
889
918
905
911
919
931
931
905
873
838
825
804
751
668
603
546
500
456
407
363
291
234
182
126
98
65
-19
-98
-154
-184
-211
-234
-253
-287
-330
-371
-383
-363
-324
-293
-280
-288
-270
-224
-183
-138
-93
-58
-46
-24
3
55
120
182
202
219
239
260
288
315
350
367
364
325
289
274
283
303
297
246
199
161
114
81
73
47
43
44
71
157
236
232
157
83
85
175
252
241
181
117
43
7
-10
-45
-112
-190
-314
-446
-550
-655
-760
-891
-995
-1063
-1116
-1174
-1243
-1292
-1300
-1277
-1245
-1212
-1173
-1125
-1077
-1008
-910
-771
-647
-535
-452
-360
-244
-122
-5
102
234
326
389
452
538
643
725
779
795
799
827
875
932
968
972
927
849
812
827
855
853
817
752
692
639
582
541
518
481
415
344
263
223
182
136
68
11
-34
-70
-121
-162
-193
-225
-257
-307
-334
-349
-365
-378
-374
-343
-303
-264
-239
-220
-184
-149
-108
-78
-48
-8
24
45
58
87
109
130
136
151
175
195
210
209
205
191
177
181
187
214
210
194
164
139
124
120
114
110
96
65
43
38
59
71
104
159
210
226
180
107
82
116
145
112
39
-3
-39
-86
-149
-219
-298
-362
-440
-552
-657
-735
-821
-898
-977
-1024
-1030
-1036
-1062
-1064
-1045
-1012
-980
-953
-888
-819
-711
-636
-570
-474
-379
-280
-174
-63
18
105
169
260
368
457
530
576
628
688
740
770
787
816
838
839
849
853
847
822
780
735
712
689
659
587
543
507
483
449
373
313
250
212
173
131
115
77
30
-35
-88
-114
-129
-150
-180
-202
-238
-261
-256
-270
-264
-243
-253
-261
-252
-238
-215
-204
-188
-177
-155
-143
-141
-121
-109
-95
-88
-66
-34
-4
-6
-20
-28
-1
45
75
95
115
124
117
108
145
188
196
188
175
190
191
211
213
195
172
153
129
102
82
38
17
-8
-15
1
46
93
110
62
-33
-122
-135
-89
-53
-43
-89
-123
-160
-199
-239
-284
-306
-314
-325
-366
-422
-487
-518
-559
-594
-616
-620
-611
-629
-642
-650
-622
-605
-572
-549
-501
-449
-415
-349
-281
-211
-143
-87
-33
43
120
210
279
330
386
426
478
531
557
584
582
582
608
617
633
645
633
602
558
511
471
424
411
386
358
325
294
278
278
254
201
155
115
99
95
90
72
37
9
-5
-14
-26
-63
-89
-94
-118
-118
-127
-150
-182
-208
-221
-227
-221
-220
-225
-247
-248
-228
-203
-190
-173
-158
-166
-154
-133
-89
-60
-50
-53
-37
5
53
98
118
119
119
134
136
146
159
167
160
116
87
68
81
88
64
27
-3
8
9
-21
-52
-92
-112
-129
-140
-149
-173
-178
-186
-186
-169
-161
-108
-39
11
20
-7
-15
26
85
150
191
203
221
245
241
210
185
158
142
133
87
31
-33
-110
-196
-250
-301
-363
-391
-429
-450
-475
-519
-536
-535
-498
-472
-450
-424
-389
-341
-317
-281
-245
-208
-156
-101
-65
-32
9
45
82
121
161
197
208
227
236
270
306
347
363
362
349
332
328
345
373
367
368
355
357
363
350
334
319
302
300
287
278
252
261
249
215
213
176
168
152
141
120
95
57
10
-14
-22
-53
-79
-106
-148
-170
-187
-200
-223
-228
-236
-254
-248
-224
-215
-219
-230
-224
-220
-224
-230
-234
-232
-220
-210
-210
-201
-200
-185
-184
-171
-165
-162
-140
-137
-138
-121
-89
-56
-43
-31
-39
-3
36
85
112
112
140
179
224
253
276
284
312
331
350
346
339
342
347
350
326
289
266
249
236
246
213
190
156
131
106
88
79
56
50
32
12
-21
-37
-78
-81
-84
-98
-136
-194
-232
-243
-242
-260
-286
-336
-371
-374
-387
-389
-413
-440
-457
-466
-453
-435
-417
-401
-382
-369
-336
-312
-270
-235
-204
-166
-129
-82
-58
-30
7
36
69
100
132
151
182
204
207
225
249
285
295
275
238
228
255
291
321
309
279
243
236
255
266
265
227
204
196
189
167
150
131
107
73
41
16
5
6
-18
-49
-96
-131
-165
-168
-167
-167
-157
-167
-177
-189
-204
-209
-204
-203
-193
-169
-131
-104
-70
-57
-32
-19
4
34
60
93
106
123
137
154
155
161
156
178
199
248
259
240
228
205
206
212
214
193
193
196
181
183
184
182
179
180
185
189
178
157
144
116
85
87
93
77
33
-20
-54
-86
-131
-170
-189
-204
-224
-233
-247
-279
-291
-324
-340
-357
-387
-399
-387
-369
-356
-339
-336
-340
-340
-323
-312
-280
-239
-205
-195
-162
-121
-102
-67
-40
9
40
72
73
106
153
190
213
216
219
223
236
256
274
278
280
247
219
181
170
159
138
114
67
52
29
-5
-44
-97
-118
-145
-166
-176
-194
-208
-205
-229
-247
-267
-269
-244
-250
-258
-242
-224
-186
-166
-150
-132
-127
-88
-64
-33
-9
24
79
105
138
151
150
173
219
258
252
260
306
357
366
331
303
308
320
331
320
295
265
261
269
257
218
184
154
146
172
181
172
151
153
143
128
98
80
74
68
62
45
37
7
-14
-32
-62
-71
-104
-124
-131
-129
-150
-185
-201
-219
-201
-201
-238
-268
-256
-241
-227
-226
-231
-261
-274
-233
-201
-198
-240
-230
-200
-177
-154
-171
-174
-145
-99
-76
-81
-78
-69
-68
-32
20
53
51
67
111
147
155
139
141
142
155
166
183
205
213
218
191
178
169
166
160
130
105
102
112
97
69
35
-3
-37
-77
-110
-126
-139
-133
-118
-121
-140
-177
-193
-201
-203
-171
-140
-130
-131
-122
-109
-90
-78
-80
-74
-61
-57
-56
-27
3
18
9
-12
-16
-23
-11
-14
-16
-34
-18
-17
-17
-11
-11
7
5
26
32
48
55
68
100
116
107
95
101
135
174
188
190
202
215
214
203
201
189
183
176
174
169
149
111
75
42
33
21
14
0
-8
-13
-26
-49
-97
-109
-129
-109
-88
-91
-100
-115
-110
-111
-112
-138
-131
-111
-97
-95
-98
-88
-88
-93
-106
-115
-119
-90
-53
-20
-10
1
17
15
-5
-13
-14
6
30
57
77
71
75
82
79
61
28
13
18
41
76
83
100
88
75
62
48
44
47
38
35
46
48
30
-5
-21
-9
24
37
16
7
10
36
41
-5
-64
-79
-67
-49
-5
32
62
51
42
21
-11
-45
-80
-86
-68
-28
-4
-31
-50
-69
-76
-56
-66
-65
-75
-46
-29
-11
1
-8
20
27
72
89
67
49
29
46
72
101
118
112
123
122
117
101
78
63
53
62
52
36
15
-12
-58
-80
-106
-144
-188
-208
-212
-213
-214
-222
-232
-263
-260
-273
-284
-273
-266
-240
-223
-197
-170
-143
-122
-100
-77
-64
-45
-31
-6
27
57
88
117
137
164
173
178
178
185
198
201
210
215
220
208
201
195
183
169
156
134
140
145
153
163
159
159
138
109
88
52
33
18
10
25
35
31
13
3
-20
-34
-30
-55
-75
-83
-88
-66
-57
-41
-32
-47
-45
-34
-27
-17
-18
-17
-7
-5
-10
-15
-4
10
16
15
9
-7
-4
-9
1
5
11
36
22
19
23
20
12
1
-5
-16
-25
-13
14
30
24
6
-28
-44
-47
-60
-58
-56
-26
-13
1
-2
-19
-19
-10
0
-11
-24
-24
10
31
53
68
61
55
42
42
46
39
29
35
36
48
47
32
31
-1
-14
-49
-90
-126
-162
-182
-196
-204
-214
-238
-269
-290
-321
-340
-339
-344
-355
-328
-319
-317
-293
-265
-237
-208
-182
-169
-128
-71
-25
24
74
113
137
155
174
197
221
237
237
239
226
229
228
241
243
230
213
192
170
169
158
148
142
140
135
140
138
119
116
96
92
88
107
140
157
168
177
191
216
245
279
293
292
271
244
218
212
196
174
164
131
99
80
40
-5
-62
-103
-140
-195
-221
-251
-270
-281
-289
-292
-306
-319
-312
-307
-283
-266
-256
-239
-218
-192
-165
-141
-109
-86
-72
-56
-45
-24
1
0
-3
-8
1
7
14
22
26
17
17
16
11
0
-7
-3
17
27
29
37
41
38
47
71
70
73
86
111
132
172
182
184
164
155
150
129
128
116
120
117
123
134
147
140
120
110
106
104
99
74
33
4
-41
-75
-131
-181
-223
-248
-279
-316
-355
-399
-420
-452
-471
-480
-489
-476
-469
-459
-434
-414
-365
-309
-266
-211
-164
-123
-61
2
55
110
157
197
237
258
292
317
355
365
364
366
368
377
356
340
313
296
273
252
238
222
195
159
134
111
87
74
73
61
44
49
52
45
62
67
81
86
90
102
112
124
130
160
175
171
170
136
115
85
56
22
-30
-92
-139
-165
-206
-221
-245
-262
-305
-319
-329
-351
-369
-378
-370
-353
-327
-294
-255
-212
-169
-119
-71
-28
13
52
94
119
137
154
160
165
173
185
182
170
157
138
115
90
65
34
12
-8
-30
-43
-60
-62
-61
-55
-48
-53
-31
-24
-16
20
29
48
69
87
126
141
155
163
165
176
176
165
157
148
145
130
127
130
131
133
124
126
114
110
95
65
41
-6
-38
-79
-129
-174
-214
-251
-282
-293
-317
-325
-349
-360
-374
-384
-397
-425
-434
-435
-424
-394
-352
-302
-244
-197
-143
-87
-40
-2
41
70
96
125
148
179
212
239
260
283
285
280
275
249
217
187
161
135
117
98
76
59
38
25
14
9
10
2
-2
-5
1
19
19
28
31
65
95
120
148
165
187
207
201
202
201
192
209
204
195
188
166
139
123
89
76
36
-12
-59
-110
-152
-190
-210
-229
-226
-226
-221
-220
-196
-176
-157
-143
-138
-129
-112
-94
-64
-34
-4
31
56
76
97
104
118
128
116
106
71
41
13
2
-11
-36
-61
-73
-76
-77
-70
-71
-71
-80
-84
-92
-93
-76
-54
-28
-6
23
54
103
133
155
177
192
203
191
187
186
194
185
194
198
212
234
246
242
241
233
211
183
154
138
120
114
95
65
23
-17
-68
-124
-180
-244
-290
-347
-405
-458
-490
-509
-521
-521
-534
-537
-541
-528
-511
-498
-478
-453
-396
-346
-293
-240
-196
-143
-86
-17
46
88
126
168
185
218
220
214
200
193
194
188
179
167
157
142
126
99
89
73
68
45
44
28
29
34
48
85
112
134
161
198
230
270
281
301
313
317
330
327
331
310
295
267
246
218
178
151
113
82
42
2
-34
-63
-80
-85
-90
-86
-88
-102
-118
-114
-115
-127
-140
-147
-147
-137
-121
-93
-81
-69
-52
-31
-22
-20
-24
-25
-33
-49
-52
-75
-76
-78
-85
-85
-91
-90
-79
-70
-65
-67
-62
-59
-65
-63
-63
-66
-55
-49
-21
10
25
49
52
62
79
92
112
117
119
118
108
106
90
81
70
53
48
33
37
46
48
66
72
82
94
106
120
139
145
146
146
137
140
133
140
146
157
162
146
126
95
61
9
-50
-122
-196
-265
-316
-370
-427
-458
-495
-530
-548
-565
-578
-584
-570
-545
-521
-495
-452
-404
-349
-287
-230
-155
-90
-19
42
113
179
234
275
288
317
324
315
318
303
302
291
286
269
250
247
227
208
172
143
129
106
90
84
66
53
49
61
70
74
86
96
121
143
163
172
175
163
156
162
152
137
105
93
74
70
55
33
13
-6
-25
-46
-51
-67
-76
-86
-89
-92
-76
-50
-8
18
27
42
59
77
82
89
79
68
50
28
18
2
-9
-35
-37
-49
-47
-51
-63
-69
-87
-101
-122
-140
-145
-145
-149
-138
-126
-101
-72
-41
-14
-3
18
21
35
41
47
47
41
44
37
43
43
46
44
31
27
22
21
-2
-15
-28
-31
-37
-36
-44
-60
-57
-62
-50
-52
-47
-33
-30
-12
18
37
51
76
78
89
113
127
137
154
156
143
129
111
90
73
57
36
9
-27
-52
-93
-140
-178
-227
-282
-317
-363
-401
-422
-431
-434
-428
-402
-378
-340
-315
-283
-248
-217
-171
-137
-97
-50
-12
30
61
89
129
169
191
211
230
236
241
230
209
188
160
143
128
106
103
76
59
44
33
32
33
31
28
35
31
33
39
48
63
80
88
98
102
126
145
169
182
194
207
210
227
219
211
196
183
174
153
140
133
127
112
101
85
70
59
46
62
65
69
78
78
83
87
83
93
92
77
61
33
6
-8
-31
-50
-68
-103
-120
-137
-152
-173
-193
-211
-231
-236
-241
-241
-245
-258
-253
-250
-258
-253
-237
-223
-195
-159
-144
-125
-99
-77
-51
-39
-32
-23
-23
-15
-14
-6
-1
-4
10
2
4
4
6
8
15
22
39
49
57
70
78
81
88
98
100
117
124
139
141
155
173
176
162
157
157
158
171
176
181
166
160
142
127
115
81
50
16
-15
-48
-88
-123
-152
-193
-231
-272
-301
-328
-349
-373
-384
-388
-389
-376
-364
-343
-316
-291
-269
-230
-189
-145
-104
-57
-28
16
65
100
131
166
210
233
255
278
282
289
283
280
260
253
250
237
218
194
174
137
123
96
80
68
56
53
28
18
24
17
14
27
27
33
37
52
67
80
101
111
113
120
123
132
121
116
114
86
74
64
40
25
2
-37
-58
-91
-112
-136
-149
-151
-160
-154
-156
-153
-148
-132
-108
-92
-57
-47
-20
-14
-2
-5
-8
-1
-5
-6
-15
-11
-20
-18
-17
-27
-38
-41
-45
-56
-65
-82
-95
-105
-110
-106
-102
-97
-83
-72
-62
-63
-58
-46
-31
-14
-6
-7
-3
-14
-25
-30
-26
-25
-36
-40
-47
-40
-44
-41
-30
-29
-21
-13
-3
13
20
39
52
74
88
115
133
151
174
195
217
224
233
233
227
231
227
226
216
204
203
192
178
164
155
135
111
94
67
42
15
-3
-25
-39
-50
-67
-91
-110
-130
-150
-170
-191
-217
-235
-254
-268
-284
-292
-288
-294
-287
-261
-257
-249
-233
-216
-193
-176
-159
-138
-132
-112
-99
-77
-49
-34
-8
10
30
48
65
74
83
84
80
80
73
70
57
46
24
8
2
-23
-36
-38
-38
-26
-12
-1
11
27
45
56
84
102
125
141
161
165
173
180
184
189
185
188
193
187
175
164
150
130
103
76
53
20
5
-12
-23
-26
-40
-37
-36
-30
-10
0
11
16
10
1
7
-2
1
0
-10
-9
-14
-11
-18
-12
-7
-6
-9
-16
-19
-21
-26
-32
-52
-52
-62
-57
-49
-52
-37
-28
-3
11
25
39
46
60
61
70
75
70
73
62
59
54
42
37
32
38
41
34
25
26
21
17
23
20
15
16
23
29
33
28
22
16
21
31
26
10
-15
-22
-28
-43
-58
-77
-102
-119
-138
-147
-152
-155
-144
-150
-139
-138
-136
-125
-124
-114
-115
-94
-81
-75
-59
-59
-34
-32
-31
-26
-24
-30
-38
-42
-57
-72
-86
-99
-124
-137
-161
-175
-177
-180
-171
-164
-151
-137
-134
-116
-93
-70
-43
-27
4
23
47
71
80
98
111
117
132
142
148
161
150
151
151
134
128
105
94
73
58
42
29
19
16
21
21
30
31
40
40
58
82
101
118
126
139
153
176
202
213
223
222
220
210
198
184
169
159
141
120
103
93
87
75
66
75
59
63
67
54
58
64
68
67
59
60
72
67
74
62
60
57
53
40
22
10
-12
-28
-61
-89
-115
-144
-164
-187
-211
-244
-273
-294
-312
-333
-337
-331
-332
-323
-316
-308
-290
-274
-246
-222
-187
-162
-137
-124
-109
-97
-88
-75
-62
-50
-42
-15
0
4
18
24
26
29
33
51
52
59
57
73
86
92
103
90
101
103
111
120
120
125
121
123
120
126
117
106
91
92
80
72
63
45
42
31
35
32
27
32
33
43
53
53
63
69
75
75
84
93
99
101
100
110
110
108
95
71
42
17
-8
-43
-83
-114
-134
-155
-164
-168
-178
-193
-188
-180
-169
-154
-139
-118
-102
-86
-67
-55
-30
-21
-7
13
36
57
77
95
111
131
136
136
132
130
119
111
87
68
47
21
-3
-31
-37
-57
-54
-65
-78
-76
-87
-88
-90
-82
-77
-62
-58
-39
-32
-22
-1
3
21
28
37
53
60
66
75
81
79
74
78
64
54
46
37
31
21
13
-6
-21
-21
-30
-32
-29
-32
-26
-23
-30
-22
-15
-12
5
19
28
28
34
42
50
53
54
57
36
32
22
15
-2
-14
-24
-35
-42
-51
-59
-71
-70
-81
-82
-87
-77
-75
-71
-63
-57
-46
-37
-25
-9
8
24
35
45
56
62
74
68
80
76
78
88
84
91
90
88
77
77
81
79
81
66
59
54
46
37
20
20
-2
-3
3
3
2
-3
-8
-12
-9
-8
-13
-11
-15
-27
-22
-36
-36
-44
-53
-47
-46
-34
-30
-25
-15
-7
-4
-3
-3
-10
-15
-42
-70
-101
-118
-136
-155
-175
-197
-215
-224
-224
-231
-222
-215
-210
-204
-191
-173
-155
-141
-129
-118
-86
-69
-52
-32
-8
14
31
56
63
77
78
84
96
109
102
94
91
84
81
69
65
61
56
61
53
55
50
50
57
65
69
79
86
102
119
130
142
157
166
172
182
178
180
184
188
190
202
194
182
170
154
141
116
101
72
52
36
16
5
-15
-32
-38
-55
-51
-53
-53
-41
-40
-30
-23
-21
-11
-3
5
8
16
22
28
47
49
46
50
42
42
48
38
30
20
2
-10
-13
-27
-40
-62
-85
-100
-120
-128
-135
-148
-148
-146
-153
-143
-148
-148
-147
-138
-130
-126
-126
-130
-118
-109
-103
-95
-97
-97
-96
-86
-75
-68
-59
-49
-45
-45
-36
-44
-52
-42
-42
-39
-36
-38
-26
-23
-18
-21
-10
-5
-3
-1
9
27
32
50
57
74
85
88
103
98
102
98
96
95
86
75
59
53
47
44
42
41
55
50
60
47
47
45
43
52
51
53
46
34
40
30
14
8
-4
-7
-17
-23
-17
-31
-37
-35
-32
-26
-33
-32
-31
-28
-31
-30
-25
-36
-31
-35
-39
-42
-40
-33
-32
-25
-19
-19
-4
4
17
30
41
63
68
77
71
76
84
86
82
85
86
88
93
84
77
67
64
63
61
48
43
43
32
21
6
-10
-25
-42
-50
-58
-61
-65
-73
-71
-77
-90
-82
-80
-71
-55
-38
-30
-29
-30
-22
-12
0
1
1
1
-6
-10
-14
-21
-26
-22
-26
-20
-21
-25
-25
-34
-36
-36
-51
-43
-39
-40
-41
-34
-35
-33
-28
-20
-8
-8
0
-6
-7
1
3
15
22
20
33
34
44
43
43
45
45
46
47
44
34
37
38
41
47
45
42
41
39
29
28
27
26
37
32
22
30
30
30
30
32
37
36
34
40
38
31
31
30
34
22
18
21
19
17
13
8
3
0
-16
-20
-29
-40
-42
-47
-54
-61
-69
-72
-77
-83
-84
-85
-78
-81
-71
-85
-91
-90
-95
-91
-92
-80
-76
-61
-61
-70
-65
-71
-68
-70
-62
-61
-57
-53
-56
-46
-34
-28
-24
-13
-16
-7
-4
-5
-4
-9
-9
-11
-4
1
-12
-10
-8
-5
-9
-3
-2
5
13
20
29
41
60
74
78
84
98
90
109
111
118
126
125
128
132
139
133
132
127
126
125
116
108
106
100
97
88
88
74
66
54
45
47
41
30
27
25
22
26
24
34
31
32
36
29
24
26
19
16
6
0
-2
-13
-19
-21
-38
-40
-46
-54
-56
-57
-61
-67
-66
-72
-65
-59
-62
-60
-66
-73
-74
-74
-67
-56
-46
-39
-40
-41
-23
-13
-9
-13
-19
-28
-37
-37
-48
-51
-58
-59
-55
-59
-65
-67
-72
-74
-68
-67
-61
-57
-59
-65
-61
-58
-55
-52
-65
-70
-72
-76
-87
-83
-74
-71
-73
-66
-47
-40
-31
-32
-31
-24
-10
-3
-1
5
1
6
4
10
16
11
18
24
25
33
32
33
41
42
53
58
59
62
69
68
69
75
76
85
82
81
74
74
73
77
78
66
71
56
53
56
48
50
42
43
48
48
43
41
48
47
39
32
37
40
34
17
17
19
18
21
23
29
31
46
42
53
55
56
57
54
52
56
56
53
46
41
39
31
34
31
29
29
22
25
12
2
5
-3
-10
-27
-33
-34
-34
-46
-53
-48
-61
-65
-62
-73
-74
-74
-73
-77
-78
-85
-87
-82
-86
-84
-79
-83
-88
-83
-87
-86
-85
-77
-80
-83
-92
-95
-89
-101
-91
-80
-79
-75
-80
-75
-63
-62
-54
-47
-54
-47
-35
-31
-28
-24
-14
-8
0
6
2
7
19
22
26
22
29
42
50
62
65
64
65
68
67
72
70
75
72
68
68
60
66
56
54
49
52
54
50
56
53
55
60
57
54
58
56
57
53
51
53
56
56
53
47
48
44
37
38
41
40
35
47
43
38
52
47
50
47
41
36
33
30
22
19
15
19
14
13
13
10
6
0
-7
-17
-27
-37
-39
-47
-46
-45
-54
-60
-55
-59
-62
-68
-75
-81
-81
-83
-85
-78
-83
-77
-81
-76
-69
-68
-57
-47
-41
-36
-39
-38
-49
-39
-36
-40
-35
-39
-40
-38
-43
-41
-33
-47
-42
-46
-36
-32
-39
-41
-37
-33
-29
-35
-36
-34
-31
-18
-12
-3
4
18
30
45
47
59
61
67
75
75
81
74
78
75
77
82
73
75
68
76
75
75
72
63
59
49
37
27
14
9
12
6
2
2
-4
3
1
-12
-2
-10
-16
-9
-13
-11
-8
-11
-8
-4
2
4
13
12
15
19
24
15
19
17
23
22
25
21
16
17
8
8
4
11
0
-4
-14
-19
-15
-22
-20
-24
-23
-17
-16
-12
-17
-14
-19
-24
-28
-25
-34
-34
-28
-23
-17
-16
-12
-19
-14
-17
-12
-9
-21
-26
-28
-39
-37
-39
-44
-37
-32
-31
-32
-36
-36
-26
-32
-33
-29
-25
-22
-29
-28
-32
-28
-24
-31
-27
-28
-23
-13
-17
-7
-17
-7
-7
-1
10
11
21
16
29
35
37
41
45
48
48
44
45
43
41
41
31
20
17
12
19
19
21
23
13
14
15
23
18
18
18
21
22
25
22
13
12
12
14
7
6
14
24
21
27
26
28
34
35
32
29
30
25
30
21
31
33
24
17
18
23
25
24
20
26
26
32
26
24
15
16
7
3
-1
-5
-8
-12
-19
-20
-12
-7
-4
-9
-18
-23
-28
-31
-43
-44
-47
-38
-38
-44
-39
-41
-42
-45
-49
-52
-56
-61
-69
-76
-72
-71
-56
-55
-51
-52
-54
-49
-55
-51
-46
-48
-44
-50
-49
-44
-44
-33
-29
-26
-15
-6
-1
4
12
15
19
20
19
30
30
37
42
47
53
54
60
69
67
63
60
56
60
63
57
65
64
62
50
42
49
31
33
27
22
29
21
23
19
13
13
18
17
16
16
13
6
0
0
-3
4
-5
-4
-1
0
-4
3
1
-8
-17
-21
-22
-23
-33
-25
-23
-17
-20
-22
-18
-14
-11
-10
-1
-2
6
-9
5
4
-2
3
-6
0
-6
-5
-1
0
-8
-13
-21
-22
-23
-26
-26
-29
-32
-32
-37
-41
-38
-32
-26
-18
-14
-4
-4
-8
-11
-17
-13
-11
-8
-7
-6
-10
-5
-4
-6
-13
-10
-17
-14
-10
-15
-5
-7
-9
-6
-8
-8
0
1
8
11
13
16
17
21
27
24
24
30
27
30
23
23
24
19
26
26
28
24
27
26
27
29
19
19
10
3
5
2
-1
2
-5
-5
-4
-6
-10
-17
-13
-13
-13
-17
-17
-17
-17
-9
-11
0
-6
-3
-3
-17
-14
-12
-13
-12
6
6
8
13
17
23
23
25
27
28
25
29
25
20
20
23
25
24
26
29
30
32
28
27
25
30
29
19
21
15
12
3
2
-4
-10
-13
-13
-17
-22
-22
-20
-18
-18
-19
-28
-29
-26
-28
-34
-36
-30
-25
-30
-32
-33
-31
-30
-31
-28
-28
-26
-28
-34
-28
-29
-33
-29
-35
-33
-32
-29
-34
-38
-30
-26
-21
-20
-18
-13
-11
-5
1
3
8
2
11
12
2
16
17
19
22
26
37
41
50
52
46
46
46
43
39
31
32
31
31
36
31
35
30
30
21
23
28
16
12
10
3
3
-3
-1
-6
-11
-3
-10
-6
-7
-5
-6
-10
-7
-8
-3
-1
7
3
8
11
4
10
10
11
5
2
5
3
8
9
2
9
14
12
6
5
6
2
-2
-8
-11
-15
-17
-13
-24
-24
-28
-23
-25
-20
-16
-13
-7
-9
-8
-6
0
-4
-10
-11
-14
-19
-20
-28
-29
-33
-37
-39
-44
-44
-49
-55
-53
-53
-51
-49
-42
-41
-43
-43
-32
-30
-24
-15
-12
-5
-2
6
11
14
19
25
23
30
30
29
35
39
37
50
57
56
51
46
45
41
44
45
44
46
47
47
49
47
47
47
50
45
47
43
35
28
30
27
25
16
14
14
13
9
5
1
-5
-3
-12
-13
-18
-14
-24
-29
-31
-37
-36
-37
-48
-42
-48
-44
-42
-50
-43
-50
-45
-44
-38
-39
-42
-34
-48
-44
-45
-43
-40
-38
-35
-37
-32
-22
-18
-14
0
-2
8
10
13
21
23
27
25
24
33
35
38
33
33
35
37
42
35
32
25
22
26
27
25
12
7
10
13
7
-1
-3
-13
-8
-5
-11
-12
-15
-17
-15
-12
-18
-14
-11
-15
-4
-7
-1
2
-3
1
2
0
8
9
10
10
12
11
14
14
16
10
18
21
16
15
18
18
21
16
8
16
6
12
6
11
11
6
9
3
1
3
2
6
1
-2
-2
6
4
5
2
3
5
5
8
9
5
5
-1
-1
-6
-2
0
-1
0
-6
-5
-5
-5
-10
-11
-14
-8
-9
-10
-8
-1
2
-2
0
-3
-12
-11
-6
-5
-10
-15
-12
-13
-15
-9
-14
-5
-12
-8
-10
-16
-12
-13
-4
-12
-9
-9
-8
-6
-5
-12
-11
-10
-10
-8
-10
-9
-5
-8
-6
-12
-20
-13
-14
-22
-22
-22
-14
-12
-12
-12
-16
-17
-13
-22
-22
-16
-26
-29
-36
-31
-24
-24
-22
-23
-14
-5
0
8
17
30
32
29
36
41
43
48
47
53
63
52
55
43
40
32
30
26
25
21
18
25
17
22
23
20
29
25
26
27
23
23
16
15
8
14
8
3
4
8
5
1
3
-3
-3
1
0
7
2
-2
-5
-16
-11
-20
-23
-22
-28
-26
-22
-22
-22
-21
-24
-20
-28
-33
-34
-30
-30
-32
-34
-40
-40
-37
-29
-29
-26
-28
-23
-23
-20
-18
-19
-17
-22
-17
-11
-4
-11
-3
3
12
14
11
23
22
22
21
23
17
14
8
7
4
8
5
6
9
9
11
9
9
5
5
2
-1
0
-7
-6
0
1
5
5
0
-1
-2
-2
-3
-2
7
6
8
6
12
17
12
11
17
18
18
20
23
25
24
22
29
16
16
17
9
12
1
15
13
7
11
7
7
12
8
9
10
10
13
7
10
13
9
8
10
2
-6
-7
-1
-8
-9
-15
-12
-13
-15
-9
-17
-19
-15
-15
-13
-10
-12
-6
-14
-14
-11
-15
-26
-24
-16
-20
-12
-14
-7
0
2
5
3
7
14
17
11
14
8
8
5
7
4
0
3
2
5
4
5
-7
-8
-1
-4
-3
-8
-9
-8
-5
-3
-14
-14
-11
-12
-10
-16
-13
-13
-19
-17
-21
-21
-18
-18
-20
-23
-15
-13
-14
-11
-8
-9
-6
-3
4
0
6
7
3
9
9
11
4
5
6
6
1
2
4
7
7
1
6
10
13
11
18
18
16
13
16
17
13
28
20
22
29
30
29
30
26
30
29
28
25
15
17
20
22
22
21
28
21
18
8
6
5
3
2
-3
-2
-11
-2
-9
-5
-4
-12
-12
-17
-16
-18
-19
-21
-20
-23
-24
-26
-23
-25
-27
-21
-16
-14
-12
-20
-20
-29
-33
-24
-24
-25
-27
-26
-20
-19
-23
-21
-20
-16
-13
-16
-19
-18
-17
-15
-14
-20
-16
-11
-12
-13
-7
-5
-4
-9
-13
-16
-6
-12
-9
-6
-5
-7
-1
7
0
11
4
4
6
5
10
9
8
11
19
25
24
20
29
27
32
30
30
31
24
31
28
24
30
23
27
23
29
34
28
30
24
31
32
29
21
21
23
24
19
21
17
18
14
13
12
9
4
-2
-2
-10
-9
-12
-12
-13
-8
-13
-10
-12
-13
-22
-14
-20
-21
-22
-26
-22
-24
-24
-23
-14
-15
-9
-12
-6
-7
-8
-7
-11
-6
-9
-11
-14
-10
-4
-7
-4
-3
-8
-10
-15
-8
-11
-6
-10
-7
-4
-1
3
1
-3
-13
-5
-4
1
4
3
9
8
11
4
5
3
0
5
4
4
2
7
7
15
17
14
15
11
13
9
5
0
-6
-9
-14
-12
-16
-14
-13
-12
-7
-7
-8
-10
-5
-12
-7
-3
-1
-2
-3
0
-4
-5
-4
-2
2
-5
-4
0
7
4
8
10
11
14
20
21
31
35
28
32
28
29
27
20
16
17
15
19
14
9
11
12
14
9
4
-1
4
4
-1
2
0
-9
-8
-8
-11
-9
-9
-17
-17
-18
-11
-14
-19
-17
-18
-14
-18
-24
-18
-23
-32
-28
-28
-22
-23
-21
-19
-17
-16
-12
-18
-18
-22
-22
-18
-13
-7
-7
-8
-17
-8
-8
1
3
4
7
1
5
2
6
9
7
7
3
0
0
4
6
2
9
9
8
13
16
13
14
12
12
8
12
11
6
7
-2
-6
-3
-4
-7
6
-1
-2
-4
0
9
10
7
4
4
8
5
8
4
9
8
14
15
19
19
15
12
7
9
5
4
8
5
5
6
2
9
0
5
7
14
11
13
11
9
14
9
12
8
15
6
9
11
7
18
7
5
4
-1
-7
-8
-6
-3
-2
-11
-4
-6
-5
-12
-17
-18
-20
-28
-28
-22
-26
-26
-25
-27
-31
-22
-21
-25
-24
-21
-18
-16
-17
-8
-8
-10
-3
-6
3
5
10
6
9
14
12
10
13
4
7
8
-2
0
0
-4
-3
-6
-6
-8
-6
-2
-1
-3
-3
-9
-6
-11
-9
-9
-15
-5
-11
-6
-7
-5
-1
3
0
2
1
5
10
4
3
-6
1
1
7
7
7
10
16
18
21
26
26
27
27
24
26
22
23
29
26
30
22
20
22
22
22
22
19
18
12
16
14
13
10
3
13
10
17
13
9
9
5
3
3
4
7
5
3
7
3
2
-3
1
-4
-2
-4
1
1
-10
-11
-19
-12
-12
-14
-11
-8
-14
-15
-20
-19
-16
-20
-22
-25
-19
-21
-25
-27
-26
-22
-24
-21
-18
-17
-18
-18
-15
-9
-9
-9
-11
-12
-10
-9
-12
-4
-4
-5
-10
-14
-12
-18
-14
-10
-10
-10
-8
-7
-10
-8
-8
-8
-13
-16
-14
-16
-9
-10
-4
-10
-10
-4
-5
-9
-6
-3
-4
0
-5
