SAMPLES:	15579
BITSPERSAMPLE:	16
CHANNELS:	1
SAMPLERATE:	16000
NORMALIZED:	FALSE
-5
-1
-6
-2
-1
-3
-3
-3
-1
-1
6
5
6
2
4
3
2
2
0
3
0
8
-2
-8
-3
-3
6
9
5
4
1
7
7
2
3
6
5
4
4
2
0
4
4
2
-1
-2
6
5
5
1
-1
-7
-3
-1
1
10
2
4
3
1
3
1
-2
0
1
2
0
1
-2
-6
-3
-10
-5
1
-16
-5
-12
-9
-9
-13
1
-8
-6
7
6
-3
6
0
-7
-6
-7
-8
2
-4
-2
1
1
-11
-7
-7
-5
2
-4
-6
1
0
4
9
0
1
1
4
-1
-3
-7
-3
5
2
3
-4
-3
-7
-2
9
7
9
2
1
3
4
10
9
8
5
2
2
1
9
8
7
10
9
14
17
16
16
17
13
11
15
10
2
12
7
11
11
5
3
6
6
0
6
1
4
0
-1
5
8
2
7
-2
1
3
1
7
-5
1
0
-3
-1
-6
0
0
-1
6
-1
-2
-1
1
-3
-1
-4
-1
3
-4
-5
-3
-2
0
-3
-4
-4
-9
3
1
2
2
-2
1
-1
3
3
-2
1
-1
1
-1
1
1
2
4
1
8
-1
3
3
5
2
-3
-9
-8
-4
-5
-2
-6
-9
-9
-10
-11
-9
-5
-7
-5
-7
-1
-3
-5
-1
-12
-3
-9
-9
-5
-8
-10
-10
-10
-7
-3
-6
-1
0
-4
1
-2
-2
-2
-9
-1
-7
-4
-8
-9
-10
-20
-6
-10
-4
-2
-6
0
-1
-1
0
-1
-2
-4
1
6
-4
-10
-6
-3
-5
-4
-5
-1
-6
-3
-3
0
4
7
11
14
13
11
14
11
20
14
9
6
9
10
7
8
5
6
7
11
6
5
1
-1
0
4
4
0
5
1
1
0
-3
-3
-4
-2
0
2
1
-5
-8
-2
-2
4
-7
-6
-6
-8
-3
-3
-5
-6
-3
-2
-5
3
0
2
3
7
3
3
7
4
4
1
-2
-8
-8
-8
-11
-10
-11
-10
-1
-7
-2
-3
-3
0
4
1
3
4
6
3
-1
-3
-7
-5
-12
-8
-12
-11
-14
-11
-11
-7
-1
0
0
0
-6
-3
-1
-2
3
-4
-2
-1
1
-5
-1
2
0
5
3
4
8
10
11
3
3
4
5
10
8
4
-3
-4
-2
-1
-3
4
9
9
13
14
14
14
14
16
21
18
16
20
6
8
5
3
9
4
13
15
16
8
12
12
15
21
16
15
10
4
5
4
-2
-6
-4
-4
-3
-3
-2
-2
-2
0
-5
-3
0
4
-1
-4
-1
-7
-7
-5
-3
-8
-1
0
-2
-1
-4
0
-1
0
4
1
0
2
1
2
-4
-5
-1
-5
-10
-7
-10
-9
-12
-14
-6
-12
-1
0
-2
2
0
1
3
2
2
0
-7
-7
-9
-11
-9
-4
-8
-4
-4
-1
-3
-6
0
-2
0
-4
-7
-10
-8
-7
-6
-9
-7
-10
-13
-5
-7
-1
1
-2
0
-1
-2
3
0
-2
1
3
1
-3
-2
-1
-6
-5
-5
-8
-8
-4
-4
-3
-5
-3
-5
1
3
4
10
13
13
12
13
7
13
8
6
7
6
16
9
5
11
8
4
-1
-2
5
4
-3
1
-3
-1
-2
-4
-3
-4
0
-1
1
-1
0
-3
-6
-3
-5
-2
-5
-4
-14
-11
-12
-13
-10
-12
-6
-6
-4
-10
-10
-10
-9
-10
-8
-11
-7
-9
-11
-13
-11
-2
-1
-1
-2
3
1
2
3
1
4
8
10
9
11
4
5
5
9
10
11
10
5
5
4
0
6
7
6
9
6
-1
6
2
2
3
-1
0
-7
-5
-3
-5
-6
-7
-5
-4
1
-3
-11
-4
-4
1
1
0
3
-5
-1
-3
-5
-2
-5
0
-2
-3
3
0
0
2
4
7
4
5
9
9
9
4
4
1
5
5
5
7
11
9
10
17
9
13
8
10
11
15
17
17
13
11
12
13
14
11
11
11
8
5
2
3
7
9
9
11
2
2
2
1
3
0
4
-3
2
-2
-6
-5
-6
-3
-7
-4
-3
-5
-10
-17
-13
-10
-9
-4
-5
-6
-9
-8
-2
-6
-6
-5
-8
-2
1
-2
1
-9
-11
-11
-7
-10
-7
-7
-11
-9
-14
-6
-7
3
5
-4
1
1
3
0
1
0
-7
-4
-8
-5
-2
-7
-5
-7
-7
-6
-8
-7
-3
-5
-3
-4
-6
0
-1
1
3
4
4
3
4
7
5
4
5
3
4
6
3
-2
3
3
5
6
7
5
3
4
1
4
4
0
0
2
6
6
4
4
2
3
3
9
5
6
4
-2
0
-5
-7
0
-3
-2
-4
-6
-5
-9
-6
-9
-3
-4
-4
-7
-7
-7
-13
-9
-14
-4
-5
-11
-9
-11
-13
-10
-7
-5
-1
-6
-1
-2
-3
0
-1
-7
-8
-6
-2
-5
-5
-7
-9
-7
-7
0
1
5
0
0
8
3
6
2
0
-3
-5
0
2
1
6
2
4
6
8
11
11
17
10
13
10
9
5
8
0
1
1
0
1
-5
3
2
6
-1
7
6
3
2
7
4
6
7
4
10
-1
5
3
-4
-1
-1
2
-2
1
2
0
5
4
6
5
5
-3
0
1
-3
-3
-8
1
-6
-7
-6
-11
-2
-3
-2
-1
-6
-4
-1
-4
-2
0
-3
-3
-2
1
-10
-7
-9
-4
3
-3
1
1
-1
1
0
7
7
8
15
9
9
1
9
9
5
10
3
5
4
8
4
9
4
-1
1
4
5
0
0
-2
-4
-9
0
0
1
5
0
-1
-3
1
8
6
6
3
5
5
3
3
2
1
6
0
-1
-1
-3
0
-1
8
1
0
4
4
5
6
7
3
14
11
11
7
7
8
4
2
-3
0
-1
-1
0
1
1
0
0
-1
5
3
5
1
-1
-5
-6
-4
-8
-8
-11
-8
-8
-10
-10
-6
-6
-4
-1
0
5
5
-1
-7
-7
-12
-7
-12
-13
-11
-8
-6
-12
-12
-6
-3
4
20
14
10
4
9
8
-5
-2
-9
-17
-26
-18
-22
-28
-30
-27
-20
-18
-9
-6
2
5
6
6
4
4
8
7
3
-1
2
2
3
-2
-2
-1
-6
-1
1
5
5
1
2
4
0
1
-9
-5
-9
-13
-7
-7
-7
-3
-6
-6
-4
-1
1
0
1
-2
-6
-8
-1
0
-2
-1
1
4
0
8
3
4
0
1
0
-5
5
1
4
5
11
8
4
0
-4
-3
0
2
8
2
-1
1
3
1
4
8
5
7
8
5
3
10
13
8
7
11
9
6
8
8
8
8
5
8
7
5
3
7
10
9
-2
6
1
-5
3
-1
-3
-3
-1
-7
-1
-3
5
1
3
3
1
-3
-3
1
-1
4
4
2
-2
2
-2
2
-2
2
4
0
2
3
1
-5
-10
-5
-3
-6
-8
-5
-1
-6
-5
1
-5
-4
0
-5
-7
-8
-5
-6
-3
-10
-8
-7
-6
1
0
1
-1
1
9
8
7
2
3
3
3
1
2
6
8
5
8
5
7
16
12
10
6
5
3
4
5
9
6
9
5
8
18
14
14
16
11
12
9
9
7
4
13
5
5
11
9
3
3
1
5
2
-3
-2
-8
-14
-9
-8
-8
-7
-15
-16
-15
-16
-12
-13
-11
-13
-15
-12
-3
-6
-8
-5
-3
0
-9
-10
-5
-9
-11
-8
-6
-5
-3
0
2
4
2
-2
2
4
2
2
-3
-6
0
1
-6
-2
-7
-10
-8
-6
-10
-11
-11
-9
0
-7
-4
-5
2
-2
-4
-3
1
-1
-5
-3
-5
-4
-6
1
-8
-5
-7
-5
0
-4
2
1
0
-1
2
-1
4
7
8
8
0
1
3
3
-1
-3
1
4
0
0
6
6
3
-1
2
8
5
4
5
3
3
10
-2
-1
3
1
-2
-3
1
4
-7
-11
-8
-6
-7
-10
-3
-3
-5
-4
-3
-3
-1
1
1
7
-1
6
5
4
6
4
6
2
1
1
5
3
-1
3
-7
3
2
6
10
2
8
4
2
-4
5
0
-7
0
-2
-3
-10
0
3
-9
0
6
-2
2
3
3
3
3
1
2
-9
-5
-1
-4
-3
-6
-5
-6
-6
-5
-1
3
4
2
10
13
10
10
7
2
8
5
2
-2
-2
10
0
4
8
8
4
9
13
7
12
11
8
-1
-5
-1
-4
-10
-6
3
-11
-10
-2
-2
-1
7
9
1
2
7
-1
5
1
0
-1
-6
1
-11
-3
4
-5
2
13
3
4
9
15
8
7
18
3
7
13
5
5
6
14
8
4
8
5
3
-1
-1
8
2
3
-2
-2
11
-1
-6
1
-4
1
-7
-6
2
-6
-4
-7
-7
-14
-10
5
-13
-9
7
-2
-1
4
0
1
-1
2
6
-8
2
-6
-7
1
-17
-5
9
-7
-16
-1
-7
-17
-3
-2
-8
-14
-6
-10
-21
-5
-5
-13
-8
1
-14
-3
-9
-9
4
-11
-4
2
-3
-8
-8
-8
-6
-20
-18
2
0
-18
-9
-5
-8
-8
-3
3
-1
-5
11
9
3
3
6
6
-7
4
4
1
9
13
4
9
15
5
5
19
9
0
14
14
0
5
7
-6
-9
15
7
-9
7
-5
-5
8
1
-4
-2
11
-2
-11
7
3
1
0
-4
-6
-2
4
-4
-4
-1
-8
-5
6
1
0
7
3
-4
14
25
-5
3
22
-6
-8
15
-4
-8
8
1
-3
8
2
-6
6
7
-6
3
-1
-13
-7
-2
-1
-20
3
-5
-36
5
-1
-26
-8
-1
-10
-11
-2
-9
-9
-13
4
-3
11
-8
-7
2
-11
-8
-12
4
-5
4
5
-8
-8
3
2
3
4
10
3
1
5
7
3
6
0
5
18
2
-1
6
18
-9
6
35
4
-2
11
18
-3
0
25
2
-15
3
19
-9
6
8
8
-2
-1
5
9
2
-13
11
3
-5
13
5
7
14
-11
-14
9
-18
7
24
5
1
-2
18
1
3
22
8
1
8
25
-2
4
12
-16
-5
15
11
-26
-4
8
-5
4
3
-6
-4
10
-21
-16
23
-3
-33
8
22
-9
-15
15
-21
-15
30
-14
-11
7
2
-18
1
2
-11
6
14
-22
-11
11
-26
-17
11
0
-26
22
-8
-16
30
0
-33
3
19
-18
2
21
-4
-29
13
18
-17
6
22
-27
-10
38
9
-20
-11
2
8
22
-2
-22
15
0
-12
15
-2
-12
-19
6
3
-22
-1
-14
25
9
-19
-8
-1
18
-18
-6
28
-9
-24
7
7
-6
3
-12
0
27
-1
4
2
21
11
-2
3
-8
4
11
-6
0
1
-29
-15
38
-20
-39
13
-10
-14
23
-5
-50
13
36
-37
-3
30
-19
-21
26
25
-18
8
4
-29
9
37
-39
-14
44
-14
-12
24
6
-22
-3
26
1
-23
14
-13
-20
-13
11
-7
-2
18
-38
10
11
-60
6
33
-40
-25
37
6
-53
19
34
-49
-28
49
-31
-29
26
-8
-13
4
-5
-36
12
-5
-29
20
13
-41
-13
40
-23
-21
6
9
-1
-11
2
28
4
-12
35
22
-3
-8
-8
10
2
-6
19
-8
-9
17
7
16
-3
26
30
0
-3
15
36
23
7
20
26
8
4
4
37
14
-10
5
9
11
-25
10
46
-23
14
58
-9
-28
25
2
-1
19
-10
-11
3
-2
18
-11
-15
13
-51
27
-1
-46
1
-3
-24
28
-18
-38
29
-15
-16
-2
17
-7
-29
16
9
-29
-9
26
12
-64
15
27
-16
-1
-5
32
-8
-23
26
23
-5
4
8
-16
-6
-2
-5
17
-24
-23
33
11
-28
-4
57
-7
-51
46
22
-35
-7
39
27
-27
25
40
-30
-3
38
-3
-30
33
-2
-12
16
-33
-13
-16
-1
-1
1
-4
-26
5
1
6
2
15
21
-27
17
22
-35
34
27
-10
-30
0
25
-15
-26
19
12
-27
6
2
14
17
-28
13
23
-9
-11
-16
-11
4
-22
9
-10
-52
14
14
-33
-40
18
-8
-21
-6
6
3
-12
4
-7
-13
17
3
15
-14
-19
34
-10
-8
-14
-18
-7
28
10
2
-4
2
1
14
6
8
-3
-8
28
-13
2
23
-19
-4
17
-10
-12
-8
1
5
-6
-13
-2
-14
-16
28
-5
-30
-11
2
2
-11
6
-5
-46
26
30
-46
-1
33
-15
-29
-10
-25
-22
5
21
-61
-30
47
-29
-27
27
-4
-38
34
29
-27
10
-25
-5
46
-6
15
3
10
4
-27
43
15
-36
12
27
-9
-2
8
9
-4
49
-3
-34
39
9
-17
26
4
-14
7
36
-49
-11
83
-13
-18
25
21
-27
-42
51
19
-45
13
3
1
27
23
-49
33
25
-24
16
21
-3
23
25
-31
12
8
37
-27
-11
26
-2
-15
0
22
-13
-19
36
2
-25
16
12
-50
6
28
-34
-10
1
2
11
-3
-29
10
-6
-11
21
-24
3
-1
-14
33
-14
-6
8
-3
11
-9
16
-5
-7
6
-15
5
16
-30
-6
9
-7
5
25
3
-17
33
44
-15
-15
40
-15
-8
61
-25
-5
1
11
8
-14
22
-33
-15
26
21
7
-35
-25
21
41
-7
-37
-15
-1
12
-16
22
-22
-85
54
45
-47
-2
11
-41
20
25
-19
-15
-26
15
8
0
-9
-10
-6
2
15
-14
43
16
-57
34
4
-35
31
21
-12
13
-3
23
18
-7
0
-1
15
-8
-1
23
15
-16
-6
15
-11
-17
-15
3
34
-44
-25
26
-4
21
12
-29
-11
31
-21
25
15
-67
42
27
-57
-12
19
13
-9
-67
33
22
-53
30
-1
-23
-16
12
8
6
-12
-14
20
-11
-4
15
-7
-31
-3
-6
9
-60
14
44
-51
-42
24
-7
1
-49
20
27
-46
12
8
-7
18
-14
-28
28
-41
-26
49
-11
-59
34
15
-56
3
52
-2
-13
-22
44
14
22
-11
-39
38
16
18
8
-5
-77
18
60
-30
-12
-16
-9
14
11
11
11
34
-35
-10
26
-9
35
19
-33
-44
103
30
-84
22
24
-33
12
19
-15
-42
19
6
-14
35
11
-23
-24
33
18
4
8
-31
2
57
-6
-61
0
45
-42
-3
45
-48
-23
3
-11
9
38
-27
-44
70
-26
-53
45
9
2
-3
13
1
0
37
-39
-28
39
-31
-56
31
2
-76
56
39
-49
8
21
-18
-10
54
-25
-8
30
-64
29
69
-65
-30
76
-7
-76
57
7
-50
47
11
17
-20
7
37
-3
35
24
19
9
-16
-3
24
51
-22
6
48
-43
-21
65
25
-37
-3
60
5
3
10
13
21
14
22
4
37
8
-15
16
37
-25
0
31
-98
19
47
-28
-35
-14
2
-16
30
-3
-39
4
-11
21
22
-34
8
-2
-30
28
-8
-7
-2
-8
22
-30
-1
-7
-35
-18
-32
-51
55
-27
-17
13
-55
-9
14
-25
-43
37
43
1
1
-38
-26
14
-13
16
-61
13
18
-48
24
1
-32
5
48
-37
39
31
-54
32
23
8
-33
-13
29
-46
28
24
-42
-7
46
-32
-14
5
-30
13
-34
23
33
-19
24
-6
9
18
-7
14
-18
17
9
5
-7
3
-10
47
-30
-39
71
19
-49
2
-2
-5
0
20
17
-75
63
27
-13
-34
5
56
-26
-8
11
-43
37
23
-59
20
-32
-14
23
-59
16
0
-46
72
-65
-48
35
-23
37
20
-40
-33
28
14
-15
-4
0
-1
-21
-35
22
-30
-8
-4
-42
4
16
-8
-39
24
-11
-28
49
-45
16
28
-47
16
62
-17
-3
35
-31
32
24
-26
19
-9
16
9
13
3
41
-12
-41
55
-14
2
7
15
52
30
-57
-12
35
13
27
-24
-33
15
51
-23
-13
0
21
-5
9
-8
-32
31
-10
-20
-2
2
31
-25
-1
15
-59
18
55
-6
-43
-3
10
0
43
-43
-23
40
-15
22
8
-32
-31
52
-28
-11
61
-9
-12
-29
-20
60
2
-32
1
20
50
-15
-67
12
69
-18
3
-10
-24
42
43
-21
-8
60
-55
13
73
-91
51
66
-102
49
52
-23
24
5
43
-48
35
37
-85
11
52
-16
-54
28
6
-45
2
25
-7
22
-10
-39
76
-24
-52
7
-4
49
-9
-67
-1
-19
41
-41
-41
56
-20
51
-47
-87
111
24
-61
-5
-2
33
-22
5
0
-19
-6
5
36
-20
-34
-24
60
-10
-43
45
-6
-64
13
75
-32
12
51
-20
2
-27
-24
80
-15
-11
0
-13
9
-3
12
27
-55
-3
75
-52
-7
45
-67
28
51
-90
55
-6
-63
72
28
-5
-65
12
25
0
16
-25
-25
22
49
-2
-47
15
-2
-22
14
44
-60
6
-3
-77
59
-6
-99
30
53
-39
-21
62
-42
-33
71
-86
-19
68
-20
13
-3
-36
-4
-1
-47
-23
4
22
-12
-28
28
32
-54
-23
75
-23
-26
-10
-23
34
-2
0
-46
-25
35
-19
-1
22
-35
-23
16
17
-3
-49
41
-10
-43
17
-17
28
13
-1
-37
-11
29
-14
12
0
-14
17
4
-16
32
-21
4
26
-35
54
39
-20
-24
-15
59
24
-92
14
62
6
6
-37
6
47
-39
-12
50
-26
23
-3
-17
21
10
7
-6
12
14
55
-33
-52
10
92
27
-50
0
68
-24
-51
72
29
-5
-32
0
51
13
-59
-27
63
2
-12
11
41
-8
-25
5
-4
-3
45
-6
-40
17
-10
17
5
-40
-13
71
-41
-69
48
27
7
-3
-49
45
-22
-22
121
-18
-75
16
1
6
20
-5
-15
-4
-39
-14
46
-47
-5
49
-73
-57
27
17
-15
8
-48
36
31
-77
31
-29
3
11
-16
44
-11
-65
37
-8
-44
61
-10
-5
-52
28
62
-34
7
22
-41
34
24
-49
42
10
-40
60
-51
-42
58
30
24
-24
-44
39
76
-103
53
35
-41
89
-28
20
2
-20
58
22
-39
-3
26
-2
60
-70
-8
18
39
-8
-59
13
26
9
-2
2
-20
-1
37
1
-91
97
12
-38
24
-15
51
-14
17
16
-33
8
-12
-19
26
-6
-41
-1
-23
-34
74
-33
-88
108
-25
-7
16
-41
10
-27
24
-91
64
43
-90
-30
-28
88
-34
-89
8
29
9
7
-19
-40
56
-30
-37
93
-40
19
16
-102
9
59
-17
-56
-20
-28
24
-19
-32
41
-32
-3
12
-20
14
14
-88
25
66
-64
22
-7
16
-18
-17
10
-60
15
68
-46
-55
46
-12
-42
18
-51
27
75
-65
-55
121
-15
-35
30
-17
33
-65
53
9
-43
9
-24
52
7
34
-54
38
40
-20
55
-38
-25
43
70
-19
11
-14
-6
54
-48
67
-10
-12
12
-37
46
54
-47
-36
44
59
-39
-31
42
-17
10
-3
-57
80
43
-36
-49
-3
32
-21
11
-21
22
24
-45
-51
33
-4
41
-78
49
31
-76
52
-30
-17
71
-14
-75
47
20
7
-31
4
32
31
-22
26
-57
2
62
-3
-8
8
5
17
22
-45
12
3
-17
36
-18
-35
9
37
42
-16
-55
12
31
-26
12
61
-35
-13
-18
-18
47
-25
-49
-23
17
23
-22
-21
23
-2
12
-3
-6
-3
18
-25
15
28
-26
-44
-21
30
5
4
-31
-21
23
2
-6
-49
-6
64
-33
-28
19
29
-9
-12
-39
54
36
-47
0
1
26
12
-10
13
49
20
-17
61
8
6
12
-43
81
23
-38
23
-18
-6
48
-32
-33
13
48
-56
-18
10
1
33
-61
9
41
12
-35
-10
24
36
-13
24
45
-67
74
0
-102
34
71
-67
-28
54
-24
10
-35
-51
83
-2
-62
3
32
-16
-16
-96
33
53
-72
-23
-61
-3
73
-94
9
25
-51
8
-34
5
14
24
-105
36
30
-16
54
-91
26
46
-41
22
37
1
-12
-1
4
40
23
-39
-7
4
41
29
-105
42
1
-34
29
-26
-1
64
-37
-43
-18
-14
11
15
-58
-12
6
-33
-12
-48
74
1
-94
25
44
0
-40
-37
26
47
-19
-38
19
12
-2
-34
46
30
23
-29
7
63
-22
25
-45
51
29
-33
-10
11
-4
51
-42
-32
70
9
23
-28
-11
67
33
-38
43
5
-22
34
-1
-18
-20
-11
3
4
-34
-1
-22
-20
-51
41
-13
-3
-26
16
70
-39
-4
27
20
-19
45
-8
9
-8
25
18
-3
1
-5
29
2
-5
-20
18
-35
-30
42
38
-30
-8
30
34
-38
-23
10
-26
-13
30
-15
-37
-5
-15
44
-16
-14
42
7
-28
-4
71
33
-111
37
29
27
16
-55
9
53
3
-8
-2
-12
39
-18
-32
12
12
-15
-13
-21
12
14
4
-39
3
12
-23
5
-1
12
12
-9
5
-12
38
1
-19
21
8
-36
-5
5
-31
11
1
16
17
-22
-23
29
-36
-2
-3
25
-1
-4
10
-18
-14
-3
91
-9
-28
36
36
29
-31
-40
45
30
-65
-41
64
41
-32
6
16
56
20
-9
39
25
15
-24
-32
-19
25
9
-7
-24
-5
19
-51
-34
1
8
30
-19
-2
17
8
-9
-4
16
-22
-2
-23
-16
-17
-10
-26
-18
-6
13
3
20
-86
-2
15
-59
17
-19
24
-34
-74
15
1
-18
-10
22
31
4
-32
11
-3
-35
-3
4
-7
1
-24
-13
15
-29
-15
30
26
-36
20
36
-2
13
-7
8
-1
2
5
16
-4
-28
-11
16
-14
-3
23
0
8
-24
14
0
-36
12
33
-2
-41
-40
5
-7
-43
8
15
-10
-9
7
33
-21
-7
4
-6
22
14
-12
-18
-1
33
36
1
-7
17
11
20
24
-1
18
29
3
26
46
5
33
47
29
4
47
23
5
4
29
14
-5
13
9
10
1
-21
11
20
-16
-9
-2
7
-11
2
0
19
-23
-20
3
-25
-23
-9
-2
-12
6
-53
-30
-8
-15
-20
-28
-3
-22
-20
-23
-16
-9
-10
-18
-20
-28
-13
-13
-22
0
-3
-36
-42
-16
-8
-1
-17
-20
-23
-29
-35
2
-12
-28
0
-8
-18
-44
-12
-4
-21
-50
-20
5
-12
-27
-45
32
37
-9
14
10
42
42
13
35
39
32
49
52
34
80
53
26
77
66
51
43
20
1
62
26
-10
16
1
0
31
116
164
166
143
140
146
217
240
226
218
203
164
123
117
105
69
-7
-38
-23
-24
-91
-143
-213
-227
-205
-197
-215
-241
-239
-278
-260
-252
-240
-255
-274
-256
-226
-232
-197
-139
-156
-171
-137
-125
-82
-33
-19
-21
-9
37
71
122
145
198
224
237
232
189
221
251
239
199
201
115
63
20
-10
-48
-83
-109
-112
-150
-167
-153
-167
-153
-144
-76
-63
-44
-56
-28
-24
-15
13
8
31
14
-17
-26
-37
-78
-65
-58
-96
-81
-69
-39
-35
-52
-24
-25
9
56
70
86
103
101
151
174
153
171
158
154
154
189
212
290
380
532
763
873
880
857
892
970
1011
1021
1013
882
684
506
322
143
-51
-278
-465
-571
-694
-883
-1065
-1221
-1298
-1343
-1308
-1262
-1236
-1187
-1130
-1042
-933
-831
-713
-629
-525
-384
-239
-146
-96
-4
52
104
160
215
285
274
239
283
287
302
288
239
244
233
184
90
29
2
-10
-21
-49
-99
-172
-177
-168
-119
38
125
332
528
615
681
687
733
778
862
892
845
739
542
380
246
75
-61
-171
-261
-376
-483
-563
-674
-748
-752
-712
-645
-589
-541
-503
-464
-386
-340
-234
-102
-28
57
136
198
216
325
439
491
557
605
629
625
615
580
515
485
458
415
384
364
327
270
219
249
468
826
1084
1123
946
765
766
808
883
865
730
497
193
-114
-331
-544
-799
-1056
-1189
-1223
-1243
-1347
-1527
-1593
-1557
-1459
-1282
-1077
-901
-802
-732
-593
-458
-318
-231
-159
-84
-23
33
82
120
116
71
55
59
106
91
50
-18
-87
-56
-55
-16
-17
5
-27
-104
-126
-110
15
76
132
103
34
33
76
151
242
371
460
542
601
746
975
1127
1127
1059
905
834
792
649
484
223
-62
-319
-553
-726
-879
-1051
-1143
-1161
-1164
-1027
-920
-865
-718
-542
-298
-72
106
252
382
513
597
704
774
789
737
676
639
601
548
462
403
326
232
129
39
-86
-204
-299
-296
-260
-248
-232
-248
-226
-163
-31
195
599
1072
1328
1246
1000
924
1038
1187
1204
1081
862
557
189
-143
-368
-620
-940
-1163
-1229
-1250
-1302
-1453
-1644
-1651
-1534
-1306
-1011
-796
-590
-454
-335
-193
-7
162
288
333
377
446
436
421
314
197
131
35
32
29
-72
-237
-409
-522
-539
-470
-443
-450
-458
-517
-561
-551
-450
-247
-118
-95
-76
-61
33
182
324
497
603
655
685
743
837
1007
1243
1324
1267
1100
876
706
555
383
204
-65
-338
-603
-813
-923
-1058
-1193
-1212
-1060
-862
-662
-490
-355
-117
110
362
575
688
772
775
802
797
747
636
466
303
176
64
-56
-189
-311
-410
-488
-524
-573
-585
-609
-590
-511
-368
-224
-192
-142
-20
167
363
537
713
967
1405
1766
1801
1558
1215
1128
1249
1293
1164
885
458
29
-353
-584
-746
-987
-1261
-1390
-1378
-1366
-1425
-1554
-1521
-1348
-1085
-742
-423
-157
23
120
209
378
536
657
687
621
529
445
328
193
30
-185
-363
-509
-609
-744
-875
-1034
-1111
-1108
-1060
-964
-845
-716
-621
-542
-431
-258
-5
265
408
438
481
545
657
802
857
901
850
796
745
704
683
728
869
867
658
357
88
-38
-122
-217
-324
-469
-625
-787
-821
-796
-798
-768
-661
-442
-175
35
164
261
405
549
697
791
811
747
621
516
415
322
117
-103
-315
-465
-553
-635
-653
-688
-697
-696
-672
-622
-550
-526
-396
-188
-16
158
265
380
522
703
822
911
1094
1471
1991
2280
2068
1543
1160
1118
1207
1189
967
567
55
-454
-799
-969
-1129
-1402
-1587
-1616
-1471
-1352
-1407
-1421
-1300
-978
-576
-161
201
385
461
454
523
669
744
739
602
426
254
37
-171
-388
-628
-845
-1014
-1082
-1124
-1207
-1353
-1464
-1409
-1249
-1006
-787
-615
-485
-391
-271
-127
112
432
676
743
692
666
669
719
793
817
816
728
598
471
377
343
345
478
604
524
336
76
-98
-138
-130
-43
-21
-89
-220
-376
-422
-394
-347
-248
-60
105
218
283
302
319
319
307
356
393
357
214
61
-99
-245
-368
-454
-478
-505
-564
-624
-615
-561
-484
-388
-251
-148
-74
-5
124
311
455
542
600
691
807
945
1054
1158
1378
1719
1918
1878
1574
1183
1008
967
884
684
399
22
-391
-743
-1003
-1157
-1310
-1458
-1461
-1381
-1255
-1209
-1199
-1096
-833
-487
-176
126
352
497
495
466
474
470
423
300
109
-105
-339
-552
-749
-931
-1142
-1310
-1402
-1426
-1400
-1420
-1395
-1304
-1115
-852
-617
-392
-220
-58
85
255
454
713
901
981
938
826
784
804
860
879
813
630
449
260
155
143
127
152
242
387
406
198
-27
-148
-106
32
156
156
24
-190
-414
-426
-352
-249
-152
-60
25
50
80
112
108
155
208
249
297
222
96
-20
-141
-235
-280
-264
-251
-310
-410
-474
-443
-355
-257
-114
-5
40
24
49
131
279
462
589
679
717
745
801
888
1002
1252
1628
1922
1942
1605
1138
897
870
870
739
475
125
-292
-707
-1050
-1208
-1340
-1479
-1520
-1414
-1288
-1273
-1357
-1306
-1044
-713
-373
-50
190
322
354
337
365
401
377
280
152
-50
-238
-424
-599
-812
-1028
-1193
-1232
-1206
-1209
-1191
-1230
-1201
-1070
-838
-557
-344
-177
-73
23
126
287
522
760
870
832
729
653
665
712
734
727
612
460
289
184
167
160
144
131
272
470
523
345
135
21
89
235
348
368
212
-62
-311
-357
-281
-200
-150
-147
-150
-106
-99
-130
-118
-77
-21
67
139
108
35
-57
-199
-253
-198
-134
-146
-205
-313
-405
-430
-340
-170
-15
93
79
59
101
225
402
539
626
638
665
727
828
947
1027
1221
1571
1876
1923
1594
1131
868
833
837
762
549
158
-334
-778
-1052
-1163
-1237
-1333
-1398
-1431
-1412
-1374
-1300
-1179
-958
-711
-429
-97
193
389
433
411
405
430
478
450
316
75
-179
-425
-649
-834
-1030
-1210
-1329
-1403
-1393
-1372
-1369
-1331
-1222
-1046
-824
-581
-337
-144
-45
22
165
452
781
956
897
733
658
704
790
859
818
671
451
249
170
187
220
159
109
192
394
537
536
358
186
186
296
479
576
482
242
-43
-215
-167
-36
44
12
-30
-58
-101
-149
-182
-191
-138
-52
8
18
-68
-250
-423
-464
-387
-270
-252
-354
-466
-568
-563
-415
-223
-73
1
22
68
144
280
421
547
606
633
636
664
726
772
833
943
1140
1480
1786
1774
1437
955
682
745
851
802
523
80
-399
-766
-947
-983
-1021
-1201
-1379
-1389
-1229
-1098
-1029
-990
-876
-654
-341
33
321
469
429
288
235
276
323
267
101
-188
-473
-714
-925
-1056
-1213
-1377
-1483
-1464
-1377
-1328
-1325
-1321
-1248
-1045
-719
-356
-38
113
112
145
320
635
941
1054
1011
907
818
812
846
841
787
685
517
373
301
246
176
82
25
155
471
631
541
328
148
176
336
510
607
508
231
-70
-214
-174
-89
-74
-108
-179
-264
-318
-360
-362
-315
-254
-199
-165
-157
-240
-344
-433
-440
-355
-280
-225
-259
-328
-362
-319
-183
-46
73
168
279
398
466
521
558
599
626
670
737
801
790
720
614
533
593
789
1211
1602
1690
1400
880
508
519
703
787
682
369
-55
-478
-788
-939
-982
-1077
-1195
-1240
-1176
-1110
-1133
-1167
-1067
-854
-570
-261
-34
142
157
58
-36
-24
58
80
-32
-247
-492
-719
-909
-1039
-1092
-1154
-1182
-1197
-1200
-1187
-1230
-1211
-1076
-838
-592
-323
-107
31
75
98
231
485
799
1027
1053
898
711
615
673
778
856
815
664
482
331
276
272
269
239
240
335
580
751
738
555
329
263
395
542
579
447
160
-152
-329
-348
-320
-389
-514
-558
-517
-415
-393
-430
-483
-480
-404
-270
-99
-25
-29
-126
-198
-141
-9
79
101
84
24
5
33
153
294
363
376
396
451
503
528
540
523
534
552
523
518
482
378
288
274
484
908
1314
1442
1207
790
477
459
642
797
735
434
39
-347
-635
-768
-871
-993
-1158
-1262
-1237
-1191
-1169
-1192
-1206
-1134
-935
-678
-370
-119
-37
-97
-208
-253
-192
-152
-193
-310
-475
-636
-757
-829
-899
-996
-1109
-1154
-1109
-988
-887
-824
-770
-694
-572
-322
-32
203
330
359
417
553
750
894
953
934
864
829
837
882
908
835
730
611
518
494
444
378
304
224
266
416
661
811
712
502
279
224
297
386
410
285
16
-295
-480
-511
-461
-444
-458
-481
-461
-429
-388
-336
-313
-289
-248
-152
2
103
121
44
-47
-76
-16
43
82
49
-29
-69
-44
73
204
263
275
287
292
316
328
334
341
346
351
361
353
329
269
190
204
418
823
1264
1492
1325
929
608
548
717
904
916
722
337
-128
-494
-680
-782
-927
-1157
-1317
-1355
-1295
-1260
-1300
-1347
-1381
-1296
-1070
-751
-423
-271
-323
-472
-528
-421
-240
-167
-234
-386
-563
-637
-650
-597
-582
-699
-848
-874
-805
-680
-539
-473
-418
-350
-240
-24
217
362
381
342
429
675
909
1005
941
805
722
715
826
966
1044
972
780
598
500
529
556
527
430
356
315
370
556
685
612
358
119
15
90
119
60
-102
-339
-517
-662
-666
-634
-672
-729
-747
-638
-436
-258
-193
-209
-210
-159
-55
141
354
428
374
245
159
166
175
136
77
38
20
42
74
102
84
22
-26
61
206
316
348
311
228
159
133
163
212
239
210
172
259
589
1034
1378
1461
1206
908
776
882
1061
1118
969
639
180
-232
-544
-781
-976
-1213
-1423
-1542
-1555
-1573
-1655
-1745
-1766
-1683
-1481
-1183
-829
-535
-393
-346
-369
-331
-216
-117
-3
78
93
34
-73
-158
-234
-302
-343
-361
-358
-361
-364
-358
-367
-364
-341
-285
-172
-65
-5
43
125
271
440
573
602
533
481
505
680
871
1011
1050
959
817
703
686
721
737
687
617
554
513
486
539
562
483
335
149
18
-52
-95
-179
-312
-451
-594
-690
-715
-680
-602
-544
-500
-453
-318
-162
-6
136
234
308
336
393
477
567
593
518
383
238
103
-2
-93
-155
-217
-289
-325
-366
-369
-378
-380
-338
-236
-109
-14
49
67
103
99
122
218
345
455
522
532
558
673
912
1221
1435
1418
1230
1016
885
804
738
635
451
190
-156
-529
-843
-1085
-1316
-1526
-1680
-1750
-1741
-1690
-1668
-1637
-1600
-1533
-1406
-1154
-793
-442
-222
-217
-245
-214
-125
33
195
278
262
167
41
-5
14
33
1
-67
-126
-170
-187
-192
-221
-230
-199
-88
48
146
170
125
86
114
263
455
580
568
496
425
466
631
808
970
992
912
803
721
752
808
825
765
672
603
630
671
640
526
312
97
-4
-29
-57
-125
-302
-531
-765
-893
-871
-765
-649
-614
-654
-639
-491
-255
-3
179
238
226
206
253
356
462
459
320
131
-43
-126
-190
-262
-383
-490
-534
-509
-413
-302
-256
-260
-253
-197
-35
182
351
391
377
341
328
361
401
432
428
370
328
340
452
628
809
901
874
800
754
751
731
634
454
238
40
-104
-245
-425
-648
-915
-1161
-1342
-1403
-1379
-1327
-1316
-1326
-1307
-1250
-1187
-1137
-1032
-863
-651
-450
-279
-192
-181
-230
-250
-162
5
164
236
204
150
141
138
175
233
233
183
119
128
183
256
257
194
88
8
28
94
207
259
261
220
198
232
311
390
462
489
510
514
564
649
675
684
621
593
612
669
768
877
951
951
891
773
642
505
350
171
-37
-207
-356
-507
-658
-816
-917
-965
-956
-881
-757
-616
-500
-396
-263
-163
-88
5
55
85
133
155
157
123
57
-39
-124
-171
-182
-162
-156
-156
-133
-121
-99
-49
-19
33
31
4
9
9
25
3
-37
-64
-91
-121
-170
-182
-160
-132
-94
-7
131
363
636
807
880
890
888
924
974
1007
978
901
759
567
380
188
-43
-303
-561
-789
-935
-1010
-1066
-1127
-1202
-1271
-1334
-1345
-1263
-1107
-929
-797
-696
-613
-526
-407
-284
-211
-130
-79
-8
56
139
225
241
246
213
204
198
221
250
284
317
358
356
329
264
180
113
86
88
126
142
80
28
-39
-57
-42
15
114
201
273
376
485
572
615
597
583
588
647
771
887
953
898
790
643
489
359
268
182
69
-59
-206
-342
-474
-599
-695
-730
-735
-680
-622
-552
-458
-372
-287
-241
-215
-192
-160
-96
-11
34
14
-45
-136
-184
-206
-208
-202
-217
-205
-215
-195
-199
-227
-249
-284
-282
-235
-101
-2
34
8
-51
-52
-51
-6
64
163
212
214
205
192
218
259
369
518
735
947
1095
1119
1060
1025
978
964
935
860
765
636
474
305
132
-35
-218
-415
-632
-769
-898
-970
-972
-949
-932
-979
-1056
-1120
-1134
-1098
-1004
-904
-777
-661
-601
-583
-615
-602
-546
-444
-315
-167
-50
15
24
-1
-22
-55
-24
60
171
303
378
394
356
298
224
198
243
332
385
388
368
295
259
239
233
283
338
372
382
369
378
360
365
377
365
391
420
478
560
662
721
740
693
576
439
328
249
228
219
186
92
-42
-184
-302
-395
-479
-525
-540
-511
-463
-427
-422
-469
-546
-605
-604
-524
-422
-362
-342
-370
-440
-474
-468
-449
-406
-384
-344
-301
-256
-194
-169
-110
-56
18
99
180
272
350
413
433
441
424
411
424
439
453
459
451
430
383
344
286
252
242
272
356
477
642
808
898
900
851
841
864
860
822
765
684
585
433
226
18
-191
-387
-559
-718
-833
-933
-1033
-1119
-1207
-1290
-1385
-1453
-1438
-1357
-1232
-1104
-976
-893
-805
-744
-701
-628
-528
-391
-256
-142
-56
-17
-20
-38
-61
-62
-15
50
97
128
181
250
305
316
285
260
266
333
441
541
583
537
496
444
437
482
502
535
519
517
524
547
564
540
528
509
516
543
619
709
758
737
638
520
398
277
175
73
-31
-133
-267
-405
-541
-673
-762
-818
-845
-809
-768
-723
-713
-715
-712
-682
-617
-544
-468
-399
-370
-348
-296
-260
-232
-237
-221
-192
-131
-84
-62
-34
-3
62
109
142
171
207
268
332
422
492
522
541
568
582
609
625
647
688
713
734
735
726
663
621
584
619
681
713
711
690
681
704
727
700
630
530
434
321
221
94
-52
-215
-366
-480
-568
-646
-775
-939
-1120
-1280
-1362
-1366
-1331
-1306
-1311
-1351
-1427
-1470
-1409
-1271
-1135
-1028
-966
-906
-839
-761
-656
-559
-434
-295
-172
-40
99
208
294
363
431
495
544
590
639
652
685
709
734
741
739
714
676
632
611
574
547
537
493
466
444
439
396
340
288
249
268
311
356
386
375
334
298
278
302
354
393
413
397
334
215
101
-37
-149
-248
-345
-403
-473
-554
-628
-701
-734
-783
-798
-745
-713
-609
-543
-493
-447
-428
-373
-324
-230
-163
-67
-6
20
49
71
156
224
277
304
321
345
383
441
495
534
559
562
565
574
578
576
569
551
561
568
553
526
461
403
338
287
292
301
304
274
181
91
27
25
52
75
75
33
7
18
72
84
29
-40
-139
-204
-287
-374
-453
-523
-612
-715
-806
-872
-935
-1045
-1170
-1274
-1288
-1249
-1187
-1117
-1063
-1034
-1020
-968
-869
-687
-502
-355
-248
-177
-80
24
94
178
254
333
403
445
502
529
539
515
468
442
443
419
383
349
339
376
412
424
405
354
314
339
389
451
511
537
524
487
444
396
382
372
361
343
336
320
296
245
174
111
44
23
1
0
-2
7
16
25
13
-44
-125
-216
-295
-353
-375
-390
-398
-425
-488
-547
-558
-560
-512
-457
-383
-270
-168
-73
18
82
135
210
263
342
442
503
524
482
436
409
391
381
358
307
284
255
248
252
241
199
140
67
22
-9
19
44
28
47
32
22
0
-6
-7
4
27
61
74
55
22
-41
-94
-133
-148
-147
-140
-174
-243
-298
-298
-231
-134
-89
-105
-151
-202
-261
-302
-321
-338
-345
-387
-432
-462
-498
-540
-602
-661
-697
-695
-648
-601
-542
-472
-442
-431
-395
-334
-221
-93
7
95
162
215
236
242
248
257
295
334
361
383
402
391
370
352
329
322
322
339
371
404
419
395
354
292
260
250
265
281
287
279
257
243
217
189
137
81
36
24
56
101
119
99
65
23
15
34
43
34
30
18
37
74
118
142
165
156
96
56
32
23
2
-15
-71
-114
-166
-202
-201
-224
-228
-235
-217
-178
-141
-80
-25
6
16
23
34
47
60
79
77
53
22
-17
-41
-56
-77
-113
-144
-155
-141
-111
-91
-70
-47
-23
-20
-1
1
8
8
-2
13
14
16
-22
-83
-114
-138
-130
-109
-104
-97
-130
-165
-191
-189
-153
-103
-65
-58
-72
-69
3
111
236
286
279
217
187
160
145
118
51
7
-69
-102
-130
-161
-211
-309
-395
-429
-404
-364
-308
-288
-268
-248
-254
-217
-183
-109
-46
-14
39
84
132
138
117
80
64
52
71
91
113
150
154
139
110
92
93
116
130
169
223
275
299
280
250
224
227
239
260
266
263
209
141
59
4
-9
-24
-27
-41
-59
-85
-95
-107
-95
-86
-65
-39
-39
-35
-6
56
139
223
264
261
228
195
148
104
65
25
-33
-86
-119
-162
-199
-249
-294
-314
-292
-237
-167
-122
-82
-89
-108
-104
-71
-3
37
34
4
-15
-28
-27
-34
-74
-110
-133
-115
-95
-63
-35
-45
-56
-62
-43
-13
30
25
7
0
3
29
49
31
1
-18
-29
-6
29
66
56
36
13
10
35
77
100
112
118
127
128
137
163
175
235
323
466
568
578
538
460
425
381
335
335
302
263
169
29
-103
-237
-351
-449
-541
-584
-595
-611
-628
-623
-615
-606
-576
-520
-423
-316
-226
-152
-101
-47
-15
-7
-8
-8
18
35
48
55
75
94
83
45
-2
-1
13
31
71
115
131
117
51
-5
-30
-30
7
45
77
73
47
-8
-30
-45
-35
8
22
62
106
143
171
166
152
137
149
175
191
229
240
248
236
232
238
204
179
169
207
266
302
282
194
85
-36
-155
-225
-272
-273
-291
-328
-366
-417
-449
-493
-499
-454
-372
-294
-199
-126
-77
-63
-84
-69
-39
17
71
133
127
94
52
-12
-41
-38
-9
13
44
71
98
125
123
105
91
109
130
177
218
225
232
210
201
217
238
274
293
328
354
391
429
438
431
405
378
349
352
348
334
274
244
218
244
313
322
271
180
104
51
-11
-61
-121
-203
-320
-461
-567
-627
-658
-727
-841
-927
-967
-963
-913
-864
-802
-751
-736
-726
-680
-541
-401
-296
-217
-176
-126
-81
-53
-2
46
67
84
115
135
152
155
124
78
45
47
57
83
86
86
58
74
85
112
122
119
160
187
216
248
257
281
299
309
340
355
380
390
372
355
361
379
393
376
337
283
252
209
169
155
120
84
53
22
17
29
83
160
174
122
36
-62
-126
-154
-165
-176
-213
-283
-347
-388
-411
-427
-434
-411
-380
-304
-200
-106
-30
22
23
39
80
168
260
322
359
309
254
214
189
194
183
180
170
181
197
208
197
151
93
45
65
99
171
238
251
235
199
193
202
237
255
253
268
297
275
221
150
77
32
-5
-26
-47
-53
-133
-232
-299
-318
-256
-149
-88
-116
-183
-259
-286
-303
-320
-342
-384
-439
-492
-530
-553
-602
-676
-758
-793
-769
-708
-644
-573
-533
-513
-487
-463
-391
-270
-141
-56
-17
27
95
145
167
160
146
142
159
196
243
280
286
253
210
195
190
210
230
248
249
235
255
256
244
234
226
237
253
268
305
318
308
287
264
264
272
303
309
281
246
220
200
189
183
168
139
112
109
99
114
109
71
48
44
52
67
69
77
71
116
146
144
114
48
11
-35
-80
-127
-176
-228
-283
-343
-379
-389
-388
-374
-347
-306
-217
-147
-109
-52
9
101
148
188
217
255
261
248
233
208
198
177
128
84
52
19
-12
-30
-28
-31
-21
-44
-37
-42
-43
-56
-84
-70
-66
-57
-69
-94
-130
-153
-182
-175
-156
-162
-165
-195
-218
-216
-195
-167
-139
-120
-111
-94
-13
111
226
313
294
240
195
167
157
127
96
25
-67
-167
-247
-313
-382
-467
-553
-607
-613
-574
-516
-469
-423
-412
-417
-402
-328
-197
-66
20
73
98
131
152
162
178
203
244
248
254
246
235
204
162
126
108
102
101
105
117
109
114
108
100
95
98
125
171
204
221
219
209
208
217
248
269
307
319
338
349
346
332
319
326
315
302
290
273
248
207
161
105
50
2
-37
-56
-66
-86
-114
-135
-142
-94
-27
17
33
-3
-49
-95
-94
-96
-108
-96
-101
-106
-126
-137
-145
-163
-158
-138
-81
-22
36
68
57
31
13
-13
-26
-37
-36
-58
-104
-178
-267
-329
-384
-426
-424
-395
-345
-312
-293
-284
-274
-238
-190
-112
-29
52
118
136
144
159
182
201
207
213
229
253
270
257
228
170
110
61
30
60
90
87
48
21
51
145
280
334
327
271
215
201
201
201
170
97
-15
-135
-215
-272
-309
-385
-471
-524
-551
-556
-539
-523
-525
-495
-489
-457
-379
-277
-193
-152
-131
-120
-90
-67
-53
-44
-22
-14
-8
30
40
47
45
11
10
12
47
100
123
152
175
205
235
244
231
231
225
245
278
317
344
341
314
278
274
312
353
399
421
399
361
327
315
314
321
320
306
269
217
166
115
68
31
-22
-56
-94
-112
-130
-177
-203
-200
-131
-62
-18
-34
-103
-170
-211
-213
-208
-165
-167
-203
-261
-326
-351
-381
-388
-362
-344
-311
-262
-223
-180
-165
-158
-136
-109
-71
-11
28
37
22
-7
-48
-70
-73
-80
-79
-82
-89
-91
-88
-81
-58
-22
18
62
130
203
244
277
289
299
318
335
363
375
368
356
324
286
246
210
188
167
153
180
189
165
126
78
66
138
255
342
358
287
171
95
50
17
-28
-94
-184
-320
-435
-524
-600
-675
-758
-832
-873
-857
-800
-730
-675
-634
-613
-584
-519
-395
-256
-152
-84
-50
-8
39
74
112
160
201
222
245
303
340
350
315
278
262
279
295
329
328
311
312
288
293
296
312
313
321
355
384
391
353
316
290
276
282
283
282
253
241
185
147
125
104
87
46
21
-19
-66
-118
-171
-215
-262
-290
-310
-329
-337
-339
-364
-399
-400
-374
-301
-202
-82
25
68
70
50
38
74
102
107
104
76
33
-29
-74
-106
-115
-121
-125
-108
-75
-49
-29
-18
-15
-8
-5
7
59
110
127
113
54
2
-31
-35
-34
-28
-20
-8
-5
-3
-9
9
34
63
92
133
173
179
154
134
122
111
104
106
79
55
23
4
-3
-26
-29
-49
-61
-67
-50
-34
-38
-52
-60
-60
-25
63
167
241
230
159
90
57
53
53
34
-26
-119
-240
-330
-371
-399
-451
-497
-525
-518
-482
-475
-461
-433
-395
-346
-296
-201
-88
25
74
102
121
142
169
187
212
238
264
257
229
195
166
142
114
111
107
101
76
51
30
14
-4
0
-4
-14
-13
-15
10
58
84
91
85
59
69
74
110
147
169
178
173
151
140
146
153
162
156
136
97
65
51
23
20
13
-32
-50
-67
-59
-15
27
61
72
66
58
83
126
138
148
129
103
87
65
44
20
-3
-15
-28
-21
-23
-24
-47
-67
-93
-94
-79
-77
-73
-88
-105
-140
-138
-142
-156
-168
-186
-197
-201
-176
-159
-141
-128
-132
-128
-127
-89
-42
-16
-6
-17
0
29
88
119
115
101
88
99
122
139
150
135
105
77
57
84
117
131
130
120
115
126
124
118
88
47
29
19
55
151
251
305
272
206
147
143
171
195
166
110
20
-79
-169
-247
-305
-378
-425
-476
-484
-476
-472
-483
-502
-496
-450
-388
-326
-246
-187
-157
-141
-124
-91
-54
-37
-26
-20
9
40
46
23
9
-11
-26
-12
19
47
38
3
-3
8
44
99
148
174
163
166
172
205
261
286
282
262
239
259
285
307
314
293
270
236
227
229
244
218
156
110
84
64
48
20
-30
-81
-115
-119
-109
-90
-108
-147
-156
-123
-83
-41
1
7
0
-10
0
26
26
11
-24
-48
-73
-79
-90
-106
-129
-149
-154
-165
-146
-120
-115
-107
-106
-105
-77
-33
5
23
31
25
18
18
44
70
75
60
49
32
35
15
4
-3
-8
9
6
5
-2
7
1
7
29
47
83
115
131
138
139
151
148
137
134
132
136
123
115
102
81
31
2
-3
-18
-25
-54
-77
-120
-151
-170
-141
-74
-7
33
15
-14
-34
-10
21
33
25
-10
-61
-115
-156
-195
-215
-269
-322
-360
-381
-382
-385
-377
-357
-334
-304
-271
-219
-166
-120
-101
-83
-49
-17
1
14
0
-29
-36
-41
-16
-16
-11
13
25
40
67
88
100
117
149
190
230
276
287
271
239
233
236
260
256
235
190
149
129
118
118
94
92
71
59
48
41
39
41
45
61
87
97
104
97
92
88
92
115
128
159
153
134
122
102
107
116
166
215
240
229
197
160
136
134
135
141
137
103
60
13
-45
-72
-111
-125
-143
-143
-143
-157
-178
-193
-182
-165
-155
-137
-113
-106
-103
-114
-136
-165
-190
-206
-206
-197
-186
-201
-243
-269
-276
-263
-266
-262
-245
-233
-213
-186
-145
-105
-78
-42
-5
32
75
101
118
129
136
139
151
158
167
168
170
174
151
129
102
88
81
80
72
55
30
7
-23
-28
-22
-21
-18
7
59
103
137
119
78
54
75
101
126
129
99
40
-36
-110
-158
-181
-212
-241
-267
-284
-298
-320
-334
-326
-306
-273
-248
-210
-165
-124
-101
-98
-73
-35
-9
5
16
29
31
41
60
84
118
152
172
182
191
187
187
190
191
186
175
174
164
163
155
132
111
113
118
122
113
104
108
117
118
131
163
184
196
192
197
203
208
215
210
194
169
131
90
56
32
-5
-38
-68
-98
-122
-148
-152
-165
-176
-180
-191
-184
-159
-102
-77
-63
-48
-49
-22
-3
16
25
-1
-23
-61
-96
-114
-123
-158
-188
-218
-241
-254
-277
-277
-276
-263
-246
-218
-186
-144
-110
-82
-55
-37
9
42
59
68
51
48
45
54
73
87
92
80
66
46
44
37
25
12
14
15
22
36
36
45
46
43
58
87
118
138
139
137
112
113
124
131
142
120
92
78
76
80
80
66
54
46
30
21
22
26
21
10
10
4
4
-14
-19
-8
5
29
55
72
67
69
74
81
86
79
43
16
-31
-66
-90
-119
-141
-157
-159
-167
-173
-186
-197
-190
-161
-133
-110
-85
-64
-34
-9
10
29
29
33
40
33
36
17
-4
-30
-42
-32
-30
-24
-35
-69
-82
-76
-52
-22
-7
9
-4
1
10
14
36
35
37
54
61
68
58
37
21
19
26
33
34
41
34
25
24
21
33
40
44
50
41
51
58
37
34
25
25
17
2
2
-1
-7
-11
-25
-26
-13
1
27
55
69
75
76
84
104
114
117
91
65
50
28
-7
-23
-42
-51
-53
-78
-94
-101
-109
-94
-77
-53
-29
-29
-18
-24
-7
13
32
31
44
51
51
52
32
15
-5
-12
-14
-11
-4
-18
-36
-40
-58
-60
-55
-44
-38
-17
-23
-35
-33
-35
-19
2
34
40
50
44
53
56
74
78
82
84
68
67
45
38
10
-3
-14
-34
-61
-64
-79
-95
-96
-95
-91
-79
-61
-59
-65
-74
-84
-84
-89
-83
-71
-74
-73
-61
-47
-33
-32
-31
-35
-41
-32
-23
-10
-20
-39
-62
-56
-53
-58
-62
-67
-73
-60
-57
-51
-33
-52
-62
-58
-35
-2
23
26
39
30
33
30
26
40
43
54
45
53
37
8
-16
-14
3
15
23
20
17
8
22
32
36
56
71
90
85
86
90
97
117
127
144
147
147
155
154
166
163
161
165
159
158
146
139
123
107
87
73
56
53
51
29
20
10
5
-4
-3
9
27
38
32
21
10
7
5
7
22
25
25
30
30
41
42
46
41
28
48
44
40
28
9
-17
-47
-98
-137
-158
-191
-212
-220
-216
-218
-231
-243
-244
-248
-238
-234
-228
-226
-203
-196
-189
-181
-176
-174
-158
-134
-125
-118
-118
-117
-95
-81
-64
-48
-29
-1
12
41
63
70
74
84
86
104
116
114
95
89
102
120
127
126
114
118
138
143
156
150
156
138
119
115
116
121
110
96
89
74
72
73
69
68
67
83
89
97
106
105
97
71
62
69
58
56
47
36
18
-7
-26
-27
-30
-35
-34
-17
-21
-15
-21
-26
-28
-40
-53
-66
-78
-89
-94
-106
-99
-108
-103
-98
-103
-108
-104
-95
-84
-67
-66
-73
-88
-91
-88
-95
-89
-98
-104
-107
-97
-96
-103
-119
-119
-130
-125
-110
-101
-94
-110
-102
-109
-93
-73
-58
-39
-24
-13
-3
14
36
62
92
100
105
118
138
170
167
160
151
129
132
117
120
111
103
102
92
94
98
112
115
139
163
164
158
149
139
124
112
99
74
39
13
-12
-43
-73
-95
-112
-123
-124
-118
-116
-124
-133
-131
-131
-131
-114
-92
-76
-62
-64
-66
-51
-50
-46
-34
-37
-21
-24
-26
-19
-25
-7
-1
15
27
36
53
60
64
68
73
88
102
114
128
127
141
150
156
168
158
157
154
158
160
153
148
128
119
105
106
96
93
69
44
30
18
18
5
-4
-18
-22
-23
-32
-45
-70
-95
-115
-124
-140
-141
-143
-157
-172
-185
-185
-188
-193
-200
-195
-161
-133
-136
-147
-153
-153
-137
-133
-118
-108
-113
-127
-118
-110
-110
-115
-135
-121
-105
-96
-84
-78
-75
-72
-78
-69
-65
-60
-50
-54
-36
-25
3
32
42
48
58
69
71
83
99
105
113
128
126
134
136
109
93
72
73
80
87
92
86
92
98
104
115
110
95
91
99
107
118
118
118
130
131
141
153
147
144
132
115
102
107
114
113
98
101
82
84
67
72
80
86
105
87
84
72
77
56
46
46
41
33
11
-7
-18
-45
-56
-69
-84
-75
-86
-103
-109
-111
-102
-108
-109
-115
-100
-92
-86
-92
-102
-98
-109
-102
-112
-115
-116
-108
-96
-98
-118
-133
-130
-149
-159
-157
-156
-153
-144
-142
-139
-130
-126
-116
-115
-106
-97
-81
-62
-63
-72
-58
-40
-18
-11
-11
-5
9
6
17
16
23
47
49
58
59
63
65
69
61
55
65
63
73
85
98
96
98
105
106
117
111
117
121
108
101
98
96
87
80
83
71
65
46
23
10
-5
-17
-39
-44
-47
-51
-55
-54
-65
-62
-55
-48
-35
-26
-27
-15
-4
1
3
-7
-12
-15
-16
-24
-25
-27
-28
-24
-33
-32
-31
-32
-32
-32
-33
-32
-20
-13
21
43
54
56
60
63
77
87
89
94
106
109
109
101
93
89
77
82
96
92
91
78
70
65
61
55
58
46
32
23
-7
-28
-37
-31
-25
-26
-28
-38
-42
-45
-34
-19
-10
-5
-8
-18
-3
-2
-7
-9
-38
-46
-51
-60
-62
-66
-69
-71
-85
-82
-82
-73
-66
-77
-79
-84
-76
-60
-53
-49
-66
-64
-69
-89
-76
-75
-79
-89
-106
-112
-108
-112
-101
-76
-59
-51
-39
-24
-14
-12
2
13
20
20
28
9
20
39
51
59
71
73
78
96
109
130
132
132
125
120
123
136
141
137
127
116
108
108
108
109
108
100
92
78
69
76
62
68
75
72
76
79
64
50
45
38
39
22
16
9
-19
-37
-52
-60
-61
-58
-61
-69
-77
-80
-75
-72
-74
-65
-60
-68
-67
-73
-81
-96
-91
-95
-104
-108
-106
-103
-120
-124
-132
-139
-143
-145
-141
-137
-136
-137
-139
-144
-142
-134
-121
-126
-111
-103
-97
-84
-75
-72
-61
-52
-42
-19
-11
7
12
12
21
34
40
44
55
67
79
84
78
91
112
116
120
125
128
135
135
146
138
132
129
130
142
148
145
143
130
112
100
100
107
105
94
79
86
88
97
94
91
88
88
86
86
88
79
67
58
55
36
14
-18
-21
-24
-31
-42
-49
-60
-77
-85
-90
-89
-92
-93
-85
-85
-80
-83
-84
-83
-77
-71
-65
-67
-76
-87
-91
-90
-83
-80
-82
-75
-79
-81
-76
-82
-86
-72
-52
-41
-38
-29
-37
-35
-37
-25
-12
-2
19
18
24
33
35
24
29
40
46
49
59
62
58
58
66
76
69
66
60
54
58
62
60
40
32
46
51
43
44
39
38
25
15
17
9
6
13
12
8
0
-6
-15
-15
-17
-21
-16
-26
-32
-39
-47
-60
-63
-68
-64
-70
-70
-77
-69
-67
-80
-78
-75
-58
-54
-57
-52
-49
-44
-37
-29
-36
-35
-29
-29
-26
-26
-29
-22
-21
-24
-11
7
16
15
28
30
36
39
43
48
50
46
45
44
49
41
46
51
55
52
58
64
68
75
76
77
87
106
117
121
115
115
99
94
83
62
60
49
48
41
26
22
7
1
-5
-8
-8
-22
-24
-32
-26
-19
-10
13
27
33
32
14
-2
-1
3
-6
-23
-44
-49
-59
-51
-71
-87
-106
-127
-127
-120
-114
-118
-120
-117
-106
-96
-89
-77
-63
-45
-40
-45
-47
-53
-67
-63
-64
-56
-46
-46
-38
-44
-41
-49
-35
-35
-21
-1
1
11
1
13
44
53
78
93
82
83
83
87
95
91
87
82
79
93
87
70
59
65
76
80
79
76
77
69
63
73
66
60
51
42
28
27
28
26
27
28
16
10
3
-4
-15
-15
-10
-22
-37
-55
-62
-83
-86
-95
-94
-105
-92
-80
-84
-79
-79
-73
-72
-63
-55
-53
-55
-53
-64
-66
-65
-77
-80
-87
-81
-86
-87
-93
-95
-86
-81
-75
-63
-52
-48
-36
-25
-20
-14
-19
-17
-14
17
22
27
39
45
52
56
59
66
77
79
82
88
101
97
104
103
96
99
98
97
93
103
105
108
108
100
97
83
86
90
105
111
104
97
83
70
64
64
69
66
66
62
51
36
31
24
23
21
14
-3
-18
-31
-33
-29
-42
-50
-62
-68
-75
-77
-72
-77
-73
-86
-80
-79
-71
-64
-68
-68
-72
-63
-47
-41
-42
-45
-51
-35
-35
-28
-26
-26
-17
-16
-4
4
9
17
19
19
25
32
37
31
22
23
33
37
43
46
32
38
38
26
20
16
8
7
12
4
-5
-26
-29
-39
-43
-46
-44
-37
-45
-54
-55
-52
-48
-51
-58
-54
-62
-68
-66
-70
-65
-67
-63
-62
-65
-54
-50
-44
-51
-51
-43
-29
-18
-14
-8
-5
-6
-2
-4
-5
-11
1
0
4
12
3
3
2
10
25
22
26
31
22
22
27
19
20
10
11
7
6
-1
-11
-7
-17
-24
-27
-17
-13
-7
0
14
5
2
11
14
14
12
15
19
24
26
33
31
23
33
41
47
56
53
49
53
59
66
76
71
73
55
68
65
58
76
64
69
59
52
47
61
70
74
78
70
80
76
75
80
74
76
81
75
62
48
36
28
22
8
-1
-7
-22
-30
-42
-43
-42
-57
-69
-74
-80
-86
-93
-99
-100
-96
-100
-94
-94
-100
-91
-92
-98
-106
-97
-89
-85
-86
-93
-99
-97
-91
-89
-70
-68
-67
-70
-73
-74
-67
-52
-42
-38
-35
-26
-19
-8
-6
-1
2
11
25
31
42
60
59
60
78
80
92
95
104
122
117
123
124
122
126
115
116
112
111
105
80
72
71
69
62
57
46
41
43
33
23
9
17
6
-2
0
-18
-19
-29
-34
-32
-27
-34
-38
-43
-55
-50
-49
-45
-49
-62
-65
-79
-81
-80
-85
-93
-93
-94
-90
-92
-97
-82
-73
-59
-49
-44
-32
-26
-28
-28
-19
-15
-9
-13
-6
-5
-7
7
5
10
9
10
19
17
19
26
30
23
22
19
10
2
5
8
1
-4
-9
-4
-4
5
5
5
19
30
61
51
24
32
32
35
27
23
31
46
67
80
70
55
56
39
41
59
60
62
40
22
29
25
31
40
26
25
15
14
18
16
12
10
12
5
4
10
17
13
12
3
6
9
3
4
0
-10
-18
-25
-29
-33
-41
-40
-44
-41
-39
-37
-26
-25
-24
-27
-38
-44
-41
-43
-51
-51
-53
-48
-42
-47
-49
-45
-39
-36
-26
-15
-14
-24
-23
-17
-12
-13
-8
-5
0
5
7
3
5
14
20
18
6
17
27
31
35
22
13
3
2
10
6
4
4
1
3
1
-3
-8
-5
6
1
7
7
-3
-3
-7
-1
-7
-8
-8
-8
-23
-31
-33
-41
-41
-43
-36
-43
-37
-33
-42
-39
-41
-35
-22
-20
-13
-11
-14
-8
-10
-10
-6
-9
-11
-6
5
2
12
15
10
-2
-8
-8
-19
-13
-5
4
5
18
22
26
25
20
33
39
50
56
69
73
72
74
66
61
63
67
70
68
68
67
58
59
69
66
56
58
59
58
66
67
60
59
55
50
53
49
38
30
35
36
29
20
15
13
9
11
10
6
3
-5
-18
-22
-15
-25
-33
-33
-44
-46
-44
-41
-37
-43
-47
-48
-56
-50
-53
-46
-41
-48
-54
-65
-63
-68
-73
-79
-79
-76
-70
-66
-65
-61
-61
-58
-47
-44
-43
-36
-46
-39
-39
-49
-46
-45
-49
-44
-36
-34
-29
-24
-34
-28
-13
1
5
5
17
28
40
44
44
45
49
47
45
42
44
55
54
54
41
47
47
50
64
61
64
63
72
64
62
62
62
54
46
38
39
43
34
28
24
23
22
22
26
15
6
12
4
-14
-18
-22
-29
-38
-45
-48
-55
-51
-56
-53
-47
-49
-44
-51
-50
-38
-40
-50
-44
-34
-38
-41
-49
-49
-51
-56
-54
-49
-50
-51
-52
-51
-50
-45
-41
-36
-29
-23
-19
-14
-16
-14
-6
-6
6
10
18
24
19
16
13
21
14
12
2
5
19
11
10
4
6
3
11
9
6
10
16
15
12
16
22
31
28
29
33
39
44
40
44
47
45
40
30
27
18
14
27
25
25
37
29
32
31
20
27
22
18
15
17
15
12
16
21
28
39
29
23
24
25
25
33
39
29
29
45
47
51
43
38
39
35
36
26
17
6
4
5
16
3
-3
-14
-17
-13
-25
-20
-28
-36
-44
-45
-48
-52
-43
-51
-46
-42
-52
-35
-33
-29
-28
-24
-21
-16
-13
-8
-3
-5
-5
-15
-16
-23
-27
-33
-36
-31
-26
-21
-22
-19
-19
-11
-16
-11
-5
5
4
2
9
4
10
16
12
7
13
8
7
7
11
7
-5
-8
-9
-20
-20
-18
-20
-31
-33
-31
-30
-31
-34
-24
-32
-42
-43
-32
-26
-23
-28
-32
-32
-34
-41
-44
-51
-50
-44
-45
-38
-29
-18
-14
-9
-3
-3
2
11
14
20
16
24
28
30
35
28
32
37
49
46
51
67
85
80
78
89
97
94
102
106
99
96
99
88
82
80
65
58
63
75
74
75
70
68
66
63
54
51
48
39
31
24
18
4
-2
-11
-21
-22
-27
-38
-38
-37
-44
-44
-46
-46
-44
-46
-54
-54
-62
-65
-70
-70
-72
-76
-75
-72
-73
-84
-90
-95
-87
-87
-91
-92
-92
-96
-88
-82
-88
-94
-91
-75
-73
-66
-60
-63
-63
-62
-55
-40
-30
-24
-33
-2
48
19
6
-14
-42
-20
-21
-8
20
28
36
21
11
-4
-6
-7
-1
-2
-3
27
36
41
47
47
44
42
40
44
49
49
53
61
73
87
78
82
75
66
71
65
59
56
48
43
36
26
29
28
51
52
42
45
45
41
43
42
40
52
48
38
30
11
-1
-5
-17
-11
4
-4
0
6
1
1
-2
-4
-5
-15
-22
-23
-21
-24
-8
-20
-35
-34
-41
-40
-53
-54
-54
-41
-27
-35
-27
-17
-9
-18
-13
-11
-11
-4
-8
-11
1
2
-6
-5
-14
-7
-7
-4
6
1
11
17
24
30
25
21
16
11
6
17
25
13
7
22
43
54
40
43
36
23
25
33
44
38
15
-9
-13
-21
-46
-54
-56
-40
-26
-25
-22
-30
-16
-14
-23
-23
-34
-35
-29
-38
-48
-48
-39
-39
-43
-39
-34
-44
-35
-26
-21
-22
-19
-5
4
-6
-10
-2
-9
-2
0
-10
-13
-6
2
13
17
15
14
6
-2
0
3
18
27
32
33
25
29
36
39
33
45
47
55
56
50
58
56
55
44
50
49
43
36
20
29
27
30
28
26
28
15
8
12
-3
-6
-14
-25
-22
-19
-21
-19
-22
-39
-50
-42
-40
-33
-32
-43
-40
-42
-40
-37
-32
-34
-44
-46
-37
-25
-22
-25
-17
-23
-17
-17
-18
-28
-30
-32
-31
-33
-38
-27
-32
-29
-32
-26
-16
-18
-13
-12
-13
-15
-10
-13
-8
-3
-14
-6
-6
-3
-6
3
-2
-9
-3
-5
7
7
8
5
3
15
21
21
22
9
13
13
20
28
23
23
28
24
21
25
32
32
34
37
45
34
31
31
29
38
33
35
33
26
26
23
17
17
17
20
29
27
14
17
20
10
9
0
-2
5
-1
2
6
18
10
7
4
1
3
-2
-1
4
4
-4
3
-3
-13
-14
-20
-19
-12
-21
-25
-32
-31
-26
-27
-31
-30
-26
-31
-33
-31
-31
-25
-22
-23
-15
-5
-9
-9
-3
-2
-5
-15
-18
-22
-15
-19
-14
2
1
7
7
5
9
12
4
0
7
6
3
-6
-10
-10
-5
1
-2
10
4
6
8
15
11
9
12
17
20
21
22
15
23
16
22
27
29
32
37
39
35
29
25
24
23
5
-1
-3
-5
5
2
-4
-1
-4
-4
-8
1
3
-2
5
12
22
20
17
17
19
17
13
10
7
8
3
-2
-7
-7
-7
-8
-13
-7
-5
-6
0
-4
-9
-11
-15
-7
8
-5
-15
-13
-10
-9
-10
-10
-16
-15
-10
-11
-14
-4
-10
-8
10
4
7
5
0
-7
-1
-5
-9
-3
-2
-3
4
1
6
8
-1
3
4
-4
-7
-13
-12
-1
-12
-20
-25
-30
-32
-31
-36
-28
-20
-30
-26
-31
-34
-26
-39
-30
-28
-31
-18
-21
-19
-24
-34
-36
-41
-36
-30
-32
-27
-19
-35
-31
-30
-31
-26
-27
-18
-26
-31
-25
-11
-5
-3
14
12
15
14
13
10
19
13
9
5
10
10
9
19
25
35
43
50
50
59
65
72
76
72
75
78
75
79
76
73
59
53
57
57
50
43
32
35
36
32
20
22
30
17
16
19
12
-1
-16
-18
-13
-14
-17
-15
-12
-7
-8
-5
-3
-5
-6
-6
-6
-17
-23
-20
-23
-28
-33
-39
-37
-37
-35
-38
-44
-47
-53
-52
-50
-52
-48
-46
-55
-52
-46
-42
-42
-39
-40
-28
-21
-19
-16
-19
-14
-6
1
7
7
4
-5
0
8
-4
4
5
4
2
-2
0
-2
-6
-1
-3
8
11
8
2
10
15
22
24
20
23
23
22
20
22
23
29
35
36
26
33
34
23
30
23
22
27
26
25
29
29
27
26
20
17
19
34
34
39
32
37
38
37
35
21
23
15
14
14
11
9
3
-1
0
3
-1
4
-1
-4
-6
-5
-4
-8
-7
-13
-11
-21
-26
-26
-30
-36
-39
-34
-45
-38
-36
-40
-33
-25
-9
-8
-11
-13
-19
-26
-26
-30
-37
-35
-30
-29
-28
-20
-20
-16
-9
-4
-8
-5
-7
-3
0
5
6
13
9
3
14
1
5
7
7
15
15
23
24
26
14
23
26
23
24
11
13
10
5
-1
-2
-8
0
-4
-9
-11
-13
-16
-20
-14
-20
-15
-16
-14
-18
-18
-25
-25
-23
-33
-31
-26
-29
-30
-31
-19
-15
-12
-13
-13
-9
-16
-10
-15
-17
-13
-11
-10
-4
0
-5
-7
-12
-5
2
6
7
9
4
4
10
7
21
14
16
17
20
20
15
17
28
28
26
30
26
26
27
28
24
24
28
30
22
22
16
14
6
7
6
0
4
0
4
2
0
-3
4
3
0
5
-3
-6
-4
-8
-8
-14
-17
-13
-12
-7
-18
-12
-11
-9
-7
-7
-9
-6
6
13
10
17
18
12
13
12
14
10
1
-5
-3
-6
5
5
10
4
5
16
11
16
15
22
26
21
20
8
10
7
-3
1
-4
-7
1
5
3
0
-4
5
-6
-13
-5
-12
-8
-11
-16
-20
-28
-24
-14
-26
-27
-20
-17
-17
-13
-13
-8
-8
-13
-5
-6
-6
-2
-4
2
6
4
7
7
12
17
22
15
18
16
21
23
24
21
15
20
18
17
19
19
18
20
13
24
24
24
30
25
24
21
17
23
27
17
12
10
7
5
4
-4
-10
-8
-10
-16
-13
-14
-14
-20
-23
-21
-25
-28
-26
-25
-24
-29
-37
-39
-41
-39
-42
-41
-41
-38
-39
-29
-25
-23
-26
-27
-26
-26
-26
-24
-24
-21
-14
-15
-10
-4
-2
-3
2
3
6
9
3
14
22
22
28
22
24
25
23
22
17
17
9
6
12
6
6
8
10
17
11
8
11
10
10
10
-4
-4
-3
-4
-10
-10
-12
-17
-10
-4
-7
-11
-12
-17
-17
-13
-9
-10
-11
-9
-12
-3
-8
-15
-11
-9
-5
2
11
7
4
8
15
15
15
15
15
8
5
13
13
20
13
18
12
14
17
9
15
10
12
9
7
8
11
10
9
12
16
15
18
18
16
17
19
15
15
12
12
8
7
8
5
4
5
2
0
-3
-5
-6
-11
-11
-20
-22
-30
-29
-22
-20
-19
-21
-26
-17
-14
-19
-18
-9
-11
-13
-8
-14
-16
-10
-15
-11
-9
-10
-13
-10
-9
-14
-4
-5
-2
-1
-1
-4
5
3
6
8
4
6
2
10
4
12
11
4
7
8
2
10
4
2
8
-1
9
3
3
7
10
1
-1
3
8
9
4
12
7
13
13
5
11
5
10
7
4
9
14
14
12
14
22
22
19
15
16
14
18
20
12
14
10
18
13
17
11
8
12
7
12
-1
5
6
2
0
-4
-3
-6
-1
-8
-3
-7
-8
-3
-10
-17
-13
-10
-9
-15
-17
-8
-12
-10
-15
-15
-16
-11
-7
-8
-9
-13
-18
-24
-24
-25
-24
-20
-15
-22
-13
-10
-10
-8
-10
-5
-1
5
7
3
8
7
8
8
4
6
10
6
-3
3
1
9
2
6
10
11
12
11
6
11
8
3
11
5
11
3
0
1
-3
-5
-4
-4
-3
1
0
0
-8
-6
-10
-11
-11
-13
-19
-15
-10
-7
-6
-1
2
3
1
-1
1
7
10
8
6
0
-2
1
3
-4
-14
-14
-4
-6
-13
-9
-9
-6
-9
-5
-3
0
2
0
-6
-2
3
-3
2
-4
-1
-11
-12
-5
-12
-14
-20
-18
-17
-11
-7
-9
-2
-5
-4
-7
2
4
5
6
-1
2
-1
2
2
2
8
9
6
3
-1
1
-2
0
-1
5
1
-2
-3
-3
3
1
0
6
3
3
8
6
8
9
11
2
2
6
1
8
2
-3
0
6
9
9
10
13
11
14
17
19
15
12
12
9
13
5
1
-10
-3
-6
-2
-5
1
15
9
15
8
7
12
15
15
8
6
11
12
13
12
12
8
13
13
10
6
-1
2
-3
-4
-6
-2
3
-6
-4
-8
-8
-2
0
6
-2
2
-2
0
-3
-5
-10
-5
-5
-7
-6
-6
-3
-2
3
-1
-1
-1
1
-1
2
-2
-1
1
1
1
3
0
-6
-2
4
5
2
0
5
4
-1
2
-1
-2
2
-7
-5
-4
-2
2
-7
-1
1
3
3
6
5
4
7
-2
-4
-8
-13
-13
-13
-7
-12
-11
-4
-2
-11
-9
-13
-11
-9
-7
-1
0
4
3
2
4
-6
-2
-4
-6
-2
-4
-4
-10
-7
-10
-6
-12
-2
-2
-1
5
5
3
-3
6
3
6
3
1
6
15
15
16
15
15
17
13
18
14
13
16
14
1
0
3
7
8
4
-1
3
0
-2
-5
-5
-3
-2
-7
-2
-1
1
-3
-8
-2
-5
-11
-10
-15
-15
-13
-11
-8
-14
-14
-16
-14
-11
-11
-9
-5
-6
-9
-13
-9
-10
-14
-13
-18
-17
-14
-18
-19
-20
-17
-14
-13
-9
-4
-10
-7
-2
-3
-6
-9
-6
-6
-2
-8
-9
-7
-4
-9
-3
-5
-5
-5
-3
-1
5
3
2
8
4
11
9
7
6
4
8
4
1
2
6
10
10
7
4
4
7
5
-1
7
8
11
5
5
10
8
7
6
9
3
4
2
10
2
4
6
3
2
5
11
9
12
12
14
14
6
6
14
8
12
11
9
4
3
8
9
8
11
9
13
10
15
15
15
21
17
18
18
22
28
28
24
24
23
24
21
26
18
23
15
11
5
-2
3
1
2
-6
-5
-11
-12
-15
-15
-21
-20
-17
-20
-10
-18
-20
-21
-24
-21
-18
-21
-25
-24
-20
-22
-24
-19
-19
-16
-22
-19
-15
-22
-17
-10
-11
-12
-15
-10
-6
-9
-4
-3
-1
0
0
3
10
10
9
8
12
10
10
12
13
15
8
11
15
12
7
11
15
21
22
24
16
18
18
12
7
4
0
-4
0
-4
-9
-8
-7
-2
2
2
7
-2
-5
1
0
-4
-2
-4
3
1
0
4
6
6
-4
5
-2
-4
-5
-5
-3
0
5
-1
-6
-3
-5
-7
-5
-3
-3
-1
-1
-4
3
0
3
1
-8
-7
-9
-5
-6
-9
-12
-11
-8
-11
-13
-13
-7
-12
-13
-12
-15
-18
-15
-16
-11
-15
-13
-11
-11
-14
-11
-14
-11
-12
-16
-11
-17
-11
-10
-8
-9
-9
-11
-11
-8
-6
1
-4
-1
-4
4
3
2
4
1
6
4
7
3
9
10
7
9
11
13
6
7
6
4
2
2
1
3
2
-1
2
-2
7
8
10
9
12
17
13
17
15
21
17
9
13
10
10
9
5
7
5
6
6
3
11
11
9
8
11
6
3
6
6
3
3
6
5
2
0
4
2
-5
-3
-4
-4
-3
-15
-13
-14
-17
-16
-16
-13
-9
-16
-12
-10
-11
-6
-14
1
1
-4
6
-6
-8
-9
-2
3
-3
-2
0
0
5
5
1
1
8
16
11
16
8
4
5
4
5
11
14
9
5
10
11
6
6
3
3
1
7
8
9
6
10
13
8
9
12
2
7
6
5
7
4
8
4
-1
-4
-3
-4
2
-1
-3
3
0
4
8
8
12
12
11
15
15
14
17
21
16
18
19
19
7
10
8
7
12
3
-2
-6
-3
-8
-7
-10
-12
-13
-13
-12
-20
-21
-14
-10
-19
-18
-23
-19
-19
-20
-19
-20
-18
-16
-16
-16
-11
-11
-8
-8
-6
-7
-7
-4
-14
-5
-10
-8
-3
-5
-4
-4
2
2
6
5
5
10
10
11
10
10
11
8
9
5
3
1
0
-1
-9
-6
-3
-3
0
-2
-5
-1
-6
-4
-1
-3
-5
-5
-7
-12
-5
-8
-13
-17
-16
-13
-16
-17
-19
-18
-14
-8
-10
-12
-7
-12
-11
-7
-5
-10
-7
-3
-8
-6
-2
1
3
8
8
7
9
10
12
8
13
10
13
11
12
20
12
10
8
3
6
5
1
8
5
5
6
3
12
20
14
9
11
7
6
5
4
0
-5
0
-7
3
-3
-5
-4
-8
-2
-7
-2
-3
-2
1
-2
-5
-3
-10
-7
-7
-9
-13
-12
-13
-11
-7
-7
-2
-6
-7
-5
-6
0
-3
0
-3
-5
-7
-4
0
1
5
3
7
7
9
7
5
7
4
1
3
3
6
2
1
5
7
12
12
13
14
9
16
14
15
15
13
11
9
10
7
5
8
-1
6
5
3
0
1
3
2
15
15
12
7
5
-2
6
1
6
-1
-5
3
-4
3
-4
-3
1
0
-4
3
0
-1
6
0
3
3
1
-4
1
2
-3
-7
-13
-10
-11
-10
-7
0
0
2
5
5
5
7
4
7
9
7
12
10
12
11
15
8
10
7
10
13
12
11
8
9
-1
1
-4
-8
-6
-11
-8
-8
-12
-4
-9
-9
-12
-8
-9
-10
-8
-9
-8
-14
-22
-20
-14
-19
-15
-21
-14
-17
-13
-11
-9
-8
-11
-4
-4
-7
-4
-2
1
-4
-5
-7
-1
2
-2
-6
-5
-4
-2
0
-1
2
2
7
8
9
7
7
8
6
3
7
9
0
-6
-5
0
-5
2
1
2
0
-3
3
2
4
3
-3
-1
-4
2
-4
1
7
4
5
2
3
11
6
2
0
2
1
-1
2
-4
-6
-5
-6
-6
-7
-7
-5
-4
-6
-3
-1
-1
-6
-8
-5
-4
0
-4
-6
-6
-15
-8
-14
-10
-9
-8
-4
-5
1
-1
2
-1
0
5
1
2
2
2
2
3
3
3
9
7
6
6
4
4
5
2
0
-3
2
1
3
3
1
1
2
4
6
4
11
5
5
3
0
5
2
2
0
5
-1
1
0
5
6
5
9
1
2
-1
2
-4
-2
-1
6
6
2
0
-8
-2
2
5
0
-1
2
4
0
4
2
5
2
-2
-1
-2
-1
-4
-2
-7
0
-1
6
2
4
3
1
6
9
6
8
9
4
6
3
2
-3
-7
-11
-7
-6
-6
-7
1
1
-1
4
5
16
16
14
18
18
21
14
17
11
7
8
8
3
5
3
5
4
1
6
1
7
6
7
8
7
3
1
-2
-1
-4
-8
-5
-7
-11
-13
-21
-20
-12
-9
-11
-11
-10
-8
-8
-7
-6
-9
-12
-12
-8
-9
-15
-15
-17
-8
-5
-4
-1
0
2
3
2
3
3
7
5
3
4
6
8
3
-1
1
-3
-2
-3
-1
4
4
1
2
2
3
4
1
-1
2
0
-5
-6
-6
-5
-7
-7
-6
2
2
5
1
-4
-1
-1
6
5
0
3
-1
1
-2
-7
-3
2
3
2
2
11
14
16
17
15
18
15
20
19
21
13
5
11
7
9
4
7
-1
-2
4
5
-3
-1
3
-7
4
-7
-12
-13
-16
-8
-10
-9
-12
-13
-13
-12
-16
-10
-9
-6
-9
-6
-7
-10
-8
-11
-11
-14
-16
-19
-20
-23
-23
-22
-21
-19
-18
-14
-15
-11
-11
-12
-14
-9
-9
-15
-12
-16
-11
-14
-10
-10
-12
-6
-12
-9
-1
0
0
-2
-1
2
-1
4
6
2
7
1
4
7
9
14
14
14
14
19
21
22
19
25
26
24
24
23
20
24
22
20
16
15
17
11
14
13
15
15
14
14
12
17
21
12
16
13
9
4
2
-1
0
-4
0
-1
-3
2
0
0
-2
-5
-3
0
-2
-1
0
-2
0
0
-8
-6
-4
-6
-11
-9
-8
-7
-6
-12
-7
-12
-8
-10
-8
-9
-8
-4
1
0
4
7
5
3
8
8
6
10
10
13
10
14
18
14
13
13
8
10
4
-2
-1
1
-2
0
0
4
6
6
9
2
1
1
4
7
9
5
5
2
-4
-4
-1
-7
-4
-2
-6
-6
-6
-11
-16
-13
-8
-10
-6
-13
-19
-11
-10
-5
-6
-10
-14
-11
-13
-9
-4
-6
-3
-13
-11
-4
-7
-3
-8
-12
-9
-12
-10
-11
-9
-3
-7
-1
1
-2
1
3
8
10
13
12
9
1
-6
-6
-10
-10
-11
-9
-9
-13
-12
-9
-8
-5
-1
3
5
9
9
3
6
0
4
1
-3
-2
-3
-1
-2
-4
-3
2
0
4
2
4
8
8
9
7
4
0
2
1
1
0
0
-3
4
2
0
5
4
1
1
3
6
5
5
2
-3
0
-5
-3
-5
-8
-3
-4
-4
-4
-2
4
4
5
4
1
4
1
-1
0
-1
-10
-10
-13
-13
-16
-15
-12
-10
-11
-4
-3
-3
1
5
0
4
-1
1
6
2
3
-2
-1
-7
-8
-4
0
1
4
-1
4
5
4
10
11
11
5
7
5
-1
4
9
1
4
3
2
8
5
11
14
11
8
7
8
7
3
-6
0
-4
-2
4
1
4
14
6
9
8
3
9
7
14
11
13
11
4
8
4
0
0
5
2
0
-2
-3
3
6
7
5
2
1
10
6
6
6
1
-1
-2
-4
-4
-4
-10
-3
-5
-3
-2
3
2
-2
-1
3
0
4
7
1
-3
0
4
2
0
-4
-3
4
4
6
6
9
5
7
7
8
5
2
2
1
-4
-3
2
-2
4
4
-1
2
-5
-4
-4
-4
-5
-10
-11
-11
-13
-4
-11
-10
-15
-10
-12
-13
-8
-9
-7
-11
-7
-10
-1
-6
-7
-5
-8
-3
-8
-7
-7
-6
-6
-9
-2
-5
1
-2
-1
3
1
3
3
3
11
14
6
6
3
3
4
0
-5
-7
-7
-7
-9
-3
-1
-2
-2
-1
-1
-6
-5
-1
3
-7
-3
-5
-4
-3
-7
-9
-8
-4
-4
-4
-5
-1
-1
2
8
12
7
10
9
6
10
3
6
2
2
6
3
6
4
3
10
6
3
6
2
2
0
2
-3
-5
-8
-5
-8
-12
-10
-12
-9
-10
-7
-6
-5
-3
-5
-8
-5
-4
-4
-7
-4
-7
-7
-9
-7
-6
-7
-6
-1
-2
-4
0
2
4
0
1
2
11
4
6
1
-5
1
5
6
6
10
13
10
13
19
17
14
12
11
9
6
5
3
6
-2
-7
-11
-8
-1
-8
-2
-5
3
2
9
5
-1
9
3
4
3
1
1
8
0
2
2
0
-1
0
2
5
9
4
8
4
6
14
8
6
6
1
1
-2
-2
-3
-5
-4
0
-5
-9
-7
-4
-6
-6
-1
-4
-5
-5
-6
-4
-3
-7
-4
-4
-7
-4
-7
1
-4
-1
6
2
6
5
8
13
9
13
10
10
11
10
6
6
3
3
5
4
2
-1
4
-1
8
8
5
9
9
11
5
8
1
4
6
-4
2
0
-2
-4
-7
-5
-6
1
3
4
5
1
-3
-5
-1
1
3
-3
-3
-7
-8
-6
-5
-1
-2
2
0
0
-2
3
3
-1
0
-1
-5
-10
-10
-9
-11
-6
-10
-5
-6
-5
-1
1
3
3
3
4
7
4
4
1
1
-5
0
-1
2
3
0
0
0
5
-1
3
3
7
3
5
1
0
-3
-7
-4
-9
-5
-8
-5
-6
-5
-8
-5
-8
-9
-8
-8
-7
-5
0
-5
-1
-4
-4
-2
-8
-6
-4
-4
-7
-8
-3
-1
-1
-7
-4
-3
2
1
1
2
-3
0
0
-1
-3
-5
-4
-1
-5
-6
-2
-4
-1
-7
-1
-3
-8
-1
-10
-5
-7
-6
-4
-7
-8
-11
-6
-8
-5
-5
-7
-5
-11
-9
-14
-9
-4
-2
-4
-8
-1
-2
-1
-8
0
2
0
3
1
3
4
5
5
5
8
10
13
11
10
6
9
2
1
-3
-6
1
3
3
7
10
10
10
14
12
12
16
12
13
10
14
8
10
16
14
19
17
16
16
14
16
9
16
19
10
8
11
10
10
12
13
15
11
10
11
10
10
11
11
13
9
7
4
-2
-2
-5
-5
-6
-9
-7
-7
-5
-2
0
0
1
-6
-5
-4
-2
-6
-5
-9
-15
-15
-18
-14
-21
-12
-18
-21
-13
-16
-11
-9
-11
-11
-11
-7
-9
-6
-3
-11
-9
-7
-4
-2
-7
-5
-5
-3
-3
2
0
6
7
1
3
1
3
2
5
0
-2
3
5
4
2
4
5
7
5
3
5
5
4
6
3
2
1
3
1
-1
0
-2
-2
-2
1
-2
4
7
5
6
4
4
7
3
3
4
7
0
-3
0
-4
1
2
2
3
5
8
10
13
5
9
11
9
6
1
0
0
1
2
1
2
-1
2
4
4
6
8
5
5
6
4
2
-5
-4
-3
-5
-4
-8
-5
-3
2
-2
-2
2
7
8
9
8
4
1
2
-1
-6
-11
-10
-12
-12
-13
-17
-11
-12
-9
-9
-8
-12
-7
-6
-9
-12
-14
-18
-18
-22
-18
-18
-20
-19
-23
-19
-21
-20
-11
-12
-9
-12
-14
-15
-16
-12
-20
-14
-17
-13
-11
-19
-15
-17
-15
-8
-15
-12
-10
-11
-5
1
0
-1
-1
3
5
3
-1
7
4
8
8
8
8
10
12
12
19
23
26
31
33
30
32
29
24
24
22
21
22
21
18
22
20
18
11
13
18
14
22
21
25
20
20
22
16
14
16
14
14
10
10
8
5
2
2
4
1
1
1
0
-1
-2
-5
-5
-8
-10
-12
-14
-16
-16
-18
-20
-21
-24
-17
-12
-10
-8
-10
-11
-7
-7
-10
-10
-15
-10
-11
-12
-11
-15
-12
-13
-9
-10
-7
0
4
4
3
6
5
-1
2
1
3
7
6
6
10
15
15
12
8
15
16
19
13
14
13
12
12
14
6
7
7
3
8
2
0
-2
3
1
4
