SAMPLES:	7774
BITSPERSAMPLE:	16
CHANNELS:	1
SAMPLERATE:	16000
NORMALIZED:	FALSE
-10
-9
-7
-5
-4
-6
-4
-10
-2
4
9
5
2
-2
-5
-3
-8
-3
1
-1
-6
-4
-3
-10
-9
-15
-19
-20
-26
-31
-32
-36
-29
-30
-36
-34
-35
-32
-30
-36
-33
-36
-26
-32
-27
-24
-23
-16
-21
-12
-19
-20
-14
-17
-19
-21
-23
-30
-28
-26
-18
-16
-13
-8
-11
2
8
18
21
22
24
24
24
27
26
30
29
22
33
18
16
23
27
25
40
46
50
57
71
91
104
133
150
163
176
180
184
187
175
172
148
136
113
76
51
25
-13
-39
-63
-78
-93
-117
-130
-128
-136
-147
-151
-155
-152
-148
-143
-140
-139
-145
-137
-128
-118
-102
-78
-64
-40
-22
-3
14
21
34
38
36
29
12
4
-2
-13
-26
-37
-33
-33
-25
-17
-22
-17
-4
5
2
7
10
5
4
-8
-3
-11
-12
-11
-15
-10
4
0
3
4
13
21
20
12
4
-10
-19
-32
-53
-64
-65
-76
-85
-83
-79
-66
-55
-56
-55
-40
-35
-18
-7
0
22
40
46
55
77
93
108
118
132
150
161
183
195
210
225
245
273
309
359
403
441
468
489
504
516
508
481
441
391
317
222
132
52
-46
-150
-263
-358
-442
-494
-543
-571
-576
-588
-581
-575
-553
-544
-512
-476
-449
-420
-385
-336
-283
-222
-162
-97
-35
29
95
156
199
236
249
251
241
220
178
118
58
-14
-89
-159
-228
-271
-306
-333
-328
-308
-272
-226
-158
-84
-3
68
137
204
260
306
338
355
361
359
349
332
313
289
244
203
153
99
42
-19
-78
-142
-198
-262
-315
-366
-400
-411
-412
-393
-358
-305
-245
-187
-128
-57
9
78
140
193
237
272
306
336
361
372
372
375
357
338
316
296
279
252
235
210
188
185
180
189
210
253
332
416
498
572
640
705
740
743
710
641
544
405
228
30
-174
-363
-563
-769
-954
-1091
-1178
-1241
-1274
-1257
-1202
-1124
-1037
-949
-838
-698
-567
-452
-354
-249
-126
-12
92
184
279
383
477
552
607
643
671
658
613
535
427
306
171
22
-144
-304
-448
-567
-648
-701
-719
-688
-631
-543
-434
-288
-132
28
192
331
459
569
675
749
809
833
840
820
772
713
639
554
444
316
165
14
-142
-298
-445
-573
-686
-775
-832
-868
-867
-812
-740
-638
-511
-352
-182
-15
167
313
450
557
649
713
747
765
757
735
706
655
583
492
397
315
232
130
50
-32
-125
-181
-229
-246
-247
-237
-173
-64
86
254
405
549
695
827
916
929
893
813
690
488
218
-51
-305
-541
-820
-1085
-1294
-1425
-1496
-1548
-1546
-1490
-1377
-1235
-1084
-920
-737
-548
-375
-231
-93
48
195
333
443
537
623
714
772
809
841
848
801
715
595
458
305
114
-79
-277
-479
-672
-845
-958
-1031
-1061
-1036
-964
-848
-702
-527
-317
-83
147
347
545
722
880
1031
1114
1171
1203
1188
1143
1066
943
796
614
396
165
-62
-268
-460
-645
-798
-921
-1011
-1043
-1030
-964
-854
-713
-556
-391
-196
-16
169
327
464
583
673
745
793
831
819
798
746
688
622
541
448
345
220
100
-18
-122
-220
-323
-385
-449
-476
-476
-440
-349
-193
19
253
450
625
824
1012
1156
1188
1137
1068
947
727
433
98
-204
-493
-815
-1131
-1380
-1543
-1629
-1673
-1686
-1627
-1502
-1337
-1153
-977
-774
-560
-356
-191
-51
94
248
384
491
590
688
782
835
873
903
918
874
777
645
470
297
98
-113
-342
-567
-784
-956
-1082
-1168
-1178
-1167
-1078
-945
-766
-559
-328
-83
149
377
573
783
959
1097
1188
1233
1241
1220
1143
1026
889
719
526
324
109
-116
-332
-543
-725
-899
-1016
-1094
-1111
-1080
-1000
-873
-721
-549
-363
-150
52
253
432
595
715
810
872
910
910
887
845
788
705
614
522
414
299
158
32
-102
-206
-317
-424
-509
-552
-571
-582
-541
-451
-293
-65
188
445
672
882
1097
1265
1373
1381
1302
1191
1011
738
399
47
-273
-605
-957
-1277
-1503
-1615
-1684
-1715
-1684
-1586
-1419
-1227
-1037
-819
-599
-373
-180
-3
151
312
475
596
691
770
844
904
953
968
954
893
791
643
464
270
50
-177
-422
-668
-903
-1095
-1245
-1344
-1389
-1372
-1294
-1175
-995
-777
-545
-269
6
241
491
718
938
1106
1217
1291
1315
1299
1243
1127
991
820
603
354
83
-170
-407
-646
-861
-1037
-1165
-1217
-1238
-1200
-1092
-945
-746
-542
-309
-77
162
394
584
741
858
935
985
991
970
934
856
764
659
542
449
346
226
104
-21
-128
-237
-336
-451
-536
-595
-622
-619
-584
-503
-366
-137
145
438
700
944
1187
1408
1570
1620
1560
1437
1273
1001
643
272
-99
-453
-830
-1186
-1487
-1667
-1750
-1799
-1787
-1705
-1541
-1337
-1129
-914
-661
-403
-157
42
203
367
557
689
803
873
932
993
1017
1012
950
872
753
586
382
166
-62
-302
-551
-833
-1061
-1250
-1401
-1482
-1509
-1482
-1415
-1283
-1102
-868
-613
-328
-41
235
495
734
938
1120
1270
1337
1372
1343
1283
1172
1016
830
626
374
93
-167
-433
-668
-889
-1071
-1226
-1307
-1321
-1281
-1174
-1014
-797
-568
-326
-65
195
448
673
845
983
1074
1125
1130
1091
1010
908
789
643
522
386
250
126
10
-106
-220
-320
-414
-490
-544
-593
-622
-614
-574
-506
-405
-193
64
356
644
903
1140
1376
1585
1703
1706
1610
1453
1240
917
496
70
-328
-696
-1074
-1448
-1717
-1851
-1909
-1923
-1881
-1738
-1504
-1237
-981
-718
-427
-157
80
287
469
642
820
940
1023
1087
1120
1127
1091
1023
946
824
646
427
191
-39
-291
-551
-815
-1053
-1253
-1412
-1505
-1541
-1526
-1451
-1339
-1172
-949
-677
-398
-90
208
480
742
935
1133
1305
1403
1440
1426
1356
1242
1074
860
607
336
32
-283
-571
-851
-1104
-1315
-1456
-1539
-1541
-1479
-1342
-1151
-901
-622
-327
-4
307
591
833
1017
1140
1219
1233
1228
1146
1018
887
735
588
437
282
158
44
-72
-163
-268
-346
-413
-476
-536
-579
-592
-585
-541
-486
-378
-229
7
300
612
921
1180
1426
1652
1831
1903
1832
1673
1466
1167
750
273
-172
-610
-1040
-1457
-1820
-2050
-2144
-2170
-2145
-2034
-1826
-1518
-1208
-902
-593
-256
76
346
545
725
917
1057
1141
1189
1207
1224
1196
1127
1022
887
726
515
266
1
-262
-529
-804
-1066
-1293
-1471
-1579
-1638
-1626
-1551
-1442
-1256
-1028
-767
-456
-143
168
459
742
990
1211
1406
1557
1629
1611
1566
1454
1311
1075
805
508
172
-176
-551
-869
-1157
-1399
-1570
-1680
-1711
-1643
-1521
-1310
-1038
-749
-423
-75
268
578
850
1057
1219
1308
1325
1297
1223
1121
980
809
643
469
301
150
-5
-119
-227
-342
-431
-525
-603
-653
-704
-733
-712
-666
-599
-491
-330
-111
188
543
883
1179
1410
1674
1897
2011
1973
1810
1619
1331
924
425
-86
-540
-975
-1410
-1845
-2151
-2275
-2316
-2285
-2195
-1999
-1689
-1360
-1031
-704
-361
-3
311
564
758
953
1145
1255
1325
1347
1357
1349
1292
1194
1044
865
646
378
76
-230
-522
-817
-1082
-1324
-1530
-1678
-1763
-1745
-1648
-1519
-1336
-1084
-791
-474
-139
199
526
815
1075
1291
1467
1605
1673
1681
1611
1504
1349
1122
842
525
199
-143
-502
-864
-1181
-1443
-1654
-1808
-1887
-1854
-1734
-1536
-1247
-907
-549
-156
224
603
929
1183
1379
1505
1542
1508
1401
1257
1097
887
670
473
287
115
-37
-177
-283
-379
-459
-513
-554
-586
-631
-667
-679
-656
-593
-511
-412
-253
-15
306
667
1022
1311
1545
1804
2008
2095
2033
1851
1624
1311
862
315
-223
-718
-1168
-1625
-2044
-2341
-2470
-2460
-2428
-2310
-2072
-1739
-1361
-991
-618
-240
135
474
739
958
1156
1319
1418
1456
1440
1416
1370
1274
1140
960
745
487
211
-97
-404
-702
-982
-1239
-1474
-1655
-1782
-1834
-1800
-1701
-1544
-1331
-1045
-735
-401
-53
285
625
933
1199
1406
1583
1719
1802
1800
1743
1617
1439
1208
913
577
202
-203
-590
-983
-1333
-1632
-1873
-2022
-2082
-2046
-1908
-1652
-1314
-921
-496
-65
362
763
1098
1354
1539
1653
1663
1585
1441
1268
1072
835
596
376
168
1
-140
-257
-346
-421
-475
-523
-555
-598
-636
-679
-701
-679
-640
-569
-464
-308
-81
225
602
992
1358
1661
1931
2185
2322
2327
2173
1903
1574
1166
608
12
-559
-1069
-1543
-2022
-2394
-2591
-2637
-2599
-2469
-2241
-1914
-1512
-1105
-704
-297
90
463
769
995
1180
1310
1398
1462
1461
1407
1338
1250
1124
956
738
496
229
-67
-376
-683
-981
-1264
-1513
-1723
-1885
-1970
-1986
-1920
-1781
-1573
-1319
-982
-598
-221
144
522
887
1209
1467
1660
1814
1916
1935
1879
1751
1561
1336
1052
699
310
-104
-523
-914
-1287
-1621
-1889
-2045
-2134
-2132
-2012
-1802
-1485
-1102
-685
-249
199
637
1001
1309
1535
1664
1719
1688
1571
1412
1196
978
723
478
269
52
-109
-258
-353
-439
-519
-563
-606
-633
-654
-661
-675
-665
-645
-572
-440
-289
-106
136
481
868
1280
1625
1900
2153
2368
2510
2474
2260
1968
1623
1181
610
-32
-628
-1147
-1635
-2108
-2501
-2719
-2766
-2704
-2573
-2359
-2009
-1581
-1133
-700
-281
144
535
859
1103
1289
1451
1535
1572
1549
1456
1350
1218
1051
829
588
346
89
-200
-500
-800
-1091
-1357
-1571
-1785
-1952
-2028
-2060
-2009
-1876
-1685
-1417
-1072
-710
-331
65
476
896
1255
1544
1761
1942
2072
2101
2030
1864
1640
1374
1033
626
190
-238
-663
-1084
-1479
-1782
-1997
-2138
-2185
-2125
-1953
-1688
-1346
-956
-539
-102
346
744
1072
1335
1526
1652
1703
1637
1514
1348
1148
931
696
484
274
96
-51
-189
-293
-402
-474
-507
-568
-622
-677
-715
-726
-707
-683
-619
-494
-329
-124
134
466
869
1309
1695
1981
2224
2465
2623
2590
2395
2089
1738
1288
673
13
-617
-1169
-1672
-2193
-2616
-2854
-2902
-2850
-2726
-2484
-2117
-1643
-1188
-727
-266
174
591
926
1164
1352
1487
1560
1587
1541
1445
1313
1187
1025
828
611
376
140
-121
-409
-711
-989
-1257
-1502
-1735
-1937
-2072
-2119
-2081
-1980
-1810
-1569
-1238
-846
-417
12
463
884
1286
1611
1859
2077
2224
2249
2167
2002
1757
1473
1098
661
218
-221
-675
-1099
-1471
-1767
-1991
-2137
-2186
-2127
-1975
-1732
-1413
-1038
-630
-212
212
587
924
1193
1397
1536
1601
1570
1457
1338
1172
985
770
556
354
167
16
-141
-271
-368
-476
-552
-625
-701
-756
-805
-814
-826
-830
-760
-628
-439
-231
-11
296
700
1178
1615
1959
2247
2491
2692
2759
2645
2375
2022
1614
1080
399
-297
-918
-1461
-1993
-2506
-2873
-3008
-2995
-2880
-2675
-2367
-1935
-1437
-939
-447
29
466
853
1154
1347
1478
1566
1609
1577
1479
1352
1223
1100
932
761
561
345
103
-169
-467
-771
-1067
-1339
-1620
-1911
-2115
-2268
-2333
-2291
-2176
-1981
-1679
-1290
-831
-344
178
688
1188
1611
1951
2218
2406
2502
2476
2331
2107
1828
1496
1075
603
133
-327
-769
-1197
-1560
-1861
-2060
-2175
-2213
-2168
-2029
-1785
-1466
-1107
-714
-302
119
528
865
1153
1387
1554
1619
1609
1552
1455
1320
1152
936
722
511
304
135
-39
-207
-379
-534
-658
-772
-886
-964
-1027
-1057
-1042
-1006
-913
-752
-535
-303
-41
301
740
1231
1702
2076
2379
2634
2827
2921
2813
2552
2177
1730
1187
504
-212
-876
-1463
-2010
-2530
-2933
-3103
-3098
-2966
-2763
-2461
-2020
-1516
-1010
-528
-80
355
723
1023
1244
1384
1468
1509
1509
1427
1328
1230
1147
1039
874
677
476
264
-2
-320
-645
-977
-1322
-1677
-1997
-2258
-2423
-2512
-2509
-2388
-2177
-1852
-1408
-884
-329
246
805
1329
1802
2169
2439
2636
2721
2669
2479
2221
1911
1525
1079
578
92
-382
-820
-1221
-1564
-1817
-2017
-2153
-2196
-2156
-2022
-1810
-1529
-1210
-848
-464
-65
341
701
1031
1306
1526
1655
1728
1732
1697
1600
1438
1230
999
750
500
267
9
-259
-511
-737
-927
-1082
-1226
-1328
-1398
-1396
-1365
-1278
-1135
-922
-649
-359
-37
336
777
1257
1742
2170
2495
2725
2913
3044
3022
2802
2427
1979
1466
835
117
-592
-1231
-1801
-2318
-2773
-3072
-3144
-3081
-2922
-2669
-2325
-1868
-1366
-874
-412
17
424
789
1055
1256
1392
1508
1572
1559
1494
1422
1353
1216
1073
896
662
410
105
-245
-605
-991
-1379
-1761
-2115
-2413
-2635
-2753
-2749
-2616
-2406
-2090
-1650
-1120
-532
81
678
1265
1770
2191
2511
2720
2833
2813
2659
2405
2095
1725
1301
828
344
-115
-543
-936
-1295
-1613
-1878
-2076
-2182
-2235
-2188
-2059
-1843
-1565
-1247
-861
-451
-2
459
883
1235
1554
1815
1996
2092
2094
2019
1882
1688
1439
1145
792
452
106
-231
-571
-866
-1117
-1321
-1474
-1578
-1622
-1608
-1534
-1417
-1243
-1017
-745
-433
-91
283
666
1058
1507
1968
2400
2711
2916
3055
3127
3112
2894
2503
2024
1488
863
163
-562
-1255
-1847
-2368
-2823
-3155
-3291
-3247
-3102
-2844
-2529
-2098
-1591
-1064
-564
-118
302
666
992
1244
1423
1550
1628
1642
1603
1520
1423
1297
1132
919
640
345
-10
-378
-770
-1161
-1577
-1981
-2313
-2590
-2773
-2875
-2849
-2707
-2446
-2083
-1617
-1064
-447
174
770
1347
1856
2273
2545
2719
2796
2732
2549
2291
2000
1668
1294
856
409
1
-374
-749
-1120
-1408
-1639
-1855
-2032
-2139
-2148
-2060
-1901
-1698
-1420
-1058
-627
-149
331
798
1233
1619
1956
2185
2331
2380
2342
2184
1923
1591
1222
828
397
-55
-480
-850
-1171
-1435
-1661
-1764
-1795
-1772
-1696
-1567
-1340
-1064
-780
-488
-171
184
527
859
1194
1545
1904
2263
2575
2819
2943
2997
3009
2901
2650
2223
1723
1176
557
-124
-842
-1508
-2089
-2562
-2969
-3274
-3388
-3339
-3155
-2883
-2543
-2106
-1588
-1046
-531
-46
413
822
1184
1438
1618
1732
1791
1779
1699
1566
1387
1179
943
668
334
-13
-379
-761
-1168
-1581
-1958
-2275
-2538
-2739
-2857
-2856
-2736
-2516
-2182
-1767
-1263
-714
-126
462
1021
1535
1967
2303
2514
2636
2662
2618
2457
2234
1948
1593
1224
830
417
11
-369
-748
-1101
-1412
-1674
-1877
-2034
-2111
-2099
-2025
-1865
-1619
-1288
-887
-433
32
508
987
1431
1809
2091
2296
2388
2361
2253
2036
1727
1369
948
521
56
-379
-770
-1114
-1368
-1577
-1715
-1773
-1744
-1658
-1518
-1330
-1096
-837
-551
-271
39
353
661
987
1267
1549
1815
2073
2353
2591
2770
2829
2775
2683
2522
2248
1869
1358
805
223
-392
-1014
-1617
-2114
-2528
-2848
-3092
-3193
-3131
-2934
-2633
-2258
-1845
-1382
-853
-348
125
560
935
1229
1470
1605
1674
1691
1642
1516
1322
1083
814
512
196
-138
-485
-844
-1203
-1529
-1829
-2069
-2260
-2396
-2468
-2469
-2376
-2203
-1938
-1606
-1233
-808
-351
124
585
1005
1382
1730
2001
2175
2286
2302
2271
2171
1983
1731
1468
1173
840
475
110
-240
-606
-934
-1239
-1500
-1690
-1828
-1908
-1912
-1813
-1641
-1392
-1066
-699
-290
153
592
1022
1368
1658
1880
2018
2069
1990
1835
1616
1324
966
577
192
-178
-529
-817
-1079
-1275
-1393
-1465
-1460
-1413
-1326
-1185
-1009
-788
-547
-298
-38
227
500
767
1027
1270
1504
1713
1887
2050
2203
2344
2433
2450
2359
2210
2031
1781
1458
1034
557
67
-418
-918
-1402
-1856
-2217
-2511
-2713
-2833
-2823
-2673
-2439
-2143
-1811
-1410
-961
-488
-50
344
696
983
1191
1312
1352
1327
1255
1109
908
657
392
121
-137
-406
-678
-937
-1154
-1341
-1516
-1637
-1736
-1781
-1806
-1770
-1707
-1606
-1445
-1250
-1012
-746
-455
-125
223
575
901
1196
1467
1709
1883
1976
2016
1971
1867
1687
1473
1224
953
663
358
43
-241
-512
-753
-957
-1107
-1215
-1283
-1298
-1260
-1172
-1050
-880
-651
-396
-123
148
430
692
915
1103
1246
1340
1358
1294
1175
1015
812
574
318
55
-208
-447
-666
-837
-967
-1045
-1086
-1064
-1018
-922
-790
-605
-410
-213
0
210
434
620
819
978
1148
1294
1429
1533
1619
1717
1804
1892
1940
1937
1844
1730
1600
1400
1122
746
347
-55
-487
-930
-1387
-1778
-2103
-2361
-2532
-2618
-2596
-2452
-2223
-1942
-1601
-1221
-796
-378
7
323
594
802
956
1024
1007
956
829
687
504
298
108
-95
-285
-465
-610
-747
-893
-1003
-1111
-1221
-1329
-1414
-1466
-1475
-1474
-1433
-1344
-1206
-1020
-788
-512
-177
167
503
830
1154
1464
1701
1874
1983
2027
1998
1899
1732
1535
1297
1048
783
515
247
-9
-230
-453
-638
-799
-912
-999
-1056
-1066
-1077
-1009
-917
-796
-631
-449
-233
-5
232
446
640
811
951
1038
1060
1022
960
858
718
550
369
152
-59
-249
-425
-558
-665
-750
-786
-783
-756
-675
-572
-448
-294
-127
42
222
395
545
706
861
1005
1127
1233
1351
1427
1482
1552
1625
1683
1692
1623
1475
1317
1134
912
583
199
-214
-599
-987
-1399
-1754
-2046
-2236
-2382
-2454
-2428
-2275
-2034
-1764
-1463
-1135
-773
-389
-47
237
447
611
722
760
734
634
523
404
250
79
-100
-246
-349
-465
-568
-679
-767
-834
-922
-1008
-1084
-1151
-1195
-1224
-1223
-1194
-1112
-973
-780
-537
-274
49
386
731
1067
1373
1642
1857
2014
2099
2101
2014
1871
1663
1399
1119
821
527
229
-18
-232
-413
-555
-649
-704
-733
-753
-769
-749
-711
-666
-624
-577
-531
-451
-350
-223
-71
84
264
425
585
713
796
874
885
857
762
629
481
282
87
-117
-312
-482
-642
-740
-787
-802
-773
-713
-593
-443
-278
-77
112
301
476
623
760
887
990
1071
1115
1155
1159
1151
1142
1107
1061
1019
989
945
867
750
607
442
284
96
-150
-408
-630
-837
-1058
-1290
-1454
-1561
-1607
-1639
-1621
-1551
-1434
-1261
-1107
-919
-746
-569
-421
-290
-192
-125
-84
-60
-67
-109
-171
-221
-243
-297
-353
-405
-427
-440
-478
-489
-497
-493
-500
-511
-499
-479
-441
-401
-350
-265
-183
-75
60
206
375
509
659
802
911
995
1083
1137
1142
1126
1073
1025
943
853
748
655
581
475
391
333
293
267
219
167
117
76
29
-39
-106
-199
-268
-347
-400
-429
-447
-440
-413
-346
-266
-170
-72
44
167
254
287
310
340
350
324
268
189
97
35
-44
-116
-168
-187
-188
-168
-139
-101
-15
51
102
130
167
204
217
212
192
173
137
103
70
54
42
50
78
103
172
234
316
427
553
690
790
882
929
946
933
867
762
573
352
108
-173
-453
-750
-1040
-1294
-1515
-1704
-1825
-1881
-1876
-1824
-1722
-1612
-1458
-1279
-1092
-891
-728
-587
-454
-326
-207
-102
-4
69
157
247
336
425
517
606
644
667
668
647
583
480
350
196
19
-138
-303
-441
-536
-610
-639
-642
-596
-474
-317
-136
66
288
497
710
894
1064
1207
1305
1369
1376
1354
1313
1248
1144
1034
923
780
622
454
296
133
-57
-230
-413
-571
-713
-829
-925
-996
-1013
-1005
-933
-821
-678
-526
-337
-126
77
287
459
618
742
834
879
884
849
796
709
584
451
317
165
5
-153
-303
-452
-600
-716
-824
-906
-967
-983
-964
-909
-816
-694
-545
-359
-134
85
301
524
734
914
1084
1219
1306
1348
1366
1347
1310
1238
1123
967
776
568
354
113
-161
-452
-747
-1001
-1261
-1494
-1716
-1870
-1974
-2040
-2042
-1989
-1863
-1676
-1437
-1187
-922
-634
-352
-69
157
350
504
617
694
718
690
639
589
520
423
325
235
161
91
13
-69
-162
-233
-315
-385
-449
-484
-513
-517
-492
-431
-333
-195
-14
178
368
566
767
944
1100
1195
1267
1292
1268
1193
1101
963
807
645
468
325
181
72
-21
-83
-128
-133
-123
-121
-90
-56
-21
-7
2
10
9
18
23
17
15
33
58
79
131
160
174
191
195
180
133
70
-36
-147
-288
-423
-553
-691
-775
-851
-885
-893
-863
-791
-674
-527
-376
-205
-23
147
305
439
541
601
632
627
600
562
488
404
300
199
116
8
-66
-131
-179
-226
-277
-308
-309
-289
-233
-148
-62
27
100
177
265
351
412
436
429
406
351
273
170
61
-64
-184
-308
-426
-541
-633
-720
-820
-895
-975
-1030
-1065
-1097
-1114
-1112
-1080
-1024
-926
-807
-652
-455
-255
-31
209
462
703
901
1067
1194
1271
1305
1283
1198
1065
910
741
535
330
134
-48
-213
-374
-486
-578
-627
-644
-633
-576
-516
-434
-328
-194
-46
108
274
461
637
821
976
1120
1260
1357
1416
1456
1460
1404
1291
1129
944
724
482
219
-59
-331
-603
-855
-1076
-1251
-1384
-1485
-1530
-1536
-1488
-1379
-1231
-1055
-864
-644
-414
-190
33
241
443
609
762
873
958
1007
996
953
855
725
566
393
196
-44
-309
-569
-799
-999
-1186
-1330
-1425
-1464
-1439
-1380
-1271
-1089
-868
-628
-365
-77
198
464
722
940
1140
1281
1404
1468
1522
1551
1572
1560
1507
1424
1300
1176
995
789
540
252
-46
-358
-652
-962
-1254
-1493
-1686
-1824
-1906
-1915
-1845
-1707
-1522
-1303
-1048
-776
-486
-204
52
295
501
678
801
880
913
916
881
808
696
589
469
331
192
59
-74
-195
-321
-444
-518
-583
-623
-642
-623
-579
-501
-385
-260
-136
9
165
315
461
574
685
787
853
887
900
904
882
852
810
732
662
575
502
407
316
219
116
25
-68
-146
-221
-282
-342
-390
-425
-437
-440
-408
-389
-336
-286
-232
-169
-117
-68
-14
15
30
32
27
15
-33
-71
-152
-222
-298
-387
-468
-530
-588
-645
-662
-679
-669
-650
-594
-527
-454
-367
-279
-190
-116
-41
32
103
145
183
205
233
249
276
298
332
385
419
478
533
606
654
709
747
773
797
790
788
773
760
762
734
711
667
617
572
522
451
350
238
109
-28
-184
-338
-501
-666
-812
-959
-1093
-1185
-1255
-1294
-1308
-1293
-1239
-1161
-1049
-916
-752
-592
-412
-211
-37
131
257
383
485
544
576
578
556
520
455
376
288
200
130
39
-28
-89
-143
-194
-239
-278
-315
-329
-345
-347
-359
-354
-311
-264
-187
-88
29
181
350
524
707
864
999
1107
1188
1214
1186
1121
1017
871
690
509
311
136
-31
-182
-311
-414
-491
-559
-607
-645
-678
-700
-725
-756
-767
-771
-773
-760
-722
-657
-573
-467
-356
-225
-88
53
186
286
360
407
424
420
375
305
200
97
-12
-128
-233
-328
-415
-460
-470
-470
-436
-384
-294
-193
-65
52
185
305
429
523
606
677
731
765
775
797
797
803
794
813
819
826
822
790
765
734
695
655
592
523
445
324
207
66
-75
-221
-373
-500
-630
-722
-803
-878
-927
-951
-967
-985
-1003
-1007
-1013
-1019
-1011
-1015
-1010
-992
-948
-891
-794
-685
-558
-432
-289
-132
4
127
231
307
369
407
420
428
423
408
379
354
326
312
303
286
264
249
212
175
139
85
37
-10
-41
-68
-88
-97
-70
-22
45
96
176
263
337
414
472
521
565
583
584
572
537
508
467
423
361
308
238
170
95
0
-90
-213
-324
-443
-539
-629
-725
-781
-818
-817
-814
-754
-674
-585
-470
-355
-214
-86
33
143
240
315
382
431
453
461
444
409
361
310
246
188
126
80
27
-13
-29
-22
-12
2
35
68
101
131
172
194
220
250
285
322
364
406
438
486
528
568
613
641
660
656
643
605
545
470
380
286
194
109
19
-84
-182
-281
-381
-489
-610
-708
-795
-894
-982
-1053
-1124
-1163
-1182
-1184
-1181
-1151
-1107
-1053
-964
-864
-751
-624
-498
-352
-232
-110
7
125
235
309
372
403
424
425
413
387
353
309
289
257
223
210
196
191
173
158
147
139
112
86
59
21
-7
-23
-26
-3
14
39
88
164
243
314
389
462
524
565
607
621
618
600
582
536
490
416
332
257
178
110
24
-31
-79
-132
-174
-208
-231
-257
-276
-289
-285
-296
-306
-313
-333
-334
-330
-311
-278
-245
-186
-119
-47
38
137
237
332
405
456
497
505
485
450
385
296
197
95
8
-96
-188
-267
-339
-391
-398
-391
-379
-354
-324
-276
-230
-161
-117
-60
2
52
101
148
183
220
261
286
309
342
362
376
381
384
359
330
297
247
185
114
49
-19
-79
-152
-232
-304
-387
-469
-553
-639
-702
-754
-786
-820
-817
-803
-770
-736
-689
-653
-587
-512
-462
-389
-329
-254
-186
-111
-18
55
135
206
280
336
384
416
436
438
414
389
355
313
254
206
158
140
114
99
90
84
94
102
115
117
128
151
168
192
204
222
236
248
259
271
279
281
274
264
262
249
238
227
235
226
222
214
210
206
183
167
156
140
120
104
85
76
82
64
57
33
13
6
-18
-39
-67
-103
-117
-156
-191
-206
-218
-230
-236
-242
-238
-241
-236
-229
-229
-214
-206
-201
-201
-179
-171
-156
-154
-141
-121
-111
-108
-111
-100
-92
-81
-68
-46
-24
3
42
72
102
113
121
124
131
125
117
89
73
57
45
31
17
25
40
59
78
109
131
159
182
200
209
220
217
231
223
199
170
114
46
-29
-117
-213
-300
-395
-477
-543
-597
-629
-633
-639
-616
-585
-540
-477
-426
-367
-294
-221
-138
-52
39
131
222
317
402
459
501
529
524
511
473
414
341
274
198
133
66
9
-59
-117
-165
-203
-218
-229
-214
-203
-173
-135
-75
9
84
158
242
309
382
439
469
486
492
482
476
438
407
366
324
291
240
195
126
51
-21
-106
-182
-249
-314
-358
-401
-422
-420
-409
-385
-336
-293
-233
-195
-156
-105
-64
-16
-8
-2
10
22
22
9
-4
-19
-64
-88
-114
-140
-143
-146
-145
-143
-132
-121
-125
-121
-120
-120
-115
-118
-115
-122
-101
-80
-49
-3
46
116
180
225
270
304
321
330
312
285
236
189
138
82
26
-28
-68
-106
-144
-161
-160
-152
-121
-99
-54
12
85
151
226
307
378
436
488
504
497
471
409
347
257
167
64
-58
-171
-272
-361
-442
-502
-551
-578
-596
-603
-592
-558
-530
-477
-427
-353
-259
-185
-89
-5
85
178
258
328
393
447
482
486
483
477
449
405
348
283
201
108
8
-103
-208
-305
-387
-468
-535
-559
-579
-568
-535
-481
-396
-311
-205
-95
1
106
209
283
362
411
449
480
480
484
457
426
383
327
265
213
154
94
44
-26
-72
-134
-191
-231
-290
-325
-356
-379
-389
-379
-358
-323
-270
-187
-104
-4
78
147
220
269
312
309
308
274
221
163
86
33
-30
-81
-121
-161
-185
-217
-235
-257
-269
-272
-250
-235
-223
-189
-150
-101
-48
2
47
105
158
218
278
326
370
402
438
451
451
438
404
355
290
209
132
55
-11
-66
-105
-125
-129
-121
-102
-65
-12
50
107
161
217
279
329
369
398
416
429
416
396
368
314
238
142
57
-28
-129
-220
-295
-380
-451
-523
-591
-652
-718
-756
-791
-809
-807
-775
-737
-666
-567
-464
-353
-240
-127
-28
63
126
190
233
255
253
244
225
177
135
80
25
-32
-92
-155
-205
-243
-268
-275
-274
-255
-225
-185
-138
-93
-48
-2
44
102
149
204
273
330
385
446
496
538
568
592
591
568
541
481
407
341
253
172
89
12
-62
-136
-192
-241
-282
-315
-337
-342
-323
-280
-246
-183
-123
-66
2
50
107
150
188
195
195
187
186
160
142
110
75
52
25
4
-8
-33
-63
-91
-107
-111
-115
-113
-121
-104
-87
-66
-36
-9
11
47
86
118
163
202
246
266
291
310
308
301
292
261
227
195
163
139
107
84
51
42
26
28
13
-4
-23
-40
-43
-48
-49
-36
-12
-4
12
26
24
20
16
-19
-66
-135
-212
-290
-373
-440
-520
-563
-610
-634
-662
-681
-688
-690
-684
-672
-632
-592
-512
-434
-335
-246
-141
-46
38
121
183
229
263
281
285
285
279
273
248
243
216
192
170
124
90
46
3
-34
-76
-93
-122
-131
-121
-79
-35
-10
47
103
171
240
306
376
431
487
543
585
605
619
617
582
531
477
393
307
219
122
40
-46
-105
-158
-185
-209
-222
-221
-227
-220
-224
-223
-208
-187
-158
-123
-84
-33
21
78
119
148
185
209
217
227
212
194
173
151
127
84
45
-3
-48
-89
-144
-194
-229
-259
-270
-285
-286
-266
-239
-178
-129
-78
-18
16
64
111
147
172
197
225
237
236
229
224
208
170
123
58
-10
-68
-151
-225
-274
-338
-384
-412
-426
-427
-427
-413
-396
-377
-340
-301
-256
-196
-120
-52
23
92
141
194
250
283
302
289
240
206
151
102
52
-5
-43
-83
-114
-138
-162
-192
-222
-235
-244
-255
-233
-204
-176
-129
-90
-53
-13
20
51
71
91
111
125
144
173
186
203
209
212
207
191
150
112
66
15
-39
-80
-121
-140
-145
-138
-121
-94
-55
-15
30
72
119
170
207
242
284
332
365
388
401
401
381
358
329
281
235
174
117
73
38
5
-23
-74
-104
-143
-171
-202
-225
-232
-247
-246
-238
-223
-193
-162
-142
-119
-78
-47
-15
31
61
109
140
182
212
224
221
200
168
122
71
39
-6
-47
-83
-116
-142
-177
-186
-199
-201
-206
-202
-188
-179
-157
-141
-120
-97
-86
-59
-36
-19
-20
-18
-17
-35
-32
-50
-67
-98
-131
-141
-173
-183
-196
-206
-211
-214
-213
-201
-194
-184
-160
-132
-97
-42
13
67
123
175
206
243
264
271
287
290
301
298
297
275
258
234
213
181
166
141
110
90
61
42
24
-4
-24
-38
-51
-64
-57
-45
-32
-28
-25
-7
9
5
14
16
31
34
40
46
35
24
7
-4
-26
-46
-73
-80
-86
-92
-91
-93
-96
-85
-75
-70
-51
-58
-55
-55
-55
-48
-33
-9
13
34
50
64
70
75
62
54
46
37
18
13
9
5
1
-9
-4
-27
-44
-64
-81
-84
-92
-93
-88
-73
-66
-63
-62
-47
-25
-8
9
26
51
64
80
82
92
79
78
64
44
32
-12
-43
-90
-130
-156
-180
-188
-193
-181
-178
-180
-177
-177
-172
-158
-130
-90
-39
16
58
95
116
132
147
148
168
191
205
212
211
203
195
168
132
111
81
55
38
22
20
8
-6
-7
4
39
63
91
114
121
123
111
103
85
75
72
90
123
137
156
170
161
144
131
108
96
71
49
24
-2
-43
-78
-119
-166
-190
-211
-232
-238
-220
-217
-204
-194
-194
-183
-167
-146
-109
-85
-59
-56
-35
-39
-51
-58
-81
-73
-70
-53
-37
-22
-19
-28
-48
-60
-78
-77
-81
-81
-69
-51
-38
-43
-39
-41
-42
-30
-3
22
49
86
131
176
199
217
216
208
206
181
172
154
137
125
107
83
62
34
4
-25
-57
-75
-92
-113
-127
-140
-141
-142
-141
-143
-139
-128
-135
-138
-146
-143
-131
-98
-83
-50
-23
1
9
19
27
34
31
26
11
-6
-10
-2
22
33
56
66
74
80
84
82
97
100
110
114
122
127
121
113
94
71
64
57
60
55
70
95
116
144
146
148
143
137
147
149
158
152
146
118
98
67
31
16
-13
-36
-64
-78
-77
-83
-95
-106
-116
-127
-128
-135
-143
-149
-150
-152
-140
-122
-125
-134
-136
-126
-124
-132
-132
-142
-123
-111
-81
-40
-34
-7
10
16
2
-6
-25
-47
-57
-55
-55
-55
-43
-43
-36
-24
-31
-20
-15
-26
-14
-18
2
20
36
64
91
112
119
109
104
96
86
90
98
101
97
96
90
84
67
51
16
-19
-51
-79
-87
-99
-104
-96
-80
-72
-62
-58
-71
-60
-57
-57
-40
-33
-17
1
12
26
36
30
36
35
47
50
44
50
59
60
73
72
68
58
54
50
23
8
-5
-27
-27
-16
-6
12
27
50
59
68
81
89
101
111
128
125
127
123
101
90
66
46
17
-4
-19
-34
-51
-62
-59
-55
-46
-39
-44
-51
-58
-63
-79
-94
-96
-104
-104
-95
-90
-77
-60
-59
-45
-40
-36
-20
-6
13
30
24
21
13
4
1
-18
-30
-47
-65
-78
-73
-65
-54
-29
-10
15
48
66
81
90
99
98
91
97
86
84
91
77
77
84
76
81
68
60
50
38
23
11
10
-1
-9
-23
-45
-69
-81
-99
-115
-119
-132
-135
-130
-114
-99
-76
-52
-41
-27
-13
-7
3
9
14
4
3
-6
-27
-38
-51
-42
-49
-61
-58
-69
-68
-68
-77
-64
-61
-46
-40
-18
-2
-1
8
14
17
28
34
45
61
73
85
84
95
96
86
86
81
75
82
69
57
43
22
12
0
-11
-20
-39
-66
-72
-85
-103
-105
-113
-110
-99
-85
-76
-71
-58
-43
-33
-13
5
32
44
60
76
90
112
115
117
118
105
107
105
89
86
86
84
78
78
63
67
66
57
49
37
19
10
23
32
31
34
31
33
37
31
38
32
25
28
43
57
67
63
56
50
45
38
23
20
12
6
-1
-3
-11
-3
-19
-28
-24
-32
-40
-44
-49
-63
-65
-71
-62
-67
-76
-65
-66
-60
-51
-57
-49
-40
-38
-38
-44
-46
-39
-40
-43
-46
-44
-45
-39
-37
-45
-50
-62
-74
-90
-108
-112
-115
-121
-121
-123
-120
-123
-129
-133
-122
-122
-125
-122
-114
-102
-87
-81
-71
-57
-49
-43
-47
-30
-13
4
21
43
66
76
102
113
123
118
117
103
84
68
58
44
34
27
8
4
-7
-23
-40
-43
-47
-38
-27
-25
-5
17
41
64
74
85
95
98
110
130
138
161
173
187
200
202
210
205
210
204
206
199
175
163
138
110
94
71
51
29
9
-2
-12
-23
-35
-30
-35
-27
-17
-9
1
9
36
55
64
72
67
67
59
37
21
12
1
-9
-11
-33
-39
-58
-77
-93
-114
-122
-124
-128
-140
-160
-170
-186
-178
-172
-166
-158
-147
-125
-116
-97
-76
-50
-32
-10
-1
10
19
22
21
16
3
-3
-13
-25
-35
-45
-58
-71
-74
-91
-108
-115
-126
-135
-148
-140
-138
-128
-115
-109
-92
-88
-77
-61
-38
-19
-7
18
40
61
83
88
90
95
93
81
65
64
55
40
42
36
35
27
10
-17
-33
-40
-49
-52
-49
-40
-26
-16
-9
-4
-1
17
21
29
46
58
59
75
91
115
134
146
157
149
141
134
115
105
83
63
60
63
58
56
50
33
40
34
29
31
33
51
75
95
102
99
90
94
95
86
89
80
70
82
84
83
74
61
51
46
30
13
-2
-12
-17
-23
-28
-28
-35
-42
-48
-48
-53
-63
-48
-54
-50
-53
-46
-48
-52
-48
-41
-36
-30
-24
-37
-40
-44
-53
-66
-79
-90
-98
-103
-107
-117
-124
-131
-141
-143
-144
-127
-116
-104
-92
-88
-81
-78
-71
-72
-59
-53
-35
-21
-13
-7
-12
-14
-35
-41
-58
-66
-75
-78
-77
-75
-56
-51
-33
-36
-17
-18
-16
-19
-14
1
2
14
19
41
52
54
63
61
65
63
55
49
51
47
49
38
42
61
53
38
27
16
9
6
-8
-2
9
15
28
43
60
62
67
71
81
93
103
127
138
151
156
164
158
147
134
103
92
69
59
43
38
48
40
41
37
31
36
30
19
12
18
16
14
20
28
38
28
30
26
23
19
27
31
38
45
44
52
48
43
20
-9
-35
-62
-91
-118
-144
-153
-158
-164
-165
-175
-166
-161
-167
-152
-136
-114
-89
-72
-41
-29
-11
-1
5
7
13
10
4
8
-1
2
4
-10
-24
-38
-52
-61
-82
-83
-96
-101
-98
-101
-103
-96
-84
-80
-62
-51
-21
-6
9
21
37
64
78
103
120
125
124
118
111
103
91
74
66
54
42
34
27
29
16
19
16
18
23
20
26
25
29
35
39
39
44
46
47
41
42
46
39
41
39
34
32
16
-3
-19
-34
-40
-55
-61
-63
-74
-81
-83
-86
-85
-83
-78
-72
-66
-56
-46
-35
-18
-8
18
28
42
53
59
53
51
50
53
50
44
40
31
19
6
0
-16
-42
-56
-76
-90
-88
-88
-88
-84
-75
-64
-46
-36
-24
-5
10
30
45
59
77
90
104
107
116
109
103
110
101
96
79
63
51
31
22
6
-6
-7
-11
-17
-29
-42
-43
-49
-52
-52
-47
-37
-30
-18
-6
7
13
20
41
42
48
54
41
45
39
29
30
26
17
8
-6
-14
-24
-32
-42
-51
-46
-47
-43
-39
-41
-37
-30
-37
-30
-19
-10
2
-2
13
24
37
44
48
42
24
27
21
12
0
-7
-22
-35
-39
-49
-56
-60
-68
-79
-88
-92
-77
-78
-78
-64
-60
-49
-48
-49
-40
-44
-42
-36
-31
-18
-14
-6
-7
-1
11
19
18
10
-1
8
2
-2
-14
-17
-29
-27
-36
-46
-34
-41
-34
-32
-26
-18
-5
1
15
33
53
63
68
72
78
82
79
87
81
77
71
65
64
54
50
44
45
39
35
41
43
56
51
50
45
46
49
47
54
48
53
52
51
55
55
61
68
61
58
56
58
53
50
49
43
42
27
13
5
-1
-11
-16
-22
-24
-26
-29
-31
-37
-38
-43
-45
-49
-47
-46
-38
-29
-23
-27
-19
-6
0
-9
-12
-2
-7
-9
-19
-13
-27
-28
-29
-31
-41
-50
-56
-51
-49
-54
-62
-65
-63
-72
-71
-65
-64
-68
-69
-69
-71
-61
-60
-51
-47
-53
-46
-55
-54
-57
-59
-57
-54
-59
-71
-70
-70
-68
-66
-67
-59
-60
-59
-48
-42
-36
-31
-19
-10
1
10
19
21
22
29
31
39
38
50
51
58
50
51
57
62
59
59
71
67
68
61
61
61
61
60
67
75
75
69
72
77
75
81
81
77
85
79
95
96
92
97
92
93
94
83
69
63
53
51
38
38
23
18
11
8
7
2
5
8
8
3
14
11
16
22
24
30
27
21
22
17
18
19
7
3
-9
-9
-8
-22
-24
-29
-39
-41
-49
-55
-63
-71
-78
-83
-91
-100
-107
-102
-102
-105
-94
-90
-79
-70
-67
-68
-60
-50
-48
-42
-32
-31
-35
-33
-41
-37
-43
-56
-61
-74
-83
-83
-88
-94
-97
-97
-97
-102
-98
-93
-90
-87
-82
-73
-53
-46
-28
-20
-11
-5
-4
12
6
16
20
32
39
51
52
53
61
62
68
61
58
54
52
51
45
44
37
44
49
45
47
49
55
59
58
51
47
61
56
67
66
71
78
71
72
76
84
89
85
87
93
94
103
95
103
97
91
85
83
76
71
58
52
52
46
53
49
43
40
43
43
42
32
32
32
31
31
19
17
22
4
0
-11
-20
-23
-37
-41
-50
-49
-42
-45
-46
-45
-41
-37
-37
-35
-44
-43
-54
-47
-44
-56
-55
-60
-66
-76
-80
-76
-79
-84
-81
-79
-91
-103
-113
-113
-115
-116
-112
-119
-113
-122
-119
-115
-113
-104
-102
-81
-69
-58
-57
-43
-40
-35
-29
-30
-21
-24
-14
-22
-26
-19
-20
-9
-8
1
10
13
16
7
15
21
18
27
20
18
21
18
16
17
21
24
27
32
34
38
51
51
51
61
67
79
78
80
78
84
83
82
77
82
85
86
74
71
71
71
69
63
67
65
67
59
58
52
54
57
52
59
60
51
61
59
67
67
63
66
61
69
77
75
71
67
51
49
40
35
23
14
14
3
-1
6
-6
-5
-9
-16
-18
-22
-23
-33
-39
-44
-41
-65
-69
-74
-83
-85
-89
-87
-90
-98
-90
-82
-85
-79
-86
-81
-73
-67
-68
-75
-74
-71
-80
-80
-76
-77
-71
-61
-57
-55
-57
-54
-55
-60
-57
-63
-60
-61
-70
-73
-76
-73
-73
-75
-79
-77
-66
-64
-54
-40
-39
-29
-13
-6
7
16
29
37
34
39
39
49
50
59
53
50
52
57
55
53
55
51
51
54
58
59
57
55
52
52
44
48
43
47
62
54
61
67
64
74
75
79
90
95
97
97
95
93
89
79
72
72
63
61
47
41
42
36
37
30
28
24
28
16
12
-1
-5
-1
0
6
-8
6
11
4
4
0
10
9
15
10
3
5
-4
-5
-14
-20
-31
-37
-38
-40
-38
-46
-55
-58
-63
-68
-65
-72
-73
-68
-68
-62
-67
-65
-63
-60
-55
-59
-49
-44
-37
-39
-41
-36
-36
-40
-45
-46
-55
-43
-46
-49
-49
-52
-46
-51
-55
-54
-71
-75
-70
-68
-59
-61
-49
-52
-45
-36
-36
-27
-25
-16
-6
-5
-1
5
10
13
17
10
14
16
20
32
28
43
48
51
58
55
51
51
56
61
62
64
64
68
68
72
76
72
77
77
76
73
66
64
64
70
59
59
62
59
58
46
58
47
52
52
50
51
41
36
27
26
18
13
10
9
-3
-9
-12
-14
-9
-22
-24
-17
-24
-21
-24
-24
-17
-23
-30
-32
-30
-28
-40
-44
-46
-50
-53
-56
-52
-49
-49
-47
-42
-34
-26
-30
-31
-31
-30
-34
-35
-33
-33
-35
-31
-31
-25
-26
-30
-20
-28
-25
-26
-23
-21
-20
-1
5
6
5
10
16
22
26
36
37
34
33
32
31
19
20
12
2
0
-2
-1
-3
-2
-1
-3
-4
-7
-10
-2
0
-3
-2
-13
-8
-12
-12
-11
-14
-8
-10
-11
-8
-4
-5
-8
-2
-4
-1
9
9
16
13
8
2
-1
-1
-1
2
3
2
2
2
3
8
11
12
14
18
21
22
23
24
25
27
28
28
32
24
21
21
19
26
18
16
0
15
8
10
5
1
-1
-4
5
-10
-13
-16
-19
-25
-26
-28
-25
-28
-25
-32
-32
-29
-34
-27
-37
-30
-25
-18
-18
-12
-7
-6
1
-1
3
3
-2
0
2
1
-1
3
1
1
7
15
29
28
36
40
41
46
37
42
40
35
39
34
26
24
25
20
15
20
13
10
12
13
6
5
10
7
7
5
1
-2
3
-4
-7
0
-7
-14
-10
-12
-10
-4
-4
-5
-12
-14
-10
-9
-9
-12
-6
-7
-20
-23
-23
-26
-29
-28
-30
-24
-21
-16
-16
-17
-13
-9
-6
-11
-5
-3
2
11
4
3
4
8
4
-3
-2
-7
-8
-7
-8
-11
-13
-19
-13
-15
-11
-14
-18
-14
-25
-22
-27
-30
-26
-26
-23
-18
-13
-22
-19
-13
-20
-12
-14
-13
-11
-8
-3
-9
-6
-6
0
-10
-6
-8
-11
-7
-17
-16
-14
-21
-20
-14
-19
-9
-13
-13
-5
-2
4
11
14
20
23
22
26
20
27
27
24
26
32
38
40
41
44
44
45
43
45
49
49
46
46
53
47
48
41
32
36
31
32
29
21
24
25
26
24
20
24
19
23
26
16
21
15
12
14
18
11
8
15
19
18
8
14
17
8
1
-2
-6
4
3
10
10
7
9
6
6
-2
2
1
-3
4
-4
-10
-13
-21
-23
-25
-33
-48
-53
-57
-60
-65
-67
-74
-74
-81
-82
-79
-82
-77
-84
-79
-81
-78
-69
-64
-58
-51
-47
-47
-43
-39
-39
-41
-43
-42
-45
-44
-37
-39
-35
-40
-45
