SAMPLES:	10959
BITSPERSAMPLE:	16
CHANNELS:	1
SAMPLERATE:	16000
NORMALIZED:	FALSE
2
5
3
4
6
-3
-3
-5
2
0
0
1
8
8
9
2
2
-1
-5
-5
-9
-2
-8
-8
-14
-16
-21
-14
-12
-12
-10
-9
-8
-10
-4
-5
-6
-2
-9
-14
-9
-2
-9
-7
-8
-14
-10
-7
-14
-14
-9
-6
-2
3
2
-4
-2
-9
-14
-8
0
1
-2
2
-7
-4
2
1
8
8
6
3
5
4
4
8
5
6
8
17
9
10
8
9
14
17
21
21
17
22
21
25
22
14
11
8
13
5
7
14
16
11
14
10
3
9
4
2
-1
1
3
2
9
4
6
6
10
10
12
8
3
4
0
-3
-2
-2
1
5
0
-5
-1
-3
-3
-1
-3
-1
5
-3
-1
-3
-10
-1
2
-1
4
6
3
-5
-4
-2
1
4
-1
-1
-6
-2
-2
-1
0
-6
-6
-8
-10
-7
-1
2
3
-1
2
1
-5
-6
-9
-8
-6
-5
-3
-2
-4
-2
-2
-6
-1
-2
-10
-3
-11
-17
-16
-9
-11
-10
-5
-6
-11
-14
-17
-15
-18
-19
-24
-24
-15
-14
-13
-14
-4
-9
-4
-9
-5
3
-5
-1
-7
-3
0
-4
3
3
4
-1
6
1
-5
1
6
4
4
10
8
3
11
17
7
8
4
6
6
2
0
7
7
5
8
3
8
13
12
8
7
12
11
6
6
7
6
0
5
6
3
-5
1
1
-4
-1
-3
1
7
-4
-2
11
8
15
3
-2
3
6
5
5
6
7
7
-1
1
8
5
10
7
5
4
0
-4
-3
-3
-12
-13
-8
-3
-4
-7
-1
5
-4
-4
5
7
4
7
-1
5
-1
1
-4
-1
-4
-10
-8
-20
-12
-4
-3
-15
-6
-5
-16
-11
-11
-18
-22
-24
-25
-24
-12
-17
-20
-18
-13
-13
-16
-13
-16
-12
-9
2
2
2
-6
1
-4
3
3
-2
-6
-7
0
-1
3
7
12
8
13
16
12
6
15
13
14
8
7
9
5
3
6
11
7
8
10
13
6
9
4
6
9
8
15
12
6
7
4
13
5
5
3
1
17
12
17
13
11
10
7
-1
5
13
12
16
13
11
12
13
12
9
6
9
14
5
3
5
3
4
8
-2
-1
0
6
8
5
9
8
10
5
6
2
6
8
1
1
-5
-8
2
0
-5
0
-8
-10
-7
-8
-6
-3
-2
-2
1
1
0
-4
-5
-8
-7
-6
-1
-4
-10
-14
-13
-9
-14
-16
-10
-10
-10
-18
-13
-8
-10
-11
-14
-18
-19
-17
-12
-10
-6
-9
-8
-10
-9
-17
-17
-15
-13
-7
-11
-8
-9
-4
-2
0
-2
-3
-4
-4
1
-8
0
0
-3
4
1
7
0
-3
0
-1
-3
-9
-7
-1
0
-4
-2
0
-6
-3
6
13
13
3
4
5
5
12
9
9
17
8
1
1
-3
7
5
7
7
9
5
8
4
0
5
60
65
6
-13
-13
-10
1
-3
-13
-3
8
6
2
3
-1
1
27
130
89
-9
-49
-58
-30
-47
-70
-62
-43
33
166
152
67
33
24
31
-2
-54
-54
-55
-92
-110
-90
-69
-53
-34
-20
7
35
79
93
38
-7
-19
-2
2
-9
-45
-97
-105
-133
-109
-73
-62
-26
39
62
64
68
47
45
59
99
141
163
155
122
41
21
44
11
24
47
38
42
47
27
-11
-60
-64
-61
-75
-93
-142
-212
-284
-397
-428
-355
-251
-147
-77
-32
31
93
146
295
387
330
300
243
192
165
106
64
56
56
80
87
35
-26
-58
-11
75
26
-5
32
21
-8
-27
-56
27
124
48
-72
-136
-219
-285
-295
-304
-162
-111
-86
-74
-100
-102
-73
-41
18
52
48
142
147
-18
-131
-77
11
85
177
120
116
120
26
93
123
26
144
251
165
130
-59
-137
-136
-85
-5
63
56
74
161
65
47
99
94
150
169
77
30
-67
-213
-158
-94
-140
-145
-96
-53
-36
-97
-132
-32
-20
-15
0
13
44
19
-15
-35
-18
43
60
44
65
102
173
152
193
141
-42
-40
-11
-1
-35
-136
-131
-94
-122
-139
-92
-59
-45
-48
-84
-72
-118
-107
-76
-117
-80
-89
-146
-143
-93
-101
-74
-4
32
93
114
65
95
149
152
191
198
183
161
137
159
157
171
159
159
125
46
-42
-116
-91
-104
-155
-155
-164
-214
-271
-254
-197
-175
-164
-143
-55
9
9
32
51
82
85
88
152
205
155
86
80
64
82
63
51
71
49
-5
-40
-38
4
13
4
0
-10
-19
-62
-55
10
0
-38
14
33
26
-19
-12
-2
12
-12
22
39
-37
-86
-64
-28
-1
55
33
43
21
-22
-22
-19
-52
-8
25
37
43
-6
-2
0
-9
22
47
54
33
29
-7
-87
-56
5
-1
-11
-16
-26
-59
-62
-41
-39
-5
24
8
-15
14
-61
-69
-63
-67
-32
-36
-15
-1
-32
-35
4
61
94
81
64
47
1
-31
-5
27
29
-5
-9
-31
-29
-13
12
20
0
16
9
-16
2
-54
-72
-21
10
45
41
44
45
67
42
30
45
46
75
80
75
45
33
17
17
32
24
38
10
-28
-41
-77
-85
-39
9
-10
-23
-16
37
21
-9
-4
-37
-10
-1
-46
-82
-91
-112
-111
-59
11
12
-47
-56
-30
4
31
35
29
24
4
8
13
13
0
12
14
8
40
28
-18
-35
-34
14
31
33
45
-3
-17
-10
40
36
11
8
14
42
8
23
45
11
-1
-14
-29
-49
-39
-30
-19
-6
-30
-8
-1
-32
-52
-69
-67
-16
35
39
21
4
8
-38
-26
10
-6
14
29
50
40
21
10
17
24
37
78
76
48
35
7
-33
4
49
71
92
54
87
117
103
102
59
25
67
76
27
-26
-11
10
-79
-82
-21
-36
-33
-47
-89
-48
-30
-22
-17
-52
-45
-34
-3
16
46
63
-10
-20
16
15
1
-20
0
37
-7
-34
-28
5
14
-9
-35
-15
-9
-3
24
-23
-25
-9
-21
-15
30
12
-20
-17
-39
-54
-70
-79
-40
-41
-75
-62
-13
-16
-60
-99
-122
-89
-54
-43
-89
-160
-137
-59
-74
-54
-67
-76
-45
-6
-22
-88
-100
-51
-23
-44
-54
-60
-35
-24
19
34
4
30
49
44
44
31
8
22
30
25
55
44
17
74
86
12
-46
-59
-32
-40
-35
-38
-33
10
49
103
107
108
127
138
163
159
177
196
214
223
200
183
175
181
199
228
207
162
139
92
74
80
48
30
7
-2
-1
-34
-51
-54
-63
-61
-29
-26
-48
-46
-17
3
5
29
33
35
43
33
20
10
-20
-78
-87
-67
-69
-89
-106
-108
-114
-109
-111
-106
-84
-90
-101
-105
-111
-112
-115
-116
-99
-89
-89
-77
-86
-133
-110
-108
-101
-68
-41
-60
-51
-39
-66
-56
-41
-52
-60
-40
-15
-6
-11
8
10
25
47
61
57
73
81
60
51
53
43
31
29
31
29
23
13
-2
2
3
-10
-14
-27
-20
-22
-35
-41
-58
-29
-27
-16
26
51
15
-17
25
-2
-47
-6
22
-3
2
-36
-72
-3
42
-96
-128
-85
-128
-40
62
11
-109
-114
-93
-44
26
15
17
63
92
69
34
61
118
161
165
112
127
210
196
176
179
178
229
297
340
333
362
396
277
158
197
119
57
98
21
-51
-70
-66
-135
-131
-109
-154
-129
-151
-197
-151
-104
-128
-174
-156
-94
-19
-15
-87
-10
103
14
-68
-38
24
76
52
0
2
48
-1
-71
-62
-49
-14
-28
-37
-38
-98
-103
-83
-54
-15
16
-3
-32
-20
-34
-27
-40
-60
-151
-208
-194
-208
-218
-183
-171
-151
-101
-85
-88
-73
-58
-14
77
103
97
159
187
152
112
64
91
160
176
71
6
17
14
-26
-151
-207
-145
-117
-165
-210
-196
-143
-142
-179
-155
-55
10
36
-1
-3
63
120
141
92
53
65
102
78
49
44
39
34
-37
-87
-43
-9
-29
-82
-137
-112
-50
-72
-131
-132
-55
-11
-104
-145
-84
29
15
-82
-31
79
144
116
108
92
104
163
173
153
115
157
219
176
149
131
150
207
221
183
160
202
213
205
196
146
115
199
216
120
63
87
123
136
94
45
91
82
-7
-24
11
12
17
43
41
-1
13
1
-37
-56
-31
-4
-26
-84
-130
-139
-138
-107
-97
-72
-2
5
-46
-83
-69
-12
23
33
18
-12
11
72
50
-10
-58
-58
-9
-27
-81
-169
-179
-162
-256
-312
-294
-266
-270
-327
-391
-405
-379
-360
-357
-330
-272
-279
-300
-257
-225
-232
-200
-149
-132
-54
-24
-51
-25
-5
3
7
12
51
97
112
74
78
130
154
155
130
121
173
177
137
167
169
161
171
173
157
177
186
131
133
144
104
104
114
93
110
103
73
111
163
107
29
42
92
162
158
112
69
127
179
167
141
141
159
194
177
124
134
202
202
126
78
94
148
112
72
116
120
128
159
127
36
52
84
76
105
116
58
56
44
10
1
-20
-8
-15
-37
-99
-128
-109
-64
-95
-176
-170
-92
-16
32
27
-15
-35
-24
17
47
88
117
96
74
41
2
-17
6
-29
-59
-95
-152
-188
-239
-315
-410
-417
-402
-403
-433
-481
-544
-572
-575
-595
-603
-539
-463
-448
-480
-476
-437
-375
-320
-285
-247
-225
-144
-100
-110
-64
-15
14
54
93
106
140
174
195
208
272
322
291
258
253
270
325
375
344
320
288
242
229
217
204
202
169
134
107
69
90
87
57
52
59
77
132
137
94
100
126
157
174
200
188
177
200
178
164
187
199
194
207
166
162
199
218
199
195
224
215
246
237
222
196
174
190
215
212
185
125
41
75
99
78
30
6
34
33
0
-64
-137
-166
-151
-33
78
147
168
28
-37
17
102
269
377
377
302
202
194
180
142
123
53
4
-1
-128
-271
-392
-531
-608
-641
-667
-690
-737
-846
-970
-1036
-1016
-949
-889
-874
-876
-844
-815
-772
-656
-555
-506
-438
-364
-279
-200
-161
-121
-69
8
114
171
195
216
239
273
287
359
486
538
496
439
380
418
484
459
424
409
388
333
282
212
178
160
134
125
127
110
29
8
-14
-19
64
101
122
96
54
72
137
186
205
262
283
263
284
234
235
358
392
318
248
253
309
278
205
211
250
277
242
232
249
229
210
224
203
255
322
264
209
158
113
101
100
52
18
25
-30
-135
-107
89
235
337
310
105
93
219
380
554
563
459
340
294
274
239
244
214
95
-49
-198
-326
-412
-563
-736
-868
-915
-959
-1052
-1178
-1351
-1405
-1386
-1373
-1336
-1308
-1290
-1281
-1251
-1159
-1004
-868
-773
-702
-639
-486
-293
-154
-59
8
67
160
248
353
421
457
510
545
624
740
785
754
717
645
646
739
787
736
630
471
354
340
340
309
207
121
19
-54
-53
-87
-127
-165
-225
-231
-152
-96
-79
-117
-124
-55
64
177
212
236
264
298
386
490
575
555
467
461
525
574
568
540
520
480
419
379
396
472
415
250
213
235
235
284
193
53
38
-6
-36
-34
-37
-129
-226
-143
57
287
432
306
-8
-27
216
485
719
694
512
368
312
341
406
449
396
205
-22
-174
-262
-353
-554
-754
-897
-993
-1033
-1164
-1388
-1568
-1592
-1575
-1557
-1523
-1546
-1590
-1589
-1549
-1370
-1101
-951
-905
-880
-805
-616
-387
-191
-22
75
115
189
307
426
540
652
751
817
938
1033
974
953
865
778
948
1011
890
763
554
396
375
424
331
144
31
-121
-268
-230
-244
-300
-331
-451
-490
-434
-358
-295
-279
-288
-244
-152
-42
75
165
218
325
479
570
671
736
750
787
825
873
938
961
882
804
725
694
689
622
545
468
417
353
292
220
127
86
6
-65
-127
-235
-299
-197
16
231
355
168
-187
-190
137
505
737
642
380
238
253
300
399
485
387
125
-143
-283
-297
-335
-536
-732
-889
-1008
-1078
-1201
-1360
-1437
-1451
-1520
-1550
-1527
-1584
-1655
-1645
-1520
-1258
-1046
-1023
-1078
-1021
-827
-599
-361
-161
-50
-51
-52
71
319
548
644
643
659
794
952
1025
1010
985
873
852
966
991
930
764
526
407
440
387
209
48
-70
-203
-257
-280
-362
-433
-527
-633
-560
-430
-419
-451
-509
-473
-331
-214
-110
-17
53
111
194
342
530
698
759
730
812
935
1003
1083
1108
1104
1103
1032
948
934
897
799
710
603
537
499
395
229
127
61
-46
-96
-65
133
326
342
128
-156
-176
130
500
601
414
159
-4
79
271
373
375
205
-124
-373
-412
-364
-411
-598
-872
-1047
-1125
-1239
-1346
-1439
-1471
-1459
-1501
-1549
-1561
-1601
-1646
-1559
-1316
-1088
-1026
-1086
-1138
-987
-648
-351
-186
-122
-128
-144
-23
225
500
675
649
587
617
779
1011
1111
1102
1046
974
924
916
968
939
830
681
549
473
380
205
29
-26
-58
-152
-299
-464
-604
-678
-694
-677
-641
-650
-735
-774
-696
-522
-402
-334
-266
-191
-51
89
260
422
556
638
684
780
928
1036
1070
1072
1066
1079
1081
1036
1000
1037
998
902
813
693
600
538
429
318
262
118
-80
-63
152
379
440
182
-164
-245
110
490
625
445
130
-28
-11
156
303
319
126
-185
-436
-490
-427
-479
-685
-903
-1039
-1128
-1254
-1372
-1445
-1457
-1471
-1502
-1523
-1533
-1552
-1568
-1487
-1247
-1010
-947
-987
-1000
-815
-494
-225
-93
-38
8
60
185
394
623
753
721
653
714
876
1052
1192
1138
1059
962
840
893
1022
1001
864
695
525
474
466
297
134
86
-56
-261
-391
-518
-602
-622
-713
-804
-788
-803
-857
-860
-826
-707
-629
-618
-583
-457
-276
-110
33
156
278
392
497
639
805
918
963
973
999
1089
1115
1073
1085
1081
1048
1004
916
803
771
743
633
543
410
259
50
1
177
438
525
254
-144
-337
-81
396
607
429
89
-149
-130
97
313
289
43
-303
-536
-505
-367
-444
-730
-1027
-1174
-1156
-1186
-1301
-1392
-1456
-1477
-1438
-1450
-1532
-1543
-1520
-1406
-1171
-944
-953
-1075
-1041
-820
-424
-109
-20
-51
-25
86
278
536
667
729
698
693
815
1003
1173
1256
1237
1158
1125
1086
1141
1231
1149
950
786
681
611
591
455
214
77
-25
-204
-324
-400
-507
-599
-733
-842
-888
-887
-926
-915
-828
-792
-775
-807
-782
-595
-371
-270
-199
-112
3
177
312
468
607
705
780
791
835
960
1033
994
937
958
942
908
888
834
780
743
672
562
478
329
133
69
247
500
524
236
-182
-308
47
491
554
285
-31
-135
45
266
332
246
31
-246
-378
-325
-268
-351
-645
-933
-1020
-1028
-1124
-1294
-1366
-1360
-1365
-1440
-1550
-1574
-1527
-1440
-1319
-1175
-1029
-1030
-1083
-1026
-741
-411
-224
-208
-223
-70
162
342
476
558
627
687
756
867
972
1085
1186
1265
1225
1175
1101
1112
1277
1349
1195
926
761
706
740
733
540
289
106
-97
-216
-209
-227
-376
-660
-874
-901
-820
-774
-811
-896
-918
-904
-892
-834
-665
-497
-437
-437
-348
-164
-16
130
238
381
494
534
555
657
824
937
954
843
813
907
918
880
864
808
701
635
581
504
448
334
165
132
349
455
295
-16
-254
-156
230
494
304
-33
-189
-73
186
329
216
-39
-235
-330
-295
-216
-277
-502
-753
-919
-922
-911
-1055
-1193
-1196
-1199
-1245
-1330
-1435
-1452
-1341
-1227
-1126
-1037
-1031
-1072
-1018
-807
-523
-314
-275
-295
-200
-4
193
328
387
470
575
633
720
850
928
968
1035
1074
1115
1092
1018
1048
1176
1196
1065
938
820
827
836
706
534
392
248
80
36
-4
-116
-293
-512
-663
-640
-565
-618
-693
-801
-836
-827
-826
-753
-643
-573
-565
-513
-433
-308
-153
-58
50
239
334
350
404
495
683
846
824
751
757
800
845
874
854
764
702
635
550
537
449
258
133
266
508
498
242
-130
-234
82
497
547
142
-170
-140
82
276
310
106
-146
-300
-342
-256
-186
-316
-656
-913
-918
-852
-935
-1121
-1244
-1216
-1192
-1287
-1389
-1438
-1338
-1176
-1101
-1064
-1004
-1012
-995
-805
-552
-378
-350
-387
-314
-72
177
263
259
290
397
538
613
657
758
808
830
900
994
1017
975
953
965
1046
1053
979
904
872
870
783
625
490
448
368
232
136
38
-87
-249
-381
-471
-463
-463
-585
-714
-748
-718
-688
-677
-645
-575
-545
-535
-458
-317
-173
-72
-20
33
141
268
342
424
539
656
664
662
716
770
829
817
773
726
708
676
604
565
531
449
277
128
86
219
371
266
-26
-215
-199
87
381
253
-57
-156
-70
115
257
159
-80
-229
-240
-252
-222
-269
-453
-647
-803
-867
-862
-932
-1093
-1119
-1096
-1139
-1209
-1303
-1338
-1196
-1030
-991
-1004
-1011
-922
-772
-621
-455
-359
-317
-259
-156
31
167
229
252
302
434
541
570
580
646
745
855
870
846
851
862
922
998
994
918
881
856
833
792
688
543
438
446
390
243
96
-54
-150
-190
-215
-300
-412
-523
-593
-595
-568
-551
-560
-603
-625
-569
-507
-450
-348
-253
-168
-96
-34
31
130
265
397
442
442
485
541
605
693
762
712
645
625
613
663
656
573
465
359
269
208
131
73
238
364
177
-41
-190
-189
169
472
274
-90
-145
-35
158
298
180
-39
-126
-134
-174
-174
-248
-420
-608
-751
-763
-759
-919
-1069
-1075
-1061
-1130
-1234
-1319
-1255
-1057
-958
-1000
-1043
-982
-851
-703
-531
-414
-348
-367
-367
-210
-3
142
211
214
254
350
416
451
554
687
761
818
802
786
819
869
957
1052
1046
888
780
772
852
900
763
588
478
473
393
255
107
-8
-42
-129
-297
-409
-439
-498
-558
-588
-585
-599
-661
-679
-645
-560
-462
-455
-442
-348
-244
-146
-62
33
161
272
291
273
345
473
554
623
652
608
596
602
597
659
683
643
510
432
388
326
286
193
67
121
315
243
8
-205
-194
100
402
316
-50
-187
-20
243
362
245
-8
-99
-42
-31
-63
-176
-343
-486
-564
-624
-669
-798
-1001
-1012
-955
-977
-1077
-1198
-1210
-1042
-871
-907
-979
-976
-850
-674
-529
-470
-471
-435
-389
-230
8
153
122
68
84
207
406
466
470
512
577
643
666
715
797
840
882
908
849
791
804
861
909
882
724
549
497
545
515
388
202
62
8
-31
-118
-286
-367
-450
-540
-576
-613
-626
-640
-684
-678
-609
-571
-537
-514
-449
-316
-227
-179
-124
-20
85
168
247
318
393
477
519
536
582
605
617
606
643
646
621
581
499
446
416
384
279
156
53
45
258
352
147
-58
-174
-54
276
419
166
-82
28
241
401
341
119
-8
69
71
-54
-109
-206
-316
-410
-557
-675
-740
-828
-879
-841
-894
-1034
-1138
-1183
-1078
-913
-921
-1047
-1055
-923
-756
-662
-625
-591
-458
-358
-306
-206
-112
-22
37
88
151
241
284
297
397
535
609
600
542
597
761
893
890
827
751
761
885
942
915
794
660
596
619
612
491
300
185
193
197
77
-122
-271
-306
-290
-356
-461
-553
-579
-573
-579
-573
-579
-577
-517
-417
-304
-270
-262
-238
-151
26
134
201
226
252
329
426
499
540
536
545
537
518
541
598
563
449
377
335
272
205
144
44
-30
75
238
179
-18
-199
-206
54
343
251
-60
-116
95
288
350
192
18
49
166
116
-30
-137
-252
-335
-396
-482
-541
-631
-795
-852
-800
-820
-916
-1024
-1053
-960
-873
-910
-965
-895
-758
-627
-607
-635
-564
-401
-328
-282
-177
-83
-9
15
3
75
235
314
306
340
395
467
568
634
660
749
782
751
783
799
844
912
965
885
751
651
586
654
692
579
356
167
85
61
12
-85
-200
-314
-416
-472
-483
-512
-510
-551
-635
-626
-556
-465
-421
-398
-371
-303
-213
-152
-47
58
113
143
180
259
358
427
403
382
401
454
496
528
517
452
397
365
360
322
279
204
95
29
8
86
217
156
0
-142
-123
82
329
312
20
-63
107
308
401
298
145
117
152
88
2
-17
-92
-208
-356
-520
-540
-522
-609
-690
-752
-839
-932
-958
-925
-840
-806
-897
-940
-887
-752
-680
-700
-665
-550
-434
-420
-425
-320
-167
-72
-41
-63
-53
33
147
230
308
390
440
436
448
597
758
780
773
796
786
845
916
878
861
856
758
666
657
634
546
433
309
220
180
81
-91
-151
-182
-291
-423
-535
-579
-518
-501
-564
-617
-608
-565
-499
-440
-355
-259
-247
-217
-118
0
110
185
172
172
268
373
417
431
460
472
482
467
433
456
491
446
382
299
249
212
155
83
-2
-45
32
173
84
-96
-201
-154
159
365
226
-72
-69
185
394
420
241
98
137
216
136
27
4
-84
-172
-285
-398
-447
-547
-640
-662
-649
-750
-884
-944
-900
-778
-754
-837
-882
-851
-741
-666
-627
-579
-497
-479
-516
-462
-316
-188
-175
-222
-218
-136
-24
75
138
208
240
290
372
505
636
687
651
693
767
807
867
874
838
854
839
737
686
672
617
505
388
301
200
116
-8
-124
-170
-209
-301
-418
-450
-433
-421
-465
-510
-500
-442
-354
-329
-301
-242
-218
-184
-68
35
77
101
136
209
315
428
409
309
320
414
501
527
511
428
375
368
357
349
290
187
84
11
-50
-44
81
192
68
-114
-238
-125
237
427
257
-40
-44
202
452
451
216
77
159
230
174
46
-62
-120
-175
-271
-362
-430
-526
-618
-623
-627
-720
-851
-945
-918
-795
-760
-882
-946
-888
-792
-763
-762
-736
-650
-568
-562
-563
-456
-294
-234
-217
-215
-133
-7
81
121
204
308
355
378
430
572
711
757
751
742
757
863
962
919
858
795
734
704
718
663
506
380
279
210
160
57
-79
-149
-206
-295
-377
-431
-421
-394
-425
-480
-470
-405
-330
-272
-255
-272
-224
-133
-59
60
124
121
125
161
223
338
445
416
412
407
373
410
450
442
392
374
313
233
221
249
238
164
34
-87
-30
199
263
89
-109
-182
58
399
425
127
-53
88
321
444
330
132
94
158
139
35
-63
-145
-208
-276
-378
-447
-518
-617
-692
-679
-708
-823
-899
-917
-844
-745
-782
-927
-933
-833
-741
-714
-721
-686
-623
-575
-553
-472
-341
-262
-271
-242
-161
-56
67
118
165
253
367
448
460
572
684
721
726
758
797
815
873
871
818
780
756
708
660
619
516
408
329
244
179
86
-22
-118
-173
-233
-315
-337
-389
-395
-424
-445
-436
-377
-300
-322
-339
-325
-240
-158
-57
-10
-35
22
97
159
233
296
319
308
314
354
412
434
393
360
352
353
364
306
226
207
219
169
81
23
21
221
372
187
-27
-111
76
449
584
263
-89
7
311
510
425
159
24
114
217
121
-17
-119
-190
-252
-357
-479
-517
-570
-681
-685
-712
-833
-931
-979
-929
-805
-802
-929
-988
-914
-782
-740
-751
-748
-629
-540
-547
-491
-358
-255
-205
-196
-197
-76
66
146
181
254
338
397
435
497
642
753
757
724
697
717
841
935
886
787
711
640
675
709
645
520
377
244
232
207
62
-44
-123
-206
-282
-328
-379
-386
-370
-412
-462
-440
-423
-400
-324
-289
-273
-243
-240
-163
-42
32
62
64
82
147
308
367
312
257
271
384
462
465
384
343
370
390
374
338
305
260
228
165
166
266
402
288
82
-19
45
362
505
309
-9
0
209
379
370
181
30
66
155
61
-49
-141
-222
-274
-403
-507
-535
-603
-688
-724
-755
-850
-921
-966
-936
-858
-838
-914
-982
-896
-756
-708
-746
-739
-619
-485
-473
-437
-355
-233
-158
-146
-144
-71
68
170
219
272
332
417
457
494
590
685
745
717
698
691
746
810
799
755
690
645
611
579
549
481
384
296
228
154
50
-19
-70
-154
-230
-293
-346
-327
-336
-387
-429
-432
-403
-382
-359
-336
-319
-287
-224
-146
-93
-60
-26
-11
31
117
208
244
266
277
284
382
457
441
447
431
407
425
443
440
388
370
313
230
216
300
462
386
188
41
69
327
532
420
56
-29
185
380
413
244
66
47
118
81
-49
-123
-183
-243
-377
-542
-596
-603
-658
-729
-775
-864
-972
-999
-964
-908
-896
-960
-1000
-973
-856
-773
-753
-734
-670
-557
-532
-495
-383
-248
-182
-137
-131
-95
44
154
225
271
327
385
448
502
578
651
681
702
706
713
751
807
832
792
730
660
657
683
628
533
433
347
297
249
130
9
-63
-127
-211
-281
-302
-329
-386
-467
-495
-483
-439
-414
-430
-421
-402
-337
-293
-257
-158
-115
-77
-58
-29
77
188
264
268
273
322
406
478
465
446
476
491
484
485
466
427
397
355
285
226
245
395
457
265
100
19
152
483
596
294
-3
98
332
478
421
203
79
147
184
59
-60
-150
-226
-291
-447
-563
-601
-681
-784
-805
-826
-924
-1013
-1061
-1022
-947
-957
-1008
-1029
-942
-816
-772
-772
-748
-625
-526
-512
-456
-348
-258
-218
-186
-140
-40
85
134
167
230
322
413
440
471
568
663
713
740
734
746
795
829
816
791
751
684
688
686
610
533
440
330
257
201
79
5
-28
-124
-232
-309
-339
-356
-396
-446
-483
-472
-422
-421
-430
-417
-396
-319
-287
-249
-153
-80
-36
-11
65
148
239
281
289
339
380
454
505
501
456
470
505
458
438
420
385
355
283
203
165
312
456
296
101
13
135
432
574
371
26
30
315
541
532
281
126
160
241
178
27
-69
-165
-233
-360
-510
-568
-622
-690
-776
-819
-908
-1024
-1045
-1010
-943
-927
-1020
-1102
-1046
-912
-811
-821
-827
-734
-600
-540
-499
-368
-250
-203
-164
-127
-54
71
160
191
263
336
410
443
470
566
644
715
726
710
709
741
806
838
816
749
703
701
678
633
547
450
360
272
200
75
-29
-88
-148
-264
-349
-401
-433
-456
-508
-555
-540
-499
-496
-499
-472
-439
-401
-348
-292
-204
-135
-42
9
37
147
249
290
342
412
443
485
537
534
586
634
593
538
535
527
493
443
360
246
245
346
472
379
138
3
71
400
613
451
85
6
300
569
567
311
105
127
246
200
7
-117
-201
-252
-366
-544
-621
-672
-756
-832
-875
-965
-1076
-1137
-1100
-998
-963
-1067
-1135
-1064
-896
-801
-831
-845
-759
-607
-564
-533
-427
-305
-206
-166
-127
-70
89
205
217
286
373
440
472
510
598
698
755
748
761
805
849
876
874
852
830
788
715
687
653
569
463
355
284
236
131
2
-77
-153
-258
-353
-407
-447
-472
-527
-627
-649
-588
-547
-565
-593
-564
-488
-390
-354
-295
-197
-145
-104
-45
42
146
270
294
273
330
446
523
550
539
537
533
528
534
535
533
483
423
318
250
247
373
502
394
176
76
174
480
675
500
162
146
413
633
635
397
217
258
352
246
102
-2
-113
-194
-298
-479
-566
-608
-734
-822
-836
-940
-1057
-1092
-1082
-986
-945
-1039
-1100
-999
-854
-798
-793
-819
-742
-592
-537
-502
-424
-318
-282
-234
-197
-148
-11
54
85
146
211
289
348
388
473
550
612
654
678
709
730
757
792
788
764
747
706
690
616
541
467
369
319
260
130
17
-53
-140
-232
-298
-382
-436
-475
-533
-541
-531
-498
-531
-574
-549
-480
-393
-355
-338
-284
-210
-129
-65
-4
99
171
249
293
313
397
471
519
499
504
543
558
552
525
499
469
448
392
315
264
322
496
534
329
174
144
358
679
697
353
143
329
575
693
528
246
211
316
321
150
-19
-112
-187
-246
-424
-541
-581
-669
-769
-808
-853
-989
-1063
-1073
-1026
-960
-985
-1090
-1082
-960
-826
-808
-842
-787
-639
-534
-529
-504
-411
-301
-234
-214
-202
-96
53
114
141
199
248
326
367
436
532
604
637
656
696
766
843
866
831
775
753
737
734
696
601
522
442
347
308
244
102
11
-62
-157
-231
-305
-396
-447
-498
-557
-586
-571
-571
-605
-609
-597
-544
-487
-450
-417
-367
-289
-221
-155
-89
-21
58
121
187
247
294
373
441
473
462
475
503
510
536
508
495
468
425
387
344
369
491
576
375
203
212
431
706
704
390
181
342
614
716
560
333
270
352
346
199
52
-43
-140
-213
-370
-509
-558
-634
-728
-773
-828
-937
-994
-1008
-965
-902
-929
-1016
-999
-877
-791
-784
-771
-726
-626
-538
-542
-520
-386
-275
-237
-240
-229
-140
24
94
103
153
209
282
325
403
487
546
564
578
627
711
784
754
710
666
684
729
716
656
552
480
432
377
310
234
98
-11
-42
-106
-195
-284
-375
-453
-472
-493
-535
-543
-553
-566
-559
-517
-484
-450
-385
-341
-294
-215
-159
-78
-12
38
93
179
223
274
342
402
451
442
419
448
493
519
536
504
436
405
388
364
346
409
532
451
285
193
249
496
646
531
248
199
423
588
562
383
244
245
282
226
58
-26
-78
-166
-311
-490
-538
-548
-653
-752
-803
-883
-938
-955
-957
-912
-877
-937
-977
-929
-815
-744
-749
-734
-668
-558
-514
-521
-460
-340
-238
-191
-195
-177
-81
59
140
178
221
297
373
390
460
531
576
595
592
622
732
797
759
710
665
672
725
745
627
510
473
434
370
300
195
84
29
-27
-113
-206
-302
-370
-410
-467
-492
-527
-570
-586
-574
-568
-559
-511
-479
-439
-366
-323
-285
-194
-115
-36
24
60
99
181
292
344
402
413
422
478
494
505
518
495
465
407
361
315
296
341
465
511
316
156
135
333
596
609
341
113
265
542
630
492
299
238
347
360
188
34
-39
-93
-192
-362
-497
-529
-596
-700
-769
-786
-876
-978
-995
-947
-862
-868
-939
-926
-814
-715
-709
-720
-693
-571
-481
-508
-499
-392
-262
-232
-231
-214
-130
6
115
151
157
216
292
339
396
481
539
559
570
589
656
744
770
746
677
644
662
708
707
612
521
449
413
408
337
194
76
22
-38
-108
-191
-287
-340
-402
-450
-496
-517
-507
-499
-510
-541
-519
-478
-464
-431
-368
-324
-292
-228
-155
-79
29
87
86
150
259
324
359
396
394
410
470
506
486
456
452
426
383
350
283
259
365
497
410
229
134
213
487
613
439
164
186
436
592
557
344
217
278
356
274
77
-19
-72
-123
-227
-382
-473
-538
-613
-677
-724
-788
-882
-938
-924
-851
-805
-876
-920
-874
-781
-716
-685
-680
-609
-529
-543
-526
-426
-293
-261
-251
-241
-188
-31
72
92
106
187
276
321
341
376
423
494
545
558
586
638
681
705
695
652
631
666
679
635
556
469
392
346
323
239
133
53
-23
-106
-165
-239
-321
-375
-404
-436
-477
-510
-526
-502
-473
-461
-448
-458
-434
-361
-284
-226
-188
-129
-60
31
87
127
188
251
285
353
389
396
462
504
468
442
443
421
406
403
349
249
211
251
411
419
230
97
116
350
557
486
221
146
344
548
561
392
240
279
391
334
140
39
4
-27
-112
-297
-420
-456
-531
-626
-665
-707
-815
-894
-909
-871
-812
-833
-888
-880
-795
-701
-695
-713
-652
-567
-554
-556
-505
-387
-321
-339
-327
-274
-139
-21
-2
10
85
194
273
291
312
387
479
523
534
567
591
669
702
660
641
616
611
652
635
545
465
434
382
339
297
186
100
59
7
-106
-201
-257
-314
-321
-362
-440
-477
-485
-492
-448
-445
-486
-479
-460
-408
-327
-275
-265
-196
-100
-27
-4
65
152
222
294
323
346
382
426
511
506
461
448
471
479
464
433
341
268
232
330
473
424
260
134
145
375
571
487
209
153
372
526
536
401
263
296
386
321
139
39
8
-6
-88
-283
-403
-451
-531
-592
-592
-663
-797
-896
-893
-815
-743
-793
-919
-915
-787
-689
-683
-687
-671
-608
-557
-512
-448
-366
-320
-324
-296
-232
-99
-12
-29
12
104
220
249
222
262
359
440
454
426
437
580
693
630
552
498
528
630
652
544
398
391
398
356
323
236
117
91
91
-5
-115
-192
-273
-286
-280
-345
-410
-435
-400
-347
-335
-396
-431
-379
-335
-280
-248
-250
-226
-141
-75
-72
-10
82
156
192
215
238
277
336
387
412
396
387
388
375
380
360
323
268
205
259
459
472
288
127
132
366
601
559
290
205
407
576
598
469
320
325
411
369
180
102
78
45
-30
-220
-358
-385
-435
-512
-561
-649
-763
-827
-824
-771
-724
-778
-901
-899
-772
-693
-702
-728
-712
-644
-610
-600
-540
-419
-363
-377
-338
-282
-157
-41
-19
9
67
169
231
250
288
356
444
458
429
465
537
615
665
618
552
534
531
557
594
537
438
366
332
297
278
214
105
22
-40
-117
-192
-228
-239
-278
-356
-441
-446
-420
-394
-388
-417
-436
-417
-367
-338
-289
-215
-155
-130
-117
-78
4
94
146
176
231
260
283
333
359
382
416
412
390
359
400
420
364
274
192
193
316
460
362
171
83
164
409
565
425
174
190
409
532
516
378
279
352
418
317
147
83
68
46
-82
-276
-372
-391
-423
-492
-546
-642
-755
-783
-784
-738
-720
-799
-861
-824
-716
-673
-673
-664
-624
-577
-562
-563
-467
-354
-335
-320
-286
-231
-102
-4
16
53
122
205
230
260
340
383
438
417
404
453
580
683
618
509
470
518
615
655
555
393
336
375
349
301
206
81
17
0
-65
-161
-213
-256
-290
-334
-375
-395
-408
-403
-393
-389
-402
-422
-382
-335
-305
-253
-213
-172
-120
-37
11
52
102
125
169
227
286
342
342
330
364
399
408
393
375
342
319
319
330
447
485
341
212
181
359
571
583
364
179
303
536
606
485
305
255
354
395
264
142
77
9
-40
-177
-285
-304
-371
-503
-565
-631
-733
-798
-833
-822
-772
-794
-880
-879
-796
-690
-671
-713
-704
-617
-490
-476
-490
-430
-342
-283
-246
-211
-135
-17
54
100
159
228
301
299
352
441
498
548
515
488
559
648
640
587
509
497
565
594
526
388
313
316
308
276
166
2
-61
-75
-120
-192
-282
-384
-429
-465
-498
-500
-495
-484
-489
-478
-494
-470
-398
-345
-310
-283
-264
-229
-126
-24
2
22
56
103
180
225
265
309
343
363
368
355
394
460
455
433
400
348
330
424
585
537
346
222
232
465
672
610
323
206
364
543
592
449
304
285
334
279
154
130
73
-3
-124
-291
-341
-341
-417
-559
-616
-664
-743
-798
-823
-773
-733
-789
-853
-857
-741
-655
-653
-668
-653
-555
-499
-501
-438
-323
-263
-237
-221
-155
-28
86
147
175
259
334
343
360
417
506
558
531
505
575
675
676
586
528
513
575
590
492
372
318
316
284
226
138
22
-64
-104
-151
-223
-320
-406
-451
-468
-499
-537
-583
-582
-531
-503
-549
-559
-520
-402
-324
-294
-273
-240
-147
-43
0
24
92
155
191
225
274
337
392
417
417
410
417
478
498
476
435
403
411
518
599
493
362
302
399
596
665
503
335
370
513
572
485
340
253
305
322
171
36
-5
-64
-111
-239
-393
-457
-488
-565
-635
-689
-812
-892
-919
-869
-816
-828
-887
-924
-824
-686
-664
-676
-653
-574
-466
-422
-404
-329
-217
-143
-78
-43
-4
114
208
252
300
376
434
450
506
555
611
679
707
681
633
640
670
695
667
608
525
463
458
428
345
249
141
62
17
-60
-157
-249
-322
-374
-435
-502
-546
-551
-547
-601
-644
-656
-639
-586
-533
-524
-523
-468
-386
-293
-205
-157
-108
-67
27
116
186
239
281
323
352
416
454
471
471
491
489
466
450
438
429
479
610
589
477
374
349
514
650
597
385
283
389
528
557
408
237
170
240
256
143
14
-100
-180
-274
-378
-485
-547
-607
-698
-763
-823
-901
-934
-936
-914
-883
-899
-939
-936
-832
-741
-689
-655
-642
-567
-464
-380
-293
-186
-132
-100
-25
45
134
248
307
330
390
504
568
581
626
672
783
842
803
736
712
783
844
821
719
605
578
602
537
436
324
209
140
77
-25
-135
-216
-291
-368
-442
-497
-522
-553
-585
-626
-639
-646
-650
-621
-605
-605
-577
-514
-443
-367
-314
-287
-235
-137
-19
42
77
137
212
287
332
344
391
450
488
514
486
443
438
485
556
621
569
461
378
408
531
628
599
427
328
407
504
519
439
332
246
221
160
55
0
-59
-166
-331
-450
-509
-536
-612
-750
-846
-882
-945
-988
-1024
-1035
-1010
-983
-979
-990
-915
-818
-746
-697
-622
-523
-418
-355
-274
-147
-49
24
59
154
278
397
467
474
508
631
740
780
800
820
862
894
908
911
932
919
887
817
739
694
690
674
572
469
342
254
184
105
19
-103
-227
-336
-420
-460
-493
-562
-625
-701
-738
-733
-746
-745
-731
-712
-683
-641
-593
-537
-472
-405
-360
-301
-223
-151
-60
29
94
139
180
227
301
385
439
453
468
472
473
538
635
645
591
537
502
563
650
681
582
466
470
531
537
476
361
277
277
231
124
32
-72
-143
-222
-347
-443
-532
-622
-719
-797
-853
-932
-1019
-1067
-1061
-1047
-1051
-1072
-1080
-1016
-928
-889
-859
-784
-682
-566
-486
-383
-246
-105
-20
30
116
241
393
512
553
597
680
761
829
912
985
995
972
963
1002
1054
1065
1028
945
880
848
813
765
684
594
492
387
284
203
123
14
-106
-199
-287
-366
-443
-514
-562
-618
-674
-725
-768
-744
-721
-719
-723
-715
-687
-628
-560
-495
-432
-388
-336
-302
-226
-130
-68
-30
12
82
167
249
277
319
387
454
544
602
569
557
572
647
739
733
657
586
581
620
638
563
453
350
304
285
200
79
-53
-152
-234
-336
-438
-536
-621
-687
-770
-872
-955
-1004
-1029
-1060
-1103
-1155
-1165
-1136
-1091
-1044
-1020
-967
-903
-803
-689
-593
-503
-391
-282
-196
-98
26
162
296
417
525
622
719
820
902
994
1055
1068
1082
1112
1130
1149
1167
1136
1093
1029
947
909
881
821
720
590
484
425
363
268
119
10
-52
-108
-175
-278
-357
-409
-446
-483
-524
-578
-601
-615
-602
-600
-607
-588
-576
-538
-469
-410
-379
-371
-317
-235
-150
-87
-73
-61
-12
78
138
189
234
279
327
368
406
461
500
546
567
559
556
547
562
560
514
459
392
342
298
238
148
24
-84
-173
-274
-351
-440
-551
-657
-760
-838
-905
-940
-964
-1000
-1080
-1109
-1091
-1079
-1060
-1034
-1022
-967
-891
-842
-759
-716
-640
-539
-430
-344
-252
-147
-46
75
196
312
405
525
635
731
791
852
904
984
1072
1109
1107
1066
1036
1052
1068
1024
959
881
810
737
666
600
512
423
343
245
181
124
62
-11
-81
-126
-171
-224
-276
-299
-300
-310
-345
-362
-358
-337
-306
-284
-270
-244
-232
-205
-166
-121
-106
-95
-92
-59
13
60
86
100
149
188
223
242
255
295
331
368
382
402
426
434
420
385
361
321
273
215
143
77
4
-105
-200
-282
-364
-436
-533
-635
-714
-769
-829
-886
-933
-1008
-1061
-1075
-1064
-1042
-1039
-1045
-1037
-996
-934
-886
-844
-803
-735
-641
-547
-472
-381
-268
-163
-68
7
101
237
380
453
524
581
657
736
798
844
880
917
925
926
924
915
901
861
807
753
700
648
604
561
495
440
374
309
257
225
176
122
80
44
-4
-25
-18
-33
-87
-134
-134
-110
-70
-40
-65
-93
-91
-47
9
25
16
0
28
88
126
140
147
173
203
232
262
268
300
332
327
330
325
326
342
343
338
290
254
218
182
160
109
33
-38
-123
-201
-245
-302
-372
-457
-562
-628
-669
-722
-779
-830
-886
-951
-981
-971
-946
-947
-959
-948
-944
-881
-834
-792
-742
-684
-631
-570
-492
-418
-344
-288
-222
-162
-79
-14
48
115
177
255
297
327
364
415
477
512
528
522
532
570
585
584
570
548
532
525
519
493
464
457
431
397
383
344
317
298
280
283
273
249
221
192
192
227
219
196
177
178
181
196
185
153
151
154
165
172
171
160
154
167
187
203
211
190
179
203
232
257
253
245
239
243
246
216
190
166
156
133
94
53
15
1
-46
-105
-144
-183
-216
-267
-325
-369
-404
-433
-476
-525
-584
-604
-635
-685
-722
-733
-742
-766
-761
-757
-767
-769
-726
-676
-633
-601
-585
-559
-503
-427
-366
-321
-297
-240
-181
-117
-58
-22
22
61
101
115
133
181
207
225
244
259
280
281
294
318
316
319
320
313
330
331
326
305
279
288
303
322
329
337
323
326
334
349
333
314
312
315
316
308
277
256
244
220
209
187
190
173
152
135
136
135
152
156
138
155
159
169
207
209
196
190
188
212
224
225
198
188
189
204
186
146
108
81
62
31
-17
-70
-109
-161
-202
-247
-284
-330
-374
-400
-431
-444
-482
-495
-520
-524
-525
-538
-546
-560
-525
-481
-478
-489
-477
-443
-392
-354
-347
-348
-327
-284
-218
-179
-151
-147
-154
-119
-93
-77
-64
-71
-51
-34
7
30
39
72
98
120
129
127
148
193
211
207
195
194
208
219
252
260
247
244
235
256
274
296
283
260
242
245
265
267
267
246
232
233
219
217
204
189
174
162
161
161
141
131
145
152
168
153
139
148
151
156
154
151
152
153
146
162
147
112
96
88
93
85
50
6
-18
-23
-23
-48
-87
-114
-138
-163
-175
-192
-215
-249
-265
-286
-292
-293
-314
-322
-307
-319
-310
-311
-318
-308
-295
-295
-300
-290
-278
-246
-233
-218
-214
-184
-159
-132
-111
-104
-91
-83
-69
-29
0
-5
5
13
29
34
28
29
12
30
36
22
35
32
36
32
42
56
83
102
104
116
134
143
155
168
179
182
196
206
202
198
191
195
197
176
155
169
174
177
171
166
157
150
140
144
137
125
128
137
153
147
137
133
111
117
122
102
93
87
60
36
18
-16
-33
-55
-86
-126
-142
-146
-144
-173
-193
-197
-193
-200
-217
-223
-245
-250
-249
-251
-245
-241
-225
-222
-219
-206
-198
-180
-163
-152
-155
-136
-119
-113
-88
-64
-59
-51
-37
-33
-14
8
16
16
28
37
59
55
52
51
45
62
80
87
80
85
104
107
126
137
144
156
156
157
161
172
180
174
158
148
119
106
94
84
70
49
50
41
35
17
14
11
6
31
45
66
74
77
90
103
103
93
95
110
116
121
94
86
76
78
80
63
31
-1
-16
-28
-42
-82
-99
-111
-125
-143
-151
-157
-167
-176
-183
-185
-187
-192
-188
-195
-199
-194
-188
-188
-197
-198
-205
-210
-210
-205
-203
-218
-206
-203
-195
-182
-180
-171
-168
-141
-125
-122
-98
-66
-29
-8
6
18
28
61
100
107
130
149
177
194
202
208
225
239
242
265
261
252
253
259
257
274
261
238
233
230
222
212
203
179
160
145
136
118
117
105
102
97
101
111
91
96
97
100
101
107
102
93
96
89
78
72
58
48
28
6
-9
-21
-17
-48
-71
-91
-92
-87
-96
-110
-123
-140
-150
-149
-158
-164
-180
-190
-197
-206
-200
-184
-196
-208
-226
-233
-230
-216
-214
-216
-221
-231
-215
-216
-211
-230
-219
-226
-233
-227
-242
-225
-213
-215
-225
-226
-199
-188
-173
-144
-129
-116
-94
-61
-32
12
43
64
86
110
135
160
176
190
223
234
250
252
263
280
280
279
276
259
255
260
246
249
243
233
233
230
226
208
214
214
209
211
207
186
173
177
175
176
171
159
156
139
142
143
127
122
103
94
87
71
71
65
62
36
35
31
13
9
-2
-8
-33
-60
-70
-87
-96
-112
-117
-127
-150
-148
-161
-162
-175
-202
-214
-229
-236
-234
-243
-257
-285
-296
-291
-285
-285
-301
-301
-284
-281
-277
-277
-292
-282
-276
-278
-274
-277
-272
-253
-227
-222
-212
-198
-181
-159
-149
-119
-88
-69
-47
-32
-16
7
36
49
72
83
97
118
123
147
165
205
226
223
229
248
264
292
287
282
280
283
277
266
270
261
258
259
253
244
233
220
206
190
166
148
154
157
154
150
134
112
112
120
108
114
116
90
88
92
86
78
64
64
61
72
69
60
63
55
54
48
42
33
18
-4
-18
-31
-45
-42
-53
-61
-84
-98
-92
-96
-107
-128
-123
-132
-148
-160
-168
-183
-199
-200
-215
-212
-221
-230
-213
-221
-236
-250
-267
-254
-242
-236
-256
-260
-235
-215
-204
-204
-196
-199
-177
-149
-146
-140
-116
-96
-80
-80
-63
-40
-16
4
19
42
46
60
78
94
118
130
131
131
143
145
155
158
141
154
169
159
161
165
156
146
145
140
129
125
132
135
126
127
122
121
108
97
105
103
86
73
82
88
72
67
66
72
63
58
51
50
60
69
70
73
74
65
64
50
60
69
78
72
84
85
99
104
85
82
70
64
49
53
38
23
12
-11
-21
-41
-71
-80
-91
-107
-117
-123
-117
-119
-115
-112
-111
-111
-115
-113
-126
-139
-130
-138
-144
-158
-162
-148
-149
-153
-157
-163
-155
-135
-119
-117
-128
-124
-102
-77
-64
-73
-79
-72
-64
-51
-48
-48
-37
-36
-28
-16
-12
-21
-23
-3
-1
0
-3
-5
5
-2
10
12
13
24
32
33
42
29
27
43
46
56
52
44
48
50
54
55
49
43
52
46
50
54
44
59
70
52
48
51
60
78
69
62
54
63
74
84
82
68
75
90
93
94
91
91
103
90
96
100
101
111
109
105
93
94
86
76
78
70
53
38
29
22
17
-14
-39
-36
-44
-39
-49
-65
-63
-67
-80
-71
-69
-78
-67
-66
-65
-62
-61
-62
-50
-46
-42
-43
-40
-54
-61
-57
-54
-67
-73
-54
-59
-55
-54
-40
-43
-48
-32
-29
-35
-32
-30
-32
-34
-33
-18
-18
-16
-24
-16
-19
-26
-40
-35
-42
-45
-44
-44
-52
-56
-50
-60
-60
-61
-57
-60
-57
-70
-56
-52
-53
-46
-51
-42
-43
-33
-35
-33
-18
-9
-5
11
32
36
31
37
38
50
67
74
75
65
73
81
77
76
73
76
77
77
74
79
84
79
76
85
89
74
69
80
69
71
69
64
57
52
39
35
40
26
31
28
25
19
15
7
22
36
39
33
24
17
30
33
35
37
37
36
33
41
53
50
57
62
58
60
56
61
64
56
43
36
33
27
25
21
14
2
-12
-23
-31
-38
-43
-63
-83
-84
-90
-100
-102
-101
-116
-126
-124
-129
-123
-123
-130
-133
-121
-120
-121
-120
-128
-129
-130
-121
-113
-117
-119
-124
-104
-94
-82
-75
-67
-53
-56
-41
-35
-38
-32
-22
-6
18
26
21
33
47
52
51
45
53
53
53
60
57
51
50
45
51
49
52
51
38
44
48
52
47
36
44
42
33
40
43
39
34
20
19
12
13
18
24
11
21
31
37
42
44
51
54
56
75
66
64
71
61
63
67
75
83
91
96
105
102
99
93
92
94
91
95
77
78
85
70
60
47
30
29
21
13
2
-10
-16
-25
-26
-27
-38
-52
-67
-82
-102
-115
-130
-143
-148
-156
-157
-168
-160
-144
-135
-123
-123
-113
-110
-103
-108
-104
-89
-95
-101
-100
-93
-83
-75
-73
-81
-80
-71
-54
-42
-41
-34
-23
-4
-12
-12
10
-4
-3
13
14
21
19
20
21
16
29
38
37
45
56
54
43
36
39
37
29
40
25
18
32
30
27
27
31
34
33
34
42
44
39
49
60
57
64
74
68
62
80
81
79
86
80
86
93
90
91
105
99
86
82
86
91
89
79
88
78
66
53
56
55
54
54
50
49
28
31
25
19
27
18
5
-4
-4
-22
-49
-47
-55
-68
-67
-81
-92
-100
-114
-110
-109
-113
-103
-112
-122
-120
-124
-116
-110
-116
-104
-106
-101
-88
-78
-69
-53
-48
-47
-38
-31
-28
-22
-22
-21
-7
-20
-29
-25
-21
-26
-26
-23
-22
-12
-9
-11
-11
-7
0
-3
-7
-7
-6
-1
2
14
7
15
9
8
21
27
36
33
27
35
43
43
36
43
48
43
49
44
51
46
53
49
51
48
46
54
68
66
69
73
61
70
66
63
64
57
51
61
61
57
59
50
58
30
28
52
71
101
93
71
55
19
-21
-33
-31
5
57
57
45
15
-32
-85
-114
-108
-47
8
21
29
12
-34
-69
-87
-80
-46
-23
-2
-13
-10
-29
-73
-85
-68
-56
-47
-42
-34
-36
-44
-66
-87
-74
-74
-76
-79
-65
-47
-36
-42
-55
-67
-82
-79
-67
-52
-32
-29
-37
-48
-67
-77
-79
-65
-57
-44
-46
-53
-68
-78
-70
-69
-53
-26
-2
0
10
11
14
6
5
12
31
53
54
63
60
57
60
56
53
67
67
58
63
79
71
74
62
59
81
90
94
95
84
84
81
63
64
61
57
60
55
49
44
32
34
26
21
25
21
27
40
38
33
23
21
13
20
27
17
10
11
16
14
6
-9
-14
-16
-10
4
11
17
16
9
24
24
13
4
3
2
6
-2
-6
-14
-12
-21
-33
-30
-41
-27
-34
-38
-50
-59
-56
-77
-79
-84
-83
-84
-84
-80
-78
-70
-73
-83
-90
-80
-80
-76
-68
-57
-47
-47
-38
-41
-39
-35
-36
-44
-33
-23
-21
-27
-27
-30
-28
-25
-27
-15
-7
8
9
10
9
19
17
21
21
23
37
35
46
58
53
53
39
46
45
41
54
63
67
68
68
66
72
70
70
73
82
76
76
68
59
57
55
58
57
51
54
49
42
46
33
31
32
33
48
29
31
30
21
15
4
2
-3
3
-4
-4
-13
-22
-23
-22
-3
6
-6
-12
-9
-24
-23
-18
-15
-3
3
11
8
-1
-4
-13
-26
-29
-34
-41
-46
-41
-29
-38
-41
-41
-35
-33
-49
-48
-54
-56
-56
-67
-79
-69
-64
-67
-64
-58
-42
-38
-37
-29
-40
-41
-48
-47
-32
-24
-10
-8
-12
-7
-17
-17
-18
-17
-13
-8
-10
-9
-7
-8
-5
-12
-18
-16
-16
-12
-12
-5
-7
-11
0
1
26
13
7
20
31
39
32
36
32
25
20
24
29
35
33
29
28
18
23
25
16
18
24
25
16
15
16
12
18
12
25
27
15
17
1
6
9
11
15
15
14
24
32
27
33
40
48
45
42
43
54
56
52
54
52
46
36
53
53
49
39
42
38
36
40
38
22
16
16
16
22
17
7
3
2
2
-5
-14
-21
-31
-30
-42
-40
-55
-65
-59
-65
-71
-79
-74
-75
-73
-81
-85
-78
-73
-71
-73
-71
-80
-79
-82
-84
-74
-57
-47
-46
-47
-52
-54
-47
-40
-43
-41
-33
-39
-39
-35
-25
-19
-11
-8
-15
-7
4
11
25
24
24
32
30
32
26
24
14
25
27
31
35
32
39
36
31
26
28
18
20
22
20
22
30
34
34
45
42
44
48
51
43
46
45
43
50
46
41
49
53
68
74
71
72
74
77
77
88
83
85
83
92
83
72
61
51
56
59
69
64
57
52
48
41
24
10
11
10
11
-4
-24
-28
-52
-53
-55
-67
-58
-59
-57
-66
-64
-69
-75
-74
-73
-71
-80
-81
-87
-93
-89
-88
-89
-85
-91
-87
-68
-67
-65
-59
-55
-47
-39
-31
-38
-34
-21
-24
-21
-22
-27
-35
-39
-38
-37
-45
-21
-23
-27
-26
-33
-30
-27
-26
-24
-20
-15
-15
-10
-4
-9
-14
-15
-18
-16
-8
-12
-22
-22
-2
3
9
8
24
33
32
45
46
44
52
46
58
54
48
42
50
52
53
59
56
66
69
71
73
76
82
87
82
89
93
94
94
93
90
85
76
74
61
47
45
52
44
43
33
26
24
7
8
-4
-16
-24
-27
-34
-31
-37
-45
-44
-35
-37
-38
-44
-44
-51
-45
-43
-55
-52
-55
-56
-54
-60
-62
-48
-49
-50
-57
-56
-64
-70
-65
-60
-63
-52
-43
-50
-50
-46
-43
-47
-42
-50
-47
-45
-40
-34
-26
-25
-23
-15
-21
-21
-24
-26
-30
-26
-21
-21
-20
-16
-13
-9
5
-4
3
5
8
16
19
40
27
27
35
37
40
48
49
57
57
57
58
57
68
63
70
73
74
74
65
66
67
66
61
65
66
63
53
37
38
39
34
29
20
14
9
12
8
10
1
-6
-10
-27
-22
-11
2
-9
-24
-27
-31
-22
-38
-27
-29
-26
-17
-23
-18
-21
-23
-31
-43
-36
-25
-24
-22
-27
-30
-17
-5
5
12
16
12
17
6
11
18
14
23
28
21
12
8
2
1
5
-1
-2
10
12
13
9
6
-1
-2
-1
-6
-9
-12
-23
-31
-21
-19
-22
-27
-37
-35
-37
-43
-40
-43
-52
-59
-48
-42
-35
-31
-15
-27
-19
-17
-22
-12
-17
3
-6
-6
0
-1
13
11
11
4
6
7
8
17
14
11
15
20
11
11
15
24
27
21
17
8
4
14
8
6
9
10
13
8
11
4
-3
-4
5
1
-3
-2
-6
-3
-2
3
0
8
7
7
14
11
26
34
37
27
28
22
14
19
16
23
30
41
29
25
30
19
15
16
30
27
23
19
22
15
9
15
15
14
8
0
3
-1
-5
-10
-10
-12
-5
1
-14
-20
-9
-16
-29
-21
-13
-24
-32
-35
-39
-42
-39
-25
-28
-26
-33
-31
-27
-14
-22
-17
-26
-30
-22
-35
-22
-35
-35
-25
-29
-21
-17
-25
-22
-19
-21
-17
-24
-12
-12
-13
-7
-10
-9
-1
2
4
-10
-17
-14
-12
-6
2
5
14
6
1
9
0
8
1
-7
-8
-15
-8
-6
-1
1
0
16
6
18
21
13
16
14
13
20
8
8
15
27
34
29
37
38
40
42
47
47
48
36
38
40
31
32
25
36
34
39
35
34
32
39
42
28
27
26
38
36
33
40
33
33
32
28
24
22
17
10
1
0
-9
-9
-3
-15
-16
-20
-22
-27
-31
-31
-37
-34
-35
-40
-36
-31
-32
-35
-30
-29
-30
-34
-36
-37
-43
-45
-49
-45
-46
-46
-39
-41
-45
-43
-46
-46
-51
-40
-53
-59
-36
-42
-39
-40
-42
-48
-35
-30
-37
-26
-27
-19
-9
-10
-6
2
11
20
18
9
12
2
-6
8
6
18
24
31
32
41
45
44
53
50
58
55
68
67
64
65
63
55
58
64
59
62
69
60
59
54
60
64
51
50
52
44
43
46
35
32
24
18
14
12
3
-1
-16
-11
-10
-18
-20
-28
-29
-35
-22
-31
-40
-28
-42
-48
-38
-35
-37
-34
-31
-36
-36
-35
-32
-32
-32
-33
-37
-34
-39
-44
-46
-48
-37
-33
-31
-35
-22
-20
-27
-26
-28
-33
-36
-28
-29
-20
-19
-23
-23
-17
-23
-20
-7
-18
-22
-17
-20
-15
-19
-29
-21
-30
-23
-13
-15
-2
-4
2
0
-2
3
7
10
14
26
14
23
41
28
27
35
41
48
45
42
38
32
46
50
46
37
32
44
50
49
41
44
39
36
48
39
40
48
41
41
42
35
31
26
27
20
20
18
18
18
11
13
7
0
-15
-16
-10
-10
-23
-18
-21
-32
-25
-26
-21
-13
-17
-18
-22
-17
-13
-14
-7
-6
-16
-9
-6
-11
-11
-19
-16
-17
-8
-9
-6
-20
-16
-10
-12
-15
-13
-7
-5
-6
-2
-11
-19
-20
-24
-28
-33
-30
-30
-30
-29
-28
-33
-40
-34
-34
-38
-37
-31
-27
-31
-37
-42
-44
-41
-30
-36
-30
-19
-22
-21
-25
-17
-6
-2
4
10
4
5
17
16
21
29
28
32
36
44
36
31
26
25
27
23
15
26
34
28
24
16
24
20
10
7
17
12
3
13
27
24
30
22
16
28
33
37
27
28
28
28
29
34
32
24
31
36
32
31
21
16
22
25
23
20
23
15
12
22
21
23
18
17
13
16
16
17
16
9
11
10
11
7
4
1
-3
1
-3
-13
-11
-13
-20
-18
-17
-35
-27
-29
-32
-29
-34
-26
-25
-27
-29
-29
-23
-27
-22
-23
-30
-35
-40
-32
-34
-35
-45
-42
-53
-47
-49
-58
-60
-56
-51
-40
-43
-40
-36
-44
-39
-31
-33
-34
-20
-20
-16
-14
-13
-5
-2
-6
-6
-8
-9
-1
-8
-4
-10
-6
-8
-11
-7
2
4
5
11
6
-1
-3
10
7
3
9
13
14
34
29
30
31
28
37
35
58
56
52
51
55
56
53
65
60
58
58
49
47
51
50
40
47
44
46
55
44
55
49
44
36
38
38
36
31
24
26
18
5
-1
6
6
-6
-7
-17
-12
-10
-13
-15
-23
-25
-26
-37
-38
-34
-38
-27
-29
-22
-32
-33
-25
-23
-26
-22
-14
-19
-22
-23
-22
-19
-23
-20
-18
-31
-22
-24
-26
-26
-31
-22
-26
-25
-32
-31
-32
-43
-38
-37
-38
-37
-35
-34
-34
-30
-31
-32
-22
-21
-26
-34
-29
-31
-30
-21
-17
-12
-16
-9
-3
-10
-2
-6
-13
-15
-12
-11
-10
-11
-8
4
10
20
25
33
37
42
40
37
34
36
34
39
51
46
40
41
38
34
48
51
42
42
38
48
52
48
39
29
30
26
23
28
30
14
15
13
11
15
4
5
12
19
11
12
8
5
-4
-3
5
9
15
19
18
20
22
17
12
6
0
-4
-5
-8
-7
-3
-8
-3
-10
-10
-10
-18
-1
1
6
7
1
-11
-16
-20
-18
-18
-25
-14
-9
-16
-17
-17
-21
-26
-20
-23
-29
-34
-38
-31
-29
-32
-31
-31
-27
-29
-34
-25
-26
-38
-37
-35
-33
-29
-31
-31
-25
-28
-21
-18
-21
-29
-31
-19
-17
-22
-13
-10
-9
-14
-2
1
0
0
-1
-7
-9
-2
-2
6
17
12
15
16
12
10
19
9
8
16
16
18
21
20
13
14
3
10
14
13
17
29
29
27
34
29
43
41
50
61
60
59
51
50
49
46
32
35
28
23
18
22
19
20
24
13
15
20
24
30
32
31
29
22
17
15
8
-5
2
-1
-12
-11
-16
-13
-29
-29
-32
-29
-23
-23
-26
-34
-33
-21
-35
-38
-25
-36
-31
-49
-44
-52
-50
-47
-59
-58
-51
-47
-41
-44
-51
-43
-40
-28
-27
-28
-22
-12
-3
-3
-5
-6
-1
-9
-21
-15
-13
-16
-14
-12
-12
6
3
3
3
5
12
9
6
2
7
7
10
9
5
6
11
6
6
12
7
15
9
23
17
14
29
25
33
30
27
33
31
25
35
37
27
25
23
25
25
17
19
17
15
17
8
12
8
13
14
14
12
13
16
17
19
12
17
12
15
20
21
17
14
19
16
27
30
24
28
32
20
17
12
13
13
14
15
8
-3
5
5
-4
-14
-21
-21
-26
-29
-29
-25
-29
-25
-20
-21
-33
-32
-24
-21
-26
-25
-30
-39
-29
-35
-26
