SAMPLES:	12027
BITSPERSAMPLE:	16
CHANNELS:	1
SAMPLERATE:	16000
NORMALIZED:	FALSE
1
0
-1
-1
-7
-3
-2
-5
-4
-4
3
-4
-3
-4
-2
-3
-7
0
-3
-7
-3
-5
-4
-1
-5
-2
-6
0
-5
0
0
-4
-5
-2
-3
5
-4
-4
-1
-8
3
0
-1
2
-1
-3
2
-1
5
2
2
4
-2
4
3
2
8
2
4
4
5
5
0
3
2
5
5
4
8
9
10
7
7
11
5
10
8
6
9
8
6
7
13
7
10
6
7
4
3
-1
2
8
1
3
-1
3
1
-3
0
0
1
1
-1
-4
-4
-6
-8
-7
-4
-4
-5
-8
-8
-4
-7
-7
-8
-8
-11
-11
0
-3
-6
-4
-2
1
-2
-3
-1
-2
-1
2
-2
1
1
-3
3
3
5
3
1
-1
7
5
0
7
0
4
3
1
4
1
4
-3
-4
5
0
-4
-1
2
3
4
3
-1
5
3
7
8
9
6
6
5
-4
2
-4
-2
0
-3
-2
-3
-7
-1
-3
2
6
3
4
1
-2
-6
-4
-5
-1
3
1
1
0
1
3
1
1
1
0
-5
-2
-1
5
1
2
4
-1
2
-1
1
2
0
-5
-8
-5
-2
-2
1
4
3
1
2
3
6
1
6
5
3
7
5
5
0
4
5
3
-1
5
10
8
1
-1
3
6
8
2
2
3
-2
-1
2
-1
6
4
0
0
-4
0
0
-3
4
4
1
0
6
2
-1
2
2
6
11
8
10
13
14
11
12
8
9
13
11
9
6
3
-2
-3
-6
-14
-22
-23
-27
-29
-33
-35
-33
-43
-41
-43
-40
-39
-40
-38
-44
-41
-38
-42
-43
-42
-39
-41
-36
-39
-33
-31
-34
-30
-25
-25
-21
-22
-16
-19
-16
-8
-8
-1
-5
3
4
7
13
15
22
23
25
23
29
30
29
35
38
44
43
42
47
46
48
48
52
55
52
48
50
55
52
47
49
51
54
50
47
55
48
47
47
40
44
37
32
27
24
25
22
22
21
20
26
27
38
49
57
53
57
61
62
61
60
61
55
49
45
40
33
15
-2
-9
-20
-29
-50
-63
-75
-88
-112
-128
-129
-135
-143
-160
-159
-163
-170
-179
-170
-165
-161
-156
-151
-141
-137
-134
-121
-111
-106
-101
-90
-73
-64
-60
-52
-40
-29
-21
-12
-7
0
2
14
22
32
38
41
56
64
78
89
105
113
122
129
140
153
157
158
156
156
155
148
149
139
139
139
131
117
111
99
81
60
45
30
16
0
-16
-34
-55
-68
-80
-88
-96
-102
-106
-107
-115
-105
-104
-95
-86
-73
-63
-55
-44
-41
-25
-11
4
13
28
40
44
51
45
51
53
47
54
63
63
67
68
73
77
77
78
86
90
89
88
93
92
86
88
88
84
86
73
77
71
69
72
65
71
75
77
79
80
80
75
77
74
63
59
46
22
-2
-17
-36
-64
-87
-113
-134
-161
-184
-213
-236
-260
-286
-305
-319
-331
-345
-353
-359
-362
-364
-355
-342
-324
-295
-280
-255
-237
-216
-188
-163
-131
-113
-87
-60
-32
-9
11
36
52
73
88
103
123
132
143
150
153
162
175
181
197
205
215
222
236
255
261
272
275
283
295
296
297
298
299
290
284
267
252
233
205
179
152
127
97
61
27
-13
-51
-80
-102
-121
-154
-174
-197
-211
-224
-235
-234
-236
-231
-226
-214
-200
-182
-166
-155
-131
-111
-88
-66
-48
-31
-8
13
37
56
68
81
86
95
109
114
124
123
129
137
144
151
157
166
155
157
153
153
151
144
148
146
145
148
155
155
164
175
182
182
183
179
179
173
164
155
140
125
106
80
52
21
-28
-63
-100
-141
-180
-226
-276
-329
-366
-411
-449
-477
-507
-525
-548
-555
-562
-571
-562
-550
-521
-500
-469
-441
-406
-372
-335
-287
-256
-209
-166
-126
-79
-44
-4
26
54
84
113
142
167
192
212
223
240
251
270
278
289
300
314
324
329
338
350
360
361
366
370
377
378
379
370
354
345
322
300
277
256
230
197
166
128
102
64
27
-2
-41
-72
-107
-137
-170
-194
-217
-242
-259
-276
-277
-282
-278
-272
-259
-243
-213
-193
-159
-124
-101
-65
-36
-9
21
38
57
74
85
95
105
125
134
133
151
164
168
172
177
182
178
176
183
184
176
175
172
168
163
154
151
143
134
127
126
124
121
125
123
129
119
113
105
100
94
85
77
65
60
36
11
-12
-38
-76
-115
-142
-177
-217
-268
-312
-352
-400
-440
-478
-507
-527
-551
-580
-594
-605
-610
-602
-593
-572
-553
-536
-504
-468
-429
-389
-341
-292
-243
-196
-140
-92
-47
-9
31
76
111
145
178
213
244
276
298
314
334
355
363
374
384
383
388
393
398
402
409
414
418
418
411
406
395
381
368
355
333
319
300
276
247
217
183
153
116
79
38
3
-33
-78
-109
-136
-164
-191
-208
-223
-242
-253
-255
-255
-257
-249
-233
-221
-209
-186
-164
-135
-100
-74
-42
-12
17
42
59
75
92
107
118
135
142
147
151
148
142
141
144
146
141
144
146
137
123
121
115
105
101
93
98
83
62
52
42
34
29
43
51
47
40
32
40
28
37
32
33
35
20
13
-6
-21
-46
-77
-98
-122
-152
-183
-223
-265
-300
-341
-371
-399
-423
-440
-468
-487
-496
-505
-514
-505
-485
-472
-458
-429
-396
-371
-341
-306
-262
-220
-175
-137
-96
-58
-19
16
56
95
128
155
186
218
244
269
293
319
333
352
366
378
383
395
396
393
405
404
406
403
400
389
375
355
347
332
315
296
272
259
226
196
160
118
87
48
17
-14
-52
-87
-127
-162
-187
-200
-215
-241
-254
-261
-264
-267
-265
-256
-239
-228
-211
-189
-171
-151
-131
-105
-81
-53
-30
3
31
53
71
93
106
121
137
149
164
166
160
159
169
174
168
165
168
161
154
145
140
141
129
123
128
128
122
103
85
70
62
50
31
30
34
24
18
16
5
-2
-14
-15
-12
-15
-18
-24
-28
-45
-54
-66
-80
-102
-117
-141
-172
-207
-242
-274
-310
-337
-373
-391
-413
-440
-453
-470
-482
-487
-486
-473
-453
-438
-417
-387
-362
-336
-297
-261
-217
-181
-138
-96
-59
-27
5
45
82
117
141
174
207
233
265
292
324
344
362
382
388
396
402
400
396
392
391
384
379
375
373
358
335
316
308
293
265
244
227
208
172
146
129
96
56
34
21
-17
-65
-96
-118
-153
-175
-187
-196
-210
-230
-243
-262
-264
-242
-224
-213
-201
-166
-140
-136
-122
-90
-68
-50
-13
30
49
36
54
95
113
107
106
126
155
157
148
156
162
154
138
142
146
143
137
120
125
121
107
93
83
83
74
56
36
38
29
17
-7
-17
-10
-22
-18
-5
2
-7
-20
-8
0
-6
-19
-11
-7
-19
-44
-47
-48
-62
-88
-104
-105
-129
-165
-203
-223
-259
-301
-324
-330
-336
-365
-396
-408
-402
-418
-423
-400
-387
-373
-359
-327
-291
-264
-245
-217
-163
-137
-109
-80
-48
-15
11
44
82
111
128
155
179
197
213
232
236
251
267
281
274
268
291
297
291
289
292
308
300
299
303
294
269
241
239
244
227
185
166
150
145
117
94
78
58
29
-4
-8
-38
-76
-109
-128
-137
-132
-149
-167
-180
-182
-171
-162
-166
-152
-118
-90
-60
-34
-21
-13
24
64
85
90
103
119
115
124
133
135
143
142
132
136
141
126
101
93
94
87
89
106
107
86
74
74
70
70
55
35
18
9
-1
-15
-38
-48
-38
-56
-64
-75
-82
-88
-96
-76
-52
-66
-67
-75
-67
-71
-73
-61
-56
-52
-58
-56
-63
-68
-64
-59
-81
-97
-109
-132
-170
-196
-211
-227
-243
-255
-248
-256
-270
-290
-287
-291
-299
-285
-269
-244
-212
-200
-189
-162
-146
-134
-107
-76
-56
-33
9
38
38
42
57
82
102
118
138
146
151
168
164
181
192
192
186
201
243
227
203
206
224
227
217
216
208
184
165
163
155
131
102
104
97
68
45
49
53
33
6
-15
-14
-17
-49
-70
-72
-86
-99
-71
-55
-83
-111
-91
-65
-51
-44
-44
-40
-15
15
29
45
62
78
88
91
122
147
122
104
123
151
139
120
130
141
140
135
135
137
109
101
102
90
78
68
63
46
35
26
9
2
11
7
-6
-9
-3
-30
-38
-37
-51
-68
-83
-80
-75
-72
-86
-94
-82
-91
-82
-75
-78
-79
-98
-97
-95
-75
-70
-82
-54
-41
-42
-61
-71
-63
-85
-99
-99
-110
-133
-174
-191
-195
-222
-232
-227
-223
-223
-236
-251
-252
-247
-231
-223
-195
-169
-169
-155
-129
-86
-78
-82
-61
-24
-10
2
-4
8
23
49
82
91
93
102
112
123
127
130
143
145
139
144
164
181
183
189
175
167
164
157
179
156
135
124
120
127
110
101
101
99
64
47
54
61
43
11
5
11
13
-14
-22
8
-2
-41
-31
32
51
8
13
78
88
44
58
138
145
71
81
154
155
66
86
140
90
30
63
145
115
20
24
70
58
5
0
53
44
-11
-35
26
64
13
-23
-16
7
-7
-20
3
0
-20
-51
-70
-51
-37
-71
-96
-83
-51
-70
-103
-100
-69
-89
-111
-96
-66
-62
-101
-106
-100
-96
-91
-53
-37
-56
-59
-29
-38
-51
-38
-32
-54
-81
-49
-33
-66
-79
-84
-103
-125
-133
-136
-148
-162
-187
-186
-171
-163
-167
-178
-155
-136
-148
-154
-122
-95
-110
-144
-95
-47
-58
-74
-20
36
14
-7
19
74
58
42
51
73
72
70
87
111
114
85
95
120
137
118
87
95
146
153
107
110
133
129
79
75
115
104
74
46
87
83
22
22
75
82
7
5
85
98
24
1
69
80
36
37
83
98
69
71
102
86
66
103
117
100
114
137
85
67
116
144
78
23
59
92
37
2
67
87
30
-17
70
110
20
-27
40
100
31
-52
30
113
40
-68
-50
36
13
-66
-48
5
-59
-112
-40
10
-71
-140
-100
-39
-65
-101
-99
-82
-95
-140
-128
-78
-41
-57
-98
-97
-65
-52
-72
-70
-32
-17
-42
-70
-62
-9
-49
-95
-92
-64
-65
-112
-110
-91
-108
-163
-159
-128
-112
-170
-186
-166
-157
-187
-188
-136
-144
-175
-164
-122
-120
-140
-132
-113
-120
-111
-63
-16
-26
-25
-3
26
30
20
59
88
71
68
88
109
61
62
132
131
84
101
170
170
121
113
149
154
141
136
130
129
133
114
98
104
135
134
85
93
135
91
40
52
94
80
47
43
87
105
76
48
58
61
14
49
95
84
31
54
78
38
7
48
75
38
29
53
70
39
36
25
39
55
38
14
48
83
15
-32
12
91
29
-34
10
71
42
-20
41
72
24
-23
-2
25
-19
-45
-48
-40
-61
-81
-69
-78
-88
-97
-83
-79
-85
-84
-87
-125
-103
-84
-84
-80
-71
-36
-46
-40
-32
-39
-53
-39
-21
-11
-30
-55
-34
-8
-16
-49
-97
-83
-29
-42
-84
-113
-91
-111
-170
-158
-117
-132
-173
-196
-165
-143
-174
-194
-171
-137
-135
-133
-100
-93
-104
-105
-83
-57
-38
-27
-25
18
10
16
25
38
48
26
26
61
56
63
68
65
111
99
100
102
121
141
150
148
135
136
123
126
149
164
129
105
128
131
87
72
85
98
72
60
82
72
31
7
59
66
42
29
46
59
46
26
32
33
33
55
88
95
-10
-14
55
73
39
39
101
83
38
99
160
99
-4
45
123
98
55
63
86
27
-5
45
76
27
4
23
37
5
9
52
12
-5
16
16
-22
-31
-9
1
-62
-82
-59
-34
-57
-94
-75
-54
-105
-114
-52
-82
-100
-114
-71
-38
-51
-58
-63
-40
-51
-52
-26
-20
-28
-46
-56
-68
-66
-76
-55
-19
-61
-93
-104
-88
-113
-160
-162
-175
-162
-155
-175
-178
-189
-195
-219
-215
-204
-191
-171
-164
-135
-143
-133
-102
-80
-73
-92
-85
-37
-17
-14
21
25
22
16
33
76
87
60
58
83
87
95
111
107
102
108
107
110
152
171
135
129
131
123
143
168
163
143
149
133
103
83
94
106
83
74
71
68
9
1
57
45
10
4
31
42
30
22
13
17
33
53
40
34
45
36
53
69
78
68
69
65
42
74
104
119
69
95
123
81
78
104
117
57
41
86
105
63
51
70
60
24
37
35
16
5
-4
12
-8
-17
-24
-30
-28
-37
-18
-42
-70
-34
-22
-63
-61
-47
-85
-124
-87
-1
-22
-79
-70
-32
-56
-85
-75
-48
-51
-62
-55
-56
-56
-61
-91
-103
-114
-119
-99
-122
-157
-187
-188
-217
-238
-187
-183
-232
-267
-254
-248
-281
-271
-228
-220
-247
-227
-175
-141
-165
-158
-109
-95
-86
-59
-23
-4
0
11
30
59
86
76
81
111
144
129
122
141
158
141
166
204
198
172
161
198
186
164
141
139
142
162
168
148
120
113
129
100
79
89
93
61
68
91
62
32
35
43
19
14
39
79
50
-15
11
42
40
25
42
56
28
46
59
58
92
72
60
103
143
145
102
138
151
136
137
103
86
89
97
98
80
67
74
78
71
53
50
38
2
13
28
-29
-50
-33
-58
-81
-68
-36
-71
-96
-72
-103
-119
-81
-54
-61
-64
-41
-35
-67
-77
-63
-61
-32
-16
-9
-10
-26
-10
-36
-20
-4
-21
-32
-51
-60
-73
-130
-161
-165
-202
-240
-253
-255
-294
-318
-356
-349
-311
-324
-321
-313
-291
-289
-291
-266
-251
-209
-176
-170
-144
-102
-94
-77
-54
-13
-3
-3
51
89
105
108
110
130
136
147
165
200
182
162
203
222
235
234
236
252
251
265
247
196
198
187
166
138
137
135
92
67
71
62
-1
7
59
39
-3
3
3
-1
3
33
44
-13
-9
32
0
-49
6
59
48
17
28
47
40
52
82
67
15
51
99
108
90
87
106
97
104
135
169
170
155
145
180
185
140
123
122
113
71
52
70
51
3
-14
-22
-54
-63
-65
-66
-84
-104
-100
-77
-42
-9
14
4
-33
-45
-23
-5
1
1
35
41
26
19
14
2
-43
-78
-61
-51
-75
-116
-149
-192
-250
-288
-309
-307
-331
-349
-402
-436
-456
-489
-475
-426
-414
-423
-409
-379
-358
-350
-333
-279
-236
-198
-142
-102
-71
-51
-22
32
101
132
190
184
178
204
196
216
220
270
311
307
308
294
290
278
257
287
308
308
296
320
301
264
249
234
218
215
182
160
132
86
73
25
5
-16
-64
-81
-82
-86
-128
-180
-153
-90
-89
-119
-108
-79
-92
-85
-46
-22
-40
-11
13
18
36
79
100
83
102
144
160
148
175
216
234
221
236
268
281
269
244
239
235
214
198
200
164
96
57
71
60
48
28
-8
-48
-70
-79
-70
6
72
82
41
18
20
22
28
73
106
96
70
42
32
18
-9
-27
-58
-62
-84
-178
-253
-309
-388
-449
-482
-477
-459
-503
-579
-656
-675
-692
-683
-622
-577
-587
-598
-571
-532
-501
-471
-411
-344
-269
-215
-163
-127
-89
-35
10
79
150
203
241
235
247
284
295
325
379
424
414
402
399
418
422
415
440
448
430
401
362
326
304
269
248
249
237
221
192
162
128
87
48
37
48
17
-48
-74
-82
-89
-108
-128
-135
-136
-117
-75
-65
-74
-85
-81
-51
-64
-32
17
22
9
29
64
67
66
104
154
178
166
168
200
214
173
181
223
228
199
193
203
163
133
159
177
166
100
85
77
28
1
11
37
89
185
253
205
98
80
118
163
192
224
249
205
113
65
43
1
-15
-33
-73
-113
-191
-294
-399
-489
-561
-613
-627
-623
-661
-739
-819
-868
-858
-819
-743
-682
-653
-663
-667
-655
-583
-480
-397
-339
-285
-205
-165
-136
-78
-21
41
92
171
228
252
250
223
257
302
343
398
463
479
462
445
442
492
532
552
542
509
453
416
415
402
368
322
265
219
197
179
138
88
54
-8
-34
-62
-97
-160
-200
-187
-172
-139
-111
-108
-125
-134
-120
-83
-25
19
7
-14
-22
0
52
108
144
169
144
115
116
135
163
156
178
221
227
221
224
189
140
114
126
120
97
133
143
106
72
66
69
31
29
58
77
126
246
364
374
308
234
229
269
309
381
408
385
298
191
141
104
81
46
0
-50
-134
-260
-416
-537
-636
-700
-739
-753
-756
-795
-877
-966
-978
-939
-876
-828
-777
-760
-792
-783
-741
-645
-527
-456
-409
-366
-317
-236
-195
-123
-29
24
86
144
203
244
235
247
306
360
421
493
518
499
470
467
520
621
712
674
612
529
465
463
488
471
417
330
226
182
163
158
76
-1
-51
-96
-126
-156
-201
-238
-282
-290
-236
-159
-109
-146
-174
-184
-138
-52
57
142
163
147
127
148
197
255
303
320
320
308
324
355
331
300
270
237
241
264
285
267
159
59
40
48
40
39
36
-47
-117
-119
-111
-72
-13
83
211
308
304
205
135
182
269
341
392
418
369
270
195
151
140
125
77
15
-63
-182
-349
-499
-583
-647
-707
-772
-817
-870
-954
-1031
-1074
-1022
-970
-923
-881
-849
-825
-811
-784
-680
-541
-452
-431
-410
-347
-298
-224
-136
-40
23
51
96
142
207
246
257
300
360
416
465
518
540
554
552
581
645
673
639
583
554
568
551
511
478
425
350
262
227
204
159
82
4
-32
-77
-112
-144
-161
-186
-214
-243
-238
-217
-189
-180
-172
-119
-67
-25
-25
-4
76
160
200
228
254
296
331
363
425
466
472
468
468
465
458
397
330
286
281
271
254
232
198
135
70
25
8
-15
-57
-80
-121
-118
-44
103
209
202
129
40
47
155
281
347
334
253
171
116
139
173
160
88
-38
-122
-185
-265
-418
-532
-632
-725
-775
-828
-866
-953
-1058
-1137
-1124
-1042
-965
-923
-938
-975
-967
-901
-782
-624
-507
-482
-489
-461
-370
-251
-117
-21
28
58
108
169
239
284
309
342
402
488
546
592
592
594
586
599
669
703
708
637
567
537
533
521
464
398
317
245
191
161
115
32
-71
-147
-197
-221
-228
-263
-282
-280
-305
-303
-273
-229
-177
-150
-133
-80
1
81
124
152
190
214
266
337
413
477
498
519
552
574
581
593
589
579
558
510
446
415
392
317
245
201
153
113
61
16
-69
-143
-146
-80
80
214
209
120
38
47
155
283
376
375
316
234
190
218
237
200
119
31
-57
-147
-285
-452
-593
-695
-802
-895
-952
-1003
-1113
-1216
-1291
-1284
-1231
-1203
-1173
-1161
-1153
-1106
-1007
-875
-735
-639
-574
-535
-448
-317
-200
-106
-43
33
101
163
236
307
341
381
425
477
543
604
635
657
671
673
684
692
699
700
648
578
536
488
452
394
315
233
159
98
43
-10
-76
-159
-258
-304
-322
-333
-353
-379
-374
-356
-325
-289
-244
-193
-154
-117
-53
62
168
239
278
288
327
381
460
560
648
677
662
660
656
663
676
674
658
623
582
537
490
456
378
288
196
155
134
80
23
-24
2
95
249
306
221
78
21
119
284
422
442
366
254
194
198
235
256
203
68
-54
-162
-285
-420
-565
-702
-824
-921
-984
-1024
-1111
-1221
-1296
-1319
-1296
-1231
-1182
-1182
-1165
-1124
-1075
-958
-820
-713
-659
-616
-561
-443
-302
-179
-97
-56
9
59
149
266
320
364
408
452
528
597
679
727
733
727
724
716
727
701
656
601
536
481
415
359
276
181
87
24
-16
-65
-146
-235
-347
-411
-409
-407
-411
-436
-457
-444
-413
-324
-240
-187
-135
-74
3
87
166
236
287
337
424
496
578
638
654
650
651
694
725
742
745
701
633
587
565
546
528
477
396
306
237
184
124
60
39
79
195
321
336
209
69
71
198
373
459
413
322
218
181
228
302
322
232
81
-56
-150
-256
-384
-521
-619
-715
-830
-916
-984
-1068
-1172
-1265
-1278
-1255
-1242
-1240
-1237
-1184
-1125
-1059
-951
-844
-747
-699
-677
-586
-451
-317
-247
-185
-145
-89
-35
66
157
242
273
273
313
384
492
568
619
614
589
556
595
637
668
639
552
467
432
404
351
299
212
118
28
-33
-78
-111
-176
-261
-302
-337
-347
-344
-329
-310
-299
-278
-239
-173
-104
-54
-11
51
132
219
288
352
393
473
523
584
652
678
693
709
726
716
705
669
649
621
627
592
511
435
372
307
248
195
134
69
66
164
299
352
230
42
-27
106
309
430
390
296
223
189
228
327
347
216
39
-70
-82
-114
-243
-432
-582
-695
-779
-823
-875
-925
-1026
-1138
-1190
-1151
-1087
-1108
-1156
-1145
-1067
-956
-870
-790
-705
-656
-630
-567
-424
-270
-195
-147
-118
-80
-20
67
174
244
298
278
275
312
366
432
480
490
448
405
393
400
441
476
435
356
286
236
208
180
140
98
39
-23
-67
-117
-180
-256
-283
-289
-305
-295
-305
-314
-303
-254
-175
-95
-38
3
39
126
198
247
302
340
413
480
554
626
664
693
700
693
719
740
749
722
659
624
593
542
478
425
351
290
233
184
141
29
-54
-32
97
231
193
40
-96
-60
95
240
275
205
139
119
161
229
285
253
147
38
-18
-31
-99
-240
-416
-526
-596
-663
-710
-759
-816
-911
-1000
-982
-953
-927
-936
-946
-909
-856
-790
-735
-637
-556
-490
-461
-398
-311
-223
-165
-120
-105
-70
7
43
117
161
165
155
194
270
330
350
355
332
308
300
307
312
286
242
193
151
132
121
84
44
-15
-77
-136
-173
-184
-197
-210
-256
-300
-321
-340
-337
-306
-277
-246
-215
-177
-122
-42
17
77
139
207
267
329
397
473
551
601
678
736
765
793
790
809
837
849
833
786
738
700
650
606
527
449
346
268
208
147
95
70
128
199
207
73
-63
-103
-2
130
172
105
16
-13
7
61
125
111
33
-70
-167
-166
-214
-325
-443
-556
-612
-681
-728
-783
-821
-847
-873
-854
-841
-846
-871
-846
-778
-669
-600
-548
-490
-440
-361
-310
-233
-148
-100
-66
-41
-6
51
84
91
101
100
107
130
179
227
255
270
263
271
272
250
223
214
188
182
159
134
79
19
-5
-52
-65
-98
-170
-237
-274
-289
-284
-303
-334
-370
-397
-387
-360
-317
-274
-253
-237
-180
-95
-34
28
85
157
207
248
315
377
463
511
566
590
651
688
706
741
799
828
829
809
765
766
753
744
672
595
520
455
419
336
243
202
269
379
404
240
15
-80
20
204
291
205
57
-38
-24
81
168
175
53
-108
-190
-170
-177
-259
-433
-581
-639
-666
-705
-772
-847
-940
-985
-951
-886
-848
-881
-919
-891
-749
-610
-515
-437
-404
-333
-272
-180
-100
-31
14
14
48
94
126
150
158
162
167
159
160
189
245
266
259
234
206
184
181
186
174
155
128
63
12
-24
-86
-103
-126
-150
-189
-248
-291
-315
-308
-306
-337
-354
-373
-400
-391
-370
-338
-338
-309
-257
-206
-131
-108
-66
19
67
144
208
256
319
365
435
522
606
627
614
611
644
690
732
745
719
699
701
702
675
649
613
556
490
433
371
298
261
280
372
451
400
240
90
109
242
372
374
260
147
111
147
193
226
168
56
-44
-99
-132
-215
-340
-487
-564
-604
-660
-753
-844
-882
-916
-915
-916
-879
-898
-923
-890
-793
-648
-553
-490
-441
-360
-267
-218
-146
-50
34
55
81
99
136
176
202
212
209
214
172
157
186
240
254
218
182
148
141
152
157
151
134
76
30
8
-31
-40
-93
-117
-140
-182
-212
-270
-305
-326
-350
-345
-378
-422
-445
-463
-441
-408
-359
-350
-335
-288
-239
-167
-88
-39
9
79
130
189
250
301
359
410
472
500
541
604
623
666
702
697
671
660
661
673
690
665
573
488
421
367
331
292
242
205
232
338
432
381
205
62
122
315
476
448
317
231
224
287
348
362
261
112
24
12
5
-58
-208
-379
-496
-540
-594
-653
-703
-771
-860
-913
-940
-917
-873
-840
-794
-739
-669
-625
-571
-500
-415
-363
-330
-290
-215
-153
-120
-56
19
84
123
136
125
125
136
160
203
256
248
205
170
173
210
232
218
213
201
191
169
130
114
124
72
5
-42
-75
-93
-109
-111
-127
-161
-235
-305
-342
-345
-343
-377
-410
-399
-392
-366
-344
-304
-266
-255
-223
-164
-64
10
50
76
110
156
214
288
361
437
489
533
552
566
589
605
625
678
696
655
617
591
567
522
445
377
325
280
205
135
135
219
336
368
242
68
57
207
406
487
393
273
234
297
377
390
351
267
188
163
141
65
-76
-270
-395
-430
-459
-524
-654
-770
-838
-866
-867
-856
-852
-876
-894
-865
-770
-674
-618
-585
-535
-471
-406
-368
-274
-184
-148
-137
-130
-50
24
99
114
88
88
84
99
138
180
217
201
169
141
149
189
214
236
216
168
162
136
158
157
131
100
25
7
-1
19
-31
-92
-141
-188
-221
-246
-275
-328
-367
-391
-373
-338
-327
-332
-344
-315
-263
-193
-127
-84
-43
-30
15
88
145
213
307
375
440
456
459
503
577
626
639
619
600
598
629
650
611
541
441
378
343
314
285
216
131
109
166
290
396
370
249
136
187
396
587
626
485
384
403
485
569
543
465
355
265
213
176
81
-92
-274
-406
-476
-547
-647
-754
-845
-907
-975
-1009
-1013
-1019
-1025
-1019
-992
-933
-865
-815
-781
-702
-575
-497
-467
-445
-382
-286
-184
-103
-37
-4
2
-8
1
76
140
179
171
152
167
192
218
265
302
294
285
267
292
316
312
309
256
238
201
176
146
93
56
16
-9
-64
-117
-183
-243
-263
-277
-305
-342
-388
-416
-425
-389
-348
-318
-285
-282
-272
-209
-135
-61
36
115
162
210
256
326
426
523
586
612
618
620
669
714
762
784
737
670
618
598
558
533
496
425
345
274
235
185
182
198
255
349
382
330
233
242
352
504
567
522
445
424
452
477
486
433
345
244
149
57
-44
-182
-336
-457
-547
-637
-744
-891
-1000
-1059
-1080
-1091
-1120
-1138
-1155
-1147
-1086
-999
-944
-897
-888
-833
-740
-622
-525
-455
-392
-315
-247
-187
-148
-122
-82
-22
22
30
42
32
74
123
192
231
233
227
223
251
302
373
402
410
403
378
364
387
413
397
350
294
240
197
158
121
63
-9
-61
-118
-174
-202
-247
-263
-313
-361
-404
-431
-411
-396
-343
-295
-248
-214
-177
-118
-51
37
143
224
267
300
353
432
548
636
667
639
639
670
694
735
741
690
621
580
548
520
480
411
355
301
265
222
185
198
293
425
495
432
301
264
396
605
713
650
518
463
502
544
577
535
433
294
190
121
61
-54
-244
-423
-569
-656
-775
-882
-976
-1046
-1124
-1194
-1210
-1220
-1218
-1214
-1183
-1128
-1078
-1046
-1020
-944
-839
-730
-680
-646
-587
-527
-453
-389
-324
-259
-208
-176
-145
-109
-70
-60
-12
58
125
210
237
243
249
277
350
436
494
481
437
446
452
464
446
385
337
291
290
259
228
184
114
35
-36
-78
-125
-166
-208
-268
-295
-286
-299
-304
-300
-285
-255
-214
-156
-95
-46
5
63
141
199
261
330
382
432
488
536
571
603
638
629
609
601
616
653
628
595
551
524
515
489
458
426
377
335
305
279
283
346
490
595
570
436
329
399
603
783
765
610
530
543
580
591
564
472
336
197
83
7
-110
-286
-460
-606
-709
-818
-943
-1057
-1139
-1189
-1234
-1263
-1284
-1319
-1353
-1325
-1241
-1158
-1112
-1093
-1046
-940
-829
-769
-716
-640
-574
-513
-472
-421
-361
-301
-243
-217
-156
-114
-101
-50
27
108
164
197
204
241
323
401
467
484
505
500
501
515
534
540
455
385
338
338
335
307
240
147
72
3
-36
-63
-117
-177
-239
-278
-289
-301
-309
-315
-304
-249
-185
-132
-85
-49
-8
57
162
250
319
334
343
387
472
575
628
621
614
593
603
659
716
711
641
565
534
537
536
494
431
396
379
385
344
278
246
268
383
554
665
619
454
362
461
685
848
810
618
492
481
536
591
559
431
232
59
-33
-82
-176
-352
-586
-757
-858
-941
-1033
-1154
-1236
-1302
-1352
-1389
-1396
-1407
-1401
-1362
-1307
-1238
-1178
-1114
-1052
-942
-837
-771
-734
-667
-594
-498
-403
-372
-300
-224
-150
-116
-55
-1
34
98
173
231
270
285
295
357
400
442
442
446
458
466
472
469
467
451
401
335
283
242
216
201
166
91
36
-16
-43
-62
-77
-118
-162
-188
-184
-176
-158
-133
-126
-73
-43
20
89
128
170
213
255
300
337
368
407
450
474
498
539
560
565
555
557
543
534
535
532
508
484
449
406
407
421
427
379
313
259
243
250
268
337
448
582
620
562
474
463
592
760
850
794
661
573
542
560
575
527
390
207
53
-68
-177
-323
-505
-694
-851
-962
-1079
-1191
-1276
-1364
-1455
-1516
-1516
-1499
-1492
-1478
-1445
-1392
-1292
-1197
-1114
-1014
-923
-877
-810
-709
-574
-452
-367
-297
-243
-143
-52
21
71
127
155
164
186
233
301
346
360
349
365
371
368
369
371
378
371
353
312
293
285
251
197
159
127
90
84
85
58
15
-9
-13
-15
-4
-15
-24
-30
-2
15
43
76
102
142
174
222
274
299
330
348
376
422
433
445
438
420
426
438
447
455
451
448
449
450
448
452
448
442
449
441
421
390
360
347
331
306
283
256
227
247
309
434
611
708
649
513
467
562
751
858
800
678
568
514
470
454
403
274
103
-97
-243
-368
-539
-740
-959
-1093
-1185
-1286
-1406
-1523
-1619
-1694
-1709
-1681
-1598
-1568
-1571
-1553
-1468
-1331
-1168
-1036
-937
-836
-754
-675
-555
-384
-225
-120
-61
-20
35
137
246
319
369
404
379
372
411
457
502
488
447
401
398
412
383
370
355
318
290
260
237
233
219
200
168
137
134
114
104
116
111
124
153
170
159
135
132
132
151
174
184
176
159
154
175
201
209
212
196
188
221
253
272
272
239
209
183
215
269
320
350
349
340
337
379
405
409
418
399
388
418
419
403
379
360
337
354
347
294
274
281
321
399
532
705
788
716
586
520
593
755
845
783
644
486
371
296
248
177
67
-101
-317
-511
-680
-821
-992
-1183
-1359
-1468
-1529
-1571
-1606
-1680
-1729
-1768
-1735
-1632
-1519
-1433
-1401
-1357
-1258
-1093
-919
-754
-638
-579
-519
-393
-219
-49
71
141
179
214
298
392
476
515
481
463
458
478
509
508
483
404
360
332
320
337
336
292
242
235
238
257
259
236
190
191
225
263
306
322
292
258
267
321
353
374
336
264
218
210
251
275
280
235
173
116
124
180
213
192
158
136
124
150
168
191
199
189
165
155
164
194
203
208
225
229
239
247
253
262
282
325
336
348
364
340
340
358
392
397
411
389
362
360
354
416
554
731
816
770
582
424
390
456
548
558
471
318
140
-25
-169
-277
-346
-413
-535
-698
-889
-1074
-1245
-1393
-1507
-1552
-1555
-1539
-1549
-1610
-1675
-1713
-1638
-1531
-1391
-1294
-1239
-1175
-1092
-977
-849
-685
-524
-419
-326
-241
-142
-16
91
165
228
289
384
420
444
458
461
473
489
486
486
509
511
483
426
396
392
413
451
466
471
477
472
475
470
491
525
543
560
544
527
541
534
532
512
484
443
417
415
404
387
328
271
214
169
130
95
92
79
64
34
13
-1
-10
19
23
58
63
50
45
29
39
52
92
123
125
142
182
201
230
254
289
299
302
297
311
330
364
407
410
398
393
378
317
291
309
335
304
216
106
34
34
56
52
-15
-48
-33
-33
-101
-214
-338
-402
-391
-371
-371
-414
-448
-475
-497
-580
-678
-736
-758
-721
-704
-748
-834
-931
-1019
-1052
-1044
-1011
-947
-903
-861
-881
-929
-965
-921
-818
-720
-632
-588
-552
-507
-434
-373
-296
-242
-199
-139
-60
32
92
140
173
203
250
299
357
422
479
526
541
542
572
619
660
708
718
727
728
731
750
757
762
770
765
791
798
763
722
671
637
632
635
617
547
487
420
353
294
240
178
133
105
66
42
2
-69
-113
-144
-160
-163
-189
-192
-166
-112
-110
-130
-144
-142
-120
-67
10
55
64
54
110
144
159
189
211
221
219
224
207
175
145
148
159
167
139
81
-8
-76
-112
-125
-142
-173
-230
-269
-289
-300
-298
-326
-358
-393
-396
-398
-375
-370
-366
-367
-376
-367
-374
-344
-276
-188
-124
-132
-183
-221
-247
-221
-156
-96
-49
-47
-75
-105
-160
-213
-257
-283
-308
-343
-357
-392
-455
-509
-576
-647
-662
-675
-650
-637
-626
-592
-552
-510
-480
-425
-355
-280
-193
-122
-23
71
137
193
237
275
352
429
514
576
604
623
631
660
694
702
688
688
692
709
714
706
686
644
586
537
535
534
512
464
424
395
381
372
323
260
213
210
211
224
199
158
136
112
101
104
71
42
52
80
73
31
-8
-36
-11
-10
-31
-87
-144
-136
-97
-78
-104
-141
-167
-178
-174
-183
-209
-228
-203
-172
-195
-257
-316
-318
-295
-309
-308
-303
-295
-269
-246
-229
-251
-288
-288
-236
-175
-127
-102
-107
-134
-158
-172
-200
-160
-113
-78
-73
-108
-149
-178
-188
-184
-172
-183
-154
-95
-42
1
24
41
84
146
213
269
255
212
192
195
212
222
222
195
182
184
125
58
-10
-84
-143
-193
-247
-295
-336
-386
-427
-461
-495
-517
-522
-479
-440
-417
-373
-336
-258
-180
-114
-47
3
68
123
193
267
309
340
354
376
401
414
447
443
420
408
396
405
399
382
355
329
331
340
343
355
340
324
321
298
303
347
381
405
409
430
414
423
412
384
358
318
292
234
163
118
91
44
-23
-127
-235
-330
-394
-442
-486
-519
-555
-580
-611
-630
-654
-665
-652
-646
-621
-595
-534
-466
-419
-397
-378
-331
-262
-215
-192
-158
-103
-49
-15
-19
-30
-36
-16
-24
-53
-50
-41
-51
-63
-56
-35
-10
8
39
76
114
136
166
190
184
204
236
274
291
319
342
365
381
365
352
333
349
400
447
501
538
571
571
516
442
366
317
295
273
250
238
202
135
40
-70
-176
-272
-367
-455
-538
-622
-675
-724
-761
-800
-849
-883
-899
-877
-832
-793
-743
-663
-563
-468
-384
-310
-226
-141
-31
97
222
343
417
481
555
607
662
692
687
698
711
720
714
689
648
605
538
459
384
319
266
207
133
52
-16
-64
-85
-91
-108
-120
-141
-155
-139
-142
-130
-129
-122
-105
-93
-85
-76
-76
-77
-97
-151
-189
-220
-241
-280
-314
-365
-422
-483
-527
-538
-556
-561
-550
-553
-531
-523
-501
-441
-380
-296
-240
-184
-151
-109
-31
56
145
193
249
285
319
372
409
451
454
451
466
469
478
473
463
454
458
453
444
437
423
434
443
434
420
409
403
417
418
459
491
504
520
530
567
637
704
712
643
523
397
306
238
166
97
11
-82
-168
-284
-425
-569
-736
-892
-1020
-1105
-1169
-1210
-1220
-1258
-1260
-1260
-1235
-1162
-1095
-992
-905
-822
-692
-544
-381
-233
-115
-22
75
181
269
362
434
479
529
577
626
645
630
595
546
503
438
380
320
250
175
97
59
32
7
-3
-46
-99
-146
-179
-183
-148
-107
-71
-35
5
69
131
173
185
182
182
185
190
198
210
201
182
150
93
34
-36
-99
-156
-225
-291
-345
-403
-453
-481
-522
-510
-491
-477
-463
-455
-445
-401
-329
-249
-130
-26
75
162
225
323
418
510
570
623
678
712
740
747
754
752
729
697
644
603
563
522
506
455
396
358
324
287
239
192
152
116
98
92
83
77
96
117
136
161
211
266
336
375
357
313
259
217
170
91
5
-65
-117
-178
-245
-366
-501
-627
-756
-863
-982
-1107
-1207
-1270
-1309
-1330
-1349
-1311
-1264
-1198
-1141
-1087
-1015
-929
-801
-668
-522
-386
-243
-113
23
152
265
364
424
459
496
546
577
603
609
611
625
595
534
445
367
295
213
157
108
84
63
61
57
18
9
7
15
30
35
45
80
139
197
248
285
329
377
404
399
363
339
307
286
246
187
138
90
69
39
-15
-80
-140
-222
-269
-328
-339
-342
-337
-296
-284
-225
-190
-143
-90
-54
12
64
121
200
281
352
413
460
510
554
591
610
602
591
540
504
471
442
379
300
223
183
156
114
62
-4
-37
-47
-57
-74
-81
-95
-100
-83
-70
-32
5
46
74
102
136
159
220
303
401
477
508
477
430
360
282
191
61
-89
-229
-359
-466
-546
-625
-724
-850
-962
-1097
-1216
-1339
-1427
-1472
-1500
-1488
-1459
-1391
-1283
-1134
-996
-851
-731
-607
-473
-341
-200
-66
77
237
388
543
675
753
807
816
824
802
760
708
629
572
533
498
444
392
320
231
152
60
-4
-58
-110
-157
-173
-179
-155
-107
-46
23
96
184
253
326
380
434
504
556
633
707
755
788
789
749
702
648
564
462
352
240
136
47
-55
-140
-207
-271
-343
-421
-491
-534
-567
-562
-554
-547
-508
-432
-326
-214
-118
-36
36
91
148
188
225
256
280
311
347
361
379
366
366
325
254
188
99
27
-40
-85
-140
-172
-195
-217
-208
-187
-180
-163
-161
-133
-105
-89
-65
-52
-23
3
59
120
174
245
278
322
381
446
510
544
520
459
377
265
141
-1
-129
-255
-378
-480
-595
-690
-789
-883
-969
-1061
-1154
-1254
-1321
-1343
-1349
-1327
-1277
-1173
-1020
-845
-671
-515
-366
-252
-113
8
100
212
326
442
542
650
733
813
872
906
902
853
775
699
621
534
467
381
319
265
238
204
187
169
142
121
107
85
65
69
81
128
193
275
345
416
485
524
544
556
565
573
556
530
510
495
470
433
377
306
221
120
35
-80
-196
-295
-383
-456
-513
-564
-585
-619
-631
-621
-611
-592
-553
-521
-484
-430
-351
-247
-154
-64
9
70
119
163
185
195
193
195
178
155
127
84
31
-31
-78
-139
-170
-227
-262
-302
-313
-304
-310
-294
-278
-232
-169
-95
-2
94
166
233
294
341
389
410
437
467
483
503
505
500
518
536
556
589
615
600
537
439
315
181
45
-119
-274
-431
-568
-685
-771
-845
-908
-965
-1033
-1075
-1133
-1157
-1176
-1166
-1132
-1078
-981
-853
-698
-524
-319
-136
44
201
355
473
586
672
735
792
857
927
939
950
934
903
863
795
708
595
470
348
236
121
31
-65
-139
-197
-229
-254
-261
-240
-223
-196
-169
-140
-107
-60
5
60
123
185
242
302
366
422
465
478
459
447
424
385
331
276
193
118
37
-71
-162
-246
-310
-401
-477
-556
-630
-691
-741
-746
-747
-730
-702
-658
-605
-524
-432
-347
-267
-188
-118
-54
24
96
163
218
261
285
312
300
293
272
255
228
185
148
96
61
14
-25
-63
-79
-81
-84
-70
-48
-34
-13
12
37
82
128
173
215
253
292
341
398
443
465
485
484
477
472
458
433
394
359
329
328
335
349
347
317
259
188
108
28
-60
-161
-286
-388
-474
-570
-631
-668
-680
-680
-681
-676
-677
-663
-650
-640
-627
-602
-550
-475
-374
-260
-140
-47
75
211
310
399
429
445
449
447
428
391
350
313
284
226
179
123
78
30
-29
-89
-153
-209
-265
-301
-347
-373
-370
-355
-329
-289
-234
-194
-121
-56
13
73
111
134
152
168
191
194
213
228
240
251
259
269
264
253
212
180
121
53
-36
-106
-163
-226
-253
-289
-312
-325
-327
-316
-310
-274
-251
-224
-175
-133
-70
-17
35
103
147
195
244
275
291
302
297
287
271
252
230
202
172
134
84
47
14
-18
-48
-54
-52
-48
-20
-4
17
40
62
99
138
188
236
289
338
370
421
460
493
519
507
499
489
474
436
386
343
278
234
213
191
171
137
108
88
85
77
79
59
31
0
-42
-67
-112
-160
-249
-328
-411
-489
-570
-629
-669
-711
-732
-758
-758
-743
-713
-684
-657
-653
-644
-624
-582
-540
-497
-451
-394
-321
-243
-160
-108
-37
10
40
59
54
55
25
0
-14
-41
-51
-48
-51
-57
-70
-64
-69
-79
-91
-99
-92
-79
-73
-64
-36
-5
42
95
157
217
266
312
361
416
462
488
516
537
543
543
523
512
498
466
440
395
357
310
269
238
207
176
120
64
13
-42
-103
-145
-171
-199
-219
-239
-226
-209
-178
-133
-93
-37
14
61
95
126
151
173
189
190
185
188
194
209
198
194
203
204
194
202
183
159
114
63
32
-19
-43
-61
-64
-42
-22
-1
24
48
79
91
93
75
51
28
7
-5
-25
-28
-29
-32
-28
-33
-41
-45
-40
-36
-42
-68
-69
-78
-67
-42
-27
-1
29
68
78
98
96
80
66
20
-55
-144
-243
-321
-398
-492
-581
-668
-736
-805
-835
-851
-866
-863
-849
-829
-795
-764
-705
-648
-580
-519
-445
-345
-252
-137
-37
88
201
303
385
441
490
531
555
545
517
487
452
407
354
311
270
236
212
183
154
121
86
54
29
18
9
8
9
35
68
107
168
224
295
348
401
443
481
514
543
557
554
537
518
494
465
432
394
358
303
260
216
176
133
88
46
-11
-55
-103
-141
-175
-220
-238
-275
-289
-292
-286
-272
-255
-207
-162
-110
-71
-41
4
45
67
71
59
56
49
46
49
26
16
-1
-20
-22
-45
-61
-70
-105
-136
-170
-196
-225
-239
-259
-271
-274
-275
-270
-235
-207
-189
-165
-134
-95
-85
-70
-64
-40
-28
-25
-15
-9
1
6
22
28
38
66
81
106
112
118
127
140
157
158
163
179
194
202
197
193
158
115
77
28
-37
-118
-192
-263
-331
-390
-445
-496
-533
-558
-579
-592
-590
-558
-522
-494
-455
-411
-348
-291
-229
-165
-106
-43
20
87
167
234
278
328
350
378
405
418
426
417
393
357
329
303
284
252
229
190
170
150
135
138
134
136
140
153
148
167
165
181
195
209
234
247
269
277
286
293
300
290
292
284
250
213
181
130
84
31
-37
-92
-140
-168
-206
-244
-270
-291
-300
-302
-292
-279
-259
-235
-194
-174
-151
-119
-101
-91
-81
-69
-65
-58
-52
-54
-43
-45
-40
-33
-40
-51
-81
-103
-137
-157
-185
-215
-231
-242
-253
-248
-222
-198
-156
-118
-90
-65
-32
-5
8
31
63
73
98
111
115
127
136
124
120
113
119
115
111
109
101
97
92
81
73
76
77
73
67
68
79
97
136
159
187
215
257
279
292
320
335
340
331
323
322
311
294
271
240
213
160
114
54
-31
-102
-191
-274
-346
-428
-501
-544
-577
-602
-635
-640
-629
-602
-577
-538
-498
-451
-377
-321
-267
-231
-190
-130
-70
-12
43
98
154
203
237
259
276
284
266
235
199
153
121
78
46
16
-10
-20
-18
-25
-17
-11
-3
21
26
38
48
65
61
63
76
101
100
105
101
109
128
131
154
156
170
174
168
157
137
124
98
65
50
28
16
16
17
22
24
25
28
36
56
76
78
87
80
74
70
66
58
40
26
7
10
3
16
12
24
26
19
8
-19
-26
-29
-44
-54
-58
-69
-82
-84
-91
-91
-77
-77
-66
-70
-59
-48
-44
-32
-18
-7
4
-2
16
37
45
66
74
83
87
96
110
111
95
90
94
89
91
72
71
78
73
70
68
63
64
63
68
66
56
47
41
30
23
31
23
32
32
29
15
4
-6
-11
-22
-44
-65
-96
-135
-175
-222
-283
-355
-418
-462
-516
-557
-589
-610
-613
-626
-612
-602
-578
-532
-484
-442
-392
-330
-284
-242
-180
-123
-58
14
74
131
190
245
303
352
384
412
433
452
461
455
447
447
438
403
357
328
293
258
221
200
170
144
110
77
63
55
55
55
56
59
61
75
83
94
96
106
117
122
138
133
130
140
145
142
125
112
106
103
89
65
49
32
26
24
20
4
0
3
10
25
35
46
60
67
71
74
73
72
54
37
30
28
1
0
-17
-43
-51
-75
-84
-97
-104
-127
-152
-164
-179
-189
-210
-219
-214
-206
-192
-183
-175
-167
-151
-140
-134
-118
-119
-114
-102
-108
-119
-121
-106
-84
-80
-83
-86
-79
-73
-77
-78
-93
-93
-91
-110
-129
-117
-118
-121
-121
-116
-98
-79
-46
-23
11
28
57
79
96
111
121
135
137
158
180
204
226
247
256
255
269
267
265
252
232
207
197
190
169
156
126
98
88
61
42
14
-38
-64
-120
-176
-214
-262
-301
-326
-336
-347
-358
-347
-333
-308
-279
-247
-203
-171
-141
-109
-67
-24
19
53
89
118
156
189
225
239
253
273
284
298
307
299
291
282
263
217
176
130
86
51
4
-31
-59
-94
-99
-109
-112
-115
-115
-100
-100
-85
-76
-54
-20
1
30
39
65
91
111
133
131
148
141
143
130
108
83
51
12
-19
-54
-83
-96
-110
-125
-150
-169
-186
-188
-178
-189
-188
-197
-203
-201
-205
-188
-174
-149
-122
-98
-65
-41
-14
10
42
45
42
52
59
66
55
68
65
77
82
80
77
74
70
65
51
39
32
18
14
3
-3
-17
-12
-18
-23
-23
-28
-15
-17
-1
0
6
23
28
35
47
49
50
53
50
48
61
73
74
81
108
122
131
140
134
145
133
135
134
124
121
112
105
86
91
91
85
87
87
84
70
63
65
53
33
6
-14
-33
-40
-40
-54
-59
-57
-47
-53
-62
-90
-107
-121
-158
-187
-244
-283
-314
-348
-362
-389
-401
-405
-403
-383
-379
-365
-345
-323
-304
-273
-252
-214
-181
-149
-116
-82
-45
-12
36
74
124
151
178
200
211
211
206
211
201
180
157
130
96
86
69
59
53
47
47
49
60
77
88
108
119
142
162
176
208
223
251
270
274
285
297
304
294
290
282
263
256
237
223
201
184
158
137
111
90
65
44
16
-13
-37
-65
-97
-118
-127
-135
-127
-135
-126
-120
-90
-82
-69
-49
-47
-35
-28
-8
-11
-2
0
-3
-6
-15
-17
-29
-38
-53
-69
-76
-94
-107
-125
-125
-134
-133
-131
-139
-137
-132
-132
-131
-119
-111
-101
-83
-63
-55
-43
-40
-20
-8
-3
8
9
21
17
12
5
-7
-27
-46
-52
-69
-74
-86
-98
-100
-120
-123
-128
-131
-136
-143
-133
-125
-116
-112
-97
-77
-70
-49
-43
-29
-2
15
33
35
59
70
76
62
56
68
59
58
49
48
43
46
46
55
58
66
81
81
100
99
108
89
67
59
46
51
31
19
10
2
7
17
20
34
55
65
82
82
94
90
84
73
74
75
73
71
74
79
72
84
83
85
93
90
94
94
84
78
54
43
23
4
-13
-15
-27
-43
-43
-61
-60
-62
-56
-64
-55
-55
-58
-55
-60
-60
-60
-48
-52
-39
-27
-19
13
35
52
63
73
84
84
80
77
76
51
34
15
-2
-19
-43
-62
-79
-95
-81
-87
-82
-80
-86
-82
-84
-87
-96
-91
-92
-87
-74
-67
-63
-60
-53
-56
-53
-61
-64
-66
-76
-93
-100
-98
-101
-115
-116
-111
-106
-100
-89
-92
-92
-87
-86
-78
-76
-62
-49
-37
-25
-4
14
36
65
95
121
144
159
170
182
194
190
199
193
190
190
176
180
175
172
155
151
131
118
108
88
74
61
52
37
27
21
25
22
24
32
51
59
81
97
106
117
119
126
123
132
119
108
92
72
67
50
32
6
-15
-31
-49
-62
-82
-115
-133
-158
-175
-191
-210
-223
-249
-261
-262
-268
-268
-260
-247
-232
-233
-215
-209
-182
-160
-152
-127
-105
-90
-77
-64
-49
-32
-28
-13
-23
-10
-8
-6
-9
-19
-19
-20
-25
-20
-14
-26
-28
-25
-28
-33
-36
-30
-27
-34
-22
-14
1
11
6
30
42
53
67
81
99
109
121
135
150
160
176
186
191
204
195
195
188
188
178
170
166
146
125
100
74
59
53
44
45
50
53
44
50
52
54
48
54
58
70
77
86
96
103
110
116
129
123
130
121
114
101
82
72
40
27
8
-11
-31
-45
-59
-89
-95
-108
-121
-133
-150
-146
-151
-158
-158
-150
-142
-134
-129
-121
-109
-105
-91
-81
-66
-50
-45
-33
-25
-22
-19
-26
-29
-28
-39
-43
-51
-55
-62
-72
-63
-68
-61
-69
-69
-82
-76
-76
-68
-75
-82
-79
-84
-81
-77
-75
-79
-79
-82
-86
-81
-78
-75
-74
-68
-60
-56
-46
-40
-39
-38
-38
-38
-33
-41
-34
-22
-26
-13
-10
-10
-3
-6
-3
1
16
25
34
48
41
54
58
69
93
96
117
110
128
134
130
126
124
126
117
117
109
103
101
102
101
103
100
91
98
90
92
102
91
82
67
67
72
65
60
58
51
53
61
72
77
87
80
80
74
84
89
86
80
77
76
63
62
53
51
45
34
25
5
-14
-21
-48
-62
-83
-104
-109
-120
-138
-149
-144
-157
-147
-158
-151
-138
-143
-118
-107
-86
-78
-58
-42
-33
-14
-11
-7
6
13
7
4
-8
-10
-17
-28
-31
-57
-64
-62
-63
-64
-70
-68
-68
-72
-73
-79
-80
-80
-79
-74
-71
-81
-78
-70
-63
-43
-31
-14
8
14
32
26
24
32
40
49
48
52
54
55
60
58
53
55
52
60
59
63
65
65
75
82
76
67
67
66
57
62
59
66
74
70
67
70
71
69
79
82
93
95
98
100
98
98
102
100
91
91
72
55
32
5
-12
-29
-44
-62
-71
-94
-95
-113
-114
-128
-136
-135
-148
-143
-132
-132
-116
-105
-94
-84
-73
-56
-48
-36
-32
-25
-22
-22
-24
-29
-33
-45
-53
-62
-74
-82
-93
-101
-115
-113
-121
-130
-127
-116
-113
-98
-84
-65
-57
-58
-39
-23
-1
16
39
57
81
93
108
113
125
137
148
150
142
133
129
120
99
83
72
60
45
30
15
7
-3
-21
-25
-27
-29
-22
-17
-17
-16
-7
-1
14
23
55
74
96
125
136
160
170
190
206
207
203
190
170
152
127
113
96
70
53
36
13
-9
-30
-38
-51
-67
-69
-72
-77
-72
-70
-71
-75
-74
-61
-67
-63
-55
-44
-32
-17
-4
-1
9
7
20
19
12
2
-2
3
-17
-30
-30
-39
-42
-41
-45
-43
-62
-72
-71
-72
-83
-83
-84
-79
-82
-82
-79
-78
-81
-78
-84
-84
-73
-68
-58
-64
-66
-68
-75
-78
-81
-72
-71
-70
-68
-66
-59
-65
-63
-58
-60
-56
-44
-48
-45
-42
-30
-28
-27
-31
-27
-35
-49
-50
-46
-40
-46
-42
-47
-43
-29
-25
-18
-5
9
26
34
55
71
86
96
96
108
116
129
133
134
135
132
135
135
136
130
124
125
116
113
96
96
85
69
59
53
44
36
35
41
53
54
54
56
68
67
73
73
75
87
86
98
111
110
115
109
120
126
124
125
127
120
119
111
99
88
68
57
37
32
25
12
-7
-18
-24
-34
-39
-53
-54
-62
-61
-69
-76
-85
-93
-99
-102
-103
-113
-117
-128
-134
-127
-141
-148
-158
-157
-149
-157
-152
-151
-160
-162
-169
-165
-162
-176
-170
-164
-157
-143
-144
-133
-127
-127
-119
-122
-111
-103
-84
-77
-70
-57
-51
-46
-40
-30
-30
-26
-23
-12
-8
0
5
8
3
10
16
24
31
41
47
44
70
67
80
81
85
89
96
97
101
101
102
105
99
111
108
115
122
129
126
124
119
117
121
117
112
101
91
97
82
71
79
74
71
65
62
59
65
73
65
68
80
77
79
74
71
79
76
78
80
72
64
65
53
58
60
47
37
18
24
18
5
1
-10
-19
-30
-37
-42
-59
-65
-79
-90
-104
-114
-111
-118
-119
-122
-119
-117
-109
-98
-100
-96
-93
-94
-90
-83
-82
-88
-91
-84
-87
-87
-89
-88
-94
-85
-86
-86
-85
-101
-101
-108
-110
-109
-98
-87
-82
-77
-75
-71
-64
-55
-52
-48
-49
-30
-22
-14
5
9
16
19
27
35
40
41
54
50
63
66
65
76
73
77
76
76
88
92
98
98
90
101
101
98
103
105
115
105
97
94
91
85
84
82
68
69
72
64
61
66
69
68
72
70
63
60
49
43
32
27
25
21
17
12
6
16
12
14
20
18
18
9
6
0
5
0
4
0
-5
-2
-5
-6
-4
-4
-9
-16
-24
-18
-27
-28
-31
-33
-38
-43
-44
-51
-48
-49
-58
-61
-71
-70
-68
-72
-81
-81
-88
-83
-99
-105
-100
-103
-105
-106
-102
-109
-99
-92
-81
-82
-76
-67
-59
-55
-57
-45
-45
-46
-37
-31
-27
-26
-18
-12
-16
-14
-11
-5
-7
-11
-17
-18
-23
-30
-27
-28
-29
-30
-25
-19
-17
-8
9
21
36
48
53
65
80
92
95
101
115
112
121
124
113
122
121
125
127
120
126
118
108
94
82
78
71
63
57
52
42
39
36
36
29
37
34
32
31
35
32
31
35
36
44
36
32
43
46
44
43
42
43
41
42
33
37
24
20
14
-2
-1
-25
-35
-48
-60
-69
-75
-80
-94
-94
-109
-106
-118
-120
-117
-119
-123
-128
-117
-111
-110
-102
-90
-87
-73
-68
-63
-56
-52
-41
-39
-36
-34
-28
-30
-31
-33
-34
-36
-36
-24
-24
-31
-40
-44
-52
-48
-49
-50
-48
-47
-45
-45
-49
-28
-22
-16
3
1
10
19
13
22
26
29
38
33
36
41
41
43
42
43
43
48
49
50
50
57
58
65
63
64
63
62
61
57
54
54
48
49
45
39
44
35
36
38
41
40
47
43
42
44
46
46
49
44
54
51
52
61
59
69
61
60
62
50
44
45
34
38
22
28
28
26
16
11
10
2
3
-13
-11
-16
-25
-27
-25
-29
-25
-33
-31
-28
-46
-42
-49
-49
-46
-49
-51
-55
-64
-67
-64
-66
-74
-75
-79
-81
-73
-72
-76
-76
-75
-72
-63
-57
-56
-64
-54
-55
-53
-48
-60
-52
-53
-50
-49
-48
-43
-44
-42
-36
-33
-23
-14
-18
-7
-3
4
18
19
25
32
26
34
42
38
51
54
57
60
53
53
51
56
62
53
50
48
52
55
60
52
55
64
57
70
66
55
53
58
53
51
36
34
28
17
20
13
10
12
13
4
0
-6
1
-4
-9
-12
-17
-10
-10
-4
-5
0
-3
7
9
10
4
1
3
3
7
10
16
13
16
16
18
16
13
10
1
-1
-2
-2
-3
-14
-13
-14
-18
-12
-11
-9
-1
-15
-20
-32
-26
-35
-45
-45
-47
-43
-49
-49
-54
-56
-55
-58
-60
-54
-55
-50
-47
-47
-39
-42
-38
-35
-33
-30
-33
-41
-44
-38
-40
-47
-43
-38
-29
-29
-25
-15
-18
-13
-17
-6
-3
-2
-2
-3
11
18
23
24
18
19
22
25
26
37
39
46
48
52
58
51
57
51
51
53
46
60
56
58
59
57
57
51
50
46
42
39
42
33
33
30
29
27
21
17
20
24
21
32
19
21
18
18
23
20
19
22
25
24
20
13
16
20
17
10
14
8
10
10
1
-4
-2
-10
-16
-17
-21
-30
-39
-40
-45
-48
-42
-44
-47
-40
-52
-54
-61
-72
-74
-69
-78
-72
-75
-84
-80
-87
-84
-83
-76
-80
-75
-68
-59
-47
-47
-46
-45
-40
-34
-31
-30
-18
-14
-8
-3
-5
4
5
9
16
9
21
29
32
33
31
24
30
35
35
34
37
34
38
33
29
29
30
29
30
34
38
37
44
44
44
45
49
56
54
56
67
66
73
74
74
72
76
86
78
68
62
58
50
50
47
34
26
19
14
16
4
0
7
-2
-6
-6
-7
-12
-14
-14
-12
-19
-19
-18
-29
-17
-20
-22
-11
-5
-6
-5
-7
-14
-5
-8
-13
-6
-9
-7
-8
-8
-10
-14
-11
-19
-9
-12
-2
-9
-16
-7
-18
-9
-18
-23
-22
-29
-33
-35
-38
-36
-44
-47
-51
-49
-47
-46
-50
-58
-64
-68
-62
-63
-61
-63
-63
-60
-53
-54
-55
-55
-54
-47
-45
-40
-37
-38
-42
-39
-27
-26
-23
-28
-31
-32
-27
-24
-23
-20
-10
-16
-13
-6
-7
4
8
7
15
20
27
37
51
62
61
79
77
83
88
85
90
92
91
84
84
87
90
82
84
79
72
77
71
70
64
49
54
42
39
37
34
34
32
29
30
32
23
28
20
16
17
20
7
7
1
1
6
-2
-4
-12
-9
-13
-9
-10
-9
-6
-5
-7
-6
-10
-12
-15
-21
-18
-26
-31
-36
-34
-36
-35
-28
-37
-29
-37
-36
-35
-41
-38
-39
-36
-42
-38
-45
-45
-50
-57
-52
-53
-63
-65
-63
-65
-64
-67
-62
-64
-67
-60
-58
-57
-45
-42
-46
-47
-39
-35
-33
-30
-30
-29
-28
-15
-16
-16
-20
-19
-19
-25
-20
-15
-11
-12
-1
11
18
20
28
26
44
54
50
59
65
68
75
75
76
74
77
90
89
91
86
92
94
92
90
85
84
79
65
61
58
50
41
35
34
30
32
31
35
29
26
37
27
26
27
21
19
22
15
12
7
4
7
9
6
6
3
-3
-3
-12
-9
-16
-15
-16
-24
-28
-30
-35
-39
-41
-38
-41
-41
-46
-52
-43
-52
-46
-48
-44
-40
-38
-42
-38
-49
-46
-37
-45
-47
-54
-51
-50
-51
-49
-43
-40
-37
-39
-40
-42
-46
-37
-34
-28
-26
-15
-3
-11
-9
-5
-9
-12
-8
-8
-11
-10
-6
-5
0
3
7
14
9
3
1
-7
-4
-6
-7
-1
1
2
8
10
11
17
14
13
23
18
22
23
25
27
33
30
41
37
29
43
30
29
29
33
40
35
33
35
36
35
39
37
36
32
31
28
25
22
23
26
19
8
12
10
10
7
2
-2
-7
-7
-7
-10
2
4
5
10
6
12
9
13
14
16
22
14
13
15
8
10
5
2
7
0
2
5
7
10
-1
4
-1
-3
-11
-18
-19
-29
-29
-30
-44
-38
-43
-48
-41
-39
-44
-38
-34
-32
-25
-30
-26
-24
-19
-20
-8
-17
-18
-17
-25
-14
-19
-20
-17
-23
-28
-32
-42
-38
-32
-45
-47
-51
-47
-47
-46
-39
-40
-38
-36
-33
-37
-24
-22
-20
-8
-9
-11
2
7
18
23
18
25
29
36
43
42
45
53
52
58
55
60
57
55
55
46
55
43
47
48
45
45
40
44
47
51
48
58
48
41
41
37
23
26
16
18
16
13
14
13
16
17
19
8
15
13
10
11
8
1
-5
-16
-13
-17
-20
-12
-17
-19
-14
-14
-18
-15
-10
-18
-13
-18
-25
-22
-25
-27
-24
-27
-28
-26
-29
-27
-31
-30
-26
-29
-31
-31
-29
-36
-29
-32
-34
-29
-37
-32
-30
-28
-24
-21
-23
-28
-25
-24
-11
-15
-20
-11
-9
-5
-6
0
1
-1
1
-1
5
3
-4
-4
-13
-8
-1
-7
-4
-4
-5
0
2
7
15
21
18
22
28
26
33
34
28
35
28
35
40
34
31
30
28
31
45
32
34
29
29
29
29
21
25
28
21
23
20
22
26
16
14
20
11
11
9
2
5
3
-5
-5
-5
-4
-9
-11
-14
-11
-11
-7
-2
-1
1
-1
-5
-8
-11
-13
-14
-19
-17
-22
-23
-23
-26
-22
-17
-13
-18
-17
-26
-22
-20
-28
-28
-27
-28
-20
-19
-19
-19
-21
-5
-18
-13
-19
-12
-10
-9
-11
-14
1
-11
-5
-7
-3
-6
-5
1
-3
-2
-6
-2
-13
-20
-26
-32
-30
-29
-35
-32
-28
-32
-24
-26
-36
-28
-18
-20
-10
-14
-9
-6
-4
8
11
13
25
22
31
36
26
32
40
35
41
40
41
49
46
51
49
44
41
43
41
34
32
33
26
21
19
23
18
17
12
8
12
10
12
23
19
24
34
29
26
23
23
21
26
24
24
21
9
7
9
-2
-2
-2
-9
-10
-9
-11
-11
-18
-18
-21
-30
-29
-35
-33
-41
-42
-42
-40
-29
-39
-30
-22
-23
-23
-18
-19
-13
-18
-21
-11
-11
-2
-2
0
-1
-3
-6
-8
-5
-11
-18
-18
-23
-23
-18
-22
-22
-21
-25
-19
-23
-23
-22
-21
-29
-22
-21
-27
-16
-24
-24
-19
-24
-21
-16
-14
-11
-9
-2
0
3
10
9
13
15
15
13
11
11
11
10
9
9
6
13
16
15
19
22
27
35
38
35
28
31
30
27
33
34
37
39
36
36
40
46
44
41
48
53
53
54
58
51
45
44
42
44
33
25
31
18
12
1
4
5
0
0
-5
-1
-4
-8
-9
-11
-22
-18
-24
-32
-25
-34
-38
-33
-34
-34
-35
-37
-25
-27
-37
-28
-26
-23
-26
-30
-30
-27
-32
-31
-32
-33
-29
-23
-23
-19
-19
-24
-21
-22
-25
-17
-20
-14
-10
-19
-14
-11
-13
-11
-4
-10
-10
-9
-1
-5
-1
-1
-3
3
2
4
3
-3
-8
3
-6
-7
-15
-16
-9
-8
-14
-12
-14
-16
-10
-4
-1
-4
-3
-5
0
-2
1
4
4
4
6
11
9
19
21
18
30
24
27
29
29
31
23
26
15
22
19
19
22
16
23
20
19
24
25
24
29
27
23
27
21
23
15
12
13
13
13
11
6
7
13
6
4
5
7
5
7
-1
-1
7
-2
6
8
-2
0
-5
-5
-1
2
2
3
-8
-9
-5
-12
-16
-17
-18
-19
-20
-20
-16
-20
-16
-17
-22
-20
-22
-21
-22
-23
-27
-31
-26
-24
-29
-32
-31
-33
-22
-26
-18
-23
-23
-20
-15
-10
-16
-13
-11
-10
-1
5
2
7
0
-4
5
8
1
0
-1
0
9
2
5
3
2
10
9
4
7
4
3
12
17
13
20
22
18
23
19
22
18
14
14
18
12
16
19
16
25
27
26
25
27
24
20
26
18
27
24
20
23
13
21
15
9
9
8
9
20
20
9
10
11
7
6
1
-9
-7
-13
-20
-10
-9
-9
-2
-3
1
0
2
4
1
1
0
-2
-7
1
-11
-8
-13
-16
-13
-12
-13
-18
-21
-24
-25
-35
-35
-36
-41
-39
-40
-42
-38
-42
-34
-38
-35
-26
-23
-17
-16
-11
-9
-5
-2
5
7
10
12
14
22
12
13
14
9
4
7
-5
-14
-9
-10
-9
-8
-11
-9
-6
-10
-4
-10
-8
-2
-7
2
-2
-4
-5
0
-4
0
9
8
10
13
13
17
17
12
17
16
24
23
27
27
33
35
33
38
25
26
33
26
30
27
18
20
25
22
23
20
11
22
20
23
17
13
15
13
12
5
8
9
6
-4
-4
-2
-5
-9
-10
-5
-12
-13
-12
-13
-15
-9
-14
-11
-12
-15
-13
-14
-9
-12
-12
-17
-24
-24
-26
-28
-28
-26
-28
-23
-23
-19
-15
-14
-15
-16
-18
-13
-15
-13
-10
-15
-13
-12
-11
-2
-3
-2
-1
-2
-5
-5
-9
-9
-6
-7
-2
-8
-6
-10
-10
-9
0
-5
-4
-6
-3
5
-3
3
2
3
-2
-8
0
-7
-6
-9
-5
-5
-9
-6
-6
-4
-5
-1
-4
5
6
3
-1
0
3
1
2
1
11
8
15
16
19
22
29
21
29
27
30
36
31
39
33
36
33
35
37
33
28
30
30
27
30
33
23
17
19
19
19
13
4
1
0
-2
0
-12
-6
-6
-11
-7
-4
-6
-3
-1
-3
3
-1
-1
-1
-4
-1
-5
-4
-4
-1
-8
-11
-10
-14
-16
-18
-22
-24
-20
-25
-34
-34
-29
-30
-30
-31
-36
-29
-29
-24
-16
-19
-15
-14
-18
-17
-15
-22
-22
-15
-10
-10
-5
-7
1
1
-2
5
5
0
2
5
-5
9
8
1
10
4
7
6
-3
-6
4
-1
-3
3
2
1
9
1
2
8
-1
5
5
3
0
1
-3
0
-3
-8
0
-1
-4
0
2
0
13
8
11
17
16
15
15
14
9
22
19
27
31
21
29
29
28
26
23
21
25
28
24
22
21
17
21
22
12
21
18
11
15
2
-1
