SAMPLES:	8325
BITSPERSAMPLE:	16
CHANNELS:	1
SAMPLERATE:	16000
NORMALIZED:	FALSE
27
14
6
20
28
21
23
27
40
31
32
34
22
22
19
15
22
32
25
9
14
7
14
11
3
15
16
9
14
16
17
20
14
10
15
18
16
5
6
1
9
-4
-15
-9
-10
-15
-18
-11
-21
-24
-28
-32
-25
-20
-26
-19
-19
-18
-20
-24
-15
-16
-29
-21
-19
-21
-16
-22
-17
-9
-11
-15
-15
-19
-13
-19
-14
-21
-23
-22
-23
-19
-18
-21
-18
-21
-18
-13
-17
-16
-22
-23
-15
-18
-15
-11
-7
-1
-3
-11
-3
-5
-3
-2
-3
5
-2
6
5
2
6
10
14
12
13
10
6
12
7
9
18
19
6
7
12
7
5
2
0
12
6
11
3
8
8
2
18
12
17
21
22
17
23
16
20
25
33
36
27
35
30
25
26
31
25
20
19
20
20
21
10
16
17
21
22
16
13
19
14
17
21
14
22
17
10
22
19
23
16
11
7
4
4
-5
0
-3
-5
-8
-10
-9
-21
-15
-27
-30
-30
-34
-31
-27
-23
-24
-15
-18
-18
-18
-17
-17
-26
-21
-28
-30
-34
-39
-43
-47
-55
-62
-59
-71
-70
-76
-87
-89
-90
-85
-83
-86
-91
-83
-90
-83
-77
-80
-69
-60
-50
-50
-36
-29
-24
-24
-22
-23
-25
-21
-21
-20
-26
-30
-20
-10
-6
7
19
28
31
35
40
41
50
58
67
73
83
89
99
104
109
123
120
122
125
131
137
149
159
168
204
245
316
381
428
463
497
530
520
494
446
392
311
196
82
-21
-105
-187
-289
-348
-379
-399
-423
-448
-426
-405
-388
-384
-364
-329
-270
-224
-156
-82
-17
46
97
122
116
107
72
11
-73
-169
-270
-354
-437
-502
-565
-585
-571
-539
-484
-415
-335
-246
-152
-65
24
135
246
356
469
550
623
678
695
680
633
555
449
302
142
-9
-154
-281
-399
-495
-547
-578
-579
-553
-494
-421
-345
-261
-174
-84
13
105
181
245
283
302
311
295
279
230
178
120
54
2
-36
-57
-72
-72
-66
-48
-27
-15
8
38
69
98
127
164
211
261
306
343
392
438
497
558
618
700
802
948
1131
1294
1408
1439
1404
1308
1107
808
454
88
-293
-696
-1072
-1360
-1527
-1632
-1680
-1646
-1533
-1377
-1237
-1075
-872
-653
-465
-314
-157
19
182
311
414
499
540
494
384
241
74
-151
-393
-644
-869
-1061
-1236
-1355
-1382
-1320
-1228
-1078
-868
-615
-355
-108
133
383
626
803
950
1071
1184
1228
1195
1129
1042
897
715
522
317
161
17
-83
-126
-142
-159
-195
-246
-294
-349
-416
-465
-467
-441
-406
-313
-158
9
179
313
423
497
519
504
445
361
257
153
65
13
-5
4
20
46
44
41
-6
-48
-84
-118
-115
-141
-111
-73
-16
35
67
117
165
203
220
230
251
260
283
319
372
449
549
679
846
1079
1362
1617
1726
1669
1491
1225
854
373
-159
-622
-1051
-1474
-1825
-2023
-2016
-1919
-1787
-1608
-1328
-1048
-787
-542
-256
48
295
489
636
794
906
951
896
755
531
222
-165
-560
-893
-1179
-1432
-1597
-1654
-1620
-1525
-1363
-1133
-852
-560
-291
-9
291
560
791
993
1164
1261
1278
1183
1053
887
656
358
36
-246
-492
-672
-787
-806
-727
-580
-418
-193
70
376
648
824
946
982
919
762
531
281
45
-204
-446
-621
-705
-717
-659
-544
-377
-169
59
278
481
684
856
943
963
911
803
631
427
209
-8
-221
-443
-614
-694
-720
-713
-635
-531
-399
-292
-196
-81
13
91
150
171
212
291
360
457
570
685
786
866
928
1011
1233
1539
1729
1710
1502
1197
827
346
-255
-799
-1165
-1513
-1846
-2077
-2085
-1852
-1522
-1237
-936
-528
-155
133
353
589
832
998
1010
923
830
711
525
253
-77
-447
-891
-1328
-1633
-1817
-1890
-1874
-1740
-1530
-1245
-929
-596
-209
190
526
772
971
1148
1260
1268
1212
1083
868
531
106
-269
-562
-820
-1053
-1190
-1159
-1013
-807
-552
-204
207
548
784
951
1115
1259
1333
1352
1298
1197
1012
715
323
-78
-478
-886
-1227
-1477
-1554
-1467
-1214
-837
-340
194
669
1058
1367
1531
1541
1405
1131
803
422
32
-341
-625
-816
-966
-1056
-1102
-1078
-989
-870
-677
-477
-246
-1
210
409
581
682
708
651
550
433
295
152
11
-34
10
59
132
251
430
725
1210
1724
2041
2133
1972
1625
1173
544
-193
-743
-1101
-1455
-1770
-1941
-1840
-1502
-1134
-834
-538
-171
107
225
313
467
616
694
665
578
470
320
97
-172
-486
-834
-1243
-1616
-1782
-1797
-1679
-1461
-1156
-784
-390
-51
229
495
728
861
929
953
897
762
566
318
37
-301
-688
-1060
-1273
-1364
-1385
-1271
-1024
-649
-197
235
614
993
1331
1534
1566
1495
1407
1281
1122
931
712
506
247
-70
-444
-828
-1138
-1382
-1516
-1473
-1280
-958
-497
33
571
1041
1359
1496
1518
1429
1219
912
588
272
-26
-290
-523
-709
-822
-887
-977
-1027
-1045
-1003
-850
-604
-328
-20
307
583
755
808
753
576
369
150
-66
-255
-366
-385
-334
-167
72
345
610
828
1011
1324
1911
2533
2884
2902
2606
2054
1327
388
-638
-1425
-1885
-2321
-2714
-2819
-2567
-1994
-1303
-713
-179
360
754
917
1045
1202
1287
1281
1125
860
529
115
-374
-889
-1350
-1845
-2356
-2682
-2711
-2461
-2026
-1476
-862
-250
249
625
881
1039
1115
1062
919
763
524
216
-88
-398
-714
-1079
-1490
-1826
-1903
-1753
-1513
-1169
-660
-19
631
1212
1640
1998
2240
2277
2053
1689
1335
977
621
261
-61
-294
-481
-626
-755
-859
-917
-953
-900
-760
-511
-173
210
634
995
1248
1353
1329
1200
1002
768
496
240
48
-128
-276
-401
-534
-664
-796
-928
-1020
-1072
-1021
-889
-633
-303
16
309
534
707
770
727
563
381
186
-5
-167
-267
-268
-191
-65
74
250
436
613
777
948
1151
1667
2382
2873
2978
2698
2069
1201
205
-943
-1911
-2416
-2666
-2833
-2754
-2372
-1730
-905
-194
277
619
851
875
870
925
944
941
865
661
299
-144
-643
-1153
-1614
-2024
-2394
-2621
-2545
-2147
-1547
-899
-241
305
645
811
822
732
614
463
246
95
-63
-272
-496
-695
-848
-1055
-1264
-1471
-1477
-1161
-700
-195
348
943
1506
1917
2143
2165
2087
1891
1494
983
470
47
-291
-545
-731
-854
-897
-853
-747
-550
-266
26
290
553
778
911
978
1006
963
837
651
373
112
-41
-115
-161
-166
-152
-172
-203
-244
-325
-457
-628
-826
-990
-1078
-1068
-952
-686
-301
82
395
642
808
902
934
816
609
385
163
-53
-215
-304
-329
-307
-285
-262
-264
-187
-42
201
508
798
1104
1486
2119
2867
3290
3222
2725
1846
787
-334
-1473
-2332
-2698
-2772
-2745
-2507
-1995
-1336
-545
127
564
880
1081
1152
1213
1347
1407
1309
1052
596
-13
-669
-1342
-1953
-2421
-2757
-2994
-3023
-2732
-2144
-1376
-569
119
618
903
1032
1069
1010
885
672
362
91
-149
-449
-734
-932
-1090
-1241
-1381
-1439
-1264
-775
-195
326
819
1262
1611
1847
1961
1887
1714
1410
933
398
-56
-387
-617
-716
-759
-787
-732
-584
-309
110
596
1035
1391
1579
1582
1415
1075
641
214
-185
-555
-816
-910
-851
-664
-425
-225
-69
26
51
26
-23
-114
-248
-385
-505
-590
-597
-545
-447
-308
-157
1
167
353
508
633
695
660
537
359
161
-3
-153
-268
-336
-355
-323
-260
-165
-11
192
409
596
774
907
1008
1110
1330
1844
2413
2642
2436
1845
996
71
-868
-1741
-2272
-2315
-2214
-2024
-1603
-1028
-396
197
564
732
839
842
749
694
691
572
341
8
-478
-1053
-1674
-2254
-2682
-2889
-2943
-2819
-2366
-1613
-719
145
872
1377
1607
1573
1322
959
544
97
-358
-721
-900
-1004
-1106
-1139
-1087
-1024
-992
-948
-799
-392
235
850
1381
1820
2151
2290
2243
2007
1553
1041
469
-148
-660
-961
-1068
-998
-780
-507
-197
102
329
526
772
988
1228
1475
1553
1482
1206
658
-22
-621
-1167
-1543
-1613
-1534
-1278
-882
-409
-29
282
551
627
634
607
483
336
244
146
-20
-176
-318
-472
-568
-559
-524
-416
-238
-104
44
212
363
465
540
562
509
399
248
89
-42
-112
-154
-184
-178
-128
-72
47
212
346
456
535
687
1117
1944
2715
3021
2890
2267
1261
178
-930
-1904
-2373
-2412
-2416
-2284
-1893
-1360
-772
-193
177
337
492
558
562
688
828
803
637
319
-215
-886
-1555
-2108
-2484
-2678
-2771
-2649
-2195
-1471
-599
227
919
1388
1541
1433
1129
756
357
-72
-424
-656
-703
-704
-711
-642
-538
-491
-491
-479
-357
-24
431
819
1094
1337
1508
1564
1535
1389
1143
878
522
93
-250
-507
-624
-619
-547
-425
-238
-15
192
358
517
691
897
1137
1218
1140
883
397
-160
-653
-1031
-1230
-1187
-994
-699
-320
18
226
452
615
686
729
739
690
588
444
136
-256
-622
-966
-1218
-1290
-1177
-918
-582
-214
98
350
543
662
687
696
645
560
457
359
254
112
-4
-120
-255
-387
-478
-547
-452
-237
-48
142
371
558
734
1125
1807
2531
2893
2718
2036
1092
153
-765
-1536
-1893
-1896
-1881
-1852
-1747
-1535
-1213
-913
-708
-505
-212
95
404
797
1169
1256
1077
614
-43
-825
-1535
-2084
-2355
-2344
-2217
-1950
-1476
-781
-122
429
855
1057
1032
827
577
380
254
138
-29
-175
-292
-441
-621
-732
-810
-857
-835
-764
-518
-37
591
1139
1539
1789
1828
1728
1535
1206
834
473
92
-298
-622
-828
-890
-761
-517
-275
-15
205
398
603
757
905
1063
1295
1525
1517
1229
824
277
-333
-834
-1208
-1412
-1258
-931
-695
-387
-86
101
252
449
559
660
800
789
649
413
7
-544
-1000
-1370
-1641
-1709
-1536
-1230
-791
-304
56
375
687
952
1107
1235
1286
1170
952
650
258
-135
-520
-869
-1112
-1193
-1102
-983
-730
-396
-53
282
573
752
905
1141
1543
2191
2810
2991
2635
1893
854
-215
-1153
-1888
-2219
-2199
-2159
-2137
-1974
-1602
-1141
-672
-201
271
748
1167
1520
1835
1940
1706
1148
326
-613
-1541
-2278
-2653
-2695
-2559
-2332
-1948
-1374
-701
-40
491
840
1032
1061
961
868
807
715
561
259
-100
-412
-712
-993
-1177
-1275
-1308
-1183
-929
-487
157
787
1269
1536
1600
1513
1315
1094
857
617
378
112
-155
-311
-292
-190
-11
176
246
225
169
159
197
317
474
667
948
1281
1434
1294
995
457
-242
-854
-1277
-1437
-1227
-846
-575
-316
-56
53
103
225
321
382
483
484
345
181
-66
-403
-678
-949
-1244
-1363
-1249
-931
-536
-130
217
498
743
859
899
917
875
695
424
32
-421
-814
-1055
-1149
-1088
-878
-602
-362
-99
133
274
396
538
644
714
827
859
1009
1549
2272
2658
2568
2064
1205
284
-518
-1181
-1427
-1249
-1094
-1085
-1089
-1011
-956
-942
-913
-816
-565
-213
190
639
1049
1199
1001
526
-119
-730
-1218
-1407
-1327
-1234
-1203
-1180
-1107
-939
-753
-604
-470
-320
-276
-333
-329
-285
-203
-146
-154
-179
-122
-49
-12
59
146
200
254
273
289
357
451
501
488
418
313
248
275
336
394
493
569
592
622
711
836
910
889
757
532
304
94
-88
-220
-265
-234
-88
127
288
400
371
188
-21
-155
-179
-35
272
527
663
646
429
89
-242
-454
-563
-525
-446
-369
-310
-309
-436
-665
-890
-1084
-1163
-1078
-804
-390
28
310
411
378
307
229
203
211
186
102
-78
-263
-436
-579
-621
-566
-394
-124
128
340
537
669
674
591
491
466
526
617
651
576
435
449
848
1559
2099
2190
1877
1266
542
-94
-527
-554
-320
-276
-577
-1010
-1331
-1609
-1863
-1924
-1660
-1111
-500
39
558
985
1177
1024
604
112
-294
-565
-676
-720
-873
-1216
-1584
-1902
-2111
-2121
-1910
-1484
-963
-529
-165
248
661
982
1151
1222
1268
1300
1214
1004
710
333
-118
-595
-1013
-1234
-1184
-904
-583
-346
-166
5
246
547
895
1275
1645
1952
2058
1972
1789
1516
1141
628
85
-348
-625
-779
-938
-1039
-1019
-886
-667
-338
218
901
1482
1762
1745
1439
988
520
54
-299
-545
-811
-1137
-1376
-1527
-1646
-1653
-1475
-1165
-762
-302
133
438
595
542
347
189
91
44
12
-19
-165
-450
-790
-1063
-1155
-1045
-774
-414
-22
257
407
467
494
568
626
694
819
907
955
930
784
575
272
-28
-202
-177
-54
122
274
345
331
427
986
1854
2541
2665
2296
1668
985
296
-268
-446
-434
-641
-1163
-1713
-2033
-2204
-2351
-2299
-1851
-1198
-640
-207
184
497
613
488
270
173
166
133
56
-153
-575
-1124
-1626
-1923
-1984
-1911
-1712
-1387
-1081
-866
-665
-370
11
365
626
836
1125
1396
1492
1474
1328
1115
855
497
167
-58
-189
-343
-590
-848
-956
-847
-552
-122
383
878
1276
1508
1542
1525
1550
1569
1500
1353
1194
988
722
369
-131
-674
-1126
-1428
-1590
-1576
-1354
-930
-323
201
463
583
641
607
539
461
508
663
628
347
-63
-404
-723
-1009
-1179
-1189
-1024
-932
-991
-1112
-1157
-1090
-872
-495
-82
373
669
731
673
490
277
123
96
110
182
239
278
294
221
123
73
139
189
253
351
463
564
662
570
443
368
309
333
392
474
516
488
358
176
170
657
1415
1936
1872
1354
757
258
-100
-294
-214
-47
-161
-667
-1280
-1681
-1882
-2072
-2123
-1867
-1431
-1085
-896
-754
-577
-422
-339
-231
9
322
484
458
270
-36
-419
-708
-855
-886
-901
-910
-889
-935
-986
-978
-810
-532
-224
70
399
792
1136
1331
1394
1390
1304
1153
961
780
637
501
312
76
-154
-295
-356
-361
-306
-186
-5
155
287
425
579
763
937
1036
1040
1017
924
810
661
483
287
88
-112
-291
-408
-517
-581
-562
-436
-432
-516
-582
-616
-502
-265
41
357
522
408
138
-127
-367
-528
-575
-539
-471
-429
-510
-586
-583
-532
-462
-338
-212
-96
8
-2
-20
-11
11
32
136
273
390
489
504
471
425
339
232
225
292
360
418
465
465
443
396
320
250
183
103
57
34
60
80
83
76
78
176
513
1191
1795
1842
1343
691
285
155
110
154
189
7
-556
-1274
-1849
-2084
-2177
-2177
-1954
-1612
-1325
-1243
-1223
-986
-617
-285
3
327
687
827
811
692
492
242
-62
-309
-351
-371
-542
-755
-942
-1122
-1141
-992
-760
-478
-221
-49
115
387
607
757
836
880
897
892
899
939
1045
1136
1084
913
643
347
116
4
5
75
114
83
-10
-109
-143
-118
-62
6
75
129
185
258
350
393
400
345
275
185
81
-40
-92
-27
172
278
164
-101
-378
-503
-440
-353
-311
-326
-506
-688
-764
-720
-607
-421
-318
-267
-176
-168
-157
-81
81
219
369
438
403
383
291
136
17
-104
-241
-325
-429
-517
-492
-400
-268
-136
45
249
450
584
618
631
671
708
785
881
890
823
608
345
145
-13
-172
-354
-426
-480
-470
-408
-257
186
914
1473
1500
1156
785
746
902
959
911
701
209
-472
-1097
-1463
-1597
-1737
-1937
-2037
-1962
-1862
-1827
-1692
-1358
-950
-582
-260
77
380
552
589
618
666
678
594
444
357
263
82
-130
-246
-303
-365
-450
-556
-617
-654
-640
-510
-248
19
159
214
185
224
356
503
610
687
785
875
938
966
993
1004
1013
949
794
597
366
155
-41
-205
-335
-472
-644
-799
-933
-958
-890
-722
-450
-128
172
445
661
773
773
734
832
1098
1256
1053
646
120
-273
-483
-641
-727
-786
-980
-1195
-1234
-1114
-920
-776
-715
-583
-334
-160
-24
125
240
306
351
392
359
320
159
-22
-59
-38
-7
28
98
179
270
275
287
339
339
250
128
46
5
-9
-30
-17
56
134
125
172
259
385
526
651
725
720
652
494
288
105
-60
-177
-128
168
541
629
241
-232
-288
98
568
793
743
447
5
-376
-573
-593
-640
-938
-1272
-1414
-1510
-1623
-1736
-1664
-1389
-1121
-895
-635
-363
-181
-29
237
609
955
1111
1022
904
813
634
419
254
96
-78
-335
-553
-648
-746
-835
-878
-801
-593
-388
-244
-129
65
278
477
634
763
868
873
770
657
598
645
728
749
728
634
460
312
232
205
217
127
-27
-226
-404
-518
-568
-592
-643
-674
-680
-620
-470
-251
-54
100
235
509
913
1156
1113
866
591
456
377
283
114
-142
-471
-783
-943
-936
-852
-787
-751
-649
-533
-473
-441
-371
-205
7
186
264
295
244
174
166
208
235
204
107
3
-6
63
172
305
365
315
228
159
180
250
300
340
331
273
148
2
-119
-237
-319
-382
-398
-275
-93
104
306
449
480
455
479
622
1002
1393
1399
1021
533
332
476
591
509
234
-149
-533
-723
-716
-664
-759
-978
-1134
-1148
-1115
-1185
-1310
-1351
-1336
-1273
-1114
-857
-602
-433
-286
-67
240
505
625
743
966
1127
1154
1073
934
725
437
101
-163
-331
-513
-755
-1037
-1205
-1263
-1254
-1156
-974
-700
-374
-99
116
348
575
728
829
868
887
915
904
876
768
633
489
368
298
242
195
117
30
-40
-110
-129
-103
-73
-79
-95
-90
-59
-88
-194
-335
-370
-278
-125
91
138
81
-27
-34
189
472
683
738
694
573
453
329
234
120
-41
-258
-458
-610
-771
-912
-1015
-1057
-1013
-924
-805
-686
-523
-363
-202
30
251
442
544
604
632
673
715
716
701
652
516
379
272
217
206
190
137
97
88
61
39
-11
7
23
-15
-74
-157
-171
-147
-107
-88
-66
-4
84
352
718
960
908
704
669
930
1252
1298
1147
900
624
367
115
-115
-424
-870
-1326
-1607
-1736
-1846
-2013
-2093
-1985
-1774
-1529
-1299
-1074
-840
-602
-325
9
286
429
484
543
674
774
814
825
719
541
285
94
1
-109
-223
-361
-435
-438
-507
-582
-658
-695
-634
-526
-394
-263
-131
-66
-30
43
147
279
427
552
654
778
876
973
1064
1097
1074
971
877
764
629
493
336
193
16
-150
-274
-316
-369
-426
-492
-594
-681
-701
-557
-288
46
215
208
151
129
279
498
632
650
611
479
365
321
207
20
-144
-283
-381
-429
-557
-709
-789
-787
-783
-713
-661
-696
-730
-691
-550
-306
-73
44
121
235
351
535
722
827
860
808
772
733
730
661
531
446
354
294
219
125
70
4
-65
-154
-193
-179
-135
-72
4
71
125
116
119
164
280
551
761
741
480
269
301
548
738
723
612
477
321
165
49
-91
-279
-558
-784
-957
-1139
-1396
-1686
-1815
-1801
-1729
-1668
-1587
-1499
-1361
-1145
-820
-462
-223
-117
18
277
553
748
825
849
809
729
633
560
484
311
136
-1
-43
-90
-232
-399
-498
-439
-286
-172
-142
-109
-113
-135
-99
-12
73
170
239
325
433
487
514
537
603
681
753
810
798
736
613
532
514
568
598
536
352
117
-119
-329
-422
-475
-453
-473
-523
-574
-493
-330
-211
-128
-118
-28
98
152
173
216
176
87
16
-57
-91
-108
-158
-184
-136
-127
-191
-265
-250
-215
-166
-150
-194
-214
-214
-170
-84
30
113
103
86
96
107
174
223
257
337
352
352
406
454
485
450
390
370
355
336
344
393
459
453
368
249
155
135
135
155
153
63
-48
-113
-97
46
306
428
325
77
-86
1
202
258
132
-43
-216
-365
-429
-442
-508
-640
-840
-978
-1037
-1067
-1152
-1174
-1092
-1000
-970
-1020
-1071
-1059
-989
-832
-644
-498
-447
-434
-294
-37
208
351
408
430
467
524
586
657
680
605
504
458
435
369
268
166
112
70
9
-114
-238
-279
-226
-113
-25
11
10
72
191
329
480
577
622
627
634
657
641
605
533
458
381
336
305
266
231
173
152
154
122
69
-19
-70
-100
-73
-19
-1
59
-11
-97
-160
-186
-97
-51
-78
-163
-233
-260
-245
-176
-179
-223
-252
-285
-268
-248
-285
-310
-300
-245
-207
-138
-73
-23
66
180
269
289
287
207
199
268
347
365
269
143
56
37
77
129
141
111
48
12
31
102
167
167
153
136
125
78
19
-2
-2
18
2
-60
-101
-147
-137
-129
-78
-28
20
201
308
262
76
-30
89
296
375
269
96
-67
-148
-213
-247
-308
-457
-610
-676
-663
-650
-681
-727
-720
-698
-691
-740
-743
-748
-700
-583
-479
-405
-383
-324
-195
-3
145
261
341
385
443
520
624
702
699
632
534
414
299
171
77
24
-10
-58
-106
-188
-251
-209
-98
28
103
120
156
247
344
411
399
359
337
322
301
266
176
40
-105
-202
-196
-107
-13
27
64
98
153
226
325
458
541
567
529
462
394
332
323
293
187
14
-203
-264
-259
-248
-279
-345
-365
-334
-258
-190
-154
-139
-165
-146
-104
-109
-122
-154
-181
-197
-189
-230
-256
-262
-219
-103
-2
38
22
22
55
161
246
280
277
222
181
176
154
90
-8
-121
-173
-177
-187
-235
-289
-305
-303
-213
-139
-69
31
98
219
302
293
275
263
291
332
343
284
174
61
32
164
275
211
43
-41
106
323
364
244
122
55
46
106
139
61
-120
-323
-418
-423
-485
-637
-787
-854
-847
-840
-858
-843
-816
-738
-558
-388
-276
-262
-288
-211
-57
54
102
76
23
-48
-66
-58
-44
-48
-114
-82
-18
106
203
233
269
293
359
404
424
399
409
445
460
451
348
235
193
170
166
148
77
65
68
114
190
257
283
291
317
357
388
360
318
285
292
293
312
304
282
258
185
174
154
148
142
128
188
163
87
9
-43
6
12
-87
-237
-384
-512
-593
-569
-540
-520
-549
-606
-525
-433
-376
-327
-272
-192
-122
-94
-81
-39
-8
37
66
74
39
-11
-43
-8
72
123
106
89
62
69
110
139
115
54
-11
-8
35
93
79
34
4
-13
72
142
198
219
219
232
301
364
401
383
386
398
395
383
320
252
205
218
364
430
295
102
-40
52
246
284
175
27
-77
-142
-154
-168
-233
-382
-573
-652
-634
-646
-734
-831
-896
-862
-812
-802
-788
-770
-715
-629
-578
-566
-598
-609
-529
-377
-253
-220
-245
-251
-199
-78
69
196
267
297
352
451
599
668
659
624
639
687
670
624
494
401
361
376
369
297
231
166
132
115
117
104
80
40
33
51
87
114
117
107
105
109
99
102
105
109
157
171
139
125
96
107
108
119
103
55
-16
-101
-124
-98
-61
-62
-131
-192
-234
-232
-188
-183
-200
-229
-258
-269
-250
-233
-213
-211
-213
-183
-181
-177
-170
-113
-12
79
140
168
183
222
269
319
374
347
267
189
141
128
132
92
17
-50
-115
-146
-174
-165
-162
-182
-145
-88
11
77
121
152
187
234
234
242
245
247
245
227
199
169
140
124
146
150
94
20
-57
-36
106
228
206
103
-37
-32
77
173
165
51
-96
-218
-242
-202
-184
-238
-364
-457
-476
-465
-491
-548
-630
-694
-706
-768
-796
-838
-873
-872
-848
-778
-699
-630
-556
-440
-262
-88
60
175
251
326
407
487
572
611
615
576
560
546
490
423
379
365
344
327
310
293
289
263
223
194
176
202
207
184
172
123
76
41
19
41
57
75
76
62
62
42
65
107
125
145
155
165
161
161
174
161
136
139
142
155
127
68
5
-20
-13
-16
-11
-39
-66
-98
-100
-68
-37
-26
-33
-48
-57
-66
-53
-73
-92
-91
-98
-106
-129
-162
-183
-178
-185
-161
-160
-173
-178
-188
-153
-96
-47
-29
-47
-68
-80
-60
-32
-2
18
10
-7
-10
3
29
62
101
107
103
112
110
141
184
210
245
232
240
236
229
215
179
147
100
76
76
87
95
80
97
151
224
281
262
205
151
181
256
277
227
118
2
-103
-195
-248
-288
-356
-471
-604
-675
-710
-715
-724
-750
-738
-723
-733
-699
-642
-609
-570
-545
-507
-478
-424
-363
-298
-203
-122
-40
42
143
233
302
384
453
484
495
474
488
490
460
419
372
338
333
277
240
238
222
179
151
138
119
144
165
199
217
171
146
127
144
144
112
64
12
-8
-25
11
36
57
57
29
22
42
80
87
93
86
79
93
149
220
214
154
58
-13
-20
18
50
32
9
-16
-35
-14
19
13
-21
-74
-126
-150
-155
-183
-222
-262
-291
-287
-277
-257
-250
-245
-236
-199
-156
-84
-15
47
89
120
151
166
173
175
154
129
121
131
126
107
79
52
63
89
100
126
130
107
91
53
67
71
76
51
37
26
23
29
10
10
1
-23
-21
14
63
101
125
123
96
98
86
133
150
124
52
-17
-33
-40
-45
-103
-149
-211
-257
-306
-337
-356
-399
-442
-450
-445
-418
-421
-444
-467
-471
-452
-460
-433
-441
-445
-431
-422
-389
-329
-261
-185
-103
-48
10
69
134
206
270
327
366
388
388
396
420
437
423
416
393
380
382
372
324
303
280
258
259
222
212
190
172
145
116
84
33
4
-22
-40
-60
-64
-86
-92
-98
-77
-49
-16
17
39
63
80
96
106
134
155
135
123
95
95
120
93
76
25
0
25
56
94
104
111
71
42
19
10
-9
-60
-81
-90
-94
-105
-120
-144
-162
-158
-147
-124
-86
-79
-77
-96
-94
-49
-14
32
71
91
73
3
-44
-74
-74
-88
-103
-120
-152
-176
-194
-149
-114
-88
-62
-37
6
62
85
120
126
135
119
92
75
92
98
100
80
57
53
20
42
104
174
185
175
129
87
51
18
-6
-17
-23
-28
1
11
-11
-61
-105
-110
-75
-25
29
41
39
-10
-68
-100
-113
-146
-184
-202
-243
-292
-359
-428
-501
-551
-587
-577
-542
-508
-496
-499
-481
-425
-342
-238
-152
-80
-15
49
124
171
199
213
236
253
269
301
311
306
303
286
311
318
342
354
348
348
335
330
285
255
217
187
151
117
98
72
46
26
24
29
48
80
123
164
179
170
177
158
136
117
90
73
58
14
14
8
11
12
27
75
105
118
91
85
97
137
149
183
185
149
128
98
70
56
28
7
-23
-58
-87
-123
-169
-223
-273
-323
-346
-356
-375
-368
-351
-339
-328
-330
-338
-346
-337
-302
-266
-229
-175
-165
-170
-161
-138
-75
-32
24
92
126
158
144
135
132
145
196
211
213
204
182
162
127
100
57
51
57
64
90
88
73
31
24
22
65
104
129
162
147
135
128
119
111
111
104
120
121
110
86
33
5
8
20
34
31
7
-27
-53
-88
-108
-134
-158
-189
-240
-263
-304
-322
-360
-407
-431
-472
-494
-491
-445
-397
-359
-338
-322
-301
-280
-231
-166
-101
-45
-4
31
57
96
119
158
221
251
288
341
388
417
427
405
406
428
418
392
375
343
314
268
226
187
149
114
94
90
67
56
27
0
-25
-35
-30
-25
-3
18
27
21
42
69
78
81
73
89
115
145
205
215
205
165
128
104
85
77
80
107
82
65
43
0
-44
-99
-139
-165
-180
-197
-222
-234
-266
-282
-298
-324
-334
-339
-324
-320
-310
-299
-275
-272
-264
-242
-225
-178
-139
-83
-38
-10
7
1
30
43
69
96
108
111
117
144
142
157
124
116
118
118
137
158
150
143
122
123
137
142
139
112
96
78
82
79
84
79
85
71
66
55
38
25
12
9
27
31
19
12
1
-7
6
31
32
50
44
46
45
21
-10
-26
-38
-35
-43
-57
-86
-149
-222
-281
-318
-333
-348
-373
-407
-430
-451
-462
-445
-421
-389
-352
-324
-325
-294
-260
-201
-146
-81
-38
-1
28
70
140
193
250
259
274
299
319
355
382
390
379
354
324
305
273
242
218
187
161
128
95
67
46
52
46
48
43
51
42
45
60
72
85
77
76
81
68
78
70
52
32
23
20
3
33
44
80
121
152
158
147
171
160
133
111
117
111
79
50
18
-17
-83
-124
-169
-216
-226
-209
-216
-218
-222
-209
-201
-195
-151
-119
-118
-114
-106
-89
-67
-57
-36
-25
-26
-11
18
50
77
84
89
62
68
74
82
78
60
45
17
3
-10
-11
-26
-46
-50
-48
-60
-46
-20
-25
-25
-13
-5
23
29
35
45
62
63
64
75
54
25
-9
-34
-48
-65
-63
-67
-80
-77
-68
-58
-43
-28
-19
-17
-23
1
21
39
62
56
60
35
19
1
-26
-27
-47
-52
-68
-88
-105
-128
-154
-174
-203
-225
-256
-278
-301
-326
-363
-377
-357
-345
-316
-305
-275
-221
-171
-114
-59
6
65
119
159
200
232
261
290
319
334
341
344
327
309
300
279
260
261
232
208
201
196
186
183
184
181
176
157
140
125
123
124
132
118
98
89
70
80
81
70
63
60
59
41
45
24
0
9
19
33
39
38
29
17
-4
-10
-34
-46
-50
-58
-62
-79
-88
-102
-123
-140
-152
-166
-176
-183
-189
-179
-193
-189
-192
-197
-182
-195
-177
-173
-161
-144
-127
-109
-95
-86
-84
-75
-57
-36
-4
10
37
50
54
56
46
60
54
58
52
60
59
57
65
43
36
33
30
28
27
29
37
51
51
57
53
32
17
0
-7
-21
-20
-19
-46
-46
-62
-47
-31
-10
13
10
30
39
68
66
77
78
87
66
52
38
12
-10
-28
-20
-20
-9
-14
-11
1
23
30
36
39
44
55
58
58
58
48
12
-17
-51
-91
-116
-142
-140
-144
-144
-147
-153
-153
-140
-128
-116
-87
-73
-54
-44
-37
-19
2
22
45
52
64
75
75
94
86
84
95
114
145
151
157
143
131
121
92
76
52
31
13
-15
-32
-43
-78
-102
-121
-121
-122
-120
-109
-109
-112
-93
-62
-43
-12
-13
3
19
40
61
75
103
103
108
94
97
94
93
81
77
59
27
14
-13
-22
-41
-57
-73
-83
-90
-100
-113
-110
-96
-88
-79
-56
-45
-35
-36
-26
-15
22
47
60
64
70
80
100
124
131
136
111
91
85
80
59
46
24
16
2
-7
-10
-6
8
11
4
0
17
34
47
66
63
53
53
47
52
57
61
54
67
65
53
50
45
45
43
38
28
42
39
28
31
49
52
54
47
49
46
41
29
14
-12
-29
-48
-50
-58
-77
-74
-71
-89
-86
-96
-97
-62
-55
-50
-64
-74
-71
-78
-75
-82
-91
-104
-120
-120
-122
-112
-119
-142
-155
-165
-162
-160
-163
-189
-203
-193
-185
-170
-153
-149
-165
-165
-157
-141
-114
-102
-103
-103
-99
-80
-66
-53
-48
-45
-19
0
26
47
76
109
135
143
143
148
143
157
154
157
171
165
164
152
144
141
132
127
135
142
142
145
143
128
128
145
147
137
146
147
137
132
139
145
149
150
146
150
134
119
129
132
135
118
94
94
73
55
41
8
-6
-41
-75
-99
-114
-123
-134
-148
-140
-129
-117
-84
-85
-74
-58
-34
-13
-4
14
25
25
21
12
12
6
13
3
-4
-7
-17
-22
-40
-36
-33
-28
-42
-57
-68
-81
-98
-121
-124
-123
-135
-137
-136
-134
-125
-111
-107
-89
-70
-53
-46
-28
-14
-4
4
-2
4
11
8
11
-2
-5
-16
-24
-25
-46
-44
-48
-45
-33
-24
-17
-20
-27
-28
-34
-31
-37
-29
-28
-48
-60
-67
-74
-82
-94
-102
-97
-94
-80
-58
-35
-25
-16
-4
-9
6
9
18
30
38
35
35
41
36
57
59
65
56
56
67
61
68
64
60
66
64
73
55
59
53
38
41
26
34
33
24
42
55
53
53
51
40
46
51
59
73
76
76
67
78
66
90
97
112
123
125
137
120
127
134
122
121
114
99
96
83
67
51
41
36
24
-1
-17
-40
-50
-54
-62
-66
-77
-75
-83
-103
-102
-114
-106
-89
-96
-102
-106
-108
-102
-93
-86
-66
-49
-26
-3
20
36
33
49
61
75
66
64
58
50
29
14
4
-10
-14
-8
-2
-9
-12
-8
-9
-33
-30
-40
-43
-72
-86
-96
-109
-118
-138
-136
-144
-146
-153
-141
-123
-118
-100
-88
-72
-64
-53
-33
-14
9
21
47
55
72
79
84
98
97
98
95
99
87
88
84
58
45
36
26
20
9
1
-5
-15
-15
-29
-33
-31
-40
-43
-43
-31
-31
-18
-11
-1
0
12
29
38
56
63
71
85
90
96
106
102
104
106
103
99
85
75
54
38
21
-5
-28
-47
-70
-104
-120
-131
-144
-151
-155
-148
-143
-135
-134
-113
-116
-108
-106
-106
-88
-74
-53
-45
-28
-21
-9
4
9
11
24
25
38
50
51
58
59
65
67
68
68
66
68
65
75
70
61
63
61
73
60
60
47
35
27
9
-6
-17
-26
-34
-31
-26
-28
-25
-25
-27
-25
-17
-10
-1
6
9
17
29
23
39
39
49
59
59
67
66
76
68
68
62
60
54
41
33
27
25
24
18
4
-4
-20
-29
-29
-32
-37
-36
-35
-32
-33
-32
-9
-10
2
13
26
41
57
79
80
80
78
76
82
90
79
80
69
51
32
12
-1
-5
-22
-41
-48
-66
-78
-101
-105
-106
-110
-108
-106
-107
-108
-107
-115
-111
-102
-93
-82
-82
-88
-83
-76
-77
-71
-73
-70
-67
-85
-75
-93
-85
-83
-91
-76
-63
-63
-56
-45
-35
-24
-16
-2
4
19
33
52
62
62
67
74
81
93
83
80
72
74
75
72
64
50
37
25
23
5
-7
-18
-7
-12
1
11
16
25
24
49
48
61
66
69
82
72
62
66
62
63
58
54
56
41
27
17
20
20
16
21
19
24
22
20
27
24
16
21
27
29
26
22
24
31
44
43
40
46
49
55
59
63
69
59
55
47
48
43
32
19
2
1
-15
-18
-29
-36
-43
-53
-63
-74
-68
-81
-80
-91
-91
-86
-73
-78
-74
-60
-70
-68
-71
-63
-65
-63
-60
-57
-64
-70
-59
-64
-53
-41
-40
-26
-29
-21
-15
-2
10
11
18
24
18
26
26
29
30
23
32
30
32
27
26
13
16
18
1
-8
-7
-32
-42
-48
-55
-58
-64
-53
-51
-47
-42
-51
-55
-38
-22
-12
14
18
25
43
53
63
72
64
72
67
55
52
50
52
42
33
25
20
11
9
2
7
4
6
13
10
5
-1
-1
-2
1
-8
-19
-22
-31
-26
-25
-26
-14
-19
-12
-8
2
10
4
5
10
22
19
19
11
2
6
3
0
6
1
-14
-17
-13
-3
-4
-6
-13
-17
-17
-22
-19
-18
-28
-20
-27
-36
-38
-47
-52
-65
-70
-76
-74
-83
-82
-71
-72
-59
-56
-51
-44
-42
-38
-33
-22
-17
-7
6
5
22
34
46
51
58
69
83
81
80
97
94
100
96
98
95
93
91
86
75
69
71
65
72
75
69
79
84
79
91
89
100
109
111
119
114
107
116
103
103
98
71
56
42
36
24
16
13
1
-6
-13
-23
-26
-30
-35
-35
-36
-43
-54
-69
-72
-79
-89
-103
-111
-107
-120
-125
-123
-120
-132
-129
-132
-135
-130
-120
-112
-112
-104
-104
-104
-100
-87
-80
-71
-56
-58
-53
-35
-38
-25
-23
-21
-11
7
11
17
27
35
37
37
44
33
49
31
32
37
34
27
19
33
34
37
37
33
21
28
27
30
28
20
30
26
25
20
8
10
0
-3
-11
-18
-19
-10
-3
-8
-10
-29
-27
-28
-26
-28
-30
-22
-27
-31
-32
-35
-36
-43
-39
-38
-30
-23
-31
-24
-14
-19
-9
-7
-1
16
23
41
51
62
66
70
72
77
85
78
78
83
81
79
77
73
67
66
74
71
70
66
61
63
63
58
56
47
49
49
44
48
38
34
29
23
26
26
23
16
5
4
-1
-7
-11
-14
-17
-28
-22
-36
-35
-31
-40
-43
-41
-40
-37
-46
-48
-48
-54
-55
-66
-66
-72
-74
-74
-69
-73
-72
-61
-65
-68
-67
-54
-54
-48
-44
-58
-50
-44
-44
-45
-49
-48
-45
-44
-35
-25
-27
-20
-14
-17
-23
-13
-14
-18
-30
-30
-16
-7
-11
-8
-6
0
-3
6
18
27
30
34
37
33
36
33
39
38
39
22
29
20
19
22
10
16
13
20
18
23
26
25
26
27
30
37
45
50
44
50
45
44
42
38
31
29
29
20
20
16
23
26
34
28
32
28
24
21
22
23
14
17
6
10
6
4
4
-1
-3
-2
-11
-11
-24
-23
-23
-30
-23
-36
-28
-33
-39
-34
-32
-14
-17
-19
-14
-15
-8
-2
4
8
13
16
14
15
16
6
3
-1
-7
-10
-19
-18
-21
-25
-23
-18
-20
-15
-8
-5
0
0
4
7
-7
-4
-12
-12
-5
-1
6
10
8
12
12
17
23
26
31
26
28
35
38
48
47
52
48
43
37
31
34
23
13
13
5
3
5
4
4
-4
-12
-10
-6
-20
-31
-39
-46
-41
-54
-50
-49
-49
-45
-49
-44
-49
-41
-32
-23
-9
-6
4
3
14
8
15
19
11
16
5
-2
-11
-18
-18
-15
-12
-15
-19
-20
-22
-29
-23
-15
-10
-9
-11
-5
-2
6
-6
-4
-3
-1
5
7
17
7
11
10
16
29
28
28
27
33
32
33
26
26
26
17
15
12
8
-1
-10
-17
-21
-19
-25
-31
-23
-20
-24
-28
-23
-18
-15
-19
-20
-21
-24
-27
-28
-21
-24
-35
-42
-45
-43
-46
-39
-26
-28
-29
-19
-17
-5
-1
1
2
11
23
10
25
20
20
28
28
22
15
17
16
20
11
15
13
9
6
3
6
0
-8
-3
-3
-7
-16
-8
-6
-13
-6
-7
-5
-1
2
13
24
29
36
43
59
59
65
68
68
71
72
70
67
67
67
65
52
49
44
33
32
29
24
35
31
39
32
29
32
11
26
16
12
11
-5
-2
-9
-3
-9
-21
-21
-15
-22
-17
-12
-21
-18
-10
-19
-13
-14
-22
-19
-31
-21
-27
-27
-31
-35
-39
-38
-37
-42
-41
-47
-48
-48
-45
-45
-59
-64
-64
-73
-75
-82
-86
-85
-95
-94
-95
-82
-77
-74
-67
-60
-47
-35
-26
-20
-18
-8
-8
-3
6
7
16
18
28
27
31
33
29
33
28
35
26
29
30
35
36
31
26
18
20
15
11
18
25
22
32
26
31
32
35
41
46
61
60
72
76
83
95
99
102
91
98
97
94
98
90
84
75
70
60
48
46
38
33
16
14
9
2
2
-1
0
-4
-7
-23
-25
-27
-39
-36
-38
-39
-47
-46
-50
-52
-63
-61
-65
-65
-74
-75
-72
-74
-67
-66
-61
-61
-50
-56
-55
-53
-49
-45
-45
-48
-38
-34
-37
-34
-30
-25
-35
-30
-33
-39
-39
-36
-32
-48
-35
-48
-46
-41
-39
-41
-53
-51
-48
-43
-30
-16
-10
-1
3
22
22
32
49
56
60
61
67
60
70
71
72
67
64
64
59
64
57
59
61
55
56
51
44
42
41
37
39
34
38
31
22
25
23
19
7
8
10
10
16
22
21
24
23
33
24
30
30
31
31
28
33
24
18
4
-2
-9
-3
-7
-14
-12
-18
-11
-14
-23
-26
-25
-33
-29
-35
-37
-37
-43
-42
-43
-46
-47
-43
-42
-42
-48
-45
-40
-42
-32
-34
-31
-36
-30
-26
-24
-14
-7
11
9
19
9
13
20
15
17
12
11
-2
-6
-6
1
-5
-7
-11
-23
-30
-27
-31
-35
-39
-33
-28
-32
-34
-41
-45
-33
-38
-34
-32
-42
-31
-33
-33
-29
-23
-19
-21
-15
-8
0
4
16
21
31
35
41
43
46
45
48
45
46
48
34
31
28
28
27
24
14
14
1
6
6
4
10
16
16
22
22
29
32
39
41
39
40
40
37
40
40
46
49
45
49
44
43
36
32
37
33
35
30
34
41
32
25
19
18
17
17
15
14
18
11
7
6
-2
-8
-16
-19
-25
-29
-33
-32
-44
-39
-42
-34
-18
-30
-22
-36
-44
-33
-43
-46
-49
-31
-29
-40
-29
-18
-7
-16
-20
-19
-21
-27
-42
-37
-49
-49
-44
-50
-48
-63
-51
-61
-69
-67
-67
-62
-54
-37
-30
-34
-37
-14
-6
3
4
3
13
18
23
25
20
30
41
40
36
29
29
39
51
56
59
53
57
56
56
56
45
34
32
32
24
21
12
5
4
5
7
1
-3
-6
5
-3
3
-2
-4
1
-1
0
-1
-2
-6
-4
4
18
7
7
15
15
23
24
24
20
15
13
5
11
5
3
2
-7
-6
-7
-12
-17
-20
-17
-15
-9
-3
-3
7
3
5
9
10
-3
-3
4
0
-5
-7
-11
-11
-9
-10
-6
-9
-5
-4
-8
-7
-8
-8
-10
-9
0
2
2
3
-4
-7
-8
-16
-17
-19
-26
-25
-38
-32
-38
-42
-30
-36
-28
-26
-25
-11
-13
-5
1
-1
7
3
9
2
-9
-4
4
9
11
14
12
8
10
7
14
14
9
7
1
6
-1
-4
-2
-2
0
2
5
-2
-1
0
1
-1
-6
1
5
2
9
13
6
10
14
17
29
33
30
30
30
42
35
37
33
31
31
26
22
27
24
28
32
29
34
24
21
12
10
-2
-12
-10
-16
-15
-23
-36
-33
-37
-33
-42
-38
-32
-36
-27
-36
-36
-36
-32
-26
-18
-18
-19
-12
-16
-14
-10
-3
0
3
10
12
17
22
14
17
11
11
14
11
7
11
11
9
6
0
7
6
2
-8
-13
-19
-22
-11
-12
-7
-4
-1
1
-6
-3
-7
-7
-14
-19
-24
-29
-26
-22
-24
-25
-21
-21
-18
-18
-13
-12
-15
-21
-17
-15
-12
-5
-2
-1
-12
-11
-13
-12
-8
-4
7
13
17
21
29
33
27
30
31
28
33
33
26
24
35
41
43
40
43
43
38
45
50
51
55
51
55
59
52
46
46
41
35
32
34
26
13
20
8
12
11
3
8
-10
-15
-16
-27
-25
-27
-35
-35
-41
-33
-42
-44
-39
-34
-29
-30
-27
-27
-22
-26
-27
-34
-33
-31
-32
-32
-32
-24
-24
-26
-24
-34
-30
-29
-26
-28
-36
-31
-28
-27
-32
-29
-32
-25
-28
-27
-31
-31
-25
-20
-24
-15
-11
-10
-11
0
-2
-1
8
10
17
12
12
14
15
14
16
15
25
21
20
27
26
32
31
40
38
41
37
35
36
33
24
18
15
13
20
17
20
14
8
5
5
16
10
16
10
10
11
2
2
-2
0
-10
-4
-5
-6
-8
-6
-4
-5
-5
0
6
7
12
9
8
12
19
28
27
25
27
20
20
30
24
25
24
20
22
19
18
10
3
-7
-10
-8
-10
-5
-8
-19
-23
-23
-23
-27
-28
-27
-33
-31
-32
-22
-26
-18
-21
-20
-19
-19
-9
-17
-14
-18
-19
-19
-12
-6
-9
-11
-8
-14
-19
-18
-22
-22
-24
-33
-26
-24
-25
-22
-19
-23
-24
-16
-12
-9
-15
-15
-19
-15
-17
-16
-5
-7
-9
-3
0
0
0
0
3
1
6
10
8
16
10
19
7
5
15
10
14
8
11
7
6
6
3
8
10
10
7
6
-1
2
4
8
9
16
16
23
25
25
25
21
23
25
25
22
27
25
24
28
37
38
48
49
59
54
56
57
47
51
40
36
35
25
21
19
18
16
10
2
-2
0
-4
-7
-16
-15
-17
-15
-24
-27
-24
-25
-28
-39
-29
-40
-37
-27
-30
-23
-26
-17
-18
-15
-13
-18
-18
-17
-13
-20
-17
-15
-11
-7
-15
-15
-15
-19
-17
-18
-20
-24
-24
-19
-21
-15
-20
-22
-16
-19
-24
-23
-28
-23
-17
-18
-13
-17
-9
-3
-8
-2
-4
0
5
7
9
14
21
18
30
30
34
36
33
36
33
29
25
27
28
28
28
30
31
30
21
19
16
8
12
4
4
3
4
0
-2
3
1
-2
-5
-4
-9
-13
-16
-16
-15
-3
-1
-1
-7
4
3
-3
4
-7
-1
-8
-7
-9
3
0
0
-4
-4
1
-9
-5
-8
-14
-14
-11
-6
-4
-15
-11
-10
-9
-12
-17
-23
-21
-25
-23
-25
-25
-25
-15
-11
-2
1
3
1
-1
0
-7
-1
5
7
0
4
0
-3
-10
-16
-13
-17
-22
-16
-19
-18
-13
-12
-13
-5
-12
-3
6
4
15
18
20
15
19
22
22
22
13
20
17
24
21
17
17
25
24
18
20
16
15
13
10
6
4
8
4
5
3
3
2
4
5
2
3
1
4
2
0
6
4
0
2
-7
-4
-6
-4
-12
-16
-18
-25
-25
-25
-21
-19
-22
-18
-8
-5
-9
-4
-4
0
5
-1
-5
-5
-5
-7
-10
-15
-9
-11
-5
-1
-8
-4
-3
-4
0
-1
4
13
15
18
15
10
14
12
10
3
0
0
-2
4
1
3
11
2
10
11
10
7
9
13
11
10
11
13
17
17
22
24
21
28
24
21
15
18
17
17
17
15
14
17
13
11
11
9
4
5
2
-1
4
-6
-2
2
1
-3
-4
-5
-4
2
-2
-2
-2
-3
-8
-8
-13
-14
-7
-14
-15
-19
-16
-16
-21
-22
-20
-15
-13
-7
-2
-2
0
-7
2
4
1
4
0
-1
-1
1
0
-3
-4
-2
1
-1
-3
-2
2
1
-6
-5
-5
-1
-5
13
4
5
6
-5
-3
-1
-2
0
-2
-6
-3
-5
-5
1
-3
