SAMPLES:	13052
BITSPERSAMPLE:	16
CHANNELS:	1
SAMPLERATE:	16000
NORMALIZED:	FALSE
18
10
12
7
8
8
12
10
8
7
-4
1
2
2
-3
1
-5
-10
-18
-16
-13
-17
-11
-1
-13
-12
-13
-18
-22
-24
-14
-14
-14
-10
-10
-20
-17
-15
-13
-16
-20
-21
-13
-10
-5
-8
-10
-5
-1
-6
-1
6
6
-1
0
10
8
3
-4
4
-1
-1
5
9
11
6
7
14
9
5
7
6
5
7
12
10
7
13
6
2
4
7
14
23
31
24
26
22
19
22
29
10
7
16
5
15
9
6
2
6
-1
11
8
7
11
1
7
2
4
-3
-14
-7
-11
-5
-7
-7
-1
-6
-5
2
0
-8
2
-5
-16
-12
-9
-17
-22
-16
-16
-20
-24
-34
-20
-25
-27
-26
-21
-24
-26
-22
-18
-17
-10
-3
-2
0
-4
-5
4
5
-3
0
5
8
4
5
15
10
11
12
10
15
8
1
2
10
-3
5
4
7
16
15
22
18
11
21
30
23
24
14
19
16
16
4
10
11
9
6
11
14
8
16
6
-4
-9
-12
-9
-6
-2
-4
10
7
1
11
7
11
0
-2
7
3
4
5
-1
3
-7
-6
-9
1
-5
-2
7
1
4
3
5
4
10
11
-1
0
-7
-13
-8
-11
-4
-11
-12
-15
-8
-12
-12
-9
-13
-14
-10
-14
-23
-17
-27
-18
-19
-17
-10
-14
-16
-18
-19
-16
-17
-11
-11
-10
-20
-23
-13
-11
-18
-15
-13
-9
-9
-6
10
8
1
-2
-4
1
-3
1
0
-4
3
6
3
1
9
6
11
9
9
6
15
25
22
20
18
16
14
29
30
27
27
33
25
29
21
3
7
8
2
1
-1
-9
4
1
2
-2
-6
1
-6
-11
-9
-10
-15
-14
-9
-24
-20
-14
-10
-10
-15
-5
-1
13
11
6
13
5
5
2
7
12
14
19
12
0
10
5
15
8
7
15
7
14
9
9
-2
10
1
2
5
5
-3
-8
-4
-8
-10
-16
-15
-16
-17
-6
-16
-17
-16
-21
-23
-22
-9
-14
-17
-14
-22
-15
-8
-9
-15
-10
-6
-7
1
-6
-10
-12
-5
-9
-4
12
-3
-5
3
-5
0
-4
0
-8
2
5
3
9
2
0
1
6
4
9
11
2
-10
-2
18
8
14
21
19
23
26
22
23
23
24
38
29
31
20
15
19
15
15
19
7
4
11
2
7
5
-3
-9
4
2
8
10
3
4
-3
-14
-3
-4
-9
5
-5
-7
5
-10
-5
-2
-12
-8
-4
-1
-6
-2
-5
-3
-17
-11
-3
-11
-12
-19
-16
-22
-16
-12
-17
-2
-5
-5
-11
-7
-3
-12
-4
-7
-4
-1
7
1
5
15
-7
4
1
-6
-5
-4
0
-8
4
-4
-3
-12
5
5
-4
6
4
1
7
8
-1
10
5
-11
-8
-14
-6
7
-3
3
-10
-2
-8
-7
-11
-14
-8
-12
-12
-13
-12
-15
-18
-12
-12
-20
-17
-12
-8
-3
-5
-7
8
-9
-2
3
-5
-5
-6
-5
1
0
-18
5
-2
-7
3
-5
5
10
1
8
15
3
20
14
22
30
22
27
21
20
10
26
40
41
39
12
17
9
14
12
15
14
5
22
7
1
-13
-1
9
3
-11
-16
-13
-27
-21
-17
-33
-17
-19
-9
-10
-5
-7
-9
2
-4
-1
1
11
8
4
7
2
9
-4
9
21
8
16
10
30
8
12
15
23
13
3
-5
7
22
-7
20
9
-2
15
-3
3
22
21
3
13
3
-31
-8
-16
-32
-31
-36
-26
-24
-18
-1
-23
-13
-1
-10
8
10
-8
-3
9
-3
6
5
11
-3
-13
2
-11
-7
-7
-7
4
-10
0
-13
-5
-10
-35
-3
-21
-20
-14
-4
-26
-19
-16
-8
-14
-5
-12
2
7
13
12
21
26
3
-1
13
6
-7
-4
-8
-10
-13
1
-1
-5
-11
19
-2
2
5
-9
12
4
13
13
19
8
15
15
17
0
10
7
-2
31
3
7
10
-4
-2
8
3
3
-1
-12
7
-11
-17
20
-11
-2
-4
-13
-6
-2
-11
-14
-11
-22
-10
-9
-14
4
-18
13
-10
1
15
15
19
0
9
-4
26
-8
-6
5
-4
16
1
15
2
-3
9
7
12
-7
12
18
-12
2
2
-2
7
16
10
29
21
0
27
7
18
12
14
8
10
7
18
2
-4
12
-12
-19
-21
-20
-28
-17
-24
-13
-20
-16
-19
-20
2
4
-3
-13
1
7
-11
12
13
5
9
-8
-6
-1
-3
-9
-18
-9
-11
0
-8
-5
1
-5
-5
-5
3
15
10
0
3
-8
5
-17
-4
-9
-17
6
-7
-1
-8
-10
5
-1
8
-7
12
3
7
12
-7
0
-5
-8
-30
-9
-3
-8
-1
10
15
-2
13
-1
-2
9
5
-1
7
-9
-7
21
-18
27
3
3
7
27
-1
11
1
-22
29
-16
33
15
-15
23
-15
-18
19
6
-1
13
5
-4
19
9
10
0
0
-1
-13
2
-18
-21
0
-18
-10
-10
-4
-10
-10
-4
-10
27
8
9
-5
0
-31
-21
6
-17
11
-3
-11
8
6
-5
-3
-17
0
4
-18
-11
-11
-20
-2
-8
13
-3
-6
-24
-1
-10
-47
25
-2
-4
16
0
24
15
14
16
30
19
25
17
12
29
5
33
26
25
21
34
15
3
13
3
34
14
-7
29
3
21
6
7
45
49
16
24
5
-21
14
-20
14
-4
6
3
-1
-15
-28
1
-24
-7
-32
-18
-17
-21
-10
-14
-12
-39
-46
-15
-37
-31
-40
-49
-31
-49
-31
-11
-20
-45
-13
-23
11
-42
-12
-6
-24
-20
-28
-5
-9
-7
-25
7
30
-17
5
18
-11
10
-18
30
33
-5
18
15
-5
5
15
7
52
6
25
40
26
12
11
36
19
20
6
20
19
-16
0
-8
-20
10
-17
13
5
14
23
30
17
0
8
-3
0
-6
18
2
13
14
8
23
23
-6
-2
32
11
-10
32
-8
8
-3
0
22
-8
-6
17
-27
-9
3
-32
8
-5
-9
-14
-3
-20
-34
18
-6
-34
-20
-27
-19
-2
-28
-16
-14
-15
8
3
-2
-12
-18
-42
-7
-10
-29
19
-20
-15
15
-6
18
13
-12
21
12
-7
20
-14
20
19
2
22
15
11
21
-8
8
24
-22
27
35
-24
6
8
24
9
2
15
-5
-13
-19
-9
-9
6
-7
-6
-7
-12
14
-15
17
-22
-36
7
-13
-26
-14
-3
3
-13
35
2
22
1
-15
21
-15
43
-7
23
35
0
7
18
20
-6
26
-5
-12
-5
-21
6
-67
-26
6
-25
6
-10
33
4
25
-14
-6
18
-34
9
-2
32
40
22
34
15
26
31
15
8
-7
-12
-23
4
-24
1
18
-7
4
-11
25
12
-7
1
-21
-1
-22
13
-11
-1
-4
-38
-8
-17
-6
-58
-14
-28
-7
-20
-34
4
-21
-4
-19
23
-21
4
-1
9
-3
-21
31
-29
25
-18
-14
33
3
5
-18
13
-50
-28
3
-25
12
9
25
-8
42
18
35
39
-2
4
-5
25
-35
14
-9
19
-1
-14
17
-22
35
3
13
-9
-1
-53
24
19
-5
13
2
26
-5
18
17
12
23
20
-25
-6
-9
-15
5
-19
-33
-18
0
-6
1
-37
6
25
-29
17
1
9
18
-18
1
5
-21
-7
19
-7
-15
-6
-33
3
-16
13
21
16
13
0
39
21
25
31
11
-2
-2
-17
10
-14
20
-23
11
-15
-38
-8
-28
10
-1
21
-16
-12
-1
-43
10
-1
-20
6
-35
9
-1
4
-17
9
5
-11
27
-16
39
-20
5
-17
-29
-1
-26
48
-26
12
-5
-23
-5
4
-8
-13
-11
-16
-3
5
-11
7
-21
-5
24
1
48
-18
33
-9
8
-10
2
35
20
-16
3
19
-21
2
-4
32
33
49
38
21
-19
20
-16
-3
7
-1
8
12
34
-13
-7
-4
5
-16
24
36
3
5
21
-13
-12
-19
11
20
14
-14
4
20
28
12
-11
36
1
18
30
4
46
16
3
-9
8
-29
-34
8
2
-38
-4
2
-49
-39
-37
-33
-20
-41
-36
-34
-15
2
-33
5
-4
-3
-6
47
0
26
20
43
9
2
6
10
-11
-28
-17
-38
-43
-33
4
0
4
-7
-27
-19
-17
-30
-14
-23
13
-40
8
-3
-28
-18
6
3
27
9
33
14
-3
-6
10
3
20
21
0
42
23
-31
29
5
-27
-21
-3
-14
-13
28
-21
6
-38
4
3
35
20
-10
44
18
31
35
-6
23
-27
17
13
8
10
-10
-15
-12
20
-9
21
16
-17
-30
22
-16
-7
10
-10
-12
16
-4
-6
17
-11
-35
-16
15
-38
14
13
10
7
10
35
3
5
14
-2
2
-5
5
-10
2
-47
-4
8
6
4
-35
-7
-31
15
2
2
24
-7
-24
10
33
15
26
17
-2
-10
6
5
-17
-9
-38
5
8
33
-11
39
40
7
11
-29
-17
-22
-17
-33
-16
-24
-13
-10
-46
-39
-76
-19
6
-14
9
3
3
-10
26
-8
29
17
28
40
33
18
-8
44
25
17
30
22
31
-8
22
-7
13
-1
27
15
-5
12
-25
21
-17
-16
12
6
30
-8
-26
-27
-8
-13
5
7
-16
-4
3
-27
8
-21
16
22
6
12
14
24
-15
39
9
8
3
-28
0
-3
-19
-10
-17
-5
15
-11
13
-14
-32
0
-1
15
14
1
15
0
30
9
17
-15
-5
-4
-1
-9
3
-27
-19
-12
-14
-2
-3
13
-11
2
-6
-7
-21
-31
-7
-17
-27
-4
-7
-23
-17
-16
-50
-15
-71
-43
-52
-27
-17
-17
16
13
20
-5
29
-8
23
-21
-9
-12
-42
-2
-48
42
-11
18
50
20
22
48
52
55
22
28
30
-13
2
-20
-14
20
41
23
41
35
18
16
39
1
34
3
28
9
11
-4
2
-23
3
-10
-5
66
8
58
-1
21
1
-17
8
-29
-20
-35
-12
-17
-2
-19
14
9
-6
44
13
40
46
28
26
-34
2
-14
-48
-35
-42
-50
-47
-7
-20
3
3
13
-17
9
1
-4
-11
-17
-11
-36
-34
-35
-57
-48
-31
-43
-15
-9
-10
-8
-41
7
-8
-7
-9
-8
17
12
27
28
-3
-10
19
-8
17
22
12
26
24
34
55
37
34
-8
-51
-36
-16
-34
-1
30
-6
-26
21
9
31
58
20
37
-4
12
0
11
3
-31
-12
-13
17
-17
19
-9
14
-23
-42
-10
-14
20
8
39
29
0
50
46
52
8
27
31
-13
-34
-25
-17
5
46
-32
41
2
-12
1
3
-24
-41
15
-5
-2
-20
18
1
-37
-28
-22
34
-18
23
-20
-35
-18
-67
-27
-25
3
3
-1
43
3
8
11
46
-13
-23
-7
-49
9
-56
21
-3
12
-5
-60
21
-38
32
7
25
37
-67
27
-39
-6
-4
-43
-8
-23
23
-16
-17
-57
-9
11
25
14
10
26
10
-14
3
8
18
16
13
-5
16
28
1
51
23
11
12
17
9
-23
12
-21
1
-7
-3
35
2
30
-25
28
-32
23
-29
15
45
-37
75
19
22
20
11
-28
5
4
-30
40
-64
-19
-18
-30
-8
-34
34
-2
34
1
40
-43
-6
-25
-30
31
-28
-14
-26
-25
-40
-36
17
13
1
25
60
41
21
44
56
-3
51
62
40
82
18
5
-26
-23
-23
-25
9
-2
3
0
27
7
-12
2
4
-4
-2
12
-6
21
-54
-18
5
-33
-16
12
-29
-65
-43
-66
-2
-2
11
2
-9
20
-3
-19
-8
-45
-10
-61
-39
-78
-68
-13
-42
-46
-40
4
-7
23
1
17
-23
12
2
-46
1
-18
-5
21
0
20
34
21
30
29
28
30
21
-29
6
-14
-4
30
-17
31
34
20
11
46
40
11
37
0
31
13
9
-6
-28
-17
6
3
-22
37
19
19
-26
-18
-43
0
26
7
24
7
67
9
19
12
7
-11
0
15
13
28
-7
-19
-18
-17
-40
-48
-51
-61
-11
-5
32
73
56
98
10
11
-1
31
17
18
-35
-46
3
-79
15
-16
25
7
-19
43
28
25
24
5
-9
5
-9
-41
-29
-27
-18
-25
0
-27
-25
0
-47
-8
-46
19
-20
-3
-13
0
-20
-34
-17
-44
-5
30
-10
21
28
27
-11
18
-44
-3
25
-26
48
-44
13
-6
1
-24
22
29
36
26
32
42
-20
23
-64
-62
-59
-36
-13
55
-22
-2
24
1
9
1
81
57
38
-4
16
-24
-65
-10
-56
-24
4
-43
7
-39
4
-82
11
21
-14
-4
33
48
-21
41
28
22
50
21
70
32
18
13
-14
23
-46
1
49
27
33
43
3
45
0
-11
-21
-19
-10
-26
23
-13
-11
28
40
8
-4
-12
-37
-9
-10
-33
-25
25
1
4
28
20
27
-37
15
30
11
37
35
50
7
22
-2
-3
0
-35
-9
-37
-32
-29
-34
-59
-61
-28
-52
-23
-23
12
-13
29
-45
-64
3
-45
-23
-19
10
6
-1
16
-26
-16
-10
-13
22
7
12
3
33
-25
-21
7
-40
6
-36
8
16
-31
25
0
1
15
31
53
37
32
-13
5
-2
4
7
-24
16
-80
-18
-21
-45
-19
13
59
28
109
-16
65
8
-28
-1
-40
11
1
-16
-9
-28
-27
-18
-8
-21
44
40
52
24
20
40
-61
55
-36
23
2
-28
10
-17
-42
-17
36
6
71
32
13
14
14
9
7
4
34
3
37
-15
9
-46
-4
45
5
46
5
42
-9
27
2
-3
-61
3
-3
-57
37
-18
15
17
22
24
-3
4
23
1
-16
-2
-11
-57
34
-22
-42
-31
9
-5
38
64
-43
25
-92
-35
-53
-17
-2
-46
-23
-90
-22
-87
-44
-2
-34
-17
15
40
-39
-33
6
28
-6
18
37
-55
-6
29
-61
-10
-16
-7
-47
22
18
-3
27
31
-25
22
53
-6
32
5
18
-45
8
60
-44
54
18
-58
-22
-2
16
18
54
-2
85
16
8
57
-7
36
-71
-20
47
1
41
-19
46
-15
57
25
-11
21
-1
44
0
17
-21
-11
-26
-91
12
9
72
44
3
41
9
76
-26
32
13
22
-18
-27
-11
-27
-6
-60
-19
-36
24
43
-12
66
-59
10
-46
-52
-20
-31
-5
-67
-21
-1
28
11
-4
16
-22
42
-2
31
11
31
31
-24
20
-14
82
-12
17
-17
-10
-2
-46
-33
7
-5
-28
10
-17
-62
-46
-34
-61
1
-17
53
9
-43
-1
-8
60
48
34
18
30
34
-16
31
8
-12
-69
-13
-30
-5
24
9
55
-33
5
15
7
38
9
27
67
-23
-59
-87
-77
-90
-99
-70
-32
-72
-61
-51
-25
12
21
7
35
47
16
14
1
16
-65
67
29
24
-32
-29
31
-39
-6
43
100
28
105
64
8
19
3
9
-9
32
3
21
22
-6
-9
-4
49
7
-16
73
12
-29
6
-50
-71
-9
-39
17
61
20
19
14
115
-11
23
83
-19
6
5
-47
-42
-104
-23
-51
-74
9
20
17
100
88
73
114
86
24
22
-32
-25
-6
-49
-64
-82
-70
-123
-30
-33
-8
21
11
35
5
54
34
24
-3
-3
-11
-20
-16
-42
-78
-72
-30
-13
-10
-37
-10
14
-13
-61
10
19
36
33
4
51
47
-15
3
10
1
62
29
-15
-32
6
6
-2
-37
-4
-19
5
-24
-10
18
39
49
-33
-6
31
14
54
40
-5
-9
-11
-17
-80
-71
-93
-124
-78
-32
-49
-45
-30
13
48
50
64
66
52
54
30
45
55
40
22
5
-8
35
40
32
6
-58
-47
45
22
8
24
23
27
28
25
18
29
21
-40
-21
3
-47
-17
-16
23
-42
-28
12
-40
-36
-39
-17
-34
7
-15
33
-19
25
37
-7
69
-24
-38
-43
-50
-90
-59
-28
-12
-42
-41
-35
-1
33
-30
17
75
38
27
54
50
14
-1
-34
-27
-38
-52
-37
-6
-1
-24
11
20
114
133
115
164
62
20
-44
-28
0
3
-54
-20
-12
-96
-46
-77
-23
-27
-9
-3
15
46
-28
-68
-13
10
14
83
54
70
34
-8
27
9
-37
-19
-33
66
76
15
35
0
-29
43
50
19
74
-8
-49
6
24
9
-52
-12
12
-6
22
11
10
-3
2
-6
-55
-75
14
-39
-18
36
-12
22
51
-7
-23
-21
-84
-75
-58
-17
-65
-25
46
-14
-43
-54
-11
-25
27
14
16
-24
-43
-4
-31
40
39
-1
28
72
7
-46
67
3
-36
-49
11
13
-93
-66
-81
1
-3
-4
-8
-1
-25
-62
-44
11
23
5
65
66
24
22
-8
30
25
-15
-19
24
54
50
-21
-35
-13
-31
25
7
37
2
-13
13
26
66
-12
-14
8
5
-3
46
79
93
24
-6
26
-9
23
1
-29
-2
-4
-16
44
33
36
42
35
75
35
39
25
-7
-14
5
25
13
-5
-42
-52
-56
-33
-31
-16
-45
-74
-3
-18
-31
-22
-37
-47
-36
-29
-34
10
-40
-81
-65
-12
34
23
30
14
-18
-44
-16
-14
-23
21
38
3
24
92
63
22
21
-54
-24
75
71
-2
11
36
-4
-7
38
30
4
4
33
38
29
57
47
5
9
47
68
80
85
66
34
109
61
22
52
8
12
15
16
14
4
-7
-10
-53
-68
-111
-86
-91
-153
-144
-187
-214
-202
-262
-247
-201
-222
-218
-204
-186
-194
-203
-156
-114
-105
-111
-123
-137
-150
-120
-91
-70
-11
42
-67
-8
21
-1
66
146
198
138
181
230
206
226
254
215
209
296
282
253
314
378
296
252
347
286
228
232
221
125
123
168
98
131
231
303
331
461
505
409
447
505
476
404
463
463
307
241
192
40
-70
-103
-183
-243
-265
-313
-472
-578
-621
-748
-799
-764
-764
-811
-850
-855
-908
-920
-857
-869
-842
-737
-691
-669
-574
-488
-445
-370
-248
-138
-75
27
121
157
224
258
322
375
444
496
526
599
655
694
708
687
620
581
534
489
472
409
315
230
134
35
-48
-122
-190
-225
-248
-255
-294
-309
-328
-374
-366
-343
-268
-249
-230
-243
-272
-279
-277
-211
-166
-104
-59
-28
18
73
103
128
173
238
337
384
393
412
379
354
361
397
448
475
480
476
570
771
999
1171
1301
1247
1181
1165
1160
1192
1250
1247
1119
900
653
493
315
128
-52
-246
-376
-503
-660
-877
-1079
-1302
-1515
-1613
-1587
-1573
-1614
-1698
-1775
-1811
-1808
-1733
-1600
-1446
-1311
-1194
-1100
-944
-780
-637
-456
-270
-88
48
184
319
408
476
563
691
761
791
774
701
690
665
585
543
515
507
499
492
507
494
472
464
476
458
429
382
289
178
101
-4
-73
-106
-149
-245
-322
-367
-389
-403
-386
-315
-321
-341
-377
-381
-381
-371
-356
-343
-279
-268
-273
-235
-166
-152
-93
15
143
227
315
405
464
518
555
603
658
701
691
685
704
748
804
956
1297
1614
1784
1811
1686
1591
1526
1534
1574
1642
1615
1342
976
593
279
12
-198
-401
-593
-818
-1126
-1376
-1596
-1849
-2089
-2235
-2280
-2228
-2178
-2191
-2244
-2251
-2230
-2166
-1972
-1702
-1434
-1280
-1104
-913
-722
-473
-219
40
288
482
636
773
894
1020
1087
1175
1310
1380
1365
1239
1097
1001
884
779
670
557
485
340
174
43
-44
-120
-198
-187
-79
-3
-22
-73
-142
-183
-157
-115
-46
25
-13
-105
-209
-210
-190
-203
-216
-278
-316
-380
-436
-434
-440
-473
-507
-542
-534
-513
-488
-451
-435
-328
-232
-120
-24
24
110
195
339
481
658
774
827
869
886
896
930
1013
1097
1238
1495
1858
2160
2284
2143
1939
1804
1760
1828
1871
1849
1557
1078
517
88
-154
-388
-658
-940
-1237
-1562
-1878
-2155
-2335
-2501
-2672
-2774
-2734
-2623
-2571
-2585
-2565
-2482
-2297
-2035
-1707
-1326
-1053
-884
-677
-409
-101
213
477
769
978
1140
1258
1346
1478
1575
1660
1754
1820
1741
1574
1343
1182
1077
918
754
576
344
88
-146
-308
-345
-412
-403
-354
-342
-323
-379
-413
-363
-272
-171
-82
-2
-20
-153
-275
-295
-240
-222
-167
-163
-258
-392
-495
-508
-514
-514
-522
-539
-526
-530
-573
-612
-563
-483
-391
-265
-140
-51
7
124
239
415
595
731
856
923
967
1003
1055
1120
1225
1308
1487
1890
2317
2518
2494
2224
1958
1856
1891
1951
1937
1715
1226
605
60
-274
-524
-804
-1104
-1441
-1830
-2162
-2452
-2673
-2824
-2983
-3114
-3106
-2962
-2802
-2738
-2688
-2556
-2341
-2092
-1731
-1347
-998
-723
-494
-223
107
451
764
1055
1317
1509
1613
1703
1800
1904
1976
2042
2091
2040
1868
1576
1301
1178
1062
895
634
356
54
-265
-486
-588
-593
-702
-841
-858
-791
-716
-588
-410
-325
-242
-218
-168
-55
42
60
69
132
110
35
-65
-120
-150
-244
-284
-300
-331
-380
-543
-622
-614
-600
-630
-654
-632
-621
-621
-568
-455
-314
-201
-84
112
293
468
603
735
853
959
1070
1193
1288
1340
1359
1336
1402
1539
1779
2101
2334
2310
2043
1717
1505
1478
1495
1424
1244
815
242
-335
-764
-950
-1115
-1406
-1763
-2112
-2422
-2680
-2805
-2861
-2864
-2866
-2848
-2737
-2561
-2434
-2339
-2158
-1856
-1498
-1178
-833
-517
-290
-111
101
424
799
1134
1348
1486
1568
1620
1654
1758
1903
2011
2011
1917
1795
1569
1320
1062
908
853
727
429
54
-268
-515
-654
-673
-648
-663
-797
-960
-938
-782
-575
-436
-346
-271
-226
-142
-39
109
248
233
121
86
118
119
68
-24
-129
-232
-378
-479
-508
-509
-560
-614
-673
-720
-733
-733
-665
-550
-432
-353
-265
-119
16
184
337
501
658
751
866
1000
1152
1253
1317
1295
1292
1322
1410
1565
1837
2153
2307
2204
1858
1567
1463
1457
1468
1375
1106
607
-50
-617
-915
-1017
-1178
-1480
-1864
-2233
-2538
-2756
-2795
-2795
-2782
-2818
-2806
-2681
-2528
-2363
-2217
-1977
-1643
-1331
-1041
-745
-450
-192
8
251
612
963
1223
1401
1533
1630
1692
1757
1862
1989
2061
2008
1880
1722
1536
1315
1091
971
895
661
306
-46
-310
-500
-662
-735
-702
-688
-879
-1130
-1267
-1164
-858
-613
-405
-211
-190
-249
-259
-109
181
434
512
460
390
258
104
32
45
65
-42
-175
-304
-435
-563
-683
-720
-702
-699
-753
-782
-760
-717
-666
-526
-299
-102
45
157
289
450
632
795
962
1121
1225
1226
1210
1233
1164
1142
1151
1183
1259
1343
1477
1688
1802
1691
1427
1155
1088
1131
1086
888
580
129
-382
-784
-988
-1067
-1202
-1535
-1914
-2187
-2312
-2336
-2319
-2248
-2247
-2324
-2352
-2228
-1993
-1760
-1566
-1359
-1112
-864
-663
-490
-277
-52
152
390
669
971
1119
1157
1182
1255
1419
1586
1718
1777
1742
1580
1439
1363
1279
1152
979
818
632
391
75
-219
-449
-577
-642
-706
-751
-842
-996
-1146
-1214
-1111
-870
-594
-425
-314
-210
-199
-87
62
253
414
472
475
403
359
306
261
184
142
71
-83
-162
-243
-321
-411
-470
-488
-502
-482
-473
-466
-423
-373
-309
-185
-47
100
215
320
412
490
568
640
737
822
868
845
848
798
730
618
602
621
746
934
1109
1330
1332
1128
875
768
811
947
961
797
545
110
-338
-614
-719
-683
-792
-1046
-1343
-1578
-1732
-1815
-1745
-1688
-1684
-1775
-1848
-1769
-1624
-1473
-1326
-1134
-939
-831
-724
-554
-336
-131
58
262
470
675
782
874
972
1110
1239
1333
1399
1419
1408
1352
1301
1257
1141
928
734
569
433
243
-13
-223
-407
-584
-688
-785
-873
-992
-1128
-1207
-1142
-972
-884
-819
-761
-631
-392
-105
153
301
345
366
481
681
866
933
813
616
424
331
360
375
373
263
75
-117
-207
-208
-166
-184
-264
-346
-413
-413
-377
-299
-258
-271
-254
-192
-126
-72
-23
46
102
191
286
305
281
245
246
269
269
272
246
260
295
451
738
1125
1279
1115
912
761
877
1128
1279
1245
1012
610
221
53
64
76
-43
-368
-703
-950
-1102
-1164
-1157
-1198
-1343
-1480
-1587
-1511
-1398
-1349
-1312
-1265
-1128
-981
-862
-723
-555
-428
-305
-116
106
346
487
567
630
721
852
940
1017
1081
1084
1055
999
937
823
634
457
337
306
199
5
-221
-445
-650
-779
-809
-754
-699
-811
-986
-1051
-967
-823
-662
-521
-419
-330
-190
-17
214
389
497
531
597
775
902
949
944
885
777
676
657
656
654
483
254
61
-69
-77
-97
-105
-221
-385
-568
-661
-644
-535
-460
-474
-549
-613
-612
-548
-426
-286
-213
-187
-180
-139
-67
-1
23
33
44
28
-1
-10
64
198
363
545
782
1064
1221
1244
1294
1373
1502
1617
1679
1664
1534
1258
977
802
703
590
425
148
-162
-455
-687
-829
-882
-971
-1172
-1387
-1506
-1497
-1478
-1430
-1419
-1427
-1444
-1425
-1326
-1151
-970
-894
-847
-773
-638
-440
-258
-144
-49
8
100
247
406
533
589
600
644
700
694
649
627
611
578
478
320
196
99
-21
-55
-69
-112
-199
-365
-493
-532
-508
-484
-467
-480
-467
-448
-335
-142
90
264
377
448
494
656
777
847
917
902
830
790
730
662
588
481
350
247
122
34
-95
-204
-313
-424
-503
-557
-629
-740
-790
-838
-821
-764
-741
-758
-766
-757
-721
-624
-487
-368
-271
-185
-71
-8
104
195
256
326
400
473
566
671
715
798
940
1207
1493
1715
1760
1665
1584
1520
1606
1767
1833
1698
1397
1044
789
697
604
493
241
-111
-459
-743
-865
-936
-1042
-1235
-1487
-1712
-1850
-1837
-1777
-1749
-1808
-1918
-1952
-1882
-1744
-1565
-1401
-1276
-1194
-1075
-877
-667
-433
-241
-102
46
227
400
570
726
877
1018
1089
1062
995
957
891
850
835
765
587
350
169
47
7
-30
-126
-240
-380
-497
-526
-447
-386
-384
-395
-404
-394
-306
-176
24
237
372
506
595
671
779
849
940
1041
1021
925
796
672
583
522
431
290
112
-108
-312
-437
-490
-549
-625
-742
-881
-988
-1054
-1061
-1007
-974
-949
-914
-900
-823
-716
-633
-530
-401
-255
-55
130
278
409
482
549
628
739
826
941
1018
1073
1086
1040
1060
1124
1268
1455
1597
1710
1720
1633
1506
1427
1443
1504
1503
1309
1044
675
364
172
52
-10
-177
-492
-855
-1146
-1295
-1335
-1406
-1519
-1651
-1806
-1921
-1919
-1844
-1780
-1765
-1768
-1719
-1588
-1438
-1279
-1138
-1039
-950
-836
-665
-420
-206
-101
-61
-6
90
196
329
429
510
563
545
505
473
460
452
441
448
428
340
194
81
25
23
58
70
25
-28
-101
-161
-106
13
109
125
129
110
123
206
309
439
540
559
662
829
897
948
856
775
779
780
758
749
634
382
157
-28
-95
-80
-192
-372
-614
-778
-870
-894
-838
-826
-953
-1127
-1187
-1144
-985
-853
-754
-725
-689
-593
-448
-211
23
196
299
398
528
690
896
1024
1103
1135
1175
1207
1236
1256
1219
1174
1145
1114
1085
1028
918
911
1002
1052
1096
1073
961
823
680
653
721
778
641
396
112
-78
-173
-217
-221
-343
-599
-866
-1053
-1114
-1061
-1062
-1156
-1319
-1495
-1603
-1581
-1485
-1418
-1418
-1538
-1638
-1665
-1591
-1435
-1317
-1264
-1259
-1269
-1227
-1114
-964
-809
-675
-595
-504
-398
-288
-146
22
191
329
468
537
598
662
702
773
871
933
937
884
782
735
743
784
817
811
736
637
575
542
562
557
522
453
376
332
300
266
210
156
115
151
150
156
213
206
173
136
111
126
144
132
108
67
-10
-88
-144
-163
-140
-135
-181
-251
-294
-284
-277
-268
-194
-171
-216
-248
-262
-198
-95
-24
-4
-6
23
52
117
190
252
281
292
314
385
477
541
564
543
497
439
414
429
448
417
326
250
198
171
177
167
206
217
234
275
397
549
613
638
622
644
696
744
765
750
705
550
369
263
174
102
-40
-254
-473
-670
-821
-946
-1060
-1187
-1374
-1585
-1726
-1778
-1779
-1826
-1893
-1989
-2037
-2038
-1989
-1848
-1748
-1675
-1637
-1575
-1427
-1206
-934
-711
-548
-406
-244
-59
204
465
656
803
888
1004
1152
1288
1369
1416
1447
1433
1421
1411
1413
1349
1264
1166
1067
1007
889
757
661
562
468
383
282
196
109
24
-32
-72
-93
-120
-161
-176
-192
-185
-123
-43
32
112
160
189
197
228
301
428
507
514
480
431
432
449
466
446
392
317
197
83
38
-12
-109
-224
-344
-416
-488
-583
-658
-721
-780
-820
-852
-837
-795
-752
-716
-663
-591
-486
-362
-244
-101
32
143
250
361
490
609
705
794
851
875
905
902
898
903
851
818
791
745
666
530
403
295
229
166
118
61
-66
-201
-288
-315
-325
-338
-389
-483
-543
-597
-618
-613
-617
-674
-758
-804
-849
-854
-848
-852
-858
-873
-858
-833
-804
-778
-788
-814
-835
-771
-683
-602
-550
-538
-540
-575
-540
-478
-376
-295
-286
-265
-227
-158
-74
7
66
100
183
243
332
423
483
519
542
604
672
750
774
794
791
800
828
856
879
849
830
803
807
827
806
751
694
673
684
665
648
609
541
494
459
402
397
380
298
227
175
137
105
44
-36
-139
-218
-258
-252
-244
-243
-274
-344
-371
-370
-360
-319
-282
-297
-331
-349
-346
-316
-278
-235
-245
-273
-283
-285
-251
-208
-182
-181
-190
-206
-188
-161
-142
-84
-66
-67
-94
-123
-135
-121
-108
-97
-63
-80
-103
-134
-125
-87
-37
-16
-21
-27
-24
-24
-19
47
112
145
121
88
110
119
135
174
215
196
134
87
72
73
61
19
-18
-76
-162
-236
-262
-256
-245
-276
-346
-400
-439
-446
-454
-436
-412
-398
-388
-383
-368
-332
-296
-251
-170
-88
-46
8
65
130
188
246
316
366
405
421
460
479
518
550
564
601
589
559
524
499
485
483
468
434
390
323
249
183
153
118
71
13
-80
-155
-213
-253
-250
-250
-261
-299
-333
-339
-328
-334
-297
-261
-237
-227
-216
-203
-179
-153
-144
-105
-87
-83
-80
-91
-80
-68
-78
-109
-129
-131
-156
-181
-210
-192
-195
-201
-197
-209
-187
-191
-186
-152
-99
-74
-58
-26
13
72
133
196
224
251
273
290
345
426
479
513
540
552
567
594
616
643
642
615
567
515
468
395
338
261
219
160
66
-29
-102
-187
-250
-319
-368
-394
-442
-510
-575
-621
-651
-638
-616
-604
-598
-613
-627
-634
-592
-507
-456
-415
-398
-391
-366
-314
-251
-172
-100
-53
-25
2
65
120
176
228
284
306
341
407
451
484
508
510
500
505
484
484
502
490
449
388
329
313
287
260
255
238
222
184
162
156
137
123
93
63
37
11
8
18
-5
-38
-59
-108
-107
-123
-148
-186
-226
-223
-253
-264
-300
-333
-339
-384
-441
-441
-435
-442
-436
-451
-443
-432
-446
-406
-351
-327
-332
-312
-287
-277
-240
-215
-171
-120
-94
-51
-27
4
54
67
135
185
229
242
242
266
291
343
391
413
424
394
339
340
349
367
376
346
285
243
194
156
154
141
87
10
-40
-76
-110
-124
-142
-181
-219
-247
-269
-271
-228
-210
-202
-224
-251
-238
-190
-134
-98
-60
-51
-40
-22
2
58
110
140
165
182
183
180
213
233
261
299
274
285
300
281
281
267
280
267
234
217
203
156
87
76
47
41
34
22
-17
-60
-66
-50
-23
-24
-17
-5
1
0
23
65
95
123
137
141
153
162
200
195
179
162
125
102
84
49
6
-33
-95
-146
-209
-265
-331
-394
-426
-481
-507
-558
-625
-664
-700
-710
-704
-693
-691
-690
-684
-677
-654
-587
-502
-438
-392
-364
-316
-254
-174
-89
3
78
129
179
220
275
344
422
493
532
548
573
587
578
587
591
604
597
582
558
498
457
417
392
357
350
312
233
180
129
91
75
62
21
-17
-79
-120
-102
-109
-118
-143
-179
-186
-170
-159
-140
-135
-120
-96
-94
-92
-50
-47
-52
-30
-3
-12
-23
-36
-42
-37
-39
-41
-45
-42
-55
-56
-53
-39
-41
-17
-6
-10
1
4
18
43
86
115
123
121
123
115
155
194
231
261
279
265
249
248
237
263
250
231
200
146
89
52
7
-32
-59
-83
-154
-231
-298
-358
-381
-403
-422
-457
-513
-546
-578
-584
-572
-550
-507
-481
-446
-427
-383
-333
-287
-224
-175
-97
-57
-12
39
73
107
159
189
203
216
219
241
233
225
222
190
170
129
104
92
101
101
92
63
40
42
43
51
57
81
98
102
123
142
174
199
212
244
261
287
288
283
308
329
343
344
342
312
277
240
215
225
219
195
149
86
-2
-66
-98
-118
-109
-154
-202
-245
-310
-330
-317
-295
-295
-298
-304
-309
-289
-252
-209
-157
-115
-91
-49
-21
-15
5
34
70
99
126
137
139
109
87
103
123
129
137
114
76
58
26
16
13
0
-25
-43
-62
-68
-64
-54
-71
-74
-61
-58
-50
-34
-28
-53
-69
-74
-67
-78
-102
-120
-108
-124
-133
-142
-140
-135
-126
-116
-133
-149
-155
-154
-137
-122
-135
-140
-165
-145
-118
-109
-106
-102
-96
-76
-34
3
30
9
6
18
46
88
122
136
113
111
100
98
136
146
155
129
128
118
126
169
179
212
217
212
215
224
245
251
250
249
237
218
213
216
223
208
204
206
185
188
176
135
127
134
136
137
120
82
24
9
-8
-11
-17
-36
-64
-114
-155
-191
-191
-197
-192
-217
-270
-314
-344
-342
-360
-348
-336
-336
-329
-347
-364
-339
-315
-272
-254
-232
-209
-178
-153
-121
-89
-48
-9
11
23
32
53
80
115
149
165
160
161
152
160
209
230
224
224
188
163
176
185
189
199
176
137
105
74
54
44
43
27
19
-6
-39
-54
-65
-58
-51
-51
-67
-95
-115
-120
-114
-107
-103
-111
-146
-147
-155
-156
-146
-145
-144
-152
-148
-152
-123
-98
-75
-76
-83
-68
-37
-24
-2
31
78
98
115
135
185
245
278
300
341
375
375
401
415
433
437
433
417
394
356
322
273
237
205
160
98
26
-34
-94
-143
-182
-218
-267
-302
-329
-363
-393
-407
-404
-397
-392
-401
-379
-357
-329
-298
-260
-227
-189
-149
-106
-55
-13
31
49
79
106
118
141
165
183
193
192
179
183
187
165
143
120
96
82
49
-6
-38
-67
-84
-105
-115
-149
-193
-196
-220
-229
-217
-210
-197
-179
-174
-182
-169
-161
-124
-57
-7
1
16
44
47
83
139
203
229
242
245
228
238
239
247
264
256
227
174
122
100
77
57
45
19
-18
-70
-108
-128
-143
-146
-154
-163
-173
-173
-183
-168
-144
-123
-90
-90
-66
-41
4
48
90
118
156
173
210
252
262
277
275
280
285
267
269
269
267
247
210
183
142
115
88
56
32
-7
-49
-94
-129
-153
-190
-213
-248
-268
-265
-282
-295
-287
-266
-234
-207
-189
-188
-167
-126
-102
-62
-28
-4
9
13
21
28
57
86
96
82
65
51
40
20
1
14
-4
-44
-72
-105
-145
-143
-154
-168
-200
-227
-244
-255
-252
-250
-222
-234
-228
-215
-193
-178
-156
-127
-101
-68
-44
-14
25
64
98
139
180
230
265
265
262
272
278
303
323
349
370
345
320
303
293
308
291
278
258
230
202
175
149
141
128
104
81
57
50
28
24
-12
-25
-40
-48
-40
-63
-75
-93
-104
-110
-114
-114
-118
-111
-102
-100
-97
-92
-92
-101
-94
-91
-96
-78
-54
-53
-63
-58
-57
-70
-64
-39
-41
-74
-82
-66
-49
-57
-36
-49
-63
-56
-49
-30
-10
5
-2
-3
-16
1
27
61
67
65
51
43
59
68
75
64
36
26
8
-11
-20
-33
-45
-57
-76
-108
-121
-140
-157
-176
-187
-180
-204
-210
-222
-236
-242
-250
-248
-238
-224
-205
-196
-196
-175
-142
-110
-78
-71
-72
-43
-14
20
52
83
102
121
129
161
193
224
245
241
259
261
286
305
320
317
308
307
294
291
283
262
248
233
208
172
141
132
112
102
88
64
47
30
18
6
-8
6
9
-8
-11
-21
-29
-27
-29
-8
15
14
22
14
8
8
14
25
32
22
-2
-4
1
-1
-15
-36
-70
-90
-109
-132
-153
-168
-185
-212
-234
-252
-253
-254
-263
-268
-276
-269
-257
-239
-218
-197
-155
-133
-122
-88
-60
-27
11
51
90
120
149
165
164
171
179
177
182
187
193
172
144
113
95
64
50
42
11
-27
-66
-97
-128
-156
-166
-184
-204
-227
-261
-269
-267
-265
-266
-259
-255
-254
-252
-246
-204
-169
-129
-87
-54
-30
-8
25
73
128
148
187
204
227
250
250
274
292
284
289
284
275
276
259
254
244
232
214
205
193
187
186
178
161
141
129
128
133
131
133
130
114
112
121
120
142
166
155
153
149
150
156
165
172
167
136
116
103
73
44
23
-3
-34
-56
-97
-148
-191
-219
-259
-289
-302
-320
-358
-389
-405
-433
-432
-427
-432
-412
-398
-396
-377
-360
-322
-284
-246
-208
-175
-139
-109
-65
-20
22
47
73
84
102
140
150
172
166
150
120
108
114
103
91
68
46
10
-31
-47
-58
-67
-75
-96
-105
-122
-134
-130
-124
-107
-104
-106
-95
-85
-78
-54
-21
22
59
80
121
146
159
176
193
222
224
242
250
244
240
227
217
194
179
158
137
113
85
54
22
-4
-23
-32
-56
-66
-70
-83
-81
-89
-73
-52
-35
-12
-10
17
43
74
103
124
147
169
194
218
236
250
266
285
288
293
305
303
300
280
254
240
221
194
171
140
88
33
-7
-48
-75
-119
-153
-174
-222
-255
-278
-303
-320
-335
-349
-352
-364
-380
-385
-378
-377
-376
-358
-346
-328
-312
-293
-270
-243
-224
-194
-174
-150
-136
-118
-88
-77
-56
-32
-31
-21
-11
-21
0
9
16
25
30
35
45
49
51
58
75
84
66
67
85
89
86
102
93
91
101
102
102
111
126
127
121
116
118
128
129
134
125
112
114
101
85
85
97
81
65
48
37
33
27
13
6
10
16
18
3
13
27
16
20
21
37
34
31
58
57
57
74
80
77
91
93
114
128
130
131
143
147
148
165
162
163
151
139
117
102
87
96
92
63
36
36
35
7
-11
-14
-15
-37
-43
-49
-51
-56
-72
-69
-70
-75
-78
-92
-104
-118
-116
-119
-130
-146
-162
-161
-165
-189
-191
-194
-208
-228
-236
-244
-250
-251
-255
-245
-267
-267
-259
-254
-248
-227
-209
-192
-169
-150
-137
-122
-101
-76
-52
-27
-4
7
27
57
78
102
127
149
170
179
178
191
200
211
212
209
203
182
159
150
137
121
117
98
75
39
14
2
-28
-31
-43
-53
-46
-50
-58
-81
-107
-103
-82
-56
-11
18
71
89
125
129
152
199
228
259
275
309
266
250
224
185
184
177
194
170
161
141
122
96
73
51
10
23
-8
-15
-31
-66
-78
-99
-130
-134
-144
-143
-149
-142
-133
-115
-113
-104
-86
-74
-33
-28
-3
37
34
47
84
64
90
76
75
72
44
62
27
24
33
5
6
-32
-35
-61
-97
-98
-129
-119
-166
-168
-196
-237
-215
-246
-243
-264
-282
-284
-313
-277
-273
-255
-263
-268
-280
-294
-290
-276
-212
-128
-53
3
22
14
-13
-35
-33
6
63
179
240
271
271
188
104
-6
-76
-97
-73
-9
68
111
140
129
81
70
60
75
134
212
298
327
322
296
248
186
166
161
192
249
282
312
295
248
217
158
124
123
160
196
208
215
194
144
93
24
-21
-41
-51
-45
-41
-35
-81
-100
-127
-163
-185
-194
-205
-183
-184
-192
-184
-179
-168
-171
-123
-73
-28
1
7
23
22
17
-2
-22
-52
-68
-69
-35
8
52
106
123
139
121
114
114
106
108
121
157
162
166
141
107
52
0
-38
-71
-85
-115
-117
-129
-163
-208
-247
-274
-322
-344
-336
-314
-269
-234
-190
-168
-161
-170
-193
-199
-212
-219
-207
-176
-140
-112
-95
-63
-74
-94
-117
-135
-133
-106
-73
-27
30
49
74
76
58
61
55
74
118
166
218
276
272
235
197
148
123
116
147
193
222
227
235
225
218
199
195
201
216
244
264
269
264
241
218
200
195
210
223
254
265
268
227
159
86
-16
-101
-177
-213
-220
-219
-209
-210
-223
-237
-260
-264
-266
-248
-214
-153
-111
-80
-61
-88
-118
-140
-159
-187
-171
-110
-80
-42
0
11
2
1
2
-2
44
83
116
143
139
129
96
89
61
53
54
67
85
77
98
62
16
-24
-105
-173
-209
-222
-195
-159
-145
-128
-128
-118
-95
-74
-35
-7
1
-5
-34
-108
-172
-218
-266
-274
-241
-202
-170
-108
-98
-84
-109
-133
-104
-70
-8
44
109
130
142
134
100
87
100
107
127
145
140
148
131
112
127
106
101
126
135
166
156
149
141
132
139
159
174
161
175
147
118
107
90
100
92
90
76
38
45
21
7
17
36
45
89
115
90
59
42
15
1
32
32
61
42
17
-20
-65
-78
-99
-90
-87
-62
-66
-82
-109
-142
-153
-170
-159
-155
-147
-138
-141
-132
-148
-169
-183
-193
-157
-143
-120
-103
-109
-111
-113
-77
-78
-64
-29
10
22
42
90
89
75
84
79
93
110
121
120
125
112
82
98
91
87
85
74
65
35
8
-6
-30
-40
-44
-34
-13
-30
-38
-59
-71
-94
-108
-97
-80
-57
-70
-70
-92
-103
-102
-109
-80
-44
-6
6
-13
-37
-32
-24
-30
-15
-3
22
36
50
51
75
79
85
55
67
86
86
122
126
130
125
123
114
147
158
184
166
162
171
159
178
167
164
155
131
140
131
137
104
90
61
23
5
-33
-44
-50
-75
-118
-117
-140
-139
-136
-171
-172
-178
-209
-184
-166
-149
-99
-109
-123
-112
-128
-146
-141
-124
-122
-97
-57
-47
-52
-56
-105
-131
-125
-88
-55
-16
-1
-11
-29
-49
-45
-55
-24
4
2
48
64
59
59
42
25
39
49
69
101
88
88
77
70
75
83
91
90
90
73
79
79
68
77
82
50
36
5
-32
-33
-55
-51
-49
-51
-94
-115
-122
-106
-105
-112
-39
-61
-53
-62
-85
-65
-57
-45
-51
-36
-50
-32
-25
-12
16
-4
22
3
13
49
60
113
116
155
166
188
184
171
138
122
173
161
226
225
206
217
181
133
101
105
71
82
58
50
60
25
40
3
-27
-44
-104
-67
-87
-106
-117
-138
-146
-128
-137
-182
-171
-210
-200
-200
-158
-107
-128
-146
-145
-144
-158
-129
-87
-64
-56
-24
-38
-60
-43
-11
-23
-28
20
0
-17
6
-22
-2
32
1
15
20
43
54
51
53
56
29
26
20
53
75
64
48
61
65
61
102
74
70
57
36
53
30
68
65
26
7
-7
-22
-18
33
8
38
32
23
33
6
9
-30
-12
-18
-13
-20
-7
-21
-41
-38
-57
-25
-50
-47
-20
-45
-49
-62
-77
-70
-49
-46
-1
10
13
41
20
27
82
81
80
85
82
81
106
96
108
100
77
79
103
86
91
108
110
93
72
92
41
55
26
23
-7
-20
-57
-77
-57
-100
-33
-68
-52
-80
-110
-105
-128
-96
-90
-45
-63
-50
-72
-87
-72
-55
-21
-63
-9
-21
-23
30
3
-16
-54
-41
-52
-20
-19
-33
-36
-83
-18
-79
-45
-35
-34
-53
-90
-69
-104
-60
-63
-51
-66
-50
-44
-78
-62
-47
-58
-38
-60
-22
-19
40
65
67
74
70
97
91
129
90
104
99
110
106
103
108
58
71
69
70
61
103
80
83
68
33
50
-11
44
30
0
59
48
22
-15
-37
-83
-53
-53
-46
43
-19
4
-63
-94
-90
-55
-16
4
38
36
42
25
21
0
21
38
57
84
72
34
37
10
8
-12
-9
26
-7
19
16
-34
-38
-6
12
2
64
-3
-1
-2
-27
-5
-37
1
-26
15
-19
-9
15
-37
22
-51
-13
-58
-39
-61
-39
36
-2
35
-22
1
-58
-23
-51
-79
-45
-82
-37
-83
-96
-108
-128
-109
-92
-77
-72
-75
-100
-93
-96
-123
-59
-68
-87
-109
-53
-90
-83
13
24
49
64
79
32
63
67
150
127
148
170
110
120
69
86
73
114
111
94
119
93
95
74
79
68
70
86
43
89
19
13
37
36
26
21
55
2
25
1
35
24
10
29
19
22
22
49
1
14
-22
19
19
55
59
11
10
-28
-46
-87
-74
-128
-103
-83
-42
-61
-125
-101
-185
-192
-133
-124
-70
-46
-13
-58
-6
-37
-87
-64
-102
-41
-58
8
16
29
20
11
52
-1
71
111
132
155
144
98
84
100
3
4
19
2
45
65
22
21
1
-41
-17
0
-47
-43
-54
-114
-75
-89
-111
-107
-149
-144
-100
-99
-61
-42
-26
-20
45
18
1
48
46
74
40
86
77
46
61
78
63
56
92
53
43
90
88
64
94
70
28
6
-28
-28
-72
-33
-14
-81
-48
-55
-28
-30
8
-33
-43
-5
-13
20
10
3
17
-40
-19
13
-5
42
40
52
38
67
19
-1
8
23
63
57
79
64
27
63
36
7
3
13
-4
-18
19
-17
52
-15
-19
-69
-114
-82
-79
-66
-123
-63
-127
-115
-78
-113
-63
-68
-86
-89
-33
-68
-45
-18
-84
-26
-36
-69
18
0
-13
11
25
-3
50
54
32
57
50
66
58
56
63
60
53
107
25
101
43
34
63
15
52
35
70
16
57
-23
-30
-22
-51
-33
27
-7
-2
0
-16
-62
11
10
24
118
63
100
88
57
37
45
15
51
53
75
91
65
13
25
-6
-36
-35
-33
11
-26
41
-5
-24
-41
-39
-95
-70
-12
-69
-43
-17
-59
-73
-50
-75
-69
-94
-62
-59
-20
-49
12
-62
-62
28
-50
37
50
51
-39
32
20
35
37
-2
59
36
61
32
-29
27
-16
22
20
59
40
-6
-33
-66
-70
-113
7
-10
2
14
-14
-42
-23
-44
-40
-8
15
7
35
27
4
-17
-75
-51
-71
-5
-31
6
-12
-75
13
-42
-40
11
-30
-21
11
-13
13
70
9
36
45
-34
31
-17
40
91
55
62
30
47
11
42
10
22
24
-17
107
34
5
24
-20
6
-39
66
13
55
-10
-26
11
-74
91
29
1
32
9
-55
-28
105
42
51
111
10
46
22
0
-19
-17
-25
37
58
1
99
-8
-40
-40
-43
-68
22
10
1
0
-12
-84
-35
-29
-65
26
-18
22
-37
47
-59
-31
-50
-18
-39
-57
12
-70
-12
-13
9
-18
-40
16
-21
-63
8
1
-10
2
10
-31
-31
16
-83
-71
-42
-64
-26
-33
-37
-91
-49
-55
-20
-8
8
41
-18
1
-1
-27
14
46
-6
18
31
-25
-8
-10
-12
29
57
41
57
28
3
25
12
41
64
-15
36
-1
-40
1
-45
-47
-46
-70
-84
-29
-39
-26
-11
-54
-11
35
20
38
56
88
58
75
91
77
70
99
128
92
136
93
42
34
56
72
11
72
78
89
106
46
33
7
-28
5
14
-2
49
43
29
43
-8
-10
14
-32
-15
-5
-8
-1
21
-22
-12
-98
-36
-9
-73
19
-17
-48
-66
5
-59
-4
-46
-84
-56
-84
-60
-73
-86
-48
-49
-101
-31
-40
-51
-35
-30
-74
-81
-63
-61
-43
-44
-59
-82
-17
-100
-78
-2
-20
-5
-42
-23
-58
15
-3
-36
25
-62
-40
-69
-28
12
38
56
11
65
-14
51
17
-35
3
-35
28
-11
30
14
-25
50
-59
4
-31
0
30
69
66
21
57
-5
28
-50
51
39
42
118
61
111
58
82
48
82
129
103
117
101
91
85
76
110
83
64
92
67
57
78
80
34
103
21
58
50
-1
32
-18
-13
17
42
9
55
52
76
23
-25
5
0
-28
16
12
-33
22
-12
0
-27
-27
-74
-98
-28
-77
-66
-56
-65
-86
-110
-100
-166
-151
-128
-105
-79
-42
-64
-106
-97
-129
-89
-89
-94
-103
-120
-75
-91
-38
-105
-41
-100
-130
-28
-107
-38
-54
-49
-88
-15
-12
-17
34
-41
-14
-38
20
-11
2
43
21
41
50
27
4
4
-21
0
-2
36
56
131
36
67
16
33
49
61
89
66
144
42
101
40
35
19
37
37
14
29
15
42
44
19
53
-4
24
51
-25
93
40
78
33
88
49
51
118
8
79
58
27
36
41
79
49
96
-12
28
13
13
79
22
128
40
63
67
42
56
12
52
-16
21
71
37
52
-28
17
-22
-19
-2
-35
12
-36
-19
-21
-29
0
17
-27
-39
-31
-16
-54
-3
-24
-59
-62
-126
-62
-110
-93
-48
-71
-36
-88
-107
-109
-106
-122
-130
-58
-93
-97
-93
-104
-112
-124
-108
-116
-63
-53
-68
-24
-76
-32
-21
-44
-48
2
3
-65
21
-56
53
41
37
51
15
44
15
23
3
29
8
-13
31
-15
-27
-4
12
-1
-32
50
28
53
77
27
47
30
13
3
37
34
40
40
76
64
65
64
47
50
36
54
64
50
89
40
104
72
43
51
33
49
23
34
28
41
66
79
98
72
109
23
41
52
21
70
69
78
72
76
-2
34
19
1
53
26
18
39
71
68
24
37
-28
-33
-41
-36
-24
15
-14
-32
-32
-61
-52
-103
-66
-45
-57
-38
-2
-64
-81
-73
-120
-120
-79
-93
-109
-43
-46
-69
-37
-70
-116
-110
-125
-114
-118
-86
-51
-76
-70
-88
-60
-57
-50
-44
-44
-57
-29
-17
-33
31
-28
-13
-27
-32
7
28
8
13
41
-4
3
8
-3
-33
-39
-11
7
-6
76
-6
14
28
32
6
41
88
97
54
73
77
35
87
49
10
29
59
-25
10
10
31
14
39
44
46
9
68
24
5
73
43
68
87
54
40
36
22
63
12
39
49
62
52
89
80
57
36
9
7
4
96
101
55
90
48
-5
-26
-43
-5
-8
31
21
14
-25
5
-14
-63
-4
-4
12
28
71
34
29
-10
-6
-24
-41
25
16
17
-16
-24
-48
-52
-79
-49
-51
-91
1
-95
-31
-38
-100
-51
-108
-71
-106
-118
-111
-75
-71
-82
-18
-103
-96
-90
-120
-66
-95
34
-96
-72
-46
-111
-48
-101
-35
-101
4
-32
-8
25
-22
-19
-57
-90
-48
10
-28
46
10
13
46
18
29
47
9
34
9
22
70
64
86
105
87
84
97
82
79
29
124
79
70
125
112
98
96
58
62
74
86
59
124
125
55
53
-12
26
-32
0
22
60
54
83
53
-2
42
15
57
44
49
72
54
103
93
11
96
31
16
11
29
-27
26
-4
-7
51
-20
6
-14
-49
-70
-123
-69
-63
-81
-12
-57
-42
-140
-122
-135
-102
-113
-63
-27
-68
-75
-92
-80
-73
-87
-119
-64
-59
-57
-40
-30
-71
-127
-94
-96
-107
-58
-45
-100
-26
-70
-59
-17
-39
-23
-58
-17
-21
-18
-55
18
-22
-27
3
8
-29
-29
-1
37
71
52
40
29
7
15
15
40
74
38
76
-15
53
22
31
40
25
65
25
90
27
57
50
27
76
41
85
87
86
71
45
44
33
83
68
110
118
-11
92
-1
31
47
69
93
-4
56
-7
17
6
66
31
47
70
16
37
9
32
-40
21
42
43
30
35
28
-24
42
-17
43
17
1
0
-38
-9
-60
-5
-36
-7
-42
-24
-45
-76
-35
-60
-27
-42
-66
-77
-75
-84
-95
-68
-111
-83
-62
-110
-80
-121
-86
-78
-68
-85
-28
-65
-85
-18
-69
-32
-58
-19
-47
-20
-28
-52
-21
-9
22
-8
-37
18
-63
23
-12
-13
1
1
73
-24
68
-7
90
-30
44
47
16
76
26
79
20
34
0
-56
-2
-51
20
19
18
85
-26
-23
-55
-25
-39
38
55
30
113
21
69
47
56
64
81
92
46
97
56
100
46
58
65
48
87
61
62
66
47
81
59
63
69
30
69
38
22
111
61
26
19
54
-35
31
6
21
12
-36
13
-56
-14
-29
-11
9
37
34
3
-5
-49
-22
-52
-64
3
-26
-36
-51
-58
-80
-103
-92
-62
-117
-92
-119
-119
-129
-83
-87
-122
-47
-100
-71
-96
-60
-73
-98
-29
-74
-57
-58
-22
0
-60
30
-55
17
-8
23
37
-9
42
-41
33
-57
1
12
10
55
19
34
11
16
-4
-38
-11
-36
16
-14
-3
56
-12
20
-53
-27
-8
-36
34
7
39
20
6
-21
0
6
27
49
40
48
61
19
72
92
49
79
21
80
27
83
67
42
43
42
79
23
73
28
31
47
44
85
63
69
54
58
35
34
65
64
62
97
78
58
54
45
28
24
47
32
12
-16
20
-35
15
1
28
11
11
2
-70
-9
-57
-22
-59
-36
-94
-96
-100
-131
-99
-81
-91
-59
-76
-51
-69
-116
-81
-149
-62
-114
-105
-103
-70
-83
-81
-70
-73
-49
-45
-38
-41
-29
-21
-17
-59
-46
-49
-20
-10
32
2
1
-9
-41
48
-26
3
12
14
73
21
75
47
36
-3
-19
0
37
56
31
60
18
-13
43
2
16
19
15
63
49
89
62
43
43
12
12
47
76
16
77
29
33
41
14
35
-42
22
10
40
47
19
68
23
65
27
69
53
9
73
16
49
28
35
47
24
58
32
92
2
21
33
2
96
25
101
25
43
64
4
13
9
32
-7
35
49
-9
31
-44
-82
-52
-100
-11
-25
-51
10
-15
-97
-26
-18
-71
-29
-28
-60
5
-94
-83
-33
-127
-35
-57
-105
-90
-74
-130
-107
-25
-62
-78
-52
-67
-81
-78
-94
-94
-56
0
-41
-31
-66
-43
-61
-71
-12
-47
-16
-12
-15
-36
-16
-26
-31
-23
29
19
62
33
24
8
16
-8
57
52
28
93
19
68
23
50
36
59
74
70
61
71
69
69
111
55
45
10
51
58
44
60
25
30
45
15
22
39
29
-11
58
24
-24
20
-6
5
-7
5
-19
19
48
53
22
40
20
8
60
34
36
5
25
-7
44
11
-15
35
-24
8
-20
-26
23
10
-5
-9
6
-29
-39
-2
-34
0
-13
-15
-40
5
-17
-15
10
-31
6
-93
-53
-66
-40
-29
-5
-3
-60
12
-27
-64
-44
-48
-54
-62
-57
-45
-55
-87
-65
-70
-72
-48
-52
-11
-85
-77
-68
-73
-58
-8
-20
-40
30
-32
-16
-17
9
18
9
17
6
0
-14
49
-39
40
65
37
76
40
44
22
17
8
31
49
35
40
27
33
28
7
48
-23
52
43
44
53
32
52
56
58
64
32
53
18
34
70
104
71
84
75
-5
47
22
16
33
11
8
17
4
46
-3
15
5
48
-22
100
50
2
30
-26
13
-50
-7
-46
0
-26
-15
7
8
13
-46
-15
-17
-48
-7
-1
-30
-9
-10
-30
-51
-35
-90
-39
-55
-113
-22
-39
-52
-56
-79
-54
-21
-50
-15
-19
-30
-8
-11
-38
-25
-29
-82
-54
-27
-29
-31
-17
-9
0
4
4
-52
-59
-37
-24
39
53
-1
17
-62
-55
-21
-27
1
2
12
-34
29
34
16
-1
28
5
-5
31
42
17
65
16
7
48
22
32
10
17
20
11
30
84
-13
14
32
23
22
46
34
-2
47
35
50
29
93
8
-15
48
16
-6
52
15
-4
61
50
75
37
32
16
33
-10
20
20
31
45
11
-8
-14
-17
-8
-5
25
31
21
28
25
8
-21
8
-27
-19
-11
-11
7
-28
-39
-52
-46
-51
-36
-29
-49
-6
-25
-79
-28
-42
-67
-52
-38
-81
-107
-84
-76
-40
-24
-44
-38
-64
-56
-28
-17
-27
-43
-29
-40
-39
-50
-25
-5
-29
-19
-12
-20
31
-2
23
35
-20
-12
-46
-22
-24
10
8
13
-22
-30
73
7
-13
52
16
37
70
50
49
43
-3
-11
21
-18
30
38
13
58
24
51
45
35
50
28
50
34
55
54
59
40
26
36
-7
33
36
41
93
26
79
71
68
46
-5
31
7
53
28
31
27
-6
-18
-7
38
-10
2
29
-32
29
-15
-4
12
-13
11
2
7
-21
27
-15
-23
-15
-23
3
1
15
-4
12
-35
-47
-28
-64
-25
-19
-28
-47
-48
-45
-42
-12
-43
-12
-11
-15
-19
-55
-46
-59
-91
-80
-73
-64
-49
-43
-25
-25
-38
-69
-55
-77
-47
12
6
17
15
28
-28
-19
-39
-92
-32
-22
-31
41
-3
30
-4
-1
31
-23
0
19
64
11
30
-18
4
-1
1
30
54
20
26
31
62
56
48
42
9
42
-5
43
49
30
53
15
10
21
61
60
50
89
-12
40
14
-7
29
24
70
19
51
7
12
15
1
48
8
76
55
20
22
-22
7
-14
26
22
21
26
-11
32
-33
-29
-56
-33
-20
-19
-16
-18
14
-77
-8
-33
-38
-17
-44
-35
-26
-39
-44
-30
-10
-65
-16
20
-19
-15
-38
14
-33
-19
-3
-16
-45
-25
-30
-41
0
-3
6
11
-10
-18
-45
-55
-36
-69
-25
19
-26
-10
12
-6
-38
-5
-27
-5
5
-63
-23
-34
-26
-21
-23
-19
-16
-1
-18
16
20
15
48
-17
7
-6
19
-2
14
51
34
60
15
38
15
1
-4
11
37
37
60
9
0
53
43
46
46
69
22
13
-8
1
9
25
62
23
71
12
15
15
1
18
19
35
7
13
-36
-15
-20
-42
0
-6
45
26
10
29
6
-4
-44
2
-50
-3
-7
-13
14
-21
8
-29
28
3
22
29
-10
54
10
36
-3
-1
5
-13
-2
-18
14
-3
17
7
5
2
-9
1
-12
-17
-33
-30
-36
-72
-44
-87
-36
-32
-50
-20
-26
-49
-39
9
-4
0
13
-18
-43
-68
-58
-51
-31
-38
-35
29
-22
-14
-7
6
-7
3
18
16
33
10
20
11
-27
4
12
9
18
25
14
49
49
-11
26
18
15
13
31
15
34
12
14
-14
-16
-15
2
42
2
25
47
36
35
18
2
-20
8
11
3
38
2
25
13
42
-7
24
46
17
56
18
39
47
11
1
4
14
-11
-2
-15
11
27
-5
26
-6
2
-10
-9
-31
-21
0
-19
27
-24
-11
-19
-33
-23
-20
-3
-1
9
-5
3
10
-39
-29
-54
-32
11
-21
3
-39
-22
-49
-14
-17
-70
-30
-33
-49
-30
-23
-48
-26
-25
-36
9
-1
-5
5
-22
-20
-34
4
8
6
-2
-46
-24
-72
-49
-16
8
-24
-7
18
-36
16
-2
-18
4
-10
9
23
37
29
8
6
5
36
4
39
41
11
50
33
34
11
-4
22
36
9
36
46
62
75
27
49
25
18
0
10
7
17
33
35
27
25
33
29
14
44
37
40
45
41
48
16
27
-1
6
4
21
-2
-3
6
-6
4
-12
-6
8
-29
-32
-34
-21
-26
-12
-23
-32
-8
-37
-7
-44
-35
-18
-34
-9
-7
-21
-51
-34
-54
-48
-32
-38
-57
-26
0
-11
42
8
10
-14
-15
-29
-30
-21
-5
-16
-26
-5
-15
-20
-32
-24
-31
1
11
-3
-8
-13
-36
-14
-7
3
12
4
-10
-2
10
-20
7
-9
-20
-29
3
-23
-28
-12
-31
-2
-4
8
-14
21
-6
11
4
7
32
31
24
5
32
-10
30
29
18
32
25
11
15
29
15
39
61
36
38
42
49
34
48
70
49
69
37
57
49
25
32
10
23
21
4
6
14
-5
-1
27
14
21
12
19
11
-7
-13
-25
-26
-19
-23
-22
-10
-42
-15
-4
6
-12
0
23
-9
1
-4
2
-11
-23
-24
-16
-11
-45
-55
-55
-32
-27
-11
-12
-13
-1
-23
-10
1
-29
-38
-11
-20
-45
-20
-59
-52
-61
-71
-31
-45
-26
-48
-1
-30
-22
-32
-36
11
-24
-1
19
9
-2
7
2
-23
3
-1
26
35
11
49
14
5
-3
-7
-5
2
26
9
16
8
-15
-9
-5
2
6
34
0
3
3
-23
-9
-15
14
-2
21
19
18
2
3
16
21
48
43
63
62
68
49
49
37
6
10
25
7
32
30
28
27
39
33
22
30
13
26
31
38
5
25
0
-3
7
-9
-10
-19
-4
-16
-15
-12
-26
-14
-15
8
-8
-4
7
3
-14
-43
-34
-48
-50
-17
-37
-38
-42
-36
-26
-5
-12
-1
-4
-19
-16
-14
-11
4
16
10
19
2
-10
24
-2
-10
-17
-24
2
-22
-26
-19
-13
-23
-28
-34
-30
-28
3
21
-8
-1
5
-12
-4
-27
-34
-28
-22
-39
-18
-5
-36
-5
-32
-31
-15
-11
-5
-8
-2
-28
-10
5
27
11
5
5
6
6
-2
19
16
14
30
47
43
41
33
25
36
36
38
58
63
36
21
29
27
22
26
40
38
30
39
45
30
29
30
26
18
24
33
20
2
-11
-20
11
19
6
12
14
-1
-17
1
4
-3
-8
0
-1
1
16
-2
-13
-28
-42
-34
-11
-9
-4
5
-16
-32
-38
-26
-14
-19
-17
-19
-20
-16
-3
-16
-20
-43
-51
-30
-25
3
-16
-24
-28
-34
-33
-25
-23
-26
-16
-2
-9
-7
-9
5
-3
-16
-14
-18
-14
-34
-19
1
3
5
5
-10
-7
2
-7
5
2
-14
-19
0
-4
-3
7
1
-4
-10
-9
10
14
22
8
16
23
11
21
27
12
-2
6
8
12
30
33
27
18
4
12
14
15
26
37
23
26
17
11
10
11
14
23
34
26
27
32
25
30
36
28
11
10
22
15
23
35
31
18
11
2
5
16
3
0
-5
-5
-7
-21
-23
-33
-23
-25
-26
-21
-20
-12
-19
-15
-15
-1
-1
-6
-14
-21
-14
-21
-27
-21
-24
-6
-5
-19
-25
-34
-16
-16
-23
-13
-10
-29
-34
-38
-41
-40
-44
-40
-34
-36
-30
-22
-24
-21
-16
-15
-7
1
-7
15
16
-11
15
10
10
5
5
25
25
18
3
-2
0
-4
-9
-6
-12
-13
1
2
-7
-12
-3
8
5
-5
1
16
18
17
26
19
0
-3
-3
-2
11
12
9
24
28
27
32
50
57
46
34
33
27
30
49
51
37
39
30
18
19
21
28
30
23
18
28
36
24
27
20
7
16
17
13
16
8
3
5
-18
-6
-4
7
-4
-7
-21
-27
-20
-26
-27
-24
-26
-37
-40
-14
-20
-36
-39
-27
-29
-30
-31
-45
-32
-43
-32
-51
-36
-29
-39
-25
-29
-34
-36
-35
-36
-27
-35
-21
-2
-12
0
11
-9
-3
-5
-13
-8
-19
4
13
5
-5
-4
7
6
13
15
20
26
28
37
25
9
-2
9
21
18
17
19
11
7
9
6
15
11
9
10
19
18
12
17
2
10
16
-4
-1
7
0
12
15
-5
3
-6
-5
3
17
13
18
9
-2
24
12
18
19
19
17
23
16
8
-5
0
11
18
12
10
5
-1
13
7
8
11
24
27
10
11
-1
-2
8
10
13
2
15
17
22
11
4
1
-5
-2
-1
-8
-18
-18
-20
-24
-16
-19
-20
-10
-2
1
-19
-14
-22
-15
-14
-16
-18
-42
-31
-38
-31
-42
-37
-37
-29
-27
-28
-15
-28
-28
-20
-21
-17
-31
-39
-28
-39
-22
-34
-36
-32
-20
-6
10
14
6
21
16
14
17
17
14
16
22
22
28
18
-1
5
12
14
9
13
12
1
13
13
6
4
-1
3
7
8
2
-1
16
16
12
23
16
10
9
25
15
2
17
8
4
5
14
10
10
12
5
8
11
9
4
-6
6
0
-10
3
11
20
28
12
17
19
7
32
32
34
36
35
20
16
16
-2
12
20
4
-1
5
0
-7
-13
-3
-9
-11
-3
-11
-16
0
-5
-2
3
-6
3
-7
-7
-8
-6
-10
-18
-7
-5
-10
-4
-1
-20
-25
-21
-42
-19
-11
-26
-20
-31
-29
-26
-22
-33
-29
-32
-21
-8
-5
-21
-13
-14
-20
-4
-19
-10
-2
-18
-16
-3
-12
-7
-10
-9
-10
-15
-9
-2
-9
-7
6
0
-3
-2
2
-4
-9
-8
0
-8
8
5
-6
8
2
9
-4
0
13
0
10
26
28
20
16
14
8
19
15
16
26
32
42
35
17
30
24
31
48
49
43
38
47
38
38
29
33
32
19
23
22
20
29
26
26
15
-1
5
8
3
5
-1
2
-1
-2
-1
-13
-12
-21
-28
-18
-10
-20
-12
-1
-14
-7
-12
-7
-3
-13
-12
-12
-13
-4
-3
0
-12
-23
-24
-24
-23
-14
-22
-30
-28
-31
-31
-40
-40
-42
-35
-33
-40
-25
-18
-17
-16
-16
-25
-24
-24
-15
-20
-19
-28
-24
-4
-5
-8
-14
-10
-15
-10
-17
-20
-8
-11
-6
-6
-1
9
8
6
2
-2
-1
12
15
15
4
4
10
0
8
18
18
11
20
17
23
22
26
22
18
24
18
23
21
19
35
24
10
13
19
21
18
27
21
21
13
14
10
13
16
14
25
22
20
17
14
6
6
13
10
18
6
12
-2
-5
6
-2
-14
-12
-14
-10
-7
-20
-10
-5
-5
-10
-11
-7
-3
5
-9
-7
-16
-19
-14
-20
-15
-10
-13
-10
-12
-1
-1
-12
-19
-17
-12
-12
2
-7
-10
-11
-13
-9
-5
-4
4
-7
-1
0
2
-4
-2
2
3
2
-4
-8
1
0
-8
-2
-7
-8
-6
-6
-7
4
7
1
-4
4
2
-2
7
11
2
2
13
18
6
2
3
3
4
-5
-5
2
-2
-8
-2
-5
4
-7
-7
-6
0
5
-4
7
3
7
6
2
2
0
-9
-2
4
8
10
9
20
8
14
14
15
17
17
12
2
11
12
11
8
3
13
9
7
4
13
-1
-7
-2
-14
-3
-4
-10
1
7
10
10
5
9
-1
1
10
-1
2
3
4
7
6
4
6
0
-8
6
7
6
2
-7
-6
2
-7
-6
-15
-29
-17
-11
-6
-10
-9
-6
-10
-14
-10
-13
-13
-8
-3
-4
3
-10
-12
-14
-12
-6
-23
-17
-12
-16
-20
-17
-12
-14
-4
0
-6
-11
-17
-1
-1
-3
0
4
1
7
8
13
11
6
10
-5
16
3
3
19
14
13
18
19
17
10
13
30
27
23
16
9
9
9
12
-6
-5
7
6
-2
-1
-3
-17
-4
-9
-6
7
2
4
-4
6
7
-2
-1
7
2
1
-1
-4
-4
-3
-4
-1
-1
-10
5
-4
-4
-3
-3
-3
-12
0
-9
1
-11
-6
6
-2
-2
5
3
5
6
-10
6
3
-3
-3
-2
-7
-4
-6
-7
-1
-10
-3
3
-1
-10
-7
-16
-23
-17
-31
-22
-16
-6
-7
-18
-9
-14
-2
-2
-3
-6
-14
-6
-7
-1
-9
-7
-3
-6
7
-2
-2
8
3
2
1
2
9
11
1
2
11
11
23
18
16
15
7
12
12
19
20
11
6
0
10
8
7
8
12
3
-5
-1
-5
0
0
-1
-11
-19
-4
-3
-3
2
6
0
-3
-8
3
2
9
12
5
13
-3
7
13
12
9
17
21
10
4
7
10
3
11
12
11
13
22
22
19
21
8
13
12
13
11
4
8
13
13
13
-1
7
9
-8
-2
1
-12
-15
-10
-11
-13
-11
-6
-8
-5
-12
-19
-11
-5
-6
-11
-6
-6
-22
-25
-29
-19
-24
-28
-14
-20
-28
-32
-18
-14
-20
-6
-11
-14
-5
-7
-11
-10
2
6
6
5
11
14
7
1
-6
-1
0
-6
1
5
8
10
5
8
-2
-2
4
-6
1
4
9
8
11
11
3
-2
-2
1
8
7
6
6
2
2
-4
5
16
7
3
11
10
-3
-2
10
11
2
9
13
9
4
1
6
3
1
2
1
-4
-12
-11
-3
-5
-9
-4
-1
-3
3
2
-6
-3
-3
12
12
5
7
2
-6
-9
-4
-5
9
2
0
-1
-12
-9
-18
-6
-11
-15
-5
-10
-1
-9
1
4
7
-6
-2
-6
-10
1
1
6
-6
-11
-5
-4
-6
6
-2
-12
-5
-3
-5
-3
-3
-12
-15
-4
1
-1
-8
-5
6
-12
-2
2
1
0
-6
-1
-1
10
9
4
5
-1
-5
-5
8
6
-5
-10
-10
-3
-9
-10
-2
2
-2
-3
4
1
4
4
12
16
9
11
13
11
4
17
23
24
20
26
17
23
22
10
10
18
21
19
12
6
6
-4
3
0
2
-3
0
-4
-8
-13
-2
5
-2
4
4
0
-2
-5
-8
-9
-9
-1
-8
-2
-6
0
0
-8
-3
-1
-1
-5
6
3
-1
4
4
-1
-6
-4
-10
-15
-7
-2
7
-7
-5
2
-5
0
-6
4
-1
-4
-5
-9
3
-3
1
-1
-4
-5
-6
-1
-7
-3
-1
2
0
-7
-5
-13
-9
2
-8
-5
-4
4
1
3
-5
-7
-2
-2
0
-5
-1
1
0
-8
0
3
8
6
0
1
5
6
-1
2
-1
-3
-6
-9
-3
0
-5
2
-7
-3
8
5
5
11
-1
12
10
1
12
6
8
10
3
-1
16
12
7
11
1
3
-3
1
7
2
0
-7
1
9
6
-1
-5
-7
-5
-5
-1
-2
-5
1
4
-1
3
-5
4
-2
0
3
2
10
-4
3
2
-1
-5
-16
-8
-3
0
-3
-8
-12
-15
0
-1
-2
1
-4
2
-10
-9
-13
-18
-9
-12
-8
-10
-16
-16
-21
-9
-8
-11
-3
3
-3
3
0
2
2
-1
7
1
5
4
3
6
7
5
0
6
6
9
-4
-5
-4
9
5
2
7
-3
6
-1
5
6
1
1
0
1
1
-1
8
3
-6
-1
3
16
11
8
10
3
10
13
12
12
14
8
3
11
13
2
6
10
8
8
7
7
2
2
5
8
8
5
6
0
3
1
-1
6
2
-3
0
0
-12
-12
-12
-6
0
-8
-7
-5
-2
-2
-5
-6
-14
-14
-14
-13
-12
-10
-9
-3
3
-6
-7
-4
0
0
-2
-6
3
6
10
5
-1
-1
-7
-1
4
1
-1
-10
-12
-17
-18
-7
-5
-16
-12
-10
-11
-10
-7
-2
-4
1
-5
-4
-3
-11
-1
-6
-14
3
-13
-13
5
