SAMPLES:	15193
BITSPERSAMPLE:	16
CHANNELS:	1
SAMPLERATE:	16000
NORMALIZED:	FALSE
4
-4
1
1
-1
-1
-1
0
-4
9
5
10
8
5
11
7
7
11
15
11
14
15
17
15
22
18
14
17
14
10
8
0
4
2
4
1
1
1
0
4
-2
-3
-6
-6
-8
-10
-6
-14
-10
-7
-8
-7
-12
-14
-11
-14
-14
-15
-13
-12
-9
-6
-11
-7
-11
-16
-13
-17
-19
-18
-17
-15
-20
-13
-12
-15
-9
-5
-3
-2
4
1
5
9
5
3
3
2
-1
0
-1
-1
1
-5
-4
-4
-3
1
0
10
8
10
11
8
11
9
11
14
11
9
6
4
7
2
3
3
5
7
7
7
5
11
10
16
13
11
12
7
10
10
9
13
14
17
19
15
17
20
15
15
13
12
10
10
8
9
7
11
10
4
5
4
5
4
5
5
4
-2
0
-8
-4
2
-5
-4
-7
-5
-2
-11
-11
-15
-15
-16
-18
-22
-20
-23
-17
-16
-23
-19
-19
-19
-21
-19
-19
-23
-26
-16
-17
-22
-29
-27
-22
-20
-19
-12
-10
-7
-5
-3
-4
-11
-3
-5
0
0
1
7
1
0
0
0
4
1
4
2
3
7
9
16
18
26
18
20
17
22
22
23
21
18
15
12
11
13
15
15
16
19
22
19
24
26
26
24
22
20
19
19
14
18
17
15
16
7
5
7
1
-1
-1
-9
-3
-5
-2
-5
-8
-6
-13
-14
-15
-19
-15
-16
-20
-19
-21
-20
-19
-17
-11
-11
-12
-6
-7
-6
-4
-8
-4
1
-4
4
-2
0
-3
-5
-5
-1
0
1
0
1
5
1
0
-3
-4
-1
-3
-1
2
-1
-1
-2
-4
-11
-8
-15
-15
-17
-17
-9
-11
-6
-6
-10
-14
-15
-15
-16
-14
-17
-16
-13
-10
-7
-7
-5
-5
-6
0
0
5
2
9
8
4
9
11
16
16
21
15
16
17
16
14
6
8
6
6
8
7
11
15
14
13
13
14
16
15
14
17
8
10
7
4
6
5
1
1
0
-5
-6
-8
-4
-9
-8
-11
-13
-11
-9
-8
-9
-9
-6
-4
-4
2
1
1
3
5
1
1
-7
-6
-5
-13
-5
-5
-6
-3
-3
-1
5
6
6
2
4
0
-2
0
-2
0
-4
-4
-10
-9
-8
-11
-10
-10
-8
-2
-2
4
2
7
6
4
10
9
10
5
8
4
8
4
7
-2
-5
0
-5
1
0
3
1
-4
-4
-3
-1
-1
-3
-5
-5
-7
-4
-8
-4
-4
-5
-2
-8
-3
-7
-6
-12
-10
-13
-9
-5
-3
-1
0
5
2
5
0
6
2
3
1
-1
-2
-5
-4
-7
-4
-7
3
0
3
4
8
7
12
9
9
7
2
7
6
8
5
10
8
11
6
3
6
5
9
15
16
16
21
15
17
9
6
4
4
4
0
1
2
6
6
10
9
6
7
10
3
2
-5
-4
-5
-8
-10
-9
-10
-9
-6
-5
-8
-4
-5
-4
-7
-11
-7
-5
-4
-10
-8
-8
-7
-6
-2
-1
0
8
13
10
5
4
2
0
0
-4
-6
-3
-5
-3
0
-1
1
-1
-1
0
0
4
4
-1
-2
1
-2
-3
-6
-8
-12
-13
-10
-12
-11
-11
-11
-11
-8
-9
-5
-9
-6
-6
-10
-3
-5
-5
-8
-3
-4
-6
-1
-2
-2
-1
2
-1
0
2
-1
2
3
5
2
5
3
0
2
4
6
10
4
7
4
0
3
-5
0
-3
-4
-7
1
-1
1
5
4
4
6
5
7
6
8
8
5
12
5
3
5
2
1
3
5
6
13
15
11
18
16
13
8
7
4
1
5
-1
0
4
7
8
7
5
10
7
11
7
7
8
3
0
-4
-5
-9
-10
-9
-11
-16
-14
-13
-14
-15
-12
-12
-10
-6
-4
1
2
3
5
5
6
6
5
1
6
1
5
4
0
2
3
6
4
4
3
-1
1
3
-4
-1
-4
-9
-13
-12
-10
-13
-13
-16
-18
-18
-14
-15
-14
-6
-8
-11
-10
-10
-5
-5
-9
-6
-5
0
-3
-3
-2
-2
4
0
2
4
0
2
-5
-3
-6
-6
0
-1
2
-1
2
1
-1
3
6
6
11
9
7
7
7
5
7
8
6
6
9
12
11
9
11
8
10
6
6
8
6
4
0
1
3
6
5
3
1
-1
-1
3
0
0
1
1
-1
-2
-3
-3
-2
-1
3
-5
-3
-3
-1
-2
-7
-9
-9
-8
-12
-10
-12
-12
-8
-8
-5
-2
-4
0
-8
-4
-4
-7
-6
-5
0
6
3
7
10
7
11
6
11
7
9
10
7
9
5
2
4
2
4
4
0
6
1
4
7
5
7
3
4
0
-1
-4
-5
-1
-1
0
-6
-5
-2
-1
3
3
6
4
3
1
2
-1
0
0
-7
-3
-3
-1
-2
-4
-1
0
1
-5
-7
1
-1
-9
-5
-8
-1
0
-1
7
3
9
8
6
9
11
11
12
11
7
7
7
7
5
-1
4
-1
2
0
-6
-6
-8
-8
-9
-5
-5
-4
-3
-2
0
-4
4
5
4
-2
-2
-4
-10
-10
-14
-14
-16
-11
-9
-11
-7
-9
-7
-5
-4
2
-2
-1
-2
-2
-5
-5
-4
-4
-2
-1
-4
4
5
7
5
3
4
7
11
11
13
9
12
10
8
6
3
5
6
3
3
6
7
12
10
12
13
15
11
10
15
10
14
10
10
9
11
6
-1
5
6
1
0
-3
-2
-3
-2
-4
-10
-9
-14
-11
-11
-13
-11
-13
-16
-13
-15
-7
-11
-13
-7
-10
-9
-12
-12
-5
-10
-9
-7
-6
-8
-9
-9
-11
-7
-12
-7
-10
-7
-9
-15
-8
-6
-2
-2
-5
-9
-8
-8
-3
1
0
2
5
8
10
7
3
7
12
7
4
6
0
2
3
7
4
2
1
3
9
5
8
5
4
4
3
5
2
7
8
8
10
7
10
7
5
1
0
1
-4
-4
-4
-5
0
-1
-1
-2
-3
-4
-6
-2
-6
1
-2
-2
2
2
2
-1
-1
3
3
4
5
4
7
5
2
6
-1
-2
-3
-5
2
-2
0
-1
-2
-1
-4
-2
-2
-5
-6
-4
-6
-4
-3
-1
4
0
2
4
-1
-5
-3
-4
-3
-5
-6
-5
-7
-5
-6
-4
-4
-7
-5
-5
-2
0
2
3
3
5
3
-2
-3
-5
-2
-5
-3
-2
1
1
5
7
7
9
9
9
8
11
9
11
13
12
11
11
10
11
11
17
17
14
12
10
13
15
18
20
14
8
11
8
9
6
8
2
2
1
2
-1
-4
-4
-3
0
0
0
-1
-1
-8
-6
-11
-8
-8
-7
-3
-5
-8
-10
-12
-8
-7
-6
-2
-8
-1
-7
-5
-11
-10
-11
-13
-9
-17
-10
-13
-9
-9
-9
-9
-7
-5
-6
-6
-7
-7
-7
-7
-7
0
0
4
3
9
14
9
16
7
13
9
6
12
13
10
9
11
8
9
4
3
1
0
3
3
6
1
4
0
3
3
0
1
-1
-3
-1
-3
-6
0
-7
-7
-7
-3
-3
-3
-2
1
1
-3
-2
-5
0
-4
-5
-5
-11
-7
-8
-8
-6
-6
-6
-10
-10
-8
-6
-8
-12
-15
-11
-6
-7
-7
-9
-8
-8
-8
-6
-10
-6
-11
-6
-9
-7
-6
-10
-5
-2
-1
2
2
0
1
-3
1
-1
2
-2
3
1
0
5
0
5
1
2
3
6
6
-4
3
1
3
7
5
13
9
11
5
8
11
8
8
11
12
17
9
7
7
7
4
5
6
-1
5
2
6
2
6
3
1
1
0
-5
-2
-7
-7
-2
-4
-7
-7
-8
-5
0
-6
-3
-3
0
2
5
5
3
5
1
-1
-2
-7
-6
-6
-8
-5
-3
4
1
-3
-10
-13
-8
-8
-5
-3
-3
3
0
2
6
8
14
15
16
14
9
16
19
19
16
16
12
11
10
5
4
2
2
-1
6
5
11
8
4
-1
4
5
2
0
-2
-2
-1
1
-1
0
-3
-2
-6
-5
-11
-6
-6
0
-1
-1
1
4
3
3
6
1
-1
-2
1
-5
-5
-8
-4
-8
-9
-6
-4
-4
-6
-3
-10
-8
-9
-5
-9
-8
-6
-10
-4
-4
-6
-5
-2
-2
2
3
-1
3
-4
-6
-4
-7
-4
-6
-4
0
3
8
5
5
4
2
2
0
4
7
10
10
8
4
5
5
1
-2
-1
4
1
0
-2
-1
-2
-5
-6
-5
-2
-3
-7
-5
-5
0
-6
-2
-7
-5
-2
1
-2
2
7
4
5
2
7
5
7
4
3
6
6
5
6
7
10
6
2
3
2
5
4
2
5
6
7
4
4
1
-1
1
-5
-3
-11
-9
-17
-5
-5
-3
0
-1
0
0
3
1
-5
-6
-5
-6
-5
-5
0
-5
-4
-2
-5
-3
3
5
4
0
1
7
8
8
6
6
9
3
2
0
-3
1
-2
-3
-2
-2
-6
-9
-6
-4
-7
-8
-5
-6
-9
-9
-6
-2
0
-4
-2
-1
3
2
1
-2
0
1
-4
-4
-4
0
-2
-3
-3
-7
1
1
-1
3
-5
-4
-6
-6
-8
-8
-9
-4
-8
-6
-6
-5
-3
-7
-4
-10
-8
-7
-5
-3
-4
1
1
4
-1
2
5
3
3
3
3
-2
0
-1
0
2
0
2
8
7
10
11
12
17
15
18
16
13
13
8
8
7
5
6
1
2
1
-2
5
6
6
10
8
8
7
-1
2
8
5
3
6
0
4
-1
-4
-5
0
0
-2
-1
-3
4
5
1
-3
-5
-11
-10
-5
-2
-8
-6
-5
-1
-1
-3
0
2
-1
-2
-3
0
6
1
4
0
5
3
-3
-1
-8
-6
-9
-8
-9
-10
-9
-10
-8
-7
-8
-7
-6
-4
-4
-5
-8
-4
-10
-4
-5
-2
2
1
9
8
13
14
17
12
16
13
12
9
11
14
12
13
10
7
6
5
6
7
2
8
1
1
1
-3
4
1
2
4
5
0
-1
-2
-6
-10
-11
-12
-11
-4
-3
1
0
4
5
-3
0
0
1
-1
-3
-4
-2
1
0
4
-1
3
-1
1
4
3
4
-2
3
5
2
3
4
6
6
3
0
0
-4
-4
-6
-8
-8
-11
-8
-10
-8
-10
-8
-8
-7
-4
-6
-8
-6
-6
-5
-7
-5
-1
-5
-2
-8
-3
-5
0
4
1
3
4
-2
-1
-3
2
0
5
5
2
3
3
4
6
5
6
4
6
7
7
9
9
5
6
5
7
3
5
6
4
4
5
4
4
0
5
0
-5
-1
-7
-6
-5
-7
-7
-9
-11
-4
-8
-3
-6
-3
-4
-5
-3
-3
-9
-11
-13
-12
-10
-10
-12
-11
-13
-9
-8
-3
-5
-3
-7
-13
-10
-15
-10
-9
-10
-5
-5
-6
-5
-6
-3
-9
-4
-2
1
2
7
11
10
11
15
12
13
10
8
6
10
7
7
7
8
10
8
13
6
7
5
3
-1
-4
-5
0
1
6
0
-2
4
2
2
-2
0
5
5
8
9
12
8
9
7
3
6
2
5
0
2
4
3
4
2
1
-1
-2
-1
2
4
2
4
3
2
3
-1
-6
-11
-8
-3
1
1
0
-2
-2
-6
-4
-5
-2
-2
-5
-6
-5
-5
-2
1
-8
-3
-5
-4
-1
-7
-4
-11
-7
-5
-7
-5
-6
-4
-1
1
-3
2
-2
-2
-1
-1
-4
-5
-3
-4
-1
-4
-6
-4
-3
-1
3
4
2
6
9
11
3
5
7
10
9
10
13
14
16
15
14
17
19
15
14
12
11
7
8
5
5
3
4
9
7
8
9
13
16
12
10
11
10
9
5
2
3
2
1
-1
-4
-2
0
-5
1
-2
-5
-7
-5
-5
-7
-6
-13
-7
-8
-10
-11
-9
-6
-5
-6
-8
-3
-3
-4
-1
-7
-4
-6
-10
-7
-14
-12
-12
-13
-16
-20
-23
-22
-24
-21
-14
-12
-12
-8
-6
-3
-4
-5
0
0
-2
2
0
1
2
1
3
6
4
4
5
7
7
4
10
-1
5
5
3
3
1
2
0
2
-4
-3
-5
-2
0
-1
7
8
6
10
10
4
5
-5
0
-1
-1
4
1
0
-2
-3
-4
0
3
5
2
5
6
4
4
3
7
4
7
4
6
10
8
2
1
0
0
3
0
0
-3
-5
-1
-5
-2
-5
0
2
-3
-5
-8
-3
-2
-2
-5
-1
-11
-5
-2
-2
-2
0
3
0
3
6
-1
0
5
-4
4
-4
-4
-5
-5
-4
-7
-6
-3
-6
-5
0
9
21
24
12
7
30
44
43
23
16
29
41
41
12
6
-5
-12
-20
-31
-49
-61
-73
-84
-86
-88
-82
-89
-89
-89
-76
-62
-48
-42
-47
-42
-31
-13
-3
-2
-4
-1
5
17
29
38
43
54
59
69
75
72
75
83
87
77
65
66
65
64
53
48
45
40
27
17
14
9
26
39
39
35
34
67
106
105
86
88
128
154
139
103
99
103
82
46
24
19
0
-41
-77
-78
-81
-105
-131
-150
-161
-171
-176
-169
-161
-166
-179
-184
-157
-149
-161
-161
-159
-147
-159
-161
-139
-113
-112
-127
-119
-105
-92
-79
-54
-28
-12
-5
18
58
86
89
95
116
130
130
127
132
164
195
197
208
213
251
289
299
313
304
309
315
323
284
236
186
133
87
35
-32
-97
-142
-202
-252
-292
-296
-318
-356
-377
-369
-352
-342
-343
-337
-326
-312
-287
-264
-221
-202
-192
-169
-142
-103
-80
-55
-35
-26
-25
-10
14
59
107
167
256
311
343
397
508
636
694
691
703
815
922
917
859
829
837
794
662
570
511
433
294
129
49
-2
-115
-288
-413
-469
-539
-627
-687
-711
-751
-823
-889
-886
-861
-878
-925
-927
-900
-899
-896
-867
-792
-735
-741
-699
-595
-484
-407
-361
-275
-179
-108
-44
73
203
265
287
354
472
548
548
574
629
659
646
644
688
730
703
635
618
639
635
577
545
523
533
538
492
446
366
371
359
320
223
103
56
46
-15
-171
-313
-373
-429
-503
-594
-672
-702
-735
-762
-776
-739
-682
-672
-671
-609
-520
-436
-384
-329
-281
-242
-183
-114
-37
23
52
100
161
227
263
284
318
315
309
322
358
394
448
524
626
666
618
643
796
949
937
834
815
957
1067
942
764
700
703
600
384
243
216
126
-96
-293
-365
-372
-476
-657
-784
-812
-829
-897
-935
-902
-921
-1005
-1061
-1007
-933
-938
-992
-976
-898
-854
-842
-788
-697
-644
-646
-646
-538
-384
-304
-250
-156
-62
8
111
251
392
419
400
473
600
689
691
683
738
785
762
728
758
812
763
652
601
633
643
605
589
599
551
446
417
487
489
354
171
112
144
126
-21
-175
-257
-349
-476
-549
-565
-617
-713
-785
-760
-711
-687
-701
-713
-663
-590
-523
-444
-352
-310
-293
-233
-134
-54
-19
20
73
133
165
212
268
345
348
313
313
329
358
376
481
627
683
624
557
738
989
1016
851
734
862
1039
1005
765
622
621
558
359
165
137
103
-98
-362
-466
-450
-471
-632
-833
-906
-885
-909
-944
-907
-891
-929
-993
-959
-851
-770
-808
-857
-821
-740
-692
-657
-581
-510
-485
-494
-419
-269
-132
-98
-66
-12
65
156
272
369
403
379
391
473
557
566
529
546
578
554
506
531
545
513
422
342
387
441
501
504
451
382
352
473
523
468
306
175
200
261
163
-41
-151
-242
-319
-414
-498
-529
-573
-679
-746
-715
-600
-561
-626
-658
-599
-500
-427
-354
-317
-300
-280
-199
-50
51
54
51
114
210
263
267
295
341
334
273
266
295
368
444
569
695
686
584
639
969
1181
1084
823
812
1090
1276
1037
707
672
731
590
284
145
177
101
-254
-545
-528
-404
-516
-832
-1029
-998
-930
-1007
-1063
-1038
-1029
-1117
-1204
-1112
-958
-961
-1085
-1098
-978
-890
-892
-822
-686
-585
-611
-616
-449
-228
-114
-90
-41
71
214
320
470
600
619
592
659
801
877
850
807
806
836
781
693
707
757
648
479
455
609
697
587
387
353
507
503
410
271
208
160
89
-19
-127
-200
-379
-541
-594
-638
-738
-836
-852
-820
-869
-882
-823
-739
-722
-726
-664
-525
-391
-330
-286
-188
-92
-31
57
158
250
288
340
409
486
520
521
522
512
501
469
454
499
611
748
777
692
574
722
1047
1175
988
722
821
1171
1243
864
570
619
728
487
83
-44
71
-3
-450
-760
-654
-486
-679
-1081
-1199
-1041
-989
-1141
-1212
-1106
-1052
-1175
-1269
-1122
-907
-946
-1121
-1073
-876
-770
-812
-773
-563
-418
-489
-521
-307
-29
66
20
58
203
373
467
552
650
651
612
680
830
907
838
760
803
821
721
621
632
660
557
444
512
636
622
437
388
512
531
393
234
241
309
187
-97
-219
-220
-314
-525
-661
-703
-752
-857
-928
-896
-851
-892
-961
-904
-776
-699
-669
-598
-479
-389
-335
-261
-118
10
69
141
238
367
447
468
499
535
568
572
543
535
490
446
427
484
664
770
729
592
592
866
1146
1124
819
692
953
1231
1093
697
555
686
653
313
3
43
141
-153
-608
-732
-530
-527
-851
-1161
-1133
-975
-1042
-1193
-1177
-1034
-1055
-1203
-1210
-990
-843
-953
-1036
-939
-780
-729
-761
-654
-455
-423
-509
-471
-218
16
34
-12
39
192
331
432
522
566
563
567
675
775
776
708
702
735
689
577
547
662
784
704
514
453
570
767
684
498
377
363
399
399
276
68
-107
-241
-302
-350
-459
-640
-786
-831
-846
-875
-866
-866
-876
-923
-894
-764
-625
-535
-547
-522
-427
-275
-162
-87
-10
54
162
288
421
492
537
554
602
643
631
573
551
562
538
467
428
585
799
870
621
506
817
1166
1185
873
697
952
1266
1123
721
597
731
702
346
24
28
112
-129
-559
-780
-692
-619
-847
-1163
-1230
-1113
-1125
-1236
-1254
-1141
-1125
-1259
-1317
-1132
-922
-948
-1041
-978
-815
-719
-735
-696
-519
-384
-413
-444
-273
-22
113
90
81
212
418
566
607
610
625
689
712
765
783
755
713
682
630
597
594
714
808
702
510
424
668
796
647
392
261
346
392
289
59
-75
-202
-376
-487
-516
-591
-777
-925
-965
-943
-911
-914
-937
-966
-938
-864
-710
-564
-495
-465
-431
-269
-66
67
125
164
254
364
483
600
686
742
736
739
790
829
816
714
650
660
634
554
626
832
881
672
498
707
1040
1153
879
626
739
1078
1063
670
452
488
479
176
-159
-235
-146
-294
-696
-1019
-974
-790
-929
-1282
-1445
-1334
-1243
-1294
-1341
-1281
-1194
-1239
-1308
-1189
-928
-842
-938
-961
-798
-619
-562
-516
-384
-264
-279
-279
-148
117
277
270
202
285
516
685
751
730
751
782
832
883
893
871
816
740
661
638
732
841
788
576
398
519
720
704
492
269
255
328
269
49
-95
-199
-374
-580
-670
-673
-738
-930
-1091
-1104
-1030
-985
-1026
-1051
-1017
-930
-852
-711
-558
-459
-420
-382
-212
8
156
205
271
384
512
635
717
805
888
925
891
886
946
946
866
754
685
635
647
813
902
829
603
536
795
1062
1074
740
531
731
1021
895
492
302
354
318
-5
-356
-387
-249
-439
-922
-1213
-1050
-866
-1059
-1440
-1580
-1408
-1303
-1380
-1422
-1319
-1216
-1276
-1339
-1174
-885
-798
-907
-911
-712
-516
-482
-435
-263
-135
-148
-189
-15
311
490
439
347
462
709
889
912
889
889
918
935
927
946
928
850
741
664
745
877
899
780
576
578
672
712
613
398
272
264
249
61
-121
-242
-347
-514
-669
-753
-785
-858
-1009
-1139
-1157
-1076
-1068
-1122
-1126
-1025
-944
-899
-803
-637
-491
-432
-390
-263
-45
136
223
265
372
542
668
749
783
851
894
905
909
917
894
854
786
683
641
714
918
971
855
574
609
944
1182
1028
629
582
897
1113
808
418
340
476
366
-78
-382
-277
-144
-505
-1008
-1150
-902
-800
-1127
-1524
-1532
-1298
-1251
-1377
-1437
-1286
-1195
-1302
-1349
-1145
-892
-888
-1006
-967
-748
-551
-529
-487
-306
-182
-238
-251
-30
306
458
343
260
440
717
864
849
804
861
896
886
902
964
973
864
764
825
954
964
844
741
813
795
702
638
641
624
496
310
133
107
21
-176
-371
-514
-632
-766
-881
-936
-1028
-1115
-1189
-1215
-1206
-1183
-1138
-1096
-1030
-998
-912
-765
-594
-488
-453
-365
-195
30
151
194
300
491
638
700
737
805
906
965
975
948
916
868
793
796
851
927
1023
1043
927
768
902
1168
1251
1027
747
810
1124
1172
762
416
401
508
293
-134
-331
-263
-315
-704
-1049
-1075
-930
-1006
-1347
-1594
-1500
-1335
-1373
-1501
-1501
-1382
-1359
-1392
-1337
-1130
-993
-1041
-1091
-979
-762
-645
-614
-525
-370
-299
-305
-192
75
305
358
275
313
553
813
911
852
827
893
942
962
957
960
950
889
921
960
980
925
882
917
866
772
689
683
715
626
355
115
47
-8
-144
-344
-517
-632
-716
-790
-868
-944
-1001
-1086
-1170
-1172
-1096
-1022
-998
-996
-951
-859
-724
-598
-481
-389
-318
-204
-32
163
283
362
438
567
693
755
797
842
935
959
919
865
813
788
763
768
829
948
978
809
671
903
1190
1194
880
659
847
1162
1113
648
397
479
531
232
-176
-289
-222
-370
-791
-1020
-969
-884
-1060
-1403
-1505
-1371
-1282
-1384
-1484
-1409
-1285
-1316
-1390
-1297
-1073
-993
-1082
-1094
-944
-731
-646
-634
-525
-341
-278
-325
-248
39
291
333
238
278
499
757
863
804
767
825
878
906
917
921
943
969
987
938
943
939
1029
1006
861
748
725
764
755
621
346
201
121
25
-110
-283
-449
-589
-685
-787
-881
-929
-973
-1053
-1133
-1164
-1057
-946
-917
-927
-909
-818
-668
-547
-465
-357
-272
-168
-24
120
265
363
426
510
600
663
704
785
857
824
715
649
651
712
722
682
760
935
933
737
702
1004
1266
1138
763
680
1020
1265
972
472
350
540
506
83
-274
-271
-202
-499
-912
-1015
-840
-829
-1193
-1527
-1457
-1197
-1198
-1402
-1482
-1316
-1187
-1289
-1357
-1178
-910
-908
-1044
-1037
-759
-507
-538
-621
-487
-267
-195
-208
-101
145
324
309
229
341
599
811
797
702
746
855
904
898
881
866
895
976
990
928
869
881
1000
937
766
661
648
700
642
412
181
88
19
-135
-325
-495
-643
-740
-809
-903
-1001
-1061
-1085
-1101
-1149
-1162
-1099
-999
-899
-849
-831
-716
-548
-410
-333
-273
-128
28
165
264
342
469
617
690
716
737
796
873
896
838
734
650
661
722
794
889
935
947
830
847
1102
1353
1276
916
800
1048
1341
1108
629
397
501
517
121
-288
-357
-238
-494
-1011
-1216
-1028
-894
-1169
-1626
-1714
-1436
-1268
-1420
-1566
-1472
-1318
-1316
-1395
-1288
-1062
-980
-1079
-1116
-930
-695
-589
-570
-480
-338
-269
-224
-63
216
403
385
315
444
755
958
968
895
929
1031
1068
1031
1012
1064
1048
952
972
1034
1086
979
894
908
873
813
693
623
566
480
270
41
-58
-151
-317
-521
-734
-844
-885
-932
-1083
-1210
-1228
-1246
-1274
-1304
-1249
-1135
-1045
-999
-913
-787
-642
-474
-379
-256
-113
8
154
289
428
536
626
725
830
875
881
915
1008
1011
884
788
750
820
881
947
953
955
886
815
1010
1260
1296
1000
774
933
1281
1207
722
383
376
444
177
-253
-460
-391
-494
-913
-1245
-1225
-1073
-1183
-1546
-1748
-1611
-1444
-1437
-1505
-1499
-1409
-1375
-1388
-1274
-1089
-973
-998
-1017
-875
-663
-504
-451
-386
-264
-191
-160
-35
209
442
489
375
416
671
970
1056
956
919
1036
1162
1137
1065
1054
1090
1027
915
964
1089
1094
890
742
786
826
775
594
459
440
388
174
-63
-149
-255
-469
-686
-861
-927
-982
-1105
-1230
-1288
-1292
-1302
-1333
-1317
-1215
-1126
-1064
-994
-849
-724
-580
-453
-348
-202
-63
73
184
337
471
618
697
777
853
901
957
976
993
940
874
792
748
738
805
931
959
919
763
778
1054
1275
1216
872
751
978
1246
1067
622
383
428
426
104
-299
-421
-329
-523
-970
-1252
-1184
-1033
-1211
-1603
-1756
-1579
-1408
-1445
-1528
-1497
-1377
-1336
-1316
-1179
-966
-910
-940
-927
-755
-527
-442
-381
-264
-149
-106
-97
57
336
521
502
411
503
787
1007
1038
959
950
1064
1146
1110
1043
1052
1062
986
872
937
1069
1055
853
675
744
808
761
570
400
331
310
157
-91
-227
-372
-551
-742
-874
-972
-1055
-1195
-1301
-1381
-1366
-1332
-1350
-1354
-1288
-1173
-1086
-988
-861
-722
-578
-419
-304
-182
-51
94
233
369
492
620
715
768
829
852
905
955
964
927
852
794
710
699
754
930
995
918
733
722
1070
1304
1239
903
792
1030
1271
1068
648
461
475
435
80
-245
-321
-290
-530
-983
-1167
-1064
-970
-1198
-1576
-1652
-1474
-1358
-1416
-1462
-1397
-1292
-1264
-1259
-1121
-924
-860
-901
-872
-727
-574
-496
-422
-286
-195
-225
-204
-13
262
417
366
308
420
687
883
908
894
912
990
1023
1019
1010
1038
986
873
810
889
1063
1025
836
645
731
843
802
665
471
385
343
244
21
-125
-288
-537
-751
-871
-917
-1017
-1176
-1299
-1341
-1316
-1280
-1298
-1308
-1257
-1159
-1070
-974
-844
-735
-619
-502
-355
-205
-59
101
213
331
470
622
752
816
876
916
970
1032
1047
1015
922
872
820
782
764
870
1033
1053
920
770
943
1221
1353
1110
819
891
1157
1177
779
446
373
413
219
-174
-413
-385
-454
-849
-1205
-1267
-1118
-1182
-1524
-1739
-1666
-1484
-1488
-1571
-1537
-1408
-1329
-1380
-1330
-1105
-901
-895
-948
-861
-670
-520
-460
-348
-233
-168
-175
-84
158
392
464
381
417
622
854
955
986
982
1012
1046
1083
1145
1144
1065
931
861
888
1038
1094
974
789
709
830
872
779
605
441
335
302
196
18
-171
-395
-613
-728
-792
-916
-1090
-1242
-1315
-1355
-1331
-1305
-1315
-1324
-1276
-1174
-1072
-947
-792
-694
-597
-475
-333
-188
-32
102
187
288
434
583
683
743
797
842
860
910
929
887
828
806
778
685
731
961
1118
1037
779
750
1094
1429
1348
943
800
1084
1326
1061
597
424
497
443
64
-321
-374
-273
-527
-1013
-1243
-1100
-1013
-1261
-1608
-1669
-1488
-1418
-1513
-1542
-1420
-1332
-1395
-1427
-1242
-985
-927
-1013
-1012
-836
-636
-546
-483
-369
-264
-246
-210
-25
258
414
407
364
466
704
900
975
973
945
969
1040
1110
1121
1066
1013
963
937
977
1113
1130
994
791
765
934
965
820
597
431
423
413
217
-27
-194
-385
-554
-672
-799
-955
-1099
-1185
-1276
-1326
-1344
-1317
-1318
-1315
-1264
-1197
-1098
-960
-831
-766
-679
-556
-410
-241
-70
49
125
237
408
558
647
695
734
777
845
873
869
829
800
745
675
691
892
1125
1089
851
741
1051
1398
1425
1059
800
1023
1355
1269
805
558
567
604
342
-76
-246
-189
-290
-715
-1070
-1038
-911
-1058
-1396
-1606
-1507
-1355
-1405
-1486
-1443
-1343
-1356
-1429
-1305
-1067
-935
-1026
-1086
-968
-742
-624
-607
-493
-371
-293
-291
-175
71
292
339
255
302
533
813
912
888
864
906
997
1073
1088
1029
1000
967
890
880
989
1099
1054
845
712
811
983
929
720
497
426
435
340
111
-137
-298
-475
-628
-759
-878
-1033
-1144
-1254
-1310
-1307
-1280
-1281
-1333
-1293
-1231
-1136
-994
-857
-781
-722
-602
-464
-312
-161
-56
44
163
306
442
541
633
698
761
822
860
876
865
870
798
743
724
875
1139
1148
983
825
1026
1323
1418
1235
978
1041
1251
1268
948
714
674
598
362
57
-75
-105
-234
-596
-911
-944
-867
-969
-1250
-1436
-1414
-1351
-1415
-1461
-1393
-1308
-1351
-1465
-1394
-1177
-1042
-1099
-1155
-1047
-858
-731
-712
-598
-419
-368
-390
-312
-62
179
267
215
220
383
634
779
810
808
852
926
960
989
995
1013
991
919
848
917
1053
1068
912
760
777
901
873
757
610
487
425
317
118
-55
-185
-399
-588
-697
-816
-956
-1067
-1135
-1213
-1282
-1286
-1254
-1237
-1222
-1183
-1129
-993
-833
-756
-699
-577
-438
-301
-173
-23
109
219
344
456
610
729
771
841
887
940
940
892
855
838
832
779
789
946
1141
1113
892
776
1037
1344
1329
996
750
950
1240
1142
682
451
485
484
208
-198
-323
-256
-380
-795
-1088
-1058
-944
-1091
-1441
-1567
-1444
-1360
-1465
-1511
-1413
-1295
-1327
-1429
-1297
-1038
-959
-1067
-1079
-887
-664
-622
-635
-480
-272
-232
-274
-176
107
375
385
267
307
553
807
851
802
814
885
952
940
926
943
989
947
863
879
991
1063
977
838
813
854
825
710
598
524
445
291
87
-54
-153
-291
-479
-686
-810
-903
-979
-1025
-1113
-1180
-1261
-1252
-1200
-1153
-1110
-1099
-1012
-895
-774
-666
-563
-460
-352
-236
-67
104
233
333
424
558
687
760
787
829
899
939
922
847
816
814
791
784
889
1016
1068
938
802
1019
1242
1285
1064
863
981
1201
1127
730
511
515
490
221
-125
-270
-272
-429
-776
-1020
-1037
-1010
-1189
-1466
-1533
-1424
-1389
-1508
-1532
-1415
-1330
-1409
-1494
-1329
-1078
-997
-1099
-1080
-873
-631
-591
-633
-490
-262
-169
-222
-158
90
347
414
341
376
597
833
890
866
891
965
1000
985
987
1006
1026
995
947
972
1049
1038
981
918
880
865
770
676
628
567
440
250
60
-56
-184
-373
-557
-714
-839
-990
-1080
-1143
-1180
-1260
-1343
-1359
-1296
-1207
-1160
-1118
-1040
-909
-805
-700
-576
-412
-325
-276
-132
53
250
364
430
534
627
729
775
828
926
961
897
818
825
863
849
825
960
1126
1088
880
820
1133
1432
1334
969
827
1090
1352
1094
627
481
604
568
176
-204
-259
-188
-468
-938
-1125
-983
-932
-1243
-1626
-1642
-1414
-1397
-1569
-1613
-1456
-1344
-1431
-1518
-1321
-1019
-1000
-1170
-1151
-889
-652
-655
-670
-483
-267
-230
-292
-159
194
398
355
267
380
687
871
868
844
919
1010
1001
961
1009
1086
1096
1019
973
1066
1160
1110
1010
971
1020
981
882
792
705
642
491
277
79
-38
-178
-360
-535
-705
-847
-995
-1073
-1117
-1172
-1260
-1337
-1350
-1302
-1232
-1193
-1142
-1063
-958
-873
-772
-637
-499
-381
-302
-176
-12
168
298
394
485
604
690
750
811
890
898
843
829
821
840
804
776
928
1087
1059
853
806
1107
1384
1349
987
834
1108
1368
1147
672
523
641
630
236
-181
-208
-116
-361
-861
-1085
-953
-858
-1146
-1543
-1589
-1370
-1309
-1484
-1570
-1442
-1295
-1373
-1475
-1320
-1073
-1015
-1122
-1121
-900
-668
-666
-688
-525
-317
-286
-348
-236
77
317
269
182
310
602
789
789
761
857
948
919
895
953
1044
1038
979
961
1041
1118
1116
1073
1050
996
935
871
844
801
645
463
303
184
58
-118
-306
-458
-605
-774
-907
-975
-1023
-1099
-1201
-1279
-1245
-1165
-1127
-1116
-1073
-994
-906
-791
-688
-559
-443
-343
-235
-100
47
194
312
417
502
555
633
717
803
805
763
718
699
727
710
698
802
951
1007
880
782
995
1267
1314
1027
821
995
1273
1184
759
523
567
630
364
-47
-234
-156
-256
-675
-1020
-1015
-895
-1037
-1406
-1603
-1444
-1321
-1382
-1538
-1533
-1390
-1351
-1413
-1373
-1187
-1079
-1103
-1132
-1000
-757
-661
-665
-577
-399
-297
-283
-205
10
280
359
284
329
577
831
876
816
857
970
1040
995
966
1037
1136
1116
1048
1057
1121
1142
1100
1046
1015
978
904
814
749
683
529
301
117
13
-134
-332
-535
-693
-784
-872
-995
-1109
-1174
-1223
-1289
-1350
-1322
-1226
-1169
-1147
-1087
-990
-876
-732
-617
-512
-388
-266
-164
-10
156
342
459
517
557
650
792
844
838
778
759
789
812
792
828
987
1078
1019
872
939
1241
1402
1272
963
918
1194
1363
1116
710
574
623
567
242
-99
-217
-237
-482
-843
-1000
-959
-977
-1211
-1465
-1518
-1410
-1408
-1447
-1460
-1436
-1429
-1467
-1404
-1221
-1071
-1122
-1190
-1097
-876
-699
-672
-650
-514
-358
-315
-258
-98
121
294
278
269
408
684
861
863
826
851
973
1052
1063
1038
1060
1120
1153
1168
1146
1130
1081
1097
1103
1019
950
877
829
762
661
396
178
55
-52
-181
-436
-645
-810
-889
-969
-1114
-1260
-1326
-1352
-1396
-1408
-1370
-1309
-1246
-1192
-1127
-1015
-867
-742
-648
-523
-340
-173
-56
64
213
382
541
647
690
759
849
912
925
847
804
825
831
826
962
1114
1124
974
902
1144
1456
1518
1191
973
1154
1482
1379
943
697
687
685
389
10
-145
-98
-282
-740
-1051
-1037
-940
-1140
-1493
-1626
-1535
-1502
-1594
-1635
-1521
-1421
-1509
-1624
-1510
-1203
-1094
-1195
-1273
-1142
-851
-721
-697
-580
-423
-351
-357
-235
39
285
341
250
280
528
785
898
891
870
937
1019
1096
1134
1168
1183
1125
1072
1111
1245
1274
1185
1072
1013
1050
1021
935
809
719
607
408
198
66
-40
-235
-479
-742
-884
-924
-1002
-1141
-1287
-1370
-1395
-1404
-1376
-1313
-1244
-1231
-1205
-1080
-911
-770
-697
-611
-424
-233
-102
9
125
289
438
513
579
675
785
846
806
768
778
814
817
771
803
952
1073
1012
863
952
1244
1427
1305
1039
1032
1294
1410
1127
796
667
697
573
215
-64
-131
-204
-509
-838
-989
-982
-1031
-1309
-1526
-1526
-1467
-1516
-1625
-1622
-1514
-1463
-1515
-1527
-1378
-1197
-1155
-1189
-1148
-953
-768
-701
-626
-489
-378
-325
-255
-93
126
283
314
314
432
644
819
900
933
961
1013
1041
1082
1133
1182
1192
1145
1129
1172
1227
1216
1178
1128
1079
1030
955
892
845
740
527
287
135
53
-95
-338
-590
-747
-847
-947
-1061
-1176
-1219
-1291
-1379
-1393
-1315
-1222
-1166
-1143
-1095
-977
-838
-707
-607
-502
-352
-192
-67
78
251
402
510
563
637
737
823
821
751
724
732
775
743
771
912
1002
962
784
883
1164
1345
1227
949
934
1182
1314
1007
672
561
608
461
97
-163
-186
-248
-568
-917
-1041
-969
-1034
-1326
-1560
-1533
-1444
-1491
-1602
-1594
-1463
-1407
-1497
-1503
-1284
-1057
-1074
-1161
-1093
-857
-668
-620
-566
-431
-284
-245
-193
12
253
392
366
360
531
782
955
940
948
1030
1100
1127
1096
1112
1166
1160
1114
1116
1155
1199
1166
1081
1043
1026
1018
946
816
744
658
494
293
124
1
-131
-357
-608
-769
-850
-945
-1106
-1244
-1312
-1324
-1348
-1381
-1350
-1291
-1206
-1191
-1126
-988
-837
-711
-633
-512
-325
-131
10
128
266
448
559
645
711
763
832
860
852
816
802
767
759
760
859
965
942
862
802
1011
1223
1229
1039
902
1020
1206
1135
788
594
538
491
255
-64
-217
-272
-433
-782
-1023
-1049
-1045
-1212
-1484
-1592
-1537
-1487
-1574
-1608
-1535
-1439
-1462
-1529
-1412
-1188
-1051
-1099
-1106
-1007
-745
-610
-572
-464
-329
-218
-212
-90
149
401
497
420
438
659
903
1007
1001
985
1048
1106
1127
1146
1178
1216
1150
1070
1099
1185
1188
1084
982
972
950
885
787
715
660
553
327
108
16
-66
-260
-543
-752
-874
-922
-1021
-1174
-1276
-1309
-1358
-1402
-1382
-1288
-1199
-1146
-1104
-1011
-848
-687
-559
-471
-333
-160
-18
109
263
411
515
588
670
795
876
896
863
833
815
832
825
802
831
957
1031
948
843
936
1183
1293
1152
907
909
1154
1246
959
638
522
530
392
63
-194
-275
-350
-637
-970
-1089
-1060
-1140
-1420
-1631
-1612
-1547
-1581
-1664
-1648
-1526
-1475
-1557
-1543
-1339
-1137
-1107
-1172
-1126
-914
-693
-615
-558
-415
-274
-211
-156
0
256
408
419
405
529
779
949
1008
998
1021
1094
1148
1138
1147
1186
1180
1127
1105
1174
1188
1137
1028
1006
1036
984
871
746
695
662
529
255
59
-22
-104
-295
-564
-751
-851
-917
-1020
-1174
-1264
-1309
-1333
-1374
-1333
-1223
-1158
-1137
-1106
-981
-805
-644
-529
-420
-273
-114
-8
138
298
463
586
621
697
791
904
897
850
836
837
841
768
726
833
1018
1015
803
661
927
1257
1293
1012
735
909
1273
1243
766
484
529
573
318
-88
-252
-216
-326
-737
-1060
-1090
-996
-1134
-1467
-1630
-1519
-1441
-1528
-1615
-1544
-1401
-1432
-1545
-1469
-1204
-1047
-1111
-1173
-1054
-817
-666
-668
-544
-331
-248
-279
-190
88
364
450
349
373
614
870
945
927
944
1045
1091
1081
1083
1118
1166
1126
1098
1154
1181
1147
1071
1057
1082
995
895
776
763
751
615
333
99
30
-44
-194
-429
-638
-796
-904
-994
-1076
-1152
-1242
-1332
-1396
-1360
-1242
-1148
-1119
-1104
-1024
-887
-738
-601
-489
-375
-221
-62
87
224
394
533
586
625
692
798
863
877
821
759
756
798
786
837
1016
1050
935
765
905
1245
1408
1229
853
839
1160
1318
1002
606
460
510
397
60
-174
-253
-302
-607
-956
-1109
-1028
-1060
-1357
-1606
-1617
-1504
-1522
-1583
-1565
-1480
-1463
-1546
-1500
-1293
-1067
-1049
-1154
-1116
-907
-685
-632
-575
-444
-315
-276
-226
-25
252
425
397
356
504
791
964
981
963
997
1079
1103
1104
1131
1165
1165
1084
1077
1191
1212
1152
1021
1013
1041
944
826
727
699
647
438
130
-13
-52
-193
-439
-683
-828
-916
-1010
-1144
-1261
-1282
-1309
-1354
-1405
-1336
-1200
-1121
-1093
-1047
-926
-763
-614
-498
-397
-254
-89
32
193
361
508
607
668
769
836
907
895
871
848
825
838
815
807
946
1078
1021
854
883
1165
1370
1316
1035
916
1100
1302
1104
736
575
561
476
166
-104
-231
-287
-517
-862
-1044
-1041
-1093
-1336
-1559
-1610
-1542
-1559
-1618
-1621
-1515
-1447
-1511
-1552
-1399
-1159
-1116
-1163
-1157
-1000
-795
-686
-606
-501
-363
-307
-249
-79
155
362
390
353
442
664
887
951
958
975
1013
1096
1135
1136
1168
1156
1114
1079
1136
1223
1178
1060
970
971
1001
906
769
663
620
535
299
51
-101
-155
-325
-588
-799
-894
-928
-1046
-1185
-1267
-1291
-1287
-1347
-1352
-1250
-1133
-1065
-1036
-941
-784
-622
-508
-401
-245
-47
110
196
310
472
614
660
677
752
876
922
863
800
800
844
834
840
921
1020
1055
899
873
1114
1340
1317
1065
937
1070
1303
1174
825
591
556
512
243
-87
-249
-292
-511
-836
-1059
-1075
-1096
-1282
-1553
-1648
-1550
-1557
-1632
-1656
-1571
-1486
-1517
-1573
-1465
-1226
-1121
-1148
-1167
-1046
-812
-688
-618
-518
-399
-337
-266
-118
106
327
382
383
454
656
862
959
986
998
1026
1052
1106
1131
1153
1126
1089
1076
1130
1185
1153
1099
1042
1039
1014
935
827
751
697
577
370
141
10
-90
-274
-536
-765
-902
-960
-1048
-1178
-1297
-1333
-1332
-1367
-1369
-1289
-1175
-1080
-1046
-988
-855
-660
-507
-436
-313
-122
92
232
328
458
589
680
734
803
903
924
889
817
808
861
848
834
944
1074
1026
817
872
1220
1435
1303
961
895
1204
1433
1154
710
579
659
580
190
-147
-212
-251
-542
-968
-1119
-1069
-1098
-1398
-1680
-1676
-1571
-1589
-1684
-1674
-1568
-1502
-1589
-1594
-1395
-1215
-1208
-1262
-1196
-986
-820
-778
-688
-494
-361
-361
-333
-106
203
365
329
297
479
754
906
911
932
1030
1101
1105
1128
1189
1240
1232
1151
1126
1202
1268
1225
1125
1076
1076
1049
969
839
768
697
540
297
83
-24
-135
-316
-587
-817
-937
-989
-1072
-1224
-1367
-1399
-1402
-1404
-1400
-1367
-1277
-1181
-1082
-1012
-885
-688
-504
-390
-275
-118
61
227
347
486
587
668
766
831
892
920
874
801
792
833
859
924
1033
1096
1018
884
1011
1290
1468
1323
1002
972
1264
1429
1127
716
587
637
535
181
-110
-207
-280
-566
-923
-1103
-1076
-1117
-1403
-1644
-1660
-1581
-1603
-1649
-1645
-1570
-1539
-1573
-1513
-1332
-1155
-1157
-1202
-1109
-900
-739
-694
-630
-459
-349
-345
-268
-43
255
366
325
300
479
774
924
941
940
1014
1101
1122
1127
1162
1185
1168
1115
1109
1187
1257
1190
1074
1032
1027
1008
924
786
699
622
447
229
20
-94
-227
-445
-669
-852
-940
-1024
-1117
-1232
-1334
-1391
-1404
-1422
-1367
-1289
-1232
-1165
-1062
-932
-800
-662
-503
-356
-209
-30
94
245
421
543
626
662
745
849
922
897
839
826
850
874
841
879
1032
1133
1028
826
925
1270
1418
1255
937
900
1218
1392
1075
671
534
568
479
132
-142
-201
-285
-597
-936
-1069
-1027
-1100
-1393
-1624
-1608
-1539
-1622
-1685
-1620
-1507
-1522
-1629
-1571
-1321
-1129
-1163
-1241
-1160
-902
-716
-691
-607
-428
-284
-288
-232
-12
279
423
361
338
521
822
963
973
979
1034
1107
1089
1083
1168
1223
1193
1073
1053
1166
1246
1166
1016
947
971
952
855
712
612
541
387
134
-47
-139
-260
-476
-717
-878
-982
-1043
-1162
-1259
-1372
-1405
-1413
-1428
-1344
-1269
-1188
-1142
-1044
-908
-764
-618
-483
-328
-164
-8
136
276
425
593
709
764
825
924
994
1021
973
908
874
895
891
869
919
1022
1024
912
893
1084
1286
1279
1062
900
1025
1249
1152
806
568
530
484
255
-67
-254
-326
-508
-820
-1060
-1119
-1147
-1316
-1523
-1602
-1556
-1569
-1659
-1620
-1517
-1454
-1510
-1558
-1403
-1164
-1083
-1136
-1151
-977
-731
-635
-607
-493
-326
-248
-204
-85
145
377
413
344
415
641
871
930
903
933
1011
1060
1055
1076
1124
1154
1091
1011
1065
1164
1166
1038
967
978
989
933
796
677
608
503
274
59
-54
-165
-349
-585
-764
-897
-972
-1094
-1229
-1290
-1354
-1405
-1445
-1401
-1303
-1229
-1196
-1125
-990
-823
-681
-540
-384
-205
-18
110
234
389
559
685
745
814
875
962
1014
1010
972
926
906
889
858
873
1013
1102
1023
822
871
1149
1326
1247
914
831
1095
1294
1066
675
490
494
421
88
-226
-345
-406
-654
-982
-1182
-1179
-1195
-1392
-1587
-1634
-1605
-1640
-1668
-1598
-1493
-1479
-1599
-1563
-1318
-1084
-1051
-1140
-1085
-842
-623
-614
-570
-381
-194
-163
-192
-33
268
502
466
346
446
733
964
982
927
959
1056
1102
1083
1098
1172
1170
1063
1023
1112
1169
1124
979
940
964
936
845
701
661
608
452
193
26
-50
-190
-405
-658
-825
-913
-1004
-1125
-1228
-1301
-1362
-1435
-1467
-1386
-1285
-1225
-1204
-1090
-922
-784
-658
-543
-376
-213
-100
36
177
351
499
598
679
746
834
891
937
952
900
845
823
822
828
818
904
987
970
812
821
1047
1256
1253
1001
860
1026
1238
1070
728
503
476
462
226
-82
-261
-329
-503
-792
-1025
-1076
-1088
-1253
-1469
-1589
-1548
-1511
-1545
-1513
-1435
-1398
-1453
-1425
-1261
-1062
-1011
-1083
-1054
-887
-648
-596
-588
-455
-274
-207
-208
-101
139
386
399
323
387
639
864
912
865
877
981
1036
1024
1024
1046
1039
966
895
957
1080
1059
941
840
860
894
836
738
645
593
483
311
104
-32
-141
-334
-542
-716
-838
-944
-1049
-1118
-1210
-1320
-1338
-1310
-1261
-1209
-1162
-1068
-962
-852
-735
-626
-470
-306
-197
-102
2
156
282
410
547
637
687
759
838
920
966
921
827
773
793
797
738
755
888
971
899
720
793
1075
1244
1109
779
761
1051
1192
927
535
414
465
404
90
-210
-301
-342
-565
-867
-1036
-1025
-1032
-1262
-1483
-1522
-1431
-1425
-1441
-1417
-1346
-1320
-1374
-1337
-1140
-949
-940
-1011
-988
-766
-566
-555
-549
-415
-261
-220
-199
-61
183
352
337
265
361
610
798
819
792
815
883
934
937
938
966
949
870
799
837
953
986
901
774
745
787
808
754
661
530
414
310
189
88
-51
-264
-474
-643
-722
-802
-914
-1033
-1141
-1183
-1220
-1210
-1188
-1153
-1085
-1015
-969
-867
-708
-577
-466
-360
-270
-150
2
158
299
395
495
580
664
745
818
842
834
833
797
775
742
711
693
671
743
856
887
811
735
873
1031
1091
973
805
834
995
994
724
495
397
397
240
-54
-284
-345
-420
-642
-885
-1018
-987
-1052
-1247
-1394
-1379
-1305
-1311
-1329
-1343
-1292
-1256
-1265
-1203
-1094
-999
-1019
-1015
-899
-720
-659
-644
-551
-392
-257
-262
-207
-44
196
307
255
272
436
678
756
754
763
820
896
915
898
900
918
885
813
772
845
926
955
864
760
723
805
879
790
637
478
419
392
316
127
-96
-270
-423
-559
-672
-791
-914
-1013
-1123
-1146
-1135
-1112
-1112
-1124
-1087
-1023
-916
-806
-682
-569
-495
-434
-339
-154
17
109
172
249
362
503
583
608
676
732
725
718
739
748
727
658
597
601
655
775
885
885
784
732
869
1079
1154
983
782
795
969
984
720
466
377
367
227
-48
-251
-299
-378
-613
-858
-980
-945
-970
-1136
-1271
-1296
-1284
-1303
-1256
-1221
-1179
-1213
-1271
-1177
-1006
-895
-921
-963
-898
-716
-597
-568
-486
-353
-256
-225
-174
-23
181
309
270
243
377
580
695
701
684
713
808
845
841
833
856
836
749
671
687
795
874
815
666
597
663
781
741
604
457
368
350
285
162
-19
-189
-352
-509
-625
-706
-781
-930
-1051
-1105
-1095
-1069
-1056
-1061
-1068
-1015
-932
-804
-660
-541
-495
-449
-344
-175
-18
32
75
176
300
406
472
533
607
675
680
685
713
768
808
718
645
647
729
767
818
863
863
811
747
892
1056
1109
962
769
790
944
939
708
493
395
332
199
-14
-139
-185
-325
-550
-748
-799
-786
-876
-1065
-1169
-1158
-1160
-1211
-1230
-1179
-1103
-1127
-1197
-1138
-976
-848
-851
-913
-893
-732
-615
-555
-510
-438
-365
-326
-248
-124
47
119
112
137
257
430
520
528
537
572
616
653
651
676
684
647
567
499
533
611
668
644
589
528
545
629
671
612
466
349
331
331
282
118
-94
-254
-358
-429
-509
-581
-714
-801
-854
-868
-849
-855
-867
-838
-789
-749
-667
-582
-458
-372
-341
-270
-170
-54
23
69
145
254
337
394
456
539
630
653
639
662
744
788
737
642
578
615
630
597
631
690
721
642
547
634
849
949
790
609
626
808
856
657
438
359
351
240
12
-152
-199
-290
-506
-722
-760
-725
-794
-990
-1139
-1121
-1063
-1078
-1111
-1078
-1027
-1010
-1070
-1047
-890
-781
-792
-861
-822
-672
-549
-514
-489
-417
-336
-305
-247
-131
32
125
96
74
170
332
434
453
435
441
486
533
530
556
558
531
448
385
414
490
572
620
560
475
435
513
658
649
516
339
265
335
395
280
28
-169
-265
-286
-311
-414
-537
-647
-708
-710
-720
-716
-720
-724
-727
-699
-599
-523
-422
-354
-311
-250
-162
-64
33
108
170
231
284
360
467
528
584
623
589
580
605
659
642
582
495
453
461
474
541
587
607
556
488
564
748
884
806
643
608
747
873
773
539
389
345
315
160
-27
-134
-218
-385
-581
-687
-685
-726
-858
-993
-1043
-975
-935
-936
-959
-936
-939
-974
-939
-846
-742
-753
-816
-811
-711
-594
-563
-536
-487
-421
-363
-314
-198
-62
42
44
31
99
223
344
374
338
321
350
404
442
459
458
416
382
355
341
379
417
503
530
471
398
405
542
623
530
356
290
368
458
368
144
-25
-78
-114
-191
-306
-415
-522
-575
-583
-572
-580
-624
-661
-665
-609
-539
-499
-467
-369
-282
-225
-163
-100
9
90
139
170
222
308
393
432
466
485
502
482
470
478
483
485
454
412
316
279
327
395
438
459
472
455
487
597
703
749
694
630
636
742
776
647
463
360
338
258
107
-35
-136
-219
-358
-478
-540
-569
-628
-740
-851
-855
-812
-814
-812
-831
-823
-833
-820
-788
-737
-718
-737
-745
-721
-666
-615
-579
-541
-468
-438
-413
-338
-221
-112
-75
-84
-66
6
82
141
148
159
145
166
199
242
265
267
258
240
252
284
332
412
502
503
459
432
531
661
678
571
439
420
486
536
418
244
115
49
22
-36
-127
-236
-322
-367
-403
-424
-424
-428
-465
-502
-476
-426
-362
-298
-240
-230
-213
-173
-104
-13
28
74
90
130
191
260
300
314
329
316
303
310
343
356
349
305
269
240
244
266
241
237
259
340
400
448
464
495
617
695
693
665
660
707
740
660
523
427
390
349
236
82
-35
-107
-181
-276
-381
-483
-561
-622
-679
-703
-730
-757
-770
-759
-736
-761
-783
-785
-752
-735
-741
-756
-749
-697
-648
-613
-617
-599
-552
-513
-468
-400
-348
-315
-288
-269
-221
-187
-132
-102
-56
-17
10
71
114
162
205
235
264
297
338
425
524
566
555
547
574
671
704
694
639
598
591
583
569
482
396
305
229
209
180
87
-21
-122
-170
-168
-221
-289
-345
-357
-338
-327
-318
-295
-252
-229
-211
-205
-147
-80
-45
-31
-19
6
51
113
125
129
174
202
221
229
238
248
239
219
186
169
182
230
233
172
107
107
202
351
407
335
297
378
514
571
526
482
512
548
565
538
484
419
360
271
188
150
83
2
-105
-163
-193
-243
-318
-384
-402
-459
-507
-556
-595
-584
-597
-643
-699
-721
-737
-737
-731
-743
-740
-736
-746
-730
-691
-660
-667
-673
-660
-624
-569
-510
-460
-445
-405
-333
-242
-163
-110
-82
-43
22
74
112
147
198
214
230
258
311
393
460
499
497
516
590
666
702
687
683
674
675
687
649
587
497
409
350
321
283
188
92
38
34
9
-33
-84
-125
-115
-95
-96
-109
-117
-104
-98
-109
-123
-118
-101
-122
-138
-137
-129
-105
-114
-121
-93
-73
-56
-15
30
63
85
112
146
163
201
213
206
158
119
118
145
185
173
150
134
167
223
261
287
311
348
395
425
462
500
497
463
434
400
389
373
318
246
168
111
66
22
-51
-147
-240
-324
-366
-377
-399
-472
-529
-577
-611
-643
-668
-673
-698
-721
-761
-770
-751
-730
-741
-774
-796
-787
-744
-707
-677
-664
-656
-616
-541
-476
-407
-360
-325
-279
-219
-131
-58
17
47
66
127
192
250
312
342
365
419
497
566
588
604
637
689
726
723
735
738
727
713
669
641
579
536
488
431
395
344
276
221
158
120
94
30
-15
-64
-78
-92
-151
-189
-180
-163
-177
-211
-240
-239
-222
-194
-190
-200
-197
-182
-152
-117
-96
-69
-38
-10
46
73
101
125
107
114
119
121
102
108
147
205
232
195
194
237
312
370
400
389
397
458
494
489
460
422
420
401
369
309
207
126
66
8
-52
-118
-187
-287
-355
-410
-446
-464
-512
-551
-575
-571
-577
-613
-624
-641
-639
-626
-638
-637
-625
-615
-623
-616
-601
-559
-533
-549
-516
-474
-409
-366
-340
-290
-246
-194
-161
-131
-82
-29
-2
24
64
117
152
164
176
203
237
273
287
299
314
343
385
433
470
483
495
516
524
508
491
470
464
440
401
365
332
320
300
255
225
194
177
161
135
105
85
71
49
10
-17
-24
-37
-34
-74
-67
-71
-71
-62
-73
-49
-66
-50
-47
-35
-15
-23
-26
-40
-20
-7
3
-2
-16
-25
-23
-7
16
35
36
60
91
129
133
138
163
183
228
246
258
274
293
310
274
250
231
218
188
153
105
57
11
-36
-62
-109
-137
-186
-227
-249
-264
-284
-310
-345
-371
-393
-410
-422
-439
-442
-456
-474
-479
-479
-444
-425
-394
-391
-390
-349
-330
-299
-276
-259
-236
-229
-207
-177
-165
-171
-149
-138
-103
-77
-57
-49
-51
-15
2
45
60
76
88
130
168
193
214
219
245
248
270
277
297
303
277
256
238
243
241
235
214
210
199
202
197
190
199
183
176
148
139
154
162
158
126
118
100
98
107
106
115
120
125
125
129
157
144
125
109
106
117
95
90
73
61
25
-8
-15
-28
-17
-36
-73
-76
-48
-7
6
13
3
17
57
91
100
91
79
91
116
141
128
105
74
62
59
49
35
19
17
-7
-39
-82
-80
-101
-144
-189
-219
-206
-199
-211
-248
-272
-271
-270
-263
-282
-287
-286
-281
-270
-264
-258
-247
-241
-238
-235
-247
-252
-235
-227
-219
-239
-248
-231
-206
-201
-217
-212
-193
-187
-167
-161
-143
-99
-66
-40
-18
7
52
83
111
119
136
166
195
224
236
220
214
226
230
237
218
200
176
163
178
177
193
193
203
199
174
163
153
156
169
167
153
147
160
181
187
197
176
187
187
208
223
209
177
157
157
141
117
92
65
41
12
-25
-19
-18
-46
-82
-93
-89
-53
-19
-18
-25
-18
12
21
42
53
70
76
67
61
45
55
56
35
25
-3
-7
1
-6
-30
-72
-90
-98
-112
-121
-142
-171
-167
-166
-161
-184
-180
-166
-175
-176
-183
-163
-133
-132
-147
-162
-162
-151
-161
-166
-163
-191
-207
-206
-190
-171
-176
-194
-206
-181
-164
-158
-161
-160
-135
-117
-112
-120
-110
-98
-73
-64
-58
-29
21
58
62
73
78
121
148
154
162
162
174
170
176
177
171
153
156
147
154
164
167
160
150
150
137
153
162
167
166
184
177
175
169
181
191
182
155
137
142
140
134
100
62
44
26
-1
-45
-52
-59
-84
-120
-119
-110
-121
-120
-124
-118
-109
-92
-83
-73
-37
-13
-3
13
31
64
90
87
84
82
103
109
98
95
91
74
55
39
36
39
15
-3
-23
-19
-15
-12
-15
-21
-23
-22
-11
-1
-10
-28
-31
-20
-35
-60
-61
-76
-79
-95
-125
-145
-153
-171
-195
-201
-196
-208
-217
-234
-239
-237
-240
-221
-219
-204
-208
-219
-206
-197
-180
-159
-153
-140
-119
-109
-96
-65
-25
-5
17
36
54
73
105
118
117
125
132
133
139
142
127
116
108
117
140
139
141
153
171
193
212
215
222
237
243
253
246
246
239
215
202
163
149
126
92
76
53
45
32
6
-30
-52
-67
-70
-72
-82
-97
-112
-117
-110
-118
-122
-111
-103
-101
-111
-80
-66
-51
-28
-19
-13
0
6
13
26
35
30
26
43
49
47
27
32
35
53
70
66
62
75
73
70
63
65
61
67
77
70
61
51
41
33
20
23
29
19
6
-6
-23
-29
-40
-60
-88
-126
-139
-138
-145
-169
-183
-195
-196
-198
-212
-214
-216
-204
-200
-206
-199
-200
-181
-185
-177
-163
-156
-147
-143
-136
-124
-110
-96
-87
-78
-51
-31
-17
-12
19
59
83
100
123
153
176
193
208
229
247
243
243
263
281
286
280
271
280
279
267
254
228
241
242
238
210
176
160
139
113
78
42
16
-21
-45
-53
-74
-95
-112
-119
-136
-150
-174
-177
-185
-183
-197
-215
-221
-215
-212
-220
-225
-216
-198
-185
-165
-133
-112
-105
-88
-80
-79
-56
-57
-56
-31
-13
12
27
48
63
87
100
109
132
150
163
174
177
182
174
185
195
207
202
192
204
188
178
152
134
106
87
79
52
28
11
-16
-45
-59
-92
-99
-120
-147
-167
-157
-163
-180
-193
-215
-227
-235
-233
-228
-222
-226
-218
-219
-199
-177
-169
-167
-173
-160
-152
-126
-102
-75
-51
-45
-27
-8
29
64
71
84
105
146
181
194
200
211
218
226
225
226
245
237
238
231
226
211
216
214
201
186
156
150
151
146
127
94
58
31
19
-1
-36
-62
-90
-118
-145
-157
-181
-185
-208
-230
-229
-233
-236
-245
-238
-230
-222
-211
-196
-183
-167
-143
-130
-111
-85
-76
-59
-57
-45
-24
-21
-15
-8
3
23
25
42
54
78
106
126
142
152
177
194
223
229
230
232
223
215
206
188
179
183
176
172
150
139
151
157
142
134
120
109
97
81
62
22
-8
-24
-60
-73
-86
-112
-138
-157
-171
-173
-174
-178
-193
-203
-205
-216
-210
-211
-209
-203
-192
-188
-178
-170
-168
-157
-147
-141
-110
-91
-94
-81
-71
-53
-31
-25
-8
11
40
74
95
118
131
145
150
152
163
171
181
178
178
184
174
171
172
167
151
138
142
142
125
105
70
47
37
15
0
-26
-41
-50
-75
-86
-91
-103
-109
-129
-143
-145
-145
-149
-153
-161
-162
-159
-154
-150
-152
-150
-158
-147
-137
-115
-98
-90
-64
-55
-35
-17
-4
20
37
64
85
103
131
147
169
166
186
207
218
227
224
235
238
236
241
232
230
223
207
209
198
184
154
132
124
112
84
55
43
43
21
-1
-32
-65
-67
-87
-115
-141
-162
-176
-188
-201
-212
-220
-226
-240
-249
-263
-268
-271
-277
-271
-279
-270
-274
-269
-260
-246
-239
-236
-206
-199
-172
-149
-127
-107
-82
-53
-22
10
36
69
89
113
137
152
161
190
181
192
212
212
225
221
226
228
226
224
232
231
236
222
206
195
176
157
143
118
95
76
64
56
42
18
-1
-2
-21
-29
-53
-64
-76
-87
-92
-109
-124
-136
-155
-164
-151
-151
-153
-160
-160
-146
-142
-140
-133
-104
-91
-68
-57
-46
-14
-5
7
28
42
66
86
104
117
119
135
147
158
173
175
190
192
196
203
183
164
162
162
156
158
142
124
107
87
60
41
19
4
-8
-37
-59
-84
-109
-121
-137
-161
-178
-205
-205
-210
-227
-237
-250
-254
-262
-270
-279
-278
-266
-258
-255
-242
-219
-205
-183
-173
-166
-149
-124
-99
-75
-47
-18
16
40
64
70
96
114
116
140
155
162
186
199
224
226
238
264
265
273
271
261
248
254
256
246
236
229
214
198
180
170
141
125
99
70
47
27
1
-19
-40
-62
-67
-86
-97
-114
-130
-147
-159
-165
-172
-172
-166
-171
-177
-178
-175
-182
-182
-185
-181
-160
-143
-127
-116
-98
-86
-78
-55
-49
-29
3
10
47
62
89
108
108
133
151
161
179
192
213
224
220
218
214
210
200
184
172
154
132
122
93
91
76
47
20
-14
-40
-57
-78
-104
-133
-154
-166
-189
-204
-233
-245
-255
-267
-266
-273
-272
-270
-276
-281
-281
-281
-272
-257
-236
-225
-218
-198
-180
-150
-130
-99
-69
-39
-1
21
52
95
127
156
186
215
232
250
256
273
291
302
317
320
321
320
323
311
310
308
292
272
249
233
207
186
161
119
100
79
60
39
23
2
-30
-42
-50
-66
-90
-107
-141
-157
-165
-181
-195
-203
-218
-232
-244
-243
-229
-233
-230
-230
-215
-204
-198
-174
-170
-152
-136
-116
-90
-67
-54
-43
-26
-18
-1
25
44
62
84
104
114
136
153
175
187
190
184
190
197
191
179
173
167
163
159
122
110
94
77
53
24
11
5
-4
-26
-37
-70
-91
-98
-116
-128
-151
-166
-181
-178
-184
-199
-207
-212
-215
-218
-212
-199
-194
-177
-181
-174
-152
-135
-105
-97
-81
-50
-26
-5
20
55
75
103
118
124
147
174
198
205
222
221
239
249
242
249
248
248
244
235
235
228
210
203
188
179
159
141
133
104
87
63
47
28
10
-17
-43
-61
-81
-103
-128
-144
-156
-178
-196
-203
-210
-216
-223
-232
-234
-241
-236
-241
-233
-215
-210
-191
-183
-169
-155
-144
-125
-116
-88
-69
-46
-21
-4
24
42
59
70
77
87
104
111
121
127
124
129
136
142
149
157
162
154
157
156
157
161
144
129
105
98
84
85
87
71
55
42
29
24
8
-2
-28
-42
-59
-74
-96
-115
-129
-147
-141
-142
-155
-162
-164
-156
-153
-152
-141
-136
-119
-110
-87
-62
-53
-34
-19
7
23
36
49
64
74
83
99
108
107
125
133
138
124
121
124
125
135
130
130
132
138
138
131
127
131
128
123
114
111
109
94
78
70
56
47
31
-2
-20
-32
-53
-80
-94
-120
-123
-136
-156
-176
-177
-178
-179
-186
-198
-192
-202
-183
-184
-181
-181
-186
-166
-157
-149
-153
-154
-130
-108
-94
-77
-65
-49
-31
-9
6
16
35
46
56
64
82
100
112
135
145
146
153
164
173
179
175
167
159
147
148
138
123
111
99
99
85
74
53
37
24
8
-13
-45
-57
-72
-85
-112
-119
-120
-141
-144
-145
-145
-148
-136
-126
-126
-111
-108
-88
-79
-69
-71
-59
-47
-56
-46
-41
-16
-2
13
26
51
68
82
100
114
115
126
129
138
155
156
157
163
170
165
160
161
156
145
131
117
108
90
83
73
53
37
29
14
4
2
-9
-21
-41
-60
-66
-88
-93
-97
-110
-116
-114
-118
-121
-124
-136
-130
-119
-122
-114
-103
-102
-97
-94
-90
-77
-69
-60
-50
-43
-30
-32
-30
-24
-16
-13
-4
-4
-1
4
19
26
28
43
44
55
69
62
61
69
85
79
84
88
82
75
76
74
67
53
41
30
6
-1
-13
-17
-32
-50
-52
-65
-70
-80
-82
-89
-100
-111
-112
-108
-117
-116
-122
-111
-104
-88
-72
-61
-49
-35
-19
-10
-3
12
14
24
32
39
47
53
64
73
77
82
87
91
101
96
109
123
138
143
143
147
153
157
153
146
144
146
151
146
142
140
134
126
116
108
93
79
66
56
37
17
1
-15
-27
-47
-66
-73
-89
-95
-98
-110
-115
-120
-125
-137
-138
-129
-124
-129
-126
-123
-114
-115
-115
-108
-115
-116
-116
-115
-98
-100
-103
-106
-95
-91
-90
-75
-69
-55
-53
-40
-33
-38
-25
-8
9
17
25
39
46
54
45
57
57
58
55
45
39
34
36
35
26
29
29
31
31
21
10
5
11
-2
-6
-7
-12
-6
-3
0
-5
-9
-14
-15
-3
3
-4
-4
-11
-13
-9
-8
-7
-7
-6
-11
-8
-18
-9
-1
17
18
18
34
33
38
39
49
50
58
61
72
85
85
95
103
111
121
130
130
134
132
138
132
129
122
114
113
100
89
75
67
52
43
24
10
4
-15
-27
-31
-39
-45
-57
-80
-81
-84
-82
-86
-93
-98
-92
-102
-115
-114
-114
-98
-112
-116
-125
-133
-138
-131
-134
-129
-123
-130
-120
-119
-101
-99
-103
-88
-85
-81
-75
-74
-62
-50
-42
-40
-27
-15
-6
11
19
30
40
48
51
53
58
61
74
81
83
83
76
67
62
61
59
55
54
53
49
39
35
24
21
30
20
10
12
11
7
12
20
26
32
25
29
27
23
30
27
32
36
26
30
24
18
16
-2
4
10
10
6
4
3
-4
14
18
25
33
45
55
59
69
72
84
84
79
86
80
68
70
66
67
59
57
51
48
49
44
41
33
36
32
31
21
10
11
2
-14
-22
-29
-35
-47
-42
-41
-37
-52
-57
-64
-79
-80
-85
-93
-84
-101
-111
-119
-133
-132
-142
-131
-122
-120
-141
-132
-133
-131
-124
-125
-123
-127
-98
-88
-78
-79
-77
-57
-54
-43
-36
-29
-13
-7
9
21
34
44
40
47
59
61
67
71
74
81
83
88
87
90
106
100
103
102
101
102
103
107
103
108
98
97
101
81
78
72
68
64
62
51
50
46
44
39
38
27
11
12
4
-3
-1
-13
-13
-12
-18
-16
-29
-20
-16
-30
-23
-30
-36
-38
-40
-37
-41
-38
-38
-40
-29
-27
-24
-18
-21
-18
-11
2
5
10
7
-1
-9
-6
-9
-3
-9
-5
-5
-3
-5
2
15
21
24
16
26
32
28
26
15
17
7
-3
-11
-31
-37
-39
-44
-56
-60
-67
-75
-83
-92
-105
-112
-113
-114
-107
-100
-101
-97
-92
-91
-92
-91
-80
-77
-76
-69
-71
-58
-43
-38
-29
-32
-12
1
2
21
33
41
56
56
62
64
74
85
82
85
85
90
93
104
108
111
115
124
128
127
123
118
114
112
112
103
88
90
82
77
77
73
70
61
58
50
43
29
23
16
6
-7
-9
-20
-32
-28
-35
-41
-57
-59
-61
-68
-65
-71
-72
-71
-78
-75
-73
-74
-61
-59
-49
-49
-50
-45
-46
-41
-40
-40
-30
-33
-27
-26
-19
-10
-11
-6
-3
6
11
10
14
29
20
24
20
11
20
14
11
10
12
9
11
14
7
8
5
0
-4
-4
-7
-10
-9
-13
-19
-24
-12
-22
-28
-35
-40
-44
-54
-58
-72
-74
-77
-84
-77
-82
-78
-76
-76
-74
-82
-72
-71
-62
-56
-54
-34
-30
-12
-3
0
12
24
28
29
37
49
56
66
81
89
95
108
115
121
129
122
123
124
123
124
128
127
125
119
115
124
109
104
100
97
92
76
72
70
53
37
24
18
8
-3
-14
-21
-28
-40
-46
-55
-55
-64
-75
-84
-86
-89
-91
-92
-93
-92
-84
-89
-89
-83
-87
-75
-66
-53
-51
-48
-46
-45
-34
-36
-24
-24
-16
2
3
19
21
24
34
36
38
42
43
44
37
47
34
30
25
24
29
26
19
12
8
6
-6
-11
-14
-22
-24
-37
-45
-44
-46
-49
-51
-53
-56
-69
-75
-77
-79
-84
-86
-85
-72
-68
-65
-63
-70
-71
-59
-56
-54
-41
-37
-38
-38
-30
-21
-10
0
12
15
25
26
42
46
52
58
69
80
87
91
100
101
110
117
115
124
114
117
115
111
100
108
108
120
120
111
110
99
93
87
78
66
51
46
42
35
32
8
1
-8
-15
-21
-31
-40
-46
-57
-59
-54
-59
-60
-61
-72
-66
-69
-73
-68
-73
-73
-82
-67
-63
-68
-65
-69
-56
-64
-63
-56
-56
-51
-50
-45
-44
-42
-30
-27
-19
-18
-24
-16
-7
-9
-9
-11
-14
-17
-19
-26
-30
-32
-34
-32
-34
-32
-31
-37
-41
-44
-43
-36
-37
-39
-43
-40
-42
-42
-41
-37
-33
-25
-27
-16
-22
-19
1
-4
6
10
20
26
22
29
32
36
42
42
53
60
66
69
69
74
78
82
79
80
91
97
103
113
118
114
111
122
115
109
105
107
99
89
94
91
82
77
78
69
60
56
54
53
49
47
39
26
16
9
-1
-9
-16
-32
-30
-37
-40
-46
-66
-65
-67
-74
-79
-84
-81
-83
-83
-88
-79
-84
-90
-90
-96
-101
-96
-105
-103
-101
-95
-90
-85
-74
-81
-76
-72
-63
-59
-53
-54
-46
-49
-48
-48
-43
-36
-32
-12
-16
-13
-13
-16
-15
-18
-25
-26
-23
-15
-17
-12
-16
-5
-5
1
3
0
11
18
12
10
13
12
15
19
20
29
33
38
44
44
49
42
43
41
34
38
43
59
57
58
69
69
75
77
89
94
96
108
108
106
101
99
94
92
88
91
86
84
73
60
60
55
53
50
47
37
35
28
24
20
10
17
11
9
5
-11
-10
-23
-35
-38
-44
-50
-55
-64
-65
-81
-78
-81
-82
-83
-83
-82
-83
-84
-84
-77
-88
-73
-72
-72
-62
-62
-54
-51
-38
-37
-35
-31
-33
-30
-40
-27
-31
-25
-19
-26
-21
-25
-19
-14
-13
-7
-16
-18
-25
-21
-17
-25
-16
-18
-10
-24
-20
-17
-15
-10
-7
-9
-12
-7
-12
-9
-17
-13
-12
-17
-9
-12
-16
-12
-10
-9
-7
-10
-9
0
6
10
8
16
26
27
20
31
41
40
42
47
57
64
63
66
73
77
87
92
105
99
99
97
92
96
84
86
75
64
66
67
65
68
65
74
74
61
63
58
56
49
43
33
25
27
26
12
3
-7
-10
-11
-22
-18
-34
-39
-53
-71
-69
-79
-84
-82
-76
-83
-78
-76
-66
-68
-75
-72
-73
-71
-74
-82
-79
-70
-67
-68
-69
-64
-57
-54
-46
-37
-32
-27
-25
-20
-21
-20
-20
-16
-18
-7
-14
-7
-10
-10
-13
-10
-12
-19
-5
-12
0
4
2
7
6
5
19
12
9
11
0
2
1
-10
-6
-13
-22
-22
-30
-30
-29
-26
-30
-32
-33
-32
-37
-24
-23
-17
-7
-9
-2
-3
-3
1
9
4
10
16
33
35
48
59
58
63
62
65
64
72
78
85
88
88
96
96
94
102
99
104
98
98
95
90
100
95
97
97
94
94
92
93
81
71
56
44
32
24
21
14
15
15
16
5
-12
-26
-29
-38
-44
-58
-71
-74
-80
-86
-93
-97
-103
-99
-103
-100
-103
-115
-111
-111
-110
-110
-105
-95
-88
-83
-81
-73
-72
-76
-72
-71
-69
-64
-60
-55
-55
-50
-38
-29
-21
-16
-8
-1
5
22
20
31
37
42
46
42
43
45
42
40
40
35
32
22
20
15
3
12
11
8
6
7
15
5
-1
-2
-9
-2
0
-1
-8
-13
-9
-4
-9
0
-4
-1
6
3
14
6
7
13
24
25
31
35
35
32
30
30
33
43
42
46
45
51
56
58
60
73
63
73
70
73
82
81
82
89
89
79
82
69
72
71
65
69
61
60
52
50
41
37
29
22
12
-4
-3
-28
-36
-45
-57
-60
-68
-81
-82
-93
-90
-94
-100
-101
-106
-99
-107
-106
-111
-110
-115
-111
-118
-111
-116
-116
-111
-109
-98
-96
-91
-88
-84
-71
-67
-63
-50
-42
-34
-38
-30
-25
-14
-11
2
5
13
16
24
31
27
34
46
47
53
58
57
59
59
60
53
51
48
42
39
36
34
36
32
31
28
22
28
24
23
12
26
19
24
23
17
27
17
16
9
16
15
9
13
10
2
2
0
-1
-1
-5
-1
4
-4
7
10
17
23
22
27
34
38
50
58
62
73
70
80
78
76
74
76
81
79
83
74
77
67
69
63
59
55
50
43
35
23
23
10
3
-8
-18
-23
-31
-34
-49
-49
-52
-60
-68
-75
-81
-80
-89
-94
-86
-89
-96
-100
-99
-106
-110
-112
-115
-109
-112
-113
-101
-99
-93
-83
-81
-73
-68
-56
-56
-48
-35
-30
-30
-23
-14
-13
-4
1
18
30
37
44
45
52
54
56
57
60
66
68
65
58
56
52
51
46
41
46
46
49
43
44
48
39
33
32
39
42
32
27
23
16
9
3
4
-1
-9
0
-6
-4
-12
-6
-10
-7
-4
0
-6
-4
2
3
7
4
22
19
29
33
33
38
45
42
49
54
51
58
66
64
69
67
71
71
69
66
62
58
56
49
47
38
29
22
16
8
-1
-4
-19
-19
-31
-36
-44
-45
-50
-63
-66
-76
-87
-82
-87
-84
-87
-101
-98
-99
-105
-110
-115
-125
-117
-111
-110
-103
-99
-93
-88
-89
-90
-83
-76
-75
-65
-53
-43
-35
-23
-19
-8
-4
0
10
16
27
31
39
46
55
51
62
66
69
68
70
65
62
63
62
59
65
54
56
54
54
51
48
53
41
40
43
44
31
25
21
24
21
25
20
18
20
14
14
14
6
0
-9
-5
-7
-2
-3
-2
1
-11
-2
-4
3
2
-9
-4
-7
-6
-9
-6
-4
-1
-2
2
3
12
17
17
20
16
20
21
25
25
19
23
19
18
23
27
23
23
20
21
19
18
6
13
9
5
4
1
10
6
2
-9
-17
-26
-36
-43
-52
-54
-55
-51
-57
-58
-56
-67
-63
-69
-69
-68
-65
-55
-59
-56
-58
-55
-48
-50
-52
-49
-44
-33
-26
-31
-26
-24
-17
-12
-10
-3
8
12
8
10
16
22
29
23
29
26
33
31
18
33
28
33
34
33
30
36
39
41
45
48
48
43
41
36
35
31
35
28
31
34
24
15
4
3
8
12
12
11
5
1
3
-2
-4
-5
-6
0
1
0
4
4
7
16
18
19
20
16
25
25
28
30
31
29
26
35
31
30
35
32
24
23
14
13
14
20
16
14
17
17
25
10
15
11
9
6
5
6
3
6
5
14
4
4
-1
-7
-10
-19
-24
-36
-41
-47
-50
-49
-44
-48
-57
-61
-62
-63
-65
-70
-75
-71
-74
-69
-65
-62
-62
-59
-50
-50
-55
-47
-43
-34
-29
-24
-20
-25
-25
-18
-12
-2
1
3
1
-4
7
11
15
8
9
4
14
19
16
17
18
19
24
32
27
32
31
33
30
27
28
26
28
31
30
28
20
21
14
13
18
21
19
24
25
22
24
13
21
15
8
15
12
18
12
13
15
17
18
25
24
27
28
26
29
25
28
24
29
29
25
23
18
19
26
20
12
14
14
7
10
7
2
0
-5
-1
-2
-2
-3
-9
-9
-5
-7
-11
-17
-22
-22
-21
-24
-35
-34
-29
-32
-31
-28
-26
-29
-33
-31
-31
-36
-32
-30
-26
-29
-28
-35
-36
-35
-37
-42
-44
-38
-38
-39
-39
-40
-42
-32
-34
-29
-25
-27
-15
-14
-12
-13
-11
-9
-11
-4
1
6
6
10
10
5
2
3
7
9
17
20
22
28
37
42
47
46
35
35
33
31
28
23
18
20
18
13
14
10
17
14
10
12
6
8
7
6
8
10
7
9
8
12
16
10
15
12
11
11
9
13
7
14
18
18
23
17
24
25
17
17
15
19
14
10
15
13
6
6
-3
-2
1
-1
-2
0
4
0
-2
-6
0
-6
-6
-12
-10
-7
-12
-11
-18
-12
-9
-10
-4
-8
-6
-3
1
-8
-4
-4
-5
-2
-3
-2
-4
-6
-9
-4
-6
-5
-5
-5
-4
-6
-5
-5
-11
-10
-8
-6
-6
-5
-5
-5
-14
-15
-11
-8
-6
-11
-10
-19
-10
-10
-4
-8
-9
-5
-3
2
1
-1
-4
3
-1
-1
2
5
4
0
0
2
4
0
-2
6
7
10
7
5
10
12
9
3
1
-4
-3
3
7
6
5
6
2
8
9
9
2
4
8
6
8
6
11
6
2
2
6
5
6
9
11
6
3
7
0
4
1
0
-7
-6
-6
-1
5
2
2
3
6
1
3
-3
-5
-3
-7
-3
-6
-11
-6
-5
-3
-7
-10
-5
-2
-3
-4
-8
-9
-4
-11
-11
-14
-15
-14
-11
-4
0
0
0
-2
2
6
3
7
3
7
9
11
7
3
4
-5
-11
-9
-12
-14
-12
-13
-17
-21
-24
-20
-23
-23
-18
-22
-17
-20
-19
-18
-23
-28
-26
-25
-22
-19
-18
-16
-12
-6
-7
-5
-4
1
-3
-2
5
-3
1
0
-1
-3
1
5
-6
-3
-11
-1
-1
-7
-4
-2
4
5
9
8
9
10
16
11
11
17
13
17
13
10
13
18
30
25
32
33
32
34
22
25
27
30
28
35
32
34
34
33
33
27
33
31
31
32
33
34
29
23
16
20
13
14
15
12
14
8
5
6
2
1
-4
-7
-11
-11
-14
-17
-16
-12
-13
-19
-22
-27
-18
-26
-23
-28
-29
-25
-31
-29
-29
-25
-25
-22
-25
-24
-25
-23
-24
-24
-24
-21
-16
-13
-11
-4
0
1
5
-4
-2
1
7
1
3
7
4
6
7
8
8
7
9
14
5
3
1
10
3
7
11
11
9
5
9
6
10
4
0
-8
-4
1
-1
-1
-3
-5
-2
8
8
6
4
-6
-2
-4
-7
-2
-8
-8
-6
-10
-8
-6
-5
-7
-10
-6
-5
-5
-8
-3
-12
-8
-4
-8
0
-6
3
2
-2
8
7
1
7
7
11
9
14
14
8
6
-2
-1
-1
2
2
10
7
18
12
13
22
15
21
14
16
20
23
18
15
7
10
7
6
11
0
-1
3
-3
-3
0
-3
3
-9
-4
-14
-15
-13
-11
-11
-19
-18
-18
-23
-25
-18
-20
-19
-20
-12
-8
-7
-4
1
8
4
2
2
3
2
4
0
-1
6
3
3
3
6
9
10
12
6
4
3
2
5
12
2
9
1
-7
-6
-9
-6
-11
-11
-13
-16
-23
-22
-26
-28
-29
-34
-38
-30
-36
-33
-37
-37
-36
-41
-36
-42
-29
-25
-23
-13
-11
-9
-7
-9
-5
-7
-7
-5
-3
4
5
8
11
16
21
28
25
26
22
30
31
32
31
30
33
32
36
35
40
43
48
47
51
45
46
44
45
42
40
46
38
35
39
29
28
24
19
16
8
13
11
17
17
11
7
4
2
-4
-12
-9
-16
-21
-23
-26
-25
-29
-30
-29
-29
-25
-22
-26
-27
-25
-25
-16
-19
-17
-11
-14
-4
-2
-3
-3
-8
-7
-9
-12
-9
-13
-13
-10
-9
-3
-9
-8
-1
-5
1
4
2
-1
4
-2
-3
-5
-9
-3
-7
-10
-4
-15
-16
-22
-19
-21
-28
-20
-26
-30
-27
-27
-32
-41
-41
-38
-29
-28
-28
-29
-31
-30
-16
-9
-4
2
-2
10
8
16
16
18
19
21
23
21
35
24
25
27
28
28
25
26
34
36
35
31
30
35
34
36
37
34
31
30
35
40
35
33
27
36
33
31
35
26
22
11
8
10
5
5
-3
2
0
-6
-8
-14
-15
-15
-23
-20
-24
-25
-26
-31
-25
-23
-16
-18
-19
-13
-22
-23
-25
-27
-27
-25
-23
-23
-19
-15
-8
-9
-3
-5
-4
4
5
-1
2
-6
-3
-4
-6
-6
-9
1
-2
3
10
7
8
12
18
18
13
13
12
12
9
7
1
-3
-4
-2
-4
-6
-11
-17
-21
-21
-23
-23
-28
-29
-18
-25
-17
-24
-13
-12
-14
-12
-18
-4
-9
-6
-12
-10
-17
-13
-16
-18
-15
-13
-10
-10
-9
-8
-9
2
8
10
18
18
28
28
26
32
31
34
30
34
33
37
43
40
44
38
43
43
43
41
36
35
29
29
26
21
13
20
14
11
9
4
4
-1
-3
-9
-9
-10
-9
-15
-14
-13
-22
-20
-29
-30
-21
-22
-29
-23
-27
-34
-34
-34
-31
-29
-41
-30
-23
-25
-25
-21
-15
-10
-6
-7
-9
-9
-9
-14
-11
-14
-15
-17
-15
-13
-10
-12
-12
-6
-2
-2
4
10
1
-1
-3
3
5
4
0
-3
3
-1
-1
4
3
3
4
6
-3
0
3
3
3
-3
-3
-7
-8
-5
-5
-7
2
5
10
17
13
16
17
13
12
10
13
11
9
15
20
19
13
14
12
12
10
13
11
15
17
11
15
19
24
28
30
30
24
25
24
24
25
25
23
27
23
26
25
13
13
9
8
7
-4
-3
-1
-5
5
-2
-8
-8
-9
-8
-14
-19
-18
-18
-23
-26
-27
-33
-33
-37
-37
-37
-40
-36
-37
-31
-27
-35
-38
-36
-38
-37
-35
-33
-23
-25
-33
-31
-27
-21
-11
-14
-7
0
6
14
15
18
16
20
19
20
22
21
18
16
17
19
16
21
16
24
31
28
32
26
27
19
20
15
17
13
12
12
5
7
14
13
8
12
6
9
0
8
10
6
7
1
3
-8
-13
-13
-21
-19
-19
-14
-9
-5
-5
-4
0
4
6
9
6
10
7
3
9
4
8
11
9
11
15
14
13
12
11
13
15
11
10
5
13
10
7
1
6
7
2
-1
-3
2
2
1
-5
-6
-11
-9
-10
-18
-19
-23
-22
-21
-19
-18
-24
-21
-23
-19
-23
-24
-20
-21
-21
-14
-17
-21
-12
-9
-7
-7
-2
-4
-7
-7
-7
-5
0
-5
0
2
5
4
6
6
7
7
7
2
-2
5
3
8
7
7
0
3
4
6
7
2
1
5
0
-8
-3
-7
-3
-9
-10
-16
-12
-8
-5
-4
-8
-6
-11
-9
-16
-14
-8
-8
-3
-8
-9
-11
-18
-16
-22
-16
-11
-16
-14
-16
-14
-12
-11
-16
-12
-7
-10
-2
-1
6
11
11
11
15
25
19
20
19
21
27
29
26
28
27
29
30
29
29
29
27
30
30
33
33
30
28
28
27
27
26
25
25
20
20
16
20
16
19
14
12
11
4
3
1
-3
-7
-4
-9
-8
-12
-13
-13
-16
-15
-16
-21
-17
-20
-16
-16
-17
-10
-17
-18
-26
-25
-16
-11
-4
4
1
1
0
-2
-4
-6
-14
-17
-13
-14
-9
-12
-11
-12
-12
-11
-12
-10
-14
-11
-12
-5
-7
-7
-6
-10
-9
-11
-12
-13
-14
-16
-13
-16
-15
-16
-14
-17
-16
-15
-15
-15
-9
-11
-10
-3
-2
2
-6
2
-1
3
4
8
16
14
19
19
20
21
21
29
30
34
30
23
25
16
9
10
10
12
9
13
10
8
2
8
16
12
13
9
7
5
11
17
21
22
20
16
14
18
13
8
-4
0
0
0
3
-5
-1
-11
-13
-11
-7
-8
-9
-14
-14
-14
-11
-11
-15
-8
-9
-11
-13
-12
-14
-9
-6
-4
2
-7
-1
-7
-3
-9
-13
-9
-9
-7
-9
-6
-6
-7
-5
-7
-11
-9
-6
-5
-10
-10
-8
-5
-5
-1
3
3
6
7
10
10
10
9
9
8
3
4
1
-4
-4
0
-7
-10
-5
-9
-4
-1
4
7
3
1
0
5
1
3
4
-1
1
3
3
-2
3
3
6
5
7
8
10
4
-1
1
3
0
-3
5
2
5
2
4
12
12
11
10
14
7
6
5
7
10
3
-2
-5
-6
-6
-10
-11
-11
-7
-4
-7
-9
-11
-18
-18
-14
-11
-11
-7
1
-6
-2
-5
-8
-7
-6
-7
-1
-2
0
-4
-1
2
2
-2
-8
-8
-13
-18
-11
-13
-8
-13
-10
-10
-14
-1
-3
7
6
10
9
13
14
13
15
18
23
21
23
25
29
26
23
25
17
15
13
18
16
7
8
8
7
7
4
0
1
-2
-2
-8
-10
-6
-4
-4
-5
-3
-5
-4
-2
-6
-5
-3
1
-1
3
4
0
-4
-9
-14
-25
-25
-30
-32
-30
-33
-33
-34
-31
-30
-23
-24
-22
-22
-25
-20
-23
-24
-24
-20
-15
-10
0
0
1
2
4
1
4
8
7
14
15
22
19
24
24
19
17
20
14
9
7
6
3
3
8
10
14
15
13
12
13
16
13
12
8
7
11
12
13
5
14
13
12
13
11
9
13
17
16
20
13
19
15
10
8
7
7
7
3
-1
-1
2
10
11
19
15
13
15
16
15
13
13
12
6
5
4
6
4
4
2
-5
-3
-13
-13
-12
-16
-8
-16
-12
-11
-12
-13
-14
-12
-17
-18
-23
-18
-23
-19
-22
-22
-14
-19
-17
-16
-11
-12
-9
-6
-1
-3
-2
-3
0
1
1
-2
-5
-2
-5
-4
-9
-2
-3
4
-1
1
-1
3
2
0
2
-6
0
0
0
2
2
8
7
8
10
11
8
7
11
8
-3
2
-5
-2
3
-1
-3
-5
1
3
3
5
3
1
2
2
-4
3
6
1
6
5
6
8
5
2
2
4
-1
-3
-8
-9
-2
-7
-2
-5
-7
-3
-8
-3
-1
0
5
-1
5
7
6
12
3
5
4
1
2
5
5
7
2
2
6
2
-3
-8
-14
-16
-17
-10
-11
-13
-12
-13
-18
-11
-10
-9
-4
-8
-5
-6
-1
-2
-3
-3
-1
2
-1
4
2
-1
-1
-5
-7
-11
-9
-4
-4
-9
-8
-7
-3
-5
-5
-7
-12
-11
-8
-13
-7
-12
-1
4
5
7
7
8
7
6
8
8
7
15
