SAMPLES:	9054
BITSPERSAMPLE:	16
CHANNELS:	1
SAMPLERATE:	16000
NORMALIZED:	FALSE
5
7
2
2
3
-3
-2
2
1
2
3
2
1
3
4
2
3
1
0
-2
-4
-2
-6
-10
-6
-9
-6
-6
-8
-5
-7
-3
-4
-2
-1
-3
-8
-3
-1
0
0
-2
-1
0
2
0
-2
-3
2
-2
-1
1
1
-1
0
1
-3
-3
1
2
2
4
1
1
0
0
0
-2
-2
1
-1
-1
-1
1
3
3
4
4
6
10
5
7
5
12
8
12
7
4
5
4
2
-1
3
-2
-1
1
0
-1
-1
-7
-5
-3
-3
-5
-9
-5
-6
-3
-8
-7
-9
-10
-7
-9
-7
-7
-3
-3
-5
-7
-6
-3
-3
-2
-2
-1
3
0
3
1
2
-2
1
1
-4
-1
1
3
-4
1
-4
3
1
0
4
1
0
5
2
9
9
5
6
2
6
4
8
3
-1
2
1
1
2
3
-1
2
0
0
4
4
1
-1
1
0
-3
-4
-1
0
1
0
1
-2
-4
-4
-5
-6
-5
-5
-7
-5
-5
-2
-3
-4
-3
-1
0
0
0
0
3
1
-1
0
-1
-2
2
0
5
2
5
6
4
5
5
5
8
11
7
10
6
7
3
1
4
0
4
3
4
4
2
3
2
1
1
1
0
0
-3
0
-3
3
-3
2
2
-6
-1
-1
-7
-2
-2
1
1
-5
3
-7
-3
-6
-2
-3
-7
-4
-4
-1
-6
-4
-2
-1
-4
-5
-5
-5
-5
-1
-4
-3
2
-3
3
-3
-1
0
-2
-6
-5
-4
-1
1
-4
-2
-1
-2
0
1
-3
-4
0
-6
-4
-1
-5
0
-3
2
-2
-2
1
0
5
4
1
0
7
8
9
8
3
6
4
7
6
5
6
3
3
5
5
3
2
2
1
6
6
4
4
4
1
3
2
6
6
0
-4
-7
-4
-7
-5
-9
-7
-10
-8
-7
-7
-6
-3
-3
-2
2
-3
0
0
2
1
-2
2
-1
2
3
0
0
-1
-1
-4
-2
1
-1
0
1
-1
3
-2
-2
3
3
6
3
1
4
4
1
2
2
4
5
7
7
8
8
8
6
2
4
2
1
5
-1
0
-1
-1
-3
-7
-1
-1
-2
-5
-5
-4
-3
-1
-4
-4
-7
-7
-4
-4
-3
-5
-4
2
3
0
0
-4
-4
-2
-1
1
0
-1
0
-3
4
1
5
7
0
2
2
4
2
0
0
-1
-2
-2
0
1
-2
-3
-2
-1
0
-1
-6
0
-5
-3
-3
-7
-8
-7
-9
-8
-10
-7
-8
-5
1
1
-2
-5
1
-2
3
3
0
4
3
3
7
6
9
6
7
7
7
7
8
11
10
10
3
10
6
4
5
1
2
3
0
-1
-1
-3
-5
-1
0
-3
0
2
-1
-2
0
-2
0
-2
0
2
1
0
-5
-2
-6
-9
-7
-5
-5
0
0
1
-1
0
1
-3
5
1
1
0
0
2
1
1
-3
0
2
2
0
-2
-4
0
-4
2
-1
0
2
-3
-1
-2
0
-2
-2
-1
-3
-1
-2
-6
-2
1
0
-1
4
0
-2
0
2
0
1
2
0
-1
0
0
3
1
0
0
-4
3
2
3
1
1
-1
0
2
-4
-2
-2
-1
1
-4
-2
-6
-5
1
-3
3
-2
-3
-3
0
3
0
1
2
3
5
6
3
5
7
7
3
7
5
5
2
6
4
1
3
5
3
2
3
3
0
1
0
-2
-1
-4
-5
-6
-7
-5
-5
-5
-2
-8
-3
-2
1
-2
-2
1
4
3
4
2
4
3
3
7
5
3
12
8
7
2
2
5
2
2
5
6
0
3
1
2
2
2
1
1
3
19
61
99
66
21
-3
14
48
65
53
34
1
-68
-95
-69
-15
-11
-60
-126
-152
-142
-128
-88
-59
-57
-99
-121
-101
-61
-34
-21
6
19
12
5
12
27
43
51
61
55
35
12
-2
3
13
12
-13
-5
4
4
13
29
57
82
103
122
151
170
194
239
273
293
304
314
306
265
221
199
188
148
77
-1
-60
-125
-200
-243
-256
-289
-351
-402
-407
-394
-381
-363
-320
-282
-267
-237
-173
-89
-24
34
91
142
166
179
204
237
242
219
190
151
99
32
-22
-67
-121
-197
-260
-310
-354
-393
-408
-393
-372
-354
-321
-262
-202
-134
-53
32
120
192
260
325
385
419
456
482
489
485
454
423
379
324
262
208
147
74
-2
-80
-143
-200
-238
-264
-272
-226
-139
-87
-59
-8
51
134
214
277
302
300
273
247
223
204
163
89
5
-72
-146
-228
-284
-333
-374
-422
-447
-462
-481
-475
-454
-420
-371
-314
-255
-203
-151
-78
-15
60
138
194
228
259
283
303
324
320
297
244
205
185
181
172
143
115
98
111
137
159
183
213
238
304
394
480
535
575
597
591
577
572
570
519
394
232
95
-23
-152
-302
-454
-589
-735
-871
-951
-976
-1001
-1039
-1035
-965
-885
-816
-720
-584
-433
-306
-167
-19
112
195
260
346
428
460
449
421
385
326
239
170
96
-9
-143
-255
-324
-399
-470
-524
-541
-545
-550
-516
-458
-373
-283
-179
-40
99
220
340
448
567
662
743
815
858
863
838
805
759
693
601
501
405
301
251
238
182
66
-39
-112
-161
-169
-178
-202
-265
-333
-385
-375
-331
-287
-275
-271
-248
-228
-188
-125
-57
-48
-46
-44
-58
-75
-107
-138
-156
-178
-228
-284
-333
-359
-351
-338
-329
-312
-301
-277
-211
-129
-52
20
90
194
261
286
341
465
613
688
703
709
748
801
845
902
998
1082
1099
1057
940
817
754
753
701
530
235
-63
-266
-456
-612
-738
-887
-1085
-1330
-1472
-1457
-1399
-1389
-1357
-1249
-1112
-1009
-915
-714
-470
-240
-72
119
297
377
419
484
599
667
614
522
431
302
143
21
-53
-163
-340
-538
-656
-720
-768
-797
-777
-752
-741
-719
-641
-494
-349
-214
-51
142
299
434
572
719
868
984
1060
1111
1098
1039
997
954
897
795
677
604
581
504
313
113
-16
-97
-137
-213
-348
-494
-626
-658
-613
-517
-454
-477
-495
-454
-308
-132
7
101
119
112
119
160
208
231
196
119
25
-65
-147
-221
-268
-288
-310
-371
-445
-453
-414
-336
-269
-218
-147
-83
-22
42
136
281
385
443
547
688
784
812
845
916
979
1025
1149
1395
1524
1268
848
697
890
1037
782
327
-19
-257
-557
-801
-828
-854
-1158
-1610
-1814
-1671
-1549
-1616
-1621
-1432
-1220
-1169
-1092
-796
-436
-254
-110
170
463
552
495
555
772
874
777
679
599
410
161
1
-35
-115
-418
-729
-865
-922
-1006
-1080
-1066
-1034
-1064
-1055
-923
-708
-539
-404
-189
80
290
424
580
802
1016
1155
1311
1422
1439
1351
1290
1317
1294
1184
1021
899
847
768
635
425
90
-108
-131
-157
-299
-564
-838
-996
-953
-791
-675
-682
-789
-822
-664
-364
-100
-6
25
82
136
199
327
410
402
286
177
150
98
-46
-188
-271
-282
-323
-468
-569
-592
-587
-536
-407
-276
-249
-270
-244
-104
114
304
430
503
584
700
817
960
1114
1212
1309
1516
1822
1919
1574
1160
1129
1420
1484
1053
410
-9
-228
-536
-793
-873
-1026
-1497
-2069
-2231
-1968
-1828
-1979
-2034
-1805
-1543
-1489
-1352
-934
-484
-267
-121
228
612
740
681
804
1091
1212
1059
890
795
632
368
189
120
-51
-460
-872
-1047
-1113
-1242
-1384
-1424
-1440
-1499
-1513
-1338
-1073
-893
-759
-512
-174
113
310
538
855
1116
1301
1501
1673
1775
1739
1707
1739
1733
1600
1398
1234
1079
920
699
531
415
280
103
-181
-454
-600
-638
-669
-706
-787
-952
-1028
-1004
-842
-598
-445
-437
-436
-340
-158
17
134
236
280
228
154
102
108
82
7
-87
-165
-274
-416
-507
-489
-414
-411
-434
-445
-409
-314
-211
-79
46
138
174
198
337
554
798
938
960
969
1092
1435
1967
2245
1874
1310
1197
1641
1996
1684
923
378
106
-185
-440
-563
-733
-1273
-2002
-2310
-2067
-1906
-2140
-2329
-2207
-1951
-1846
-1752
-1370
-936
-721
-560
-139
332
567
606
739
1080
1299
1272
1204
1147
997
777
636
584
426
13
-445
-701
-836
-1016
-1226
-1387
-1542
-1726
-1823
-1725
-1525
-1413
-1380
-1205
-893
-559
-272
10
360
640
809
1065
1443
1752
1815
1752
1775
1928
1989
1894
1739
1557
1305
1025
856
810
737
551
204
-164
-353
-443
-482
-506
-608
-821
-1025
-1073
-965
-782
-624
-577
-582
-526
-354
-159
-4
143
249
301
295
272
265
242
194
142
107
-34
-230
-394
-451
-438
-430
-470
-587
-577
-511
-422
-281
-151
-24
9
43
144
300
416
485
681
833
845
792
847
1269
1906
2141
1583
951
941
1536
1927
1569
804
271
15
-229
-372
-387
-584
-1190
-1925
-2158
-1832
-1684
-1926
-2160
-2058
-1835
-1711
-1564
-1254
-963
-837
-645
-143
309
465
431
543
853
1086
1145
1137
1097
878
653
580
606
503
112
-311
-512
-640
-824
-1016
-1175
-1339
-1506
-1579
-1499
-1405
-1426
-1408
-1202
-885
-592
-341
-105
108
250
481
898
1302
1459
1411
1385
1537
1701
1775
1759
1689
1550
1285
1071
1064
1261
1452
1058
316
-110
-114
98
156
-111
-628
-1004
-1191
-1136
-836
-623
-740
-1028
-1099
-810
-443
-226
-124
-45
38
117
191
295
341
322
300
319
309
183
6
-131
-116
-54
-77
-211
-302
-332
-321
-262
-186
-125
-64
-77
-114
-68
67
210
230
213
343
550
638
623
753
1346
1916
1710
1020
800
1381
1939
1726
947
521
489
218
-187
-335
-315
-692
-1504
-1990
-1750
-1500
-1798
-2210
-2171
-1875
-1753
-1778
-1581
-1233
-1087
-976
-579
-11
228
181
223
551
903
1005
1045
1118
1002
765
660
726
750
451
47
-197
-298
-499
-737
-877
-1001
-1156
-1331
-1406
-1370
-1356
-1382
-1266
-985
-684
-552
-560
-446
-67
410
717
851
886
996
1173
1373
1625
1782
1721
1541
1404
1387
1404
1394
1502
1670
1372
659
182
213
501
509
66
-472
-800
-1037
-1134
-975
-738
-787
-1141
-1360
-1136
-729
-496
-424
-319
-175
-94
-84
47
268
421
430
404
437
452
347
224
239
329
302
104
-60
-112
-102
-93
-137
-167
-126
-103
-112
-162
-150
-58
42
69
135
258
336
420
587
1133
1699
1561
933
765
1349
1929
1759
1035
610
596
359
-39
-179
-208
-624
-1384
-1876
-1700
-1479
-1830
-2278
-2250
-2031
-1945
-1917
-1736
-1436
-1329
-1234
-809
-199
68
56
128
445
795
982
1123
1269
1188
933
844
973
1017
780
369
90
-26
-271
-516
-655
-802
-1044
-1284
-1393
-1362
-1344
-1397
-1350
-1135
-939
-822
-651
-416
-155
71
341
665
924
1053
1137
1312
1543
1698
1695
1661
1632
1545
1422
1338
1382
1554
1564
1054
431
153
213
357
266
-125
-620
-994
-1199
-1157
-906
-778
-976
-1282
-1285
-979
-690
-495
-352
-222
-144
-89
17
213
378
413
425
465
530
503
360
246
250
304
283
183
60
-78
-189
-237
-133
4
11
-111
-226
-206
-27
126
136
54
34
175
374
481
526
831
1432
1603
1139
695
935
1638
1829
1283
679
530
404
56
-231
-215
-340
-970
-1659
-1782
-1548
-1672
-2061
-2163
-1891
-1724
-1864
-1920
-1667
-1384
-1194
-876
-409
-103
-151
-230
60
590
921
1008
965
888
713
653
805
976
878
418
16
-143
-214
-331
-478
-628
-791
-1051
-1253
-1246
-1161
-1145
-1168
-1086
-900
-694
-582
-498
-246
62
334
549
748
927
1055
1162
1358
1547
1657
1642
1578
1540
1481
1391
1334
1426
1670
1584
922
380
239
452
589
418
-84
-651
-1039
-1204
-966
-680
-745
-1167
-1471
-1338
-971
-710
-555
-455
-399
-346
-259
-48
175
265
263
360
506
509
386
239
240
397
455
356
224
20
-184
-251
-86
112
85
-264
-504
-425
-192
-51
-70
-141
-198
-101
40
226
418
586
1070
1630
1547
925
657
1291
2126
2138
1287
624
583
502
208
73
144
-205
-1131
-1836
-1714
-1352
-1548
-2016
-2127
-1954
-1963
-2173
-2070
-1661
-1414
-1343
-1094
-654
-414
-475
-383
121
663
848
823
860
868
793
832
1074
1220
917
360
67
124
135
-55
-310
-527
-749
-1041
-1225
-1138
-1058
-1128
-1251
-1205
-1009
-881
-858
-746
-384
0
222
310
450
702
959
1196
1401
1571
1623
1589
1615
1663
1666
1589
1519
1476
1386
1232
1146
1082
888
629
369
255
206
5
-367
-694
-856
-918
-954
-1001
-1043
-1117
-1177
-1118
-953
-740
-591
-514
-444
-341
-177
-5
96
158
237
295
297
278
275
326
354
335
255
134
34
-26
-11
13
-21
-153
-247
-226
-158
-133
-96
-62
-64
-59
-53
62
205
265
254
340
783
1404
1524
993
568
951
1774
2006
1445
722
549
582
385
206
211
26
-697
-1429
-1526
-1180
-1221
-1714
-2024
-1920
-1835
-1998
-2063
-1804
-1549
-1488
-1354
-973
-635
-586
-555
-234
281
556
575
595
649
634
602
757
959
927
558
158
38
97
74
-52
-237
-460
-720
-941
-937
-811
-805
-921
-997
-948
-824
-720
-581
-370
-115
71
214
396
594
813
1014
1240
1461
1604
1637
1619
1622
1616
1615
1639
1601
1447
1163
936
1061
1297
1034
445
47
36
200
109
-241
-606
-841
-1017
-1039
-905
-818
-967
-1261
-1324
-1028
-747
-600
-589
-560
-478
-362
-225
-82
51
63
97
163
205
155
116
118
190
240
177
22
-62
-109
-73
27
5
-118
-254
-233
-78
107
154
48
-37
-42
122
344
426
382
255
326
681
1310
1691
1350
731
633
1283
1931
1833
1092
548
500
500
408
313
117
-369
-1106
-1483
-1280
-1122
-1483
-2011
-2156
-2034
-2003
-2094
-2022
-1803
-1708
-1625
-1328
-909
-733
-746
-630
-240
149
323
353
430
502
522
651
850
944
724
436
346
410
413
235
82
-58
-248
-472
-589
-546
-579
-745
-845
-754
-640
-591
-609
-531
-289
-46
152
311
501
693
878
1088
1293
1475
1556
1612
1637
1653
1655
1636
1577
1474
1321
1113
932
862
928
1029
753
233
-69
-139
-30
-70
-338
-711
-967
-1125
-1178
-1079
-977
-1076
-1251
-1276
-1102
-896
-805
-714
-601
-498
-420
-340
-205
-61
-17
3
63
130
171
143
122
115
114
74
54
43
29
18
13
-13
-38
-30
-17
69
156
177
133
42
67
224
433
535
487
405
399
606
1122
1709
1789
1197
652
929
1757
2157
1616
779
417
410
294
118
46
-190
-826
-1557
-1784
-1548
-1566
-1968
-2247
-2188
-2082
-2198
-2279
-2082
-1781
-1619
-1450
-1086
-825
-772
-766
-512
-18
343
438
415
422
441
566
800
983
949
664
392
325
412
407
278
56
-185
-350
-440
-450
-442
-515
-619
-600
-481
-378
-287
-209
-88
105
325
533
720
878
983
1084
1235
1426
1596
1693
1658
1531
1405
1383
1442
1460
1356
1080
706
481
416
427
352
144
-66
-44
3
-334
-629
-660
-523
-367
-499
-811
-1012
-1077
-1059
-934
-748
-687
-867
-1074
-1028
-753
-513
-394
-375
-382
-441
-463
-384
-211
-49
-88
-196
-292
-309
-306
-240
-112
-21
0
-84
-124
-46
81
232
369
402
408
371
332
435
669
878
842
708
656
755
911
885
808
790
852
913
1100
1445
1472
997
526
677
1272
1514
963
180
-141
-124
-188
-330
-450
-712
-1279
-1878
-2009
-1726
-1610
-1903
-2230
-2284
-2146
-2076
-2037
-1829
-1582
-1458
-1333
-1091
-803
-620
-523
-321
4
321
392
403
437
510
643
794
888
835
687
520
504
592
616
522
370
215
84
-11
-11
35
31
-57
-106
-47
19
62
66
192
387
509
546
563
699
873
939
1005
1128
1226
1221
1133
1048
1020
1035
1036
990
900
705
413
262
232
274
208
-10
-212
-372
-387
-218
-71
-278
-602
-745
-619
-383
-378
-658
-886
-880
-823
-750
-720
-784
-939
-1037
-945
-749
-625
-687
-786
-807
-675
-442
-347
-351
-406
-424
-293
-74
111
123
93
178
342
568
677
709
736
739
840
984
1071
1008
828
706
719
795
762
586
394
326
352
365
287
217
188
190
224
326
681
1073
1014
504
184
523
1101
1175
617
25
-91
-71
-280
-519
-581
-743
-1260
-1852
-1978
-1771
-1746
-2054
-2324
-2302
-2210
-2212
-2194
-1965
-1719
-1575
-1438
-1123
-754
-547
-411
-114
311
643
811
915
1011
1108
1249
1461
1645
1607
1376
1169
1150
1230
1212
1052
805
544
303
156
85
-11
-166
-355
-453
-449
-441
-448
-470
-488
-340
-118
20
98
102
181
414
711
949
1046
1034
979
989
1110
1255
1349
1275
1062
851
720
650
569
459
276
52
-175
-411
-561
-654
-693
-606
-584
-810
-1119
-1287
-1175
-901
-721
-816
-1060
-1225
-1183
-968
-693
-508
-507
-578
-590
-426
-195
30
153
170
169
225
298
352
383
413
453
489
473
384
318
297
332
392
435
402
292
202
224
318
389
370
278
216
222
213
225
273
315
315
288
300
341
397
398
387
451
506
533
689
938
860
378
-35
144
657
705
54
-692
-871
-769
-840
-1054
-1131
-1256
-1678
-2160
-2188
-1731
-1469
-1667
-1942
-1835
-1520
-1338
-1214
-944
-590
-354
-263
-29
364
660
730
845
1142
1406
1423
1291
1247
1281
1307
1263
1201
1069
816
507
350
347
295
74
-204
-387
-462
-528
-565
-569
-569
-596
-613
-549
-387
-242
-215
-146
56
333
502
548
561
669
831
971
1038
1048
1030
917
791
743
764
758
600
347
144
9
-116
-240
-356
-421
-540
-701
-854
-915
-824
-690
-473
-361
-510
-668
-622
-299
76
217
89
-74
-92
25
152
331
362
213
38
-23
51
117
130
18
-92
-200
-246
-297
-309
-317
-333
-350
-369
-400
-390
-300
-150
2
64
91
147
267
385
479
598
694
690
619
525
512
566
562
480
364
211
19
-129
-139
-64
-89
-259
-484
-519
-440
-392
-387
-254
84
259
26
-360
-275
331
801
647
143
-79
123
264
157
70
97
-37
-396
-678
-604
-419
-528
-853
-970
-818
-760
-867
-971
-873
-678
-567
-488
-379
-269
-218
-206
-51
192
368
415
390
392
442
566
685
734
664
576
533
509
468
415
395
367
258
80
-76
-135
-144
-216
-288
-323
-373
-454
-543
-551
-449
-349
-325
-331
-296
-210
-123
-31
99
236
347
358
354
385
498
650
763
766
689
593
527
569
652
699
617
453
310
233
231
305
464
570
282
-154
-289
-85
191
170
-191
-543
-617
-521
-488
-448
-441
-557
-694
-752
-621
-457
-369
-388
-447
-437
-339
-222
-154
-95
-83
-61
-9
59
97
90
98
92
126
149
142
93
9
-28
22
56
32
-64
-179
-229
-214
-117
-101
-148
-195
-215
-187
-107
0
97
121
133
203
345
498
533
527
594
741
945
1249
1352
1046
654
632
1060
1418
1167
542
159
139
114
-40
-116
-171
-457
-1023
-1408
-1278
-991
-1027
-1339
-1520
-1449
-1372
-1344
-1269
-1070
-880
-818
-697
-497
-342
-294
-207
14
303
457
434
361
286
338
476
642
646
419
146
31
112
152
93
-52
-205
-357
-487
-501
-418
-406
-495
-548
-507
-390
-322
-299
-259
-145
41
207
330
399
441
521
645
829
984
1056
1036
971
922
1001
1139
1179
1081
894
748
670
629
569
518
424
312
158
80
137
180
37
-180
-249
-122
-40
-184
-456
-627
-547
-428
-438
-508
-644
-825
-894
-804
-608
-529
-640
-798
-856
-761
-591
-482
-440
-470
-508
-459
-332
-189
-110
-85
-48
32
98
150
164
164
212
266
316
386
366
312
285
335
450
488
440
363
317
307
335
345
359
339
260
179
172
249
293
303
304
321
359
382
358
370
426
493
603
799
867
633
300
255
600
879
663
122
-172
-136
-124
-316
-459
-516
-663
-1068
-1396
-1354
-1159
-1211
-1491
-1629
-1549
-1467
-1546
-1587
-1432
-1201
-1100
-1025
-890
-713
-596
-508
-307
5
220
265
267
310
443
634
795
852
796
693
663
722
778
740
635
539
444
360
303
265
204
153
109
107
117
47
2
22
134
225
232
228
226
285
335
410
490
590
645
632
606
565
618
694
767
753
628
493
423
401
366
286
194
81
-52
-187
-319
-403
-436
-397
-330
-320
-469
-715
-828
-652
-386
-261
-417
-674
-784
-720
-553
-395
-327
-415
-559
-598
-484
-289
-172
-127
-118
-86
-12
53
116
159
255
365
469
489
416
321
303
424
559
604
484
303
170
185
287
379
370
217
29
-97
-106
11
115
67
-64
-196
-255
-212
-174
-118
-72
-99
-171
-217
-154
-57
12
38
63
137
151
116
100
178
304
397
484
536
414
170
29
178
487
509
140
-255
-408
-382
-399
-470
-529
-603
-837
-1139
-1234
-1078
-912
-978
-1108
-1105
-1034
-993
-963
-837
-619
-461
-388
-308
-178
-66
25
186
430
645
677
625
597
667
769
892
955
911
752
580
534
575
594
502
376
274
176
82
18
13
-16
-111
-210
-230
-176
-178
-185
-169
-98
-52
-41
-15
30
110
150
188
281
358
379
335
302
354
434
475
449
358
296
293
352
371
320
258
190
156
116
102
86
59
0
-76
-98
-109
-108
-73
40
66
-55
-232
-264
-120
54
38
-173
-298
-328
-252
-228
-238
-238
-310
-393
-416
-352
-267
-276
-346
-344
-283
-209
-203
-243
-262
-243
-188
-133
-120
-174
-232
-259
-199
-130
-102
-141
-176
-191
-158
-102
-65
-40
-96
-137
-99
6
64
19
-35
-45
44
116
164
162
171
200
254
312
359
420
459
472
462
473
526
590
601
545
496
488
496
513
488
464
469
439
316
172
114
131
140
2
-238
-398
-408
-373
-467
-642
-777
-812
-856
-924
-963
-926
-898
-983
-1032
-951
-806
-731
-723
-691
-552
-400
-319
-240
-133
1
102
184
277
347
411
416
467
553
597
608
580
568
547
578
597
584
511
429
401
391
383
316
257
193
164
127
61
10
-4
-20
-53
-69
-70
-66
-69
-46
20
92
116
103
125
216
311
359
353
329
303
319
327
328
302
267
232
161
75
-4
-60
-121
-199
-286
-349
-410
-465
-544
-601
-626
-621
-595
-517
-419
-359
-363
-435
-393
-258
-84
26
-3
-64
-114
-52
63
158
189
128
73
59
96
160
213
227
190
135
115
130
153
133
76
63
73
76
40
-40
-105
-97
-53
-20
-9
-68
-143
-174
-128
-12
48
28
-36
-84
-39
42
107
117
77
47
43
76
77
110
116
139
147
130
121
122
117
146
213
254
231
150
73
76
173
216
197
88
15
-33
-34
48
104
95
-21
-186
-205
-88
30
12
-147
-238
-236
-174
-168
-201
-239
-242
-254
-289
-292
-284
-296
-319
-294
-250
-218
-242
-294
-308
-235
-151
-70
-41
-57
-95
-96
-43
37
100
116
109
102
143
171
203
233
217
224
209
230
233
189
137
126
115
73
32
-44
-98
-140
-188
-202
-197
-223
-258
-292
-255
-226
-231
-219
-177
-128
-98
-65
-35
13
68
117
159
219
256
294
324
364
419
439
453
459
486
502
480
465
470
465
412
372
329
294
268
234
203
139
63
3
-44
-54
-25
66
147
40
-184
-316
-210
36
168
-9
-336
-487
-425
-283
-162
-180
-316
-494
-615
-606
-459
-310
-291
-413
-533
-532
-462
-329
-268
-273
-303
-292
-221
-159
-124
-99
-97
-48
48
134
168
133
116
142
256
354
396
351
273
264
291
376
399
355
293
222
220
257
304
286
250
199
162
177
213
245
236
193
181
190
213
221
163
105
87
131
148
114
27
-57
-93
-68
-34
-79
-184
-299
-354
-298
-269
-353
-467
-505
-479
-485
-553
-608
-602
-555
-582
-622
-600
-566
-530
-520
-487
-409
-359
-328
-305
-236
-166
-117
-67
-3
59
83
127
198
294
320
318
312
364
411
448
434
435
452
433
427
418
426
429
394
365
361
337
320
281
245
243
233
197
171
148
119
84
56
52
56
40
-2
-4
-5
-23
-19
-21
21
21
-25
-73
-89
-61
-14
-19
-53
-72
-83
-88
-96
-74
-52
-18
-20
-34
-51
-75
-70
-29
17
22
0
-4
-11
-7
10
43
95
125
104
-19
-69
6
124
187
121
-36
-141
-89
25
79
44
-58
-134
-133
-73
-26
-49
-97
-127
-111
-69
-68
-100
-122
-109
-87
-65
-69
-60
-98
-142
-152
-93
-39
-35
-98
-172
-165
-145
-105
-95
-91
-137
-157
-144
-113
-74
-94
-132
-121
-78
-46
-51
-61
-67
-54
-18
34
70
58
29
4
31
68
107
137
97
79
51
67
116
133
126
101
68
50
60
75
102
109
71
38
37
55
80
102
109
96
94
85
93
107
134
164
166
136
128
141
161
169
147
116
81
54
45
56
34
8
-32
-79
-116
-138
-137
-136
-162
-205
-246
-263
-291
-289
-266
-278
-268
-262
-290
-291
-286
-239
-180
-145
-128
-135
-121
-76
-32
-3
37
73
92
82
92
134
166
172
163
162
164
162
150
153
147
128
104
91
96
64
39
5
24
56
70
83
83
84
86
108
158
212
224
205
198
222
247
248
226
208
188
188
177
156
145
98
34
-19
-49
-51
-75
-125
-184
-218
-238
-242
-244
-248
-249
-258
-259
-267
-236
-208
-178
-153
-118
-101
-60
7
53
65
60
109
182
213
179
127
102
129
160
144
81
31
-50
-79
-73
-72
-97
-175
-233
-253
-234
-211
-230
-260
-262
-259
-243
-228
-192
-143
-129
-129
-115
-72
-8
17
44
67
99
131
149
172
197
203
186
197
222
235
211
181
174
186
183
172
132
108
100
79
98
91
79
32
22
21
13
24
6
-5
-3
-5
-14
-30
-27
-33
-61
-65
-64
-42
-51
-85
-87
-74
-58
-30
-13
-5
-7
2
0
21
54
89
79
66
56
61
97
104
94
75
64
53
52
33
2
-34
-84
-119
-148
-161
-185
-251
-293
-318
-313
-319
-346
-360
-386
-380
-346
-309
-277
-248
-220
-172
-107
-53
13
80
134
184
210
249
311
356
373
370
379
394
389
368
337
311
294
247
215
190
153
107
65
25
-31
-67
-121
-146
-156
-162
-174
-215
-255
-261
-248
-214
-179
-163
-173
-174
-153
-123
-83
-26
30
43
44
43
68
103
146
155
157
164
157
156
151
148
148
150
142
106
86
59
64
63
54
45
12
-9
-55
-57
-39
-36
-20
-36
-49
-46
-48
-44
-43
-7
37
49
51
22
9
40
97
102
109
89
51
60
78
131
156
158
128
61
22
17
59
84
60
-7
-105
-150
-150
-110
-99
-154
-208
-263
-265
-229
-199
-232
-265
-272
-240
-209
-197
-201
-197
-166
-136
-85
-58
-23
-39
-53
-31
15
85
100
69
46
34
65
108
108
97
66
48
55
51
58
36
17
-4
-12
-10
5
16
-3
-16
-15
6
13
15
19
46
55
69
78
80
87
114
130
139
142
148
166
155
133
132
142
160
150
123
98
65
59
53
49
47
26
-7
-45
-55
-42
-57
-86
-116
-121
-146
-134
-160
-178
-170
-173
-181
-191
-190
-189
-197
-184
-151
-137
-110
-120
-107
-88
-66
-18
13
33
43
65
83
127
143
146
154
145
144
137
136
124
124
106
85
83
61
23
1
-17
-3
-5
-18
-52
-83
-76
-67
-50
-40
-31
-25
-29
-22
5
39
60
76
89
120
127
147
139
142
159
150
130
99
52
44
41
20
0
-49
-77
-125
-134
-140
-148
-156
-186
-201
-224
-227
-207
-183
-168
-166
-156
-128
-94
-60
-37
-11
38
69
94
101
129
153
179
178
166
186
182
173
145
145
139
143
109
75
64
36
21
4
-20
-26
-52
-56
-67
-67
-59
-62
-38
-41
-47
-50
-31
-13
-4
0
11
18
28
31
24
39
37
46
53
55
55
29
35
33
48
25
5
-20
-22
-24
-30
-22
-45
-61
-100
-126
-126
-123
-111
-100
-115
-117
-112
-91
-65
-55
-43
-41
-49
-47
-31
-14
1
5
-1
15
9
11
17
11
25
25
22
25
4
-2
3
8
12
7
-4
4
13
17
18
18
27
26
33
22
34
39
46
33
53
56
54
37
5
7
25
30
33
23
9
-19
-22
-13
-4
11
-29
-52
-63
-47
-42
-56
-65
-68
-60
-56
-60
-60
-74
-75
-84
-62
-77
-77
-82
-78
-66
-59
-54
-46
-45
-45
-47
-26
9
17
29
15
27
35
59
96
106
110
110
117
147
174
201
221
226
233
228
241
235
241
245
227
227
199
180
152
119
120
106
80
40
2
-4
-27
-41
-50
-81
-97
-118
-128
-125
-135
-141
-131
-129
-142
-134
-122
-119
-120
-132
-120
-105
-92
-82
-79
-93
-83
-82
-70
-57
-54
-75
-103
-87
-83
-74
-93
-122
-126
-114
-114
-116
-115
-122
-139
-160
-151
-134
-117
-113
-130
-131
-127
-110
-83
-66
-53
-47
-29
0
6
36
46
57
73
105
127
126
132
138
145
155
161
165
165
153
149
145
141
135
123
105
86
78
94
86
79
54
36
31
32
54
52
61
44
42
52
65
74
73
76
77
86
97
110
107
97
103
100
95
91
47
35
21
14
20
-5
1
-26
-52
-64
-70
-61
-66
-72
-73
-66
-81
-74
-70
-58
-37
-48
-45
-45
-36
-30
-22
-14
-22
-18
-23
-13
-2
-8
-19
-40
-26
-34
-28
-41
-56
-57
-71
-79
-90
-99
-117
-105
-121
-106
-98
-106
-119
-116
-103
-96
-90
-69
-60
-69
-60
-53
-36
-15
-28
-21
-11
-22
-8
-12
-6
-12
-19
-28
-29
-29
-36
-35
-47
-38
-40
-45
-40
-47
-31
-23
-10
6
7
29
43
60
87
105
126
135
134
146
151
166
176
172
181
175
172
160
156
155
137
101
95
84
76
39
9
4
-20
-29
-41
-41
-43
-72
-86
-82
-65
-55
-51
-64
-53
-44
-18
1
-5
13
27
25
39
57
52
50
46
49
48
46
43
40
27
3
-21
-13
-3
4
-16
-32
-40
-49
-45
-44
-47
-54
-46
-37
-29
-31
-16
-5
1
25
33
28
28
34
46
52
56
50
31
12
10
6
-3
-7
-28
-26
-38
-57
-74
-100
-90
-93
-88
-96
-95
-117
-118
-109
-111
-98
-104
-115
-116
-113
-97
-78
-62
-55
-38
-30
-28
-4
9
25
37
36
46
56
67
84
94
97
79
69
71
74
65
55
54
51
44
27
20
16
10
2
-18
1
-9
-11
-13
-38
-34
-29
-14
-11
-13
-16
-20
-1
13
16
26
32
46
41
40
48
59
67
63
61
50
45
35
31
33
42
39
0
-6
-15
-10
-10
-20
-23
-33
-27
-33
-35
-25
-25
-15
-13
-17
-13
-3
6
23
45
49
43
57
71
80
79
86
83
95
94
83
85
68
80
66
47
44
41
32
17
14
-1
-22
-27
-36
-41
-44
-47
-65
-81
-93
-94
-90
-82
-77
-89
-95
-101
-82
-85
-82
-74
-90
-85
-80
-78
-80
-81
-79
-72
-61
-68
-61
-63
-52
-47
-49
-45
-61
-55
-59
-42
-42
-31
-39
-38
-31
-34
-25
-20
0
4
20
23
31
44
43
54
60
83
80
85
93
85
103
110
96
93
91
90
86
86
84
74
62
58
57
61
51
42
24
14
12
4
7
-6
-23
-35
-30
-24
-20
-2
-4
-11
-6
3
20
28
32
39
38
36
38
53
57
38
40
19
20
8
-9
-13
-25
-35
-34
-29
-46
-54
-63
-66
-62
-61
-49
-56
-58
-58
-52
-29
-19
-15
-6
-3
10
22
25
36
48
66
55
52
52
62
59
54
50
34
34
37
37
27
16
7
3
3
0
-12
-22
-24
-21
-35
-56
-61
-72
-77
-65
-62
-59
-86
-84
-93
-81
-73
-76
-81
-81
-88
-92
-80
-85
-69
-82
-74
-71
-73
-56
-54
-43
-48
-34
-25
-22
-11
-6
4
23
40
50
63
69
79
88
102
116
125
116
108
98
101
114
115
114
105
105
109
103
97
92
79
64
54
48
43
33
19
-7
-26
-35
-47
-50
-59
-69
-64
-67
-62
-60
-51
-44
-28
-21
-3
7
1
-8
-8
2
12
19
13
18
12
11
4
-8
-6
-7
-21
-35
-53
-55
-66
-65
-53
-43
-44
-41
-34
-26
-3
5
12
29
40
53
64
68
74
92
90
73
70
72
72
71
58
67
56
46
40
21
10
-8
-14
-25
-31
-47
-71
-71
-81
-86
-81
-99
-101
-100
-98
-105
-104
-93
-93
-83
-77
-58
-59
-54
-45
-30
-19
-19
-5
-6
-1
0
-10
-8
-3
2
-4
-13
-17
-30
-33
-37
-39
-43
-44
-40
-41
-34
-41
-50
-42
-30
-9
1
15
28
36
37
40
61
95
109
118
125
128
136
137
141
158
155
145
129
124
114
113
102
81
64
46
29
15
6
7
-4
-8
-27
-36
-45
-52
-51
-34
-26
-40
-51
-49
-45
-37
-7
-4
-4
-2
-9
-2
12
5
12
3
-5
-6
-20
-8
-14
-13
-26
-29
-43
-55
-46
-55
-59
-68
-74
-78
-83
-78
-79
-70
-45
-43
-31
-35
-26
-15
-6
16
26
35
34
33
30
38
45
34
41
41
43
27
10
12
3
4
-6
-9
-24
-33
-38
-39
-34
-35
-40
-49
-44
-50
-52
-48
-34
-29
-26
-24
-15
-11
-4
6
9
15
18
20
23
25
12
30
38
24
17
12
18
12
11
-1
-5
-9
-13
-11
-20
-13
-22
-12
-4
3
5
17
25
37
46
55
65
66
70
81
75
85
85
92
82
75
81
78
74
67
62
47
45
31
25
13
9
-7
-14
-16
-29
-36
-53
-57
-61
-64
-71
-74
-69
-70
-74
-70
-72
-72
-53
-55
-50
-41
-31
-29
-20
-12
-1
0
-7
-2
3
10
13
13
14
9
12
14
-1
1
6
12
9
0
3
13
1
8
18
20
28
25
25
26
25
16
17
11
9
12
17
13
1
1
5
3
-3
2
-6
-11
-24
-21
-25
-33
-37
-48
-55
-53
-61
-62
-66
-58
-61
-59
-47
-55
-50
-60
-50
-35
-25
-22
-17
-14
-7
7
12
18
23
27
30
38
38
32
37
40
43
40
39
35
40
41
41
36
35
37
28
32
40
35
34
31
33
19
12
17
28
29
23
19
12
19
21
16
16
8
2
6
13
22
28
27
17
11
15
17
17
15
16
29
26
15
9
5
8
-7
-8
-23
-26
-33
-39
-44
-55
-44
-44
-46
-59
-52
-55
-50
-45
-42
-38
-45
-38
-39
-26
-10
-11
4
0
-3
1
10
19
14
3
7
2
8
16
21
11
5
8
12
9
9
16
5
6
5
1
9
10
1
3
-3
-3
-12
-14
-13
-7
-5
-13
-13
-14
-8
-10
-14
-17
-13
-4
-2
-8
-19
-13
-11
-16
-7
-9
-15
-15
-8
-18
-14
-8
-20
-21
-28
-12
-12
-6
1
-9
4
13
15
17
27
23
20
24
23
27
24
29
27
26
17
13
16
15
20
23
25
20
23
18
25
31
33
28
36
30
23
25
16
28
19
19
13
8
6
5
6
2
-6
-4
-6
-5
-2
-4
-3
1
9
-2
3
2
-2
12
4
11
12
-1
-1
-10
-6
-1
-5
-2
-4
-16
-20
-29
-26
-17
-17
-14
-24
-37
-40
-35
-32
-27
-20
-20
-11
-22
-15
5
16
26
24
25
26
17
20
29
22
21
11
9
5
-5
-6
-13
-20
-20
-28
-30
-38
-41
-40
-36
-34
-42
-38
-42
-33
-44
-45
-33
-42
-35
-35
-28
-30
-25
-17
-10
2
-2
10
2
11
18
17
19
21
18
10
21
25
24
19
21
28
31
23
29
22
35
35
40
46
40
43
46
51
50
52
46
54
43
40
38
41
37
31
33
17
15
9
5
1
0
-3
-11
-22
-28
-25
-26
-35
-45
-35
-40
-45
-49
-61
-56
-56
-49
-37
-39
-38
-32
-35
-24
-16
-11
-21
-19
-15
-22
-9
-17
-14
-19
-22
-24
-22
-15
-19
-21
-15
-5
7
8
-5
4
5
19
20
41
36
26
36
43
49
53
44
44
42
41
47
36
44
34
31
26
21
21
13
10
-2
1
-7
-13
-10
-17
-21
-22
-19
-22
-20
-13
-14
-27
-20
-18
-23
-7
-15
-11
-9
-5
-6
-2
-7
-12
-10
-10
-7
-10
-21
-22
-16
-21
-17
-19
-24
-28
-24
-19
-19
-14
-9
-10
-6
-6
1
-2
1
8
10
19
10
10
13
16
19
24
29
29
26
25
30
29
36
31
37
33
27
32
21
28
24
27
23
16
7
3
9
2
4
7
-6
-3
-11
-3
7
-1
4
0
-3
-8
-9
-8
1
-6
-6
0
-9
2
-22
-17
-15
-15
-2
-15
-24
-24
-21
-14
-10
-19
-15
-11
-13
-9
-5
-6
-8
-3
2
-7
8
10
8
2
-6
4
5
12
22
26
22
17
19
12
17
8
4
3
-2
0
-17
-18
-25
-26
-25
-27
-31
-32
-35
-34
-37
-34
-33
-34
-22
-21
-21
-14
-11
-10
-9
-10
-7
-3
2
10
8
-1
-5
0
0
12
19
16
10
10
21
23
25
21
22
25
29
13
17
21
20
22
22
14
21
19
19
25
24
25
21
24
25
18
11
18
26
30
33
31
27
22
23
18
10
5
-2
2
1
-11
-17
-18
-22
-23
-24
-28
-32
-33
-31
-34
-39
-38
-48
-44
-45
-45
-37
-43
-35
-37
-38
-36
-43
-36
-28
-24
-20
-17
-19
-15
-10
-14
-11
-9
-12
-2
0
5
15
8
12
17
14
26
30
28
27
23
27
31
30
32
23
28
19
24
31
21
25
24
21
19
17
14
13
0
-2
-3
-5
-15
-21
-29
-29
-32
-32
-19
-14
-9
-11
-4
7
19
21
34
38
39
46
52
52
40
40
32
32
30
30
24
22
17
13
11
10
3
-1
-3
-11
-18
-22
-27
-28
-28
-40
-45
-49
-48
-52
-52
-54
-55
-50
-35
-32
-30
-24
-17
-10
-12
2
8
6
6
10
12
12
9
14
7
0
-6
3
1
0
-3
-10
-3
-3
2
-8
1
-10
3
7
7
2
5
20
13
14
12
13
18
16
15
16
9
18
25
29
29
24
25
31
25
28
24
14
19
7
8
12
15
8
6
-7
0
5
6
8
0
-3
-2
-6
4
8
2
14
9
4
6
17
8
5
8
-3
-6
-7
-11
-14
-20
-9
-8
-19
-19
-22
-20
-22
-24
-15
-16
-22
-19
-21
-16
-18
-24
-27
-22
-18
-25
-24
-18
-22
-12
-14
-10
-3
-1
8
-2
14
14
22
24
25
29
27
21
17
24
15
15
4
1
15
10
5
-3
-7
0
-4
-11
-5
-6
-8
-9
-6
-13
-8
0
-5
-11
-8
-5
-8
-13
-7
-6
-7
-15
-14
-13
-13
-9
-12
-11
-9
-12
-11
-13
-19
-13
-18
-18
-12
-16
-13
-5
-4
-5
-4
-4
-1
8
-1
7
4
2
7
1
5
5
3
4
5
8
8
4
9
9
7
18
13
16
19
12
15
9
21
12
15
15
5
19
8
7
5
36
111
175
141
18
-56
-40
34
29
-79
-203
-204
-131
-87
-100
-141
-123
-56
7
6
-24
-26
6
49
67
82
82
72
64
58
81
86
51
57
97
104
66
22
32
59
48
18
-5
8
27
27
7
-13
-10
3
-7
-34
-42
-29
-8
-45
-85
-83
-38
-23
-31
-38
-20
11
19
-2
-5
15
48
42
15
33
49
47
28
14
26
33
40
14
-10
-6
1
4
-14
-47
-56
-35
-17
-3
-23
-36
-32
-32
-26
-20
-24
-23
-34
-37
-38
-37
-35
-34
-29
-13
-2
4
3
9
2
-21
-13
0
15
13
-7
-22
-13
-4
-9
-2
-12
0
8
4
3
10
19
14
17
21
34
31
35
30
16
14
3
15
11
1
-7
-11
-9
-15
-17
-10
-8
-8
-12
-14
-12
-22
-10
-19
-8
5
0
17
15
-5
-2
-1
14
32
15
15
3
-4
2
1
10
19
24
12
8
18
15
18
12
8
4
-9
-10
-9
-16
-23
-26
-26
-12
-24
-11
-5
-3
-3
2
6
-2
16
11
17
2
6
7
13
17
14
17
7
10
3
-3
-5
-8
-19
-13
-11
-2
-7
-8
-18
-14
0
-8
-10
-13
-18
-17
-16
-10
-8
-3
-6
-2
13
16
10
3
16
12
12
7
-5
-1
-2
0
-2
-1
6
-2
-3
-10
-8
-1
13
3
-1
4
3
7
6
4
16
20
16
26
24
28
19
15
20
23
16
11
-2
-4
8
7
2
-7
0
8
14
8
0
-6
-3
7
6
-2
3
-4
-8
-9
-19
-21
-22
-25
-25
-21
-23
-30
-27
-15
-25
-28
-26
-23
-17
-21
-21
-25
-26
-13
-4
-6
-9
-16
-2
8
12
5
9
9
7
6
1
5
12
11
11
5
8
16
6
19
15
14
10
3
11
7
11
13
12
11
1
4
7
7
9
9
6
14
12
7
14
15
19
16
11
14
12
12
10
14
3
9
8
14
11
1
4
-4
-10
1
-1
-14
-24
-22
-15
-6
-13
-17
-19
-24
-12
-12
-17
-25
-22
-13
-2
10
0
1
-1
-2
2
-2
-1
-5
3
-6
-10
-3
-10
-6
-5
-12
-16
-21
-14
-15
-16
-17
-14
-10
-10
-15
-13
-6
-9
-5
-15
1
7
2
7
10
10
11
6
17
26
22
20
20
31
31
26
23
19
30
31
28
29
23
17
16
11
11
6
-3
-13
-11
-8
-8
3
-4
-5
4
4
-3
-5
-5
-17
-7
-6
-14
-5
-17
-13
-14
-7
-8
-12
-8
-2
-9
-12
-17
-14
-3
-14
-12
-16
-15
-12
-6
-8
-5
2
6
7
7
11
14
13
7
10
11
8
8
7
5
6
12
15
-1
-3
7
-2
1
-2
3
6
4
12
-4
2
10
2
-1
-5
-3
-1
2
3
0
6
6
7
8
12
8
2
-4
-2
-2
-1
-10
-8
-6
-6
-11
-26
-26
-19
-8
-13
-11
-22
-19
-9
-13
-16
-15
-20
-21
-18
-18
-9
-1
3
1
0
11
13
17
8
0
13
15
10
6
15
16
12
10
0
9
5
5
8
7
9
4
6
5
8
9
9
7
5
7
9
12
12
15
6
8
2
3
2
-5
-5
-6
-7
-7
-10
-6
-7
-2
7
-8
0
-5
-4
-7
-7
2
-8
-5
-3
-7
-5
0
-6
-10
-14
-2
-6
-6
-9
-12
-13
-5
-3
0
-6
-9
2
-2
7
-1
1
2
2
-3
-7
-4
-8
3
7
3
-5
0
1
1
9
6
7
1
11
16
0
6
9
11
17
19
16
24
28
29
17
17
11
15
10
12
10
7
8
-2
-1
-8
-12
-16
-17
-20
-12
-19
-12
-12
-9
-2
-10
-13
-14
-15
-18
-22
-21
-8
-4
-5
-14
-17
-19
-20
-12
-14
-6
-14
-10
-9
-10
-2
-9
-1
-8
-6
-1
1
-2
1
9
11
9
16
21
21
19
25
18
19
18
12
25
15
17
25
17
9
11
20
22
21
14
12
13
10
9
3
-4
-2
-2
-3
-3
-18
-9
-15
-15
-12
-12
-8
-14
-12
-19
-12
-4
-12
-11
-6
-5
4
-1
-3
1
5
9
3
4
3
6
2
-5
1
2
6
12
-1
-3
-9
-6
1
-2
0
-1
-3
-5
0
-1
-3
0
6
-4
-3
-4
-4
4
6
3
3
-2
2
4
-2
1
-6
1
-1
9
1
1
3
-4
5
3
1
-7
-15
-19
-16
-20
-22
-28
-29
-38
-26
-20
-30
-21
-26
-12
-6
0
-1
0
5
8
12
15
16
13
20
13
13
10
22
21
17
14
2
6
-1
-1
6
6
3
9
17
10
12
9
7
13
11
19
20
17
9
13
17
7
19
11
13
3
-1
-11
-12
-13
-23
-15
-19
-21
-17
-13
-17
-8
-9
-8
-3
-10
-9
-4
-7
1
-4
-7
2
-2
0
-4
-1
-2
4
13
13
6
8
8
13
13
13
20
10
2
5
4
8
8
6
10
5
5
5
-2
-4
-2
-6
-3
4
-2
-11
-15
-16
-15
-21
-16
-17
-17
-7
-14
-11
-6
-9
3
-2
4
8
3
1
-3
2
6
-3
-7
-9
-13
-13
-2
-2
-6
-11
-17
-8
-12
-6
-8
2
6
6
15
8
5
-4
2
9
19
15
13
10
8
16
19
17
13
16
19
15
9
11
15
12
11
12
11
4
0
0
-5
-5
0
-1
-4
-12
-9
-10
-8
-7
-11
-2
-1
2
-5
-4
5
5
10
9
3
9
1
13
3
3
0
-2
1
-3
2
5
3
-6
1
-3
3
1
0
-7
-2
-4
-6
-2
-3
-3
-12
-8
-16
-12
-8
-5
-10
-8
-5
-2
-4
-6
-2
3
6
6
14
6
6
4
5
-2
-6
0
-6
-4
-3
-3
-3
1
-3
-7
-12
-4
-3
-3
-5
-6
-6
-1
4
-3
-12
4
2
4
0
-4
-4
-6
5
-1
6
-3
-11
-8
-3
-8
-15
-11
-15
-10
-8
-8
-13
-14
-12
-11
-7
-11
-10
-5
-7
-7
-13
-8
-5
-4
-4
3
3
0
0
-2
5
8
7
13
15
12
13
9
10
10
13
15
19
17
19
24
27
25
28
22
17
12
16
14
21
16
8
13
14
15
5
-3
0
7
9
3
-3
-11
-8
-5
-12
-7
-12
-12
-7
-11
-2
4
-4
-3
-6
-4
-1
1
5
-1
5
6
-5
-7
-6
-7
-7
-6
-10
-9
-2
1
-2
-6
-11
-10
-8
-5
-7
-6
-9
-6
-4
9
3
-11
-10
-8
-10
-10
-9
-10
-10
-14
-13
-9
-14
-2
5
-3
0
-1
4
3
-1
3
0
2
7
-1
7
3
5
-2
-1
1
-2
5
0
-5
-2
-6
-11
-4
-3
-2
-3
-6
-5
-2
7
10
9
12
10
12
24
19
13
10
11
19
17
18
9
15
17
16
17
13
14
5
4
10
8
7
0
-7
0
5
0
-2
-5
-7
-5
-9
-10
-4
-6
-8
-2
-5
-6
-7
-8
-6
-2
3
-2
-1
-6
-6
-4
-7
-12
-9
-7
-9
-12
-13
-10
-9
-5
1
-7
-3
-5
-6
0
-1
1
3
-1
2
2
6
5
4
3
-3
1
3
2
6
3
6
1
1
-3
-8
-11
-7
-1
-9
-9
-2
-2
-5
2
2
6
11
9
8
9
6
8
7
6
2
2
-5
-5
-2
-15
-6
-11
-5
-6
-8
-2
1
1
-6
-12
-16
-15
-11
-13
-12
-10
-15
-6
-7
-2
0
-1
7
7
10
4
1
6
2
1
-3
2
0
5
7
2
7
4
5
7
9
8
14
11
8
4
5
4
4
-1
-2
1
-2
7
3
7
10
8
3
10
9
11
18
15
19
9
15
16
5
-1
-1
-5
2
1
-3
-2
-6
-7
-7
-8
-8
-7
-10
-6
-11
-7
-11
-10
-12
-15
-14
-10
-11
-12
-9
-12
-9
-13
-17
-17
-6
-7
-1
2
1
3
5
10
14
11
14
8
7
9
9
6
4
5
-7
1
0
-6
-5
-11
-10
-14
-11
-12
-4
-7
0
3
0
-8
-4
-1
-4
2
-7
2
-1
9
7
11
14
11
13
16
19
20
19
18
17
8
14
4
8
11
0
3
-6
1
0
0
9
-4
-5
-2
-3
-1
-3
-1
2
2
7
7
4
0
0
1
4
7
1
-1
2
-3
3
-1
2
3
0
3
-6
-5
-1
3
1
-5
-3
-5
2
-9
-8
-4
-10
-8
-5
-10
-6
-5
-15
-3
0
-3
-5
-7
0
-5
-2
-4
-3
-1
-10
-4
-9
-8
-7
-6
-3
-7
-3
1
-5
-6
-11
-12
-4
-5
2
0
0
7
12
11
10
8
5
8
16
8
10
7
9
9
9
1
5
4
5
1
-6
-3
-8
4
0
2
-3
0
-1
-6
-4
-6
-3
-3
-3
-8
-11
-5
0
-4
-15
-11
-5
-2
-11
-6
-3
-7
-3
-9
-2
-7
-3
5
1
2
4
1
-4
1
-1
-3
0
0
0
0
0
1
2
-2
6
4
4
1
7
6
4
6
2
3
5
7
9
6
11
11
13
11
13
14
10
11
14
12
12
9
2
12
11
7
4
6
4
3
5
-7
-6
0
1
-2
-10
-12
-13
-11
-10
-11
-7
-11
-12
-11
-9
-9
-8
-8
-9
-8
-12
-10
-7
-4
-6
-4
-6
-5
-6
-2
0
-5
-6
-6
-7
1
-7
-8
-11
-22
-14
-15
-8
-13
-16
-10
-15
-12
-3
-1
-1
-11
-9
0
-6
6
8
8
14
7
9
10
10
7
4
0
4
5
8
6
3
4
7
13
14
9
10
6
14
17
13
15
10
12
16
13
14
16
17
18
16
9
10
9
13
10
9
10
6
10
11
9
5
9
0
6
7
8
5
3
12
3
8
3
-1
-2
-7
-3
-6
-6
-8
-7
-14
-14
-8
-9
-8
-7
-5
-6
-2
-2
-2
2
-1
-2
-4
-4
-11
-11
-10
-16
-10
-9
-8
-14
-10
-9
-14
-11
-5
-6
-6
-3
-9
-7
