SAMPLES:	13896
BITSPERSAMPLE:	16
CHANNELS:	1
SAMPLERATE:	16000
NORMALIZED:	FALSE
-6
-3
-10
-4
0
3
-2
-7
-8
-3
-4
-3
-3
0
-6
-7
-3
-4
-5
-5
-7
-6
-5
-9
-7
-13
-13
-8
-9
-13
-11
-13
-6
-10
-11
-1
-5
0
-1
-6
3
0
0
-1
2
5
-3
0
-1
1
3
3
10
9
6
9
9
9
13
4
4
3
4
6
4
8
3
5
3
3
-2
2
-1
-4
0
-2
-6
-5
-4
-4
1
2
-3
-4
2
9
5
5
6
6
11
6
5
7
2
7
4
6
8
6
4
-3
4
1
3
1
-4
1
-2
3
-1
-6
-3
-4
1
1
-2
-2
-5
1
-4
-3
-1
-2
-1
-4
-4
-2
-1
0
-6
-3
2
-2
3
-2
2
3
-1
0
-8
-3
-8
-5
-1
-2
-5
-11
-9
-1
-1
-3
-2
-4
-3
0
-3
4
7
9
6
6
8
-1
2
1
6
2
2
4
5
5
8
5
4
6
6
9
5
8
4
2
7
6
4
6
4
5
6
7
7
6
7
4
5
0
2
3
4
3
7
9
8
5
4
7
3
14
6
9
4
5
13
7
6
3
4
7
4
-1
-2
1
-3
-2
-3
-8
1
-6
-4
-3
-2
-5
-4
-3
-10
-3
-8
-4
-7
-7
1
-9
-7
-7
-8
-8
-9
-6
-8
-11
-7
-4
-5
-6
-9
-6
-7
-5
-5
-6
-7
-7
-10
-8
0
-5
-1
-6
-5
0
4
1
1
-1
4
6
3
7
5
5
6
7
2
9
7
9
9
8
9
4
6
8
-1
4
2
1
4
2
4
0
-3
-2
-6
-6
-5
-8
-7
-5
-13
-10
-8
-2
-7
-4
-11
-7
-2
-13
-5
-10
-7
-4
-1
-3
-3
0
-3
-5
-3
-6
-4
-4
-5
-1
-7
-7
-6
-6
-6
-7
-3
-5
0
-3
-3
2
-3
3
0
-2
0
3
-4
-3
-1
-4
-2
-7
-9
-8
-5
-4
-8
-1
-2
-2
-1
4
3
-1
1
1
-1
-1
-3
-4
-2
-4
-7
-5
-1
-6
-2
3
5
0
2
5
-3
3
2
6
2
6
2
0
0
0
3
-1
2
5
6
9
10
10
17
12
12
11
13
10
6
11
4
12
14
10
8
4
5
5
13
11
12
11
15
11
8
10
10
9
8
10
5
10
10
11
8
7
5
0
-3
-2
-2
-1
-3
-4
-9
-7
-5
-3
2
1
4
2
4
3
0
2
0
-4
0
2
-1
3
-2
-4
-2
-2
-1
-9
-4
-6
-3
-3
-5
0
-8
-4
-8
-5
-10
-1
-5
-8
-2
-10
0
-7
-2
-3
-3
-5
-5
-4
-1
-2
-2
-2
-3
-5
-2
-2
-2
-1
-3
-1
-3
1
6
-1
2
0
2
1
2
6
2
5
10
13
4
6
5
7
11
6
6
5
8
8
10
9
3
4
-1
3
-2
-5
-1
5
-2
-2
-2
-1
-2
-3
-8
-10
-6
-9
-8
-10
-9
-11
-7
-7
-6
-4
1
0
4
-2
-6
-2
-7
-1
-7
-6
-6
-5
-5
-4
-6
-3
-4
-6
-2
-6
-9
-9
-2
-7
2
-3
-4
1
-3
1
0
2
1
0
1
3
6
1
-3
3
0
-4
0
-5
-3
2
-1
0
2
8
4
1
4
4
2
-1
3
2
1
4
9
5
7
3
6
-1
0
1
-2
2
-3
0
-9
-3
-2
-3
-7
-9
-4
-5
-6
-13
-5
-10
-6
-9
-10
-5
-6
-5
-3
-4
-3
-1
1
1
0
-7
-9
-7
-8
-7
-7
-14
-9
-7
-10
-10
-8
-5
-7
-1
-6
-5
-7
0
-3
0
-1
1
3
3
5
8
10
3
11
6
9
12
10
17
11
9
10
7
13
10
14
13
13
15
16
16
16
10
9
11
5
8
6
5
2
4
2
9
3
6
6
6
3
4
6
4
5
2
6
4
5
8
4
4
4
-2
4
2
0
2
0
2
2
0
0
-1
-1
1
2
2
-2
2
-2
3
2
4
0
5
2
4
3
0
5
-8
-2
-1
-2
-2
-2
-4
-1
0
-3
-3
-2
2
3
-2
2
4
1
0
-2
4
-2
-2
-4
-4
-3
0
0
0
3
-2
-1
-3
3
2
1
-2
-1
-5
-9
-8
-6
-7
-14
-13
-13
-12
-8
-9
-9
-8
-7
-6
-9
-10
-6
-10
-4
-6
-4
-9
-8
-7
-5
-4
-4
3
-1
-1
0
5
3
2
6
4
3
4
3
5
3
7
7
5
5
6
3
5
-3
-7
-1
2
3
-3
-3
-3
-6
-3
0
1
-2
0
2
1
7
-2
3
2
3
0
0
-1
-5
-4
-7
-6
-8
-3
-5
-4
0
-4
-4
1
-2
-3
-1
-1
-9
0
-2
2
-1
-6
2
1
0
-5
1
0
2
0
1
1
-1
-1
-4
4
4
4
-1
-3
-5
-4
0
-7
-3
-8
-5
-1
0
-1
-1
-1
1
3
3
2
2
-1
-1
0
2
-1
0
6
5
7
3
-2
6
4
1
3
-1
-2
-1
-5
-3
-4
-4
1
-2
-4
-6
-5
-7
-6
-2
-2
2
-2
6
2
8
4
4
6
3
5
3
2
-2
0
3
4
1
-1
-4
-4
-3
0
1
5
0
2
5
0
1
2
4
6
7
1
1
-1
-1
2
5
6
7
5
2
8
8
8
6
6
10
8
9
11
10
8
7
4
5
2
-5
-4
-5
3
-4
1
3
4
4
2
1
-2
-6
-3
-1
0
2
1
2
-1
-2
-3
0
4
0
2
1
4
7
-1
2
1
3
2
3
3
2
0
6
2
4
5
4
9
7
8
7
2
6
0
2
-1
1
4
-4
2
3
2
4
4
6
-1
-1
-1
-4
-4
-4
-8
-18
-16
-18
-21
-16
-25
-14
-16
-13
-10
-11
-11
-10
-8
-10
-5
-4
-5
-5
-6
-10
-4
-3
-6
-10
-8
-12
-6
-9
-3
4
2
3
5
3
3
6
7
4
6
9
4
10
7
7
6
4
7
15
13
7
9
7
14
12
15
12
9
13
15
15
12
9
6
2
4
4
0
2
0
0
-4
-8
-4
-7
-5
-4
-1
-4
-4
-7
-6
-8
-11
-11
-9
-7
-6
-8
-10
-10
-7
-8
-7
-7
-1
-1
-5
-2
-6
-8
-8
-14
-12
-11
-20
-15
-13
-12
-9
-13
-11
-10
-12
-7
-8
-4
-7
-10
-6
-9
-2
-3
-1
-1
-1
1
5
8
3
0
1
1
2
-3
-4
1
-4
-1
-2
4
0
6
5
1
10
5
6
9
6
9
5
2
5
3
10
8
8
12
10
9
8
12
13
3
2
6
5
0
-1
8
5
4
8
3
8
9
7
14
23
34
9
-1
11
13
8
6
1
0
3
3
-1
2
3
1
2
-2
2
5
5
-1
-3
4
2
-7
-3
4
3
3
2
4
1
2
6
4
4
4
7
5
3
1
2
0
0
-8
-4
-7
-11
-3
-14
-9
-15
-11
-14
-22
-14
-8
-7
-8
-11
-6
-5
-4
-4
0
2
-1
-2
2
3
3
6
5
4
-2
0
-3
1
2
0
-1
1
3
2
1
2
6
8
10
8
10
18
7
14
8
14
12
4
7
0
2
0
6
1
1
-4
2
-8
-5
-2
1
0
-2
5
-2
-2
-3
2
-4
-1
-6
-2
-2
-6
-7
-6
-3
-8
-6
-4
-5
-6
-3
-8
-10
-10
-2
-2
-5
-2
5
0
-7
-1
-2
-5
-9
-8
-6
-8
-11
-7
-9
-2
0
-6
-5
-6
-1
-6
-6
-5
-6
-4
-9
-11
-4
-2
-5
-6
1
-2
-5
5
-5
-1
0
-7
-7
-9
-5
-7
-1
-7
-12
5
-2
-1
7
9
1
5
18
17
17
15
13
6
9
9
4
0
-4
-11
-3
-5
-14
-6
-9
-5
1
2
-2
5
9
3
7
5
7
2
3
-1
-5
-5
-3
-7
-6
-2
-6
-3
-3
-7
1
1
1
-7
-5
-2
-5
-1
6
-8
-1
6
-3
3
-3
-3
0
-6
-1
-2
0
8
3
2
13
9
9
5
3
8
7
-4
6
11
4
-2
-2
8
6
7
3
8
11
21
14
12
15
17
16
13
16
12
18
19
2
2
13
5
-4
-1
6
-2
-6
0
-1
6
9
6
-1
7
9
5
15
9
1
4
4
-11
-15
-5
-4
-5
-3
-7
-16
-7
-9
-19
-9
5
6
-8
-3
-1
1
6
6
4
0
7
3
-3
-4
-10
-11
-7
-12
-15
2
-13
-13
2
-2
3
1
-4
7
3
-10
-9
-4
-2
-19
-18
-1
-13
-31
-9
-8
-13
-10
-13
1
-2
-2
-5
0
8
1
7
3
4
7
9
5
-11
4
11
-8
2
9
0
1
5
5
1
5
12
5
9
6
4
9
10
9
7
14
9
-2
5
9
0
0
-3
8
7
7
-1
-2
7
6
-6
-1
11
9
3
2
-3
-7
-6
-7
-15
-12
-4
-3
-1
-7
5
5
2
5
3
0
5
-9
-2
10
1
-4
-23
-14
-5
-7
-7
-12
-2
-14
-15
2
-13
-12
-8
-22
-12
3
-9
0
-1
2
6
-3
3
-9
-2
7
0
-3
-6
1
0
-7
-7
-6
-5
-9
-15
-13
-7
-18
-5
6
-22
-9
12
-9
-13
0
13
2
-12
5
4
-7
-6
10
7
3
-7
-9
-16
-2
-3
-4
13
-9
-11
5
0
8
1
-6
5
10
-5
11
18
3
16
13
17
7
8
27
28
7
3
28
1
-4
7
3
3
-5
-8
-6
19
20
22
8
4
21
17
10
-1
14
14
-1
0
7
3
-4
-11
4
7
14
3
-6
13
0
3
7
5
4
-18
-5
1
-4
-7
-6
4
12
4
-8
-2
4
21
-2
-24
-11
3
-10
-16
-9
-2
-9
-16
-8
10
-9
-18
4
-11
-3
5
23
0
-9
16
6
-10
8
2
3
-2
-14
15
-12
1
4
0
2
2
4
-13
1
4
-2
27
8
-9
11
13
18
4
2
10
8
21
30
-7
-18
9
3
-6
12
18
-26
-19
22
-4
5
-1
4
5
-1
8
22
-9
-21
9
5
7
3
-12
-10
-3
-12
1
-15
-11
4
-9
-28
-16
1
5
-19
-21
5
2
-24
-10
1
-12
5
-12
-14
4
-18
-23
-7
7
-19
-40
-13
-7
-17
-14
-20
-23
4
-3
-6
-4
-4
-2
-6
6
0
3
-2
5
-1
5
44
9
-24
-5
10
7
-7
-3
6
1
16
9
13
17
22
4
5
19
29
19
-6
12
15
5
2
-4
4
-4
-15
-3
-7
-19
-1
8
-17
-20
4
15
1
3
-12
-23
-3
15
-13
-2
-8
2
-16
1
14
-18
2
19
-7
-37
-30
2
12
-18
-12
12
-18
-12
2
17
6
-1
21
-4
3
16
13
4
-39
32
41
0
-8
2
17
6
-9
-6
19
-13
-6
-5
-7
27
-7
-21
-2
13
14
8
-10
0
13
-13
-2
-4
9
-14
2
18
3
3
-2
24
-3
-20
20
27
-28
-2
18
24
-10
-5
32
7
4
-24
-5
7
-17
7
18
-3
-12
-21
22
5
-26
15
27
-24
-7
35
-28
-29
24
4
-12
-1
0
0
16
-6
1
0
22
12
-26
12
20
-12
9
4
-19
1
5
-21
12
33
-15
0
4
-5
23
-5
-5
7
-2
-3
-3
2
9
26
-2
-3
-3
29
2
-15
13
22
1
-21
2
12
-14
-9
2
18
33
-34
-12
37
-11
6
8
11
-2
4
23
1
-24
-3
11
-11
-6
-10
5
12
-28
-3
23
24
-51
13
66
-27
-26
42
-5
-42
-20
22
-3
-39
13
6
2
2
-1
8
5
-18
-13
30
1
-33
-14
-3
-14
-9
-21
-19
-1
-6
-29
21
0
-21
-15
-10
32
4
-22
-10
19
2
3
21
-15
-26
-8
20
-30
5
41
-14
-43
8
5
-28
16
-13
-15
1
-6
-15
11
-24
-21
-9
35
-7
-17
14
-10
-6
-10
21
-13
-35
6
6
-15
2
6
9
-40
-12
45
-23
-35
20
11
-45
-18
37
17
-27
5
20
-10
-14
-4
30
5
0
22
2
-12
5
20
4
-7
15
25
7
0
15
18
-26
21
35
-9
-4
18
-9
-10
18
9
4
-20
10
17
17
4
6
30
1
-22
12
10
-15
-9
1
7
-23
-24
23
-14
-36
25
-7
-22
28
-2
-14
-16
-12
6
-12
-5
-15
-30
0
1
-22
-5
-18
23
0
-12
21
-7
9
-9
-13
17
-12
-5
37
2
-18
-5
22
10
-14
25
3
-2
13
5
19
13
35
-1
-21
60
15
-3
32
-14
25
22
-25
-3
7
21
-5
-13
20
12
-22
-1
3
1
12
0
-3
4
20
-7
41
18
-33
12
15
2
-7
-2
14
-4
-9
7
15
1
-1
9
-2
-5
29
-1
-29
12
3
-10
-36
9
3
-30
-8
14
-17
-6
24
-46
13
21
-53
-16
38
7
-48
-4
19
2
-2
1
25
-28
7
10
-51
41
2
-52
-1
-5
-8
3
-8
-13
-17
37
-1
-7
-3
10
7
1
-10
18
17
-28
3
20
-2
-15
-7
28
-4
-11
19
0
-5
-6
10
19
15
31
-33
-5
40
-15
-11
-6
-20
-18
3
-16
-2
27
-25
-21
13
31
-7
-16
0
24
10
-17
-15
12
19
5
-43
4
21
-56
17
13
-30
-38
11
-8
9
-13
-31
19
-30
-8
3
8
8
-3
-25
-16
24
22
-17
-7
-7
-5
-7
-37
23
-20
-39
3
-39
1
11
-37
-19
0
-5
-3
19
10
-24
8
26
-11
0
46
2
-23
27
-8
15
21
4
8
9
-12
-13
22
22
-16
-7
7
26
-14
-6
45
-7
-3
3
0
26
-10
-5
-3
-18
-11
9
-22
-22
20
7
4
-30
17
46
6
-40
13
48
-29
-12
14
6
7
-24
34
22
-37
16
-29
19
7
-15
38
8
-30
10
44
-18
-39
44
23
-37
-11
67
16
-39
14
37
2
-24
18
9
-24
-13
17
2
11
0
10
3
-16
-8
45
-20
-28
-4
16
4
-47
25
5
-11
10
6
-3
-18
13
5
-29
30
-2
-2
-1
-4
34
-6
-5
24
-7
-20
-7
21
-20
-28
29
-14
-10
31
-15
-21
42
3
-34
23
11
-9
15
-12
-16
12
-5
-6
-26
58
16
-39
40
17
-8
17
3
-20
39
50
-52
-2
15
-28
10
30
-48
-9
32
-20
-9
6
33
-30
-10
44
-9
-28
11
42
-25
-22
39
-31
0
-18
22
14
-29
5
-10
1
-9
-15
12
-3
-29
8
13
-19
-14
27
-26
-11
4
-9
20
-11
-10
-11
7
-10
-2
-8
1
10
-23
13
20
2
-19
7
12
4
19
-10
20
9
-38
-9
18
13
-26
3
27
-27
-13
29
-16
-26
11
-13
-6
9
-24
9
23
-7
-12
-22
47
-2
-20
9
-2
8
-38
-42
32
-11
-30
-2
14
-26
3
9
-7
-12
1
-7
29
0
-12
-12
22
15
-26
-7
-6
12
-3
11
2
-23
17
-16
-8
-31
6
22
-13
0
-37
16
24
-34
-17
19
-17
-33
-6
24
13
-20
-5
5
-2
-34
17
28
-38
-19
32
-9
-20
-17
37
0
-45
4
35
-11
-5
-23
31
-17
-31
24
21
-16
-28
39
39
-40
-2
33
-11
-2
20
-13
8
-9
-16
5
-21
2
7
-11
39
4
12
5
35
14
19
56
4
-15
39
14
-4
12
-17
35
-35
6
42
12
-20
8
53
-2
5
40
27
-19
-5
35
22
-1
7
25
27
-7
-11
24
4
-69
16
31
-20
-40
25
-25
-23
42
-42
0
23
-34
-22
47
-31
-4
23
0
-36
5
20
-27
5
-30
-21
24
-16
-40
18
38
-44
-21
60
4
-28
15
31
-41
-1
9
-18
10
-10
-18
45
2
-67
17
51
-29
-38
26
48
-63
-19
40
-28
-10
-6
5
47
-36
-44
54
-21
-31
22
25
-23
-4
12
17
-32
-2
35
-11
-22
-16
47
6
-32
-13
-29
50
-18
-30
39
-8
0
18
2
8
10
-18
-4
4
37
-13
7
18
-9
23
20
-22
11
15
11
-11
-25
2
32
-8
-18
13
18
-28
-19
60
17
-35
-44
110
-30
-75
26
19
-42
-7
24
7
-26
-5
21
-26
-8
7
5
-37
22
-36
-18
30
-36
13
23
-35
-36
30
8
-71
41
-20
-55
33
-3
-42
-38
11
-2
-14
-35
-7
-23
45
-11
-49
33
-1
-14
13
9
-3
-49
42
31
-48
10
29
15
-22
35
-4
8
-12
31
25
-15
3
25
-26
-2
31
-35
20
0
-46
43
0
-36
37
14
-2
13
6
6
27
-21
5
-17
-20
23
-19
-36
36
3
-24
40
-47
8
19
-40
11
35
-56
9
11
-2
48
-20
-41
14
-5
-19
36
-9
-5
22
23
11
-27
-6
66
-2
-30
22
46
-16
-10
-4
78
-15
-28
50
-5
-10
6
-5
8
-34
-23
31
-34
28
6
-12
-1
20
-26
0
13
-13
13
9
-3
47
-36
-17
37
-49
2
28
-34
-21
11
30
-10
-3
19
-37
-4
26
11
-11
-7
33
1
-1
-6
-18
40
-7
-57
62
-2
-23
-1
5
2
-23
25
-2
-28
58
22
-25
-13
28
-8
-18
29
8
-15
-10
18
-19
18
0
-35
-8
41
-10
-26
43
-2
-13
46
16
-18
18
27
-49
22
12
-36
59
-27
-3
-13
30
15
-57
28
84
-112
11
76
-60
-30
46
-27
-26
67
-27
-22
44
-32
-16
45
-41
-8
-5
16
17
-30
17
-21
-3
70
-18
-54
44
22
-48
31
1
-41
42
18
-51
25
29
-39
2
5
-3
-27
36
-27
-49
46
22
-52
-16
60
-25
-22
44
-36
-15
24
-12
-50
7
33
-54
-36
34
-26
-23
44
-86
-6
6
-36
-18
5
-13
-47
31
-13
-15
3
25
-29
-16
44
-20
-69
29
20
-57
22
11
-30
32
-14
-4
47
-37
-6
36
14
-1
-26
53
-15
-34
78
12
-42
4
31
-40
17
-1
-1
-25
13
20
-8
7
-5
6
-25
48
-7
11
22
-45
14
43
-46
20
-6
-21
36
-13
-19
-19
10
-17
-16
30
-16
-21
10
18
-2
-17
34
-7
2
7
-13
-8
39
-46
14
57
-15
-10
17
-7
-21
-7
12
21
-56
34
25
-16
9
28
-12
13
28
3
42
6
5
12
-9
-10
28
-13
7
1
-7
22
-2
-13
18
16
2
16
33
26
-10
25
-5
22
4
9
4
-1
-4
2
-48
48
29
-70
-9
23
1
-19
-31
36
19
-28
23
4
-14
-6
-3
-11
1
-13
-5
-21
5
-35
22
6
-14
27
32
-11
-26
-7
40
-19
-2
0
-8
-4
5
25
-17
26
-5
0
22
-43
3
26
-59
18
40
2
-14
-42
73
20
-85
74
11
-33
2
-12
30
-20
-19
9
-21
-6
-22
23
-2
-38
-2
6
-50
23
3
-30
86
-94
-9
47
1
-17
-33
-20
21
-30
-17
16
0
1
-19
7
47
-5
-37
-4
26
-9
8
12
2
-1
-30
41
11
28
-6
33
0
-2
25
-15
-17
2
15
-14
-23
29
-26
-4
14
22
-45
37
2
-34
47
-31
30
-4
-26
41
24
-19
-1
-5
-17
-10
-40
1
37
-112
22
12
-11
-4
-27
-12
-16
14
-30
36
-33
-4
42
-37
-23
50
-29
-30
42
-27
-5
42
-25
-54
40
3
-74
71
-24
-50
32
-18
-4
9
47
-11
-36
69
-12
-41
82
-47
-78
43
57
-49
-45
49
35
-91
96
25
-64
47
-11
21
-11
4
6
21
-8
2
1
52
-25
-35
48
47
-38
-48
95
-39
-75
89
21
-74
-39
27
5
3
-14
-35
41
18
-52
47
64
-71
-27
76
14
-104
75
41
-127
53
55
-36
-22
-18
31
-18
-3
35
-27
22
-5
18
34
-6
-22
-2
-10
14
-31
18
5
-40
43
5
1
73
-32
-8
61
-19
-19
2
-20
-27
2
37
0
3
0
-15
31
9
-17
4
40
-7
-58
25
36
-53
10
52
-40
7
2
5
-9
-36
11
22
-19
-6
-6
10
16
-5
-2
61
-18
-36
63
33
-82
105
-24
-37
64
-68
40
13
-66
32
28
-19
40
-36
15
50
13
-29
45
-23
-9
41
-26
-26
-5
2
-1
-25
-51
28
-31
-24
1
19
-27
-45
-15
14
-17
-39
0
13
-20
-38
6
30
-19
4
2
33
12
-26
32
-5
0
-24
36
25
-38
-5
5
10
-19
4
29
28
-21
22
54
-53
9
40
-14
16
-7
14
21
6
-29
16
36
5
3
35
12
-40
-1
-27
13
-3
-34
10
-16
-67
-21
33
0
-32
-6
29
-16
-69
10
23
-38
-23
11
29
-23
-19
24
-12
-6
-11
12
36
-11
-13
29
13
3
-11
36
15
-48
15
26
3
-28
-10
6
-16
-40
26
-9
-24
-10
-20
14
-6
-59
15
56
-55
-37
34
10
-25
-33
21
49
-10
-17
30
5
-58
-29
32
25
-23
-45
12
14
-85
13
59
-11
-18
9
31
9
-47
-12
43
-4
-12
3
7
-16
-23
22
23
1
-8
16
24
-4
-13
13
18
-11
3
31
0
12
16
-15
38
14
-31
23
43
-12
21
19
-22
-6
14
-6
27
10
-5
29
-21
-17
6
42
10
0
19
28
-12
-10
19
5
21
6
-4
20
-13
-18
33
17
-9
-9
22
-9
-18
-14
9
16
-17
-21
-1
-10
-18
-24
-33
4
-6
-21
-6
14
-10
-46
6
0
-29
0
-6
-8
0
-14
-12
14
-18
-10
14
3
-27
21
-2
-23
-6
-1
31
19
-3
4
23
1
-14
-12
32
-7
-2
19
23
-11
-17
37
17
10
12
18
14
18
-7
11
34
1
-3
40
9
2
17
5
14
25
41
-8
7
10
1
12
1
-4
-1
-1
-10
-10
24
13
2
37
41
47
58
25
58
33
53
60
47
40
5
51
21
-11
-1
-2
-18
-16
-49
-28
-30
-92
-71
-56
-92
-85
-51
-99
-93
-105
-97
-95
-112
-120
-113
-87
-112
-107
-104
-96
-92
-88
-68
-35
-47
-62
-24
-6
-23
-35
-3
-1
7
-8
-35
-8
-12
-12
-12
28
-3
-28
11
35
27
34
45
57
99
84
102
108
97
111
130
123
109
90
87
101
87
99
126
199
288
338
352
312
329
426
468
475
504
511
405
316
305
267
201
77
-9
-15
-127
-204
-304
-377
-447
-527
-518
-472
-530
-569
-531
-521
-535
-500
-466
-445
-439
-430
-375
-331
-291
-288
-240
-179
-146
-119
-35
26
5
32
113
112
144
148
135
184
143
91
92
81
104
165
177
167
109
70
81
128
187
222
214
201
178
159
169
190
162
116
127
109
100
66
9
-7
-50
-31
-27
-57
-84
-154
-201
-211
-210
-226
-233
-267
-308
-283
-298
-306
-282
-252
-253
-195
-128
-102
-41
-26
51
86
180
268
278
313
361
396
396
393
360
351
388
422
493
599
748
922
982
975
917
979
1089
1094
1074
1007
857
634
426
268
125
-104
-388
-596
-706
-817
-1007
-1147
-1257
-1346
-1376
-1258
-1167
-1117
-1062
-1003
-894
-749
-613
-513
-395
-317
-266
-167
-83
-71
1
0
-11
27
59
63
14
-56
-119
-134
-173
-150
-140
-165
-246
-310
-328
-325
-230
-159
-115
-104
-96
-59
-5
97
210
313
411
511
601
793
1050
1197
1243
1182
1171
1136
1065
1003
869
659
378
130
-78
-282
-525
-797
-974
-1041
-1085
-1071
-1038
-1020
-950
-813
-630
-420
-272
-147
3
149
295
397
507
565
550
529
542
579
537
488
408
329
266
178
124
79
28
-82
-113
-174
-218
-250
-211
-154
-102
20
280
726
1115
1233
1111
1034
1083
1222
1284
1262
1121
817
480
182
-48
-308
-650
-986
-1137
-1211
-1310
-1444
-1619
-1707
-1695
-1556
-1338
-1124
-948
-790
-631
-434
-212
-44
63
158
220
280
370
404
410
349
244
189
116
62
-42
-169
-294
-406
-439
-445
-434
-406
-390
-384
-404
-392
-281
-122
42
159
172
207
286
352
486
596
725
783
744
759
770
784
810
930
1111
1036
791
534
309
158
18
-107
-302
-555
-800
-1008
-1078
-1117
-1196
-1140
-965
-753
-478
-276
-67
87
304
551
758
921
1003
986
965
930
835
697
533
335
143
-10
-197
-347
-486
-567
-652
-682
-683
-695
-673
-617
-527
-441
-340
-165
-23
125
301
482
742
1103
1602
1885
1831
1590
1421
1400
1342
1185
929
594
184
-282
-672
-920
-1229
-1590
-1784
-1755
-1633
-1621
-1658
-1586
-1409
-1175
-813
-415
-66
242
485
646
830
980
997
982
904
817
672
488
260
75
-204
-515
-744
-897
-1029
-1189
-1292
-1323
-1335
-1329
-1237
-1051
-758
-529
-380
-227
-31
191
486
806
970
1010
980
989
1055
1122
1137
1047
894
688
469
357
204
-10
-177
-250
-239
-65
76
-5
-246
-465
-447
-324
-121
24
6
-124
-264
-258
-105
6
39
72
189
331
422
416
367
288
268
270
275
246
80
-139
-235
-348
-390
-446
-544
-624
-709
-703
-659
-578
-465
-352
-283
-206
-116
2
135
254
339
416
515
625
680
739
886
1198
1653
1942
1807
1416
1094
978
956
787
492
164
-215
-641
-932
-1034
-1168
-1435
-1582
-1466
-1222
-1009
-918
-813
-646
-404
-97
234
565
772
850
855
863
862
733
474
183
-67
-314
-544
-738
-916
-1148
-1418
-1608
-1620
-1523
-1393
-1302
-1198
-1009
-797
-489
-159
152
452
644
739
788
914
1065
1170
1135
963
734
543
422
327
229
80
-127
-303
-439
-525
-539
-585
-615
-592
-466
-269
-14
326
691
893
909
919
986
1088
1085
990
805
543
266
39
-153
-343
-568
-755
-823
-843
-823
-802
-786
-690
-554
-413
-265
-162
-95
-61
17
130
208
221
158
58
-56
-83
-108
-98
-112
-152
-195
-238
-218
-173
-27
109
174
263
369
511
649
830
1106
1556
1999
2130
1918
1549
1312
1263
1224
1057
790
375
-91
-548
-830
-953
-1101
-1303
-1420
-1328
-1144
-1007
-937
-848
-673
-431
-143
139
351
471
493
503
519
486
302
74
-174
-378
-566
-751
-954
-1149
-1362
-1560
-1655
-1606
-1479
-1324
-1166
-1018
-855
-673
-459
-220
85
387
532
549
586
664
807
891
849
700
510
346
289
296
268
197
63
-75
-149
-146
-116
-55
-55
-36
54
169
352
617
975
1283
1354
1209
1027
936
891
761
590
318
-30
-375
-662
-820
-960
-1119
-1204
-1202
-1083
-875
-739
-645
-504
-298
-54
144
295
397
421
444
446
427
354
182
15
-106
-218
-288
-330
-396
-451
-490
-470
-362
-249
-110
60
229
389
530
696
902
1079
1255
1538
1951
2324
2397
2095
1648
1360
1249
1083
754
350
-62
-446
-843
-1113
-1268
-1528
-1795
-1854
-1648
-1316
-1130
-1086
-1011
-798
-490
-175
112
327
482
550
606
585
481
203
-132
-371
-574
-765
-959
-1236
-1571
-1755
-1830
-1774
-1615
-1434
-1302
-1209
-1019
-734
-349
-6
263
517
771
906
948
1027
1112
1173
1181
1096
889
613
389
242
145
107
30
-111
-261
-382
-399
-294
-155
22
114
191
285
486
814
1219
1510
1485
1287
1027
839
720
604
428
125
-214
-536
-834
-1077
-1236
-1350
-1326
-1135
-930
-729
-636
-580
-437
-176
124
328
443
485
457
447
447
466
401
214
29
-86
-128
-202
-312
-440
-497
-425
-277
-142
-51
-1
122
334
565
785
943
996
1041
1213
1545
2013
2280
2092
1582
1079
878
857
700
340
-98
-509
-856
-1129
-1264
-1373
-1571
-1724
-1640
-1284
-940
-768
-678
-523
-222
34
269
534
717
787
730
644
531
305
-76
-451
-736
-967
-1181
-1437
-1652
-1826
-1925
-1959
-1899
-1700
-1433
-1171
-966
-685
-363
-19
305
609
902
1066
1104
1099
1135
1216
1207
1072
856
569
290
41
-60
-97
-201
-327
-434
-545
-515
-399
-258
-135
-5
136
292
489
737
1097
1567
1866
1770
1468
1131
954
870
722
463
58
-418
-896
-1211
-1326
-1378
-1438
-1473
-1401
-1181
-911
-704
-516
-291
10
341
624
801
860
818
804
804
764
636
403
179
-50
-214
-316
-417
-481
-474
-464
-417
-343
-244
-93
58
230
432
614
709
783
878
970
1090
1305
1664
1986
1933
1489
969
674
543
392
182
-32
-301
-703
-1088
-1294
-1387
-1450
-1508
-1433
-1156
-897
-761
-666
-517
-329
-147
36
241
483
599
562
422
211
-75
-375
-602
-748
-954
-1220
-1493
-1680
-1727
-1745
-1728
-1631
-1446
-1237
-1023
-772
-486
-212
56
334
643
922
1095
1091
973
903
932
1035
1042
831
524
207
3
-65
-54
-48
-78
-181
-275
-237
-71
109
307
452
532
656
808
1053
1303
1566
1652
1502
1211
885
656
484
226
-90
-393
-725
-1050
-1313
-1436
-1509
-1522
-1415
-1227
-970
-695
-503
-261
16
307
573
735
833
916
967
944
880
722
505
274
57
-92
-225
-369
-509
-604
-627
-591
-509
-420
-295
-170
-1
216
447
650
783
873
990
1109
1126
1144
1228
1540
1846
1805
1376
850
516
357
264
129
-44
-302
-676
-1073
-1307
-1372
-1441
-1515
-1441
-1208
-933
-782
-739
-675
-531
-369
-169
79
325
445
387
225
55
-118
-332
-546
-774
-917
-1066
-1236
-1363
-1457
-1538
-1627
-1534
-1308
-991
-748
-612
-423
-220
14
328
649
946
1058
978
868
889
1029
1156
1134
912
623
344
155
115
117
84
-44
-190
-248
-202
-94
-21
-6
53
180
356
552
719
865
1112
1387
1417
1259
944
636
446
287
149
-48
-364
-776
-1156
-1327
-1319
-1285
-1208
-1046
-851
-590
-390
-189
44
266
495
723
966
1130
1149
1027
852
721
589
437
243
13
-281
-516
-662
-720
-727
-784
-802
-722
-466
-209
5
134
234
400
583
742
864
1002
1027
975
967
1169
1582
1864
1743
1229
691
414
363
384
301
78
-300
-753
-1127
-1302
-1309
-1392
-1546
-1568
-1395
-1176
-1066
-1042
-1004
-856
-599
-325
-51
145
192
111
44
0
-65
-193
-413
-655
-806
-891
-987
-1056
-1194
-1319
-1361
-1287
-1097
-886
-699
-542
-367
-98
170
390
566
744
898
993
1067
1170
1263
1216
1025
772
570
436
296
190
114
73
-27
-162
-239
-244
-158
-63
72
244
400
473
494
543
702
930
1170
1254
1112
853
598
440
339
250
64
-188
-470
-727
-895
-927
-961
-974
-915
-815
-611
-357
-164
15
240
469
650
749
817
844
847
783
648
490
287
41
-224
-411
-539
-663
-777
-847
-804
-667
-573
-515
-418
-292
-67
210
461
652
691
669
750
910
1013
1009
992
1143
1442
1612
1452
976
519
259
170
133
40
-163
-502
-955
-1332
-1496
-1519
-1540
-1542
-1467
-1299
-1118
-991
-900
-745
-574
-422
-214
43
341
510
477
291
75
-83
-162
-239
-330
-449
-644
-843
-995
-1078
-1098
-1124
-1112
-980
-759
-548
-424
-349
-218
13
313
623
882
990
956
857
868
984
1090
1040
853
637
455
377
344
337
285
147
11
-30
14
37
9
-58
-66
-3
95
192
256
301
396
631
907
1016
944
740
554
460
395
342
201
-39
-313
-559
-662
-688
-738
-808
-819
-678
-445
-238
-82
3
84
184
317
470
558
558
416
238
131
82
-2
-148
-306
-463
-547
-526
-472
-391
-366
-373
-306
-135
64
213
283
297
319
396
520
644
690
592
424
271
288
523
911
1187
1100
699
293
172
298
394
355
179
-114
-432
-692
-817
-892
-994
-1128
-1221
-1198
-1054
-978
-970
-985
-921
-751
-590
-375
-140
28
83
66
36
61
102
51
-40
-135
-212
-293
-409
-497
-559
-614
-688
-700
-646
-523
-442
-425
-397
-341
-223
-65
149
320
386
366
363
518
728
809
777
650
545
519
581
695
721
624
419
233
175
218
294
287
195
93
46
109
172
191
169
171
261
531
804
878
761
500
321
247
285
342
305
151
-53
-262
-384
-416
-418
-443
-517
-518
-448
-355
-280
-251
-267
-273
-237
-157
-20
83
93
26
-77
-120
-102
-110
-154
-177
-194
-170
-161
-119
-81
-73
-79
-85
27
139
201
187
166
201
242
288
326
298
189
66
90
269
600
977
1114
943
631
457
502
612
678
632
465
191
-122
-370
-515
-646
-833
-1015
-1108
-1113
-1098
-1109
-1130
-1124
-1071
-984
-834
-570
-292
-118
-88
-144
-144
-98
1
39
42
29
-25
-93
-187
-281
-377
-458
-470
-404
-337
-327
-395
-448
-415
-333
-161
6
121
151
124
146
264
460
601
650
602
589
622
652
695
738
758
739
656
607
626
655
646
559
448
321
234
142
86
98
108
110
163
268
334
296
161
66
56
66
68
44
-8
-133
-271
-398
-437
-414
-385
-344
-308
-203
-132
-86
-57
-77
-98
-93
-55
-9
43
-1
-119
-254
-369
-435
-436
-398
-396
-416
-491
-533
-508
-442
-339
-276
-226
-164
-88
61
217
331
393
398
406
483
556
560
490
388
378
491
773
1064
1175
1024
697
512
513
597
625
551
354
124
-89
-243
-318
-424
-613
-838
-972
-950
-858
-824
-894
-984
-1027
-981
-862
-689
-472
-336
-338
-356
-313
-257
-198
-188
-191
-185
-153
-124
-94
-93
-168
-269
-292
-273
-235
-175
-149
-164
-222
-250
-215
-108
21
87
85
57
108
241
358
410
388
355
347
366
468
632
747
756
739
751
792
834
815
776
724
637
509
389
308
197
72
-66
-98
-41
104
236
232
152
8
-67
-54
26
132
173
121
14
-68
-129
-203
-267
-362
-420
-406
-362
-325
-343
-405
-502
-596
-647
-590
-463
-368
-386
-461
-513
-575
-588
-574
-544
-523
-477
-395
-298
-179
-104
-59
-11
102
253
385
481
515
538
614
700
742
761
720
634
560
520
545
594
706
895
1086
1148
1072
910
819
759
733
745
721
653
456
188
-70
-292
-509
-727
-919
-1051
-1128
-1175
-1236
-1263
-1305
-1349
-1354
-1293
-1113
-866
-694
-598
-543
-494
-432
-383
-314
-227
-145
-60
24
23
6
-19
-58
-107
-152
-194
-229
-235
-219
-195
-204
-278
-345
-352
-341
-257
-110
90
274
382
413
420
491
613
761
941
1111
1212
1226
1154
1056
962
867
781
732
710
650
553
396
243
132
52
27
101
253
333
308
165
-5
-100
-168
-224
-218
-198
-220
-314
-436
-533
-608
-665
-706
-746
-743
-693
-649
-589
-543
-507
-514
-550
-516
-418
-296
-243
-200
-176
-212
-258
-305
-266
-222
-204
-192
-173
-116
-63
-15
10
24
59
132
244
355
450
522
584
662
717
782
827
888
911
909
905
922
995
1158
1342
1434
1383
1224
1093
986
923
810
675
487
230
-69
-371
-652
-892
-1161
-1420
-1560
-1604
-1594
-1594
-1615
-1632
-1591
-1556
-1471
-1323
-1135
-938
-802
-668
-538
-388
-283
-266
-294
-300
-242
-87
14
56
17
-100
-218
-290
-242
-132
-19
76
129
201
247
301
332
318
303
311
435
576
667
646
530
393
321
366
529
707
832
843
794
724
712
761
804
814
770
717
679
659
598
546
452
348
289
339
422
421
317
81
-143
-321
-466
-547
-621
-728
-864
-1016
-1094
-1123
-1123
-1124
-1121
-1074
-936
-726
-533
-349
-225
-191
-190
-185
-79
72
169
170
109
32
-45
-80
-105
-135
-175
-228
-237
-132
-13
94
137
124
173
254
404
622
829
956
1010
1028
1088
1171
1172
1071
933
832
791
795
789
745
702
651
630
667
695
676
648
541
376
269
182
103
-44
-247
-449
-635
-811
-988
-1146
-1286
-1425
-1537
-1594
-1630
-1625
-1686
-1761
-1825
-1774
-1609
-1409
-1195
-1075
-958
-866
-732
-558
-349
-158
-5
121
217
332
455
574
645
673
676
670
682
668
641
621
595
559
500
420
315
255
213
205
223
247
273
246
203
175
184
285
423
569
698
779
822
799
782
773
784
815
820
790
687
545
379
259
200
236
265
197
54
-130
-323
-505
-634
-711
-727
-764
-854
-962
-1056
-1101
-1091
-1031
-966
-853
-727
-606
-479
-398
-294
-215
-158
-78
-1
80
139
181
210
206
203
199
208
211
234
279
314
353
378
423
464
479
497
527
569
617
664
728
745
729
672
582
510
458
446
406
367
261
131
4
-89
-116
-55
66
209
343
392
354
301
260
227
176
106
32
-64
-204
-408
-612
-814
-1012
-1196
-1329
-1419
-1452
-1485
-1509
-1501
-1477
-1442
-1432
-1368
-1200
-975
-748
-575
-429
-296
-185
-90
36
153
232
291
347
433
529
565
538
470
409
396
395
427
470
486
508
531
565
571
553
498
484
509
561
605
599
563
512
478
471
505
557
584
560
498
447
423
345
277
168
81
19
-4
8
-8
-33
-37
-35
-14
82
148
138
90
19
-43
-126
-226
-311
-406
-490
-572
-655
-724
-777
-838
-903
-920
-847
-740
-620
-512
-415
-296
-178
-48
70
210
357
451
502
549
605
622
602
530
448
401
357
328
298
289
231
155
80
27
37
35
48
98
164
226
267
309
325
313
306
323
395
465
450
381
271
181
95
9
-31
-33
12
49
8
-49
-152
-276
-341
-399
-422
-453
-484
-503
-548
-602
-658
-720
-788
-839
-837
-783
-735
-701
-695
-692
-695
-705
-704
-662
-564
-464
-413
-372
-316
-275
-248
-225
-180
-96
23
158
270
363
422
473
529
595
674
755
806
818
811
807
813
786
718
629
536
477
446
392
317
236
156
91
38
17
34
98
127
143
140
137
167
221
279
274
234
147
90
54
43
48
8
-43
-96
-126
-129
-80
-85
-118
-193
-282
-327
-380
-397
-416
-461
-492
-518
-531
-452
-396
-348
-319
-317
-251
-170
-64
30
109
168
177
150
119
131
165
196
181
150
96
24
-24
-45
-25
17
29
60
109
176
217
225
216
199
230
245
247
262
260
239
199
159
111
39
-16
-62
-72
-60
-54
-98
-167
-235
-271
-279
-271
-242
-200
-135
-61
38
99
107
84
49
20
31
57
116
129
73
-3
-94
-172
-219
-272
-339
-388
-435
-484
-504
-466
-433
-415
-420
-421
-391
-268
-152
-54
4
21
49
82
125
165
169
177
180
152
184
202
210
223
190
168
167
189
224
291
363
412
435
416
380
363
353
349
351
351
331
267
184
116
48
-22
-64
-97
-93
-83
-95
-137
-184
-249
-300
-309
-270
-203
-152
-146
-158
-176
-194
-167
-132
-70
58
174
231
241
191
142
89
17
-37
-41
-22
-27
-88
-168
-221
-274
-281
-264
-219
-135
-74
-7
66
123
142
121
94
112
170
210
230
218
140
38
-46
-80
-90
-75
-77
-90
-93
-92
-70
-57
-29
-15
-1
21
69
116
154
153
112
80
34
17
-18
-70
-64
-55
-30
-24
-30
-53
-107
-141
-129
-106
-59
-7
50
146
262
353
363
359
331
319
331
346
369
378
323
227
138
57
-3
-93
-198
-260
-320
-339
-357
-372
-393
-437
-484
-511
-480
-415
-321
-264
-252
-233
-201
-186
-173
-153
-123
-87
-79
-77
-58
-42
-51
-57
-56
-33
6
19
35
71
97
115
131
129
124
113
104
107
141
158
134
74
7
-44
-79
-100
-104
-105
-120
-131
-136
-113
-92
-85
-58
-35
14
76
163
217
242
219
195
214
238
281
324
354
418
469
481
439
345
269
198
156
111
55
-14
-78
-157
-246
-305
-342
-363
-355
-342
-267
-185
-123
-86
-103
-115
-105
-76
-14
71
110
101
56
-8
-62
-115
-161
-179
-174
-174
-133
-104
-94
-83
-112
-138
-122
-73
13
112
170
192
180
185
197
223
270
295
296
297
284
285
277
233
174
121
90
118
155
198
218
206
237
336
434
519
503
460
431
418
403
397
343
244
120
-22
-100
-165
-218
-317
-456
-602
-712
-757
-778
-770
-754
-769
-785
-823
-777
-684
-609
-544
-515
-460
-403
-341
-294
-257
-233
-219
-200
-179
-113
-66
-32
-27
-51
-54
-36
-11
12
38
49
73
98
108
119
118
125
124
127
153
171
186
189
197
191
203
227
282
322
334
331
320
338
365
360
351
362
340
323
308
290
294
295
280
307
337
373
386
330
254
208
143
78
24
2
-9
-54
-112
-198
-277
-344
-393
-427
-413
-401
-377
-349
-300
-258
-215
-177
-156
-87
-50
17
73
120
144
131
102
79
68
81
115
131
156
132
110
95
67
61
48
32
45
62
98
122
126
117
92
97
131
184
228
254
261
249
249
254
253
254
239
235
215
170
130
83
15
-59
-133
-183
-204
-172
-125
-84
-85
-136
-173
-179
-168
-172
-190
-196
-217
-285
-365
-437
-486
-529
-597
-639
-651
-651
-650
-670
-637
-637
-632
-619
-606
-548
-454
-382
-330
-275
-196
-141
-132
-112
-105
-100
-54
4
74
156
200
210
183
161
171
215
283
346
418
471
475
453
428
410
411
424
445
456
454
426
370
301
263
251
254
274
293
304
297
264
251
248
248
250
243
230
239
242
227
215
172
129
90
63
30
27
34
60
112
146
147
80
-8
-112
-174
-225
-273
-297
-343
-398
-450
-502
-523
-535
-533
-499
-442
-327
-230
-114
-17
18
49
53
88
158
245
326
367
367
333
287
230
164
138
126
119
147
156
168
149
99
56
57
70
127
177
180
182
134
81
41
-23
-70
-101
-112
-93
-90
-115
-180
-278
-341
-387
-385
-321
-249
-201
-187
-177
-130
-36
79
158
185
172
165
176
176
168
152
80
-23
-124
-206
-235
-284
-358
-460
-531
-585
-606
-598
-592
-564
-553
-543
-497
-414
-318
-222
-170
-135
-92
-39
39
88
120
145
171
198
213
250
265
260
240
212
226
257
279
292
294
289
281
278
263
263
257
262
267
255
236
188
129
89
68
69
75
88
83
68
44
23
55
95
147
179
192
214
218
240
235
221
212
202
172
142
131
91
30
-38
-81
-100
-70
-13
23
56
14
-50
-78
-101
-85
-49
-38
-56
-86
-110
-111
-100
-103
-90
-76
-38
20
76
133
152
146
115
81
59
63
97
98
50
-47
-152
-235
-296
-339
-366
-356
-371
-385
-369
-362
-367
-378
-372
-330
-261
-165
-104
-88
-67
-59
-34
0
20
26
30
28
63
94
93
54
14
-8
-31
0
59
124
173
232
312
398
444
440
407
388
383
372
361
336
290
194
70
-36
-141
-199
-261
-328
-388
-425
-454
-504
-512
-505
-504
-507
-506
-458
-376
-271
-214
-178
-154
-150
-135
-117
-83
-37
-10
10
30
35
51
54
60
57
75
95
116
153
155
171
177
175
179
174
177
178
200
215
224
192
163
139
109
115
143
191
218
213
222
219
238
273
307
337
342
358
355
346
360
344
332
289
235
197
138
94
60
56
71
44
15
-23
-56
-83
-98
-120
-148
-164
-206
-229
-239
-276
-309
-351
-371
-393
-382
-346
-318
-296
-252
-234
-220
-183
-135
-85
-43
-29
-48
-50
-64
-78
-92
-116
-127
-134
-162
-172
-184
-181
-167
-149
-131
-94
-46
-17
10
44
88
115
147
169
185
226
239
265
266
288
305
301
294
275
261
284
306
345
351
312
260
213
178
157
142
141
154
163
207
231
220
164
89
45
42
29
4
-36
-89
-189
-295
-392
-472
-525
-597
-657
-689
-701
-727
-741
-760
-742
-728
-717
-705
-638
-528
-439
-355
-296
-237
-178
-131
-62
7
83
146
207
248
272
323
346
369
387
409
469
509
541
554
547
526
467
451
417
400
392
373
367
330
299
250
206
177
135
142
144
174
193
172
143
105
91
74
61
59
52
18
5
-32
-69
-99
-141
-175
-195
-196
-212
-258
-294
-328
-386
-403
-410
-364
-306
-221
-111
-64
-34
-78
-104
-86
-37
4
51
61
39
-9
-67
-91
-103
-90
-96
-66
-12
49
58
42
11
-14
12
48
86
121
138
105
83
39
31
8
-6
-27
-41
-13
-18
-5
-6
-30
-41
-47
-24
17
78
133
146
147
141
142
144
165
150
119
104
85
91
70
55
32
2
-18
-58
-45
-31
-34
-35
-58
-25
49
134
184
175
135
94
86
81
83
81
48
-15
-84
-169
-204
-254
-323
-367
-412
-407
-386
-385
-389
-402
-406
-428
-425
-359
-245
-137
-74
-46
-50
-19
23
70
135
207
255
281
279
284
288
259
247
234
234
246
252
232
192
136
85
61
45
43
25
-13
-57
-72
-94
-122
-171
-184
-165
-141
-94
-74
-46
-36
-37
-51
-16
45
103
149
168
194
208
205
184
174
164
144
151
151
143
115
67
10
-27
-56
-57
-53
-40
-25
-35
-15
-21
54
155
204
220
161
157
169
185
197
194
155
89
29
1
-2
-28
-76
-137
-186
-173
-161
-178
-176
-204
-239
-237
-219
-198
-155
-137
-175
-190
-200
-200
-160
-144
-150
-164
-178
-173
-166
-156
-141
-134
-116
-59
5
63
98
92
104
114
146
193
233
253
241
229
217
213
222
208
179
138
108
96
92
102
94
52
30
16
63
171
274
323
291
242
208
226
242
263
233
175
78
-34
-103
-166
-231
-333
-430
-505
-516
-524
-554
-587
-634
-658
-666
-634
-545
-439
-364
-327
-325
-282
-240
-173
-113
-61
-9
32
78
117
156
173
175
178
185
207
242
227
209
185
154
163
178
201
215
200
166
167
184
199
180
156
123
110
113
122
135
129
114
93
89
95
104
115
126
118
125
122
113
114
98
85
56
37
42
27
12
-28
-72
-110
-146
-156
-153
-120
-72
-41
-33
-58
-67
-61
-38
2
42
85
92
80
64
57
46
43
44
46
69
76
67
58
39
20
6
-5
-13
-5
-6
-17
-45
-88
-109
-131
-139
-130
-121
-119
-129
-151
-142
-116
-112
-95
-77
-39
5
39
72
95
110
130
151
191
223
238
235
212
187
166
154
146
122
94
73
51
28
-9
-32
-67
-100
-103
-100
-103
-118
-157
-188
-191
-192
-163
-125
-71
14
82
111
90
72
76
87
95
105
105
75
-5
-85
-168
-230
-277
-340
-374
-413
-422
-439
-480
-497
-511
-482
-432
-377
-316
-261
-209
-169
-115
-40
25
82
111
167
219
269
312
338
366
361
365
352
359
345
330
294
244
223
196
165
131
83
32
-20
-41
-37
-33
-53
-86
-122
-127
-119
-76
-32
11
34
61
97
144
192
224
245
247
261
269
270
270
265
229
192
155
134
121
107
91
36
-3
-42
-68
-86
-108
-111
-121
-108
-97
-82
-62
-56
-20
67
147
205
208
150
132
147
142
156
115
43
-41
-136
-189
-219
-258
-312
-366
-389
-378
-383
-407
-425
-431
-418
-392
-361
-312
-271
-272
-272
-254
-246
-185
-139
-103
-80
-82
-57
-34
19
88
125
153
187
216
233
268
271
262
270
278
289
286
261
217
172
141
139
131
122
97
67
40
18
23
28
54
72
75
62
38
21
13
38
85
164
199
197
146
93
74
67
68
70
30
-28
-117
-205
-275
-317
-349
-396
-423
-453
-461
-473
-480
-471
-447
-421
-373
-296
-233
-155
-113
-77
-42
16
100
174
229
255
264
259
278
301
319
303
299
289
273
264
222
205
167
128
128
110
120
109
70
34
24
49
87
111
117
96
79
69
77
106
117
132
123
116
121
143
153
155
134
119
128
131
130
90
36
-23
-70
-102
-99
-104
-133
-184
-229
-249
-280
-264
-255
-231
-197
-163
-140
-134
-129
-108
-84
-54
-8
3
16
-1
-10
5
-3
-18
-26
-45
-47
-65
-90
-78
-70
-78
-78
-81
-86
-79
-80
-78
-68
-48
-26
-8
7
13
5
-1
3
22
65
92
102
108
111
101
101
105
109
130
138
144
152
141
124
84
61
42
48
71
75
59
30
17
8
7
12
32
46
48
48
43
34
35
49
49
60
46
31
6
-22
-28
-36
-53
-55
-42
-20
33
65
66
32
-10
-6
9
19
11
-21
-79
-129
-180
-203
-210
-245
-285
-318
-315
-309
-296
-295
-278
-253
-221
-183
-137
-85
-48
-5
19
55
99
113
120
114
107
102
118
117
118
101
67
31
16
27
21
20
12
5
2
-7
-3
13
19
10
-7
-9
6
16
26
32
3
1
9
16
33
49
51
54
39
53
48
57
77
72
76
74
74
62
51
42
44
57
73
76
64
51
35
17
3
4
21
42
87
124
131
130
116
138
168
192
206
188
147
93
58
45
31
25
-9
-53
-89
-115
-140
-146
-151
-140
-136
-128
-118
-96
-88
-84
-60
-40
-14
-5
-8
-7
-5
-10
-10
-23
-19
-24
-43
-61
-79
-88
-97
-101
-99
-104
-110
-128
-129
-114
-91
-68
-72
-50
-30
-5
25
41
42
60
81
104
124
131
138
110
109
109
103
103
77
50
50
34
21
27
6
-25
-37
-43
-33
-24
-26
-34
-27
3
25
56
53
29
27
17
10
3
-11
-32
-66
-113
-131
-149
-180
-213
-244
-250
-245
-240
-240
-224
-212
-179
-154
-114
-68
-36
-3
20
55
89
122
152
163
174
175
161
160
157
147
128
111
93
63
35
8
-13
-13
-23
-34
-30
-30
-17
-6
-19
-3
17
43
84
112
130
144
132
131
162
187
213
220
217
206
201
190
180
169
140
131
115
93
55
29
2
-7
-35
-58
-72
-88
-91
-110
-117
-114
-108
-102
-78
-42
10
45
63
72
62
80
100
106
98
59
7
-22
-58
-86
-98
-138
-167
-185
-204
-206
-217
-213
-195
-176
-161
-128
-102
-82
-82
-92
-86
-89
-71
-62
-66
-71
-101
-126
-142
-144
-149
-133
-151
-162
-166
-174
-165
-150
-121
-99
-57
-43
-1
40
83
102
110
131
164
204
219
225
201
184
161
168
166
167
154
128
112
101
84
90
80
53
61
63
83
50
42
17
-5
-8
-10
-1
0
9
40
51
64
66
39
43
53
62
68
61
36
1
-32
-43
-45
-57
-75
-86
-102
-104
-105
-112
-112
-117
-104
-99
-83
-77
-70
-61
-58
-44
-41
-31
-13
-17
-17
-21
-29
-11
0
-2
-11
-21
-22
-16
-16
-11
-2
4
-5
-23
-33
-43
-49
-61
-63
-64
-65
-62
-56
-58
-58
-50
-41
-19
-2
8
29
48
56
72
86
95
97
92
93
83
90
94
89
87
81
76
59
72
69
78
69
68
74
75
85
96
94
115
169
179
205
192
200
215
205
203
189
154
105
58
15
-19
-63
-107
-139
-172
-193
-206
-219
-220
-219
-217
-192
-174
-167
-136
-116
-111
-93
-68
-64
-53
-48
-53
-63
-66
-77
-82
-97
-86
-90
-89
-69
-70
-45
-36
-21
-11
7
26
55
76
92
109
114
133
153
179
186
193
192
198
195
206
203
188
181
151
135
113
102
98
76
68
34
3
-14
-50
-61
-71
-62
-81
-98
-113
-126
-120
-109
-73
-62
-37
-61
-83
-84
-93
-89
-94
-105
-123
-134
-154
-157
-180
-204
-223
-225
-215
-208
-202
-225
-217
-217
-200
-174
-163
-133
-104
-81
-37
-15
-5
-2
6
13
24
35
51
48
35
31
33
49
53
54
51
67
78
85
96
99
113
127
124
133
139
137
146
137
134
117
90
88
71
73
76
69
66
59
52
51
63
61
61
48
46
40
34
51
42
42
39
44
50
41
43
32
36
44
47
64
90
99
110
115
130
143
155
175
184
170
166
152
136
115
89
71
28
-4
-31
-70
-96
-123
-151
-156
-171
-167
-174
-177
-176
-167
-147
-127
-108
-93
-85
-77
-76
-73
-69
-76
-83
-93
-93
-86
-87
-87
-95
-93
-101
-118
-110
-108
-108
-99
-95
-91
-70
-61
-52
-52
-35
-16
1
18
17
33
34
20
9
15
30
51
47
40
30
11
6
-12
-20
-23
-12
-9
-8
-3
-9
-11
-8
-4
12
41
44
57
46
49
70
83
119
150
144
144
142
125
131
123
129
119
106
94
71
43
15
-5
-34
-47
-55
-73
-90
-101
-118
-124
-132
-133
-128
-101
-83
-84
-81
-76
-61
-37
-28
-20
-10
-14
-20
-26
-24
-7
-3
-4
1
-5
-9
-12
-11
-11
0
5
22
34
38
26
26
47
62
72
87
94
105
114
110
120
112
118
115
120
126
128
128
127
126
129
140
131
134
128
113
103
89
67
57
43
27
14
-2
-24
-61
-77
-83
-75
-70
-67
-70
-72
-86
-86
-89
-79
-59
-47
-44
-47
-56
-70
-78
-88
-80
-76
-72
-80
-88
-98
-102
-105
-115
-123
-117
-110
-102
-95
-96
-98
-91
-70
-59
-58
-59
-63
-60
-56
-54
-42
-41
-41
-50
-46
-54
-48
-46
-39
-28
-33
-15
-10
-9
-9
-7
4
26
37
42
46
44
41
40
54
77
78
92
93
91
91
86
99
105
122
125
118
106
99
93
89
88
77
67
63
65
70
72
82
83
71
70
65
72
66
57
57
51
40
29
27
17
10
-1
-17
-24
-32
-48
-63
-78
-94
-101
-105
-102
-122
-123
-128
-130
-130
-120
-119
-111
-109
-119
-117
-116
-103
-115
-113
-107
-107
-113
-110
-104
-98
-83
-82
-75
-68
-53
-37
-36
-15
-10
6
19
39
55
58
63
49
62
70
74
86
80
89
87
81
85
83
85
93
86
82
75
75
88
92
93
91
96
96
97
95
92
93
87
81
83
76
77
69
46
42
45
47
51
54
53
66
61
68
76
86
97
96
97
94
87
75
60
39
22
9
-10
-28
-38
-62
-73
-99
-115
-121
-131
-134
-131
-122
-113
-119
-112
-120
-129
-117
-112
-95
-92
-94
-93
-101
-109
-108
-105
-105
-106
-99
-92
-87
-86
-87
-84
-81
-68
-60
-46
-33
-30
-12
1
20
38
52
64
72
80
91
107
109
118
114
110
118
114
103
106
100
101
95
76
75
59
49
43
40
52
54
66
55
51
41
44
49
58
65
63
58
39
28
14
22
27
26
16
1
-14
-30
-33
-52
-60
-65
-74
-81
-100
-113
-126
-140
-142
-150
-157
-161
-157
-163
-170
-168
-168
-167
-164
-150
-151
-148
-148
-158
-143
-138
-123
-106
-92
-76
-75
-64
-43
-29
-5
10
22
36
44
57
71
92
103
112
120
115
124
128
137
146
147
152
151
165
172
171
177
172
170
169
160
158
160
146
134
137
127
123
114
107
94
89
82
79
79
73
68
60
56
58
50
43
36
24
16
8
-5
-14
-17
-25
-36
-48
-47
-54
-50
-61
-63
-78
-86
-97
-105
-119
-127
-143
-156
-161
-176
-167
-168
-168
-174
-162
-151
-135
-128
-109
-106
-93
-81
-72
-68
-72
-63
-61
-53
-55
-51
-53
-52
-40
-33
-24
-9
1
4
7
25
28
36
41
42
46
40
50
57
62
65
62
69
63
52
59
64
73
83
78
79
77
71
67
70
79
89
94
87
80
80
87
91
89
92
95
87
90
85
82
76
66
64
47
42
41
28
21
11
-4
-16
-23
-22
-22
-38
-42
-46
-40
-40
-39
-41
-42
-38
-42
-42
-50
-59
-62
-72
-85
-91
-90
-101
-117
-127
-140
-142
-150
-150
-157
-161
-158
-150
-147
-146
-138
-132
-119
-120
-109
-99
-87
-71
-64
-51
-29
-15
3
12
15
28
39
49
52
64
80
89
111
126
131
140
147
159
168
165
171
170
166
162
165
160
156
146
132
132
126
123
119
102
91
90
85
77
73
67
67
63
49
34
23
21
14
5
-1
-9
-13
-16
-23
-33
-32
-31
-36
-32
-24
-23
-31
-34
-43
-47
-47
-58
-53
-66
-78
-78
-84
-86
-100
-101
-101
-101
-101
-102
-97
-98
-87
-87
-82
-75
-85
-79
-72
-64
-61
-54
-53
-59
-60
-58
-48
-46
-29
-14
-14
-9
-2
14
11
19
10
11
17
10
3
-4
4
-2
1
-10
-18
-14
-10
-5
-16
-20
-19
-19
-6
1
18
22
21
27
29
37
42
44
51
51
46
51
53
56
52
53
54
62
52
47
56
58
61
60
60
57
63
61
60
64
68
71
56
46
42
34
28
26
23
13
8
0
-5
-9
-19
-33
-35
-46
-58
-73
-79
-89
-103
-105
-109
-107
-113
-110
-106
-107
-100
-95
-91
-86
-83
-82
-72
-69
-62
-55
-53
-47
-46
-40
-36
-29
-20
-12
4
10
15
24
27
41
46
54
54
58
71
75
80
76
86
84
80
82
80
84
85
90
92
99
96
91
92
90
101
108
103
107
96
93
86
83
80
79
79
68
63
57
48
39
34
23
21
16
11
2
-8
-7
-20
-22
-33
-43
-37
-52
-51
-62
-57
-40
-37
-37
-39
-44
-42
-46
-50
-54
-67
-76
-101
-105
-115
-120
-117
-122
-125
-131
-128
-126
-116
-117
-108
-104
-92
-76
-62
-49
-47
-32
-23
-12
-5
10
12
16
33
26
41
36
48
44
40
53
52
58
62
61
62
62
64
55
51
43
43
52
45
46
49
41
36
27
27
31
28
30
30
31
25
21
15
22
24
29
32
27
23
13
13
3
-2
-7
-10
-6
-16
-33
-39
-47
-40
-37
-34
-36
-45
-47
-51
-37
-33
-24
-17
-19
-18
-10
-2
-1
-7
-8
-3
6
18
5
2
10
9
15
19
18
14
4
3
6
-5
-6
-17
-23
-37
-55
-56
-62
-62
-60
-66
-63
-46
-49
-46
-33
-25
-23
-16
-10
-11
-3
-6
-2
-4
1
7
6
-1
-8
-3
-5
4
6
10
13
12
5
8
9
-3
7
11
19
15
17
16
13
13
14
25
29
36
40
43
54
53
55
65
58
60
67
54
54
62
59
55
43
39
49
48
39
33
29
31
21
22
24
17
14
16
19
16
10
-6
0
5
-2
-3
-15
-24
-19
-15
-16
-12
3
6
7
6
12
10
19
15
7
3
-13
-4
-10
-13
-20
-26
-32
-31
-32
-34
-37
-48
-45
-45
-31
-36
-36
-28
-31
-20
-27
-32
-31
-37
-36
-28
-28
-22
-22
-30
-28
-30
-28
-28
-17
-11
-13
-17
-19
-20
-19
-8
1
-5
1
4
9
17
19
17
12
12
12
23
35
35
23
19
18
20
25
30
27
20
27
28
24
21
22
12
9
9
1
-4
-4
-10
-12
-13
-28
-31
-23
-17
-17
-18
-14
-14
-7
-5
-5
9
-1
1
-4
0
7
10
12
2
12
14
6
3
7
3
5
3
4
1
-3
-5
2
2
-6
3
1
7
2
-8
-8
-1
-1
2
7
6
11
9
1
-1
-6
-10
1
9
2
0
0
-2
-1
-4
-2
-1
-4
-3
-7
-14
-9
-12
-19
-13
-26
-28
-20
-29
-25
-32
-34
-36
-48
-40
-41
-41
-42
-45
-44
-38
-36
-28
-28
-20
-27
-25
-21
-22
-8
-5
-1
0
5
8
20
21
30
35
38
46
41
54
59
68
73
81
80
74
72
76
75
71
68
63
61
57
48
42
41
34
48
44
41
41
34
24
16
10
5
6
4
5
-5
-8
-15
-24
-25
-25
-27
-30
-23
-25
-32
-34
-37
-38
-26
-21
-27
-29
-33
-28
-31
-25
-29
-38
-40
-50
-57
-58
-58
-59
-56
-60
-54
-54
-59
-47
-52
-52
-53
-43
-45
-45
-36
-26
-18
-15
-19
-9
-3
0
15
5
3
14
16
23
16
18
23
18
26
27
32
39
43
54
53
51
46
44
35
36
48
52
56
49
45
40
33
31
28
39
36
39
35
35
40
28
34
27
30
29
21
22
22
23
30
40
39
40
27
14
12
9
5
-3
-13
-32
-48
-51
-57
-57
-56
-60
-72
-74
-68
-66
-68
-69
-60
-59
-51
-49
-48
-43
-37
-28
-20
-20
-21
-25
-23
-19
-23
-28
-29
-33
-31
-24
-22
-22
-23
-18
-13
-10
-5
-2
9
7
7
16
19
24
33
42
42
44
39
35
39
44
48
43
40
46
48
44
47
50
51
52
53
52
53
57
56
57
61
61
63
58
52
55
54
47
35
36
32
21
22
18
15
10
-2
-16
-14
-28
-31
-39
-49
-56
-63
-71
-81
-80
-87
-85
-79
-81
-82
-79
-76
-80
-79
-78
-87
-77
-76
-70
-66
-65
-68
-70
-66
-67
-63
-57
-54
-47
-34
-33
-29
-25
-20
-16
-9
6
16
23
18
32
30
26
30
31
51
50
52
51
53
62
63
74
74
78
87
96
83
88
83
85
83
73
74
62
61
53
47
38
25
32
28
33
21
22
15
15
9
3
4
-9
-1
-15
-16
-14
-21
-19
-22
-24
-24
-35
-32
-31
-32
-35
-35
-31
-27
-17
-25
-24
-27
-30
-28
-35
-31
-30
-34
-30
-28
-21
-12
-16
-14
-16
-17
-17
-24
-18
-20
-17
-25
-25
-29
-29
-20
-25
-34
-29
-19
-20
-18
-21
-17
-18
-9
-5
-3
1
0
9
9
12
15
12
18
21
22
29
24
25
20
20
20
19
18
16
20
12
13
13
19
23
23
35
33
34
37
43
46
43
43
43
52
46
42
48
45
32
34
34
31
23
16
17
17
19
13
16
6
8
4
3
3
-2
-1
-10
-9
-8
-18
-21
-26
-30
-33
-34
-35
-42
-43
-48
-43
-40
-48
-48
-53
-52
-46
-44
-45
-47
-47
-40
-33
-30
-25
-22
-20
-24
-18
-18
-18
-5
-15
-14
-19
-15
-14
-10
-1
-6
7
12
13
14
13
14
14
12
11
15
13
12
17
17
10
19
19
23
28
24
26
26
25
19
24
22
24
21
21
24
22
23
23
22
33
33
31
24
22
26
22
20
15
16
17
16
18
10
6
-1
0
-2
-12
-12
-21
-22
-30
-40
-36
-38
-33
-28
-33
-32
-33
-29
-34
-39
-38
-35
-35
-40
-37
-38
-37
-30
-35
-32
-24
-20
-18
-22
-12
-4
5
15
6
4
9
10
12
17
21
20
22
20
22
23
24
31
38
21
14
15
5
-2
-7
-7
-7
-11
-8
-16
-16
-12
-13
-9
-9
-3
0
5
6
8
11
21
19
21
11
15
22
24
12
6
9
6
12
12
7
14
19
8
15
16
15
8
3
-1
-5
-4
-1
-1
-6
-6
-17
-13
-8
-14
-16
-18
-26
-36
-34
-37
-42
-41
-38
-33
-35
-18
-19
-12
-14
-7
0
6
22
26
22
24
21
32
33
43
46
47
45
47
45
41
36
33
40
34
32
25
23
25
29
26
18
15
13
12
7
2
0
-1
1
-6
-13
-16
-11
-13
-8
-7
-2
-5
-12
-9
-10
-9
-4
-7
-11
-13
-9
-11
-10
-9
-16
-10
-13
-17
-12
-18
-15
-10
-9
-13
-12
-12
-11
-13
-16
-15
-19
-18
-16
-16
-11
-10
-6
-9
-5
2
0
-6
-7
-12
-7
-5
-3
-1
-2
-5
-6
-6
0
-3
-1
12
6
11
6
7
8
9
9
5
1
10
10
10
11
4
10
13
11
8
10
8
9
2
5
4
-5
-4
-7
-16
-9
-11
-15
-12
-12
0
-5
1
13
11
16
18
23
21
24
23
22
12
10
6
8
8
-1
-1
-7
-1
-1
-1
1
-2
-7
-2
-7
-8
-1
2
-2
-5
0
0
-2
-7
-7
-10
-16
-20
-22
-20
-24
-20
-22
-25
-28
-19
-25
-26
-24
-34
-27
-22
-24
-19
-19
-21
-15
-14
-14
-14
-3
-7
-3
-4
-11
-4
-8
-3
1
3
6
3
3
-1
2
0
-4
6
6
9
12
16
23
20
25
18
20
18
18
23
24
26
29
24
22
23
13
22
18
20
22
19
13
15
19
22
19
14
11
10
10
0
0
3
-6
-7
-2
-13
-8
-14
-18
-19
-27
-21
-20
-17
-15
-21
-22
-20
-30
-21
-30
-27
-22
-25
-23
-19
-27
-25
-33
-30
-23
-20
-18
-22
-12
-11
-1
-4
9
4
8
9
15
20
21
25
28
26
31
39
35
43
36
43
46
53
56
56
57
53
46
38
33
26
28
31
26
29
31
27
27
28
32
28
30
21
11
9
7
6
-2
-1
-7
-15
-16
-14
-19
-27
-24
-27
-24
-19
-26
-22
-24
-20
-24
-30
-26
-30
-27
-25
-22
-17
-20
-20
-19
-26
-17
-15
-20
-17
-21
-30
-21
-23
-20
-22
-27
-26
-26
-19
-25
-21
-13
-7
-5
0
4
6
1
8
8
10
18
18
14
13
18
11
19
22
15
16
14
18
18
20
17
16
15
13
11
9
-1
2
1
-3
-2
-1
-8
-12
-16
-15
-9
-7
-2
-4
-7
-10
-10
-9
-12
-7
-14
-15
-11
-11
-17
-21
-22
-22
-23
-20
-24
-22
-18
-15
-13
-16
-7
-7
0
-1
-8
-5
-10
-9
-6
-4
-4
-12
-10
-6
-5
-4
-5
-8
-10
-11
-8
-6
-11
-4
-1
9
10
10
6
5
9
5
11
4
8
10
11
13
18
20
19
15
23
23
17
19
18
19
30
35
31
34
34
34
39
36
37
36
37
39
30
23
22
17
15
16
15
15
14
10
15
4
-2
-6
-7
0
-10
-12
-16
-21
-27
-33
-31
-35
-35
-37
-38
-37
-37
-39
-42
-35
-34
-37
-38
-39
-36
-38
-32
-37
-37
-29
-28
-20
-14
-12
-10
-16
-12
-8
-9
-5
-8
2
0
-7
-1
8
8
6
11
13
19
22
26
22
23
30
33
30
38
32
34
34
37
34
36
36
37
33
26
24
22
33
30
37
37
32
28
28
24
18
17
11
10
7
2
-8
-11
-12
-17
-11
-13
-10
-7
-1
0
-2
-4
-11
-12
-16
-20
-21
-30
-27
-24
-26
-26
-20
-10
-18
-13
-8
-8
-2
-3
-4
-1
-5
-2
2
7
3
0
-6
-7
2
5
0
6
1
2
6
4
1
1
4
3
9
3
2
5
5
0
3
0
3
6
3
1
2
-4
-2
-2
-8
-13
-16
-20
-15
-20
-27
-18
-21
-21
-12
-16
-17
-19
-21
-18
-14
-9
-2
-1
-7
3
7
7
5
5
11
13
8
10
7
11
1
6
8
-1
7
0
9
9
12
13
4
4
6
-1
0
0
-2
-8
-14
-9
-7
-4
-14
-15
-14
-1
1
1
3
5
4
4
-1
-4
-2
-7
-4
-5
-3
0
1
2
4
8
15
15
11
8
10
2
1
-1
-3
-2
-4
-8
-6
-10
-9
-10
-3
-5
-5
2
-3
4
2
0
3
1
1
2
-3
-3
-9
-8
-4
-3
1
6
7
6
6
2
0
4
6
5
7
8
4
9
11
11
9
8
15
15
14
13
10
13
13
8
7
2
3
-4
-3
-12
-17
-11
-24
-27
-25
-28
-27
-21
-19
-14
-18
-18
-12
-20
-11
-16
-15
-16
-18
-16
-13
-13
-18
-16
-12
-9
-11
-2
-4
-4
-2
4
14
9
16
18
23
22
27
26
23
30
18
21
20
26
22
32
31
35
29
30
32
22
21
16
24
26
25
16
18
19
14
18
14
14
12
18
16
17
14
8
9
6
-3
-2
-12
-9
-8
-11
-10
-20
-17
-21
-13
-9
-7
-2
0
0
-1
-7
-10
-16
-11
-14
-11
-6
-14
-12
-10
-12
-9
-3
-1
-8
-11
-11
-8
-3
1
-1
-6
-5
-11
-8
-17
-18
-18
-20
-22
-26
-26
-24
-20
-22
-17
-14
-17
-18
-18
-18
-15
-9
-10
-6
4
-7
0
-2
0
6
2
11
4
3
0
3
2
4
0
6
7
3
2
6
12
10
12
13
24
21
18
12
15
22
28
21
17
15
18
24
22
15
10
10
6
6
2
4
-3
-3
-5
-9
-3
-7
-6
-12
-12
-9
-13
-10
-8
-3
-1
5
0
0
0
1
6
0
-6
-2
-4
6
2
-6
-2
-5
-3
-4
-5
-10
-11
-8
-10
-10
-10
-11
-13
-12
-5
2
-7
-10
-17
-16
-15
-12
-8
-13
-15
-13
-13
-8
-7
-5
-1
-5
2
-4
4
3
4
5
5
2
-1
4
-4
-7
-8
-10
-4
-5
-2
-2
3
-1
4
-2
-3
-1
-5
5
-4
0
7
4
8
4
6
6
6
18
17
14
18
16
14
14
13
7
12
12
12
11
2
5
0
4
4
4
2
-5
-4
-1
-2
-7
-10
-9
-2
-4
-3
-5
-3
-3
-3
2
-5
-8
-11
-3
-3
4
2
3
7
7
7
0
9
5
8
12
12
12
10
16
10
10
11
19
21
21
26
18
23
19
19
18
19
15
13
14
14
17
19
25
15
16
14
12
8
0
-3
-6
-14
-15
-19
-14
-21
-32
-29
-34
-22
-33
-29
-25
-27
-16
-17
-16
-20
-19
-25
-17
-15
-18
-14
-9
-5
-7
3
3
7
1
-4
-6
-3
-4
-8
-8
1
-1
1
-3
4
3
1
1
1
4
-2
8
7
11
18
13
22
20
20
20
9
11
15
11
16
10
9
6
9
8
7
8
10
11
9
13
10
3
0
-3
-8
-6
-9
-9
-9
-17
-18
-14
-14
-13
-12
-11
-9
-15
-14
-12
-15
-16
-19
-21
-25
-18
-10
-7
-14
-8
-12
-13
-13
-6
3
-3
-1
-6
-6
3
-2
-1
0
-3
-2
2
1
-8
-1
3
10
10
11
10
7
5
0
-3
5
6
4
3
-5
-4
-3
4
2
0
-2
-2
-5
-1
0
-7
-7
-5
-2
7
5
8
3
-4
4
6
6
7
11
16
23
21
10
9
7
1
-2
-2
3
1
9
6
6
-1
-10
-6
-13
-13
-9
-7
-3
-1
2
3
1
3
-2
-2
-7
-8
-12
-8
-7
-9
-11
-7
-5
-2
-8
-8
-8
-11
-3
-5
0
-3
6
5
3
8
-2
0
2
1
1
4
2
10
3
0
7
1
9
7
11
13
11
6
4
6
7
12
12
7
5
12
10
13
14
17
24
15
18
12
17
13
12
13
10
14
9
13
16
13
13
9
10
5
6
7
-1
0
7
9
10
2
-3
-6
3
2
-6
3
-1
2
-7
-11
-11
-7
-9
-12
-12
-16
-10
-15
-18
-22
-24
-30
-34
-26
-28
-24
-23
-19
-18
-17
-16
-11
-12
-15
-11
-13
-7
-4
-2
-5
-14
-9
-11
-9
-2
4
6
8
3
2
5
8
11
6
-5
-8
8
23
20
20
26
30
24
21
16
15
23
28
35
35
40
33
23
20
18
16
18
12
13
12
16
9
-2
-3
-12
-10
-12
0
3
0
0
-6
-8
-16
-19
-21
-19
-12
-16
-22
-23
-20
-16
-14
-18
-23
-16
-17
-13
-15
-13
-18
-20
-24
-19
-17
-14
-11
-19
-21
-25
-19
-13
-7
-17
-12
-10
-2
-5
0
5
3
12
6
11
12
12
8
15
13
9
4
3
7
7
8
3
5
9
10
6
2
0
4
3
0
-8
-10
-10
-10
-11
-13
-15
-19
-21
-14
-16
-11
-8
-11
-6
-8
-7
-5
-5
-8
-6
-2
-7
-9
-4
-3
5
4
4
8
5
1
8
2
2
11
4
7
10
12
11
6
6
11
13
12
14
10
10
11
13
13
10
3
8
7
8
4
5
9
12
12
5
9
16
22
17
16
15
15
6
16
9
1
5
7
6
6
0
-5
-3
-3
-9
-9
-12
-15
-7
-9
-8
-7
-5
-1
-2
-6
0
-5
4
1
5
5
3
-3
-4
2
2
1
1
1
-2
0
-1
-1
-2
3
6
3
3
-7
1
3
5
4
5
7
7
9
1
6
7
8
1
8
7
8
6
6
4
1
7
3
8
8
-1
-5
-2
1
-1
6
14
7
7
0
5
10
11
5
5
5
0
0
3
4
1
4
4
4
1
4
1
-2
-11
-7
-6
-8
-8
-3
-3
-5
-8
-13
-17
-20
-17
-15
-13
-23
-15
-18
-6
-5
-10
-13
-8
-6
-10
-7
-7
-8
-6
-10
-12
-10
-8
-6
-7
-4
-4
-4
-4
-5
-1
1
-4
-2
-6
-8
-4
-4
1
-4
-5
0
-5
-4
6
2
5
1
-1
-7
-11
-9
-5
-6
-6
-6
-8
-2
-2
2
5
1
-4
0
-3
-1
-3
2
5
5
8
1
1
4
7
6
5
3
2
3
1
7
7
8
11
12
11
11
9
7
15
15
12
11
7
4
-1
3
-2
3
2
4
-1
9
11
3
1
3
5
3
2
-2
-2
-6
-3
-5
-8
-11
-12
-15
-14
-18
-16
-14
-10
-9
-15
-11
-13
-11
-5
-4
-1
1
1
4
-2
8
2
-2
3
0
3
-3
-8
-3
-4
0
1
-2
0
-4
3
-5
-5
-6
-1
2
-7
4
6
11
9
1
2
2
7
8
6
2
-1
4
-8
1
0
-2
-1
-3
5
1
1
1
8
7
7
9
13
7
14
15
7
12
9
10
5
5
3
9
10
9
11
9
11
14
15
15
11
8
12
3
1
-6
-6
-4
-7
-9
-15
-10
-8
-7
-4
-2
-2
-1
0
3
1
-1
2
3
0
0
-5
-1
0
2
2
4
4
7
13
16
16
15
8
5
0
0
2
1
5
1
2
1
1
6
3
5
7
2
2
2
3
4
10
11
14
10
8
10
6
6
2
-1
-7
-12
-12
-17
-18
-18
-19
-19
-14
-13
-20
-8
-3
-1
0
4
3
3
5
-2
-5
-7
-8
-6
-11
-13
-13
-4
-8
-12
-2
-4
0
0
-6
-4
-5
-3
-4
-9
-6
-8
-7
-6
-10
1
9
10
13
19
14
18
21
15
14
10
10
7
1
0
-3
-9
-13
-16
-13
-16
-13
-11
-7
-6
-14
-13
-7
-5
-8
-3
-7
-10
-9
-16
-20
-14
-13
-9
-8
-6
3
-6
3
1
-9
-4
-5
1
4
2
6
1
-2
10
9
10
15
22
29
18
15
11
-3
0
-8
-13
-10
-11
-13
-14
-16
-6
-7
-20
-23
-23
-18
-14
-17
-12
-10
-9
-3
-8
-10
-5
-1
-3
2
0
-2
-2
-1
9
7
2
3
1
5
6
4
-1
-4
-2
2
2
-6
6
7
13
11
9
10
2
7
10
12
13
13
8
13
8
13
5
6
3
-8
0
4
8
8
12
13
5
1
1
4
-2
-5
-2
-6
3
5
6
8
7
-1
0
-3
6
4
0
5
1
4
3
11
4
3
-4
-5
5
5
10
12
16
18
14
15
15
16
15
19
14
7
5
7
7
11
10
7
14
7
9
10
5
10
16
6
6
2
6
6
-1
2
2
2
-2
-3
-5
-2
3
8
9
5
5
8
7
11
11
10
9
5
4
2
0
-6
-10
-11
-16
-15
-15
-15
-10
-11
-14
-13
-18
-13
-16
-15
-18
-26
-19
-23
-20
-16
-12
-12
-20
-21
-22
-23
-24
