SAMPLES:	13055
BITSPERSAMPLE:	16
CHANNELS:	1
SAMPLERATE:	16000
NORMALIZED:	FALSE
-6
-5
-4
-1
-10
-6
0
-13
-10
-6
-10
-12
-10
-7
-5
-5
-3
-9
5
3
-3
5
-2
-7
1
-4
-3
-1
-5
-8
2
-2
-7
1
1
-2
5
0
-3
9
3
1
6
6
2
5
1
-9
-5
1
-8
-1
5
1
2
9
3
2
13
4
5
6
3
-2
7
4
-4
6
4
-6
-1
-9
-5
-1
-8
-5
6
3
-1
1
-1
2
1
8
3
1
-2
-6
-5
-4
-3
-4
-2
-4
-2
-2
6
10
1
9
7
1
5
5
-3
-1
5
2
2
2
0
1
5
2
4
7
2
1
7
-2
-6
-2
-2
-10
-8
-6
-7
2
5
-3
8
7
1
9
6
-4
-6
2
-7
-4
-7
-8
-10
-5
-4
-8
1
-1
-7
1
-7
-9
-7
-16
-9
-8
-8
-4
-11
-7
-2
-9
-4
-3
-4
-1
-2
2
-2
2
4
-2
7
7
6
-2
-4
-5
-1
8
3
7
11
6
8
10
6
8
12
8
3
12
5
7
8
5
0
11
8
0
4
6
1
0
5
5
5
13
14
10
14
11
8
7
7
6
4
5
-3
-1
-2
-5
0
4
3
4
7
0
1
1
4
-2
-1
-3
-11
1
-9
-5
-8
-5
-8
-4
-2
-11
-5
-10
-8
-14
-8
-4
-8
1
-2
-5
-4
-5
-5
-4
0
-5
-2
2
-5
-1
5
-3
-3
-4
-6
0
-1
-5
-1
-3
-3
2
-4
-4
-7
-5
-6
-9
-1
-4
-6
-7
-2
-5
-1
1
10
7
7
8
8
11
8
9
8
5
4
4
3
1
3
2
0
4
0
2
9
5
4
4
7
5
9
5
9
9
9
10
10
6
-4
5
0
2
2
0
0
-2
-3
-5
2
-3
-5
-2
-3
-4
-7
-5
-8
-8
3
-5
1
3
-5
-7
-9
-6
-9
-7
-6
-4
1
-3
-8
-9
-8
-13
-7
-1
-3
2
5
-5
1
-2
-1
6
8
0
-1
6
5
2
1
-3
0
-5
-4
4
0
5
0
3
6
3
5
6
6
8
4
8
1
9
7
0
6
0
3
-2
-1
-7
-4
-11
-14
-12
-13
-14
-20
-13
-10
-13
-11
-9
-11
-12
-6
-14
-9
-4
-12
-7
-4
-3
-1
0
-7
-5
3
2
-4
-1
-1
-3
1
-2
-6
-2
1
-2
-3
-1
0
2
2
6
5
9
7
1
3
12
5
9
13
10
7
14
15
7
11
9
10
11
10
5
7
7
-1
2
15
8
11
15
8
5
3
5
3
8
8
4
14
11
7
13
10
11
10
15
7
7
14
1
0
7
-4
3
1
-2
-7
-5
-3
-9
-5
-7
-7
-6
-6
-4
1
-3
-3
1
-4
0
3
3
2
1
6
3
3
2
-3
-1
-8
-6
-5
-10
-15
-13
-12
-18
-16
-22
-22
-19
-17
-26
-14
-9
-17
-16
-15
-16
-17
-15
-16
-15
-11
-16
-22
-21
-19
-22
-21
-15
-22
-17
-12
-16
-14
-8
-16
-17
-9
-16
-13
-11
-8
-8
0
3
-1
1
7
3
13
21
19
26
29
29
25
31
25
24
32
38
32
34
37
37
41
43
40
42
45
45
45
44
45
43
43
42
33
38
40
35
31
30
29
26
25
23
22
21
31
30
35
34
31
32
32
32
38
37
32
34
26
32
20
16
2
-5
-5
-23
-24
-35
-45
-64
-78
-84
-90
-97
-102
-110
-113
-120
-129
-127
-125
-128
-128
-127
-123
-120
-122
-109
-104
-98
-92
-90
-78
-58
-55
-56
-47
-40
-39
-27
-24
-13
-7
4
8
19
27
30
38
45
56
55
69
69
80
84
91
98
106
111
106
105
113
109
105
104
97
89
86
78
71
72
55
45
43
36
21
13
8
-5
-17
-19
-35
-44
-50
-56
-68
-65
-70
-67
-61
-61
-64
-59
-49
-51
-35
-30
-29
-25
-9
-12
0
13
18
27
35
42
48
53
54
64
72
77
75
79
88
86
89
88
86
93
94
91
92
89
84
85
79
80
71
77
77
71
78
77
75
77
73
63
58
53
49
48
41
26
14
-1
-14
-31
-50
-66
-86
-106
-127
-142
-165
-181
-199
-218
-230
-243
-254
-263
-267
-282
-286
-288
-295
-280
-289
-282
-266
-250
-238
-220
-199
-186
-161
-141
-124
-99
-75
-62
-42
-16
1
17
37
57
80
92
116
129
147
164
169
182
199
211
217
229
240
239
249
254
251
261
261
255
253
252
240
229
218
210
188
177
161
136
116
94
72
53
36
9
-7
-24
-46
-69
-81
-98
-118
-126
-137
-140
-143
-150
-157
-159
-147
-149
-146
-134
-129
-116
-107
-93
-83
-68
-54
-42
-20
-6
9
24
40
48
62
75
86
96
105
113
119
124
125
129
134
136
135
145
140
139
138
138
132
128
127
125
126
124
122
125
121
117
112
109
98
99
103
96
87
73
53
40
25
-3
-22
-56
-74
-102
-132
-164
-203
-234
-271
-307
-336
-357
-389
-408
-433
-453
-462
-474
-472
-471
-463
-463
-443
-427
-411
-381
-361
-339
-306
-274
-244
-198
-165
-136
-99
-59
-27
10
50
76
112
146
176
199
230
254
271
290
312
325
342
361
364
376
380
383
384
384
374
371
358
347
331
323
309
291
270
239
219
187
160
134
99
74
43
12
-20
-53
-75
-100
-126
-148
-168
-179
-196
-206
-210
-214
-208
-203
-195
-185
-174
-164
-144
-128
-109
-85
-60
-38
-15
4
30
57
72
102
111
127
148
160
166
173
182
190
190
194
193
196
202
193
185
180
171
155
146
131
118
114
103
89
93
90
78
82
75
71
60
60
51
41
33
31
26
17
-4
-29
-41
-62
-88
-113
-132
-163
-192
-224
-257
-298
-335
-371
-396
-418
-450
-473
-494
-509
-526
-536
-528
-517
-508
-497
-482
-461
-441
-412
-388
-347
-310
-277
-235
-192
-143
-109
-68
-27
9
43
84
126
154
194
228
262
291
316
339
366
384
401
413
425
433
442
449
453
456
451
441
432
415
404
390
368
347
328
298
264
237
204
175
134
103
68
34
7
-24
-59
-80
-107
-130
-149
-168
-175
-193
-198
-211
-221
-219
-211
-204
-194
-174
-172
-159
-137
-121
-109
-82
-58
-35
-9
14
32
55
67
79
101
120
124
133
151
156
153
152
155
148
150
149
143
141
143
130
112
114
104
83
74
67
53
50
42
27
28
35
15
5
7
-2
-13
-10
-11
-15
-8
-11
-19
-20
-32
-49
-69
-72
-93
-122
-146
-176
-209
-242
-277
-316
-341
-372
-400
-422
-439
-459
-481
-488
-488
-481
-478
-469
-444
-428
-409
-385
-356
-330
-290
-253
-208
-159
-121
-87
-39
3
37
80
126
162
191
224
249
273
301
316
331
356
379
395
411
431
438
435
441
458
454
445
429
419
403
384
358
336
324
292
253
225
193
157
127
92
56
32
-4
-34
-67
-91
-128
-161
-174
-191
-206
-212
-227
-238
-241
-241
-239
-231
-209
-199
-190
-170
-149
-135
-123
-96
-66
-42
-22
1
24
42
51
76
103
107
105
130
152
145
148
166
175
173
170
166
179
159
144
146
135
119
115
114
100
83
79
76
55
43
46
37
27
17
18
9
-7
-15
-17
-13
-23
-17
-15
-25
-31
-39
-40
-41
-61
-77
-77
-90
-123
-143
-164
-200
-232
-263
-288
-312
-326
-360
-389
-403
-421
-442
-444
-438
-448
-441
-430
-430
-410
-381
-370
-347
-301
-259
-224
-173
-131
-99
-54
-16
24
66
111
139
175
221
249
270
304
330
340
357
379
379
380
403
404
389
403
402
390
389
390
374
354
349
325
313
297
254
218
207
184
133
111
96
66
33
22
6
-38
-71
-92
-116
-132
-144
-167
-182
-181
-198
-213
-218
-213
-216
-203
-185
-173
-153
-142
-120
-92
-66
-54
-47
-16
20
40
56
83
98
102
118
136
135
133
116
117
135
126
93
86
106
92
78
92
103
80
66
75
81
67
51
53
51
42
23
0
4
2
-10
-4
6
10
6
5
-4
-8
-2
1
-3
4
9
-4
-11
-20
-28
-38
-49
-55
-70
-102
-141
-167
-205
-243
-274
-300
-321
-349
-375
-404
-415
-431
-451
-445
-427
-427
-417
-396
-370
-344
-325
-298
-259
-212
-171
-139
-97
-51
-26
12
51
92
128
159
189
206
240
276
292
311
324
334
339
338
347
334
322
328
325
327
316
300
278
262
239
201
194
189
161
149
134
115
84
77
64
41
39
12
-5
-16
-24
-66
-92
-84
-99
-124
-134
-137
-131
-142
-152
-154
-152
-129
-116
-119
-101
-68
-55
-39
-12
12
36
52
56
92
108
101
104
128
144
137
158
170
147
153
181
176
161
164
154
141
135
121
117
101
83
72
70
67
42
15
8
-11
-14
-27
-28
-19
-39
-51
-50
-31
-40
-46
-42
-42
-51
-46
-33
-33
-21
-26
-25
-26
-34
-33
-38
-41
-61
-77
-81
-114
-138
-157
-210
-249
-269
-282
-309
-332
-349
-363
-374
-385
-386
-373
-364
-365
-350
-319
-288
-276
-249
-217
-188
-152
-127
-83
-34
-8
14
44
70
91
121
146
171
177
196
210
222
240
242
248
259
259
264
291
297
279
277
274
269
260
250
225
207
204
184
165
156
142
111
82
74
59
27
-9
-18
-30
-65
-75
-65
-85
-116
-127
-116
-132
-135
-109
-85
-114
-140
-120
-78
-92
-110
-72
-27
-6
-2
36
74
82
83
97
141
159
145
156
185
168
133
134
155
148
139
136
127
119
123
116
95
107
103
77
74
107
97
61
64
66
59
28
23
22
-1
-32
-60
-50
-55
-65
-63
-49
-47
-43
-52
-70
-63
-60
-60
-63
-53
-23
-22
-55
-45
-30
-45
-66
-59
-57
-88
-116
-142
-159
-184
-221
-254
-267
-287
-310
-335
-338
-353
-376
-368
-361
-334
-329
-327
-305
-273
-247
-231
-203
-172
-130
-107
-91
-54
-33
-14
11
31
44
67
92
125
148
149
156
175
194
195
219
221
195
210
237
241
237
256
247
224
217
232
218
182
172
166
164
135
107
102
97
65
42
50
44
10
-3
10
2
-41
-59
-57
-70
-74
-63
-45
-62
-67
-42
-18
-15
-21
2
42
44
44
81
83
59
64
96
97
93
137
162
159
167
176
169
161
155
157
156
147
138
142
150
129
97
96
93
61
45
40
12
-7
8
-13
-37
-26
-26
-35
-59
-54
-54
-65
-62
-68
-91
-94
-73
-73
-62
-58
-66
-73
-75
-81
-84
-65
-56
-75
-60
-41
-44
-40
-54
-75
-81
-85
-108
-132
-146
-180
-227
-241
-232
-257
-273
-274
-302
-324
-332
-342
-339
-305
-293
-302
-286
-260
-242
-222
-175
-147
-125
-100
-77
-45
-3
19
20
46
74
91
99
124
134
147
162
161
179
181
178
196
212
209
208
220
217
212
227
224
201
199
204
197
186
156
128
123
137
104
86
70
53
37
25
29
-2
2
9
29
0
-35
-16
-3
-48
-71
-20
-6
-29
-9
46
41
10
42
81
75
69
112
99
80
100
124
111
92
108
130
130
139
162
140
116
106
103
108
106
78
60
66
41
25
25
39
19
-4
10
6
-13
-17
-14
-39
-49
-59
-42
-34
-51
-74
-80
-87
-68
-29
-21
-45
-50
-31
-34
-56
-41
-24
-39
-43
-38
-39
-51
-70
-89
-106
-103
-98
-115
-124
-148
-182
-223
-255
-263
-270
-280
-308
-333
-349
-354
-359
-349
-348
-341
-321
-293
-277
-269
-233
-198
-187
-153
-99
-75
-52
-28
-20
-22
13
46
67
103
121
122
126
144
165
197
207
203
231
242
247
249
260
262
230
235
261
249
221
220
213
160
160
184
166
125
115
115
106
100
77
63
65
54
31
20
11
-18
2
-7
-58
-68
-42
-43
-39
-1
-11
-40
-33
1
1
18
74
64
62
108
98
48
53
109
90
85
147
170
136
109
122
102
67
79
83
98
104
58
15
25
47
27
13
40
52
28
23
16
-13
-12
-9
-18
-28
0
-10
-61
-70
-53
-71
-35
6
13
1
-23
-44
-17
-4
-15
-1
13
22
-9
-17
-43
-60
-56
-79
-77
-74
-99
-127
-163
-221
-276
-294
-295
-302
-306
-330
-370
-379
-376
-405
-399
-355
-327
-308
-291
-281
-270
-251
-251
-245
-183
-110
-93
-87
-52
-35
-46
-17
48
95
108
134
159
152
173
192
218
255
281
295
288
283
273
239
269
282
273
271
288
268
205
182
175
148
138
149
119
88
88
79
56
77
81
26
56
94
52
15
-4
-31
-63
-43
-36
-47
-56
-67
-66
-58
-72
-62
-26
14
12
35
89
74
55
63
93
80
81
162
167
125
122
134
111
100
127
105
90
106
114
81
75
87
40
5
47
71
31
8
-24
-8
-13
-32
-17
-13
-15
-59
-61
6
42
34
51
51
28
12
32
23
39
71
61
17
-8
23
-7
-54
-43
-37
-67
-72
-96
-151
-195
-243
-337
-350
-309
-339
-395
-407
-420
-499
-512
-457
-424
-410
-399
-422
-425
-379
-349
-357
-317
-235
-225
-221
-138
-86
-84
-73
-24
3
65
153
152
158
211
211
201
253
296
288
279
302
286
267
287
268
259
276
283
279
290
285
257
237
236
217
204
185
187
165
111
58
2
-7
-12
-24
-51
-67
-64
-82
-73
-65
-94
-129
-108
-32
-42
-53
-37
-46
-48
-4
19
18
63
99
66
39
35
47
83
116
142
163
167
159
131
114
122
129
159
196
195
185
178
135
127
144
131
120
128
96
41
20
-20
-27
-19
-12
-30
3
75
85
92
98
78
76
121
141
143
161
167
127
104
106
107
84
54
29
-19
-60
-114
-168
-236
-301
-347
-410
-409
-422
-462
-521
-585
-583
-609
-619
-583
-584
-558
-541
-549
-501
-468
-418
-376
-370
-306
-267
-218
-178
-143
-109
-99
-63
3
65
97
115
149
185
209
256
306
335
339
349
334
323
340
345
339
333
344
356
345
336
307
270
254
247
237
228
218
187
159
129
100
84
97
73
23
0
-27
-43
-66
-67
-83
-75
-63
-65
-63
-81
-100
-139
-137
-118
-103
-60
-9
-13
-16
22
22
34
107
189
172
159
194
205
173
153
192
215
245
280
271
206
167
159
138
136
144
137
83
53
39
0
-36
-33
-11
17
92
146
168
110
29
32
57
94
135
182
182
133
87
66
50
47
43
5
-20
-29
-104
-193
-238
-325
-391
-420
-426
-439
-449
-515
-642
-705
-715
-691
-659
-597
-566
-620
-652
-629
-576
-515
-431
-392
-359
-280
-231
-211
-188
-136
-93
-33
50
132
161
155
161
183
208
275
361
407
433
399
358
357
386
402
424
463
445
388
364
342
296
286
267
227
195
218
203
123
104
82
23
5
48
62
34
44
15
-41
-43
-47
-68
-66
-16
-21
-69
-75
-99
-138
-125
-76
-44
-6
48
47
23
27
59
98
138
177
188
206
244
224
163
177
211
217
245
259
233
188
189
204
163
129
135
116
88
90
61
-14
13
147
246
276
237
146
67
68
117
159
228
269
225
142
105
81
52
28
-6
-25
-51
-137
-255
-378
-475
-555
-619
-606
-580
-603
-699
-799
-860
-854
-814
-760
-705
-655
-640
-678
-694
-618
-519
-468
-403
-323
-265
-219
-195
-173
-130
-62
14
76
158
230
201
174
205
265
328
417
489
488
460
420
400
412
465
506
483
448
418
351
300
277
245
213
204
190
182
160
103
14
-41
-23
-32
-44
-20
-34
-93
-119
-102
-86
-63
-30
-21
-36
-28
18
55
89
173
211
180
137
139
213
255
255
229
227
259
251
253
280
271
238
222
259
287
252
202
136
102
130
148
141
97
65
20
-26
-15
-9
39
158
254
274
214
106
84
140
256
310
337
364
269
175
146
150
109
68
12
-29
-96
-214
-375
-522
-599
-668
-736
-779
-796
-866
-983
-1083
-1100
-1053
-979
-895
-863
-832
-820
-813
-743
-612
-473
-398
-363
-310
-279
-225
-145
-72
11
82
126
166
216
251
227
235
311
402
477
530
563
541
512
511
564
573
588
575
508
455
392
341
309
310
276
173
81
59
6
-46
-57
-99
-163
-185
-204
-227
-226
-197
-210
-204
-128
-75
-33
-16
18
48
104
189
213
211
240
306
332
353
462
520
467
442
433
391
360
397
384
332
328
293
194
145
201
221
163
149
121
52
3
-26
-72
-108
-107
-150
-117
51
234
250
160
76
57
145
262
333
368
370
281
176
170
218
222
178
103
12
-88
-202
-350
-495
-571
-641
-745
-782
-811
-902
-1007
-1112
-1122
-1089
-1009
-933
-933
-933
-939
-942
-870
-691
-532
-469
-437
-412
-373
-285
-192
-95
1
91
130
169
244
287
268
307
386
455
551
612
625
605
618
604
604
638
646
603
559
508
440
384
321
269
214
163
110
30
-37
-87
-164
-238
-256
-269
-330
-351
-297
-285
-288
-272
-258
-243
-163
-73
-42
12
85
172
209
298
372
385
416
489
594
628
632
608
598
615
634
619
607
572
517
478
417
360
320
259
168
92
80
57
-5
-93
-127
-108
-21
140
206
155
5
-48
10
143
281
341
323
255
174
130
151
179
160
80
5
-88
-203
-345
-506
-637
-715
-766
-814
-847
-911
-1045
-1196
-1250
-1196
-1128
-1069
-1031
-1057
-1084
-1042
-968
-809
-602
-508
-498
-463
-389
-286
-164
-45
30
93
150
176
227
294
315
353
429
507
579
634
636
600
581
575
592
626
651
611
509
432
416
395
349
294
211
101
25
-27
-49
-92
-170
-274
-355
-360
-314
-291
-281
-273
-285
-273
-217
-126
-70
-32
7
63
124
199
271
331
394
419
451
501
556
601
597
594
598
622
646
646
613
561
519
482
444
440
421
326
217
175
140
100
28
-25
6
95
225
228
102
-29
-51
59
198
312
317
225
140
109
152
211
232
192
85
-41
-133
-204
-327
-452
-557
-671
-760
-816
-877
-973
-1091
-1193
-1221
-1158
-1107
-1087
-1111
-1125
-1104
-1040
-906
-768
-642
-616
-633
-584
-474
-323
-207
-131
-90
-72
-31
48
150
262
336
328
348
422
514
593
650
650
631
640
657
658
637
589
515
479
462
443
382
291
173
62
8
-6
-34
-76
-167
-271
-317
-337
-338
-327
-333
-347
-363
-333
-253
-169
-112
-85
-51
14
108
214
309
386
459
506
549
587
632
682
699
763
794
787
758
728
698
670
646
591
550
500
414
320
241
177
86
10
11
121
224
230
102
-86
-143
-14
152
238
239
163
75
6
63
158
207
158
44
-40
-92
-150
-266
-384
-491
-586
-686
-761
-778
-824
-939
-1061
-1091
-1060
-1038
-1037
-1062
-1060
-1049
-1007
-935
-813
-683
-646
-666
-613
-497
-374
-273
-213
-170
-156
-125
-40
81
192
236
215
232
311
369
447
531
565
535
495
501
518
564
561
512
500
496
427
340
276
247
184
132
95
39
-55
-137
-200
-225
-225
-222
-262
-298
-265
-257
-267
-212
-120
-108
-112
-46
39
88
162
215
258
344
457
529
586
633
656
618
630
727
776
769
740
731
683
623
568
516
476
425
363
244
150
96
12
15
152
284
171
-66
-160
-83
81
196
165
70
29
26
30
91
199
184
40
-75
-81
-117
-231
-361
-459
-516
-581
-660
-742
-783
-851
-961
-1025
-944
-877
-919
-988
-988
-904
-849
-784
-681
-588
-557
-536
-483
-358
-229
-191
-185
-175
-125
-69
-14
63
138
151
119
156
260
344
390
388
385
409
409
375
328
315
300
304
304
299
258
159
65
45
74
50
-42
-141
-217
-253
-253
-249
-244
-268
-316
-343
-313
-228
-155
-137
-139
-91
-38
25
121
195
258
317
345
382
467
563
651
689
733
740
748
776
815
845
839
829
765
726
700
663
563
488
462
398
314
215
159
176
273
293
143
-72
-163
-71
71
139
68
-30
-105
-118
-55
3
20
-24
-129
-214
-204
-218
-358
-508
-574
-616
-679
-710
-757
-848
-923
-957
-941
-885
-805
-814
-879
-841
-737
-642
-584
-493
-393
-353
-323
-242
-128
-78
-23
-12
-1
71
135
155
144
183
197
184
198
279
325
322
332
340
344
286
232
205
212
238
219
180
119
32
-36
-78
-87
-101
-164
-254
-313
-345
-359
-387
-428
-412
-427
-431
-401
-346
-303
-269
-242
-238
-189
-90
15
76
166
261
283
311
411
512
569
652
719
725
753
798
806
815
865
921
922
905
898
823
741
693
668
633
570
482
315
226
302
454
416
205
-30
-145
-9
168
206
80
-35
-113
-132
-81
-19
-18
-132
-257
-328
-324
-377
-513
-663
-726
-751
-814
-878
-939
-955
-987
-1026
-995
-938
-887
-895
-890
-785
-643
-550
-504
-431
-321
-218
-151
-60
60
117
137
160
208
268
323
327
304
335
339
294
306
383
428
405
383
357
325
280
268
254
227
187
91
49
36
4
-47
-110
-173
-271
-343
-400
-421
-437
-454
-520
-578
-568
-550
-557
-548
-500
-450
-407
-367
-321
-256
-177
-104
-4
97
170
219
260
346
467
569
628
683
741
756
742
754
777
809
847
835
784
735
734
694
673
650
606
520
415
352
353
451
557
531
293
63
84
263
417
394
196
46
15
64
87
89
51
-61
-187
-221
-209
-290
-506
-675
-733
-738
-770
-883
-1020
-1058
-1038
-1048
-1001
-961
-971
-1011
-1005
-874
-707
-586
-533
-505
-393
-246
-127
-20
98
182
192
207
302
409
437
453
457
446
480
489
498
507
556
552
466
427
444
375
285
257
230
178
117
52
-46
-105
-112
-189
-270
-297
-354
-486
-539
-506
-507
-579
-623
-629
-651
-654
-607
-550
-485
-440
-433
-417
-334
-186
-89
-35
36
126
177
239
331
431
517
575
614
640
664
687
717
772
811
816
747
683
678
696
674
599
570
517
439
335
281
299
398
502
453
235
41
64
228
399
422
270
115
93
150
180
161
124
46
-62
-124
-139
-243
-433
-569
-618
-645
-706
-818
-961
-1019
-1007
-984
-952
-968
-994
-995
-952
-797
-632
-555
-546
-489
-356
-224
-86
42
114
159
216
272
342
422
476
461
418
460
482
481
501
532
553
552
564
497
416
384
360
356
346
312
158
28
0
-18
-78
-179
-257
-374
-438
-476
-520
-565
-618
-668
-743
-749
-701
-714
-731
-675
-599
-564
-507
-427
-356
-276
-168
-86
-5
83
159
199
274
412
483
555
615
663
684
692
725
752
776
787
748
674
639
633
628
592
519
448
382
300
234
240
312
451
442
241
-15
-62
140
352
387
230
74
40
88
149
163
116
32
-73
-127
-136
-169
-335
-534
-614
-616
-649
-742
-843
-889
-900
-921
-926
-905
-887
-841
-793
-716
-579
-515
-522
-478
-326
-137
-46
15
84
114
155
225
322
399
449
467
438
423
465
478
444
484
542
581
535
489
444
396
405
443
450
366
259
124
67
95
112
18
-137
-271
-343
-393
-453
-446
-509
-627
-709
-711
-710
-727
-725
-720
-721
-673
-583
-536
-486
-357
-252
-209
-130
-30
73
119
195
313
395
469
557
601
614
641
654
674
708
765
773
706
640
607
581
537
527
509
449
338
272
208
156
200
334
404
254
60
-22
78
283
388
273
62
62
170
220
211
181
100
1
-15
-15
-65
-206
-376
-505
-584
-599
-629
-746
-837
-859
-877
-943
-956
-894
-850
-848
-780
-676
-644
-623
-539
-414
-271
-166
-119
-106
-30
119
221
247
268
342
335
300
319
385
391
407
485
445
418
445
488
489
472
494
480
458
472
446
306
228
221
216
149
34
-49
-186
-254
-251
-268
-351
-486
-582
-639
-637
-617
-631
-680
-716
-678
-631
-586
-515
-422
-399
-357
-242
-135
-75
-33
44
148
248
363
456
451
464
540
590
622
679
699
637
592
625
659
610
559
526
477
460
439
374
229
118
92
98
205
354
354
145
-52
-43
164
373
402
227
94
153
281
332
274
197
146
96
91
107
20
-181
-375
-438
-390
-405
-542
-715
-791
-768
-744
-752
-776
-781
-790
-777
-723
-619
-524
-502
-473
-379
-244
-213
-248
-189
-99
-2
42
55
11
3
89
153
165
171
176
129
149
236
291
283
319
371
350
334
346
381
373
318
268
220
196
186
152
61
-21
-80
-134
-192
-224
-268
-369
-459
-478
-465
-516
-558
-578
-558
-544
-499
-439
-423
-400
-327
-268
-224
-114
-28
22
89
206
277
302
324
401
468
509
568
582
588
606
620
597
555
558
559
553
532
488
408
295
214
211
187
108
63
97
220
340
273
75
-23
117
384
501
394
255
229
327
466
495
428
332
261
234
239
242
114
-105
-256
-291
-310
-381
-503
-603
-670
-696
-720
-777
-806
-802
-776
-724
-644
-599
-588
-571
-507
-390
-327
-307
-270
-191
-129
-115
-112
-113
-61
-2
55
80
74
21
-44
26
166
252
242
184
159
219
294
311
297
277
257
211
198
181
146
113
64
19
-31
-67
-134
-201
-227
-268
-335
-437
-462
-454
-493
-522
-529
-535
-550
-502
-444
-394
-348
-300
-256
-204
-94
28
67
74
152
211
254
327
430
479
495
534
546
570
623
668
682
644
610
599
542
498
483
414
314
270
259
176
72
63
130
238
358
318
120
-25
109
403
571
495
326
265
363
506
564
503
401
398
391
361
309
198
-5
-176
-203
-191
-248
-430
-586
-641
-646
-676
-711
-778
-801
-788
-754
-727
-726
-674
-667
-618
-528
-466
-467
-467
-376
-276
-192
-155
-181
-175
-134
-35
17
32
-3
-21
4
50
139
204
202
130
134
205
275
291
268
223
192
214
243
209
125
79
41
-11
-31
-30
-88
-175
-233
-275
-332
-377
-401
-439
-491
-519
-519
-523
-511
-484
-458
-444
-383
-320
-263
-211
-132
-59
-18
41
106
178
251
333
377
410
426
475
561
611
643
642
604
586
585
593
591
553
491
427
354
317
293
222
157
91
50
51
136
287
372
284
110
64
239
497
614
513
391
397
517
638
677
657
582
482
445
437
400
295
131
-25
-92
-121
-236
-386
-493
-554
-589
-670
-763
-798
-818
-822
-827
-808
-803
-823
-814
-767
-663
-595
-603
-606
-579
-492
-387
-323
-281
-240
-201
-170
-145
-94
-32
1
21
53
79
122
171
209
208
226
273
276
256
240
282
292
288
241
144
79
95
112
56
-12
-63
-131
-240
-265
-246
-274
-354
-385
-423
-448
-442
-428
-462
-472
-414
-383
-381
-334
-241
-202
-166
-100
10
56
90
186
242
321
406
472
458
455
500
538
544
560
612
580
523
478
457
412
395
380
340
288
269
237
164
117
117
161
234
346
449
428
268
210
368
573
705
663
537
522
605
717
708
662
638
598
516
428
392
307
121
-43
-116
-184
-310
-451
-577
-651
-687
-737
-837
-926
-938
-911
-905
-879
-830
-856
-914
-884
-746
-625
-599
-611
-583
-534
-467
-395
-357
-331
-229
-155
-157
-140
-128
-106
-67
18
120
162
158
117
129
208
272
298
289
261
260
264
269
268
234
178
88
53
47
58
12
-76
-143
-183
-233
-303
-329
-377
-413
-420
-443
-479
-520
-504
-484
-463
-369
-299
-271
-220
-140
-83
-22
80
185
226
241
308
381
445
519
568
563
551
563
569
585
612
607
566
534
518
487
411
367
378
378
330
271
214
180
181
243
355
479
511
408
302
351
573
766
777
628
558
629
716
756
721
647
533
451
421
372
279
101
-113
-286
-359
-432
-568
-695
-804
-848
-930
-1029
-1074
-1079
-1083
-1059
-1011
-1017
-1032
-1028
-960
-844
-703
-641
-708
-736
-636
-482
-377
-329
-333
-322
-256
-160
-95
-64
-43
-15
52
123
204
255
244
249
306
381
421
385
356
329
364
403
389
315
239
165
102
99
88
67
-21
-115
-174
-207
-219
-268
-344
-405
-441
-427
-414
-411
-420
-409
-376
-347
-277
-199
-159
-129
-63
1
86
149
206
294
341
398
426
459
505
548
571
549
550
577
611
586
548
530
482
465
476
475
423
370
319
277
276
300
255
211
257
364
533
601
513
396
382
524
767
862
751
599
581
674
764
784
697
529
391
305
277
238
88
-122
-356
-492
-550
-629
-741
-895
-1003
-1080
-1151
-1213
-1214
-1201
-1188
-1167
-1155
-1160
-1148
-1084
-1020
-906
-803
-773
-768
-741
-660
-544
-453
-346
-315
-278
-222
-153
-51
9
79
128
143
174
248
316
366
378
388
430
447
446
418
393
390
380
352
321
272
208
150
108
94
66
-6
-83
-145
-156
-181
-217
-249
-270
-307
-323
-334
-338
-299
-261
-240
-206
-155
-91
-25
16
80
119
159
183
226
312
398
429
411
419
432
469
502
535
524
504
496
493
497
489
481
458
415
413
444
426
393
358
319
308
325
332
319
403
594
692
652
538
501
616
780
888
811
676
665
690
697
655
580
454
295
172
90
16
-140
-354
-564
-700
-766
-852
-977
-1118
-1208
-1272
-1343
-1362
-1383
-1404
-1400
-1373
-1347
-1287
-1207
-1146
-1101
-1015
-913
-859
-802
-680
-572
-491
-388
-338
-281
-162
-52
6
66
143
177
202
239
325
412
442
421
392
398
460
545
516
445
418
398
383
412
421
355
255
173
134
123
119
83
1
-85
-96
-89
-123
-153
-162
-188
-204
-201
-169
-146
-152
-135
-107
-37
36
57
75
78
128
220
280
285
307
321
332
352
398
431
427
431
435
473
483
476
443
420
426
437
449
449
429
400
379
392
446
431
367
316
307
353
413
512
629
699
690
592
557
655
798
883
824
692
615
587
553
502
441
340
205
89
-29
-150
-324
-514
-683
-809
-907
-1015
-1154
-1299
-1376
-1405
-1454
-1509
-1516
-1524
-1527
-1482
-1418
-1321
-1256
-1205
-1126
-1050
-944
-818
-720
-613
-490
-409
-335
-261
-159
-42
58
126
173
216
258
317
384
431
462
480
464
436
447
482
527
515
483
450
413
381
371
364
307
232
172
128
124
119
86
30
-31
-42
-26
-23
-46
-49
-56
-87
-80
-76
-58
-26
10
44
50
68
85
108
152
201
229
236
249
274
300
334
349
375
400
428
445
440
442
440
458
461
461
445
460
463
439
430
418
405
399
405
414
410
378
361
358
397
467
587
700
715
650
568
589
726
856
865
716
563
504
505
454
370
236
44
-115
-246
-365
-484
-648
-868
-1079
-1214
-1268
-1354
-1475
-1571
-1646
-1684
-1682
-1629
-1602
-1599
-1562
-1502
-1409
-1255
-1122
-1043
-986
-897
-773
-644
-497
-354
-264
-194
-138
-45
88
217
293
304
310
326
395
446
486
492
500
486
425
421
455
481
467
437
404
380
363
372
362
328
328
296
262
223
216
231
203
172
152
139
130
132
134
99
89
99
85
96
123
113
81
64
110
149
171
170
170
180
208
255
285
287
256
232
209
239
286
315
315
296
295
283
276
301
350
380
392
376
345
338
392
441
470
475
456
434
450
493
525
534
562
618
735
854
810
695
573
585
689
751
658
508
390
281
206
87
-12
-138
-316
-514
-683
-784
-895
-1083
-1279
-1412
-1500
-1527
-1570
-1633
-1649
-1671
-1685
-1664
-1572
-1482
-1434
-1386
-1313
-1180
-1005
-895
-816
-729
-653
-524
-389
-247
-122
-33
0
37
143
268
362
399
398
404
429
480
516
540
543
507
487
451
471
469
440
394
378
403
416
435
423
419
372
356
373
383
426
400
349
314
309
339
344
332
302
263
257
237
253
274
232
191
144
90
107
138
130
105
73
64
52
71
103
98
103
76
62
62
73
95
105
104
102
105
132
190
235
257
294
354
369
415
445
454
511
551
573
571
564
546
543
529
492
467
479
479
486
530
569
553
411
262
189
214
260
211
90
-41
-119
-191
-291
-386
-457
-523
-637
-764
-857
-923
-1051
-1223
-1361
-1429
-1419
-1398
-1436
-1478
-1500
-1528
-1532
-1482
-1349
-1216
-1151
-1144
-1085
-959
-828
-656
-528
-464
-402
-334
-209
-65
97
212
253
255
300
401
471
542
582
571
562
588
589
598
626
630
580
540
520
519
539
536
545
545
547
518
475
450
455
475
473
455
466
482
439
372
339
349
379
365
307
263
231
200
163
118
82
34
-14
-65
-60
-52
-55
-102
-145
-129
-112
-85
-72
-57
-31
15
29
49
104
163
205
222
243
270
319
372
429
471
470
452
428
441
509
549
533
478
435
404
377
358
313
243
204
137
78
36
8
-19
-20
20
63
52
-26
-136
-214
-182
-113
-124
-167
-222
-268
-309
-397
-481
-541
-588
-654
-712
-771
-835
-941
-1066
-1185
-1221
-1197
-1164
-1142
-1166
-1214
-1242
-1246
-1182
-1062
-951
-883
-849
-792
-714
-606
-488
-374
-269
-197
-141
-66
38
165
259
321
360
390
456
523
606
681
710
726
736
740
740
779
823
841
827
787
740
728
718
703
710
718
700
676
631
576
554
531
508
474
464
417
334
280
241
201
150
92
65
38
-6
-24
-56
-103
-126
-136
-130
-113
-102
-125
-137
-138
-100
-42
-10
27
55
92
116
127
115
127
177
236
262
239
226
238
255
300
299
244
159
108
133
153
115
42
0
-45
-95
-134
-155
-193
-207
-220
-262
-328
-339
-333
-344
-348
-350
-366
-394
-388
-387
-385
-375
-389
-392
-382
-353
-339
-330
-340
-365
-375
-392
-375
-338
-293
-258
-228
-213
-226
-223
-197
-177
-160
-170
-199
-221
-239
-236
-245
-267
-290
-314
-324
-320
-298
-300
-296
-278
-266
-248
-222
-188
-138
-98
-45
-9
22
60
60
101
136
174
221
269
302
322
353
366
383
417
447
452
477
460
465
491
488
487
482
473
441
435
441
452
448
410
373
340
327
300
282
289
300
306
281
265
245
243
259
285
266
232
247
269
263
236
205
168
139
115
127
103
70
16
-54
-114
-142
-135
-147
-186
-235
-287
-317
-322
-315
-296
-327
-365
-375
-367
-347
-325
-311
-310
-334
-357
-365
-354
-323
-305
-301
-320
-334
-326
-308
-273
-255
-260
-275
-276
-255
-244
-227
-231
-221
-211
-213
-191
-181
-185
-165
-123
-88
-65
-36
-25
-11
29
60
69
113
152
165
172
197
225
230
219
213
211
221
256
261
230
202
186
169
162
166
181
170
142
129
133
130
118
125
123
117
100
100
79
60
48
28
12
-11
-18
-48
-68
-75
-62
-55
-48
-76
-88
-81
-57
-56
-50
-48
-71
-87
-83
-52
-40
4
16
11
5
-1
27
69
100
115
130
138
147
169
177
185
196
214
211
201
221
208
197
176
153
137
112
106
108
103
79
39
-6
-23
-16
-8
-27
-52
-58
-78
-80
-81
-85
-109
-139
-153
-167
-151
-148
-163
-204
-256
-301
-316
-281
-288
-306
-302
-297
-313
-319
-333
-359
-359
-324
-290
-277
-277
-293
-285
-254
-209
-160
-119
-105
-72
-43
-5
59
94
127
156
188
214
237
274
303
335
333
340
365
369
363
372
400
403
394
388
364
387
403
375
362
354
307
239
225
281
303
246
140
113
134
124
65
0
-44
-63
-66
-106
-166
-218
-235
-220
-206
-258
-310
-308
-278
-237
-236
-263
-261
-200
-147
-104
-89
-91
-72
-43
-14
14
23
14
30
52
84
132
111
73
21
15
35
49
19
-36
-36
-35
-21
-48
-94
-140
-152
-140
-152
-178
-199
-191
-174
-172
-203
-223
-251
-258
-223
-196
-188
-215
-238
-221
-181
-163
-195
-250
-267
-257
-184
-133
-138
-172
-199
-180
-142
-112
-139
-145
-102
-12
61
59
37
18
61
103
138
149
131
153
201
257
263
221
211
238
300
381
380
297
216
216
284
323
252
138
100
161
261
271
155
37
39
149
233
214
171
136
156
206
259
252
210
211
253
292
284
231
197
199
204
201
144
74
31
18
3
-17
-71
-108
-128
-122
-136
-175
-207
-228
-212
-143
-88
-125
-183
-206
-173
-114
-82
-104
-113
-64
-5
26
-8
-48
-53
-27
-7
-15
-40
-22
36
68
62
16
2
23
59
83
80
62
77
118
128
96
38
-20
-44
-55
-58
-99
-137
-174
-203
-249
-308
-351
-421
-462
-469
-495
-526
-556
-579
-585
-597
-599
-596
-593
-568
-518
-492
-449
-405
-342
-277
-228
-172
-142
-104
-61
12
65
106
140
163
209
252
286
291
301
326
371
402
422
437
463
472
483
485
468
456
449
473
482
497
499
502
496
504
512
502
476
458
468
455
453
422
392
362
343
297
229
175
105
64
32
-13
-49
-100
-173
-238
-268
-288
-314
-354
-381
-371
-355
-315
-302
-290
-271
-247
-229
-227
-200
-183
-150
-115
-91
-83
-91
-61
-37
-18
-18
-44
-96
-140
-123
-111
-98
-112
-104
-98
-87
-64
-46
-24
-6
29
36
30
35
41
73
100
126
140
116
90
79
67
70
83
76
82
78
74
70
77
100
121
115
62
0
-49
-80
-91
-101
-140
-192
-248
-295
-335
-387
-435
-493
-560
-607
-636
-662
-691
-694
-696
-684
-666
-643
-590
-558
-487
-402
-322
-238
-154
-66
20
123
208
282
346
435
498
535
574
612
636
650
658
653
631
613
602
583
554
518
496
454
413
391
356
330
308
291
240
215
207
188
186
171
177
166
154
134
132
142
153
193
222
250
250
243
197
143
92
59
25
1
-44
-92
-146
-191
-225
-289
-377
-445
-499
-549
-593
-617
-639
-632
-599
-562
-541
-527
-489
-447
-421
-376
-302
-239
-170
-99
-33
13
51
105
137
151
156
144
129
136
144
150
149
130
116
107
103
68
29
-8
-9
7
19
29
41
59
96
117
131
120
98
99
100
120
131
141
161
186
207
245
255
250
264
298
323
366
395
380
353
309
262
188
123
37
-19
-66
-119
-172
-238
-294
-375
-436
-501
-564
-630
-685
-706
-699
-666
-623
-590
-526
-464
-388
-322
-252
-191
-121
-18
67
158
240
334
420
495
540
563
554
534
531
526
515
465
418
374
334
305
232
151
88
3
-84
-148
-183
-203
-228
-220
-227
-215
-194
-216
-191
-180
-166
-130
-97
-70
-34
15
50
88
124
151
172
179
207
224
207
178
117
53
1
-36
-64
-138
-204
-253
-308
-325
-355
-390
-409
-416
-417
-415
-393
-369
-328
-289
-243
-170
-112
-42
19
73
113
136
157
176
199
218
243
263
265
256
253
227
193
177
141
118
87
53
46
33
48
56
70
79
92
124
167
216
241
274
306
343
383
409
430
476
478
467
466
446
456
434
410
383
354
368
379
397
391
356
318
220
121
17
-97
-208
-306
-398
-474
-540
-587
-636
-685
-728
-766
-813
-879
-912
-936
-937
-917
-852
-796
-715
-614
-511
-429
-340
-258
-195
-158
-118
-56
1
72
122
163
205
247
286
302
295
264
178
116
82
27
-5
-21
-29
-32
-43
-69
-111
-147
-172
-168
-150
-122
-110
-81
-54
5
75
137
217
256
317
344
381
408
431
467
471
478
464
453
454
436
414
352
285
253
223
182
111
26
-57
-126
-168
-213
-242
-293
-330
-340
-358
-322
-298
-265
-244
-219
-173
-121
-62
-4
57
91
141
169
216
285
335
387
412
412
406
407
385
355
345
303
257
231
209
186
137
101
82
64
45
22
0
-16
-13
-14
-19
-11
3
25
50
95
120
124
121
108
112
108
114
117
94
73
60
46
29
5
2
-12
-28
-53
-80
-98
-106
-102
-85
-91
-131
-191
-243
-299
-354
-416
-510
-580
-618
-659
-679
-695
-704
-704
-713
-705
-733
-764
-767
-758
-713
-655
-603
-541
-450
-349
-240
-135
-60
11
56
102
152
196
228
266
311
335
366
363
381
377
362
340
305
268
221
189
156
119
111
105
99
81
89
108
119
125
136
145
167
199
223
270
307
355
404
442
487
517
528
527
517
498
461
426
393
367
343
323
301
271
248
222
182
147
113
54
-2
-40
-64
-86
-111
-128
-143
-130
-114
-104
-79
-63
-52
-30
-13
-13
-20
-34
-31
-31
-19
-11
-19
-16
-7
9
15
-11
-45
-73
-110
-143
-176
-213
-251
-254
-235
-212
-199
-198
-210
-213
-215
-223
-230
-242
-231
-227
-210
-192
-162
-128
-109
-75
-62
-53
-76
-92
-85
-96
-97
-88
-106
-107
-93
-66
-32
10
14
9
18
25
53
53
76
90
109
139
164
172
151
136
104
76
-10
-102
-167
-221
-263
-304
-339
-384
-416
-426
-455
-468
-482
-498
-502
-500
-498
-473
-433
-384
-299
-225
-140
-53
29
124
197
235
283
308
333
349
381
416
433
462
477
489
497
491
477
460
423
382
354
330
303
287
249
229
234
232
257
263
273
287
282
283
283
283
286
283
290
300
303
298
301
292
270
247
219
175
125
55
-3
-45
-84
-119
-172
-209
-241
-257
-267
-262
-264
-270
-285
-320
-332
-343
-360
-364
-364
-355
-333
-312
-289
-259
-239
-222
-208
-203
-217
-215
-245
-258
-258
-267
-256
-257
-228
-210
-180
-162
-152
-137
-133
-138
-144
-138
-110
-88
-66
-33
1
29
50
71
107
124
128
136
131
144
161
160
167
174
171
182
189
193
198
195
190
187
178
173
163
143
132
132
142
154
163
173
164
174
182
198
205
205
204
186
169
164
174
165
173
156
146
131
120
90
29
-37
-113
-186
-254
-300
-333
-354
-377
-385
-385
-374
-375
-363
-349
-334
-313
-299
-268
-231
-195
-146
-91
-36
32
98
157
195
213
213
218
223
206
180
158
151
135
122
122
118
106
90
72
58
32
16
-1
-24
-45
-84
-111
-125
-126
-112
-108
-105
-99
-89
-77
-66
-59
-72
-84
-99
-100
-86
-82
-74
-88
-84
-70
-65
-69
-64
-78
-82
-77
-55
-17
16
44
50
62
74
90
93
101
105
90
92
92
120
120
127
122
111
107
107
100
84
72
65
52
51
24
7
-16
-18
-15
-13
-4
-17
-19
-18
7
26
38
44
47
43
49
50
43
57
58
68
81
74
73
66
82
90
96
94
77
80
73
73
80
73
90
83
84
94
88
94
88
82
78
75
75
83
78
84
87
87
92
97
100
98
105
88
65
27
8
0
-21
-41
-64
-93
-107
-115
-133
-156
-185
-194
-207
-225
-249
-284
-317
-350
-384
-411
-439
-446
-450
-444
-434
-426
-412
-411
-398
-404
-399
-396
-376
-341
-300
-255
-208
-158
-119
-60
2
57
93
137
172
196
206
215
222
221
222
210
207
216
216
214
210
200
189
172
148
120
114
99
84
90
88
97
112
136
144
154
167
178
184
191
207
220
242
249
260
260
263
255
253
255
260
262
252
246
223
214
204
201
185
190
190
182
168
151
124
107
101
76
63
26
5
-10
-24
-28
-33
-41
-56
-92
-93
-90
-103
-104
-127
-138
-141
-140
-147
-148
-169
-185
-173
-179
-173
-176
-169
-173
-170
-158
-159
-169
-162
-157
-158
-150
-145
-123
-110
-89
-90
-91
-93
-75
-64
-68
-72
-84
-109
-110
-121
-124
-136
-144
-140
-139
-123
-115
-94
-95
-87
-79
-66
-54
-49
-29
-24
-14
6
20
48
74
96
106
112
118
116
117
115
105
90
70
47
28
17
14
11
3
-14
-22
-20
-31
-39
-58
-77
-95
-122
-153
-172
-180
-186
-183
-174
-164
-144
-124
-100
-80
-48
-34
-31
-19
8
31
55
77
99
126
134
166
205
226
247
256
270
282
285
291
280
270
259
241
222
200
173
158
139
135
116
100
86
72
65
55
38
22
5
-8
-5
-8
1
13
25
33
39
49
49
49
49
59
51
46
39
25
16
5
-9
-12
-16
-31
-50
-61
-75
-91
-95
-112
-130
-144
-155
-173
-175
-183
-182
-197
-204
-204
-201
-200
-200
-177
-168
-152
-123
-104
-84
-64
-49
-42
-35
-35
-22
-29
-23
-16
-5
9
9
18
3
-4
-2
-13
-26
-19
-24
-42
-51
-65
-74
-75
-63
-55
-55
-49
-35
-17
-21
-7
-6
9
13
22
36
38
56
70
81
92
112
131
141
146
159
170
182
184
181
175
173
161
149
158
158
164
149
149
153
141
144
137
132
120
99
78
72
66
61
47
33
11
-7
-5
-22
-27
-50
-63
-70
-77
-85
-75
-64
-69
-70
-70
-58
-64
-70
-91
-105
-122
-135
-159
-173
-181
-196
-201
-198
-184
-190
-179
-161
-160
-151
-163
-150
-152
-162
-144
-131
-120
-103
-87
-75
-54
-39
-22
-7
6
19
34
36
47
56
45
50
64
67
66
62
65
62
67
76
85
83
74
78
64
63
64
62
58
52
47
51
48
53
56
64
61
59
61
62
67
67
70
61
60
51
56
48
56
60
62
67
70
69
54
54
40
24
17
8
1
-11
-20
-31
-33
-25
-3
-4
8
16
28
39
42
56
66
86
83
104
100
110
118
131
143
135
125
115
111
93
61
48
20
3
-9
-26
-41
-59
-64
-72
-88
-100
-119
-139
-149
-154
-159
-153
-153
-153
-158
-158
-143
-130
-110
-94
-97
-87
-82
-90
-85
-88
-77
-83
-88
-80
-76
-67
-63
-62
-64
-69
-64
-67
-62
-58
-50
-45
-30
-17
-10
18
19
28
35
34
46
47
56
67
59
55
67
62
66
55
47
47
40
32
28
25
18
9
17
14
22
28
39
42
49
48
41
39
27
34
24
23
8
-4
-10
-22
-24
-32
-33
-39
-39
-38
-45
-47
-41
-44
-57
-72
-70
-75
-67
-49
-40
-37
-20
-14
-11
7
15
34
42
46
59
70
82
88
106
121
130
131
145
142
130
125
106
89
73
69
55
42
37
30
32
31
34
36
31
33
44
43
48
53
43
45
39
46
45
26
13
2
10
1
-2
-6
-20
-34
-48
-66
-80
-101
-112
-117
-128
-138
-157
-152
-148
-144
-137
-142
-139
-135
-115
-103
-74
-55
-46
-27
-24
-9
8
13
22
25
34
38
41
57
64
68
69
62
55
46
45
37
34
26
23
21
22
30
38
38
60
65
74
83
73
84
86
75
73
74
73
68
57
45
39
44
29
20
11
-1
-4
-2
-9
-14
-14
-16
-19
-16
-11
-5
-5
-9
-8
-11
-15
-17
-20
-17
-7
-19
-19
-29
-31
-32
-49
-55
-59
-63
-69
-58
-68
-71
-73
-69
-75
-78
-73
-68
-62
-56
-56
-45
-42
-38
-37
-46
-40
-30
-19
-21
-19
-22
-32
-42
-51
-44
-57
-42
-38
-47
-48
-65
-61
-60
-63
-61
-70
-64
-60
-53
-45
-50
-45
-51
-36
-31
-25
-17
-11
3
15
27
29
29
51
54
54
75
77
87
77
81
82
77
79
78
84
81
89
87
78
84
73
74
82
92
94
80
86
84
83
84
82
75
74
74
77
81
76
78
83
85
86
88
84
75
75
74
67
55
41
26
13
9
2
-1
-11
-5
-12
-18
-24
-21
-22
-35
-39
-44
-40
-44
-45
-39
-38
-51
-57
-47
-56
-49
-44
-40
-33
-28
-28
-30
-18
-21
-14
-14
-11
-3
1
-5
-13
-7
-21
-16
-12
-13
-26
-36
-40
-43
-46
-50
-53
-51
-58
-51
-43
-32
-28
-28
-22
-24
-37
-51
-72
-96
-120
-143
-162
-184
-197
-202
-210
-205
-216
-224
-211
-195
-183
-177
-165
-162
-158
-142
-118
-94
-54
-31
-9
28
59
71
90
108
128
151
161
173
177
178
173
181
178
163
162
155
143
133
134
134
134
133
128
129
130
126
120
111
110
114
109
107
106
105
111
130
127
139
131
144
145
138
128
115
102
88
87
75
69
54
37
25
19
12
1
-1
-14
-21
-30
-51
-55
-79
-91
-97
-96
-98
-101
-97
-88
-79
-72
-71
-76
-71
-78
-73
-68
-71
-71
-70
-68
-61
-61
-54
-52
-50
-52
-45
-49
-51
-41
-40
-46
-50
-53
-58
-58
-52
-47
-56
-54
-49
-55
-45
-40
-49
-51
-54
-60
-64
-67
-59
-65
-77
-68
-66
-68
-78
-75
-71
-83
-91
-90
-84
-88
-89
-80
-73
-67
-58
-50
-40
-35
-33
-20
-12
-1
12
16
20
34
43
48
68
77
81
95
107
113
119
127
131
127
137
139
135
143
136
146
139
134
136
134
134
131
117
111
100
88
80
66
63
53
56
48
39
47
38
37
27
22
18
10
9
2
3
-4
1
3
-4
-12
-20
-24
-31
-42
-58
-62
-65
-76
-85
-90
-94
-99
-113
-121
-136
-143
-141
-148
-148
-140
-133
-130
-121
-117
-106
-88
-79
-70
-52
-45
-36
-18
-12
-9
-5
7
26
20
23
28
32
32
26
28
17
19
7
6
4
-11
-10
-15
-16
-18
-10
-8
-1
5
13
16
29
31
32
32
38
42
53
57
52
60
60
77
78
88
85
81
87
79
83
70
61
53
37
37
42
46
44
42
38
34
27
26
16
8
8
0
-3
0
2
3
-1
9
11
8
11
10
10
-2
-9
-2
9
14
2
8
3
-3
0
0
2
2
14
9
6
0
7
9
5
7
-4
-5
-15
-29
-21
-16
-21
-31
-39
-43
-61
-67
-80
-83
-76
-94
-91
-82
-76
-77
-69
-63
-60
-48
-41
-27
-23
-17
-13
7
7
21
16
21
29
28
24
20
15
8
15
3
-1
-8
-8
-11
-18
-17
-20
-32
-46
-40
-51
-58
-49
-58
-46
-45
-47
-43
-33
-23
-16
-15
-9
2
12
17
17
28
35
38
47
52
57
58
55
47
43
46
51
52
49
52
47
45
40
30
30
32
38
35
33
31
27
31
33
37
39
40
42
37
33
31
29
29
25
31
38
41
52
46
51
54
51
58
55
62
53
56
50
38
32
19
17
12
15
18
8
-8
-13
-17
-35
-43
-44
-41
-44
-60
-67
-70
-72
-77
-80
-88
-86
-90
-81
-86
-87
-83
-91
-77
-75
-72
-64
-61
-52
-57
-56
-50
-54
-49
-56
-60
-64
-62
-62
-67
-69
-68
-63
-55
-52
-55
-48
-41
-35
-34
-32
-34
-35
-36
-40
-34
-33
-27
-29
-28
-16
0
7
14
28
35
38
47
59
48
45
41
33
38
35
40
43
42
54
49
58
59
55
60
59
68
70
63
72
75
69
75
72
77
84
89
97
103
109
114
119
120
126
120
122
111
102
105
92
93
79
78
74
61
57
53
57
49
45
36
25
22
5
14
0
2
-2
-5
-5
-9
-11
-19
-18
-31
-44
-47
-53
-69
-73
-80
-76
-84
-89
-96
-103
-110
-121
-122
-123
-133
-129
-133
-133
-127
-128
-108
-99
-98
-95
-91
-88
-82
-73
-66
-63
-64
-66
-64
-64
-59
-49
-49
-56
-46
-46
-39
-37
-33
-31
-25
-15
-23
-14
-5
-2
1
1
4
5
16
21
14
23
22
21
21
21
27
25
21
18
18
14
23
25
29
49
56
60
53
59
69
76
84
74
76
80
77
80
85
86
70
73
74
58
61
54
65
56
65
66
69
80
82
83
69
69
68
62
65
66
66
69
65
74
85
78
76
74
78
64
57
55
44
52
53
44
44
37
29
18
13
8
-3
-6
-27
-33
-47
-51
-42
-54
-71
-83
-83
-92
-101
-99
-98
-108
-114
-114
-123
-123
-115
-121
-125
-121
-116
-113
-116
-106
-109
-99
-99
-104
-98
-96
-88
-77
-69
-79
-70
-72
-66
-55
-50
-42
-42
-38
-35
-35
-32
-32
-31
-25
-29
-23
-19
-25
-19
-22
-29
-32
-30
-28
-39
-35
-26
-22
-14
-17
-17
-7
-10
9
17
25
38
47
64
72
82
86
91
105
110
105
104
104
102
96
98
97
88
82
74
75
74
73
71
67
58
54
51
58
57
62
60
49
64
67
75
68
66
80
77
78
89
86
95
98
104
113
100
95
89
93
84
78
64
63
47
34
14
2
2
-19
-32
-47
-57
-68
-78
-83
-85
-88
-94
-100
-106
-111
-117
-103
-112
-109
-111
-105
-101
-103
-94
-92
-96
-96
-88
-97
-89
-88
-86
-88
-93
-90
-90
-92
-78
-72
-68
-70
-71
-62
-68
-67
-58
-56
-58
-50
-43
-34
-31
-33
-30
-29
-14
-11
-6
5
6
13
16
18
20
21
31
38
43
45
45
55
63
58
73
70
75
68
67
71
63
66
61
68
69
68
65
66
69
72
70
67
66
71
62
68
64
69
63
51
47
47
50
50
54
55
56
59
64
56
62
67
68
67
59
63
54
57
63
58
65
53
51
47
28
32
24
15
6
-3
-8
-19
-25
-15
-4
-11
-11
-23
-22
-28
-37
-43
-51
-48
-63
-75
-77
-81
-87
-103
-101
-103
-108
-109
-113
-109
-106
-102
-105
-106
-103
-102
-98
-102
-95
-92
-91
-94
-87
-80
-79
-81
-80
-64
-67
-60
-58
-50
-46
-42
-37
-34
-20
-18
-12
-7
-4
5
9
10
17
19
29
16
24
25
27
37
25
27
31
36
42
47
54
59
53
57
62
58
58
60
65
62
61
67
69
72
71
70
65
52
45
43
53
49
45
38
31
32
25
21
19
30
27
22
26
21
29
37
41
42
39
38
42
38
45
46
40
42
38
32
38
36
42
44
42
41
40
38
30
27
18
10
3
-7
-18
-16
-25
-28
-26
-29
-31
-38
-34
-46
-44
-45
-50
-60
-56
-57
-66
-71
-76
-80
-72
-69
-76
-75
-80
-87
-82
-77
-81
-78
-84
-82
-82
-77
-73
-72
-69
-66
-58
-50
-44
-41
-39
-36
-32
-21
-29
-27
-19
-28
-25
-25
-17
-25
-15
-13
-13
-10
-5
-4
-2
7
11
16
22
29
29
34
44
54
51
53
60
62
61
63
71
77
80
77
77
75
73
73
73
63
63
71
66
67
62
60
54
57
53
44
45
36
35
40
42
58
53
54
49
49
56
60
60
50
53
58
61
52
47
39
39
31
30
37
33
32
25
24
18
13
6
-2
-6
-19
-20
-28
-38
-46
-57
-62
-66
-66
-71
-69
-76
-76
-74
-79
-67
-75
-76
-72
-71
-71
-71
-71
-67
-76
-82
-73
-73
-78
-70
-63
-60
-58
-46
-45
-47
-43
-46
-33
-40
-39
-32
-31
-23
-23
-20
-18
-19
-20
-22
-20
-17
-11
-14
-13
-13
-12
-10
-9
0
-3
3
-1
1
0
12
11
11
18
18
22
16
30
36
41
43
53
53
55
64
61
69
66
69
64
71
72
65
67
62
53
52
48
38
35
29
37
31
24
22
12
18
20
22
25
26
18
18
20
17
16
17
17
19
26
27
33
35
32
36
27
29
31
29
21
16
18
12
11
10
7
-10
-18
-22
-15
-20
-17
-28
-31
-33
-36
-46
-50
-48
-61
-56
-59
-58
-54
-54
-60
-61
-56
-51
-52
-59
-59
-55
-56
-66
-71
-71
-65
-64
-59
-60
-60
-60
-58
-57
-52
-48
-54
-55
-58
-55
-50
-52
-48
-41
-42
-36
-30
-33
-23
-22
-16
-16
4
8
16
21
19
42
40
44
43
44
48
49
50
53
64
70
78
66
65
71
62
60
52
51
42
41
45
38
36
24
29
25
31
28
30
31
33
36
30
34
37
34
36
44
45
46
47
45
52
49
49
49
48
52
49
48
49
51
44
42
47
54
54
56
55
44
48
37
39
38
26
21
14
10
3
0
-9
-10
-21
-21
-24
-35
-30
-36
-36
-42
-41
-52
-61
-65
-69
-71
-74
-83
-86
-91
-96
-93
-96
-93
-88
-86
-88
-85
-90
-86
-89
-83
-83
-74
-69
-67
-57
-58
-48
-50
-45
-39
-43
-35
-37
-32
-30
-24
-24
-20
-17
-10
-6
3
12
15
19
17
34
34
39
38
40
45
42
54
63
61
59
56
58
60
51
51
55
62
57
56
56
54
53
51
50
46
41
38
36
30
32
36
36
38
26
32
33
29
34
33
31
36
39
46
44
34
35
39
39
31
25
19
20
16
13
12
10
7
1
4
2
6
4
6
-1
1
-1
4
1
-14
-15
-23
-22
-25
-35
-37
-39
-34
-37
-40
-36
-48
-48
-54
-59
-54
-47
-42
-45
-49
-48
-58
-64
-65
-62
-62
-61
-62
-57
-51
-51
-53
-46
-39
-40
-35
-37
-28
-33
-33
-22
-22
-24
-28
-18
-19
-25
-21
-27
-23
-17
-10
-13
-11
-8
-5
-8
-8
-2
1
12
9
15
18
16
17
14
20
22
21
27
23
23
32
30
30
33
36
45
43
44
40
39
42
45
35
33
21
27
23
34
30
32
27
19
19
18
16
10
12
10
12
18
20
12
20
18
19
13
20
29
26
28
22
23
18
26
31
30
29
30
35
38
41
42
44
38
31
27
26
28
27
22
21
18
16
13
14
11
14
7
1
-3
-10
-18
-20
-20
-21
-16
-21
-18
-24
-25
-31
-33
-31
-33
-36
-42
-46
-49
-58
-58
-64
-68
-70
-69
-69
-75
-69
-72
-66
-63
-63
-69
-70
-67
-59
-59
-50
-46
-44
-38
-32
-28
-29
-27
-27
-23
-17
-7
-11
-3
-2
14
19
25
15
21
27
32
48
44
47
49
51
52
64
57
63
60
59
63
61
58
48
41
49
52
46
53
42
43
30
34
45
41
47
45
42
43
39
26
34
34
33
27
19
20
20
10
12
13
9
5
2
12
7
9
7
1
3
3
9
1
-6
-7
-8
-4
0
-2
-8
-1
-8
-10
-10
-10
-9
-15
-19
-19
-21
-21
-22
-30
-41
-33
-39
-41
-42
-37
-39
-45
-46
-58
-55
-64
-61
-62
-56
-47
-54
-51
-51
-51
-37
-43
-43
-40
-34
-29
-33
-26
-28
-28
-30
-28
-25
-33
-31
-30
-18
-18
-23
-14
-14
-8
-1
2
5
10
11
11
16
28
31
36
37
37
41
43
52
50
46
50
48
45
37
35
27
30
29
31
35
29
28
24
29
29
27
21
20
19
16
11
14
6
4
12
8
8
8
8
4
6
5
6
5
2
5
4
1
-3
0
-4
-7
-7
-10
-8
-12
-11
-12
-16
-15
-20
-15
-22
-22
-16
-14
-14
-11
-13
-8
2
5
7
8
10
11
13
13
10
12
13
14
20
13
17
13
6
-1
5
-1
-1
-3
-9
-2
-7
-9
-9
-10
-17
-18
-28
-23
-24
-23
-18
-21
-22
-22
-16
-19
-17
-20
-15
-25
-18
-19
-21
-13
-25
-26
-28
-19
-25
-22
-21
-19
-17
-12
-10
-2
8
6
10
7
9
10
14
20
20
19
21
19
21
30
29
30
23
17
24
27
33
32
35
42
41
45
40
42
47
37
40
42
39
34
32
29
29
35
29
30
29
27
20
13
11
18
11
-1
-4
-7
3
-3
-7
-10
-9
-21
-21
-21
-24
-20
-23
-18
-22
-24
-22
-25
-31
-25
-23
-24
-19
-21
-19
-13
-8
-4
-8
-12
-7
-11
-11
-16
-16
-25
-24
-18
-23
-25
-24
-23
-28
-25
-23
-20
-19
-18
-22
-22
-21
-17
-18
-24
-25
-22
-18
-21
-14
-19
-15
-20
-21
-10
-17
-5
-1
-2
-6
-6
2
2
1
9
8
11
8
3
-1
2
7
2
6
6
14
19
16
17
11
19
24
21
26
28
24
23
21
17
14
14
20
17
25
25
24
29
29
32
31
34
38
36
35
32
29
33
20
18
11
10
5
0
3
4
2
-1
-6
-7
-12
-16
-15
-10
-8
-10
-12
-13
-8
-9
-7
-12
-12
-10
-8
-5
-3
-4
-10
-11
-18
-10
-16
-15
-10
-9
-14
-14
-16
-14
-17
-18
-21
-26
-25
-32
-27
-35
-28
-34
-27
-30
-27
-23
-15
-15
-24
-20
-22
-19
-15
-13
-13
-18
-16
-18
-15
-11
-16
-9
-14
-9
-17
-6
-1
-7
-2
-5
-12
-17
-8
-7
-4
-1
-6
-1
-3
-4
2
6
10
21
19
22
29
34
29
28
40
35
40
41
38
47
40
39
39
33
29
28
31
25
22
28
29
25
25
29
27
24
21
16
9
17
15
14
15
14
17
9
12
7
6
2
-1
1
-6
-5
-5
-7
-3
-2
-4
-4
-3
-6
-1
-3
-3
-3
-5
-1
4
-2
1
1
3
6
-2
1
-2
-10
-4
-9
-10
-4
-15
-10
-6
-6
-6
-6
6
0
1
-8
-7
-13
-11
-6
-15
-5
-14
-4
-2
-7
-9
-13
-15
-12
-19
-21
-25
-24
-18
-23
-16
-22
-23
-25
-25
-23
-28
-28
-30
-31
-27
-28
-36
-32
-34
-36
-31
-23
-20
-16
-18
-18
-16
-6
-4
-3
3
7
8
8
9
15
15
19
23
24
23
23
26
28
35
33
31
31
31
27
33
30
23
25
25
33
32
27
28
29
38
38
33
29
20
21
14
12
11
16
13
17
15
13
23
14
18
15
16
13
2
2
-9
-12
-17
-15
-14
-15
-18
-15
-17
-22
-17
-25
-23
-27
-23
-23
-25
-22
-21
-17
-16
-19
-17
-20
-19
-17
-14
-13
-11
-16
-15
-11
-14
-14
-11
-14
-19
-22
-24
-16
-20
-13
-13
-20
-17
-21
-18
-14
-15
-8
-13
-11
-12
-13
-13
-9
-15
-8
-5
-6
-7
-7
-12
-15
-11
-11
-8
-5
-6
-5
2
1
6
6
5
11
11
16
17
16
18
17
15
18
25
23
23
26
25
26
25
24
25
26
31
24
21
20
21
23
23
22
24
23
12
17
22
27
24
20
17
21
15
12
13
9
14
8
7
12
3
1
2
-6
-2
-1
1
0
-4
-1
-7
-5
-8
-11
-8
-13
-14
-15
-20
-20
-15
-18
-17
-16
-11
-11
-16
-9
-9
-11
-14
-14
-18
-17
-13
-15
-17
-14
-15
-16
-10
-10
-14
-11
-11
-14
-13
-11
-7
-10
-6
-5
-4
-6
-1
-2
1
-3
-4
4
-3
3
4
-1
-2
-1
-1
-2
-1
2
0
-1
-4
-5
-6
-6
-4
-11
-12
-4
-8
-3
-3
-6
-4
-5
2
-1
1
-1
5
9
10
10
14
19
16
17
20
27
22
24
26
27
31
30
38
31
32
34
24
27
25
26
29
25
18
17
14
9
8
11
11
11
13
16
21
14
12
12
10
9
8
4
-5
-5
-18
-13
-11
-15
-15
-15
-14
-20
-24
-23
-21
-18
-19
-14
-19
-20
-18
-12
-13
-22
-22
-23
-21
-24
-25
-25
-20
-20
-19
-19
-19
-19
-16
-17
-11
-14
-25
-16
-16
-19
-24
-19
-11
-4
-5
-5
-1
-6
-2
-6
-2
-4
-9
-1
-8
2
1
4
5
3
4
7
4
6
4
8
3
0
-4
-8
-13
-12
-15
-19
-13
-16
-13
-9
-9
-4
-3
6
3
-3
4
9
14
16
16
15
18
12
19
22
19
25
18
22
29
31
33
34
30
33
30
27
29
24
22
22
25
18
17
9
15
10
7
7
10
10
13
13
10
5
7
4
0
5
0
0
-9
-12
-9
-13
-14
-17
-18
-10
-12
-13
-22
-23
-25
-27
-24
-20
-18
-24
-23
-17
-22
-14
-18
-20
-21
-17
-17
-17
-15
-16
-21
-23
-27
-20
-20
-17
-9
-13
-6
-6
-5
-8
-4
-8
-8
-2
-6
-8
-8
-5
-6
-3
5
1
-2
3
3
2
5
12
5
4
1
-1
3
-4
5
3
8
11
8
9
10
13
13
12
16
18
14
18
13
13
9
18
19
19
17
14
17
14
17
12
11
20
18
17
20
19
21
20
26
26
24
23
23
24
16
21
16
11
17
17
13
9
12
14
13
9
12
10
2
12
13
4
1
2
-1
-1
1
-1
-8
-6
-4
-6
-2
0
-1
-3
-3
2
-2
-3
-2
-4
-8
-10
-11
-15
-15
-19
-23
-25
-25
-25
-28
-23
-24
-25
-21
-26
-29
-34
-26
-28
-27
-29
-28
-20
-23
-24
-27
-25
-18
-14
-18
-17
-15
-18
-13
-10
-9
-5
-3
-7
-5
-1
1
-1
-11
-5
-7
-12
-14
-13
-7
-10
-8
-10
-11
-5
-9
-11
-10
-9
-7
-8
-2
4
6
10
11
14
15
13
17
20
19
16
21
18
22
25
22
31
23
27
26
28
29
24
26
27
28
38
32
28
24
22
22
18
14
11
9
11
9
9
4
9
11
8
9
12
15
10
10
6
3
4
6
-3
2
0
-3
2
-2
0
0
-1
2
-3
2
-2
-12
-16
-17
-18
-24
-30
-28
-29
-27
-26
-26
-26
-27
-24
-24
-23
-26
-18
-16
-21
-24
-17
-16
-12
-22
-20
-10
-14
-8
-13
-16
-17
-16
-13
-13
-11
-13
-6
2
-9
-4
-5
-10
-6
-8
-2
-2
2
3
3
4
2
7
4
10
7
6
4
9
6
10
9
10
9
8
11
13
5
2
5
6
7
6
10
8
10
9
12
8
11
6
6
10
4
10
8
12
15
17
13
11
12
15
23
23
25
26
17
22
19
16
12
14
8
7
11
9
11
7
6
6
12
21
19
14
11
8
0
7
0
5
6
1
12
5
0
-2
1
3
-3
1
-9
-10
-10
-13
-13
-16
-16
-17
-16
-15
-18
-23
-23
-22
-24
-14
-20
-18
-18
-22
-18
-17
-6
-3
-3
-1
-6
0
-6
-6
-5
-6
-3
-8
-12
-10
-10
-11
-11
-11
-12
-6
-4
-4
-4
0
-1
-1
-8
-1
-4
-5
1
1
3
2
-1
-3
-5
0
0
-5
-3
-3
1
1
7
3
10
10
7
9
9
6
-1
-1
-2
1
2
0
4
4
8
9
11
7
6
11
9
14
12
13
13
16
18
17
23
22
17
15
12
18
15
15
15
14
13
17
16
13
9
11
18
11
9
7
8
7
3
1
-3
-3
-12
-12
-12
-15
-11
-18
-17
-14
-15
-13
-22
-19
-14
-15
-11
-17
-20
-24
-18
-16
-16
-16
-13
-12
-11
-16
-12
-13
-17
-10
-13
-10
-11
-9
-3
-7
-9
-13
-10
-12
-16
-17
-20
-16
-21
-13
-14
-5
-6
-8
-2
-4
-9
-8
0
2
2
-3
1
0
-3
4
4
2
8
4
5
7
4
10
-3
-4
4
3
6
6
9
5
9
3
3
6
7
13
13
14
13
14
12
12
18
13
17
14
15
15
8
12
10
15
11
9
14
15
14
13
11
10
15
12
8
10
11
7
3
8
3
13
12
11
14
9
9
4
9
7
9
5
8
8
3
2
0
4
6
7
2
5
0
-2
-5
-9
-12
-15
-12
-14
-16
-14
-17
-25
-23
-22
-23
-22
-23
-15
-23
-17
-18
-18
-15
-16
-15
-6
-5
-7
-5
-5
-3
0
1
0
3
-5
-4
-3
-2
-2
-2
0
2
2
3
4
6
3
5
9
7
4
4
1
4
-2
6
8
10
17
11
11
8
10
7
5
4
5
-1
-4
-6
-9
-2
-1
-2
-5
2
1
5
10
3
11
8
8
12
11
7
6
7
6
6
10
6
6
2
7
5
-3
1
-1
5
9
6
5
8
3
4
7
10
6
7
8
4
6
2
2
-2
0
3
7
4
-3
-2
-1
-1
0
-7
-9
-9
-10
-8
-9
-9
-12
-19
-11
-13
-18
-18
-13
-17
-18
-19
-14
-10
-17
-13
-18
-11
-12
-10
-11
-17
-11
-11
-8
-13
-8
-6
-5
-3
-9
-9
-9
-13
-13
-10
-11
-8
-11
-13
-12
-7
-8
-6
-4
-4
4
5
9
9
9
15
20
18
23
21
18
13
14
12
13
14
17
17
8
6
2
5
9
5
3
5
7
5
8
7
6
2
9
9
3
4
-1
2
4
5
3
9
7
10
4
1
1
-1
4
-1
-4
-2
-6
-8
-4
-3
-3
-4
-4
0
-1
-1
-1
-1
2
2
1
7
8
5
2
6
2
6
5
2
6
-2
0
-3
-4
4
-1
0
3
-6
-6
-8
-13
-16
-15
-14
-13
-12
-3
-3
-6
-5
-2
-3
0
-4
-1
-3
4
-1
-2
1
-2
-5
-16
-17
-20
-18
-18
-18
-14
-17
-17
-13
-10
-10
-10
-5
-2
4
7
5
9
9
8
9
6
9
4
10
10
9
8
11
10
11
12
13
14
9
8
10
13
15
13
16
19
10
14
10
9
9
12
11
15
16
14
19
11
13
4
5
3
1
3
-1
-5
-7
1
-6
-2
0
1
-1
1
1
-2
-2
-3
0
1
-1
-6
-5
-4
-6
-5
-5
-1
-1
-2
3
-3
0
0
-3
3
2
0
2
2
2
-2
-3
-8
-13
-9
-9
-9
-7
-3
-9
-13
-13
-8
-11
-4
-2
-4
-1
-8
-6
-3
2
-1
1
-1
-5
-4
-6
-5
-8
-9
-12
-9
-10
-9
-6
-8
-8
-8
-4
-7
-6
-9
-3
-3
-1
-1
2
2
5
3
4
13
12
13
9
15
7
5
0
-2
3
-1
0
0
3
5
0
5
5
-3
3
-3
-3
5
-2
2
-1
0
0
-4
-1
2
1
0
-1
-3
0
0
5
6
1
5
0
0
0
-1
3
0
1
3
5
5
6
4
-3
-5
-8
-8
-6
-6
-2
-2
-6
-7
-2
-8
-3
-8
-13
-8
-6
-2
-8
-3
-1
-7
-4
-5
2
1
5
7
9
11
5
8
4
8
2
0
1
-4
-5
0
2
8
7
0
1
8
3
5
8
3
4
3
6
1
1
2
5
4
-4
-4
0
0
-3
0
3
4
3
6
4
1
-3
2
0
-6
0
-8
-2
-13
-6
-6
-4
-2
-13
-5
-6
0
-1
-3
-1
-5
0
1
-3
1
-5
3
4
6
6
1
-1
-4
-5
-2
0
-6
5
2
6
4
3
6
2
6
11
13
8
11
9
7
7
2
7
6
5
3
4
4
-1
0
3
-3
-4
0
1
-2
2
