SAMPLES:	12458
BITSPERSAMPLE:	16
CHANNELS:	1
SAMPLERATE:	16000
NORMALIZED:	FALSE
4
3
3
0
-1
0
3
-1
-3
0
4
3
1
3
2
0
3
-7
1
1
2
7
-3
0
3
1
-2
-2
-4
-3
-10
-7
-5
-4
-10
-5
-4
-7
-8
-6
-3
-4
-2
-7
-4
-8
-7
-5
-9
-7
-4
-5
-1
-1
-3
3
5
2
6
4
6
8
7
5
6
6
8
16
12
5
9
15
9
10
7
6
9
8
12
12
4
3
4
-2
2
-7
-9
-5
-2
-6
-15
-10
-15
-6
-10
-11
-10
-8
-13
-12
-13
-14
-8
-10
-10
-6
-6
-10
-8
-4
-6
-9
-4
-2
-3
-1
-3
-3
5
-3
-4
-2
-1
1
-1
1
-3
2
6
8
2
2
3
3
4
2
8
3
9
6
-1
3
1
1
2
0
1
0
5
9
3
5
8
10
3
3
6
5
0
-1
4
4
-2
1
6
8
-1
-1
5
1
11
10
6
6
10
8
3
6
10
10
3
7
0
-1
6
8
3
-2
0
-1
1
-2
-6
-7
-10
-8
-10
-10
-1
-8
-7
-3
-5
-2
-4
-8
-8
-6
-5
-3
-6
-2
-1
-6
-4
-6
-1
-3
-2
-1
-5
0
6
5
1
4
6
2
6
8
5
7
5
6
6
3
0
2
0
-1
7
4
4
-1
4
3
1
1
0
-7
-6
-5
-5
-6
-7
-7
-10
-6
-11
-8
-10
-14
-11
-12
-14
-11
-11
-8
-9
-6
-5
-1
-7
-2
-3
0
4
0
-1
-5
5
2
3
0
0
5
4
9
8
0
3
6
1
-1
-1
2
5
7
11
7
10
5
0
2
5
4
4
5
2
-1
2
2
-5
-4
-3
-2
-1
-2
-6
-4
-3
-6
0
7
3
9
11
6
10
6
7
4
4
5
11
1
4
7
4
3
6
5
6
5
4
1
5
2
-3
1
5
1
3
4
1
2
1
1
3
-3
0
-6
-9
-7
-6
-8
-9
-5
-8
-11
-11
-4
-5
-7
-2
5
-1
0
-3
-5
-7
-2
3
1
1
6
3
-1
3
10
5
4
8
1
4
-1
-3
2
-2
6
2
-1
-3
-6
-6
-9
-4
-7
-4
-5
-1
-3
-3
3
-4
-3
-6
-2
0
-4
-2
1
0
2
-5
-3
-1
3
2
1
-1
-3
-2
-4
-1
-1
-4
-7
-2
-3
-3
-2
2
-3
0
5
2
1
2
8
9
8
7
12
12
11
15
11
13
11
12
13
4
3
7
7
0
4
3
5
4
-4
4
0
-7
-6
-5
-6
2
-1
2
5
-2
0
-6
-8
-5
-5
-3
-4
-6
-4
-9
-13
-7
-5
-3
-3
-2
-12
-10
-4
-8
-5
-8
0
1
1
8
-7
-1
2
0
-1
-5
0
0
5
9
0
0
-1
-6
-2
-3
-2
-5
-7
-13
-15
-10
-16
-12
-9
-11
-8
-3
-5
-8
-9
5
-1
-5
4
3
12
1
2
5
1
-1
-5
4
6
6
6
3
4
0
0
4
1
2
4
5
6
6
6
0
9
9
11
11
9
8
5
5
3
5
10
9
9
0
4
14
8
4
5
5
7
7
1
1
0
3
3
6
4
2
6
-3
-6
0
-4
2
1
2
-1
-3
6
-2
2
1
1
0
4
2
4
6
1
0
0
0
-1
0
-5
-11
-13
-6
-9
-11
-7
-8
-11
-9
-11
-8
-8
-6
-9
-7
-5
-8
-7
-17
-11
-13
-8
-8
-6
-3
-7
3
-1
-6
3
0
-1
-4
-7
1
0
4
3
3
13
8
0
8
7
5
5
4
6
3
4
3
6
-2
-6
-1
3
1
-1
4
1
9
5
10
7
10
10
7
17
11
7
4
8
8
4
3
2
5
-2
1
0
-2
-3
-3
-5
-2
-2
-4
-4
-2
3
0
2
-2
3
-2
-13
0
3
3
12
3
-1
-3
1
-3
1
4
7
7
6
6
1
-8
1
-8
-6
0
-8
-8
-7
-4
-14
-10
-7
-17
-11
-13
-8
-11
-11
-14
-15
-6
-17
-1
-13
-3
-6
-2
-3
6
6
0
10
1
6
2
10
10
12
17
9
2
9
-1
7
5
0
4
6
11
6
8
6
1
6
4
-8
7
5
8
4
-4
-1
-5
-2
-7
-8
-6
-3
-8
8
-6
-5
4
-9
-3
-1
-5
-4
-8
-9
-1
-6
7
-4
3
5
5
7
6
1
2
-4
-1
-8
-3
0
-7
-1
-12
0
-3
-3
-9
-11
-7
-15
-7
-9
-10
-8
-5
1
-3
9
1
6
-2
3
11
1
14
8
6
11
5
1
0
8
-3
-1
3
9
6
8
17
5
16
10
1
8
0
8
2
14
10
5
5
-8
3
-9
0
2
-4
-2
5
-3
-1
2
4
0
4
5
0
11
4
1
-4
-3
-6
-1
-11
-3
-8
-4
3
-6
3
2
4
0
4
2
8
13
9
18
6
8
5
-7
5
-3
4
4
-8
0
-4
-2
-11
-2
-6
-8
0
-11
-5
-7
4
-7
-3
3
-13
4
2
0
-7
4
2
-2
1
-7
4
-13
1
-4
-1
8
-15
10
1
-4
0
-11
-2
-9
-3
-19
-5
-7
-24
-3
-19
-9
-14
-11
-3
-10
-4
-5
-4
1
-8
-5
3
-7
8
-2
9
4
-2
7
4
4
3
6
1
4
-2
8
12
-3
10
13
3
0
1
6
4
3
4
4
-4
1
4
-7
2
-4
-1
12
13
2
11
5
2
2
2
-1
-4
1
3
16
-5
6
6
1
1
-2
4
-7
6
11
2
15
-3
5
-11
-11
-3
-17
4
-1
-4
1
9
5
1
6
9
-8
-11
1
-9
-10
-7
-7
-9
-8
-6
-12
-3
1
6
11
11
5
11
-3
-4
-3
-10
-7
-2
0
2
-16
2
-13
0
6
8
-2
3
14
-2
5
6
2
-3
5
-10
5
12
0
9
4
3
13
-16
12
-1
-2
10
-13
-1
-14
-2
-11
-6
4
-3
1
14
1
10
12
15
2
4
14
2
5
3
-4
1
11
-6
3
10
-13
1
1
-17
7
-7
-7
1
-10
-6
4
-7
-14
-3
-7
-7
-12
-17
-12
-12
0
-11
2
-1
-10
6
-6
6
-4
8
24
0
4
0
15
-11
3
10
2
14
-4
7
0
-3
7
4
5
9
0
12
1
-1
1
-6
-14
4
-10
-4
8
-3
5
-1
4
18
-9
21
-6
6
8
-11
10
-4
32
2
16
4
-2
10
-1
14
-2
16
-2
2
2
-15
6
-5
-10
-3
2
2
-21
3
-15
0
1
8
-1
-12
-5
-16
-10
-15
-6
-21
12
-8
-2
-4
-21
-7
-15
5
-8
2
-1
-14
-7
-2
-8
-6
6
-1
15
13
7
10
-4
3
-6
-3
16
-5
1
5
-8
-1
-2
3
-1
7
-1
-2
1
-2
-8
12
2
-7
6
-11
-16
2
-6
3
8
-16
5
-13
6
-12
-5
-3
-21
1
-19
19
1
-4
15
-3
7
16
15
16
15
2
13
8
-9
-1
10
13
3
0
6
2
-3
-7
16
-8
5
2
-10
17
-12
7
2
16
-1
3
-4
-7
-1
-8
5
11
-3
-1
-13
-11
-6
22
-30
3
-7
-6
1
-14
3
-20
10
-17
6
-3
2
1
-7
0
-4
-2
2
3
0
-14
7
-22
6
-22
-3
-4
-8
8
-16
15
-26
3
-5
4
24
4
4
3
10
-10
17
-8
9
0
5
31
-13
13
15
5
5
1
19
0
19
1
-3
11
-16
7
4
13
4
14
0
2
11
-6
12
3
-4
9
-1
4
-5
9
10
-4
8
-4
3
4
8
0
7
-11
7
4
-4
4
-9
1
-21
4
-10
2
-11
6
-3
-11
15
-16
4
-9
-3
13
-6
20
6
5
-7
-2
-3
-35
19
-36
12
-13
11
6
-3
11
7
12
0
7
15
-1
10
-4
-19
7
-26
10
-17
0
-8
5
-8
-18
14
-31
1
-13
-13
1
-17
-11
-38
12
-32
2
5
-19
4
-1
12
-7
-3
-9
-7
-9
2
-10
8
-10
-9
-5
10
-1
37
-9
31
3
4
20
-3
28
-17
12
-1
-9
13
-6
-2
5
-7
18
10
2
8
27
-19
15
0
-6
10
-4
8
-12
25
3
-10
8
-16
1
-3
-5
5
-8
-7
-3
-7
-5
-9
-7
-7
-9
6
-1
-2
3
6
-25
0
-13
2
6
-6
17
-6
3
18
1
-3
-16
-4
-7
-5
17
-10
-22
18
-9
8
3
0
23
-30
30
-25
30
9
-19
22
-26
1
23
-9
-3
13
-16
15
10
5
-14
0
26
-14
13
31
-17
45
0
18
5
0
21
-10
2
-3
-4
-10
24
-33
19
-22
-20
-3
-36
18
-7
-4
7
-25
12
10
-19
23
-11
6
-17
-31
13
-2
10
-3
-7
17
-30
-6
20
-8
-14
27
-9
5
5
-18
16
-25
10
4
-4
8
0
7
-33
34
-20
-40
43
-23
-16
22
3
-25
12
0
-8
3
-3
22
-17
11
26
-26
16
-17
7
-8
13
-18
15
-1
6
-10
-10
20
11
4
-3
26
-17
-6
11
-7
-9
15
-16
-1
11
-1
-4
30
-19
27
-14
-2
19
-8
-6
3
5
-18
52
-35
39
-16
2
8
-13
17
-5
35
-8
19
7
2
1
-1
2
11
-2
30
14
-4
33
12
-4
40
-11
-12
-6
3
-5
-12
14
-34
-7
-18
-3
-11
-15
13
-11
-1
11
-29
-3
-12
-5
-13
19
11
-28
21
-4
-17
1
-19
-3
-12
-3
-11
-23
19
-47
5
-16
-1
20
9
-7
-11
1
-33
6
-6
-16
3
-21
6
-4
16
-44
12
-4
-12
-7
-28
18
-24
-12
-20
1
-26
1
26
-33
24
-11
-10
22
-33
28
-2
6
5
9
-13
27
-11
18
31
-6
17
17
27
3
31
12
5
38
-10
26
21
-1
12
5
18
16
-14
24
31
-18
-9
17
-17
-11
5
-25
-3
-1
-14
30
-31
9
-16
-26
1
-12
29
-26
49
-55
-4
3
-35
34
-17
1
-17
4
4
8
5
-18
34
-22
-11
22
-5
-5
-4
-1
-26
22
-30
8
9
-19
26
-21
4
5
-9
11
-12
-15
-6
4
-36
5
8
-40
26
-22
-8
17
-28
13
-17
11
-21
-4
-2
-11
26
-21
24
17
-27
40
16
10
22
40
18
0
44
-17
29
20
19
11
9
24
-2
20
-3
-4
20
-9
47
-5
14
1
-18
17
13
21
-15
3
0
-23
-15
20
-3
-2
28
-35
17
-25
11
-4
-4
15
-19
25
-15
7
-8
-10
-4
-21
-15
-17
-24
20
-29
14
-38
-2
0
-20
4
-29
-15
-22
-2
-21
-15
-15
-9
-26
11
2
4
-3
8
-14
6
-22
-23
18
-34
2
10
-29
1
17
-5
1
19
-20
0
0
-11
8
-15
-1
-15
-19
14
-20
5
-24
36
-32
-2
32
-44
65
-27
35
5
3
44
-27
60
-35
49
-7
-13
60
-6
-6
8
10
11
5
9
17
15
-10
13
44
-42
22
8
-26
26
-2
-11
29
-12
14
-13
28
3
-21
47
-49
44
-56
8
23
-42
34
-16
16
-9
6
27
-12
22
-12
21
1
-5
28
-10
11
-3
-24
14
24
-42
12
-16
-15
0
-8
48
-40
22
-9
-22
-6
-40
23
-28
-9
10
-11
24
-23
7
-10
-13
-7
-6
-11
-17
-23
-6
-30
-35
12
-50
15
7
-23
44
-2
13
-7
22
13
-28
3
-7
-13
-28
8
-11
-11
15
-33
11
19
1
5
16
25
-27
29
5
-15
10
-23
31
-31
-17
23
-26
26
-11
15
1
-21
35
-50
10
11
-51
45
-12
-7
11
1
35
-3
13
17
26
-6
11
7
5
15
-32
11
-23
13
17
-18
29
-4
25
0
-1
9
-7
18
-19
28
-35
32
-8
1
13
9
24
2
31
-15
13
17
-14
11
-8
3
-6
10
22
-39
26
-20
-7
12
5
1
-2
0
-22
-1
10
-11
-36
1
2
-17
18
-1
9
-3
11
7
0
3
-6
6
4
-7
-13
-8
-9
2
-13
-12
3
-11
3
21
-19
8
-12
-25
13
-25
4
-4
4
-11
11
20
-33
37
-13
1
4
-29
5
-2
15
-13
-16
4
-37
32
-30
-12
8
1
-7
-14
31
-16
-12
18
-27
6
18
-5
-23
4
-4
-5
5
-5
-9
5
13
0
16
2
33
2
-20
32
-13
-21
25
-32
-7
5
-4
-2
24
10
-36
38
-15
-14
42
-22
33
-3
-3
-5
17
-39
9
26
-29
8
9
17
12
-7
10
5
12
-3
18
21
-21
24
-26
-3
0
7
-15
21
-11
-1
23
-4
12
12
19
-5
-17
23
-31
-1
30
-28
32
-7
7
14
20
4
5
12
8
-28
-12
-1
-6
-9
-19
16
-30
7
24
3
12
-10
0
13
-18
2
10
1
-26
11
-5
-25
10
-26
-6
10
-53
-1
-6
-50
3
-21
-25
9
-17
-4
3
-1
9
-27
-5
-21
-19
-47
-2
-19
-26
-10
2
-33
8
4
-9
-18
12
20
-14
3
-7
25
-41
15
1
-9
27
1
0
21
9
5
9
30
-14
48
-10
-7
45
-16
3
34
-5
2
36
10
21
27
26
8
40
12
34
27
11
20
-12
13
20
-20
24
16
-4
16
4
4
9
5
6
7
-15
13
-24
-14
-25
-7
-32
27
-19
-6
3
-7
-4
-29
26
-42
6
-17
4
20
-37
-6
13
-23
-16
30
-23
20
15
-19
25
-1
-18
28
-7
-23
4
20
-29
54
-17
6
10
-2
-16
-3
27
-37
20
-24
-5
-2
-22
33
-21
-1
21
-17
14
-25
12
-17
-7
9
-19
10
-20
10
-36
-21
-12
-4
-1
-8
9
11
35
-21
-3
-15
14
-11
0
1
-34
39
-52
-13
1
-32
19
-23
-2
-21
40
-22
23
16
14
33
1
3
3
18
-21
-7
20
-58
18
24
-36
22
-4
-17
1
19
-13
26
-4
25
-19
13
24
-30
33
-22
18
-1
-1
32
-16
52
0
-23
34
-25
5
11
-5
-11
12
2
22
16
-36
68
-51
41
7
-18
25
-27
-7
-44
12
-14
-10
3
-14
-7
5
-10
3
-3
-17
-5
1
-50
30
-7
1
5
12
22
-41
16
6
-18
24
-23
-38
16
-2
19
-20
41
-30
-8
25
-32
34
17
-14
48
-33
30
-3
-2
4
-25
-16
-11
4
-6
0
0
-15
-21
-11
-9
13
11
-16
5
4
-30
43
-11
10
-23
-33
12
-7
-26
10
13
-25
-2
10
4
12
-17
2
32
-11
-8
21
16
10
12
-24
20
29
-20
54
13
-22
18
14
9
-10
22
4
3
29
8
18
7
-21
-31
17
2
-28
15
-7
10
-19
8
15
-26
9
-10
17
-3
0
10
9
4
7
-5
-18
13
-2
-8
18
-32
10
27
-18
-4
2
28
-31
28
-19
-4
51
-72
48
-10
-20
20
2
4
-26
-7
-30
8
25
-17
23
0
6
30
3
35
-4
12
-25
-12
-41
-35
15
-48
3
-9
-33
21
2
-33
24
-38
10
6
-7
-8
-11
-14
-4
-15
-33
-8
16
-20
15
6
4
27
-26
17
9
-22
-5
31
-10
11
4
-23
-17
0
-8
-7
10
15
40
28
-12
35
3
-20
3
-29
8
-22
14
-15
18
-24
4
33
-28
41
12
23
54
-20
38
7
-15
-8
4
9
-49
27
-40
33
1
-18
18
-53
41
-5
-26
21
-8
-13
49
10
9
9
-39
12
-13
-14
-29
-18
22
-18
45
-36
18
3
-48
8
-4
30
-26
9
31
-17
18
-20
62
-72
9
6
-6
17
2
19
-33
16
-38
37
-35
27
27
9
-7
36
-10
-16
-15
-71
11
5
-43
10
-17
-8
0
0
-8
19
-12
-48
48
-24
10
50
-2
-23
25
-22
-3
31
-45
8
-11
-3
-2
2
-6
-13
3
-24
25
26
-14
3
27
-55
31
16
9
19
2
6
-1
17
-30
34
-17
38
-24
26
10
-20
27
-7
20
32
18
7
18
-28
-31
-20
18
-48
39
-5
-31
21
-18
-23
16
-20
-55
46
-1
12
38
-24
-4
-6
-27
4
35
9
-6
64
15
47
17
-48
42
9
-29
5
36
-22
17
-10
18
-9
-47
10
-32
-3
22
25
4
20
-41
-49
48
-27
-35
45
-40
-21
-7
-11
7
35
-16
-6
50
-76
54
12
-9
14
13
-10
-16
30
-49
49
-73
-59
49
-11
-4
18
-50
-72
24
-21
-6
34
-56
10
24
-13
-18
25
-23
-48
-12
-51
39
-17
47
18
6
-35
-23
26
-27
17
-1
55
22
4
23
16
16
-17
-4
50
12
-18
0
11
43
-51
47
-28
-4
7
26
16
-4
-2
31
44
-44
-1
20
19
-28
3
19
44
-18
11
26
32
-61
-37
21
-33
-13
10
18
-7
-22
-46
27
-36
-34
10
18
14
-42
-14
-3
9
-41
1
23
-2
-5
13
19
16
-13
-17
25
-19
0
18
65
-42
11
29
-19
9
9
53
-51
41
-14
5
30
-55
45
-15
5
-23
-43
-14
13
-19
-8
16
11
-46
30
-40
-1
-6
-7
-32
-23
15
-30
8
-21
-9
12
-30
4
65
-33
39
-33
16
9
8
14
-5
39
-17
28
-18
-51
-39
11
8
-21
22
43
4
17
-26
21
22
0
5
66
15
-16
6
-1
21
-33
4
4
18
-22
15
67
13
-25
7
-51
0
-15
-32
94
-1
-5
-13
-6
-38
7
-38
31
24
-19
-53
-1
-14
-92
-3
-56
-11
-8
26
41
3
-79
-34
-7
-5
38
71
25
28
-50
-5
28
28
-6
19
79
-38
51
-8
15
-11
-45
8
76
72
1
33
-24
-19
-31
4
24
29
10
-51
35
-17
-41
27
6
8
-15
37
22
6
-27
-51
5
1
-11
43
-4
37
-47
-60
-12
24
-27
31
47
-32
-4
12
-5
-27
-43
-51
58
8
-27
-10
-15
-59
-22
1
3
14
-27
-8
49
-5
-4
8
-18
-33
31
20
44
39
-29
-10
5
3
6
-9
18
35
-24
13
-9
-30
-2
28
-3
-16
26
31
-8
24
-27
6
63
-35
-15
-7
-20
-23
-5
-36
-20
-3
40
37
27
35
-46
24
14
-37
15
-35
-15
-13
-26
11
3
-15
-9
36
-11
-5
-14
7
-44
-24
-31
31
13
8
31
-52
-28
-23
19
-3
26
13
0
42
6
-18
14
-2
-35
18
22
30
20
-6
-8
4
31
26
9
1
14
-7
-8
32
-36
5
-26
-80
12
9
26
4
37
14
14
-2
-36
33
-25
11
25
48
-20
-15
25
-20
47
12
23
54
-18
3
2
-17
-54
-59
-46
-19
-12
-34
38
-6
1
-32
36
-13
-41
15
9
33
0
-36
10
-1
-98
-42
18
-15
-18
9
39
-30
-39
-11
-13
59
-5
-8
50
-12
-47
-7
-17
19
-8
10
39
4
-28
-6
32
10
-44
5
28
-1
6
-60
39
3
-4
85
67
42
-30
-16
-40
-16
-12
15
61
6
-42
-26
-13
-21
-1
28
12
31
-16
-6
37
-20
-36
-1
30
34
24
-10
36
-3
-69
20
63
34
-17
-15
-6
5
-6
-35
-3
-35
-17
5
32
16
11
-20
4
30
-30
27
30
-48
3
-7
34
18
25
-21
-21
-6
-67
42
48
42
35
-7
-21
-57
-49
-41
-5
-26
-19
24
-33
-34
-35
-7
17
14
-12
27
30
-6
-18
-9
3
8
22
20
34
40
7
27
4
29
24
-5
34
12
40
-13
20
22
-2
-15
-20
-11
-22
32
2
-8
2
-6
31
34
15
40
38
35
40
39
73
73
20
30
81
69
38
50
49
25
14
-18
-5
1
-26
-60
-40
-59
-81
-45
-59
-80
-79
-97
-121
-106
-140
-112
-118
-115
-129
-123
-124
-128
-128
-155
-89
-81
-97
-52
-39
-70
-82
-43
2
-12
-14
-12
17
17
-24
28
37
-8
3
11
5
37
25
54
77
60
18
61
93
74
138
103
124
132
155
104
129
94
35
93
88
72
67
104
186
257
299
324
303
293
314
340
385
425
440
365
334
295
227
188
126
89
27
-3
-38
-44
-143
-224
-295
-359
-400
-386
-359
-384
-432
-502
-531
-549
-537
-510
-512
-472
-479
-462
-408
-404
-379
-340
-298
-280
-226
-150
-111
-75
-75
-35
63
111
143
235
311
288
317
343
364
347
349
348
332
355
299
243
216
144
84
90
57
-3
3
-50
-95
-138
-173
-165
-158
-147
-166
-153
-199
-197
-212
-233
-217
-227
-216
-198
-180
-169
-176
-144
-126
-108
-52
-52
1
35
69
110
169
206
228
254
248
255
247
266
289
289
315
423
640
844
1030
1086
1081
1076
1082
1114
1217
1336
1294
1202
1022
834
686
497
323
185
12
-148
-295
-468
-628
-835
-1085
-1243
-1362
-1411
-1398
-1412
-1449
-1522
-1606
-1660
-1593
-1488
-1372
-1234
-1109
-989
-859
-738
-595
-443
-335
-207
-40
119
268
382
459
550
583
562
598
641
673
668
639
565
527
499
483
537
508
483
455
372
299
245
195
177
118
21
-39
-123
-228
-262
-304
-331
-307
-265
-269
-237
-210
-210
-213
-213
-214
-157
-109
-123
-123
-122
-135
-166
-168
-159
-88
-49
-23
26
92
128
174
259
277
307
337
382
418
430
452
439
429
482
655
1060
1421
1687
1792
1708
1642
1587
1606
1745
1899
1861
1671
1291
925
644
338
26
-210
-504
-764
-975
-1212
-1460
-1797
-2212
-2412
-2460
-2405
-2269
-2237
-2246
-2350
-2414
-2355
-2085
-1790
-1550
-1302
-1079
-871
-635
-361
-65
154
307
511
731
943
1083
1191
1223
1269
1319
1326
1345
1321
1199
1023
888
708
575
467
305
178
84
34
51
-2
-88
-146
-170
-175
-115
-82
-71
-114
-156
-168
-159
-140
-123
-81
-81
-108
-78
-11
-21
-55
-125
-211
-267
-275
-301
-303
-369
-487
-542
-609
-566
-523
-486
-410
-327
-268
-178
-66
16
188
318
422
560
627
655
702
736
748
813
952
1173
1599
2052
2366
2447
2274
2128
2044
2062
2137
2236
2160
1807
1245
686
234
-167
-519
-784
-1081
-1426
-1744
-2043
-2336
-2674
-3016
-3189
-3136
-2966
-2779
-2679
-2629
-2681
-2652
-2454
-2077
-1619
-1234
-909
-628
-409
-137
200
549
864
1095
1272
1442
1561
1599
1622
1662
1710
1757
1784
1700
1459
1167
914
711
542
412
270
70
-165
-360
-447
-478
-498
-508
-427
-344
-228
-141
-67
-17
-48
2
126
228
309
289
166
82
16
0
21
-14
-99
-242
-416
-532
-562
-598
-632
-703
-801
-859
-864
-838
-802
-739
-663
-529
-356
-167
-15
123
264
438
603
778
900
965
1005
1030
1075
1139
1280
1499
1925
2403
2693
2727
2458
2234
2070
2022
2062
2092
1962
1493
831
143
-351
-717
-1034
-1310
-1587
-1918
-2303
-2632
-2886
-3094
-3309
-3395
-3281
-3046
-2835
-2717
-2570
-2478
-2357
-2081
-1615
-1046
-616
-332
-82
176
447
779
1128
1422
1633
1722
1821
1869
1842
1783
1747
1726
1770
1720
1513
1251
929
664
453
294
131
-61
-296
-537
-705
-776
-742
-719
-730
-681
-589
-406
-208
-43
39
128
231
372
552
617
599
509
411
359
317
278
149
-78
-305
-497
-581
-642
-696
-832
-990
-1111
-1160
-1111
-1043
-963
-897
-791
-654
-461
-267
-78
89
265
456
715
973
1133
1205
1213
1237
1242
1318
1394
1406
1408
1408
1541
1919
2253
2339
2123
1735
1474
1383
1384
1374
1262
911
326
-301
-745
-1012
-1304
-1625
-1916
-2181
-2405
-2589
-2750
-2884
-2992
-3085
-2963
-2630
-2311
-2120
-2042
-1957
-1768
-1459
-1014
-489
-100
108
213
368
630
919
1243
1489
1644
1684
1659
1670
1667
1640
1582
1556
1591
1542
1336
1049
762
509
339
241
117
-42
-280
-521
-697
-756
-679
-585
-593
-659
-593
-460
-237
-12
186
352
408
443
503
583
657
681
623
539
428
296
174
2
-206
-433
-636
-759
-850
-955
-1076
-1127
-1162
-1205
-1202
-1112
-1002
-917
-804
-651
-428
-248
-69
137
339
509
730
907
1057
1189
1214
1280
1296
1294
1203
1140
1059
1022
1041
1096
1258
1487
1672
1613
1355
1096
977
968
1010
954
798
416
-91
-602
-880
-1053
-1250
-1493
-1714
-1915
-2125
-2250
-2298
-2258
-2280
-2295
-2231
-2026
-1832
-1700
-1541
-1347
-1111
-859
-563
-266
-56
53
170
363
639
922
1105
1215
1221
1181
1217
1334
1454
1510
1470
1340
1237
1130
942
808
653
546
448
276
79
-151
-376
-528
-580
-548
-469
-467
-569
-671
-677
-541
-272
59
310
429
429
386
424
490
591
638
652
585
434
249
72
-143
-344
-489
-572
-626
-706
-828
-920
-1021
-1097
-1100
-1031
-956
-891
-810
-722
-540
-417
-276
-104
88
264
459
649
816
951
1020
1103
1207
1224
1161
1074
941
818
700
594
581
572
557
575
723
938
1077
979
748
596
545
573
584
590
470
138
-326
-647
-739
-808
-928
-1068
-1193
-1306
-1492
-1560
-1543
-1488
-1525
-1595
-1481
-1268
-1180
-1125
-997
-884
-801
-701
-508
-299
-179
-138
-5
259
464
551
664
775
809
833
945
1131
1219
1164
1091
1069
1062
976
842
724
621
490
325
151
-37
-232
-394
-500
-557
-592
-651
-728
-780
-730
-652
-561
-464
-361
-206
-36
89
174
256
266
276
336
455
534
528
424
253
126
48
16
40
22
-99
-257
-371
-406
-422
-418
-359
-283
-256
-252
-234
-178
-123
-78
20
146
221
257
287
326
323
301
362
468
516
502
410
318
232
117
14
-59
-138
-241
-271
-295
-250
-157
32
332
565
627
524
494
569
707
877
1052
1076
871
548
310
257
234
162
56
-128
-360
-578
-759
-838
-898
-1036
-1163
-1160
-1131
-1138
-1181
-1165
-1121
-1074
-977
-819
-662
-590
-527
-408
-212
9
169
321
445
528
608
695
800
884
890
872
887
877
847
691
542
413
292
172
29
-137
-330
-521
-660
-688
-670
-668
-758
-832
-863
-804
-665
-518
-364
-274
-208
-109
51
238
366
434
470
550
643
716
763
779
737
682
622
600
595
517
367
248
183
145
90
-28
-161
-282
-378
-421
-393
-372
-418
-507
-546
-527
-491
-487
-466
-414
-369
-318
-238
-166
-140
-188
-187
-123
-13
57
71
44
-55
-115
-133
-45
121
290
343
440
669
937
1132
1188
1175
1237
1332
1419
1522
1519
1371
1070
794
658
635
516
314
59
-242
-542
-716
-731
-716
-800
-989
-1146
-1197
-1210
-1222
-1159
-1044
-1005
-1043
-1045
-1032
-1004
-972
-891
-706
-479
-354
-331
-313
-298
-267
-171
3
169
287
297
253
248
271
308
356
393
367
306
165
64
21
-35
-61
-90
-85
-78
-146
-253
-356
-390
-385
-305
-167
-25
53
41
91
229
427
577
720
775
824
857
862
894
875
823
726
623
520
426
346
245
189
62
-101
-205
-284
-362
-449
-536
-632
-706
-762
-770
-774
-757
-794
-803
-785
-782
-750
-701
-597
-484
-378
-327
-257
-213
-110
31
153
314
398
453
502
527
559
605
666
751
809
876
987
1100
1261
1416
1485
1494
1478
1459
1467
1507
1519
1497
1328
1051
811
605
450
262
54
-142
-371
-616
-856
-1017
-1114
-1259
-1471
-1636
-1761
-1828
-1879
-1895
-1875
-1855
-1840
-1796
-1679
-1564
-1449
-1361
-1211
-1045
-833
-587
-385
-221
-100
20
206
427
598
713
794
870
897
874
824
785
720
670
652
612
539
402
212
86
57
77
87
23
-86
-162
-216
-199
-114
-47
6
-17
-14
34
140
311
478
629
670
672
652
690
719
755
769
763
646
455
318
206
144
37
-63
-190
-324
-452
-546
-565
-577
-626
-686
-695
-702
-723
-732
-697
-659
-630
-594
-543
-466
-371
-267
-189
-92
18
132
230
326
438
512
557
631
658
696
714
744
790
809
781
732
703
661
684
721
796
892
968
963
908
835
794
772
752
757
688
584
405
188
-12
-144
-263
-353
-427
-535
-664
-846
-973
-1048
-1068
-1061
-1098
-1125
-1138
-1163
-1144
-1107
-1082
-1087
-1091
-1064
-999
-960
-960
-946
-913
-872
-809
-703
-615
-559
-511
-480
-384
-268
-157
-49
57
128
177
229
282
363
416
473
535
592
632
608
596
623
662
700
712
674
629
559
500
498
490
482
425
343
302
283
259
249
235
237
269
294
347
351
313
266
238
227
246
244
201
96
-40
-154
-206
-231
-268
-296
-330
-399
-483
-509
-520
-499
-487
-481
-441
-407
-375
-347
-319
-281
-247
-192
-86
38
128
177
177
180
262
376
527
616
621
575
491
468
488
559
593
577
544
460
401
307
259
244
248
231
194
142
62
7
15
124
261
393
478
489
438
393
438
568
675
717
650
516
359
230
165
142
68
-57
-212
-351
-471
-568
-699
-840
-981
-1123
-1202
-1265
-1334
-1407
-1505
-1617
-1684
-1666
-1606
-1557
-1513
-1503
-1456
-1381
-1292
-1154
-1008
-861
-732
-604
-441
-260
-82
56
203
326
461
637
768
857
914
965
1021
1074
1115
1143
1161
1138
1110
1096
1076
1009
933
864
794
750
680
581
453
301
196
141
110
75
34
-28
-96
-171
-210
-187
-140
-118
-108
-98
-101
-96
-54
13
106
187
228
276
298
285
296
334
373
417
425
400
364
333
292
240
205
156
124
75
33
-16
-85
-148
-192
-211
-218
-223
-275
-304
-348
-383
-392
-380
-356
-344
-355
-364
-357
-333
-313
-242
-135
-46
10
53
70
84
133
195
252
292
340
352
319
287
260
257
261
248
233
212
193
138
70
21
-18
-28
-70
-111
-151
-200
-255
-309
-341
-366
-342
-337
-351
-380
-416
-454
-457
-423
-409
-387
-379
-368
-357
-367
-381
-375
-359
-352
-334
-317
-317
-334
-356
-357
-330
-324
-308
-287
-280
-265
-257
-233
-205
-197
-171
-136
-94
-47
-35
-22
5
46
95
114
122
151
181
202
226
252
285
335
370
400
423
432
457
474
524
576
608
613
618
620
645
665
676
692
683
657
621
639
625
577
494
442
418
380
316
243
178
91
6
-73
-120
-184
-233
-262
-285
-306
-342
-394
-422
-440
-413
-349
-304
-260
-268
-284
-264
-199
-128
-48
1
6
14
33
50
90
107
116
112
134
163
177
148
116
108
71
53
54
35
-29
-100
-171
-215
-222
-259
-283
-277
-317
-346
-363
-345
-350
-378
-401
-410
-382
-360
-340
-327
-357
-371
-358
-328
-286
-270
-273
-255
-250
-221
-163
-155
-139
-159
-177
-163
-117
-80
-75
-74
-63
-66
-61
-41
-11
6
1
17
47
80
100
111
107
122
163
231
283
309
318
336
375
406
431
463
469
482
504
491
487
485
485
491
507
491
466
431
401
383
359
348
308
265
211
154
110
62
6
-39
-78
-108
-112
-131
-156
-187
-203
-210
-210
-193
-178
-157
-152
-136
-127
-128
-111
-93
-84
-83
-85
-72
-82
-79
-73
-73
-110
-153
-202
-245
-234
-257
-280
-321
-375
-427
-462
-472
-444
-414
-438
-462
-455
-435
-413
-401
-380
-364
-329
-294
-228
-170
-144
-112
-81
-30
67
156
207
266
281
304
346
400
466
533
558
523
509
476
463
482
476
455
405
342
277
238
202
151
110
70
5
-55
-78
-97
-123
-143
-169
-181
-192
-228
-249
-278
-254
-232
-249
-245
-267
-271
-261
-238
-198
-147
-118
-121
-112
-96
-65
-13
49
103
133
146
151
201
247
306
348
390
428
430
439
435
434
428
422
410
396
374
322
280
268
229
202
196
174
146
111
63
33
4
0
7
-5
-33
-72
-104
-138
-161
-170
-184
-196
-225
-271
-311
-360
-394
-410
-405
-411
-451
-495
-539
-578
-580
-587
-585
-570
-582
-595
-593
-576
-552
-517
-478
-435
-352
-286
-212
-166
-139
-78
-25
56
152
232
301
332
354
390
444
517
550
584
606
597
577
552
539
518
509
481
457
414
355
320
268
208
143
108
85
39
-7
-71
-142
-191
-223
-242
-244
-249
-271
-320
-347
-356
-345
-330
-301
-276
-265
-257
-238
-224
-183
-131
-88
-56
-17
12
40
73
115
166
197
236
253
285
315
342
363
385
398
404
406
395
368
321
288
276
264
241
192
149
105
57
30
21
10
-4
-34
-57
-75
-89
-90
-79
-57
-55
-68
-90
-102
-71
-53
-52
-64
-69
-88
-115
-111
-76
-60
-78
-126
-166
-183
-217
-231
-234
-225
-245
-268
-287
-289
-297
-312
-315
-303
-281
-281
-261
-253
-256
-264
-251
-207
-167
-154
-157
-167
-158
-152
-118
-73
-48
-32
-29
-31
-7
14
37
75
91
118
128
171
205
213
226
240
250
261
276
291
307
291
269
241
225
200
202
234
225
199
146
120
103
98
107
106
86
64
45
30
33
22
3
-3
-9
-19
-28
-44
-34
-21
-14
-17
-10
-18
-33
-34
-38
-13
-2
14
35
24
5
-5
4
17
43
45
48
46
22
4
-14
-20
-8
2
6
4
-21
-48
-62
-53
-34
-26
-13
14
15
11
21
27
36
55
81
100
84
73
82
100
108
104
106
110
86
66
56
46
23
-5
-35
-63
-84
-115
-159
-185
-222
-258
-271
-293
-319
-329
-352
-369
-366
-380
-374
-367
-359
-323
-302
-279
-255
-215
-192
-163
-143
-136
-109
-58
-30
-14
15
29
53
70
86
125
156
170
181
186
197
196
207
213
243
250
242
231
230
235
213
214
218
217
212
215
223
209
197
188
183
183
182
179
178
169
166
157
133
109
94
94
86
75
60
27
0
-13
-23
-35
-39
-62
-94
-124
-137
-137
-147
-159
-178
-181
-195
-213
-207
-211
-215
-206
-179
-173
-158
-131
-110
-109
-83
-55
-43
-5
19
55
93
116
137
164
185
199
240
268
273
274
266
260
253
246
243
240
206
168
141
110
61
-3
-48
-95
-132
-159
-198
-241
-308
-359
-399
-430
-444
-444
-439
-458
-478
-486
-458
-421
-377
-325
-301
-270
-236
-215
-155
-108
-61
-24
18
70
93
122
124
145
165
181
212
216
210
199
162
145
155
166
159
147
119
93
86
62
76
85
91
91
89
109
124
139
148
161
192
219
244
244
254
265
255
243
241
244
243
239
220
222
183
130
108
86
75
49
15
-38
-69
-83
-108
-129
-146
-160
-165
-168
-188
-185
-183
-161
-143
-103
-76
-62
-61
-59
-59
-52
-21
3
41
40
22
14
19
22
15
25
21
17
-13
-35
-45
-85
-117
-135
-145
-168
-195
-220
-231
-231
-240
-237
-215
-203
-193
-185
-165
-152
-134
-102
-62
-31
-6
2
1
16
36
46
76
101
108
110
101
106
103
116
119
112
102
90
78
55
29
10
-23
-39
-41
-59
-67
-62
-75
-85
-92
-100
-78
-82
-57
-46
-47
-50
-47
-34
-13
6
22
35
49
65
69
72
89
124
141
172
176
176
171
158
162
176
202
204
206
200
188
173
152
163
160
156
143
111
74
56
48
48
49
51
36
7
-2
-18
-17
10
15
14
4
-12
-29
-49
-41
-19
-29
-30
-43
-70
-94
-104
-115
-127
-137
-153
-169
-176
-194
-204
-201
-209
-213
-211
-210
-194
-183
-171
-162
-151
-135
-131
-110
-86
-74
-59
-33
-10
11
12
20
24
31
50
64
73
59
47
40
33
44
58
77
62
34
22
12
11
32
36
24
25
19
12
22
43
62
87
84
78
74
73
75
72
66
70
68
79
71
60
39
4
-12
-20
-27
-32
-31
-66
-101
-132
-145
-159
-165
-187
-179
-166
-156
-145
-140
-118
-96
-64
-35
21
68
124
146
178
204
217
258
297
338
365
383
390
367
356
351
358
357
333
299
263
232
180
133
89
53
6
-27
-73
-125
-181
-233
-274
-297
-298
-317
-321
-325
-348
-351
-340
-316
-293
-262
-251
-231
-210
-198
-161
-132
-85
-55
-41
-24
6
34
54
76
83
76
75
65
78
72
58
47
34
23
6
-12
-41
-54
-58
-68
-81
-90
-115
-132
-132
-132
-128
-133
-133
-123
-121
-101
-69
-59
-44
-16
-6
27
65
94
98
125
137
149
154
167
179
174
159
152
163
140
118
95
92
80
73
56
47
30
14
-6
-10
-17
-18
5
10
5
2
6
3
24
52
62
74
99
102
111
131
154
166
166
175
182
188
176
144
132
114
104
97
71
49
17
-19
-45
-65
-82
-108
-133
-163
-196
-206
-193
-178
-183
-196
-200
-207
-199
-177
-162
-125
-99
-74
-50
-34
-24
4
30
48
80
86
88
85
81
78
81
91
84
84
76
54
22
2
-19
-29
-28
-51
-66
-91
-113
-140
-169
-179
-188
-194
-208
-225
-236
-237
-240
-232
-224
-205
-182
-174
-164
-151
-139
-120
-101
-65
-35
-11
3
23
41
45
56
78
112
137
143
152
152
160
172
182
206
210
215
198
193
196
201
219
219
212
210
202
205
185
176
168
161
168
169
164
137
122
99
92
97
99
102
87
64
35
20
13
0
-3
-11
-33
-61
-82
-85
-87
-85
-83
-90
-101
-110
-124
-131
-126
-122
-117
-126
-135
-131
-130
-136
-131
-134
-135
-131
-117
-105
-102
-84
-77
-71
-63
-36
-17
19
42
58
70
61
71
75
80
92
101
88
86
74
64
65
46
25
11
3
15
18
7
-25
-44
-63
-75
-86
-93
-101
-125
-146
-165
-175
-188
-188
-181
-177
-169
-177
-180
-177
-177
-153
-131
-123
-111
-101
-87
-71
-58
-36
-18
-4
3
21
52
58
58
86
104
122
147
162
180
177
171
178
197
211
222
220
208
211
188
173
174
161
156
144
131
122
115
100
78
76
66
63
58
45
45
29
14
24
34
36
39
34
42
45
40
57
59
61
43
41
51
51
42
41
32
19
14
2
-5
-13
-35
-72
-89
-100
-121
-139
-156
-173
-184
-199
-199
-204
-210
-215
-212
-211
-201
-188
-173
-151
-134
-116
-99
-74
-45
-30
-14
-13
-4
5
6
14
22
23
27
16
22
22
22
23
19
-2
-22
-22
-44
-56
-57
-59
-66
-74
-72
-101
-102
-96
-107
-85
-81
-76
-60
-49
-51
-40
-19
2
35
44
64
67
78
96
96
119
125
126
130
134
122
122
113
105
101
99
94
83
78
72
63
58
71
75
75
43
-14
-69
-112
-144
-158
-127
-85
-25
41
91
132
169
179
192
200
212
233
250
265
261
256
248
235
212
188
172
130
115
116
103
99
79
75
40
8
-11
-46
-61
-86
-102
-116
-131
-142
-162
-159
-167
-181
-201
-221
-249
-278
-313
-319
-313
-306
-271
-228
-194
-172
-165
-159
-136
-128
-110
-105
-94
-100
-92
-82
-87
-59
-52
-30
-24
-13
29
21
30
27
20
38
68
107
153
183
189
166
114
59
-5
-56
-70
-120
-143
-142
-142
-145
-156
-127
-126
-117
-76
-24
5
74
113
148
180
178
179
150
140
102
92
104
100
100
101
110
123
129
130
125
112
108
110
114
78
63
39
24
30
35
56
63
68
32
12
-33
-44
-20
4
60
100
150
211
223
201
182
128
72
5
-62
-81
-87
-43
-14
41
36
3
-29
-63
-62
-78
-62
-65
-17
-4
9
32
26
24
-4
10
15
17
38
26
51
37
28
54
26
28
-29
-75
-112
-173
-187
-225
-254
-278
-308
-317
-328
-319
-315
-253
-237
-225
-196
-222
-201
-206
-190
-174
-145
-90
-53
-1
11
56
67
86
104
97
97
108
100
85
99
88
97
102
93
110
105
91
117
117
117
92
76
52
39
25
9
12
12
21
42
29
8
23
1
25
43
19
47
47
46
37
65
42
21
30
-8
4
-3
4
2
25
30
45
60
90
87
52
56
54
85
123
137
146
124
96
130
115
161
145
135
114
91
77
76
89
41
36
6
-1
-14
-7
-15
-27
-22
-48
-37
-44
-51
-28
-31
-8
-5
-14
-20
-49
-49
-72
-53
-59
-46
-27
-32
-9
0
9
-14
-28
-55
-70
-66
-86
-84
-116
-150
-166
-170
-183
-186
-195
-212
-202
-180
-181
-170
-170
-168
-191
-194
-188
-209
-183
-183
-133
-132
-76
-55
-46
-27
-27
-3
25
74
88
115
133
124
144
144
139
148
139
164
139
143
150
128
108
101
112
95
122
122
105
98
91
89
72
110
85
54
57
62
21
24
22
34
42
22
28
-9
8
44
35
66
74
40
50
55
56
51
67
72
70
43
77
43
33
23
8
15
20
11
0
-9
-51
-21
-48
-10
-18
-9
2
-25
-13
-84
-27
-60
-21
9
3
10
-7
-2
-34
-24
-54
-20
-52
-32
-9
11
-3
5
-16
-68
-36
-57
-52
-7
7
-13
6
-29
-34
-23
-49
-48
-69
-89
-96
-120
-105
-128
-118
-118
-146
-132
-143
-120
-158
-92
-81
-70
-62
-49
-90
-101
-58
-86
-59
-51
-9
-8
7
-7
-18
-31
-25
-15
-14
26
89
59
34
47
-4
9
2
19
-4
26
43
39
86
35
59
34
56
56
67
82
102
135
120
175
133
140
127
89
123
70
113
149
158
150
141
112
82
92
62
77
47
89
89
68
52
43
12
-5
-24
-23
-37
-19
-7
-59
-27
-68
-52
-69
-49
-41
-53
-41
-67
-41
-122
-56
-10
-60
-60
-67
-83
-139
-82
-72
-38
-35
-8
1
-39
29
-4
-20
17
31
42
80
106
59
55
19
25
15
49
85
71
92
34
27
4
-25
-73
-54
-68
-51
-42
-34
-37
-113
-57
-149
-133
-120
-124
-100
-61
-107
-118
-120
-150
-117
-101
-97
-69
-45
-95
-54
-117
-51
-58
-71
14
-82
-5
-61
-40
-53
-4
35
-3
57
1
79
43
87
102
46
124
65
100
135
105
138
120
181
143
130
135
136
126
40
129
40
104
97
55
145
61
88
60
49
63
82
80
19
53
-15
11
7
17
66
4
84
37
40
18
19
-5
-5
-20
-21
-9
-55
-56
-73
-104
-67
-129
-71
-69
-90
-62
-66
-79
-82
-83
-137
-102
-186
-85
-125
-94
-65
-66
-85
-89
-18
-39
3
41
13
41
35
16
26
17
70
-3
14
40
34
56
29
67
-1
11
6
10
32
24
71
12
40
-23
-35
-11
-26
6
-47
-75
-83
-156
-77
-70
17
-54
-27
-59
-79
-22
-91
-25
-62
-27
-47
-6
-57
-18
-56
-49
-33
-39
59
34
113
74
93
39
21
4
-15
-2
-15
54
70
93
87
51
42
10
77
55
103
187
115
143
76
52
19
46
23
98
77
110
147
88
90
90
110
65
132
37
82
53
37
46
3
-19
-19
-55
-74
-15
-66
-82
-60
-86
-116
-75
-81
-103
-151
-129
-121
-72
-75
-104
-36
-110
-47
-39
-73
1
-18
-83
-55
-63
-46
-69
-83
-69
-73
-118
-51
-9
-43
25
-7
37
16
-17
6
-19
-27
1
66
23
63
25
-54
42
-12
33
94
74
65
73
49
34
34
16
-26
35
0
37
67
54
16
-4
-59
-21
14
-4
27
18
-33
0
17
8
27
-89
-22
-69
-18
32
40
77
5
6
-81
-24
2
-21
31
-24
-5
-41
-27
2
-5
15
-37
49
-19
37
72
26
94
2
16
-16
25
8
66
111
56
80
53
59
64
119
120
144
189
120
95
86
73
5
-2
28
39
31
18
85
-20
-22
-39
-112
-91
-44
-25
-45
33
-54
-79
-143
-91
-160
-131
-49
-93
-71
-120
-84
-123
-149
-121
-149
-139
-103
-47
-109
-29
-59
-81
-104
-115
-125
-79
12
18
74
33
64
-12
-16
-44
-32
25
36
103
75
100
65
58
46
4
71
23
115
36
78
90
-8
60
19
73
-3
71
50
5
41
-16
36
-20
88
47
-27
55
-48
25
-39
45
10
-8
55
-48
-24
-15
0
-30
-50
-13
-92
-25
-41
0
-15
1
36
-27
50
-31
13
-39
-35
32
41
99
109
26
10
33
3
19
72
112
90
59
128
34
33
68
24
34
60
77
58
80
63
48
-6
-33
-49
-72
-9
-11
-10
-4
-26
-53
-142
-76
-100
-109
-79
-88
-60
-36
-78
-52
-74
-70
-65
-36
-7
-15
37
-51
-18
-55
-68
-69
-95
-67
-87
-50
-30
-12
-30
-39
-22
-81
18
-66
8
-7
-4
-24
-32
44
-56
29
-9
-24
3
37
33
20
41
38
4
16
77
35
70
85
78
20
69
84
55
88
92
81
59
119
51
25
22
-3
-22
16
48
-7
-32
25
-18
-6
48
42
59
21
45
11
22
2
-30
-86
-41
-66
-53
-6
-35
4
-26
38
-43
45
42
40
66
13
17
-19
4
34
11
19
-47
-8
-22
24
10
-5
17
-53
64
-39
70
24
-5
14
-63
-45
-59
-5
-58
34
26
16
34
35
9
-8
21
0
24
30
9
-44
5
-76
-53
-98
-59
-35
-49
67
26
63
-6
12
-55
-36
59
-34
37
17
-16
9
-69
-43
-77
-67
-82
-73
-73
-18
-8
-44
-24
-69
-87
-43
-41
-44
-26
-46
-73
-38
-65
-81
41
-27
-11
-33
-44
-50
-53
-17
-38
40
32
63
41
39
-17
29
11
87
60
134
90
138
49
-20
41
-3
56
64
131
104
57
43
48
42
22
56
89
45
117
22
79
10
47
-12
11
72
-19
64
-9
21
-26
7
-2
1
2
9
-31
-29
6
-22
21
3
-64
-39
-22
4
5
-12
-6
-43
-58
-8
-54
6
-54
-55
-112
-87
-58
-72
13
-40
-35
-37
-9
-41
-30
-25
-39
-25
5
13
40
-1
38
20
1
46
6
54
47
40
25
15
15
-34
19
-25
23
-28
-48
-22
-57
-38
-84
-70
-89
-73
-53
-52
-19
-61
-24
22
-25
27
-21
30
1
3
20
-37
-28
-40
-12
-15
73
79
73
78
75
54
70
102
80
101
64
34
4
-80
-27
-26
-56
29
23
-12
53
13
-45
-1
-34
9
50
45
61
45
2
26
1
-3
1
-13
-15
48
51
2
33
-27
18
49
-7
38
65
7
59
59
-8
38
60
28
59
7
-11
-8
-59
-32
-34
-45
-65
-43
-109
-86
-31
-97
-26
-41
-20
-49
11
-6
14
-20
17
-16
13
-84
-53
-83
-92
-22
-50
38
-37
20
24
25
22
23
23
22
25
-14
-10
1
-16
10
-32
-26
-28
-54
-19
-38
-24
-85
7
-29
-4
36
22
-11
-10
39
29
89
60
68
-22
-33
2
-80
-10
-29
-14
-9
7
46
16
56
35
64
74
89
63
50
84
31
41
-48
15
-19
-19
54
12
59
5
10
6
-36
-26
-38
44
-5
-1
20
0
-2
-8
-1
2
48
4
46
54
6
43
-33
10
12
-9
-42
13
-18
-45
-31
-35
-15
-5
-14
13
32
-10
-2
42
-26
-15
13
-73
-9
-109
-54
-57
-37
-3
-7
-4
-32
3
12
41
38
-19
-30
-40
-1
-18
-32
-73
-22
-75
-109
17
-57
-2
-10
21
-28
-48
-40
-37
-4
-15
9
-34
33
6
-2
49
22
-21
-41
-20
10
8
69
17
14
-6
-39
17
-4
51
80
83
52
74
-6
32
-7
-69
18
-66
66
16
24
33
0
24
-35
82
-26
38
68
5
73
26
44
1
33
-10
10
42
-23
64
-1
27
-38
-62
38
-9
8
1
-13
-34
-3
-57
-35
13
-28
-2
-2
23
-24
45
48
12
60
25
78
-25
-1
-37
-35
2
-16
-1
-19
16
6
-2
19
-37
-22
-33
-29
31
31
48
-4
18
-17
-24
5
-12
-26
-24
31
7
4
-25
5
-58
-46
-20
-40
16
4
-38
-6
12
-14
-6
-24
-62
-27
-28
-5
8
-10
-29
-57
-11
-95
49
25
-20
2
-13
-14
10
36
31
59
7
63
-6
18
27
-25
-57
-20
-33
18
-13
9
-20
3
-3
-51
25
-67
21
-26
10
-12
23
35
17
31
-11
0
1
9
34
2
65
74
23
82
-4
49
-1
43
20
22
89
-29
78
15
41
11
-26
-15
28
24
33
40
3
-35
-3
-41
-38
-6
-28
12
-40
4
-23
-14
-24
1
-20
-10
17
-4
30
1
-16
-20
14
-18
-18
-36
-15
-6
-47
-17
-24
16
-47
-28
-6
-6
12
-13
-1
-24
-44
-15
-23
-21
-18
-11
-23
-27
0
-47
5
-45
-29
1
-2
51
-44
53
-46
-29
-7
-44
36
13
38
-6
19
36
-12
17
-5
10
-27
5
42
-8
14
-46
-4
-79
-25
-15
-49
-2
-39
0
-31
-2
-25
-48
-4
-21
6
2
47
5
50
-24
22
-21
-10
77
11
59
22
16
42
28
6
71
41
17
50
6
62
42
76
45
42
39
-5
22
27
33
5
26
2
-11
20
19
42
16
28
47
37
61
37
8
-1
26
-44
8
44
-25
67
23
16
8
-10
-19
-13
11
-2
19
-20
-24
-43
-74
-54
-70
-52
-8
-21
-17
-63
-17
-64
-12
-38
-61
-5
-30
-13
-43
-62
-24
-68
-32
-26
-51
4
-17
-6
11
-1
12
-1
-8
1
-5
-1
-13
-9
18
5
-32
19
-60
-13
-9
-28
23
-46
22
-21
-5
-17
-24
-26
-30
-9
-29
-3
3
0
13
-5
-9
-18
-31
-15
-26
56
32
52
48
29
63
19
43
3
27
29
23
40
18
26
24
71
31
17
42
13
7
25
25
31
27
12
-8
13
-31
15
4
24
66
17
48
41
3
15
20
31
-36
0
-18
-29
8
-4
9
0
47
-32
31
-1
-4
52
16
57
19
50
13
-21
-30
-51
-22
-73
-7
-27
-6
31
-8
9
-30
-40
-81
-33
-41
-42
-14
-46
-25
-63
-39
-76
-66
-36
-38
-13
14
21
-24
-34
-45
-68
-57
-44
-11
10
-1
13
-18
9
10
11
26
-3
15
-46
24
-6
12
46
-35
39
-38
-18
5
-17
42
3
27
6
16
15
21
23
18
22
-13
21
-7
21
20
36
34
42
11
13
-18
14
-1
21
27
-10
4
-19
-1
-22
-23
-18
3
-15
26
64
49
39
22
12
15
10
48
36
3
58
39
64
6
27
-3
-17
27
-6
27
16
36
-9
-11
-11
2
-2
-9
0
-3
-18
15
-7
21
-1
17
6
5
12
-16
15
1
18
25
8
-6
-37
-20
-35
-43
-26
-23
-23
-60
-56
-103
-53
-62
-56
-50
-28
-27
-49
-18
-44
-41
-52
-48
-38
-34
-28
-17
13
28
-4
-10
-10
-44
-16
22
5
2
13
15
-5
12
4
21
10
25
11
12
32
33
2
11
29
-25
23
13
15
21
12
17
18
31
7
19
35
6
31
-9
12
16
13
43
61
22
39
0
21
13
-2
38
15
42
18
33
17
27
25
11
33
26
2
29
31
-13
-25
12
-33
24
9
30
5
-17
-3
-28
-9
2
1
2
13
4
-5
-14
4
-24
29
6
19
3
-8
-2
-33
-26
-5
18
-8
22
-12
8
-1
-19
-22
-8
-26
-4
20
-29
-15
-33
-38
-43
-51
-58
-51
2
-36
22
-9
-21
-36
-47
-63
-42
-15
-19
1
0
-28
-24
-57
-43
-35
-52
-3
-13
10
22
29
-11
6
-6
-14
-10
-10
-12
24
14
23
6
7
-2
-6
-2
-33
-10
-25
-11
5
8
10
-18
22
4
6
9
16
-4
21
24
12
38
27
47
21
16
-5
17
11
77
52
50
43
67
47
45
33
17
7
11
37
11
37
-6
28
-17
10
-6
-15
-5
13
35
-7
38
42
-9
46
6
-19
17
1
26
-13
8
-47
-6
-16
1
-5
-20
11
-35
16
-5
20
-4
-14
17
-39
-3
-13
-29
3
-45
-11
-32
-9
-14
-10
-13
-65
1
-59
16
-15
15
21
-31
-11
-35
-6
-31
-25
-4
-46
21
2
-17
-3
-25
-17
-18
-22
-5
13
-11
14
-31
-5
-17
-22
-35
-15
-12
-18
15
-10
1
-16
-10
-34
-14
-31
-21
1
-29
3
-9
-16
-5
-23
-5
-10
2
29
21
34
34
28
0
24
4
5
12
33
16
27
39
0
21
-3
28
23
36
41
34
39
59
33
36
23
26
36
23
50
18
13
20
-2
32
9
1
24
9
5
5
25
26
48
50
32
36
3
24
-13
-1
-16
-3
6
0
28
-32
27
-22
-21
15
-42
13
-2
10
1
-35
-16
-32
-47
-50
-48
-17
-16
9
-43
-23
-46
-61
-55
-58
8
-39
0
-31
-8
-34
-38
-22
-86
-43
-41
-33
-14
-29
-5
-26
-42
-16
-24
-19
-16
1
-4
14
-4
-30
-6
-30
-17
-39
19
-7
-2
14
6
18
-8
21
0
6
-2
-5
22
22
42
32
-6
25
-7
-6
-24
-24
21
6
36
27
20
-1
-2
-12
-1
37
9
41
35
29
36
37
21
0
24
31
20
49
17
44
14
11
31
13
33
11
-1
43
28
8
41
12
46
24
29
29
19
33
31
26
34
41
36
41
15
16
-14
-17
-10
-25
10
-1
14
14
-10
-9
-16
-23
-30
-18
-38
-11
-2
8
-7
-35
-30
-60
-50
-72
-51
-83
-35
-23
-20
-48
-38
-53
-56
-17
-47
-8
-22
-19
-35
-30
-14
-41
-12
-19
-13
13
-2
10
-2
-5
7
5
-9
10
-6
-13
-3
-18
-13
-16
13
8
7
3
-8
6
8
4
-1
3
20
4
14
4
20
0
1
-5
-3
10
-12
1
1
30
46
29
18
-1
-1
11
10
32
-4
26
1
20
17
8
21
5
7
14
16
20
59
39
39
46
40
23
41
17
13
21
29
11
26
36
9
22
5
18
28
25
48
21
5
32
5
26
-10
1
-9
-9
0
-26
-4
-24
10
1
-25
-2
-28
-25
-37
-38
-32
-13
-18
-24
-9
-46
-17
-50
-50
-43
-57
-42
-18
-8
-32
-7
-33
-53
-37
-48
-7
-30
-17
-17
-7
3
-9
13
-18
10
-7
-21
22
-8
20
-8
-5
-23
-17
-7
3
9
10
23
21
15
7
31
-16
9
-9
-23
1
-14
-1
-22
-12
0
2
9
-15
27
-19
13
0
-21
18
-4
-2
-16
23
-4
7
-6
-28
0
-35
-2
-10
11
24
13
23
8
29
-4
24
19
15
35
9
24
-18
22
2
-1
16
17
58
11
52
45
9
48
17
32
18
6
22
22
31
18
22
7
33
22
9
17
28
33
48
47
23
34
4
4
-1
-21
-12
-17
-35
-20
-17
-24
-14
-19
-2
-26
-26
-42
-38
-36
-26
-12
-28
-31
-31
-50
-56
-39
-30
-28
-7
-15
-11
-5
-26
-3
-60
-30
-33
-38
-8
-32
1
-14
-1
-13
-17
-18
-15
2
-7
1
13
0
3
-17
-4
-12
-15
8
0
27
18
38
7
1
24
16
16
31
28
43
32
48
32
13
29
21
22
4
13
10
-1
3
15
10
-4
31
-19
-1
-13
1
19
9
18
4
15
16
4
12
2
16
5
11
-5
3
22
3
19
-6
10
-17
19
13
25
15
12
36
-2
25
-12
-9
-14
-26
-5
-15
-18
-5
10
12
0
-1
-15
2
3
8
13
-8
15
-14
-1
-10
-6
8
4
-6
-24
-8
-39
-49
-10
-31
-4
-2
-17
-12
-42
-23
-31
-17
-7
-12
2
-17
-4
-19
-4
-12
-34
-18
-27
-41
-28
-20
-21
-13
-31
-5
-13
-7
14
3
-7
10
8
-6
4
2
20
-1
13
14
5
7
1
22
9
-2
16
4
8
17
0
17
31
21
19
33
14
26
9
9
7
-11
15
-12
18
-3
15
12
11
29
1
12
17
5
22
5
-4
-1
14
9
11
-10
-12
-6
-14
18
-8
3
9
-7
-9
9
7
6
27
6
-9
8
-3
26
16
-12
15
2
-10
-9
-4
2
8
-13
-22
-3
-20
-20
-17
-32
-8
-13
2
3
-6
-12
-4
-8
-16
20
-2
-5
-20
-23
-21
-23
-15
-4
-18
-6
-29
-6
-18
-19
-2
-32
3
-19
-8
-4
9
-9
-5
-13
-22
2
-1
-4
6
-6
-11
-3
-31
-12
-4
6
-4
-8
2
21
24
3
26
26
11
24
48
41
34
12
24
0
6
9
5
4
2
9
21
28
10
25
1
15
13
24
20
25
10
23
28
22
7
17
18
-9
-2
-14
-9
13
-11
-4
8
1
-10
-8
4
-26
-11
-23
-19
-14
5
7
10
24
3
-6
-14
3
-5
11
6
12
-5
-3
0
-22
-7
-28
-9
-19
15
14
11
28
-10
9
-15
12
12
0
16
-15
-10
-22
-13
-20
-26
-27
-27
-13
-20
6
-14
-3
10
-2
12
13
16
-7
13
-6
-11
4
-25
1
-26
-29
-46
-33
-51
-32
-26
-59
6
3
4
21
0
-7
-14
10
7
14
11
-7
7
2
0
-6
-8
-10
-7
-6
3
25
8
27
18
5
2
9
17
16
25
3
16
3
6
21
0
3
9
-18
1
-3
5
11
15
15
24
25
11
39
1
17
17
11
26
16
5
3
6
-11
-10
-17
-25
-6
-12
14
6
-15
2
-13
5
1
16
-17
-6
-9
-12
11
-6
7
-3
-14
-15
-3
-15
-1
2
-3
-4
-3
-10
-8
3
1
15
12
12
11
7
5
10
8
1
12
-16
-11
-6
-30
-27
-10
-12
-11
-5
-5
8
-7
-13
-10
-24
-16
3
3
-2
-13
-14
-18
-27
-17
-19
-21
4
-9
-15
-10
-11
7
-1
-10
0
0
5
3
8
-6
7
-4
-4
-1
4
11
1
15
5
30
24
12
24
-4
-10
-15
-1
10
11
21
7
8
-1
4
11
20
10
11
17
3
27
1
12
10
6
9
2
3
7
12
4
20
3
12
16
7
14
14
18
27
27
22
22
2
-1
-1
-3
-3
0
2
-6
-9
-9
-12
4
-4
-13
-2
-13
-5
4
3
9
4
-4
-5
-6
-24
-24
-3
-14
-8
-16
-5
11
-4
4
2
-4
-13
-11
-12
-7
0
-12
-1
-5
-21
0
-21
-19
-9
-15
-5
-3
-1
-10
5
-3
-12
13
-5
-4
-12
-9
4
-6
-14
0
-7
-6
-14
-20
-10
-13
-22
-17
-17
-12
-9
-6
-6
-6
3
-5
0
-4
-2
9
10
4
10
13
9
15
10
13
6
-1
-8
1
13
1
15
11
16
12
16
29
18
20
18
18
20
21
12
19
1
7
3
7
3
6
16
12
8
1
2
10
13
-4
8
12
1
-1
-6
23
14
-5
19
-17
-2
-9
0
4
-29
-18
-18
-16
-16
-10
-15
-7
-11
1
-8
-24
-10
-16
-3
5
-12
2
17
-12
-12
-11
-9
-15
-6
-8
1
-3
-14
2
5
-3
-10
2
-12
-11
-15
-6
-2
4
-5
-1
2
-4
-3
3
-5
-10
-5
-15
11
-26
-24
-16
-2
-18
-31
-4
-17
-5
-3
12
2
3
9
2
10
8
11
19
8
15
18
5
10
8
9
6
19
18
27
1
10
2
9
20
7
18
1
9
2
9
10
7
7
10
8
8
4
14
9
-1
7
0
0
6
13
5
13
9
-11
-11
-13
-9
11
2
21
-7
8
-2
-12
5
-16
13
-3
16
11
4
0
-4
-5
-12
-13
-7
-1
-13
-6
-3
-2
3
-10
-5
-16
-6
-10
-5
3
3
18
-1
0
-5
-13
-16
2
1
-7
5
-8
5
-2
-1
-5
-15
-12
-7
-2
-16
-9
-16
-20
-24
-19
-16
-10
-12
-17
-9
-14
1
3
11
1
-3
-9
-2
1
-9
6
14
7
0
-10
-6
-5
-1
11
16
13
14
12
13
15
9
0
-5
5
7
9
-3
5
0
-12
1
4
14
13
10
7
10
12
7
13
11
6
15
4
9
10
-10
-2
2
-1
8
13
8
10
12
-4
10
6
6
1
-3
6
-5
-4
-2
4
-13
2
-1
-3
6
7
8
7
8
5
9
8
6
5
1
0
4
-9
-7
4
-9
-18
-14
-18
-17
-15
-14
0
-11
-1
-6
-12
-4
-14
-14
-18
-14
-14
-16
-10
-14
-15
-13
-19
-14
-19
-5
-5
0
-7
-11
-8
-17
0
-11
-6
-1
0
9
3
-6
3
-1
4
2
11
14
14
10
14
18
10
6
5
5
5
18
11
14
-3
0
-4
4
15
14
22
18
16
24
15
4
16
2
1
-1
1
3
4
9
-4
-9
-14
-7
1
-4
-6
4
-5
-1
3
-13
5
9
3
4
16
13
8
3
4
-4
7
15
18
9
6
6
0
8
5
10
10
-2
1
-5
-10
-9
-8
-17
-12
-13
-18
-11
-17
-11
-15
-14
-17
-13
-11
-6
-14
-5
4
-2
-8
-20
-14
-8
-16
-14
-19
-18
-6
2
-2
-10
-4
-11
-8
-2
0
-1
-1
-10
-5
-9
-17
-13
-7
-6
-2
-8
-8
-1
-1
2
8
1
7
5
5
-3
3
12
3
17
11
18
24
21
28
21
15
28
13
18
17
18
14
12
3
6
4
3
21
18
25
14
10
11
19
17
11
18
20
15
21
10
12
17
-3
8
-5
-5
-1
-6
2
-5
-1
-6
-6
-3
-8
1
-6
-4
-1
-15
3
-11
-13
-12
-4
0
-12
-6
-12
-9
-16
-4
-7
-11
-12
-15
-13
-15
-12
-11
-12
-26
-19
-26
-14
-9
-16
-10
-12
-6
-11
-15
-6
-5
-8
4
-7
0
0
-11
-5
-15
-8
-6
2
8
-3
7
6
11
4
4
11
2
10
2
7
8
2
-4
-5
4
0
1
-2
5
0
-7
-8
-11
-6
-7
-6
-9
-4
7
-2
-2
-8
-10
-12
-14
-7
-5
-10
-13
-15
-6
-6
-5
-1
-6
7
2
7
4
17
12
14
19
18
25
9
16
10
14
13
13
17
13
19
24
21
23
16
13
21
23
24
24
22
21
12
14
7
-2
9
1
0
7
7
3
-5
-2
-9
-1
-1
-6
1
2
3
5
-9
-9
-6
0
-6
-7
-17
-15
-2
-3
-2
-5
-20
-19
-6
-19
-11
-10
-3
1
-12
-7
-11
-11
-16
-9
-2
-5
5
-7
-5
-9
-5
-7
0
-1
-7
-7
3
-4
6
12
8
0
0
4
-8
2
-3
0
-6
4
-5
-6
-3
-10
-13
-8
-5
-11
-6
-10
1
-3
-14
-5
-12
-5
-3
1
0
-3
-1
5
6
-2
-3
-12
0
0
-2
1
1
10
5
5
3
8
2
5
6
4
9
9
5
5
8
5
1
0
3
8
4
11
15
10
18
17
22
20
18
14
21
9
18
19
13
9
-1
12
5
7
2
0
9
-1
4
2
-5
4
-8
1
7
2
5
0
4
-8
-7
2
-10
-4
-7
2
-2
-6
-2
-2
2
1
-7
-2
-6
-13
-6
-8
-6
-16
-11
-10
-13
-10
-14
-15
-17
-18
-20
-11
-14
-12
-10
-15
-12
-7
-16
-17
-23
-19
-16
-16
-6
-16
-9
-9
-14
-12
-18
-14
-15
-6
-7
-1
2
-3
4
5
9
-4
9
7
-3
5
5
8
16
4
5
7
11
10
11
9
7
14
15
13
8
10
5
2
4
-3
-6
6
-2
10
6
13
9
11
16
15
15
13
18
14
12
15
17
13
16
7
5
3
5
5
3
14
1
5
5
10
18
14
16
7
1
11
1
-3
4
-3
0
-2
-11
-14
-7
-3
-4
-5
-7
-8
-14
-7
-4
-1
-8
-8
-10
-10
-3
-11
-11
-12
-5
-8
-8
-9
-11
-2
-6
-6
-10
-5
-10
-16
-10
-13
-8
-5
-8
4
4
-8
-13
-7
1
-3
1
0
2
-3
-3
2
-5
-10
-3
2
5
7
3
11
-3
1
11
7
6
12
13
6
3
-4
1
-2
-1
0
7
-6
-2
-3
-1
-4
-2
-3
-2
8
10
12
7
0
6
6
6
13
11
13
10
10
9
8
13
4
9
15
11
19
13
20
5
3
4
2
4
-5
0
-5
-3
-1
-7
-2
-10
-6
-4
-11
-8
0
0
-4
0
-6
-4
-8
-17
-3
-9
-6
2
-11
-3
-4
-5
3
-11
-7
-7
-5
-8
-3
-1
-4
-4
-1
-8
-3
-1
-2
-3
-4
-8
-7
4
-10
-1
-1
3
1
-3
0
-4
0
-5
-5
-1
-5
-7
1
-3
-2
0
0
-1
-4
-2
-1
-4
3
-3
-4
-8
-10
-3
-15
-12
-14
-12
-10
-15
-10
-13
-12
-9
-7
2
-1
-3
-1
-4
-1
1
-1
1
-2
0
8
8
7
10
19
15
14
9
16
12
20
17
14
18
10
16
2
8
10
-2
13
5
-1
7
9
11
13
7
7
14
13
13
12
18
15
10
11
10
0
-4
-2
0
-5
-5
6
3
-3
1
-8
1
-9
-8
-4
-6
-7
-4
-12
-9
-18
-12
-6
-11
-3
-9
1
-2
4
6
-5
1
-4
3
-2
-4
-7
-9
-3
-7
-7
-3
-2
-11
-8
-4
-4
-9
-11
-10
-4
-4
-10
-6
-10
-8
-8
-3
-4
-10
-4
-9
-6
-1
-11
5
0
4
5
4
0
-2
-2
-3
2
-5
-1
7
5
3
14
14
8
12
6
15
14
18
16
11
6
7
6
2
-7
7
1
-10
-1
-4
2
0
3
1
8
7
6
7
-3
3
3
7
11
9
9
6
11
12
11
11
4
6
8
4
3
11
12
6
15
15
4
10
8
8
7
3
1
-6
6
-1
-2
8
3
3
-9
-11
-4
-12
-7
-14
-17
-11
-6
-1
-6
-3
-17
-9
-6
-17
-2
-11
-3
-3
-15
-9
-8
-7
-13
-11
-15
-11
-5
-18
-15
-14
-18
-18
-19
-12
-12
-10
-3
-1
0
0
-4
-5
-1
-2
-4
1
-3
-1
1
2
-1
-9
-9
-2
-2
-4
-4
-10
-4
0
2
-2
3
-3
-8
-8
-6
-2
-1
-5
3
7
-9
1
7
4
9
15
12
10
10
11
13
8
9
9
3
18
13
10
8
4
14
9
4
-2
6
3
10
11
8
6
-3
6
2
10
4
11
17
6
14
11
8
10
7
6
8
-2
1
4
-4
9
6
8
2
5
3
6
14
6
3
-5
-4
-7
-16
-14
-15
-11
-16
-18
-22
-17
-15
-16
-24
-24
-12
-6
-6
-6
-2
-6
3
-13
-8
-6
-6
-12
-16
-12
-7
-5
-5
-7
-13
-2
-7
-1
0
-5
-3
0
2
5
7
4
9
3
6
16
0
5
-1
4
2
6
2
4
7
6
13
8
13
3
10
4
7
4
2
5
-1
8
6
0
-2
0
0
4
5
7
3
1
4
-2
-3
-6
-2
3
2
5
3
6
-3
4
3
-1
5
8
7
8
11
12
16
12
15
9
5
4
6
6
4
8
1
7
0
2
-5
5
9
7
5
3
10
0
10
4
1
-3
-3
-5
-8
-1
-6
-10
-10
-1
-1
