SAMPLES:	11010
BITSPERSAMPLE:	16
CHANNELS:	1
SAMPLERATE:	16000
NORMALIZED:	FALSE
6
0
6
-2
6
4
2
6
2
2
-2
-8
-9
-5
-10
-7
-11
-10
-5
-3
-1
3
6
1
6
8
3
3
3
-1
-2
-3
-5
-6
-8
-4
-3
-4
1
3
5
5
2
-4
-1
-3
1
2
1
3
-1
-2
2
-1
6
2
8
7
5
6
-2
0
-5
-5
-6
-3
1
-2
-1
-1
5
2
-3
-1
-6
0
-2
-2
-4
-10
-8
-7
-6
-5
-4
-6
-5
-1
-7
-3
-4
-4
-1
-3
6
-2
6
6
-2
0
-2
-5
-7
-6
-11
-7
-14
-9
-9
-5
0
-3
2
-1
3
5
4
1
-1
4
0
0
-1
0
2
-3
-4
-6
-8
-8
-6
-5
-3
-5
1
0
2
1
1
4
1
6
5
3
6
4
5
0
0
-1
-1
3
3
5
0
4
0
1
-1
2
2
5
3
5
5
4
6
10
4
4
2
0
9
-1
4
4
1
-1
0
1
1
2
8
8
4
10
6
8
-1
-1
3
-2
7
-2
-4
1
-7
0
0
-7
-1
0
-2
-4
-2
0
3
1
1
6
7
3
0
-2
-3
-1
0
1
3
4
2
5
-2
2
3
1
6
3
2
-1
4
6
1
1
2
0
6
3
5
6
2
6
6
3
5
3
3
-2
-1
0
5
0
0
5
2
1
-6
-6
-4
-5
-9
-7
-2
-14
-10
-9
-8
-5
-6
-8
-8
-7
-1
-2
-2
-1
-3
-2
-4
-8
-5
-8
-9
-9
-10
-9
-5
-2
-4
-2
0
6
2
-1
-1
-3
4
4
5
9
8
7
2
13
6
3
6
1
4
3
11
8
13
4
5
5
5
8
-1
2
-1
0
-2
-7
-1
-7
-7
-8
-5
-3
-5
2
-1
5
1
4
7
6
11
8
1
2
2
3
4
-2
2
1
3
-3
-3
6
-2
5
6
9
6
9
6
12
9
10
7
4
1
-1
-5
-5
2
-8
-6
-10
-10
-7
-8
-11
-7
-6
-7
-5
-6
2
-4
3
1
0
2
-1
-5
-5
-2
-8
-9
-8
-13
-10
-8
-13
-13
-9
-3
-1
-3
-1
-6
1
2
-6
-2
-4
-8
-9
-9
-12
-14
-15
-15
-14
-10
-14
-16
-11
-13
-4
-6
-3
-5
-2
-3
-5
1
1
5
5
8
3
6
2
7
3
-2
-3
-8
2
-2
1
0
8
11
9
13
19
20
21
18
13
11
10
9
4
7
4
3
1
-1
0
-4
4
6
8
14
15
15
17
18
18
19
17
16
12
6
6
5
2
6
4
0
7
4
2
-1
4
10
13
18
16
19
9
18
17
16
7
4
9
1
1
-6
-7
-10
-13
-13
-12
-12
-18
-12
-16
-13
-14
-9
-7
-6
-3
-5
-6
-6
-7
-5
-8
-12
-10
-13
-14
-10
-17
-13
-10
-14
-12
-11
-10
-11
-2
-5
1
5
5
-3
-7
-4
-4
-6
-2
-11
-5
-7
-9
-13
-14
-9
-16
-10
-9
-4
-3
2
6
8
8
6
6
3
3
4
-3
-4
0
-6
-3
-5
-4
-1
-2
0
0
0
3
2
8
11
12
14
10
12
11
12
14
15
7
5
2
4
1
4
-5
-6
-2
-2
1
0
2
2
10
8
15
16
13
14
8
10
8
5
0
0
-3
-7
-2
-8
-1
-4
4
0
4
3
1
8
9
9
11
9
2
6
1
5
1
2
-9
-11
-8
-7
-7
-5
-5
-4
-2
4
4
0
6
7
6
8
8
2
8
3
-3
-2
-1
-3
-10
-2
-6
-7
-5
-7
-3
-5
-3
-7
-9
0
-1
-2
4
3
1
2
-5
4
0
-2
-6
-4
-5
-11
-8
-6
-7
-12
-7
-11
-10
-9
-11
-12
-11
-4
-4
-3
-3
-3
-8
-6
-7
-4
-3
-7
-4
-3
-5
-6
-11
-9
-8
0
-4
-6
-4
-1
4
1
-2
-8
1
1
-2
-3
-2
-2
2
1
0
2
4
-3
-1
1
6
5
8
11
8
11
14
12
18
14
10
12
8
6
6
4
3
1
-2
5
2
4
-1
-3
2
8
6
16
9
19
15
12
16
5
10
8
8
3
6
2
-2
-3
-6
4
-2
-1
1
1
4
3
1
-1
-3
2
6
1
9
5
2
2
-5
4
-2
-2
-4
-4
-5
-5
-4
-4
-3
2
4
2
2
5
12
13
13
11
13
6
6
4
1
-4
-8
-1
-8
-8
-12
-12
-15
-14
-11
-10
-7
-3
-4
-4
-2
0
-6
-11
-8
-9
-4
-5
-8
-10
-6
-14
-17
-18
-18
-17
-13
-18
-16
-14
-11
-9
-9
-11
-15
-9
-12
-4
-7
-9
-9
-8
-11
-15
-17
-16
-13
-14
-18
-16
-12
-7
-2
-5
-4
6
9
10
11
6
11
7
8
6
1
3
0
2
-3
-7
-9
-5
-3
-3
1
9
6
12
15
18
16
21
21
23
24
23
26
24
27
25
29
23
25
24
27
23
23
27
36
33
35
38
44
43
48
51
54
63
59
64
68
67
63
59
48
47
43
39
32
31
28
28
20
22
17
9
2
-1
-10
-20
-26
-41
-48
-55
-73
-81
-86
-99
-106
-111
-112
-121
-123
-124
-123
-122
-119
-117
-114
-114
-106
-103
-98
-82
-78
-67
-64
-59
-51
-49
-42
-46
-38
-35
-26
-25
-21
-16
-11
2
8
22
31
43
55
67
73
78
82
90
91
94
94
87
89
84
78
77
74
72
74
71
67
72
69
64
61
66
60
62
59
60
54
46
41
30
20
12
0
-12
-19
-30
-37
-45
-48
-60
-55
-60
-58
-60
-58
-56
-50
-46
-43
-34
-36
-32
-29
-25
-23
-20
-19
-13
-8
0
-2
4
13
16
23
35
35
46
55
65
77
81
92
102
105
110
121
126
134
126
135
134
133
137
134
135
130
122
123
110
94
84
62
57
37
20
-3
-31
-47
-71
-95
-119
-139
-154
-183
-196
-214
-230
-227
-247
-249
-258
-260
-263
-265
-255
-257
-252
-251
-244
-236
-231
-215
-205
-192
-176
-165
-148
-132
-112
-96
-80
-59
-38
-18
5
26
48
56
84
97
110
124
137
148
153
162
165
171
178
187
191
192
191
194
199
199
197
200
196
192
195
190
184
173
161
153
138
120
106
96
78
58
47
32
14
-7
-14
-27
-40
-41
-54
-64
-75
-91
-97
-104
-105
-112
-117
-116
-112
-115
-112
-116
-112
-104
-98
-89
-83
-72
-62
-46
-37
-30
-13
-4
13
31
41
53
63
75
86
96
101
105
112
119
122
132
137
144
152
158
173
174
189
197
212
225
236
244
246
247
242
233
221
205
186
167
139
111
81
49
11
-25
-58
-89
-125
-159
-200
-234
-269
-305
-330
-360
-390
-417
-438
-457
-473
-483
-495
-491
-492
-481
-470
-464
-446
-428
-402
-378
-350
-322
-287
-256
-217
-178
-148
-107
-76
-42
-13
25
55
74
110
135
159
185
209
228
250
268
282
297
313
324
334
337
349
349
344
338
333
325
313
305
291
280
263
250
230
211
187
180
158
142
123
101
87
58
48
26
0
-13
-35
-55
-79
-102
-112
-128
-141
-153
-157
-167
-169
-168
-164
-152
-149
-140
-129
-108
-98
-81
-62
-49
-27
-13
4
14
31
39
46
58
72
84
88
105
116
124
142
150
157
170
180
188
190
200
202
200
205
210
209
208
205
206
205
195
201
193
192
190
179
165
155
140
116
92
63
33
-3
-45
-86
-127
-167
-220
-258
-302
-350
-388
-440
-475
-513
-540
-567
-587
-608
-618
-620
-619
-614
-606
-584
-567
-534
-513
-479
-448
-407
-365
-329
-278
-240
-190
-145
-92
-50
-2
45
79
128
164
203
236
269
296
325
349
362
379
391
403
410
414
419
426
420
419
417
410
400
390
380
368
350
331
308
284
264
243
215
194
170
143
123
97
71
49
20
5
-16
-38
-56
-75
-94
-101
-116
-134
-139
-138
-143
-152
-149
-152
-146
-148
-136
-132
-130
-115
-114
-94
-81
-67
-49
-42
-24
-9
9
26
44
58
79
89
103
115
124
134
141
152
156
162
166
172
170
178
176
172
176
172
171
172
172
175
180
179
180
178
177
175
171
166
157
144
123
99
77
48
24
-16
-54
-86
-133
-179
-221
-266
-306
-354
-403
-446
-496
-531
-568
-601
-632
-653
-668
-679
-683
-672
-654
-637
-608
-577
-540
-505
-464
-420
-378
-336
-284
-243
-195
-152
-105
-61
-10
30
84
124
170
213
244
277
313
346
373
400
429
449
460
477
486
499
504
507
505
495
490
469
464
445
424
397
374
348
314
299
272
244
220
188
160
129
106
84
59
31
8
-22
-50
-68
-82
-103
-123
-142
-160
-177
-191
-195
-206
-204
-201
-205
-194
-181
-171
-149
-138
-122
-102
-99
-74
-63
-56
-36
-28
-12
-2
14
25
43
62
73
81
92
102
112
128
133
143
152
159
171
165
174
170
172
172
168
169
171
172
172
171
171
172
167
169
162
159
155
146
131
115
94
73
40
13
-24
-63
-96
-142
-191
-237
-283
-330
-377
-433
-471
-512
-544
-577
-604
-618
-629
-631
-629
-616
-605
-581
-560
-534
-510
-482
-445
-412
-381
-341
-296
-260
-211
-167
-117
-67
-15
36
78
126
165
210
253
283
318
352
377
404
429
443
454
463
471
479
475
483
470
471
461
444
441
421
407
381
361
342
317
284
259
237
205
180
147
127
96
67
41
6
-21
-47
-69
-95
-109
-137
-148
-153
-172
-173
-183
-189
-188
-195
-188
-186
-182
-169
-180
-167
-150
-153
-126
-116
-104
-74
-57
-41
-23
-8
12
35
46
60
82
94
104
113
113
127
130
132
141
141
143
138
141
141
132
132
136
130
140
141
141
146
150
155
154
160
163
162
160
160
146
136
113
99
75
50
24
-11
-40
-75
-111
-149
-188
-225
-258
-294
-332
-374
-408
-440
-471
-500
-520
-537
-548
-553
-557
-563
-556
-551
-534
-514
-490
-453
-419
-378
-340
-301
-259
-219
-177
-128
-91
-51
-8
26
68
104
132
171
199
232
261
297
321
346
362
380
390
400
409
416
420
421
418
408
398
388
378
352
339
309
289
274
248
226
209
188
172
148
121
106
82
60
33
17
-2
-22
-46
-61
-77
-97
-107
-122
-129
-134
-136
-146
-143
-143
-136
-129
-120
-97
-83
-66
-48
-39
-17
0
14
28
38
43
61
65
61
72
78
82
93
97
100
113
110
114
123
130
142
139
147
148
138
139
130
123
115
108
95
87
84
75
74
64
70
63
64
69
63
60
53
51
37
29
15
-4
-33
-57
-83
-116
-142
-178
-205
-246
-277
-313
-343
-372
-400
-429
-454
-470
-487
-494
-502
-507
-512
-502
-495
-484
-465
-436
-414
-389
-358
-331
-285
-252
-216
-183
-146
-107
-72
-34
5
34
75
113
144
177
205
230
256
286
298
321
333
350
360
366
375
372
370
365
359
348
339
331
318
313
302
294
275
254
233
213
196
177
152
132
116
92
75
54
34
23
5
-3
-21
-36
-43
-56
-66
-71
-73
-79
-80
-93
-87
-84
-87
-84
-85
-81
-70
-55
-42
-39
-38
-23
-15
6
14
26
43
53
63
78
85
100
115
119
128
133
136
133
133
123
130
124
123
116
111
109
92
96
84
79
77
74
68
68
61
52
57
53
48
48
43
38
29
16
9
0
-10
-25
-43
-66
-87
-111
-139
-164
-190
-215
-244
-265
-293
-314
-348
-372
-392
-417
-430
-459
-472
-481
-487
-494
-486
-481
-457
-440
-417
-378
-353
-319
-284
-248
-208
-178
-138
-102
-77
-41
-9
20
47
75
102
131
151
173
192
215
240
255
272
287
300
316
317
324
340
338
334
332
327
323
318
307
300
285
270
253
227
220
204
188
175
163
141
123
103
83
67
58
48
31
16
6
-9
-15
-27
-43
-37
-50
-56
-52
-54
-49
-52
-50
-45
-53
-37
-27
-26
-15
-6
2
12
22
37
48
51
54
55
57
66
68
79
77
81
88
83
89
92
91
98
93
90
96
93
89
89
82
80
74
67
67
61
53
52
44
36
33
35
32
34
29
32
32
28
24
20
8
-8
-24
-49
-65
-90
-114
-135
-160
-187
-208
-235
-259
-280
-306
-329
-353
-370
-391
-409
-430
-434
-446
-450
-441
-437
-421
-412
-387
-376
-350
-324
-297
-267
-239
-205
-168
-139
-108
-82
-55
-26
-1
21
44
64
85
114
133
149
173
186
199
213
223
236
246
257
272
279
283
291
297
302
295
295
288
287
284
270
257
247
236
227
214
207
194
174
160
141
126
109
100
81
72
55
44
35
17
22
13
2
-8
-15
-13
-9
-21
-20
-26
-21
-21
-26
-15
-9
-8
-3
4
12
22
26
39
36
45
46
52
59
65
66
61
59
59
59
61
57
55
53
54
53
42
43
40
42
40
35
39
31
25
23
14
11
2
0
0
-3
-7
-7
-6
-1
1
1
1
-5
-11
-16
-28
-42
-59
-78
-106
-127
-143
-178
-196
-220
-250
-272
-299
-319
-343
-366
-376
-391
-399
-402
-403
-399
-395
-390
-378
-358
-346
-323
-296
-270
-238
-210
-180
-153
-124
-95
-71
-54
-27
-5
16
43
65
87
107
121
143
163
184
199
216
231
248
260
263
270
271
278
272
269
270
270
267
264
258
251
244
233
222
215
212
198
186
178
164
154
134
121
109
101
85
74
64
53
40
28
17
7
2
-13
-11
-20
-18
-21
-22
-20
-23
-21
-21
-13
-8
-4
-6
2
9
14
17
21
27
28
36
42
40
44
46
50
46
53
50
49
53
55
53
59
59
61
59
63
60
49
46
37
38
23
26
33
30
32
41
47
62
74
84
91
101
109
110
104
85
69
43
15
-17
-49
-83
-121
-159
-197
-231
-265
-304
-335
-361
-390
-418
-443
-466
-483
-502
-510
-514
-517
-504
-484
-465
-437
-398
-360
-316
-277
-239
-198
-157
-119
-84
-52
-18
11
30
56
73
93
110
127
146
156
177
188
205
208
220
232
239
240
249
255
256
260
259
259
254
255
251
253
245
235
228
223
215
204
195
176
158
136
123
103
92
81
74
68
55
45
28
18
5
-8
-16
-18
-25
-31
-37
-43
-43
-37
-34
-35
-22
-12
-5
8
16
30
43
50
59
67
74
74
75
78
80
80
78
74
68
69
69
71
68
78
78
74
85
88
84
84
82
79
78
68
78
83
97
121
145
172
193
222
248
274
284
289
273
249
218
163
109
47
-18
-89
-169
-242
-322
-384
-452
-512
-562
-618
-658
-695
-721
-744
-759
-759
-754
-736
-709
-668
-617
-561
-503
-444
-377
-310
-244
-181
-123
-72
-21
16
48
85
123
152
179
205
222
253
271
294
313
326
345
347
356
351
343
329
313
299
278
262
242
224
209
194
177
163
161
149
145
135
124
118
107
100
94
84
78
67
66
58
45
44
31
32
28
24
20
13
7
-1
-8
-15
-16
-23
-21
-31
-35
-38
-36
-31
-24
-11
-6
9
17
30
55
71
94
116
131
158
168
188
202
212
223
217
217
212
203
191
178
168
145
132
115
111
113
128
168
212
271
318
376
429
476
517
529
522
485
424
338
225
108
-14
-148
-284
-424
-547
-661
-771
-848
-923
-984
-1035
-1072
-1094
-1100
-1092
-1073
-1034
-983
-912
-830
-725
-606
-486
-353
-225
-93
29
136
225
291
335
354
351
334
303
266
217
169
125
82
46
21
12
-3
-2
0
3
32
60
94
116
152
202
252
304
363
417
473
521
551
576
584
584
572
542
495
437
375
307
226
152
65
-11
-91
-159
-229
-278
-323
-354
-374
-385
-379
-363
-328
-296
-247
-193
-136
-76
-21
37
86
130
165
190
228
245
263
275
280
281
286
289
289
287
271
252
236
210
176
149
113
85
48
13
-17
-32
-39
-46
-44
-38
-21
10
72
173
301
462
616
747
877
977
1053
1077
1043
938
764
543
268
-29
-328
-616
-883
-1130
-1344
-1507
-1614
-1660
-1672
-1655
-1623
-1562
-1474
-1358
-1230
-1082
-920
-735
-544
-347
-124
93
330
525
693
813
892
941
925
860
728
568
373
173
-26
-221
-393
-546
-655
-723
-748
-738
-679
-588
-485
-389
-273
-113
62
235
414
592
763
913
1055
1180
1261
1316
1308
1267
1183
1042
876
692
480
263
43
-159
-345
-503
-637
-743
-821
-876
-894
-878
-827
-747
-639
-517
-377
-229
-69
92
240
368
469
549
605
636
636
617
573
503
430
338
242
160
76
6
-48
-87
-119
-146
-152
-163
-152
-136
-129
-100
-63
-12
45
117
180
244
310
366
432
522
633
805
1007
1218
1366
1458
1497
1498
1410
1206
923
561
150
-317
-810
-1270
-1638
-1941
-2170
-2332
-2399
-2377
-2242
-2068
-1863
-1644
-1425
-1187
-937
-673
-421
-175
85
342
577
788
985
1165
1302
1327
1255
1108
911
644
327
-13
-383
-728
-1038
-1284
-1458
-1540
-1546
-1469
-1328
-1150
-919
-646
-331
-41
220
441
687
920
1132
1318
1503
1732
1892
1995
1990
1915
1792
1572
1257
843
401
-45
-465
-835
-1159
-1373
-1509
-1529
-1439
-1303
-1095
-864
-626
-393
-204
-40
113
283
457
601
715
847
956
1040
1070
1040
972
829
638
391
106
-191
-441
-647
-820
-918
-966
-903
-762
-579
-379
-191
15
203
342
428
513
591
648
677
684
683
690
700
652
586
542
530
541
635
816
1029
1240
1312
1275
1215
1105
916
608
190
-282
-766
-1229
-1654
-1966
-2141
-2213
-2216
-2155
-2035
-1833
-1584
-1334
-1112
-950
-797
-641
-465
-265
-66
139
353
579
775
939
1061
1122
1098
949
675
345
-2
-345
-674
-991
-1278
-1486
-1567
-1579
-1500
-1339
-1104
-828
-541
-251
27
291
540
739
892
1028
1173
1310
1405
1498
1567
1633
1695
1713
1662
1487
1194
853
456
39
-423
-846
-1191
-1452
-1642
-1711
-1612
-1402
-1081
-749
-440
-128
163
410
586
694
748
759
775
795
807
804
803
769
671
522
344
163
-40
-273
-528
-761
-930
-981
-938
-853
-710
-504
-268
-25
217
431
621
758
822
828
788
757
757
727
681
553
456
381
270
165
61
29
49
170
433
780
1132
1364
1441
1430
1330
1144
803
373
-134
-681
-1216
-1703
-2030
-2199
-2212
-2172
-2078
-1930
-1734
-1507
-1283
-1071
-917
-810
-695
-533
-316
-65
224
513
769
933
1070
1146
1138
1039
769
395
-36
-448
-832
-1159
-1394
-1555
-1643
-1634
-1512
-1317
-1052
-759
-464
-192
46
276
495
736
928
1099
1231
1372
1510
1598
1628
1627
1595
1546
1457
1287
1073
755
385
8
-370
-728
-1030
-1258
-1392
-1422
-1378
-1225
-970
-647
-345
-78
163
379
571
683
744
785
764
736
698
656
615
541
452
294
100
-115
-307
-481
-635
-779
-879
-894
-829
-671
-465
-226
20
269
476
646
794
914
980
957
888
785
698
633
549
445
345
219
116
39
-36
-60
-37
98
414
824
1250
1564
1719
1741
1666
1444
1045
537
-50
-680
-1324
-1888
-2293
-2496
-2482
-2385
-2244
-2071
-1841
-1606
-1361
-1138
-978
-843
-698
-503
-249
49
384
733
1045
1255
1338
1335
1230
1015
614
85
-477
-982
-1409
-1723
-1893
-1942
-1889
-1728
-1495
-1204
-877
-531
-211
66
284
474
696
923
1146
1296
1411
1553
1691
1754
1713
1615
1439
1215
984
748
486
240
-26
-282
-502
-687
-837
-939
-943
-915
-863
-784
-610
-358
-92
174
389
573
738
843
894
889
843
726
563
387
207
46
-94
-228
-369
-511
-626
-684
-691
-682
-651
-612
-533
-391
-187
27
247
456
637
793
904
1005
1062
1049
977
845
658
476
352
244
163
52
-95
-209
-263
-266
-201
-79
96
391
838
1347
1811
2084
2139
2027
1759
1342
736
68
-615
-1279
-1923
-2450
-2756
-2824
-2682
-2507
-2295
-2071
-1813
-1537
-1270
-1008
-800
-588
-338
-57
271
624
977
1270
1423
1391
1202
936
571
125
-424
-997
-1491
-1852
-2069
-2125
-2012
-1780
-1488
-1171
-841
-509
-175
151
426
633
834
1028
1277
1534
1735
1849
1884
1883
1772
1554
1239
863
499
101
-271
-527
-591
-498
-346
-242
-194
-138
-57
-8
-39
-59
-100
-137
-113
-17
132
324
568
745
803
814
735
593
391
98
-254
-593
-817
-924
-966
-931
-818
-643
-468
-309
-144
6
130
217
250
286
357
491
647
793
894
920
912
887
830
690
518
340
151
-13
-118
-145
-127
-86
-62
-64
-79
-25
44
153
395
804
1318
1817
2127
2191
2075
1853
1520
942
217
-555
-1285
-1947
-2512
-2864
-2957
-2816
-2556
-2312
-2044
-1742
-1447
-1152
-886
-689
-519
-281
34
354
689
991
1230
1340
1261
1000
634
223
-285
-836
-1431
-1920
-2210
-2286
-2200
-1970
-1643
-1256
-821
-420
-70
232
526
767
949
1106
1273
1463
1688
1877
1909
1823
1692
1496
1208
793
339
-98
-446
-706
-840
-749
-431
-47
252
411
431
453
436
329
139
-39
-143
-170
-105
64
270
516
740
757
609
383
121
-151
-456
-783
-1074
-1211
-1124
-920
-645
-361
-111
120
256
339
336
301
260
220
196
219
349
541
754
883
904
856
783
709
544
359
156
-12
-89
-114
-89
-19
121
214
220
175
136
175
282
511
905
1420
1926
2214
2206
1999
1682
1258
611
-208
-985
-1700
-2296
-2710
-2913
-2857
-2575
-2222
-1946
-1683
-1416
-1190
-987
-827
-712
-604
-374
-22
370
781
1128
1342
1377
1196
801
288
-244
-797
-1393
-1929
-2290
-2423
-2322
-2044
-1661
-1217
-788
-381
-43
212
422
615
819
973
1141
1311
1554
1790
1937
1885
1668
1392
1018
591
109
-341
-663
-832
-878
-783
-423
113
648
1009
1090
1015
846
663
380
106
-57
-129
-102
6
191
364
559
628
458
123
-256
-603
-880
-1062
-1196
-1211
-1048
-710
-350
-32
254
425
461
379
241
121
57
100
155
224
337
518
720
865
906
777
572
355
142
-38
-149
-160
-119
-23
149
327
515
613
586
460
342
216
157
235
346
709
1321
1959
2349
2416
2127
1632
1069
286
-644
-1435
-2037
-2471
-2730
-2744
-2525
-2075
-1548
-1207
-1023
-960
-929
-880
-819
-777
-679
-406
7
400
774
1063
1193
1091
689
81
-602
-1196
-1672
-2022
-2256
-2322
-2129
-1781
-1325
-866
-488
-151
115
240
288
379
566
786
1023
1225
1401
1613
1759
1680
1398
971
482
9
-381
-719
-903
-830
-617
-329
12
473
1043
1535
1795
1722
1422
1097
786
479
197
32
1
4
16
13
-32
-58
-134
-369
-679
-929
-1028
-964
-814
-605
-375
-93
207
426
510
513
436
266
56
-127
-223
-203
-60
36
68
126
192
243
241
211
172
144
149
114
95
156
297
434
483
514
557
571
580
556
484
431
407
396
387
408
519
745
1150
1582
1791
1721
1372
870
338
-233
-817
-1279
-1624
-1874
-2001
-1984
-1774
-1499
-1217
-1096
-1113
-1111
-1074
-978
-861
-675
-456
-155
142
393
594
672
575
242
-256
-802
-1263
-1590
-1767
-1835
-1776
-1627
-1382
-1074
-754
-432
-192
-8
113
186
326
522
746
949
1089
1168
1201
1177
1089
885
554
161
-200
-417
-533
-532
-418
-192
87
329
560
811
1128
1501
1788
1891
1818
1553
1202
843
457
57
-175
-347
-535
-660
-726
-748
-740
-725
-824
-875
-816
-669
-411
-131
158
391
600
699
673
609
472
296
35
-211
-425
-495
-465
-366
-239
-135
-8
72
138
174
184
173
143
155
194
278
445
634
796
895
902
813
658
486
289
126
-16
-104
-60
68
227
508
1061
1667
2109
2162
1776
1224
666
91
-550
-1047
-1321
-1471
-1504
-1526
-1507
-1378
-1224
-1285
-1457
-1607
-1632
-1440
-1167
-854
-519
-93
271
519
592
484
232
-159
-646
-1142
-1477
-1599
-1527
-1399
-1267
-1144
-997
-838
-719
-606
-502
-347
-135
120
421
716
998
1196
1228
1110
896
692
527
351
98
-159
-300
-274
-176
-73
18
145
313
459
610
825
1228
1694
2003
2032
1894
1677
1358
896
385
-30
-294
-436
-572
-665
-707
-686
-713
-814
-967
-1023
-908
-685
-422
-147
185
498
718
782
720
552
348
122
-107
-276
-352
-353
-309
-254
-238
-225
-242
-267
-300
-313
-247
-122
53
252
464
661
815
871
846
750
685
636
567
477
325
191
68
0
-87
-132
-71
83
273
649
1247
1853
2208
2065
1529
896
340
-205
-711
-1054
-1258
-1314
-1303
-1331
-1351
-1351
-1422
-1615
-1831
-1934
-1814
-1459
-1013
-553
-97
273
526
609
492
204
-157
-514
-832
-1045
-1156
-1118
-993
-894
-859
-894
-889
-849
-772
-660
-494
-202
141
443
668
760
777
765
689
553
424
394
418
408
302
171
100
107
107
49
57
192
435
703
955
1276
1632
1907
1923
1643
1277
877
520
168
-140
-292
-342
-360
-456
-615
-828
-1005
-1150
-1200
-1118
-892
-480
3
431
730
885
903
831
624
377
145
-31
-91
-123
-144
-157
-206
-272
-368
-497
-569
-572
-445
-267
-76
128
307
483
614
679
697
733
752
763
767
717
640
519
344
121
-98
-257
-338
-320
-208
0
287
661
1205
1747
2092
2025
1542
909
335
-99
-426
-606
-699
-767
-902
-1149
-1456
-1759
-2073
-2346
-2409
-2246
-1856
-1323
-744
-218
198
450
502
443
311
126
-42
-183
-293
-351
-434
-576
-762
-935
-1094
-1249
-1363
-1384
-1286
-1046
-739
-418
-108
144
314
413
491
571
682
806
910
972
997
940
808
602
389
230
112
64
70
187
369
526
615
651
717
886
1162
1413
1513
1381
1109
749
375
66
-171
-329
-481
-641
-771
-859
-866
-817
-697
-503
-253
-17
208
412
556
606
556
443
300
164
78
9
-45
-120
-252
-390
-517
-596
-616
-579
-520
-421
-290
-168
-41
128
311
522
687
816
895
882
831
771
665
550
407
261
132
55
18
5
18
14
-3
-35
-10
85
317
781
1353
1785
1879
1563
1025
497
45
-315
-594
-829
-1000
-1133
-1336
-1601
-1886
-2065
-2088
-1961
-1689
-1309
-825
-374
-77
73
117
97
71
4
-31
-46
-73
-155
-296
-465
-690
-904
-1060
-1214
-1369
-1427
-1365
-1161
-866
-584
-338
-119
113
331
490
616
773
905
1027
1102
1126
1126
1056
891
637
345
83
-95
-185
-175
-75
61
212
344
458
552
699
968
1247
1423
1403
1172
857
526
236
50
-34
-66
-82
-110
-226
-373
-563
-743
-778
-691
-462
-205
43
164
177
131
52
24
38
90
148
178
136
46
-86
-222
-318
-361
-329
-248
-110
36
72
90
68
74
154
214
325
418
494
519
493
404
319
257
231
281
313
341
286
183
60
20
75
200
351
464
578
723
984
1197
1281
1078
603
104
-265
-447
-567
-668
-775
-848
-939
-1129
-1377
-1593
-1681
-1552
-1293
-1008
-744
-542
-434
-377
-366
-374
-307
-240
-162
-88
-57
-71
-154
-300
-518
-742
-927
-1020
-1001
-896
-743
-598
-469
-352
-256
-125
4
150
325
489
594
666
715
739
750
717
665
590
516
448
381
319
250
219
204
214
276
355
406
371
322
287
320
436
614
861
1068
1158
1018
690
397
188
105
64
-48
-155
-258
-404
-559
-738
-861
-852
-657
-393
-134
23
77
88
71
33
28
51
138
221
228
185
81
-16
-80
-126
-157
-148
-117
-23
36
18
-22
-73
-86
-11
65
154
219
191
187
177
222
357
493
619
689
667
611
524
450
424
426
413
339
213
77
-22
31
247
520
651
547
303
61
-59
-86
-152
-270
-367
-443
-512
-653
-900
-1181
-1400
-1395
-1188
-932
-764
-690
-666
-639
-600
-615
-648
-634
-588
-491
-414
-384
-384
-395
-417
-410
-362
-296
-208
-208
-230
-262
-311
-305
-273
-223
-174
-137
-108
-92
-83
-25
47
143
286
439
570
683
715
734
747
731
691
611
517
451
443
437
445
479
491
488
525
546
541
505
465
472
475
471
391
195
36
-73
-72
33
108
162
161
83
14
-70
-137
-174
-169
-104
-32
-19
-96
-210
-312
-319
-274
-210
-152
-129
-132
-162
-166
-156
-136
-80
20
134
251
338
340
268
152
43
17
59
130
209
219
213
158
97
28
-54
-114
-154
-139
-105
-78
-71
-75
-85
-57
13
96
172
207
223
209
168
107
28
-20
2
62
118
140
106
45
39
71
133
191
214
197
136
67
-23
-96
-167
-227
-276
-349
-447
-519
-603
-648
-703
-765
-771
-809
-811
-792
-737
-642
-507
-426
-377
-390
-368
-319
-249
-174
-150
-131
-127
-137
-162
-200
-262
-302
-315
-335
-359
-375
-349
-295
-231
-155
-94
-26
63
191
336
465
557
602
618
617
632
667
700
718
695
636
590
562
580
629
682
759
829
864
871
841
800
756
687
617
569
546
512
448
344
233
85
-77
-228
-348
-415
-488
-512
-534
-570
-573
-576
-578
-574
-534
-496
-413
-370
-322
-264
-224
-178
-183
-193
-228
-235
-285
-375
-458
-486
-471
-422
-332
-263
-182
-96
0
88
170
225
279
326
349
369
371
361
374
401
406
405
384
369
359
389
420
445
493
537
574
602
582
542
500
495
526
550
600
595
492
297
70
-119
-240
-326
-409
-521
-628
-723
-795
-846
-914
-979
-1034
-1052
-1022
-978
-953
-946
-924
-914
-896
-909
-921
-896
-881
-854
-839
-812
-772
-717
-639
-537
-422
-306
-208
-127
-63
-4
47
107
195
265
344
412
443
481
475
501
525
542
568
580
603
641
679
753
834
888
944
978
1022
1042
1026
1022
1036
1019
972
921
879
852
793
682
554
414
321
233
168
95
38
-30
-103
-149
-181
-197
-217
-241
-288
-344
-423
-471
-529
-593
-663
-741
-806
-801
-821
-815
-813
-819
-784
-723
-620
-518
-425
-371
-342
-316
-271
-214
-125
-36
42
75
102
125
102
124
147
151
197
243
273
302
359
410
443
497
520
556
591
641
702
757
766
702
646
603
612
618
574
459
315
201
142
174
222
233
181
93
-30
-106
-127
-135
-188
-276
-370
-446
-514
-595
-729
-885
-1017
-1096
-1151
-1181
-1182
-1189
-1176
-1184
-1189
-1210
-1219
-1189
-1135
-1060
-952
-832
-722
-593
-444
-314
-200
-130
-91
-54
19
90
184
252
323
364
379
408
419
477
534
597
672
721
785
837
914
963
998
1040
1042
1038
1003
956
941
937
918
877
835
782
743
740
734
700
644
586
554
508
460
407
341
261
148
14
-146
-270
-360
-435
-508
-591
-654
-708
-772
-828
-867
-908
-907
-877
-848
-783
-729
-647
-595
-562
-502
-456
-403
-376
-373
-343
-306
-255
-216
-190
-147
-113
-66
-18
71
159
287
416
497
560
569
576
533
496
488
467
466
449
406
395
366
390
392
376
349
330
340
336
337
299
299
340
405
446
460
432
375
323
297
269
219
147
33
-135
-302
-451
-573
-710
-842
-941
-987
-988
-1021
-1056
-1084
-1078
-1025
-921
-837
-810
-823
-820
-792
-765
-764
-754
-736
-694
-638
-575
-481
-434
-392
-356
-274
-156
-26
103
190
263
286
300
326
377
438
503
565
609
637
662
695
729
743
734
706
660
630
609
606
633
678
734
788
833
860
849
825
789
723
664
608
567
532
482
399
308
198
118
60
21
9
1
28
23
-14
-74
-161
-240
-300
-359
-391
-438
-479
-518
-565
-631
-684
-743
-774
-753
-709
-634
-560
-463
-401
-326
-255
-211
-173
-158
-186
-180
-163
-137
-106
-71
-35
-13
26
44
70
73
87
76
94
102
88
93
105
171
234
287
312
320
320
333
358
391
411
400
360
322
263
179
86
-7
-52
-54
-10
76
163
193
188
174
153
151
169
188
159
97
7
-52
-136
-220
-305
-396
-464
-552
-613
-664
-697
-722
-720
-701
-674
-635
-633
-638
-637
-608
-555
-514
-450
-397
-350
-264
-190
-136
-114
-130
-147
-135
-116
-68
-53
-36
1
30
88
142
174
230
280
328
364
382
427
490
551
601
614
579
543
489
457
463
491
536
567
592
607
615
606
566
531
504
490
508
496
493
470
412
373
290
235
167
119
97
85
89
92
96
50
-12
-83
-172
-269
-351
-400
-436
-460
-476
-497
-511
-527
-548
-557
-553
-554
-544
-540
-549
-555
-551
-537
-494
-447
-394
-311
-242
-177
-103
-46
-31
-33
-34
-7
25
45
56
38
29
19
17
34
45
85
131
149
173
191
228
272
305
314
314
303
297
283
286
308
322
350
347
331
301
295
322
354
394
421
411
371
304
232
177
165
159
141
85
6
-66
-138
-194
-261
-311
-346
-385
-426
-465
-530
-598
-646
-671
-679
-643
-616
-586
-564
-532
-486
-446
-408
-415
-383
-355
-304
-268
-253
-230
-218
-209
-207
-193
-190
-158
-128
-57
5
49
115
163
218
247
253
234
230
261
298
356
407
448
486
489
479
523
545
567
588
590
592
560
543
505
478
441
418
407
382
378
392
397
389
388
362
310
228
138
45
-21
-46
-55
-81
-118
-158
-193
-232
-279
-322
-354
-382
-391
-405
-421
-443
-487
-514
-529
-514
-493
-473
-469
-455
-433
-402
-367
-340
-309
-261
-227
-208
-179
-183
-152
-133
-110
-79
-62
-30
24
98
167
212
227
225
223
237
256
273
254
223
190
167
167
175
187
169
183
187
190
200
223
274
313
345
324
319
306
290
281
270
280
308
344
330
290
230
161
140
152
169
161
114
30
-48
-135
-209
-276
-314
-338
-370
-391
-400
-427
-442
-470
-495
-496
-479
-463
-466
-463
-467
-461
-449
-450
-449
-408
-358
-281
-215
-173
-151
-167
-179
-169
-154
-145
-145
-148
-153
-144
-121
-116
-80
-40
13
83
129
167
182
218
247
269
273
273
284
294
311
325
336
352
377
404
426
425
420
396
356
332
321
339
359
375
395
382
366
329
265
221
220
241
263
266
225
184
120
43
-50
-112
-172
-197
-235
-252
-258
-292
-304
-322
-317
-302
-269
-237
-219
-218
-242
-290
-319
-339
-342
-322
-303
-280
-278
-252
-240
-233
-201
-178
-170
-163
-128
-91
-49
-9
53
91
116
146
166
179
184
215
243
250
262
267
245
243
243
256
261
258
267
281
289
301
306
305
334
348
365
378
401
412
411
393
363
337
278
233
167
99
55
47
62
52
24
-28
-96
-160
-219
-289
-349
-408
-461
-522
-568
-625
-643
-642
-648
-637
-632
-620
-616
-608
-600
-609
-627
-647
-636
-609
-556
-497
-446
-414
-396
-375
-365
-330
-285
-247
-206
-173
-149
-112
-93
-63
-34
-5
43
74
131
187
230
294
352
403
457
483
534
576
612
619
615
599
598
599
615
630
628
636
627
640
629
637
658
645
627
611
569
500
409
336
263
207
180
134
89
22
-51
-118
-180
-231
-283
-318
-341
-354
-354
-339
-347
-350
-342
-344
-353
-357
-384
-402
-413
-436
-407
-407
-392
-359
-363
-340
-331
-316
-281
-249
-203
-184
-161
-121
-72
5
69
121
169
195
222
247
273
268
242
237
236
226
224
209
226
235
265
305
303
319
322
308
284
271
259
243
242
246
235
240
235
209
173
136
102
71
49
-15
-47
-108
-156
-185
-198
-185
-206
-223
-275
-298
-335
-373
-398
-419
-441
-458
-465
-501
-543
-564
-586
-614
-632
-648
-650
-650
-626
-603
-561
-503
-452
-394
-344
-293
-252
-214
-195
-165
-132
-92
-35
-1
35
85
118
170
219
253
279
304
317
330
327
329
359
378
410
443
465
484
497
483
498
495
508
514
508
497
493
506
523
540
547
540
524
511
493
463
444
423
396
360
305
268
222
172
110
54
11
-27
-65
-118
-180
-221
-238
-245
-233
-227
-214
-222
-236
-239
-265
-281
-281
-281
-282
-300
-313
-323
-330
-336
-322
-306
-269
-238
-226
-201
-199
-185
-185
-185
-186
-184
-157
-125
-105
-79
-49
-24
-1
-9
2
-3
-12
-8
-13
-3
2
-3
-9
2
2
15
27
53
66
89
115
118
137
152
169
162
144
125
129
124
105
87
88
85
92
91
99
128
149
150
128
93
39
6
-12
-21
-10
-29
-48
-84
-111
-124
-151
-159
-186
-204
-216
-230
-261
-301
-320
-350
-372
-421
-444
-443
-437
-411
-379
-346
-337
-326
-318
-300
-274
-244
-201
-172
-119
-74
-42
-34
-21
0
13
46
79
108
132
146
165
191
201
215
242
260
284
306
340
389
423
459
475
508
543
580
606
622
605
575
561
527
502
476
446
421
401
368
344
327
300
280
248
226
211
179
152
124
105
49
2
-57
-129
-166
-219
-253
-277
-301
-338
-371
-426
-470
-498
-518
-522
-519
-512
-513
-511
-513
-496
-482
-448
-423
-365
-322
-302
-274
-289
-273
-260
-259
-251
-268
-260
-230
-202
-179
-158
-130
-89
-43
-13
37
67
127
143
161
197
221
243
254
280
298
327
333
344
356
379
376
390
390
385
378
366
345
324
322
294
274
245
222
217
195
182
164
153
145
130
104
69
42
15
-19
-48
-86
-129
-163
-205
-248
-287
-320
-349
-373
-393
-416
-442
-453
-462
-475
-500
-502
-506
-495
-482
-458
-410
-373
-316
-269
-236
-194
-171
-160
-140
-121
-111
-88
-81
-63
-41
-8
25
45
90
130
171
231
265
308
355
403
440
455
468
459
456
449
446
457
455
453
452
445
426
410
405
390
380
353
322
305
272
245
202
162
125
92
60
30
7
-5
-12
-34
-70
-104
-148
-199
-248
-300
-331
-370
-381
-374
-369
-371
-355
-363
-363
-358
-340
-320
-321
-307
-289
-256
-239
-227
-203
-178
-170
-143
-125
-113
-86
-53
-17
-2
38
51
61
77
75
76
73
78
85
96
103
109
124
134
141
147
160
175
181
193
201
213
204
202
190
173
139
122
97
93
90
82
66
59
57
57
42
36
44
45
59
73
85
90
79
93
85
82
88
75
82
73
70
47
25
-6
-30
-44
-68
-88
-120
-141
-154
-163
-166
-166
-156
-162
-153
-155
-173
-186
-187
-192
-195
-189
-201
-223
-241
-262
-263
-267
-265
-247
-251
-248
-247
-246
-229
-215
-195
-179
-157
-143
-110
-91
-86
-77
-80
-65
-62
-35
-12
11
34
38
41
37
46
52
78
105
138
174
196
216
227
256
272
302
309
333
342
340
342
319
315
286
271
263
243
237
234
225
221
215
216
203
181
168
140
124
87
67
41
30
31
13
6
-24
-40
-67
-83
-89
-104
-98
-99
-89
-82
-83
-62
-69
-67
-76
-87
-94
-116
-117
-113
-125
-130
-128
-121
-132
-127
-118
-120
-119
-123
-124
-120
-115
-115
-115
-99
-97
-85
-75
-70
-60
-53
-39
-21
-13
-5
13
16
30
39
68
76
79
82
89
102
119
126
139
150
156
175
180
189
190
181
183
168
157
141
121
106
99
87
80
74
75
90
86
81
63
48
20
0
-10
-41
-67
-114
-147
-165
-197
-214
-247
-279
-306
-334
-358
-371
-402
-404
-417
-412
-409
-405
-402
-390
-363
-348
-329
-314
-301
-284
-258
-230
-196
-183
-167
-149
-122
-100
-74
-57
-34
-5
20
62
77
108
142
178
200
221
242
253
285
309
341
352
365
379
385
385
388
389
399
429
442
446
446
445
445
435
396
365
348
323
301
285
272
246
213
182
160
126
91
71
38
3
-10
-38
-64
-77
-109
-109
-130
-149
-162
-182
-188
-209
-200
-205
-212
-208
-202
-199
-191
-200
-215
-208
-208
-208
-198
-203
-174
-160
-136
-121
-110
-108
-110
-103
-113
-96
-105
-106
-96
-97
-94
-100
-98
-93
-74
-50
-26
-7
10
19
20
22
12
1
-12
0
7
12
13
14
7
10
11
13
19
32
51
64
87
106
105
108
125
126
136
135
131
117
105
93
81
83
78
72
48
31
19
14
3
-21
-30
-44
-70
-79
-84
-83
-87
-92
-102
-116
-136
-154
-164
-188
-198
-223
-226
-240
-249
-261
-274
-271
-273
-266
-244
-216
-191
-161
-151
-128
-117
-117
-98
-96
-84
-68
-64
-62
-47
-28
-4
18
27
40
60
86
110
148
176
212
240
265
290
306
321
329
342
347
353
350
358
369
389
390
376
357
342
324
300
288
286
262
256
254
224
209
187
172
155
135
124
104
74
40
5
-22
-46
-85
-111
-130
-161
-181
-186
-201
-207
-207
-207
-205
-214
-210
-226
-232
-239
-242
-247
-246
-244
-259
-248
-246
-231
-228
-220
-224
-217
-214
-199
-181
-157
-128
-109
-97
-99
-86
-85
-56
-58
-35
-28
-25
-19
-15
-3
20
32
55
75
72
92
92
110
125
120
128
140
148
155
148
143
138
121
114
108
101
100
87
80
78
63
57
60
57
64
63
68
67
69
80
78
68
58
42
37
25
26
8
-1
-15
-41
-51
-63
-79
-102
-93
-106
-107
-103
-113
-103
-103
-118
-115
-122
-136
-141
-141
-151
-143
-146
-156
-163
-168
-162
-164
-158
-159
-152
-154
-144
-132
-110
-86
-69
-31
-2
16
26
36
50
62
86
101
128
139
149
149
157
154
148
151
164
181
194
201
216
215
216
220
212
212
208
218
212
199
185
174
166
157
135
128
105
85
69
54
40
26
5
-12
-10
-28
-33
-56
-78
-96
-102
-114
-123
-128
-134
-145
-151
-158
-169
-161
-174
-177
-195
-189
-176
-170
-152
-144
-120
-107
-88
-82
-67
-59
-43
-36
-40
-27
-20
-11
-14
-11
-14
8
24
27
39
53
54
64
60
66
75
70
81
72
68
55
48
46
33
23
16
26
33
47
51
45
39
41
37
34
33
18
11
-1
-5
-13
-22
-23
-29
-38
-36
-32
-20
-11
-4
1
-12
-5
-5
-9
0
5
13
10
9
14
7
14
16
19
20
8
2
2
-6
-10
-4
-19
-24
-35
-45
-48
-57
-69
-73
-55
-45
-45
-34
-36
-36
-42
-49
-55
-67
-71
-67
-72
-72
-78
-76
-77
-72
-62
-69
-52
-33
-11
0
-1
1
1
-12
-11
-2
0
9
5
6
14
26
33
44
41
43
49
50
61
56
53
62
64
78
72
94
106
102
106
94
90
84
76
78
82
83
66
59
45
34
29
23
25
27
26
27
37
32
32
17
20
13
12
7
10
9
1
0
-3
-10
-8
0
2
13
17
32
28
40
42
38
39
34
37
46
45
33
29
22
15
11
12
11
18
14
17
12
11
9
12
13
14
13
2
-1
-8
-19
-19
-32
-46
-48
-59
-57
-57
-54
-58
-72
-75
-86
-87
-87
-93
-87
-92
-86
-80
-79
-73
-64
-59
-65
-69
-78
-89
-82
-81
-81
-72
-67
-64
-52
-46
-40
-31
-28
-16
-15
-3
-5
-6
5
6
-3
3
-17
-23
-17
-15
5
-1
-5
-12
-22
-33
-24
-30
-22
-22
-17
-3
-7
3
0
-6
-12
-5
-9
-11
-10
-16
-9
-8
-4
-7
-10
-21
-21
-9
-7
11
14
15
28
35
45
52
59
70
68
65
63
63
67
59
71
77
89
92
93
99
99
96
93
91
90
84
95
107
101
92
79
61
61
57
49
41
42
44
33
28
22
24
26
17
17
15
11
11
10
10
9
3
-11
-23
-38
-40
-49
-57
-66
-62
-56
-60
-57
-56
-56
-56
-53
-49
-44
-27
-30
-26
-31
-17
-16
-27
-21
-27
-31
-31
-26
-40
-45
-59
-58
-59
-52
-54
-45
-26
-20
-6
-3
3
16
26
22
17
21
15
4
-1
-6
-12
-25
-26
-27
-28
-33
-31
-42
-47
-35
-30
-29
-21
-11
-8
6
22
21
30
27
28
36
34
34
28
31
32
22
12
3
1
-4
-5
-8
-1
0
0
4
-3
7
11
0
1
1
7
0
-5
-10
-11
-13
-16
-18
-22
-29
-34
-27
-33
-34
-25
-22
-18
-25
-29
-21
-17
-5
-5
-5
-6
9
14
14
18
22
19
33
35
29
44
41
49
55
42
45
44
50
37
26
33
21
11
13
14
9
11
15
10
7
6
5
3
-1
0
14
10
11
8
-3
4
2
-2
-6
-25
-30
-38
-26
-21
-25
-35
-41
-33
-38
-34
-22
-9
-2
-3
5
-1
9
-3
-1
-4
-3
0
-4
1
-2
4
-11
-1
-4
-3
-1
-7
-6
6
7
24
41
35
50
47
56
60
57
59
59
66
67
63
54
53
36
32
30
28
23
20
17
20
25
29
25
26
13
17
11
6
3
2
10
-7
-3
-17
-15
-19
-19
-18
-23
-17
-26
-30
-33
-34
-25
-30
-42
-30
-37
-36
-47
-50
-48
-57
-52
-57
-50
-53
-64
-65
-80
-78
-86
-87
-85
-81
-76
-76
-69
-67
-60
-65
-73
-74
-72
-62
-57
-41
-44
-40
-40
-42
-37
-32
-28
-16
-9
-12
0
-6
-2
1
3
16
12
20
18
17
15
12
18
12
13
17
24
17
18
32
41
53
66
67
61
67
78
84
83
82
83
79
83
70
56
52
52
38
32
21
18
21
12
12
12
15
19
31
23
32
30
37
26
30
29
19
27
12
7
-3
2
2
2
1
-1
1
3
12
21
29
39
35
47
60
50
51
51
69
61
56
59
48
50
41
40
32
23
26
20
27
21
21
22
21
17
19
7
10
5
1
13
0
-2
-7
-9
-7
-15
-14
-18
-20
-20
-20
-27
-34
-37
-49
-55
-68
-75
-71
-71
-72
-83
-76
-75
-84
-84
-81
-74
-80
-77
-81
-89
-88
-93
-94
-91
-100
-99
-97
-86
-88
-74
-76
-72
-70
-68
-57
-56
-59
-58
-53
-45
-39
-32
-30
-26
-20
-18
-16
2
13
13
19
20
23
14
18
18
21
21
21
21
17
24
16
19
26
34
38
36
51
51
68
67
68
67
67
69
65
65
60
66
57
52
49
49
39
44
38
47
54
53
61
70
72
77
82
93
97
102
96
103
107
105
98
97
95
81
78
75
77
70
78
61
58
59
56
58
51
50
41
51
51
53
54
46
40
40
30
7
1
-10
-13
-13
-29
-31
-45
-59
-66
-74
-74
-80
-93
-99
-99
-100
-95
-96
-103
-104
-104
-114
-117
-122
-126
-126
-140
-131
-128
-137
-142
-136
-137
-135
-128
-130
-125
-117
-109
-99
-101
-95
-91
-82
-75
-81
-73
-71
-65
-68
-59
-48
-40
-46
-31
-33
-20
-17
-5
3
-1
5
3
12
12
18
13
13
18
27
30
31
34
42
47
60
63
60
62
62
60
58
58
60
66
66
66
51
54
52
45
43
42
46
51
61
59
59
65
66
72
65
71
85
94
91
91
88
83
81
85
96
93
88
88
85
87
88
84
86
80
82
80
84
77
75
79
86
80
80
81
86
86
90
84
66
61
47
41
21
23
20
10
8
3
-9
-14
-14
-2
-4
-8
-18
-16
-15
-28
-33
-40
-40
-51
-47
-59
-65
-71
-74
-78
-93
-103
-112
-116
-120
-132
-133
-128
-137
-132
-131
-131
-125
-131
-130
-116
-113
-108
-107
-106
-111
-110
-109
-118
-119
-119
-113
-116
-117
-115
-122
-109
-105
-106
-103
-103
-82
-80
-63
-45
-38
-31
-29
-26
-17
-1
2
13
16
22
29
30
39
45
56
64
63
70
72
69
73
75
81
84
95
86
100
101
108
100
105
111
105
114
106
108
102
112
106
99
97
84
82
81
75
74
77
74
73
62
58
60
56
52
39
41
33
41
34
37
43
42
48
36
36
41
36
30
25
28
29
29
27
23
16
18
14
2
5
-1
-1
9
11
17
11
11
19
12
16
13
10
5
-6
-6
-22
-13
-23
-19
-28
-37
-24
-35
-27
-23
-28
-21
-20
-24
-15
-30
-32
-40
-45
-40
-39
-42
-54
-68
-68
-71
-73
-76
-91
-91
-106
-104
-99
-112
-106
-119
-119
-108
-111
-110
-119
-114
-107
-105
-100
-99
-100
-99
-95
-99
-97
-98
-99
-94
-88
-87
-86
-79
-79
-64
-56
-51
-43
-33
-26
-22
-15
-2
10
17
32
43
46
53
63
64
82
79
93
97
101
107
106
115
110
109
113
112
111
108
104
108
111
117
119
120
123
116
112
106
103
107
101
95
86
75
85
74
67
56
56
52
48
44
28
30
21
19
7
-1
-1
-16
-16
-20
-13
-7
-10
-7
-3
-2
0
-5
4
-2
2
5
2
6
-13
-6
-8
-17
-14
-11
-11
-17
-16
-15
-17
-14
-13
-13
-9
-3
-2
-5
-10
-8
-5
-6
1
-6
-7
-13
-20
-22
-24
-36
-43
-41
-41
-41
-44
-48
-43
-43
-44
-40
-41
-42
-40
-45
-47
-51
-49
-58
-67
-68
-67
-71
-74
-84
-83
-80
-74
-82
-78
-69
-67
-64
-55
-61
-58
-52
-52
-42
-42
-32
-27
-22
-24
-19
-16
-9
-6
-11
-1
2
5
10
17
26
34
42
37
41
51
47
47
53
48
58
58
61
65
57
55
54
53
50
52
49
51
52
48
57
55
53
57
53
64
56
60
58
58
60
54
63
55
54
46
38
40
32
31
31
25
19
15
16
8
1
9
4
6
7
2
6
-3
7
3
0
0
3
2
-2
4
7
5
3
-7
-2
2
-2
-4
-10
-14
-12
-14
-23
-17
-20
-25
-25
-36
-35
-36
-36
-37
-36
-35
-35
-27
-38
-23
-28
-36
-27
-24
-27
-26
-27
-32
-32
-38
-38
-45
-47
-53
-47
-46
-49
-43
-41
-36
-40
-37
-36
-30
-25
-23
-24
-23
-25
-12
-5
-2
4
-3
1
1
5
0
7
3
1
-1
-3
-2
-4
3
-2
5
1
6
12
15
11
9
4
1
1
1
3
1
-3
-6
-8
-5
-10
-13
-11
-16
-20
-12
-12
-21
-9
-8
-8
-3
-3
0
0
8
8
-1
4
6
1
14
18
6
10
9
16
16
17
17
24
35
35
38
48
52
44
55
58
55
63
58
61
64
67
69
68
63
60
54
55
52
46
51
39
41
34
28
17
15
14
8
1
-1
-3
-1
9
3
6
7
4
4
-2
-1
-17
-24
-24
-21
-26
-34
-35
-41
-39
-39
-38
-40
-45
-47
-39
-42
-42
-40
-41
-36
-38
-37
-30
-21
-21
-23
-26
-24
-26
-30
-30
-34
-28
-25
-22
-18
-13
-16
-14
-3
-4
-2
-6
-4
-2
-2
4
6
9
10
14
9
24
20
25
19
19
27
19
17
19
7
7
7
3
-3
-3
-2
-11
-6
-13
-13
-15
-13
-5
-11
-8
-11
-11
-15
-15
-12
-19
-19
-25
-28
-28
-31
-21
-21
-16
-10
-12
-6
-5
2
-2
-1
-1
7
17
15
20
30
36
37
46
40
40
44
37
29
33
31
29
30
26
28
19
20
11
15
20
18
15
20
23
18
19
17
22
16
21
18
17
13
11
8
3
5
4
2
-6
-6
-9
-2
-12
-16
-20
-22
-15
-15
-7
-7
-11
-11
-10
-15
-15
-17
-18
-20
-20
-21
-33
-31
-28
-36
-29
-25
-29
-22
-25
-15
-15
-11
-4
-5
-13
-6
-3
0
1
2
4
4
-4
-6
-1
-9
-1
-4
0
-1
-1
0
-2
10
12
15
17
11
21
15
15
15
12
4
-1
0
0
-2
-7
-14
-23
-16
-13
-15
-21
-15
-20
-18
-22
-28
-29
-29
-33
-38
-37
-49
-52
-50
-49
-50
-40
-42
-36
-30
-24
-13
-16
-12
-6
2
14
5
6
7
10
15
13
17
20
17
25
25
26
28
26
34
28
36
41
46
51
52
55
51
52
54
53
48
42
35
36
38
35
29
20
13
13
13
11
5
2
6
0
0
6
11
12
4
9
6
2
6
-7
-4
-3
-11
-7
-10
-14
-14
-12
-21
-18
-11
-8
-6
-5
10
10
12
11
10
14
20
22
19
22
23
23
11
9
4
-4
7
1
-1
0
0
5
5
14
14
10
12
11
13
7
5
-3
-3
-5
-7
-8
-7
-6
-15
-14
-16
-21
-19
-15
-21
-20
-21
-18
-15
-17
-6
-8
-10
-12
-19
-18
-26
-29
-29
-36
-35
-33
-36
-31
-38
-33
-36
-36
-33
-45
-41
-36
-44
-40
-35
-31
-29
-29
-22
-24
-17
-18
-21
-14
-17
-4
-8
0
-5
-2
4
0
6
10
18
11
20
21
27
30
30
35
34
31
25
27
25
28
20
19
18
23
29
27
28
35
34
32
30
32
33
24
32
33
36
31
25
34
30
30
30
22
17
21
19
18
18
19
13
16
18
11
12
12
10
-1
2
2
-2
-7
-10
-14
-10
-12
-16
-14
-17
-16
-14
-14
-20
-23
-21
-11
-17
-15
-14
-12
-17
-17
-13
-8
-13
-15
-10
-17
-9
-6
-8
-16
-11
-13
-20
-19
-16
-24
-18
-15
-20
-16
-17
-26
-25
-27
-26
-19
-18
-21
-14
-16
-19
-15
-22
-8
-8
-7
-9
-6
-7
-9
-7
-9
-5
-7
-10
-12
-1
-2
-8
-12
-18
-16
-10
-10
-4
-6
-3
-1
-1
0
1
0
-2
-1
0
7
0
-5
0
-4
-2
-5
-5
-8
-4
-4
9
10
4
5
13
13
18
21
18
22
16
12
10
8
15
16
11
20
14
14
17
15
18
21
21
18
16
20
19
32
31
40
41
44
41
39
41
36
37
31
36
29
28
24
27
23
21
17
24
21
18
17
14
15
11
13
4
9
7
2
2
0
0
-7
-8
-8
-13
-16
-7
-19
-16
-16
-27
-16
-22
-19
-21
-26
-17
-21
-19
-17
-20
-27
-29
-24
-26
-22
-24
-21
-22
-22
-18
-17
-14
-17
-19
-19
-19
-15
-19
-16
-17
-20
-20
-18
-21
-17
-16
-18
-11
-14
-11
-15
-13
-5
-12
-18
-9
-15
-7
-5
-8
-8
-8
-3
-6
-1
-3
-4
0
-4
-9
-6
-1
-8
0
-1
2
8
7
4
8
7
3
6
0
-1
-3
3
1
1
11
6
11
14
19
19
21
24
26
23
19
22
17
27
29
28
23
24
33
28
21
20
13
14
19
16
19
15
13
15
17
17
16
16
17
27
21
17
15
17
14
7
8
9
11
9
4
-1
-4
-7
-6
-2
-6
-8
-9
-5
-7
-8
-7
-6
-12
-7
-8
-7
-7
-9
-3
-2
1
-11
-6
-13
-12
-14
-24
-19
-28
-23
-19
-19
-20
-20
-17
-15
-12
-5
-9
-6
-9
-4
-6
-18
-16
-25
-20
-18
-20
-22
-25
-11
-7
-11
-9
-10
-8
-13
-15
-13
-9
-5
-6
-2
-5
-4
-6
-12
-15
-17
-16
-16
-20
-21
-19
-25
-26
-21
-28
-25
-21
-23
-19
-23
-15
-19
-14
-20
-17
-13
-15
-6
-7
3
0
-2
5
-4
0
-3
-2
9
7
13
15
19
19
24
21
21
19
30
30
29
33
38
38
30
33
27
32
29
31
32
29
21
18
22
27
33
30
42
37
34
36
40
36
35
37
37
37
39
40
35
35
27
28
28
22
15
15
22
15
12
14
16
14
12
11
3
6
5
2
-1
0
-1
-4
-9
-4
-14
-17
-23
-26
-25
-29
-28
-31
-25
-32
-34
-42
-40
-34
-40
-32
-30
-29
-28
-29
-26
-23
-31
-31
-27
-35
-30
-30
-33
-27
-34
-32
-28
-26
-24
-29
-18
-23
-18
-20
-22
-19
-18
-7
-12
-13
-11
-5
-5
-7
-5
-12
-3
0
-2
-3
-5
-6
-7
-2
0
7
1
9
7
11
7
11
12
4
10
9
13
8
13
8
10
11
14
12
15
13
15
17
16
21
20
24
16
20
23
27
27
30
25
33
28
24
26
23
25
16
20
11
16
16
17
22
24
26
30
26
28
22
17
23
22
23
21
21
25
25
26
20
16
16
13
14
12
13
9
9
6
-2
0
-9
-10
-11
-17
-16
-19
-17
-23
-31
-25
-25
-29
-32
-30
-28
-31
-27
-28
-28
-31
-26
-26
-22
-21
-29
-33
-32
-36
-31
-30
-38
-44
-42
-46
-40
-37
-45
-47
-40
-38
-39
-35
-38
-34
-32
-27
-32
-30
-22
-21
-18
-14
-15
-18
-17
-10
-10
-8
-11
-10
-9
-10
0
4
9
0
4
5
8
11
15
25
14
25
26
24
28
24
33
33
30
28
34
30
31
25
29
34
37
38
39
36
36
35
34
36
38
37
34
37
34
34
38
37
38
28
28
23
22
23
14
11
14
5
-4
0
-4
0
0
-2
3
0
2
-3
-3
-5
-3
-4
-7
0
0
-2
3
2
0
-1
1
6
3
7
7
0
0
2
1
4
5
-2
3
-4
-6
-5
-6
-4
-8
-9
-13
-16
-10
-10
-12
-17
-24
-21
-34
-25
-32
-27
-30
-33
-33
-33
-31
-32
-24
-30
-23
-26
-26
-26
-32
-26
-31
-34
-27
-26
-24
-20
-19
-14
-8
-11
-5
-1
3
4
4
6
-1
1
-1
1
10
10
20
13
20
21
16
19
18
25
22
25
29
25
25
23
29
21
15
22
18
19
24
21
20
20
22
23
19
19
17
20
24
24
25
26
22
23
19
20
19
19
12
2
4
4
2
-5
10
2
-2
1
-2
5
4
2
0
-1
-4
-7
-10
-11
-17
-11
-14
-15
-17
-18
-16
-18
-18
-18
-13
-10
-10
-8
-18
-10
-4
-10
-5
-8
-6
-8
-4
-1
0
0
-8
-7
-9
-12
-9
-10
-10
-16
-19
-19
-16
-14
-21
-14
-12
-20
-13
-18
-16
-18
-11
-1
-6
-10
-13
-16
-21
-20
-21
-19
-19
-21
-24
-22
-22
-21
-19
-21
-16
-15
-12
-11
-10
-5
-9
-5
-8
-7
-10
-11
-9
-6
1
2
2
3
6
6
7
11
6
14
11
13
17
18
16
12
18
15
23
26
27
29
29
24
28
17
26
34
28
37
34
40
34
35
29
26
25
21
29
22
31
28
27
24
26
21
11
15
6
5
7
8
2
1
0
-3
-4
-3
-7
-5
-9
-8
-11
-22
-18
-26
-20
-20
-23
-24
-26
-22
-25
-18
-19
-22
-19
-13
-12
-11
-8
-6
-1
-3
-9
-5
-8
-3
2
-7
-5
-5
-7
-3
-9
-13
-13
-9
-9
-6
-6
-3
-9
-4
-8
-9
-11
-10
-7
-9
-7
-14
-16
-13
-12
-11
-7
-9
-7
-7
-10
-9
-5
-5
-1
-2
0
4
6
6
7
9
8
12
7
-1
0
1
2
5
4
5
8
4
7
9
3
3
7
11
11
12
9
20
23
24
21
18
22
21
24
26
15
20
18
19
20
25
24
30
23
23
17
17
21
15
17
18
18
17
15
10
11
7
14
3
-2
-1
-1
3
-3
-7
-11
-8
-13
-12
-10
-10
-17
-13
-10
-9
-7
-11
-8
-12
-10
-15
-12
-16
-13
-13
-14
-16
-18
-13
-19
-12
-16
-11
-7
-8
-6
-4
-5
-9
-9
-10
-14
-15
-16
-17
-13
-18
-20
-20
-22
-23
-23
-22
-17
-18
-17
-18
-17
-20
-23
-22
-14
-18
-12
-12
-8
-4
-8
-7
-6
-4
-3
-2
-1
1
-4
0
5
2
7
4
5
5
8
14
19
22
19
11
15
16
17
21
16
19
21
20
16
18
23
24
25
20
12
22
17
22
20
18
23
15
11
14
10
8
9
6
10
4
5
5
4
7
9
4
-2
-1
-4
-4
-1
2
0
-6
-6
-3
-3
-7
-12
-14
-6
-8
-12
-11
-17
-21
-17
-20
-18
-14
-14
-12
-21
-13
-14
-12
-14
-22
-15
-20
-15
-20
-18
-16
-15
-10
