SAMPLES:	9890
BITSPERSAMPLE:	16
CHANNELS:	1
SAMPLERATE:	16000
NORMALIZED:	FALSE
1
-1
3
4
4
3
11
11
5
9
8
10
8
9
9
7
8
-1
0
-3
-1
5
2
-2
0
-1
-4
-3
-8
-11
-14
-7
-11
-14
-19
-15
-11
-9
0
-5
-2
-5
-5
-8
2
-3
-2
2
-3
-2
-5
-4
-3
1
-2
3
0
-1
-1
-2
2
-2
-5
5
7
5
0
-3
-1
4
0
2
-3
0
-6
-5
-6
-10
-8
-10
-9
-12
-8
-11
-6
-6
-9
-7
-8
-6
-1
8
2
-2
-1
3
1
-2
2
-1
3
6
6
0
-3
10
13
18
19
18
19
13
9
8
10
11
10
13
17
19
16
7
6
9
9
10
10
15
12
4
7
6
15
11
9
1
2
2
-6
0
1
2
-1
1
-4
1
1
0
-2
4
6
1
6
-3
-6
-5
-10
-1
1
-6
-5
-5
-5
-4
-9
-13
-9
-11
-13
-10
-9
-12
-12
-12
-12
-11
-19
-17
-11
-15
-11
-10
-10
-6
-7
-9
-4
-4
1
0
1
2
-7
0
-6
-2
1
0
1
1
2
-1
0
11
9
4
9
4
4
5
8
3
4
-2
-2
-5
-6
-7
-7
-10
-16
-13
-13
-5
-8
-9
-15
-9
-12
-12
-3
-7
-14
-17
-12
-12
-11
-10
-8
-4
-1
0
-6
-5
-5
-3
-3
0
0
6
3
7
3
2
3
5
7
6
7
4
8
6
11
7
6
9
13
11
11
7
8
10
13
15
13
16
13
18
21
12
18
19
12
17
8
13
16
7
10
5
5
3
3
5
10
8
1
1
2
5
8
7
4
5
10
8
13
11
2
2
5
5
-3
-4
-8
-13
-21
-11
-10
-9
-9
-10
-8
-5
-7
-9
-11
-11
-8
-6
-6
-4
-10
-10
-3
-9
-11
-15
-6
-13
-9
-5
-7
-1
-9
-4
-4
-5
-5
-5
-4
-11
-1
1
4
0
-7
-6
-9
-10
-10
-4
-4
-4
-7
-6
-8
-2
-3
-4
-3
-1
-1
-5
-2
-5
1
0
0
1
-2
2
1
-2
3
-1
1
3
7
9
14
13
8
14
14
16
7
5
9
9
15
8
4
10
10
13
12
8
12
8
9
12
13
16
8
11
7
11
5
1
4
6
9
5
5
8
9
10
7
6
3
6
6
5
5
2
3
4
3
9
9
6
8
6
9
5
0
-2
-1
-3
1
-5
-9
2
0
-1
-10
-10
-3
-7
-4
-9
-8
-4
-7
-9
-8
-3
-8
-12
-11
-15
-15
-14
-14
-8
-11
-11
-12
-12
-8
-10
-7
-13
-13
-15
-9
-8
-6
-13
-18
-12
-20
-16
-15
-16
-15
-18
-18
-16
-13
-16
-14
-10
-13
-14
-12
-10
-5
-4
-5
-4
-3
-3
-1
0
2
6
0
0
2
3
6
10
8
14
16
14
16
11
18
19
16
20
13
21
13
8
6
6
11
4
1
2
4
8
9
7
7
14
13
10
7
-2
-1
0
1
-4
-7
-7
-10
-14
-5
-8
-5
2
-4
-8
-8
-2
-6
-8
-2
-1
2
1
-2
-1
-7
-5
-5
-5
-3
-7
-1
0
2
0
0
1
8
6
4
1
4
5
2
3
4
5
6
8
5
4
13
6
9
13
10
14
14
13
14
10
7
0
-5
0
-1
1
-6
-3
1
5
11
9
4
3
5
4
3
-1
-8
-3
-6
-10
-9
-9
-13
-6
-7
-3
-2
-6
2
-4
1
-2
0
4
0
2
-8
-15
-14
-17
-13
-13
-10
-6
-6
-2
-2
2
-2
-1
-2
-3
-2
-2
-3
-6
0
2
0
1
3
5
5
7
9
8
12
6
5
6
11
13
13
9
3
3
9
6
6
5
9
13
9
7
8
15
8
10
5
5
7
2
8
6
6
4
6
5
3
-4
-8
-4
-4
0
0
-3
0
-1
0
-2
-3
-5
-11
-9
-6
-11
-3
-6
-3
2
-5
-6
-5
-8
-3
-2
2
1
-2
-4
-2
1
3
8
4
4
2
7
12
13
13
10
8
2
-1
-3
-10
-10
-9
-4
-2
-4
2
-2
-3
-2
-2
-2
-1
-1
-7
-1
0
-1
0
1
4
1
-4
-12
-17
-16
-11
-18
-21
-20
-25
-21
-18
-9
-11
-19
-12
-21
-20
-18
-10
-11
-13
-4
-8
-5
0
-6
-6
-6
-7
-7
-8
-8
-9
-4
-6
-8
-9
-4
-6
-6
1
-3
-9
1
0
-3
-3
-2
-3
-7
-3
-7
-4
0
1
2
6
7
10
12
16
17
16
22
26
21
21
19
13
19
23
18
19
19
23
26
28
26
33
35
29
33
29
29
25
24
25
22
13
10
10
11
7
5
12
14
12
7
9
7
3
1
1
-9
-11
-8
-14
-16
-19
-22
-19
-27
-26
-22
-22
-23
-26
-25
-22
-22
-23
-24
-24
-22
-26
-27
-35
-36
-37
-32
-31
-30
-23
-24
-23
-26
-23
-29
-24
-23
-17
-19
-18
-18
-19
-11
-9
-11
-10
-12
-13
-14
-17
-16
-10
-4
-1
0
3
6
6
3
-1
4
8
11
5
7
8
8
14
13
17
20
24
24
25
29
36
34
38
44
41
41
39
35
47
47
48
54
52
55
60
62
64
64
70
63
67
64
64
72
73
78
79
91
88
88
91
94
96
94
96
86
86
84
78
72
57
48
45
28
19
9
-10
-15
-37
-55
-68
-85
-101
-120
-127
-143
-153
-164
-175
-186
-193
-210
-220
-223
-234
-239
-241
-237
-239
-234
-225
-214
-205
-189
-172
-159
-142
-126
-113
-88
-71
-59
-42
-36
-16
2
19
31
45
66
85
103
113
133
145
165
173
188
190
197
206
205
206
200
197
190
182
177
169
162
156
147
138
125
110
100
86
73
65
44
32
20
8
-1
-15
-22
-30
-38
-42
-44
-56
-61
-78
-86
-92
-94
-101
-105
-105
-108
-107
-101
-100
-99
-98
-91
-85
-84
-76
-76
-69
-59
-50
-41
-35
-30
-14
-1
6
14
23
28
38
46
55
66
75
87
90
108
109
122
128
134
146
151
160
172
178
187
188
193
192
190
189
186
180
177
166
158
152
131
120
96
70
46
19
-11
-41
-76
-103
-134
-168
-194
-232
-257
-288
-309
-332
-352
-369
-389
-402
-408
-415
-421
-414
-416
-408
-398
-384
-361
-337
-312
-287
-259
-228
-199
-169
-139
-108
-74
-41
-7
23
54
86
123
149
175
203
224
245
262
278
292
301
310
314
322
324
324
322
323
319
302
298
289
277
260
246
230
220
195
171
152
124
101
84
63
50
23
10
-8
-26
-38
-51
-68
-84
-97
-103
-118
-123
-131
-137
-143
-148
-145
-149
-147
-146
-143
-135
-133
-134
-116
-101
-89
-75
-62
-56
-39
-24
-5
5
23
39
52
68
77
94
106
114
130
145
157
175
181
195
200
211
221
228
235
242
250
252
262
264
271
271
264
262
247
239
214
194
178
148
118
83
54
20
-19
-62
-101
-138
-183
-223
-262
-301
-339
-377
-412
-447
-482
-512
-542
-569
-584
-600
-604
-614
-611
-604
-592
-571
-551
-526
-497
-457
-418
-380
-337
-292
-245
-201
-154
-104
-60
-11
35
78
117
165
197
241
273
305
334
353
384
403
420
428
439
451
454
453
454
445
436
423
405
385
366
344
315
289
265
242
217
188
163
138
111
83
60
33
14
-7
-33
-49
-62
-75
-90
-102
-111
-125
-134
-138
-143
-138
-140
-144
-146
-145
-134
-123
-111
-103
-98
-82
-69
-58
-54
-42
-20
-10
2
14
30
42
59
66
76
86
93
109
116
123
133
146
152
160
171
180
191
198
206
217
224
234
245
258
256
260
255
255
245
230
211
190
168
140
113
77
40
-3
-47
-92
-130
-179
-226
-278
-318
-360
-401
-441
-490
-530
-562
-600
-633
-646
-656
-664
-662
-654
-644
-631
-610
-586
-559
-530
-495
-455
-416
-376
-329
-283
-239
-186
-135
-81
-33
12
61
109
152
196
241
283
327
364
398
427
455
474
484
496
507
512
519
515
515
511
498
485
455
438
408
377
345
319
294
260
229
193
170
142
113
84
55
33
2
-16
-34
-43
-61
-83
-100
-110
-115
-129
-138
-142
-149
-148
-150
-150
-139
-130
-123
-114
-103
-91
-77
-67
-47
-31
-14
-4
12
21
29
41
48
62
74
88
101
104
114
123
135
147
155
169
180
188
189
190
192
199
204
209
213
221
222
216
216
210
206
192
179
158
136
112
92
58
27
-8
-46
-93
-137
-178
-224
-270
-321
-367
-416
-456
-495
-538
-572
-603
-622
-638
-659
-662
-660
-651
-642
-631
-611
-595
-570
-537
-513
-481
-444
-405
-366
-322
-267
-220
-171
-126
-74
-22
30
77
122
171
220
258
295
331
370
404
436
452
472
491
511
524
533
540
535
536
528
512
495
479
457
431
407
385
353
330
306
269
239
210
177
149
116
84
58
24
-4
-35
-55
-81
-97
-111
-135
-147
-168
-175
-193
-198
-205
-206
-208
-207
-203
-198
-183
-173
-158
-143
-127
-109
-90
-71
-49
-32
-15
-3
16
30
42
55
69
88
99
114
135
151
168
188
208
220
235
244
253
258
265
272
273
278
277
278
273
263
259
249
236
216
197
171
142
104
62
26
-16
-62
-114
-164
-212
-257
-306
-346
-394
-431
-469
-510
-532
-558
-575
-596
-613
-628
-636
-640
-641
-633
-628
-616
-603
-578
-547
-515
-480
-444
-404
-364
-331
-281
-237
-186
-141
-93
-52
-7
47
95
136
176
223
257
295
325
363
397
417
442
460
486
507
521
522
527
530
525
524
510
496
478
466
441
417
388
357
336
303
271
236
200
174
143
112
77
49
18
-4
-19
-38
-53
-85
-105
-124
-143
-143
-151
-166
-174
-178
-173
-179
-164
-157
-150
-140
-132
-124
-115
-96
-77
-59
-37
-18
-5
15
33
45
57
72
83
93
102
113
126
134
147
165
177
181
196
203
213
225
228
244
253
256
255
259
261
249
242
232
213
193
166
132
94
56
10
-37
-81
-135
-178
-233
-283
-325
-372
-408
-447
-486
-521
-550
-574
-597
-624
-634
-649
-655
-654
-645
-632
-618
-595
-569
-537
-503
-470
-436
-398
-364
-318
-275
-233
-189
-146
-105
-63
-25
14
56
99
144
180
222
254
299
327
359
385
404
428
440
456
469
477
484
496
493
490
480
472
457
440
419
398
375
350
324
293
267
237
207
177
159
130
95
71
47
27
2
-18
-40
-53
-73
-87
-98
-115
-122
-132
-142
-138
-134
-132
-136
-131
-125
-117
-108
-91
-76
-65
-52
-41
-24
-17
-3
10
29
42
67
78
95
105
113
133
137
153
155
163
180
193
195
205
218
234
247
252
256
260
268
272
265
259
247
223
201
167
141
100
64
14
-32
-66
-120
-169
-220
-275
-323
-368
-416
-455
-497
-530
-570
-591
-613
-633
-645
-659
-663
-663
-649
-642
-631
-611
-584
-554
-527
-493
-460
-425
-382
-339
-306
-266
-228
-192
-151
-113
-66
-26
17
55
99
142
183
218
252
291
332
362
392
421
442
465
484
493
506
515
517
522
520
517
513
499
482
465
440
416
380
354
328
298
267
230
206
175
144
115
88
63
34
12
-16
-34
-56
-79
-97
-114
-134
-154
-169
-187
-198
-206
-200
-200
-192
-180
-176
-162
-151
-140
-124
-107
-88
-71
-55
-40
-22
-6
13
27
46
66
84
100
119
136
151
168
184
201
220
237
252
271
287
304
317
324
327
330
337
333
324
308
293
267
237
203
157
118
67
15
-38
-103
-154
-209
-258
-320
-372
-410
-459
-499
-534
-571
-597
-625
-644
-655
-663
-664
-660
-648
-639
-626
-602
-576
-544
-520
-484
-450
-414
-376
-344
-298
-265
-221
-186
-147
-104
-68
-27
9
45
83
123
158
189
226
263
295
324
353
377
394
419
433
440
456
465
465
464
461
461
459
448
437
418
404
391
374
346
316
292
264
239
204
181
154
127
103
76
54
33
13
-7
-27
-42
-63
-76
-89
-103
-110
-120
-129
-137
-131
-140
-137
-132
-120
-105
-95
-78
-67
-58
-41
-27
-14
3
16
31
36
46
52
66
77
92
106
112
128
138
148
161
173
185
193
206
222
232
248
265
267
279
282
283
272
254
236
206
174
131
81
27
-25
-88
-144
-208
-274
-333
-385
-438
-485
-525
-562
-601
-622
-643
-658
-671
-682
-680
-675
-673
-658
-641
-616
-587
-562
-520
-481
-435
-395
-354
-307
-274
-232
-183
-146
-104
-64
-19
14
55
97
127
164
196
222
256
284
320
349
367
396
422
443
453
461
470
467
468
466
461
454
436
426
401
393
375
356
339
311
292
270
248
221
192
168
138
110
84
62
44
19
-1
-21
-39
-50
-62
-73
-73
-89
-93
-100
-105
-100
-104
-105
-105
-93
-91
-85
-73
-56
-47
-39
-25
-16
4
18
25
33
49
57
68
81
98
109
121
127
137
156
169
180
199
221
241
264
286
312
325
351
371
379
385
375
366
332
300
258
200
134
61
-10
-90
-171
-261
-337
-416
-483
-541
-598
-648
-685
-720
-747
-765
-777
-782
-785
-766
-746
-728
-698
-654
-611
-565
-510
-462
-406
-357
-305
-252
-209
-165
-125
-84
-55
-18
6
33
56
75
100
123
153
185
217
241
265
290
316
340
364
384
397
410
413
415
417
414
413
400
388
373
351
338
321
295
270
246
220
204
180
154
131
113
92
75
66
49
39
29
16
4
-9
-20
-25
-30
-22
-27
-25
-26
-31
-29
-31
-25
-17
-15
-8
-3
6
18
18
24
29
38
43
46
45
52
56
64
70
75
91
106
124
136
147
173
187
214
246
275
305
347
389
429
459
491
516
533
539
530
507
453
398
321
233
125
13
-103
-232
-358
-483
-604
-708
-796
-873
-932
-971
-997
-1015
-1019
-1009
-992
-961
-926
-889
-836
-773
-710
-638
-559
-477
-397
-317
-234
-158
-91
-34
14
53
84
106
114
116
111
101
91
81
79
82
81
86
101
117
136
171
210
249
288
320
357
380
414
440
453
469
467
463
459
440
423
402
365
332
292
262
231
198
160
135
99
74
43
17
7
-9
-16
-27
-28
-26
-26
-12
-8
2
14
15
25
30
43
54
58
68
78
91
101
113
120
128
128
125
129
124
116
118
119
118
114
111
112
117
124
128
143
166
191
223
271
337
411
485
558
615
661
699
727
721
685
614
518
397
253
92
-87
-264
-456
-633
-809
-965
-1087
-1189
-1260
-1312
-1337
-1336
-1312
-1271
-1207
-1133
-1052
-955
-849
-735
-612
-478
-346
-215
-97
28
131
226
307
361
397
411
409
384
346
288
223
147
64
-17
-88
-154
-203
-233
-252
-251
-237
-208
-168
-111
-42
38
107
181
248
316
402
466
528
578
613
621
624
612
585
554
503
441
372
301
228
164
93
28
-36
-91
-139
-169
-194
-196
-201
-193
-179
-146
-107
-62
-13
41
88
137
188
227
276
318
355
384
399
410
410
400
381
345
306
257
205
152
103
55
15
-11
-36
-52
-57
-44
-19
29
97
201
344
502
668
805
932
1047
1130
1165
1154
1052
892
676
409
107
-216
-534
-838
-1128
-1393
-1620
-1801
-1897
-1947
-1950
-1917
-1859
-1759
-1624
-1474
-1306
-1130
-946
-745
-535
-330
-102
111
322
525
695
825
935
1005
1031
998
900
775
612
436
240
34
-177
-371
-544
-677
-778
-840
-852
-836
-776
-684
-580
-467
-311
-155
18
179
330
485
623
766
889
983
1052
1088
1096
1056
983
887
775
631
466
299
116
-46
-199
-326
-446
-533
-591
-628
-630
-605
-559
-493
-415
-307
-196
-76
46
174
299
419
536
618
685
751
796
809
802
773
732
679
609
516
420
309
178
45
-66
-151
-219
-281
-319
-331
-334
-308
-263
-185
-85
35
197
416
665
908
1124
1283
1414
1501
1505
1437
1255
986
654
263
-167
-612
-1028
-1410
-1731
-2018
-2241
-2388
-2452
-2418
-2333
-2206
-2040
-1851
-1634
-1388
-1139
-873
-607
-324
-49
220
504
778
1030
1238
1396
1482
1517
1487
1394
1237
1003
727
424
91
-245
-558
-824
-1042
-1209
-1306
-1346
-1317
-1223
-1079
-888
-667
-449
-220
27
282
541
785
1023
1227
1408
1548
1644
1684
1666
1603
1494
1317
1073
796
492
175
-150
-457
-738
-975
-1153
-1286
-1345
-1350
-1292
-1183
-1028
-859
-654
-436
-227
-5
205
401
583
753
904
1016
1087
1119
1115
1090
1024
915
770
606
418
219
19
-159
-305
-420
-526
-595
-644
-647
-604
-533
-425
-297
-143
14
188
365
567
782
1044
1361
1677
1955
2123
2185
2178
2109
1923
1603
1159
619
31
-599
-1222
-1795
-2267
-2615
-2877
-3035
-3111
-3067
-2905
-2642
-2347
-2040
-1732
-1422
-1058
-718
-382
-57
258
563
857
1123
1361
1561
1694
1760
1706
1539
1283
978
624
207
-247
-695
-1103
-1459
-1716
-1895
-1969
-1932
-1800
-1586
-1299
-974
-600
-221
146
516
824
1101
1361
1597
1829
2002
2112
2166
2145
2069
1908
1682
1390
1039
621
166
-297
-735
-1113
-1426
-1644
-1786
-1807
-1746
-1591
-1355
-1092
-794
-505
-216
56
326
562
777
944
1063
1143
1170
1170
1135
1087
1002
847
647
424
197
-17
-218
-411
-574
-708
-796
-840
-820
-720
-626
-514
-369
-208
-9
184
363
522
655
766
843
916
1001
1106
1219
1429
1714
1977
2183
2214
2114
1957
1710
1326
803
178
-495
-1159
-1799
-2365
-2808
-3047
-3108
-3066
-2933
-2721
-2425
-1999
-1560
-1171
-815
-549
-299
-75
133
336
501
676
857
1000
1116
1199
1223
1211
1077
801
438
3
-443
-882
-1317
-1750
-2087
-2296
-2367
-2284
-2080
-1787
-1407
-944
-453
22
442
843
1191
1469
1692
1802
1871
1916
1949
1970
1937
1886
1790
1658
1462
1179
826
436
27
-390
-781
-1150
-1444
-1596
-1677
-1632
-1487
-1266
-920
-553
-184
128
404
644
852
995
1048
1061
1033
996
935
838
685
529
378
206
28
-172
-366
-526
-650
-728
-762
-762
-716
-610
-478
-335
-161
6
156
282
358
441
513
565
619
651
671
682
683
721
780
875
1033
1302
1646
1957
2117
2071
1909
1679
1370
925
344
-322
-976
-1587
-2107
-2550
-2796
-2833
-2714
-2520
-2308
-2055
-1741
-1365
-1009
-751
-591
-448
-310
-170
-4
162
365
593
810
950
1036
1061
989
833
523
77
-403
-894
-1323
-1684
-1995
-2192
-2281
-2210
-2020
-1741
-1383
-981
-565
-147
226
542
793
1014
1200
1360
1482
1542
1585
1635
1700
1723
1698
1620
1517
1373
1168
871
520
161
-182
-487
-758
-963
-1080
-1083
-1009
-897
-710
-468
-188
120
368
542
661
755
812
803
769
694
604
516
424
317
202
94
-21
-158
-298
-413
-530
-610
-653
-647
-607
-518
-409
-263
-110
7
102
174
229
254
281
271
235
212
189
179
222
273
299
339
407
518
704
1041
1526
2014
2398
2548
2450
2247
1990
1598
1019
318
-456
-1208
-1887
-2457
-2840
-2949
-2835
-2643
-2426
-2195
-1955
-1598
-1217
-918
-704
-548
-373
-145
83
345
612
908
1199
1353
1400
1357
1229
966
572
34
-599
-1182
-1691
-2097
-2390
-2529
-2510
-2348
-2069
-1746
-1352
-923
-494
-105
218
473
686
870
1061
1214
1384
1524
1620
1680
1709
1671
1559
1413
1211
972
725
469
191
-71
-296
-494
-626
-714
-738
-692
-610
-512
-396
-254
-63
146
344
504
631
731
789
799
731
638
539
417
276
137
3
-80
-151
-189
-236
-271
-299
-305
-285
-267
-234
-194
-139
-73
-26
8
40
83
133
143
137
96
43
21
17
12
40
86
170
281
389
529
729
968
1311
1750
2256
2681
2897
2836
2489
2030
1483
818
55
-718
-1483
-2175
-2725
-3092
-3201
-3041
-2742
-2413
-2084
-1786
-1509
-1195
-873
-626
-410
-192
59
362
706
1057
1386
1656
1768
1684
1440
1062
577
-16
-708
-1414
-2035
-2516
-2842
-2962
-2879
-2627
-2255
-1852
-1403
-961
-523
-81
298
590
831
1027
1192
1357
1515
1655
1786
1854
1800
1639
1407
1130
843
539
189
-148
-380
-528
-600
-590
-543
-483
-393
-312
-232
-123
13
126
249
364
448
556
671
775
823
822
738
580
400
229
68
-45
-143
-232
-266
-228
-194
-168
-133
-123
-145
-209
-261
-273
-249
-171
-90
-33
34
99
166
248
318
334
264
116
-66
-191
-227
-156
-38
119
299
482
665
885
1160
1457
1814
2235
2648
2896
2856
2519
1970
1387
758
-22
-812
-1541
-2189
-2672
-3010
-3187
-3104
-2776
-2371
-1996
-1669
-1390
-1136
-815
-511
-271
5
348
710
1075
1396
1626
1756
1758
1559
1149
616
-19
-716
-1394
-2034
-2593
-2926
-3027
-2942
-2689
-2335
-1901
-1408
-908
-479
-116
219
524
787
1013
1207
1368
1512
1620
1655
1638
1589
1430
1174
853
504
123
-238
-544
-758
-838
-798
-670
-456
-164
138
425
669
822
893
915
901
801
690
562
401
291
204
116
61
7
-59
-178
-265
-325
-371
-348
-327
-263
-185
-79
37
116
171
195
168
120
74
22
22
73
108
132
120
103
82
35
-34
-135
-205
-283
-309
-277
-183
22
297
575
812
969
1073
1161
1243
1328
1386
1465
1633
1955
2277
2399
2273
1828
1228
548
-189
-938
-1609
-2154
-2566
-2828
-2977
-2895
-2527
-2011
-1559
-1256
-1060
-926
-711
-443
-154
174
550
950
1283
1530
1650
1632
1474
1095
444
-376
-1165
-1842
-2352
-2695
-2862
-2845
-2637
-2289
-1868
-1411
-971
-562
-258
-62
81
249
460
727
1041
1334
1593
1782
1851
1795
1591
1296
950
505
7
-427
-745
-925
-968
-902
-725
-452
-112
202
510
817
1053
1235
1342
1362
1296
1182
1006
787
545
294
40
-198
-402
-570
-689
-751
-738
-713
-673
-638
-535
-381
-233
-141
-60
48
170
295
338
367
361
310
236
128
37
-40
-96
-146
-194
-226
-239
-207
-178
-137
-78
-23
61
209
383
584
774
946
1092
1206
1266
1233
1162
1081
1013
991
954
935
1094
1447
1756
1798
1511
927
281
-313
-926
-1517
-1966
-2234
-2322
-2293
-2198
-1982
-1587
-1174
-923
-804
-777
-697
-466
-160
111
375
660
892
1002
943
699
353
-64
-608
-1221
-1744
-2064
-2169
-2112
-1987
-1840
-1627
-1325
-1072
-891
-727
-578
-398
-195
51
344
744
1167
1522
1763
1859
1832
1635
1308
896
437
66
-268
-516
-633
-592
-457
-275
-94
56
212
371
503
611
745
933
1143
1330
1477
1523
1512
1387
1090
687
274
-157
-520
-838
-1108
-1277
-1307
-1240
-1142
-992
-834
-656
-464
-288
-129
56
264
469
618
679
647
552
418
256
44
-148
-238
-293
-292
-299
-287
-244
-163
-101
-60
-6
72
200
374
569
732
900
1040
1157
1186
1130
1013
825
648
420
289
305
430
584
824
1199
1576
1776
1639
1110
435
-167
-752
-1240
-1577
-1714
-1697
-1583
-1543
-1504
-1324
-1118
-1033
-1104
-1203
-1246
-1100
-801
-472
-108
316
637
770
687
432
134
-169
-581
-1057
-1436
-1600
-1572
-1459
-1322
-1285
-1232
-1158
-1119
-1093
-988
-761
-395
8
394
766
1159
1530
1749
1782
1634
1386
1103
756
433
167
40
-4
-78
-159
-213
-166
-111
-88
-121
-87
69
323
562
850
1162
1427
1638
1719
1720
1643
1504
1197
704
119
-461
-942
-1288
-1532
-1680
-1704
-1613
-1469
-1278
-1003
-652
-292
23
257
437
646
822
895
889
799
627
436
195
-67
-286
-443
-544
-621
-700
-726
-666
-523
-347
-168
13
190
422
673
886
1064
1188
1233
1188
1076
925
796
666
536
390
215
79
-9
-20
12
48
149
438
874
1237
1363
1175
799
402
15
-341
-618
-747
-817
-904
-1066
-1299
-1413
-1374
-1363
-1418
-1475
-1440
-1288
-985
-660
-356
-37
185
242
124
-102
-365
-590
-795
-1005
-1124
-1107
-1008
-920
-874
-847
-839
-780
-725
-635
-461
-179
173
522
801
1006
1142
1213
1165
975
777
600
468
329
186
102
66
76
73
51
54
121
199
279
393
555
786
983
1099
1166
1167
1139
1016
849
656
491
371
208
-23
-291
-508
-709
-883
-1018
-1096
-1073
-954
-771
-562
-319
-87
126
277
345
338
315
283
254
194
120
27
-88
-189
-294
-360
-416
-456
-459
-427
-321
-139
79
260
416
507
580
608
599
579
557
534
495
444
363
269
164
40
-65
-138
-167
-116
-15
135
308
531
783
997
1167
1427
1763
2054
2075
1737
1115
401
-300
-928
-1441
-1782
-1934
-2023
-2072
-2100
-1992
-1753
-1518
-1340
-1203
-1035
-778
-462
-149
168
455
646
678
580
410
186
-54
-364
-687
-967
-1146
-1243
-1273
-1242
-1213
-1144
-1060
-922
-731
-453
-113
230
543
765
912
1000
1056
1012
909
739
589
473
355
235
132
106
117
164
198
254
368
506
613
673
739
816
866
839
765
710
720
714
673
586
469
351
218
84
27
-16
-109
-333
-641
-919
-1055
-988
-811
-574
-337
-134
10
84
150
218
287
344
390
437
510
565
544
421
134
-217
-569
-852
-999
-1008
-932
-818
-664
-506
-307
-139
-32
32
74
119
219
373
562
784
943
1028
1032
991
907
802
698
530
325
155
53
8
9
0
-57
-165
-261
-169
160
571
856
828
521
80
-348
-655
-825
-844
-793
-735
-724
-763
-734
-628
-535
-481
-478
-464
-399
-254
-102
19
83
39
-121
-368
-621
-795
-890
-958
-1021
-1029
-978
-855
-724
-669
-633
-619
-556
-474
-367
-181
91
381
647
798
870
890
886
826
722
629
549
522
469
387
250
97
-22
-136
-210
-263
-201
-26
194
400
577
748
892
985
984
907
789
635
447
265
153
120
162
268
333
348
273
127
-8
-126
-178
-232
-257
-246
-236
-223
-232
-232
-243
-274
-297
-320
-318
-309
-324
-360
-418
-481
-552
-588
-578
-491
-360
-217
-91
41
172
290
365
414
436
465
496
471
429
350
278
200
99
-40
-221
-393
-538
-623
-625
-550
-417
-248
-85
38
120
241
374
541
678
787
889
1012
1258
1544
1742
1678
1370
908
416
-24
-382
-602
-693
-718
-806
-967
-1120
-1218
-1204
-1160
-1123
-1055
-935
-749
-537
-344
-189
-64
-4
-18
-66
-97
-119
-127
-146
-185
-249
-311
-394
-514
-586
-679
-729
-716
-656
-550
-429
-313
-192
-80
3
72
115
155
222
301
350
409
450
483
463
376
306
281
270
295
323
372
486
567
632
665
703
737
761
786
771
772
720
623
519
415
327
250
192
149
50
-76
-207
-347
-422
-477
-499
-473
-425
-385
-326
-248
-185
-106
-15
64
149
246
322
336
274
165
22
-127
-276
-374
-453
-484
-529
-599
-693
-786
-837
-817
-752
-665
-562
-443
-295
-150
23
194
385
571
725
812
823
768
699
604
504
388
288
205
153
144
197
303
392
472
523
555
669
918
1197
1328
1192
871
512
233
49
-103
-236
-323
-400
-537
-735
-956
-1106
-1166
-1167
-1092
-950
-733
-502
-323
-234
-213
-214
-178
-138
-139
-195
-271
-340
-424
-527
-640
-788
-953
-1121
-1253
-1306
-1264
-1129
-923
-714
-530
-359
-162
30
204
354
446
584
733
889
1010
1061
1058
958
775
557
372
235
118
18
-83
-122
-102
-49
24
153
325
529
727
872
1014
1087
1109
1067
956
846
759
663
615
545
431
232
-17
-265
-463
-602
-674
-649
-591
-483
-417
-381
-374
-399
-380
-354
-290
-210
-134
-98
-126
-193
-269
-359
-429
-488
-524
-527
-529
-506
-472
-420
-373
-295
-201
-74
30
124
181
195
204
200
231
263
339
396
446
500
496
453
384
324
302
297
310
359
456
602
731
800
811
761
739
825
1040
1300
1418
1276
948
570
247
40
-104
-211
-301
-415
-636
-913
-1182
-1389
-1455
-1419
-1308
-1177
-1039
-890
-732
-629
-531
-438
-372
-331
-350
-386
-426
-515
-596
-704
-828
-958
-1048
-1087
-1098
-1044
-935
-793
-629
-478
-323
-164
-35
103
227
317
414
513
614
673
721
761
745
678
596
526
536
545
531
489
422
428
450
524
608
725
856
969
1034
1049
1040
975
881
709
518
333
141
30
-31
-36
-21
-40
-125
-251
-349
-378
-350
-286
-232
-229
-247
-321
-393
-436
-458
-451
-396
-299
-208
-137
-92
-90
-137
-168
-202
-244
-292
-312
-325
-355
-410
-435
-456
-458
-422
-360
-236
-115
-21
15
22
41
109
215
339
493
659
839
961
1027
1025
951
863
741
650
548
457
403
370
372
350
314
234
160
139
241
449
661
818
752
545
293
121
63
37
-22
-138
-298
-497
-747
-1015
-1238
-1406
-1427
-1358
-1286
-1227
-1199
-1200
-1183
-1164
-1136
-1106
-1057
-948
-789
-623
-472
-387
-326
-279
-260
-223
-218
-222
-242
-272
-316
-337
-321
-279
-194
-88
44
182
297
406
483
542
595
660
757
870
924
932
884
837
795
711
631
553
503
451
390
322
308
344
407
499
574
615
651
637
600
577
557
554
535
513
481
412
287
134
-92
-299
-481
-622
-689
-731
-742
-725
-698
-649
-612
-583
-540
-484
-374
-250
-143
-72
-16
18
20
21
-1
-21
-59
-117
-182
-233
-242
-242
-200
-132
-48
7
64
130
200
278
314
326
305
279
316
351
397
428
456
464
440
413
378
397
371
316
257
223
256
312
372
393
358
305
286
322
471
693
820
738
442
61
-240
-417
-475
-505
-527
-597
-716
-887
-1076
-1244
-1356
-1370
-1302
-1158
-1018
-900
-828
-758
-713
-668
-623
-602
-544
-458
-348
-278
-238
-244
-282
-308
-314
-318
-336
-349
-359
-312
-239
-199
-148
-101
-26
67
140
205
308
455
587
692
762
787
800
783
734
712
726
768
788
808
828
835
830
828
767
684
603
533
492
492
468
435
364
273
207
133
61
-2
-15
-11
21
40
67
87
36
-53
-181
-283
-327
-328
-317
-293
-277
-312
-356
-447
-520
-563
-549
-426
-299
-194
-144
-112
-92
-81
-64
-62
-39
-24
10
39
29
28
-21
-68
-79
-89
-106
-137
-146
-156
-152
-139
-125
-79
-5
57
127
200
253
288
321
314
275
231
209
217
250
287
289
271
235
173
92
44
10
-8
-25
-42
-26
68
191
277
302
227
121
13
-73
-80
-16
32
41
-14
-115
-280
-444
-587
-705
-777
-798
-788
-793
-818
-844
-829
-784
-695
-624
-553
-493
-412
-288
-165
-42
8
19
8
32
65
66
79
90
93
74
48
13
-13
7
34
65
103
144
151
192
244
288
314
322
320
331
376
428
521
590
631
623
597
570
570
562
532
509
453
413
373
323
285
259
228
224
220
206
207
215
248
252
256
200
145
101
34
-31
-84
-149
-210
-277
-373
-459
-530
-562
-587
-610
-587
-568
-535
-482
-430
-380
-339
-297
-246
-183
-89
-21
12
17
-8
-47
-81
-123
-153
-143
-140
-135
-146
-170
-158
-97
-47
7
52
63
91
111
140
163
163
186
193
207
224
229
250
239
226
207
189
215
242
296
340
355
343
285
239
196
186
220
248
240
176
81
-25
-75
-61
-25
37
45
2
-72
-152
-200
-198
-171
-147
-166
-213
-256
-332
-385
-452
-510
-559
-607
-624
-612
-545
-473
-411
-350
-330
-301
-270
-214
-139
-96
-94
-101
-107
-107
-123
-138
-112
-105
-82
-60
-28
15
66
120
187
255
319
370
393
420
459
497
487
462
408
335
268
201
175
146
147
148
178
194
218
255
283
316
338
367
372
398
420
429
431
400
361
317
249
174
118
65
15
-49
-111
-151
-202
-198
-183
-204
-232
-300
-373
-412
-430
-428
-411
-404
-375
-352
-324
-293
-294
-280
-261
-246
-223
-191
-145
-119
-111
-100
-123
-143
-149
-140
-145
-170
-172
-173
-169
-153
-128
-85
-51
-21
5
1
34
72
124
154
163
197
233
275
323
365
408
456
484
512
532
529
529
550
566
597
627
604
556
455
372
256
105
35
26
41
40
23
-36
-122
-220
-263
-301
-312
-318
-325
-321
-312
-327
-344
-353
-366
-360
-369
-344
-325
-318
-333
-389
-452
-526
-580
-604
-610
-598
-564
-509
-468
-430
-400
-377
-344
-318
-295
-266
-231
-194
-147
-96
-59
-14
23
68
105
149
176
188
218
198
181
161
176
223
251
299
339
377
398
476
546
601
652
688
687
659
629
569
501
421
348
277
231
204
193
215
220
206
200
178
141
110
56
41
4
-38
-71
-142
-229
-292
-324
-365
-379
-377
-366
-372
-378
-410
-419
-434
-425
-392
-363
-321
-291
-240
-186
-141
-96
-48
-26
-5
-9
-8
21
45
68
63
64
44
18
13
18
31
44
29
25
40
52
100
151
204
235
222
237
273
329
413
481
529
555
558
516
468
456
485
512
518
518
499
475
441
371
296
224
171
128
61
-6
-91
-174
-255
-327
-369
-365
-349
-386
-429
-516
-586
-632
-652
-643
-663
-642
-633
-605
-586
-576
-590
-619
-625
-636
-627
-634
-659
-678
-683
-653
-608
-545
-466
-408
-333
-269
-203
-155
-116
-82
-54
-37
-29
-4
43
89
138
220
285
347
412
457
486
510
513
518
544
541
567
589
613
634
644
633
610
583
556
535
534
531
529
528
513
482
421
391
357
336
305
265
257
245
233
201
146
77
33
-22
-91
-160
-249
-312
-363
-411
-451
-461
-436
-411
-403
-388
-364
-344
-330
-293
-254
-225
-200
-161
-161
-153
-136
-132
-87
-72
-71
-73
-79
-94
-109
-102
-100
-102
-110
-114
-114
-104
-90
-64
-13
56
132
194
245
278
316
347
365
367
327
315
327
321
340
338
311
282
221
171
143
161
208
243
274
276
264
230
183
119
67
24
-13
-44
-90
-146
-229
-323
-422
-476
-480
-482
-475
-483
-506
-540
-582
-625
-641
-624
-597
-549
-508
-462
-425
-440
-452
-482
-509
-532
-559
-543
-546
-499
-453
-387
-314
-283
-239
-199
-143
-88
-36
16
65
101
128
161
217
268
327
389
420
434
438
454
500
528
566
574
575
567
549
553
547
548
548
531
511
483
447
427
414
424
427
420
410
415
437
446
452
429
378
326
269
240
218
162
106
40
2
-58
-115
-151
-181
-209
-265
-306
-346
-387
-403
-417
-405
-390
-367
-342
-336
-328
-322
-301
-287
-251
-213
-178
-167
-140
-125
-114
-100
-103
-115
-111
-68
-41
-27
-17
-42
-84
-129
-148
-148
-127
-105
-79
-60
-35
-8
26
59
89
137
152
167
159
135
124
106
100
87
72
49
39
24
10
-12
-47
-20
1
14
13
20
23
31
31
40
65
83
75
66
56
50
55
50
53
73
94
83
13
-60
-97
-130
-137
-148
-148
-131
-131
-139
-160
-177
-192
-204
-224
-261
-282
-301
-313
-333
-356
-376
-382
-366
-335
-311
-301
-286
-273
-242
-234
-202
-142
-96
-47
0
27
79
126
169
192
206
215
220
226
243
241
230
223
216
230
228
241
254
266
292
315
338
407
445
471
502
523
555
587
599
585
541
487
430
366
322
278
229
190
134
74
31
8
4
-26
-37
-54
-89
-108
-131
-123
-102
-75
-55
-71
-74
-87
-97
-132
-150
-164
-181
-208
-220
-240
-255
-254
-274
-282
-305
-323
-335
-330
-333
-322
-292
-283
-260
-256
-256
-254
-258
-268
-312
-325
-333
-318
-297
-291
-271
-242
-221
-196
-190
-186
-160
-120
-59
-6
28
67
92
138
165
199
209
212
203
202
203
195
195
198
210
214
226
233
227
220
215
220
242
278
311
341
352
365
378
388
399
391
385
365
335
307
244
164
93
39
-24
-84
-147
-209
-264
-301
-328
-365
-391
-411
-427
-439
-458
-460
-459
-458
-438
-418
-410
-378
-352
-338
-316
-287
-271
-243
-228
-216
-217
-217
-201
-205
-192
-158
-107
-47
-4
32
56
84
127
166
206
237
271
300
327
355
370
394
405
420
436
438
446
429
430
434
433
407
387
401
409
404
382
363
335
298
246
199
178
140
98
49
-5
-33
-84
-130
-179
-219
-245
-258
-274
-279
-281
-285
-277
-275
-263
-258
-239
-237
-245
-237
-244
-252
-275
-285
-270
-243
-214
-198
-186
-173
-152
-144
-136
-116
-106
-80
-40
-15
-2
13
23
43
59
68
88
100
116
113
111
109
109
112
118
108
97
114
124
139
146
140
154
142
118
103
68
49
40
26
3
-29
-52
-67
-74
-74
-61
-50
-22
0
25
57
69
78
67
70
76
73
72
89
94
91
85
78
66
55
50
31
24
16
3
-4
10
27
30
65
90
94
100
100
124
135
131
127
101
60
14
-41
-82
-125
-160
-183
-202
-234
-253
-264
-286
-265
-272
-266
-269
-259
-246
-248
-240
-225
-202
-192
-172
-165
-168
-172
-162
-171
-166
-166
-163
-159
-166
-152
-154
-136
-133
-103
-74
-46
-29
-12
3
9
44
78
110
141
173
188
219
224
221
223
227
249
263
277
289
303
297
277
258
244
244
215
206
200
204
203
189
180
187
206
224
218
207
194
183
173
173
142
109
84
71
55
24
-5
-22
-42
-56
-64
-73
-70
-70
-73
-87
-95
-119
-135
-158
-185
-188
-198
-198
-203
-193
-204
-208
-224
-243
-250
-236
-218
-198
-167
-157
-151
-156
-141
-128
-107
-77
-81
-73
-68
-59
-57
-42
-22
-9
25
55
68
81
101
117
131
126
115
108
107
90
83
83
93
95
106
99
115
116
105
128
128
143
151
167
188
178
164
145
110
87
75
54
36
29
-4
-32
-40
-52
-61
-52
-65
-77
-94
-106
-105
-111
-105
-123
-142
-160
-165
-177
-173
-175
-176
-176
-200
-182
-181
-158
-146
-149
-147
-159
-164
-175
-176
-178
-188
-190
-171
-151
-152
-133
-100
-84
-67
-51
-42
-22
4
25
58
83
89
99
97
103
104
120
118
122
130
127
114
105
99
106
112
123
137
164
183
185
190
180
191
195
205
225
211
211
204
211
189
160
144
120
119
113
120
129
134
142
133
123
116
112
102
101
96
70
58
64
62
70
79
85
69
42
17
-18
-48
-77
-84
-103
-104
-104
-109
-113
-108
-114
-107
-105
-98
-89
-76
-80
-81
-76
-86
-87
-107
-109
-124
-137
-149
-151
-140
-147
-145
-143
-142
-141
-151
-143
-113
-101
-82
-84
-76
-61
-58
-50
-55
-78
-68
-74
-65
-77
-78
-80
-87
-81
-95
-83
-79
-50
-31
-27
-16
-4
6
8
14
37
53
72
83
98
106
93
80
61
46
32
14
5
8
2
6
13
22
31
38
55
75
87
90
104
96
99
99
98
86
63
54
35
25
1
-24
-46
-57
-51
-68
-58
-60
-48
-47
-46
-40
-46
-30
-37
-30
-17
-17
-12
-12
2
3
0
-8
-10
-7
-16
-20
-25
-28
-15
9
30
45
48
51
59
62
51
58
78
97
109
100
86
70
60
46
22
10
-1
13
29
29
26
33
43
51
58
48
42
30
28
36
39
15
-1
3
-4
13
23
24
23
0
-15
-29
-31
-29
-27
-46
-56
-62
-68
-65
-67
-56
-50
-38
-30
-9
10
29
42
41
45
36
42
38
20
13
-11
-25
-30
-31
-27
-27
-26
-39
-66
-68
-72
-73
-66
-61
-45
-38
-29
-24
-16
-5
-10
-30
-19
-21
-21
-18
-23
-18
-17
-18
-14
-13
-18
-8
-1
3
-5
-15
-13
-27
-13
-1
-13
-19
-19
-29
-40
-24
-21
-5
-1
10
30
36
58
64
75
82
84
78
55
38
25
37
26
32
34
41
56
61
79
75
82
95
93
88
72
55
51
57
62
57
48
48
31
28
23
23
13
13
22
5
5
-8
-13
-25
-45
-63
-75
-73
-83
-87
-92
-92
-105
-110
-105
-99
-107
-129
-124
-130
-126
-121
-107
-90
-73
-54
-52
-44
-46
-40
-45
-40
-40
-38
-40
-38
-35
-30
-21
-18
-10
-14
-12
-15
-29
-28
-25
-19
-17
-11
0
-6
-6
6
1
5
9
18
26
20
33
44
65
74
87
96
105
112
116
127
134
136
131
138
124
114
111
98
85
69
64
45
38
32
21
25
42
59
67
75
71
76
68
80
65
45
36
21
28
18
24
27
20
12
10
2
-19
-22
-38
-42
-51
-54
-52
-80
-90
-106
-112
-111
-117
-102
-96
-76
-52
-34
-23
-27
-22
-7
0
11
16
11
4
-7
-6
-15
-27
-33
-31
-34
-24
-12
-7
-1
-1
2
8
4
4
5
9
12
15
8
11
3
-6
2
-2
-7
-18
-26
-42
-48
-37
-41
-45
-60
-59
-56
-53
-64
-62
-66
-87
-84
-95
-108
-121
-112
-114
-106
-100
-90
-91
-81
-78
-73
-59
-63
-62
-62
-44
-41
-31
-30
-22
-17
-16
-10
3
18
24
39
37
61
58
68
66
64
77
80
97
90
99
109
98
109
126
130
120
125
124
121
127
126
133
127
127
149
151
152
151
140
140
124
105
83
72
59
34
12
-5
2
-3
-5
-14
-23
-26
-32
-26
-18
-15
-10
-18
-18
-20
-25
-26
-32
-33
-45
-53
-60
-60
-48
-33
-27
-36
-43
-47
-52
-48
-49
-52
-34
-36
-44
-47
-51
-47
-27
-28
-36
-26
-29
-23
-25
-16
4
12
23
34
34
36
45
36
31
25
25
14
8
11
9
3
-16
-34
-41
-46
-66
-69
-79
-77
-77
-73
-74
-74
-65
-56
-49
-38
-33
-22
-20
-25
-22
-29
-25
-30
-34
-40
-50
-56
-59
-71
-71
-81
-92
-102
-93
-76
-73
-59
-63
-54
-40
-33
-19
-8
17
19
25
27
40
47
51
53
50
57
66
71
73
70
72
76
82
87
107
121
116
117
115
117
97
81
83
83
82
81
78
73
75
73
81
94
101
100
97
91
93
94
73
62
46
44
36
24
0
-21
-46
-62
-75
-102
-129
-133
-133
-146
-147
-152
-142
-135
-128
-114
-109
-93
-82
-70
-55
-57
-54
-54
-36
-23
-22
-14
-15
-9
7
11
18
23
27
32
37
39
43
36
45
44
55
50
46
50
56
71
71
76
63
51
45
45
48
44
43
41
34
31
25
21
13
-4
-20
-29
-40
-35
-34
-48
-37
-47
-55
-70
-80
-78
-86
-78
-69
-68
-57
-48
-39
-36
-38
-44
-49
-43
-51
-56
-61
-60
-55
-53
-60
-63
-64
-62
-65
-76
-74
-73
-75
-70
-68
-57
-54
-55
-50
-30
-22
-16
1
13
32
48
67
68
89
92
106
106
107
112
100
112
120
123
121
123
106
101
92
87
94
97
84
69
62
56
53
51
55
51
55
57
54
54
60
60
68
60
48
48
35
31
24
13
15
10
3
-6
-15
-15
-23
-34
-29
-31
-38
-58
-62
-61
-69
-65
-75
-69
-52
-53
-49
-41
-48
-47
-53
-50
-47
-45
-50
-50
-51
-56
-64
-60
-52
-55
-51
-57
-47
-39
-37
-26
-21
-24
-27
-35
-31
-33
-34
-30
-33
-28
-21
-15
-17
-12
3
6
13
23
29
37
26
35
44
47
52
58
50
40
42
40
49
39
43
39
31
26
22
27
39
42
36
28
20
25
31
37
39
44
33
40
44
35
20
17
20
18
20
4
-6
-6
-14
-23
-31
-23
-32
-41
-45
-51
-43
-42
-49
-52
-52
-53
-52
-58
-54
-58
-56
-44
-49
-45
-52
-48
-39
-52
-41
-33
-35
-23
-25
-35
-34
-40
-39
-43
-45
-50
-42
-48
-49
-40
-30
-25
-17
0
4
10
18
16
31
43
44
59
52
61
66
75
89
78
91
91
87
92
78
86
65
67
54
43
38
28
32
11
23
24
29
39
30
28
27
19
19
10
5
8
0
-8
-2
-1
-1
0
3
0
-3
2
12
9
6
-2
9
19
13
15
5
13
-5
-5
-3
-3
-2
-2
2
5
4
-3
-5
0
3
7
13
14
18
18
16
20
21
13
6
-13
-11
-29
-31
-31
-37
-33
-44
-48
-38
-39
-51
-49
-63
-63
-61
-69
-57
-58
-54
-44
-40
-39
-37
-40
-59
-60
-77
-75
-65
-68
-65
-62
-59
-52
-47
-54
-62
-64
-60
-57
-59
-67
-71
-63
-55
-47
-24
-19
-9
1
-6
9
13
13
18
15
29
34
49
53
64
68
71
76
82
87
82
88
90
94
94
84
88
86
84
73
66
69
74
81
74
77
70
82
85
78
69
61
56
46
49
46
37
28
14
4
-5
-2
-3
-13
-19
-21
-11
-3
-9
-8
-3
-13
-21
-31
-35
-29
-28
-30
-24
-38
-36
-33
-25
-18
-18
-20
-11
-5
1
3
3
11
21
26
26
32
31
24
12
10
9
6
-9
-5
-6
-15
-23
-23
-21
-17
-11
-22
-19
-14
-3
-5
-10
-7
-5
-13
-8
-12
-15
-24
-26
-43
-45
-53
-61
-72
-82
-86
-95
-105
-105
-96
-84
-79
-81
-65
-66
-58
-52
-53
-56
-58
-56
-60
-56
-55
-53
-54
-50
-39
-33
-30
-26
-22
-16
-12
-7
-3
14
20
25
35
41
46
41
44
54
66
87
93
83
86
91
92
89
94
103
104
97
91
92
91
95
93
87
94
85
83
80
77
70
60
56
44
42
41
42
51
48
50
44
45
34
27
23
8
8
-3
-8
-17
-12
-13
-16
-21
-24
-30
-38
-47
-46
-44
-48
-51
-56
-62
-64
-61
-60
-56
-60
-53
-56
-57
-52
-46
-40
-42
-42
-45
-45
-42
-45
-48
-47
-45
-52
-41
-39
-33
-19
-18
-13
-22
-22
-16
-16
-20
-19
-17
-16
-22
-29
-27
-18
-14
-9
-15
-18
-23
-27
-19
-23
-21
-21
-17
-11
-8
-13
-4
4
5
10
11
18
20
13
9
11
-6
-10
-20
-16
-13
-14
-6
-5
-6
-10
-12
-22
-11
-5
5
7
14
18
15
15
15
16
14
15
18
23
29
42
43
52
47
44
49
48
45
44
48
60
72
72
67
70
76
73
73
64
78
76
66
66
53
60
50
39
41
32
38
40
41
42
32
30
18
-2
-8
-31
-32
-39
-39
-39
-36
-43
-29
-24
-26
-27
-24
-18
-23
-12
-18
-26
-30
-44
-42
-47
-51
-52
-56
-47
-47
-37
-40
-33
-43
-36
-33
-26
-25
-22
-17
-13
-15
-19
-9
2
8
-5
-7
-20
-13
-8
-8
-15
-11
-13
-16
-17
-20
-9
-16
-14
-17
-5
-7
1
5
13
11
11
26
19
10
10
9
1
-1
-8
-8
-16
-12
-17
-22
-18
-33
-34
-35
-31
-26
-16
-12
-15
-10
-27
-24
-21
-17
-23
-27
-18
-23
-20
-28
-26
-23
-22
-25
-16
-4
0
3
13
14
24
31
37
43
52
62
56
65
68
76
79
80
73
67
71
69
65
63
56
47
41
45
51
44
46
44
45
39
45
36
32
33
29
41
43
42
34
38
30
13
7
-2
-12
-19
-37
-42
-53
-52
-67
-70
-62
-49
-51
-60
-48
-47
-38
-49
-53
-48
-47
-55
-59
-62
-59
-50
-52
-60
-62
-60
-65
-56
-72
-58
-43
-44
-33
-32
-18
-19
-9
1
5
5
0
4
-3
-5
3
8
12
4
8
14
13
16
22
29
30
26
28
17
22
21
29
28
21
24
14
19
21
23
21
21
24
28
19
16
13
7
3
4
5
0
-7
3
1
0
-4
-12
-21
-31
-30
-30
-29
-25
-16
-4
-9
0
11
5
15
1
-9
3
14
16
7
4
-2
0
9
5
11
27
24
27
27
23
23
31
22
22
31
31
32
32
35
35
33
26
12
14
23
30
31
18
19
14
14
6
7
10
5
11
4
2
0
6
5
4
-3
1
-1
-11
-16
-15
-19
-23
-32
-41
-32
-36
-34
-37
-31
-21
-21
-19
-15
-11
0
4
-1
0
8
8
-3
-2
-7
-16
-12
-16
-18
-20
-22
-13
-12
-8
-11
-4
5
-8
0
6
2
11
5
7
-1
0
-4
-17
-15
-18
-31
-31
-41
-43
-38
-34
-27
-31
-30
-28
-22
-13
-3
-8
-9
-9
-11
-8
-5
-5
-4
0
7
9
17
13
3
0
2
7
13
12
17
20
24
24
29
28
39
56
59
61
64
61
63
56
40
39
35
35
27
23
20
20
22
21
18
18
24
24
21
17
20
16
14
6
2
-6
-10
-20
-23
-34
-30
-25
-26
-29
-44
-30
-34
-33
-37
-40
-31
-36
-35
-36
-36
-34
-41
-40
-39
-35
-21
-22
-23
-20
-26
-21
-19
-15
-12
-13
-11
-11
-7
-10
-16
-8
-9
-11
-6
-5
4
-1
6
17
25
18
23
27
17
18
12
15
15
10
6
8
6
16
27
29
36
28
26
20
24
27
22
20
21
32
40
34
23
21
22
20
16
8
9
1
-12
-14
-16
-12
-12
-19
-17
-27
-20
-9
-9
-9
-11
-3
-1
-2
-3
1
8
9
-2
-9
-3
-8
-2
-18
-18
-14
-22
-23
-22
-17
-21
-21
-9
-2
-11
-11
-10
1
5
4
-2
-4
-9
-11
-21
-21
-25
-31
-23
-27
-27
-23
-25
-30
-20
-25
-31
-27
-29
-30
-21
-17
-10
-8
-10
-10
-11
-18
-22
-23
-28
-21
-31
-30
-24
-26
-23
-27
-21
-11
2
1
17
26
35
46
43
49
57
59
66
67
66
65
58
61
48
49
48
48
43
49
47
47
43
57
51
42
42
34
43
39
47
41
47
49
51
46
36
36
21
23
17
17
6
5
6
-4
-7
-17
-30
-35
-39
-42
-43
-35
-42
-44
-48
-41
-38
-35
-34
-29
-22
-24
-20
-18
-20
-24
-25
-31
-40
-39
-35
-42
-34
-32
-27
-26
-26
-18
-15
-13
-8
1
-3
8
9
10
7
1
-2
-9
-10
-3
6
5
-5
-3
5
5
8
8
11
7
3
15
6
-3
5
6
7
9
15
21
18
14
16
13
2
-4
-12
-24
-23
-29
-43
-46
-42
-40
-39
-32
-31
-21
-22
-16
-6
-9
-5
-8
-5
1
-9
0
-3
1
2
4
7
-1
9
-2
4
5
1
8
-1
12
14
22
15
15
20
23
27
35
34
33
40
37
41
30
33
21
15
10
3
11
9
17
14
26
23
18
18
8
7
6
0
3
-11
-8
-2
-1
4
-4
6
16
21
16
13
9
12
6
9
-6
-10
-16
-33
-24
-23
-21
-16
-24
-33
-32
-26
-29
-36
-38
-46
-47
-38
-33
-26
-32
-31
-25
-24
-22
-23
-22
-20
-18
-17
-19
-21
-31
-27
-23
-20
-18
-15
-13
-14
-18
-7
-6
-6
-5
-10
1
7
8
12
15
15
15
15
21
19
19
15
5
9
7
16
26
25
23
24
30
34
39
43
48
41
42
41
41
40
37
41
40
37
30
25
22
19
8
9
11
18
19
18
20
15
5
8
5
1
1
-3
-4
-10
-13
-11
-10
-7
-3
-13
-18
-23
-24
-15
-13
-14
-17
-16
-20
-29
-21
-17
-30
-25
-24
-9
-9
-9
-5
-10
-6
-6
-5
4
9
9
21
18
19
17
16
18
19
16
12
5
3
2
-8
-3
-2
0
1
-2
-5
3
2
0
1
4
6
5
2
0
-1
-13
-13
-9
-5
-8
-4
-11
-21
-15
-18
-18
-8
-15
-14
-13
-15
-8
-9
-13
-3
-10
-2
-2
4
8
6
8
3
3
-3
-13
-7
-1
1
-4
2
4
2
-2
0
4
4
-1
5
2
-2
3
6
8
-1
0
-3
0
-2
4
-2
-8
-11
-8
-2
0
-4
-6
-1
-1
2
-6
-5
3
1
7
3
6
6
-11
-4
-12
-7
-6
-6
-14
-7
7
8
11
6
6
3
3
-1
-2
3
7
6
5
4
2
6
2
3
3
2
14
15
19
17
14
18
15
16
15
14
23
16
8
-9
-8
-7
-13
-10
-12
-11
-15
-23
-24
-20
-16
-4
-8
-7
-8
3
5
-2
-2
-12
-15
-26
-35
-26
-30
-26
-35
-31
-24
-21
-20
-22
-18
-28
-15
-9
-6
-6
-7
1
0
2
3
8
9
6
-5
-13
-1
-11
-7
-13
-6
-4
-10
0
3
17
21
25
26
26
37
39
38
35
27
29
34
33
28
27
27
24
30
27
26
23
14
15
28
25
19
15
12
4
6
3
0
-1
-1
-5
-3
-8
-5
0
-2
4
9
11
9
9
12
6
9
-1
2
4
4
10
3
0
0
-10
-14
-15
-11
-16
-16
-11
-20
-15
-18
-21
-23
-20
-18
-19
-18
-17
-16
-10
-8
-1
-5
-2
0
2
4
2
10
9
7
3
0
-7
-20
-24
-26
-18
-18
-21
-20
-17
-17
-15
-12
-17
-5
-5
-4
-6
-1
-1
-3
-11
-19
-7
-5
-2
1
9
11
19
18
12
19
17
20
13
4
7
5
8
6
10
9
15
17
6
6
4
11
10
24
22
23
20
15
21
17
20
16
15
11
8
5
7
5
5
-1
-4
-2
-7
-8
-13
-10
-10
-10
-6
-6
0
-3
0
0
-9
-5
-15
-20
-21
-15
-12
-9
-2
-2
7
7
2
5
9
5
2
-8
-3
1
-5
1
1
5
19
20
13
2
-5
-2
-2
-7
-12
-11
-13
-20
-19
-5
-5
-3
-8
-6
-8
-5
0
3
-5
-11
-13
-19
-16
-13
-5
-7
-8
-15
-17
-22
-18
-22
-21
-33
-31
-28
-31
-27
-26
-16
-14
-17
-8
1
5
11
7
13
13
7
8
7
15
12
18
19
14
18
17
15
16
15
10
13
4
5
6
11
17
8
17
9
16
16
6
17
16
28
21
24
23
18
17
12
12
9
9
6
6
1
0
0
7
17
14
17
12
9
6
6
1
-3
-2
-5
-1
2
-2
-5
-10
-14
-15
-18
-22
-22
-23
-20
-15
-16
-12
-13
-16
-18
-16
-22
-24
-22
-21
-19
-18
-16
-17
-10
-11
-14
-16
-15
