SAMPLES:	13289
BITSPERSAMPLE:	16
CHANNELS:	1
SAMPLERATE:	16000
NORMALIZED:	FALSE
0
2
0
2
10
6
5
4
-1
4
3
7
3
0
0
-1
2
2
2
0
4
3
2
6
1
0
0
5
0
2
3
2
4
2
10
2
-1
0
2
-3
-1
0
0
2
-3
2
-1
1
-6
-4
-7
-5
-9
-8
-6
1
0
1
4
-1
8
7
3
-1
3
0
6
11
8
4
1
5
0
3
1
1
-6
-2
-4
-5
0
0
-1
-6
1
1
-6
-1
-1
-3
0
1
0
-6
-6
-3
-10
-9
-4
-4
0
1
-3
-6
-7
-1
-3
1
-4
-1
4
-3
-4
-5
0
-3
-7
-2
-4
3
2
-1
-2
-6
-4
-6
0
-5
-6
1
0
-2
-2
7
3
1
1
8
3
1
0
-1
-2
7
4
1
3
1
1
-3
4
-1
4
-4
-2
-1
-1
-2
-11
-7
-5
-5
-6
-4
-7
-7
-4
-8
-1
-1
-1
-2
-2
0
-1
3
3
8
7
9
10
7
11
8
5
7
9
5
7
2
2
3
6
6
-2
2
2
2
0
2
0
2
3
2
6
5
4
7
6
5
5
0
7
4
3
1
2
4
-3
1
0
0
-4
-3
1
-4
-4
-3
-4
-1
-5
-4
-7
-5
-10
-8
-7
-8
-3
-7
-4
-5
-7
-4
-3
-4
-3
-9
-5
0
1
-7
-4
-2
-4
0
0
-6
-6
-10
-6
-3
-1
-3
-2
0
-1
-1
1
7
-1
-2
0
-3
0
2
1
3
7
6
4
4
8
11
6
2
9
3
4
8
4
7
8
11
5
9
7
6
8
10
9
5
9
10
8
8
5
7
5
-2
2
-2
-3
1
-2
1
-1
2
-2
0
-5
-7
-5
-6
-6
-2
-3
-8
-6
-8
-6
-8
-3
-1
-2
-1
0
0
0
3
4
2
3
7
-3
1
-2
-6
-1
-6
-1
-2
-6
-4
-5
-5
-1
2
2
-1
7
3
1
8
1
5
1
-5
0
-8
-3
-10
-3
-5
-11
-3
-7
1
-3
-3
-2
-3
1
1
-4
-8
-1
-1
1
3
0
-2
3
5
1
4
3
0
1
2
4
1
0
6
1
-5
-1
4
4
6
2
-1
0
3
-2
3
3
0
2
-3
1
-6
-4
0
-1
1
2
-2
3
2
3
-1
-1
-2
-2
-1
-5
6
1
1
3
-2
-1
-3
-3
0
-1
-2
-8
-10
-6
-3
0
-6
-3
-2
3
7
-3
3
1
4
3
6
8
2
3
1
6
-1
1
-3
-2
-1
-1
3
-1
6
-3
-2
1
1
-1
4
3
4
1
-2
1
-5
2
-4
-9
-10
-4
-5
-12
-5
2
-5
2
-5
-4
0
-1
-9
-3
3
-6
-3
-7
-7
-6
-6
0
3
-1
-6
0
-2
-2
1
-1
3
6
7
2
10
6
7
8
3
6
6
7
8
9
8
10
1
6
-1
-1
0
-1
2
-4
2
6
3
-2
1
-1
1
-5
-3
3
0
-4
-1
-3
-4
-2
6
6
2
1
-1
6
9
6
-1
9
1
1
3
8
3
6
6
4
5
0
10
3
-4
0
-2
1
1
-1
3
4
3
6
7
7
9
4
6
14
6
9
3
3
-3
-5
-2
2
-3
-7
2
-3
-2
-1
-3
0
1
6
6
0
-1
-7
-7
-14
-7
-10
-6
-6
-10
-10
-9
1
-8
-6
-13
-13
-12
-9
-1
-10
-8
-8
-6
-13
-2
-6
-5
-2
-1
-1
0
6
-5
0
0
-7
0
3
4
4
3
-2
4
1
-2
9
-2
5
7
4
7
-1
4
1
4
6
7
6
4
4
-2
3
-1
-2
0
-2
1
1
-1
-6
1
-7
-1
1
-10
0
1
1
-2
-3
-3
-3
1
-8
-5
-10
-11
-4
-8
-3
1
2
5
5
-2
-1
3
-2
-2
0
3
2
3
0
0
-5
-5
4
6
8
6
13
3
2
11
1
7
-2
-7
-2
-3
-1
-3
-6
-11
-4
-10
0
5
-4
7
0
5
-5
-3
2
-4
1
-5
-5
0
6
2
6
3
-3
5
-8
-3
3
2
1
-7
-1
-12
-3
-3
-4
-4
-3
-5
-2
3
2
7
0
5
0
5
3
-1
6
-6
-1
-4
2
5
0
1
-4
4
-4
5
6
6
13
9
5
9
2
-4
-3
-12
-10
-4
-7
-1
-3
3
5
10
-3
-4
3
0
-3
7
1
5
6
-7
-13
-4
-5
8
13
-2
14
10
6
3
5
3
8
4
8
8
4
3
-5
8
3
11
5
-2
9
4
9
0
1
1
-9
11
-1
5
9
-4
5
3
10
1
12
3
13
4
3
3
-3
-4
-6
4
-8
0
6
-7
-6
-7
-9
-7
-6
-4
-8
-2
-14
-5
-14
-15
-12
-9
-7
3
2
8
4
7
2
5
-1
-7
-3
-17
-5
-23
-12
-12
-3
-6
1
5
8
7
5
9
5
20
4
5
4
-11
1
-3
-4
13
0
11
-5
-3
0
-1
3
-5
4
-1
1
-2
-10
-11
-12
-4
-6
-8
-2
9
2
14
0
9
7
2
2
-4
-3
-8
-13
-3
-7
-2
-13
-15
-1
-11
5
-6
5
3
-1
8
0
-8
-5
-5
-4
-7
1
-10
-3
2
-15
-3
-2
6
5
4
3
5
10
5
9
2
1
2
5
-6
4
10
9
18
6
0
7
-1
7
-8
-14
0
-15
-7
-8
-6
-12
-1
2
3
17
9
13
13
-4
3
-7
0
-5
-9
6
-20
-5
-15
-21
1
-6
8
2
-2
5
-19
2
-10
-2
-3
-2
11
-2
12
5
3
8
8
8
-1
14
4
0
18
2
4
-3
0
2
12
8
4
9
-1
4
-2
-6
-4
-18
-10
-17
-14
-14
-16
-8
-7
5
-2
7
9
-4
15
-5
6
5
10
-2
-6
1
-2
5
5
5
2
11
-4
10
10
7
8
8
9
10
5
17
6
1
0
7
4
5
7
-6
0
-1
2
14
14
12
7
9
0
-7
10
3
6
8
2
8
-4
-14
-14
-9
-5
-18
2
-2
-2
3
4
10
-7
4
5
-2
9
14
-10
-1
-5
-11
8
-3
6
-15
1
5
-7
13
7
14
0
-3
9
-7
3
-6
-4
-2
-24
-14
-12
-20
-12
-10
-16
-15
-2
-10
-6
0
-23
3
-6
-10
7
-6
0
-3
-3
-13
-6
-10
-8
6
-21
-3
-2
0
15
6
12
3
7
-6
-2
5
-1
9
-2
11
9
0
17
4
2
6
3
-13
-8
-5
-12
-7
-8
-3
7
3
1
21
-1
14
5
14
4
9
-4
10
-6
-8
10
-18
4
-7
-12
9
4
3
28
1
15
2
-1
-5
5
-13
17
8
2
-1
-11
-13
-10
-9
-2
18
2
5
11
-2
-12
11
-2
8
13
-6
5
-7
-3
-15
-4
0
-10
12
-13
-6
1
-15
-7
-1
-6
1
11
7
-3
-1
-1
-7
-13
-7
-8
-22
-9
-30
1
-21
-10
4
-5
-1
2
-6
18
12
17
11
-5
15
2
11
-9
-3
-9
-8
14
-1
-6
11
-3
6
-2
14
-1
9
11
-7
6
2
-1
0
1
-2
5
6
-14
12
-2
-9
0
-8
-7
-8
-4
-9
-1
6
2
15
9
6
18
-5
8
1
-6
-20
17
-27
-1
2
-30
-4
-13
17
2
10
6
6
-4
4
6
11
-5
8
17
-11
37
-14
2
8
-36
-1
-9
3
16
4
16
2
29
-9
17
19
-2
16
6
16
14
10
10
24
-19
9
-8
-23
5
-14
0
-3
5
0
-3
13
-4
9
-3
3
18
-9
22
13
4
6
4
-25
-8
15
-23
30
-2
-13
11
-21
5
-1
3
2
4
4
-8
31
-13
-8
11
-23
7
-11
-20
2
-3
-15
12
-5
-18
-10
-25
8
-25
16
-15
2
-16
-32
11
-22
9
10
-19
19
-21
-22
-3
-12
-4
-12
-8
-3
-7
-6
1
-23
-3
-15
3
17
-14
22
-6
16
23
-12
24
1
8
3
-3
5
-9
6
-20
25
7
9
19
-11
4
-13
10
0
12
-3
-20
20
-26
8
-18
-1
6
-18
28
-27
20
-5
-18
11
-18
4
17
10
-18
-7
3
3
-8
5
20
-24
39
-27
23
12
3
10
-19
7
-6
9
-9
-10
32
-34
41
-14
4
-8
-15
1
-20
42
-35
48
-14
20
-24
17
-16
-4
18
-48
50
-31
14
22
-23
28
-9
12
-25
40
-23
-7
5
-29
33
-49
29
-47
22
-4
-29
37
-51
53
-33
21
-8
-2
7
-19
7
-29
44
-26
24
13
-1
-2
-13
14
-17
17
-1
16
11
-12
17
-8
-15
23
-21
4
-1
4
16
16
-2
20
-8
15
-6
6
-10
2
11
-26
15
-16
-9
-1
-18
-11
0
-24
28
-14
-13
8
-4
-11
4
-13
17
3
-1
10
5
14
-18
14
-7
8
13
-7
17
12
-20
35
6
-8
32
-5
3
12
-15
14
3
-14
6
7
-22
26
-13
-12
19
-12
12
-13
30
-11
1
-1
-20
11
-42
17
-23
-10
10
1
4
-28
17
-40
13
-24
-10
18
-19
10
-32
4
-5
5
6
4
22
-8
18
7
9
5
-20
8
-18
11
3
18
8
-10
-1
17
-25
38
-42
34
-12
6
58
-41
60
-38
29
-17
-8
18
-36
39
-37
21
-2
-13
8
-10
2
-21
34
-19
41
-13
2
16
-24
20
-5
4
-12
-15
-3
-13
6
-8
-12
-22
-19
-20
21
-22
6
28
-36
20
-6
-13
-2
8
-27
-8
-2
-3
-6
-22
33
-21
21
15
-20
-3
-9
14
-28
17
4
-34
3
-13
-12
17
18
24
-12
37
-7
23
-16
33
-9
-7
4
-6
29
-27
42
-42
15
7
-22
30
-3
-6
8
-7
6
-6
-9
21
12
-4
20
3
4
21
-13
20
-15
6
-10
7
-28
7
10
-17
20
-15
7
-2
-4
9
-7
15
-14
7
-9
-28
10
-24
-12
-11
-47
-23
-33
7
-41
48
-29
-1
23
-45
52
-22
27
-4
3
8
-10
8
-3
-7
-13
41
-11
18
12
12
21
-9
27
-20
29
3
13
17
-18
27
-17
10
-1
29
8
19
9
-25
34
-33
44
-29
10
1
-15
11
-17
35
-45
36
0
-6
3
-6
26
-25
6
-21
-12
1
-27
3
-23
19
9
-43
18
-9
4
6
-16
-16
-8
-20
-2
9
-15
3
2
-15
3
17
-2
20
-4
-1
-11
3
9
-10
26
-30
37
-31
3
11
2
-9
21
-27
9
18
-18
25
-3
-4
12
2
7
-5
1
-1
-49
21
-28
18
-17
-4
21
-26
20
-9
-6
13
6
11
2
-10
-13
13
27
-5
15
10
16
-6
16
-6
35
-17
20
22
-35
12
5
-21
-11
-5
-21
17
-20
19
-8
7
18
0
-7
12
1
-13
4
19
-24
-7
20
-32
32
-10
-2
-22
4
-10
23
-13
8
16
-27
21
-8
17
-23
41
-44
14
-5
-2
3
30
-37
24
7
-5
27
-12
21
-3
11
-26
13
-13
-9
-16
-12
6
-19
-25
27
-33
9
-15
-10
-8
-20
8
-8
-8
-20
-12
8
-8
2
19
-6
0
-7
-13
13
13
-1
-8
2
-38
19
-16
8
23
-22
21
11
-9
20
1
6
14
-47
64
-44
32
-21
-6
29
-37
20
3
-4
7
-8
15
-27
18
-14
-6
17
-8
22
6
18
-13
-26
10
-10
-9
23
-7
3
23
-9
15
1
4
1
24
-24
28
-20
-9
17
-13
11
-9
19
3
34
-20
22
-8
12
-12
-2
5
-16
5
3
-19
15
4
-6
26
-22
7
-8
-6
-15
-2
14
-53
-1
-4
-25
15
-12
13
-13
14
16
-24
35
-23
-7
15
-47
22
-15
-4
15
-1
-11
11
30
-13
45
-7
26
-2
-11
16
-13
14
-9
5
-8
-14
22
-21
-8
10
-11
11
27
-2
-11
19
-6
0
15
3
-13
17
3
-17
19
-33
27
-20
15
-11
-4
16
-1
1
-6
5
-20
21
-23
4
-13
-11
1
6
5
25
-27
22
-20
14
-4
2
6
-5
18
-15
-6
-7
12
-22
17
-14
11
18
-2
-5
-34
-12
3
-5
0
8
5
1
1
1
-23
4
-5
3
-2
-13
-7
16
-9
-6
-1
-39
26
-45
-10
-5
-9
11
-1
12
3
8
5
4
-7
7
18
3
7
21
15
3
-2
-4
0
6
-15
17
-5
7
5
-20
17
-3
19
2
-23
21
-14
19
-17
-7
5
-27
15
-16
6
-17
-9
-16
3
-18
6
-23
9
-30
12
-7
13
3
7
11
-2
25
-12
15
-30
7
8
18
28
18
4
23
-46
18
22
1
30
10
15
-9
5
-12
1
20
-21
7
43
-20
43
-1
0
-14
-10
-4
-1
-2
-11
17
6
-4
14
-1
5
-20
19
-8
23
-8
2
1
-12
4
-1
-32
7
-28
-8
-25
-21
-13
-6
-8
-21
-1
1
8
-19
-3
-3
-14
-23
5
-11
-4
-15
5
-16
18
-15
37
-4
-17
9
-10
-3
-7
12
-22
15
12
-10
4
1
-25
16
-2
-2
12
-12
8
-12
-4
7
18
-4
-18
9
-4
-8
12
-13
5
1
-8
19
-18
19
-6
21
-11
13
6
2
0
-24
13
-2
5
-2
11
12
3
-29
24
-13
-7
6
19
16
20
0
12
3
0
7
31
35
6
21
5
0
1
5
-9
13
-19
22
6
19
-6
8
27
-15
2
11
2
-1
13
3
-18
12
-11
-13
6
-8
11
-1
-7
-27
-6
-23
-12
-11
-1
6
-20
2
8
13
-8
6
-2
16
0
-9
-4
-8
-7
-24
-11
-29
-21
-21
-5
-10
7
-13
10
-17
-7
-1
-14
-2
3
-10
-12
6
1
15
0
-1
-11
10
10
25
3
-5
16
-11
-1
-6
-12
1
-7
-21
7
-1
-22
-27
-8
-33
-17
-2
-2
13
-4
0
10
-5
-17
9
15
-2
12
1
-1
21
3
-8
36
2
7
26
1
16
15
16
-4
13
4
-4
7
-3
-5
15
11
0
5
4
18
8
-3
-5
-2
18
7
14
8
-15
13
-6
29
13
21
15
5
21
19
40
26
39
54
53
36
56
34
26
35
15
23
35
22
10
17
7
-15
0
-25
-14
-30
-47
-40
-57
-47
-76
-65
-78
-60
-71
-72
-66
-100
-86
-75
-70
-85
-65
-69
-68
-69
-70
-53
-44
-45
-65
-46
-42
-42
-34
-8
-23
12
-12
-16
-20
-27
-6
-25
19
11
15
31
18
17
26
47
72
60
41
57
42
41
51
43
26
24
30
64
44
65
106
148
179
189
203
220
218
227
255
299
307
283
250
205
185
131
141
158
141
65
73
28
-9
-40
-94
-113
-139
-126
-162
-176
-218
-262
-291
-306
-323
-292
-281
-297
-290
-329
-324
-307
-273
-244
-220
-199
-188
-157
-113
-99
-62
-38
16
38
58
88
63
88
92
114
147
148
158
152
157
159
148
154
124
111
86
55
40
18
-15
-17
-53
-58
-58
-77
-73
-104
-99
-118
-108
-89
-98
-76
-110
-135
-142
-145
-151
-158
-181
-194
-170
-181
-168
-158
-133
-126
-91
-51
-14
28
9
25
9
20
69
88
152
216
327
509
593
714
732
743
801
871
989
1063
1165
1084
975
855
769
709
618
531
436
282
111
-42
-189
-353
-530
-666
-769
-825
-880
-964
-1035
-1136
-1231
-1230
-1181
-1095
-1055
-1019
-992
-929
-837
-696
-565
-422
-327
-225
-104
-4
94
181
297
376
491
561
591
571
538
504
471
461
420
351
257
177
92
31
-9
-35
-52
-33
13
30
21
-33
-88
-119
-124
-55
-5
12
-33
-107
-126
-123
-97
-37
-13
-18
-47
-79
-86
-99
-133
-143
-142
-169
-203
-215
-277
-324
-353
-308
-240
-156
-123
-125
-119
-93
-11
74
181
232
230
221
217
241
324
474
674
1040
1389
1643
1724
1613
1588
1570
1729
1870
2001
1957
1644
1196
779
524
298
124
-71
-346
-666
-1021
-1311
-1570
-1800
-2016
-2093
-2058
-2049
-2076
-2144
-2178
-2238
-2164
-1955
-1614
-1349
-1170
-1027
-873
-697
-453
-100
199
453
577
714
843
941
1041
1141
1250
1361
1426
1406
1298
1059
877
766
687
561
400
185
-55
-254
-383
-420
-437
-497
-520
-501
-373
-235
-126
-19
0
49
88
228
413
487
484
395
287
256
233
224
174
89
-84
-214
-302
-372
-446
-567
-660
-749
-810
-862
-846
-847
-833
-795
-694
-576
-448
-356
-264
-99
27
203
341
441
502
523
603
706
862
1083
1328
1767
2158
2415
2449
2297
2201
2157
2242
2356
2364
2138
1632
961
414
48
-184
-416
-699
-1074
-1512
-1959
-2267
-2484
-2623
-2753
-2812
-2761
-2673
-2669
-2663
-2588
-2501
-2289
-1955
-1527
-1177
-953
-793
-546
-209
134
523
855
1087
1168
1231
1364
1476
1557
1621
1713
1770
1719
1594
1417
1145
945
795
698
539
289
-9
-287
-514
-609
-583
-586
-673
-762
-746
-673
-502
-297
-48
160
191
230
315
429
547
613
670
696
574
418
271
135
26
-95
-173
-286
-475
-673
-850
-959
-1044
-1069
-1031
-1020
-1012
-1047
-989
-878
-734
-563
-371
-165
15
219
362
534
691
778
916
993
1085
1102
1153
1251
1403
1630
2016
2348
2485
2310
1996
1818
1762
1845
1871
1779
1392
747
58
-426
-651
-818
-1057
-1350
-1773
-2213
-2586
-2725
-2758
-2780
-2799
-2767
-2626
-2530
-2494
-2384
-2139
-1873
-1506
-1113
-707
-490
-412
-227
86
446
802
1111
1317
1398
1327
1353
1475
1598
1682
1707
1722
1656
1478
1245
1041
852
720
611
496
272
-65
-385
-586
-649
-625
-582
-624
-743
-868
-889
-744
-478
-242
-17
112
160
228
312
416
494
604
740
732
608
449
258
101
0
-81
-147
-274
-501
-775
-934
-942
-917
-877
-906
-937
-957
-929
-815
-672
-493
-332
-158
5
127
272
446
633
803
921
1041
1092
1134
1109
1099
1110
1217
1375
1574
1899
2039
2027
1702
1450
1354
1385
1439
1399
1231
778
148
-482
-804
-894
-1038
-1228
-1539
-1969
-2372
-2683
-2679
-2553
-2452
-2426
-2405
-2356
-2330
-2262
-2024
-1668
-1330
-1020
-728
-457
-336
-230
2
379
749
990
1204
1305
1293
1243
1342
1508
1650
1699
1647
1609
1500
1325
1162
971
819
741
637
491
204
-131
-360
-455
-478
-436
-461
-568
-718
-831
-808
-645
-446
-283
-87
28
87
158
202
300
402
499
560
561
483
321
148
-17
-89
-170
-241
-360
-537
-683
-787
-811
-826
-838
-850
-870
-860
-823
-728
-594
-436
-274
-170
-22
148
314
457
598
731
829
901
943
968
941
928
947
1048
1176
1369
1666
1814
1828
1581
1425
1390
1439
1484
1417
1243
827
274
-252
-502
-611
-812
-1079
-1421
-1777
-2099
-2312
-2285
-2230
-2247
-2350
-2348
-2306
-2240
-2124
-1885
-1550
-1334
-1193
-991
-759
-590
-367
-56
280
497
610
755
905
998
1080
1259
1438
1519
1487
1462
1475
1470
1435
1377
1268
1127
981
851
691
470
246
71
-7
-118
-170
-251
-404
-610
-788
-770
-634
-521
-399
-327
-348
-384
-280
-80
134
262
311
303
225
146
164
230
163
19
-160
-297
-402
-496
-534
-547
-587
-693
-773
-764
-744
-735
-722
-634
-513
-433
-328
-198
-45
38
136
318
497
595
660
773
845
876
838
792
737
704
711
823
978
1181
1405
1475
1412
1219
1146
1186
1308
1337
1279
1005
579
125
-210
-325
-396
-553
-832
-1186
-1570
-1887
-1946
-1786
-1680
-1708
-1876
-1996
-2010
-1935
-1719
-1409
-1179
-1084
-1046
-961
-823
-697
-479
-172
70
224
308
433
526
617
781
977
1142
1221
1236
1248
1304
1344
1344
1359
1318
1216
1088
989
849
683
481
283
137
33
6
-78
-256
-472
-677
-736
-711
-660
-588
-600
-676
-740
-672
-484
-285
-186
-166
-170
-201
-153
-63
58
116
26
-92
-154
-193
-162
-112
-78
-78
-168
-224
-242
-228
-151
-67
44
79
4
-38
0
88
198
331
427
437
336
265
300
396
451
499
451
331
143
21
34
111
196
228
315
511
676
780
734
648
625
662
824
988
1046
842
487
74
-111
-105
-74
-35
-192
-474
-828
-1074
-1082
-977
-924
-1017
-1133
-1249
-1326
-1341
-1234
-1103
-1048
-1039
-1025
-968
-891
-831
-708
-531
-360
-260
-112
17
170
266
407
618
718
834
920
1052
1199
1256
1253
1176
1073
1047
1056
1038
942
796
576
345
162
81
45
-39
-221
-389
-494
-576
-631
-644
-592
-582
-616
-638
-621
-564
-510
-416
-300
-198
-154
-140
-115
-121
-113
-90
11
79
93
87
113
162
171
201
262
309
289
265
261
291
262
206
175
152
121
67
36
21
-15
-67
-84
-29
-15
-42
-87
-98
-99
-104
-112
-159
-244
-365
-363
-328
-234
-155
-54
101
230
315
347
389
465
580
719
838
898
858
731
550
482
517
545
539
400
204
-17
-183
-193
-120
-111
-226
-410
-573
-692
-688
-624
-530
-528
-651
-775
-845
-798
-708
-599
-473
-456
-466
-464
-427
-324
-267
-213
-150
-75
-36
9
15
36
62
95
154
160
184
213
215
203
199
189
189
193
241
296
284
211
134
98
127
181
216
219
136
45
-34
-57
-25
-12
-4
-9
-35
-12
40
112
167
166
175
198
226
239
216
165
135
155
172
185
151
78
6
-3
34
100
108
67
-6
-94
-141
-141
-152
-168
-199
-254
-285
-344
-403
-456
-500
-531
-528
-507
-476
-492
-497
-519
-506
-466
-408
-342
-271
-222
-194
-134
-45
25
133
282
395
515
631
746
863
975
1060
1193
1276
1310
1326
1343
1309
1267
1188
1111
1056
940
838
714
574
422
282
147
30
-76
-183
-302
-444
-617
-762
-869
-926
-970
-1082
-1227
-1342
-1397
-1413
-1390
-1360
-1339
-1341
-1328
-1251
-1144
-1024
-915
-811
-713
-600
-489
-362
-221
-79
6
83
141
192
269
297
348
366
373
385
372
379
409
422
449
456
453
446
429
442
479
497
486
486
487
505
498
487
487
463
445
462
518
534
524
521
507
465
453
451
437
365
256
181
125
70
-7
-99
-204
-347
-467
-543
-585
-617
-663
-730
-772
-817
-849
-828
-769
-707
-668
-621
-593
-545
-531
-473
-363
-257
-144
-70
3
42
95
151
240
328
410
446
478
492
514
568
631
708
733
710
697
679
682
696
665
644
585
504
441
387
346
298
234
150
94
65
68
60
25
33
51
50
52
68
72
60
13
1
6
33
0
-55
-76
-95
-86
-102
-131
-187
-266
-344
-388
-393
-440
-515
-586
-627
-657
-707
-744
-790
-836
-852
-809
-773
-773
-797
-827
-833
-799
-712
-635
-591
-583
-596
-548
-453
-336
-225
-129
-64
-13
35
98
192
294
381
435
492
519
521
535
558
600
626
608
620
612
585
573
538
527
517
506
481
441
385
334
285
258
227
177
152
129
135
120
88
46
-10
-36
-54
-28
-2
8
21
1
-17
-23
-5
40
107
151
201
227
226
216
201
224
265
294
300
249
173
94
44
30
17
6
-29
-84
-177
-234
-267
-268
-284
-280
-254
-254
-260
-316
-326
-317
-271
-202
-149
-82
-73
-90
-95
-81
-30
53
124
182
204
168
123
123
151
191
248
279
252
184
108
79
86
82
86
55
12
-86
-168
-232
-248
-276
-306
-315
-354
-365
-410
-421
-422
-413
-404
-394
-398
-386
-408
-395
-344
-299
-249
-229
-214
-208
-179
-131
-74
-30
21
61
98
140
160
213
264
285
306
301
311
302
273
267
257
231
206
170
137
83
43
13
-10
-26
-35
-68
-89
-97
-107
-94
-89
-79
-63
-39
-15
-7
15
45
56
95
137
165
200
211
206
194
204
242
255
270
290
299
290
270
224
193
176
154
146
126
109
62
6
-48
-80
-73
-85
-114
-134
-160
-197
-221
-240
-223
-209
-196
-176
-176
-176
-171
-132
-90
-37
28
25
-13
-11
32
100
179
215
204
167
142
140
166
218
242
238
203
167
145
140
131
126
128
87
29
7
-18
-48
-82
-91
-119
-143
-165
-197
-237
-287
-309
-303
-281
-270
-270
-300
-301
-296
-266
-226
-202
-192
-184
-158
-154
-142
-133
-117
-92
-111
-119
-109
-110
-116
-126
-124
-86
-69
-68
-58
-61
-61
-53
-36
27
59
57
58
47
69
90
141
191
220
227
201
206
246
291
324
332
348
332
328
353
372
403
384
370
354
332
326
326
346
313
247
174
122
95
68
39
4
-70
-163
-230
-262
-270
-271
-303
-348
-386
-435
-459
-443
-408
-371
-366
-369
-354
-338
-288
-224
-151
-114
-94
-99
-64
-16
44
112
140
169
165
197
202
214
222
225
244
242
230
206
168
138
101
89
90
66
43
-22
-75
-124
-140
-137
-129
-120
-154
-191
-206
-197
-175
-150
-119
-120
-126
-103
-89
-65
-47
-27
-13
0
24
41
57
66
63
70
84
98
88
73
44
24
10
13
31
16
-4
-41
-52
-57
-60
-73
-62
-67
-79
-117
-140
-110
-83
-55
-52
-30
-34
-12
7
59
92
101
99
133
181
196
219
243
258
245
256
291
319
311
294
257
259
251
220
232
214
201
147
92
62
26
0
-13
-21
-36
-60
-101
-113
-122
-113
-101
-84
-95
-112
-116
-136
-115
-99
-67
-59
-57
-59
-81
-92
-93
-65
-63
-58
-78
-107
-152
-191
-203
-198
-171
-172
-197
-242
-273
-279
-276
-268
-255
-257
-265
-281
-298
-271
-232
-198
-179
-141
-113
-81
-63
-36
8
76
120
159
181
209
236
243
275
310
361
407
414
417
389
378
338
323
316
298
307
271
232
160
93
31
3
-18
-49
-79
-132
-143
-182
-215
-229
-257
-274
-285
-271
-268
-273
-283
-298
-278
-253
-233
-201
-171
-147
-141
-125
-82
-52
-20
24
70
96
95
105
130
173
209
240
267
262
229
229
242
258
288
278
264
234
232
222
211
218
180
170
149
122
86
87
81
78
75
71
61
53
34
13
14
9
18
-13
-21
-42
-59
-88
-101
-113
-129
-143
-161
-181
-213
-223
-243
-225
-234
-246
-273
-292
-306
-327
-323
-302
-290
-287
-294
-302
-297
-273
-242
-224
-205
-193
-180
-157
-136
-110
-60
-15
40
85
128
161
164
175
210
252
301
312
318
303
269
248
254
295
305
290
257
193
138
129
132
127
121
75
22
-24
-52
-66
-79
-66
-82
-122
-165
-187
-183
-191
-182
-167
-156
-162
-183
-182
-165
-144
-105
-75
-42
-41
-32
-6
22
56
89
132
146
159
160
155
188
212
242
243
247
244
225
220
197
190
183
173
153
146
121
112
95
81
73
59
75
61
55
43
32
27
9
16
24
19
10
-12
-28
-39
-61
-62
-82
-98
-111
-130
-129
-145
-135
-150
-182
-187
-201
-201
-208
-210
-221
-222
-216
-220
-211
-203
-188
-182
-164
-161
-151
-141
-122
-105
-87
-77
-70
-65
-54
-22
-15
19
18
18
10
3
30
45
48
50
36
30
19
37
59
59
69
62
72
69
69
84
88
94
87
86
92
92
70
60
49
39
47
53
72
75
60
45
43
53
61
71
94
81
70
49
55
62
78
84
85
81
40
39
43
53
77
78
65
39
18
14
36
47
50
34
18
3
-9
-15
-25
-7
-7
-19
-32
-41
-52
-70
-83
-77
-68
-67
-69
-75
-85
-93
-97
-81
-65
-56
-50
-65
-58
-54
-38
-4
24
33
33
26
16
28
42
86
90
104
86
74
89
100
128
137
127
110
79
73
57
48
31
15
-12
-48
-70
-93
-115
-138
-180
-197
-213
-228
-237
-257
-261
-263
-268
-249
-226
-205
-205
-213
-176
-152
-117
-90
-67
-45
-18
-15
19
47
73
92
92
108
127
130
155
179
164
152
127
134
140
142
152
129
104
81
80
85
96
94
78
53
45
46
42
35
57
73
79
71
50
52
62
82
99
114
116
107
105
100
93
100
105
121
121
97
61
20
-7
-18
-15
-28
-57
-90
-132
-157
-168
-180
-180
-183
-185
-192
-199
-183
-174
-150
-133
-105
-84
-58
-32
-24
1
17
52
65
97
106
123
141
162
177
172
171
159
160
149
165
131
104
74
47
18
-16
-26
-58
-98
-142
-173
-177
-187
-203
-204
-214
-219
-236
-223
-213
-218
-209
-188
-168
-142
-121
-116
-99
-91
-52
-22
11
40
49
57
60
77
83
100
108
127
109
100
91
79
71
46
61
62
58
44
32
45
40
48
47
58
67
55
57
62
76
100
105
122
128
132
137
139
138
145
156
160
156
142
143
135
130
110
86
59
20
-3
-21
-44
-71
-93
-122
-145
-140
-147
-160
-169
-175
-166
-168
-181
-163
-140
-129
-104
-98
-85
-67
-61
-34
-5
29
48
55
69
62
75
93
105
110
102
94
68
55
47
40
18
3
-21
-26
-55
-83
-99
-120
-123
-140
-140
-149
-143
-146
-151
-152
-138
-123
-117
-115
-104
-75
-62
-37
-28
-13
9
30
56
66
93
126
128
131
128
115
122
125
143
144
128
105
68
59
57
51
60
47
24
0
-14
-16
-13
-11
-26
-37
-41
-52
-56
-59
-55
-43
-41
-29
-33
-32
-35
-21
-10
6
10
20
30
27
17
11
28
43
61
54
43
51
44
34
36
47
56
54
50
37
19
39
36
47
51
65
52
38
54
60
62
72
79
76
71
55
54
45
32
28
17
7
-5
-24
-38
-44
-54
-71
-84
-87
-105
-112
-124
-135
-137
-155
-146
-151
-146
-150
-149
-134
-122
-113
-102
-105
-90
-79
-64
-26
-18
1
-2
18
28
35
37
28
24
19
24
42
52
46
53
48
48
43
42
35
37
36
30
32
24
22
7
19
10
10
21
18
23
35
40
58
65
59
61
58
79
84
84
72
56
55
35
20
12
0
-8
-13
-25
-33
-48
-49
-62
-72
-67
-65
-62
-62
-80
-88
-88
-86
-70
-52
-42
-33
-9
-5
12
27
48
65
91
126
135
141
149
157
166
173
198
193
187
174
149
137
118
116
102
79
53
36
12
-25
-51
-65
-75
-79
-106
-133
-143
-158
-151
-169
-161
-154
-159
-162
-173
-158
-142
-126
-105
-81
-63
-81
-74
-56
-32
-4
11
16
10
10
2
3
-7
13
31
32
30
-7
-18
-24
-27
-30
-26
-30
-53
-77
-94
-111
-110
-104
-92
-84
-86
-96
-98
-96
-67
-37
-20
-6
13
11
23
51
76
109
116
121
113
115
129
143
152
153
137
132
121
106
99
88
80
70
59
55
35
13
12
-1
-9
-9
-9
-4
-15
-12
-2
9
30
51
66
82
78
85
88
118
126
126
128
121
103
105
107
109
104
83
67
44
20
-1
-6
-17
-36
-65
-100
-119
-137
-162
-173
-177
-186
-212
-224
-214
-213
-195
-183
-176
-164
-147
-131
-115
-88
-75
-46
-39
-24
-3
24
45
57
71
86
108
118
140
138
148
141
126
118
110
104
93
87
52
38
12
1
-23
-56
-57
-75
-87
-106
-117
-144
-153
-154
-155
-144
-135
-131
-145
-143
-147
-137
-111
-91
-72
-64
-54
-50
-44
-19
9
27
51
60
67
79
81
89
80
109
112
111
119
100
102
99
109
115
108
108
117
115
115
107
105
114
117
121
125
128
116
113
112
118
121
111
101
85
69
46
34
30
22
19
18
-8
-29
-32
-34
-27
-49
-58
-66
-82
-80
-91
-106
-107
-113
-117
-114
-117
-122
-137
-127
-108
-109
-102
-100
-83
-67
-74
-65
-48
-26
-3
2
18
34
36
40
49
55
57
74
78
69
72
63
59
57
56
49
40
15
8
-7
-24
-13
-21
-48
-56
-69
-78
-87
-101
-99
-111
-120
-134
-138
-143
-151
-141
-129
-109
-109
-124
-119
-117
-111
-95
-88
-71
-66
-73
-55
-39
-15
4
20
35
44
44
57
64
84
109
116
126
146
149
144
168
168
170
170
161
167
156
154
141
137
128
116
121
110
100
93
73
70
65
50
38
39
31
12
14
16
1
-10
10
-2
-4
-14
-6
3
15
44
23
22
27
33
43
28
32
28
12
1
-17
-4
-22
-28
-47
-56
-67
-83
-75
-84
-97
-120
-137
-142
-138
-130
-132
-126
-136
-130
-118
-109
-96
-90
-87
-82
-79
-77
-52
-46
-33
-18
-9
-3
8
14
22
42
38
42
43
52
49
36
31
17
17
13
3
-6
-22
-29
-47
-54
-56
-58
-72
-72
-80
-90
-77
-75
-63
-56
-52
-53
-48
-39
-26
-11
-5
1
18
23
35
42
60
86
93
91
97
96
108
114
123
127
124
114
98
108
85
88
86
76
62
34
14
1
-1
1
-1
-5
-2
-8
-17
-4
5
7
10
25
28
36
43
40
50
63
73
83
84
89
87
89
88
92
87
87
97
97
69
61
55
31
19
15
10
-14
-22
-53
-64
-78
-90
-93
-109
-117
-140
-138
-144
-146
-142
-145
-135
-134
-134
-122
-118
-110
-95
-90
-72
-67
-53
-38
-45
-28
-30
-19
-13
-13
-2
6
15
11
6
4
2
-1
5
-2
-6
-6
-15
-20
-35
-23
-27
-33
-31
-44
-48
-51
-41
-43
-45
-37
-31
-21
-22
-14
-8
3
15
28
36
47
61
62
70
68
73
67
69
78
81
75
63
51
52
64
68
50
43
41
33
28
16
20
35
31
28
24
19
14
7
24
22
34
35
26
39
33
42
57
64
81
80
71
89
77
83
86
83
99
98
90
72
67
62
53
53
38
35
20
4
-4
-15
-28
-35
-34
-53
-59
-70
-69
-79
-77
-71
-81
-83
-89
-83
-87
-82
-80
-81
-83
-88
-79
-81
-74
-72
-62
-64
-62
-76
-90
-85
-82
-71
-68
-78
-93
-87
-97
-95
-86
-94
-88
-86
-85
-99
-95
-91
-82
-72
-67
-55
-47
-45
-27
-10
-5
8
32
52
61
76
77
89
94
104
112
128
122
129
134
119
125
116
118
104
94
84
67
54
45
47
40
40
46
30
20
10
0
-10
-28
-30
-41
-51
-72
-79
-68
-51
-31
6
33
56
79
76
71
67
79
73
75
100
114
122
116
108
91
78
72
79
81
77
58
48
42
21
13
-8
-7
-23
-36
-44
-52
-43
-47
-32
-34
-40
-38
-46
-59
-56
-46
-29
-23
-28
-28
-37
-31
-23
-29
-29
-21
-16
-16
-18
-12
-30
-43
-57
-78
-95
-116
-127
-126
-127
-116
-115
-121
-117
-115
-124
-113
-113
-105
-97
-85
-79
-72
-65
-57
-50
-46
-34
-26
-10
5
26
42
58
58
61
56
62
70
86
86
79
88
88
86
73
67
62
65
62
61
56
54
45
34
32
30
31
28
27
16
22
26
23
31
32
32
30
36
33
37
27
33
45
38
55
57
53
61
57
61
59
42
43
36
23
15
10
7
-2
4
7
-3
-12
-30
-60
-64
-79
-80
-67
-55
-48
-53
-56
-68
-79
-70
-53
-5
46
125
191
217
212
152
65
-42
-135
-195
-216
-197
-144
-83
-28
23
37
22
5
-28
-32
-34
-21
-5
14
25
20
18
-10
-6
-44
-59
-63
-77
-57
-56
-36
-29
-34
-37
-40
-38
-35
-41
-34
-36
-34
-57
-72
-82
-81
-66
-46
-24
-20
-24
-51
-58
-61
-74
-87
-59
-21
51
119
157
169
125
78
18
-27
-40
-24
2
31
55
71
74
60
39
12
9
20
34
73
100
123
132
124
121
107
95
83
82
88
98
113
115
124
112
99
93
83
69
62
54
38
33
16
0
-12
-44
-56
-58
-63
-64
-65
-72
-94
-109
-105
-97
-105
-108
-111
-99
-71
-56
-42
-28
-24
-38
-41
-42
-47
-51
-54
-44
-42
-27
-16
-16
-15
-2
-2
8
10
11
31
24
31
21
14
2
-1
18
24
35
24
16
-3
-28
-43
-47
-60
-69
-89
-77
-60
-4
53
118
185
195
195
137
52
-35
-118
-186
-218
-208
-177
-126
-85
-63
-78
-101
-101
-111
-102
-77
-44
-19
13
31
31
37
23
29
24
23
34
31
65
62
67
75
68
78
86
79
87
80
83
79
78
83
86
83
93
95
91
81
57
48
23
7
-1
-4
7
-7
3
12
17
35
48
61
66
70
49
21
0
15
4
2
5
-9
-1
-17
-38
-56
-70
-49
-61
-52
-55
-61
-65
-88
-95
-112
-104
-108
-75
-55
-19
4
9
12
-8
-5
-27
-33
-47
-53
-34
-26
-10
10
-8
-6
-56
-65
-70
-73
-26
-26
21
39
45
55
37
22
-3
-16
-18
-17
9
31
37
37
35
11
21
35
3
5
-16
-11
-13
-4
12
7
-14
-23
-32
-30
-19
-24
-37
-46
-36
-57
-62
-28
-26
-2
-2
6
20
-2
9
4
2
7
7
28
50
62
91
82
84
66
36
37
37
56
59
60
90
67
78
58
42
53
19
35
46
34
77
72
67
51
16
-17
-38
-11
16
40
62
69
32
9
-23
-29
-30
-21
-17
-16
-28
-24
-30
-33
-32
-12
-16
-7
-4
-29
-27
-58
-59
-53
-64
-24
-3
-34
-21
-40
-54
-48
-70
-54
-55
-83
-42
-81
-55
-4
-39
16
-17
-51
-31
-77
-72
-42
-37
11
19
9
30
21
41
1
-14
-23
-18
0
2
29
31
52
27
-9
-15
-49
-29
-17
-6
33
30
58
26
-11
22
-6
-14
-2
-23
-26
-14
-8
-16
-26
-34
-13
-12
41
58
46
68
-4
1
-10
26
42
64
36
23
0
50
30
41
61
2
4
-19
18
5
39
38
6
-1
24
-8
1
15
9
-9
54
17
69
55
61
47
39
18
28
34
-26
58
-3
56
76
28
76
30
12
22
-2
2
22
21
45
29
25
25
-37
-64
-27
-62
-22
-82
-59
-83
-63
-48
-86
-85
-103
-81
-146
-67
-127
-62
-103
-96
-113
-124
-57
-23
-5
-12
-10
-42
-48
-4
-30
50
-6
22
-47
-23
-20
-43
20
-23
26
3
37
21
26
56
-2
53
-3
29
2
14
44
33
43
-7
86
-24
63
7
34
18
65
8
22
73
-1
57
41
48
81
49
72
59
82
19
37
-56
3
-45
11
8
12
14
-13
-16
21
-42
26
21
-45
1
-35
-9
15
22
-31
-1
-93
-22
-55
-5
-43
-31
-10
-32
12
-4
39
44
15
17
61
47
71
80
74
101
65
76
47
-17
20
-25
8
-9
47
9
-10
7
-89
-2
-69
45
-35
3
-30
-27
-73
-52
-15
-103
4
-115
-29
-65
-20
24
-87
-34
-114
-38
-100
-8
-33
-20
42
7
42
-29
79
-68
2
-14
5
26
34
90
-14
35
2
-30
-45
-13
-37
-10
53
11
3
15
0
-45
8
-14
-11
50
22
37
25
-22
8
9
12
12
14
26
23
-2
-14
-32
5
25
61
37
45
7
-41
33
34
48
48
12
-46
-36
5
6
38
19
4
-60
-61
-91
-23
1
33
32
73
18
37
18
-1
34
-6
25
8
36
45
135
49
34
34
-59
-19
22
-14
27
32
34
2
29
-59
-16
-84
-69
-70
-38
27
-11
-7
-72
-73
-83
-41
-21
-37
14
4
-44
-94
-73
-113
-22
0
-20
50
15
35
-74
-80
-14
-30
35
5
58
-8
84
6
-21
49
-20
58
-36
32
16
65
38
14
9
-102
21
-80
6
-15
13
-10
15
-16
-6
55
17
67
39
-12
-24
-48
-55
-18
-19
-42
16
-67
-46
-11
-13
23
-18
11
-47
84
-46
79
38
0
28
-36
-35
-23
-26
53
70
62
61
88
48
43
32
21
25
1
68
31
83
61
78
12
0
52
17
8
81
13
114
62
56
2
-99
-100
-93
-117
-87
-25
6
-1
84
10
-18
-57
-54
-43
11
22
39
-6
-23
-62
-70
-145
-54
-91
-142
4
-21
46
37
129
-21
22
-45
-60
-11
1
59
109
52
40
26
-57
-22
-28
7
31
5
36
23
-47
7
-13
16
-19
24
-14
-8
0
20
12
-28
-34
-96
-61
-58
-20
-83
-15
0
-58
-10
-18
-4
-64
-19
-24
-32
32
45
50
37
28
13
-16
-35
29
-58
0
95
107
65
82
-22
-10
34
-22
68
7
74
32
37
32
59
25
-60
70
-54
47
57
18
35
13
33
-102
2
9
6
35
18
38
-12
-1
-18
43
-3
52
18
-28
38
-8
43
35
-22
-27
-35
-58
68
22
43
17
43
-51
-59
-14
-14
73
1
34
-71
-27
-33
-69
-41
-30
-40
-90
-17
-46
-22
-9
1
-38
-66
-28
-46
7
13
-37
2
-67
-44
29
-6
50
34
-33
10
-51
-2
-36
-55
-6
-25
-36
-67
4
-53
-2
-73
-30
-57
-49
19
12
59
-52
1
-110
-24
4
-22
62
6
93
-61
-22
-9
-27
-2
78
76
73
132
69
30
29
4
70
-45
81
16
40
48
26
73
-34
38
4
13
-14
-22
0
46
6
18
88
12
24
-27
-15
-35
-11
47
-7
79
63
13
10
-15
15
-28
17
60
65
46
64
72
24
31
51
21
-22
89
-10
10
60
27
-35
33
-92
-106
-93
-67
-52
-75
-45
-61
-45
-45
-2
-73
-54
-20
-4
15
-42
42
-45
21
-14
-83
-15
-86
25
-38
19
3
-12
30
-29
52
-48
32
-34
-31
-24
-53
3
5
-42
-39
-20
-58
3
-48
-28
-28
-45
-52
5
-74
3
-15
-68
52
-74
-12
41
-12
127
10
121
10
78
21
27
45
-22
79
-7
133
71
37
50
7
42
-90
88
-16
17
116
-10
74
-104
58
-70
37
27
26
91
-28
55
-37
58
45
16
54
8
18
2
-19
-4
31
5
-22
30
29
-5
49
-26
6
-48
51
-6
-1
36
-24
-15
-61
-19
-65
6
-11
-88
-41
1
-16
35
-68
-29
-100
-56
-25
-15
43
-3
82
-57
-51
-59
-62
-73
-23
-40
29
-6
25
-57
17
-51
-60
-59
-34
32
-42
100
-39
131
-9
15
-18
-42
45
-19
107
-19
19
-45
-44
-63
-38
31
-15
-9
-46
15
-32
26
63
-66
27
23
-29
72
20
38
4
46
-24
57
2
37
-7
-23
-18
-46
-8
-40
71
-26
1
-18
1
-50
45
21
99
31
55
-18
-20
7
28
40
44
17
39
-28
4
48
-1
74
-25
35
-7
66
46
56
46
-8
39
-30
40
3
44
21
-32
11
-65
-17
-19
-20
32
-44
12
-10
8
-22
-27
12
-81
-6
-69
-4
-40
-16
-86
-34
14
-39
46
-6
81
-30
-22
25
-13
36
-40
4
-52
-44
-20
-39
-40
7
-48
3
31
-33
21
-22
9
-52
-23
-13
-14
-26
-59
12
-18
2
40
21
23
-44
-4
-42
73
2
35
48
-32
78
10
60
-4
-14
-13
-29
44
-33
38
12
-35
-4
-50
-2
-87
-22
-36
-27
-15
-4
-34
-13
56
-25
48
54
-19
40
16
49
29
18
44
-46
17
5
48
43
40
48
16
17
68
-11
30
14
-27
36
5
49
0
39
-19
-5
-35
-13
27
-4
86
-15
3
6
8
-6
23
19
-55
19
-22
10
45
-12
13
4
-19
54
-9
24
30
6
10
53
-17
3
32
-43
-41
-52
-17
-71
5
-58
9
-24
-54
18
-28
-16
4
-31
-43
15
-89
-36
-24
-31
-7
-20
-18
-31
-33
-58
2
-7
-10
73
-24
-21
9
-3
5
60
-3
27
61
2
109
-14
-14
-5
-44
-40
-58
-32
-105
1
-61
-24
-48
-18
-38
-11
-23
-38
77
-39
69
-16
-16
29
-57
43
-31
27
59
53
36
25
9
-3
-30
-46
9
-9
94
-55
46
5
-13
38
-45
77
12
9
68
82
16
94
-4
-15
-13
2
73
-5
1
6
18
62
30
47
55
1
75
12
34
32
-3
42
-41
-27
17
-64
32
-22
-37
-5
-47
20
16
9
-14
-21
-55
2
-33
37
-68
-4
-13
-58
55
-57
26
-22
-23
50
-10
9
24
-30
14
-77
-54
-32
-41
-2
-80
-6
1
-60
8
-20
-17
-35
-59
-9
31
-26
44
-15
-53
-52
-42
-21
-9
43
-29
14
-8
-15
15
-17
32
33
6
25
63
-21
17
4
-22
-10
-2
9
53
41
2
24
7
-10
11
-19
-33
55
-55
24
44
-27
18
11
5
29
35
48
37
51
1
8
14
-79
20
-3
-8
79
-60
20
-17
-34
9
46
25
67
32
-27
49
-36
3
-30
-37
13
-12
18
34
74
9
52
50
-49
82
-6
11
53
-2
18
50
-16
-37
18
-64
-16
25
15
95
47
42
18
0
-42
-16
-39
11
51
-16
4
3
-54
-43
-8
-40
-38
-19
-35
-32
-31
-60
-12
-57
-44
-36
-53
-14
-16
5
-82
1
-94
-31
6
-19
70
-62
-27
-66
-73
-27
-26
-45
-23
28
-53
-19
9
-36
40
-48
28
-56
35
32
13
84
-5
59
-99
0
-37
1
39
-2
90
-19
47
-27
-2
0
4
53
4
72
27
47
57
-29
40
-46
57
15
58
25
9
33
-45
46
14
32
18
5
-32
-27
-15
15
49
34
67
73
7
8
-24
9
48
12
63
4
27
-27
1
-7
12
26
-12
16
10
33
8
45
-11
11
-53
-19
-34
-52
-49
-26
-5
-32
-11
-54
-39
-36
-33
1
7
60
-3
26
-6
-26
-26
-21
-18
-59
8
-5
-15
-56
-39
7
-26
-10
-35
-10
-2
-64
-16
-37
26
22
-3
-9
-12
-37
-6
8
-20
32
4
27
-15
32
5
21
5
-22
-20
-47
9
43
1
18
26
-53
-3
-38
-3
-12
2
26
-11
-17
23
-29
3
23
-23
3
20
42
-20
70
3
1
44
25
32
17
48
15
43
-17
47
12
3
63
3
45
44
10
37
20
12
3
57
-21
9
17
-52
33
-45
15
-22
30
15
68
23
-17
64
-47
-15
16
-6
-7
9
-36
-30
-23
7
-8
18
-14
-5
-5
23
23
-14
-3
-5
-30
-26
13
-31
-18
-23
-50
15
-35
-69
35
-20
34
20
-25
-41
-38
-71
-29
8
-19
11
-30
-19
-1
-64
-42
-15
-38
-12
21
11
-31
10
-38
-36
1
-37
28
-13
-13
-14
9
13
2
38
-28
31
-25
-34
26
-4
-4
-5
-14
9
15
-15
30
17
-29
22
-4
58
18
24
38
18
44
-2
42
-27
5
19
20
40
77
19
24
25
-3
20
32
37
36
-14
20
4
-41
42
-25
-1
-31
32
-21
30
23
-26
11
-11
-12
-9
2
-34
25
-7
-4
-5
6
23
-13
-23
33
-35
-16
-9
-18
24
9
42
-24
10
-8
-32
-4
-27
-4
-20
26
-4
-15
-5
-10
-18
-29
-5
-29
-19
-6
-43
-5
-36
9
-7
-9
-4
-25
-1
-48
-14
-28
25
3
22
-4
-7
-4
7
-8
3
52
8
9
33
17
10
25
14
-11
-34
-10
-48
-13
12
15
-2
5
-4
-38
-12
-23
-15
3
9
15
-5
3
-9
-18
-7
-37
24
-8
-21
4
16
12
5
17
-44
-15
-29
-35
-11
-2
17
11
43
15
31
26
8
28
-7
22
12
18
18
15
17
19
40
4
35
50
-8
27
24
24
38
67
26
5
2
-36
18
-18
41
15
27
13
5
39
-6
50
-11
20
-2
0
22
-17
-12
-12
-21
14
-5
32
-15
21
-20
-3
-8
-33
44
-46
4
-22
-4
-79
-49
-63
-56
-37
-26
-2
-21
-10
-3
-20
-18
-6
-11
-14
-15
-10
-34
19
-34
-7
-10
-11
-13
-26
17
-16
17
-21
-9
-8
-9
-18
2
-30
0
-2
-14
-13
-20
4
-8
37
6
31
-1
-10
-23
-11
-25
3
-7
3
48
23
48
4
11
-12
-21
26
41
54
51
5
10
-31
-13
8
-8
13
-5
-6
-6
12
-10
32
-42
0
-12
14
45
17
20
12
19
24
5
0
15
17
-5
4
38
4
15
40
5
13
24
-14
12
-12
-26
5
-1
15
41
19
16
17
6
9
14
15
20
-11
9
-17
21
-24
-8
-1
-41
29
-19
1
-2
-3
-2
-7
6
-34
-2
-47
-16
-20
-33
-11
-30
-30
-50
-12
-28
-16
-18
-68
-31
-66
-23
-45
-40
-18
-13
-13
-39
5
-15
6
13
4
9
1
47
-3
8
24
-15
6
-7
24
-1
16
21
2
6
-25
-16
10
16
37
23
13
19
-7
2
0
8
-6
10
2
2
28
13
5
9
-6
2
15
18
23
13
21
29
-5
6
-5
5
-30
-20
19
3
1
-10
18
-3
-8
-1
7
2
5
4
12
33
24
19
17
17
17
18
15
0
43
15
50
48
11
20
17
24
0
25
2
28
-9
-8
-13
-20
-31
-18
-23
-24
27
-22
3
-13
-48
-22
-56
-36
-25
-10
-16
-57
-54
-47
-3
-50
-10
-7
-25
7
-19
-16
-18
17
-15
-2
-15
-1
-18
-11
25
-11
-4
-2
4
-16
0
25
-14
15
13
10
23
-8
31
-11
31
20
31
-2
4
7
-11
-5
-10
8
28
34
-2
17
3
-1
9
-5
21
22
-1
15
11
8
19
8
2
4
-1
-5
3
-4
15
-15
-7
23
-2
15
3
-1
-2
2
4
8
2
-7
0
16
-8
-16
3
-3
10
16
1
35
32
1
27
-3
-4
-3
-10
36
3
32
25
-5
2
3
9
2
5
7
15
17
7
-16
-22
-37
-46
-18
-30
-20
-25
-32
4
-10
-5
-12
-23
-12
-15
-22
-4
-10
-35
-28
-25
-28
-18
-1
-26
-20
8
-30
8
-35
-22
-12
-17
-12
-7
-24
-17
-13
-34
9
-9
5
8
23
0
14
3
8
-3
9
17
16
9
1
18
7
17
46
7
23
20
5
38
8
6
8
2
-23
-9
-7
0
2
-4
1
-10
17
6
7
-1
-11
-2
-27
34
0
8
12
-28
9
-31
0
-13
13
29
24
48
27
39
17
9
17
13
6
2
27
26
29
-13
-1
-28
-18
-3
-26
2
-10
4
11
2
8
15
-1
22
7
25
22
13
12
4
-15
4
-20
2
0
18
13
-23
2
-17
-11
-37
-33
-21
13
-5
5
-10
-26
-23
-39
-12
-29
7
2
11
23
-19
-2
-23
-29
-13
-8
12
-19
-6
-3
-20
-9
-21
-2
-3
4
-7
12
3
32
24
4
39
-12
-1
-29
-27
-15
-25
-2
-21
-6
7
-16
4
7
18
23
23
22
22
23
-2
-7
-10
0
-9
-20
-18
-8
2
-20
5
12
10
22
14
3
-7
-15
-5
10
-13
15
-2
9
4
-9
-5
6
12
-16
7
10
14
15
8
5
5
10
16
8
15
21
34
38
20
25
19
20
6
-2
-2
-8
-17
-26
6
1
17
-12
-1
-5
9
26
24
38
27
28
18
-7
2
2
-14
-23
-3
-1
10
20
-5
19
-5
1
-4
-19
-4
-8
-22
-7
-17
-27
-40
-35
-17
-27
-23
-15
-10
-17
-25
-18
-24
-23
-18
-31
-14
-21
-21
-21
-24
-40
-21
-9
0
-4
-15
-5
-35
-4
3
1
-4
-18
-21
-24
-14
-5
5
0
3
-2
17
14
-2
21
-3
10
6
2
22
-6
-1
-3
15
0
-1
14
14
26
0
13
21
15
14
24
27
33
35
23
32
8
24
23
27
22
14
39
0
10
-9
-20
-4
-13
-2
-5
25
-3
18
20
-2
20
-24
7
-18
-9
8
20
14
-9
3
5
-1
6
-2
-5
12
0
12
31
19
40
18
1
10
-22
-4
-2
-7
-7
1
9
-2
2
-11
-28
-25
-32
-4
-1
-7
-29
-17
-18
-23
-26
-28
-27
-36
-8
-8
-27
3
8
5
-4
-9
-9
-14
9
-6
5
24
-16
-16
-20
-9
-14
-8
7
-5
-10
-9
6
-7
13
-14
-1
4
-20
21
-3
11
-11
-13
11
-9
14
-16
-5
-23
-6
-19
-3
9
-2
-5
5
3
-7
20
28
12
24
23
40
33
21
15
5
11
-10
-2
1
-5
-6
3
5
-6
-1
13
16
10
18
13
19
27
20
27
19
24
14
6
6
5
-6
11
14
-14
17
8
4
19
-1
-8
-21
-3
0
3
9
9
3
-15
-2
-14
-12
2
-6
-7
-15
-4
-24
-5
-16
-36
-19
-18
8
2
5
3
-6
5
9
3
11
0
-10
-5
-17
-20
-19
-18
-17
-37
1
-3
5
-1
-25
11
-19
-18
-2
-11
-13
-17
2
-20
-7
-24
-23
-4
2
1
9
12
-8
-1
-4
-9
11
0
19
5
10
12
1
14
-22
-2
-9
-5
21
10
15
4
-1
14
7
13
8
10
18
9
26
15
13
10
13
-1
-3
2
3
-6
-4
4
-4
-8
-14
-4
-17
1
10
-16
-1
-7
4
2
-17
6
2
14
1
2
6
-14
-2
-15
-14
-5
-2
11
14
15
10
2
7
8
-3
15
20
29
3
-1
1
-12
-9
4
3
14
7
20
6
2
21
6
0
6
-2
-2
-5
-14
-10
-14
-20
-14
-19
-7
-10
-12
-2
7
8
6
11
3
-16
-10
-5
-15
5
3
14
16
-2
-3
6
-6
-6
-4
-2
12
11
8
6
12
-11
-5
-13
-15
-9
-28
-29
-11
-5
-15
6
-19
-27
-12
-19
-11
-6
2
7
8
11
7
7
6
8
-3
13
8
-1
5
7
3
6
2
-5
4
-4
0
16
21
4
20
3
9
10
-8
3
4
10
4
-8
7
3
-4
-4
3
-3
4
13
10
2
14
2
5
9
7
20
14
-4
-3
-8
-1
0
-10
-10
-4
-17
-6
-10
-9
-11
-3
-3
-8
10
-1
20
3
-1
7
7
20
-3
2
2
-8
-12
-3
5
-16
-9
3
-10
-9
-2
-8
-4
-1
-1
-16
-10
-11
-5
17
10
25
-2
-6
6
-8
9
8
12
15
6
11
-11
-3
-7
-5
-5
6
15
-2
14
-8
-11
-5
-2
11
0
6
-4
-2
-16
-13
-2
-16
7
1
5
3
2
-3
-3
-9
-4
-2
2
3
-1
7
-6
-11
-14
-5
-5
-7
-11
6
13
11
2
-9
-14
-8
-17
-3
-9
2
9
-6
-7
-13
-17
0
17
21
24
19
7
4
-2
-8
-5
-15
-6
14
8
17
23
12
21
7
-4
3
2
-7
-6
5
3
-4
-9
-16
-9
-17
-10
-6
-1
-3
-6
-5
5
-4
-6
-9
-12
-23
-18
-8
-12
6
-7
-4
-23
-16
-17
-5
-10
-12
-3
-6
7
6
15
16
26
13
28
30
32
35
18
14
17
10
6
4
-1
7
4
1
-4
2
13
12
8
9
-1
2
-4
14
4
-6
3
-18
-5
-9
0
2
2
-6
-8
3
-4
9
7
2
0
7
8
12
8
2
-7
-27
-22
-15
-10
-9
-11
-13
-13
-3
-4
-11
-6
-11
-14
1
5
11
11
17
8
3
5
18
-2
6
10
1
1
6
-7
5
11
-12
0
-9
-10
0
1
9
13
13
5
3
-3
1
2
-2
6
-2
4
8
25
11
3
-6
-6
1
-1
12
7
-3
-7
-6
-1
-7
-17
-3
-8
-5
-6
-3
-6
-12
-15
-22
-15
-27
-10
-17
-8
-7
-2
-5
-16
-6
-9
4
-7
-7
-8
-5
-10
0
1
-8
-8
-10
-3
-15
-3
7
16
14
0
-7
4
8
1
8
11
10
6
8
13
14
19
28
12
25
20
8
23
6
12
18
16
1
-1
7
2
6
6
14
9
12
13
6
11
12
4
5
11
5
3
0
7
-6
-13
-19
-13
-14
-13
-18
-21
-17
-21
-15
-15
-14
-17
0
-10
-7
-1
1
-1
-2
0
11
20
10
4
0
-13
-8
-9
-11
-18
-8
3
0
-14
-18
-14
-14
-6
-1
-12
-10
5
-11
-11
-18
-3
-11
-1
-5
-5
-12
-13
-11
-20
-1
-5
-4
4
3
2
0
-9
-8
-15
4
3
-6
17
8
0
-4
1
-6
3
6
5
14
14
8
17
26
9
15
2
18
16
16
21
20
15
2
4
10
10
12
19
17
17
18
21
13
10
0
5
9
8
8
4
10
-1
2
6
-5
3
2
10
13
5
7
3
-11
-9
-1
2
1
-4
4
-10
-18
-10
-12
-20
-8
-20
-6
-5
-15
-8
-10
0
-12
-3
1
3
4
8
4
0
0
3
-4
7
2
-7
-7
-1
0
-11
-9
-16
-10
-10
-7
-4
-10
-12
-16
-13
-13
-9
-8
1
-5
6
0
1
-7
-12
0
-5
8
-5
-2
-9
0
0
4
-3
-3
15
-2
4
6
7
13
5
-4
2
-4
7
-4
3
5
2
18
7
2
0
8
3
-2
5
-1
-1
-1
-6
13
9
7
6
-4
7
8
8
1
6
3
5
12
4
-1
-1
3
1
-3
-7
-5
-6
-11
0
0
1
5
-8
4
3
5
2
-9
-6
-1
-5
4
4
-6
-2
-3
7
-6
-5
4
2
5
2
3
2
1
-3
-4
-4
1
-3
3
-1
-11
7
-5
-1
-3
-10
-2
-3
-5
2
-9
-10
-2
4
5
-10
3
0
8
0
-2
3
3
1
-6
-4
-11
-7
-2
2
-8
-11
3
-9
5
4
-2
1
10
5
4
3
-7
2
-6
-6
-9
-17
-6
-10
-5
-14
-10
-10
-9
-13
-9
-8
-4
1
1
4
-5
-1
13
4
10
2
1
0
-3
0
-2
7
5
6
8
-4
-1
-3
1
17
2
5
8
0
7
10
2
5
-1
7
5
9
5
13
15
11
18
10
15
3
14
23
12
11
17
13
-2
3
4
4
18
14
17
3
4
-3
-8
1
-5
6
-3
6
-2
-2
-7
-14
-7
-6
-8
-5
-3
1
0
2
8
4
3
5
6
2
-1
-8
-7
4
-2
-2
-1
-2
-7
-2
2
0
-4
-8
-8
-12
-7
-13
-14
-19
-25
-30
-26
-32
-21
-21
-19
-14
-22
-10
-14
-20
-18
-10
-6
-7
-6
-2
-8
-13
-5
-11
-3
4
1
2
2
5
-2
10
4
0
3
4
6
6
6
3
9
6
3
9
8
14
12
6
5
1
27
15
17
21
16
23
11
9
18
19
18
15
16
9
17
12
12
8
9
17
11
13
9
8
6
3
-2
10
-6
-6
-5
5
10
-4
7
0
3
7
8
7
10
3
7
14
8
1
2
-5
-2
-1
3
0
-3
2
-3
-9
-4
-5
-16
-6
-16
-6
-13
-10
-20
-15
-15
-13
-5
-23
-13
-22
-18
-18
-18
-21
-18
-16
-10
-14
-19
-18
-17
-13
-13
-16
-15
-11
-15
-13
-10
-10
-13
-14
-13
-7
-6
-7
-7
-3
-7
-4
-6
-4
-1
-5
3
6
1
-2
6
5
5
10
1
11
0
2
6
-1
15
5
7
10
12
13
9
12
10
15
14
17
15
13
17
12
12
17
8
9
20
13
15
13
12
18
4
14
10
14
22
9
20
7
12
10
10
11
4
5
10
11
15
3
-8
6
-6
-4
4
-2
3
-6
2
3
9
-3
1
4
-8
0
-9
4
-10
-9
-7
-6
-7
-16
-4
-7
-5
-13
-5
-12
-11
-11
-10
-8
-14
-10
-13
-13
-20
-11
-10
-14
-12
-13
-10
-11
-19
-10
-10
-3
-12
-10
-3
-9
2
4
-6
0
4
-3
9
2
3
-1
1
2
-1
-4
9
5
-5
3
-5
7
-6
0
3
1
4
3
10
6
7
7
3
8
4
7
5
16
15
11
1
12
6
-6
0
-6
6
2
-3
-5
-2
-6
6
-6
4
2
0
11
11
8
9
19
11
10
1
3
9
15
7
-3
3
-1
7
3
2
7
-6
0
-7
-3
-1
-2
-1
-5
-5
0
-1
4
1
-3
-5
-9
-5
-4
-2
-8
1
1
-2
0
4
1
4
9
5
3
-2
0
0
-4
-4
-2
-4
-1
-10
0
-3
-8
-11
1
-5
-15
-9
2
2
-4
-2
-12
0
-3
-8
-9
-10
-7
-13
-14
-15
-9
-11
-15
-16
-8
-11
-9
-11
-12
-7
-5
0
3
2
3
-1
0
-1
-1
-6
-8
-4
2
3
-1
2
6
7
5
2
0
10
5
0
7
7
5
9
4
4
-1
11
8
9
9
5
5
10
17
10
18
17
15
15
14
16
14
9
12
2
8
1
5
4
4
-2
-3
0
-6
0
1
-9
2
-1
4
3
0
8
2
5
4
10
1
3
2
2
-3
1
1
-6
-8
-10
-5
-12
-2
-5
-3
-4
-7
-6
-3
-3
-4
-9
0
0
-4
0
-7
-4
-5
-5
0
-10
-5
-7
-6
-3
1
-6
-6
4
-4
-5
-5
-3
-3
-3
1
-1
0
0
1
-8
-1
-5
-2
-5
-7
-2
4
0
4
-4
-8
-1
-5
1
2
0
-3
-4
-3
-5
-11
-10
-2
2
-5
-2
-5
-2
-2
6
5
6
8
5
9
4
11
5
4
-1
5
9
10
10
7
9
13
17
10
14
6
10
12
9
5
8
5
5
4
3
5
-1
-6
-12
-6
-4
6
0
0
-3
2
-1
0
8
2
8
2
11
-1
2
1
1
-9
-7
3
-5
2
5
-4
-3
-5
-6
-1
-5
2
-5
-4
-7
-4
5
1
1
-5
3
6
-9
-6
-10
-9
-5
-5
-9
0
-6
-5
-3
-8
-2
-6
-1
-3
-12
-9
1
-5
-3
1
-6
-5
-1
0
3
-1
2
2
2
1
-4
-5
1
-3
2
-6
-7
-3
-6
1
1
-3
-5
1
-7
0
-6
1
-2
0
3
-1
5
-1
1
-3
2
0
2
-1
1
4
2
5
3
1
4
2
0
0
-3
-3
-3
1
-2
-3
-7
0
2
2
2
2
6
8
10
17
7
11
2
0
9
8
3
2
3
4
7
-1
6
-4
6
4
-2
-2
-2
3
1
4
2
1
12
0
11
1
8
1
-2
4
-9
0
-1
0
5
5
-1
2
4
10
5
-2
2
-5
4
-10
-6
-5
-7
-7
-6
-9
-8
-10
-2
-4
-8
3
1
-4
-5
-1
-2
4
-1
4
-5
-2
0
-2
-4
-5
1
-3
2
-6
-10
-5
-7
-7
-4
-9
-11
-7
-7
-7
-1
1
-2
-2
-3
-3
2
-6
-4
-3
0
6
-1
4
-1
1
-4
0
1
2
1
-4
-2
4
6
3
2
-1
3
7
8
0
7
5
4
4
7
11
9
14
14
12
19
15
14
10
16
8
9
2
7
15
9
10
6
6
7
4
17
10
10
13
13
8
4
-1
2
3
-1
3
-7
2
3
0
-5
-8
-8
-3
-4
-4
-4
-7
-9
-9
-14
-10
-15
-8
-15
-16
-20
-14
-15
-13
-12
-15
-15
-16
-6
-6
-7
-7
-1
-8
-3
-3
4
2
-4
-2
-4
-2
-6
-5
-2
-10
-1
-9
-6
-7
-3
1
-3
0
-2
-2
-1
-4
-8
-4
-4
3
-1
-3
2
-5
2
1
-5
0
-3
2
5
8
4
0
2
5
2
8
3
8
5
0
1
6
8
2
5
7
0
6
8
-4
2
-2
2
4
3
4
5
5
2
1
2
0
4
8
2
6
5
8
7
8
9
3
6
11
13
13
2
4
3
-2
6
1
-3
-2
1
-1
-10
5
-3
1
4
-5
-4
-1
3
6
8
1
4
1
2
-3
-2
3
3
3
-1
4
2
-4
-1
1
-3
-4
-3
-5
-7
-6
-8
-4
-6
3
0
-5
-2
1
-1
-3
-2
0
0
-6
0
-5
-2
-6
0
-3
-8
-11
-8
-5
1
-2
-3
-7
-8
1
-3
3
-1
-7
0
0
-5
-8
-1
-4
-3
2
4
10
0
6
2
5
8
2
7
8
12
8
8
7
5
7
7
8
0
4
0
2
-1
-2
-1
-4
0
-5
1
-2
-7
-5
-5
-6
-2
-5
-3
-1
-7
-1
-4
-11
1
-3
-5
-2
-3
2
-1
0
1
2
0
1
2
-4
-1
3
0
-3
-1
0
-4
-2
-1
5
3
2
8
3
9
2
11
3
7
4
3
7
0
9
2
5
-2
9
0
-3
-2
-3
3
2
4
2
3
0
2
3
0
2
4
-2
0
-3
1
-5
2
4
-6
-3
5
9
-1
-6
-5
3
-5
-4
-6
-2
-5
-3
-3
-5
-4
-5
-2
-3
-4
-1
2
-2
-1
-1
2
3
1
2
1
-6
-1
3
5
1
4
4
0
-4
0
1
2
4
-3
-2
-4
0
-5
-5
-1
0
-5
-3
-2
-5
-4
-7
-1
-6
-3
-7
-1
-4
-6
-10
-10
-10
-9
-5
-6
-8
-7
-4
-3
-5
-12
2
-2
-3
-3
-7
1
3
-7
-2
-3
0
-2
1
0
-2
1
-5
5
8
4
11
13
8
14
12
10
14
9
9
7
1
12
4
9
5
10
12
5
15
8
11
7
3
5
7
9
5
9
13
4
1
0
-1
-1
-5
1
-1
8
-1
5
1
-4
-1
-8
-6
-3
-4
-7
-5
-11
-12
-10
-12
-12
-13
-7
-5
-7
-6
-5
-4
-1
3
5
5
-2
-4
-4
2
-4
1
3
7
2
-1
12
2
7
-5
-5
-1
2
2
0
4
7
10
4
8
1
2
4
3
9
0
3
3
-2
-5
-1
-4
-1
-2
-2
4
0
1
-5
2
-2
-4
7
-2
0
1
-2
-3
-7
-5
-3
-3
-4
-4
-1
-3
3
6
-1
2
3
1
-2
-3
-5
-3
-2
2
-1
-2
4
1
2
2
-5
-4
-7
-3
-1
-4
-1
-4
-4
-2
-2
-1
-1
3
-1
-1
-1
3
0
-6
-2
4
3
2
-1
2
2
3
6
1
9
4
8
9
2
-1
2
5
-2
1
6
2
1
-6
-3
-7
-2
-2
-6
-4
-1
-1
-3
-7
-4
-6
-3
2
-1
4
-1
4
2
4
9
6
6
4
12
6
4
9
6
6
0
3
5
2
2
-3
2
-1
-9
-7
-5
-2
-2
-6
-7
-7
-6
-7
-5
-7
-4
-9
-6
-4
-10
-7
1
-4
-5
-2
-4
-3
-9
0
-6
-4
-1
-6
-4
-7
-7
-2
-4
-2
-3
-9
-4
-8
-6
-5
-7
-10
-8
-1
4
3
-1
4
8
7
7
10
6
12
9
-3
-1
4
4
-1
3
3
0
0
-2
2
3
10
8
9
12
10
12
4
1
5
2
5
9
3
1
1
1
7
10
6
9
7
7
2
6
1
6
10
-1
5
-2
9
7
5
9
3
3
1
1
0
-4
-1
-3
-7
-1
0
-5
-14
-6
-9
-6
-4
-7
-9
-1
-8
-8
-8
-12
-11
-11
-1
-10
-6
-4
-4
-1
-3
5
3
4
5
-4
-1
-1
4
6
3
6
4
1
0
0
1
-1
0
3
4
1
6
5
-1
9
3
-5
4
-2
-3
-2
-3
2
3
4
-1
7
6
4
-1
-2
2
-2
6
-2
0
3
0
3
0
3
1
-7
2
3
-1
6
2
3
0
-5
0
1
1
2
4
1
1
2
6
4
4
5
-9
-1
2
-2
-6
4
2
2
-3
-4
5
0
3
5
-3
-4
-4
-9
-5
-1
0
0
-7
-9
-6
-2
-4
-6
-6
-2
0
2
0
-9
-2
-5
-6
-1
-4
-3
2
-1
1
-3
-4
-4
-7
0
0
-1
1
-4
-2
-5
-1
1
-7
-1
3
-4
-3
-1
-5
6
0
7
5
-3
7
3
6
5
-1
1
5
0
-3
3
1
2
2
6
9
4
2
2
-1
-7
1
-1
-1
-6
-5
-7
0
-1
-6
-3
-7
-3
-7
-3
-2
-9
-5
-8
-3
-1
-5
0
0
-1
-2
2
0
-3
-5
3
2
6
-2
-1
5
3
2
-1
6
6
2
-1
2
-2
0
4
3
5
5
8
8
10
1
9
12
7
11
2
8
12
0
7
7
5
6
4
5
1
3
0
0
2
0
1
6
0
-3
1
5
3
3
5
3
-4
-4
-2
-2
0
2
0
-5
2
-2
0
-2
3
0
-2
-1
-4
2
-2
6
-7
-4
-6
-6
-8
-15
-12
-15
-14
-9
-12
-17
-13
-10
-6
-10
-16
-1
-1
2
-7
-5
-1
-3
1
-6
2
-4
2
6
7
-2
4
9
6
5
5
1
-1
3
3
8
2
2
2
8
5
4
1
6
8
2
11
3
8
9
5
10
5
15
9
8
10
2
3
-2
7
5
2
0
-1
2
-2
6
1
-2
1
-4
3
5
-4
1
1
2
7
5
5
3
3
3
6
3
2
-2
-7
-6
-6
-7
-9
0
-6
-4
-7
-2
0
-4
-2
2
4
0
0
-5
-1
-6
-9
-8
-7
-6
-6
-16
-11
-9
-8
-3
-8
-3
-2
-2
-2
0
0
5
-3
1
0
1
1
-5
5
2
-3
-1
5
1
3
-3
5
6
5
9
3
4
-2
3
1
5
5
3
-2
-1
-1
-4
-4
-9
-2
-8
-10
-5
8
4
-2
1
-4
2
-4
-4
-2
0
1
-6
2
-2
-2
-1
-6
-2
-2
-3
-2
-2
3
2
5
8
1
6
3
1
5
1
5
0
4
2
-3
-1
1
-6
-3
4
5
1
4
4
12
8
-2
1
-2
4
-1
-4
-8
-7
-4
-3
2
1
0
0
-2
-9
2
-1
0
2
2
13
-2
6
-2
1
5
-2
-4
-9
0
1
3
0
-1
-2
-2
2
8
-1
2
5
6
5
10
8
14
10
10
11
0
7
-1
2
1
4
1
4
8
3
-3
-5
-3
-8
1
-9
-2
-7
-11
-6
-15
-10
-12
-7
-13
-5
-8
-9
-5
-10
-5
-12
-9
-10
-7
-5
-12
-5
-7
-10
-13
-9
-10
-8
-8
-2
-4
-5
-3
-3
0
0
-4
1
-3
1
-4
-1
1
4
1
5
3
7
11
14
16
11
15
10
15
10
8
11
15
10
7
12
13
16
10
14
13
7
16
12
13
9
11
14
11
11
15
14
14
9
5
5
6
5
5
4
2
6
2
1
-4
-6
-4
-6
-8
-7
-3
-1
-5
-6
-9
-10
-7
-5
0
-8
-6
-12
-11
-10
-9
-10
-14
-13
-10
-9
-6
0
-5
-1
4
0
-5
-8
-8
-11
-4
-5
-8
-7
-15
-3
-12
-5
-10
-1
-2
-4
2
-9
-6
-10
-5
-11
-6
-4
-4
0
-7
4
-6
-1
5
-4
1
-4
3
5
8
3
1
-1
-1
3
1
0
-2
-5
1
1
1
3
4
-4
-1
5
1
-1
-2
1
2
-1
9
-2
5
7
7
5
2
5
2
-1
-7
3
0
5
0
3
6
3
3
7
6
9
6
7
11
3
6
4
5
12
1
5
7
4
5
6
6
4
2
2
2
-2
5
2
1
0
-3
-1
2
3
2
-3
2
-1
1
0
1
4
4
3
1
-1
-4
0
-1
0
2
2
4
3
-1
2
-2
1
2
-9
-3
-3
-4
-4
-8
-8
-13
-6
-9
-8
-8
-9
-8
-10
-9
-6
-5
-7
-12
-12
-12
-15
-11
-12
-13
-10
-11
-13
-10
-11
-10
-7
-11
-6
