SAMPLES:	11330
BITSPERSAMPLE:	16
CHANNELS:	1
SAMPLERATE:	16000
NORMALIZED:	FALSE
-6
-2
-10
-6
-5
-3
1
3
6
5
1
-1
8
2
1
-2
-10
-8
-8
-10
-12
-11
-15
-11
-13
-16
-13
-11
-8
-8
-4
-6
0
-1
1
-7
-8
-7
-12
-6
-11
-9
-10
-12
-10
-16
-13
-11
-5
-8
-10
-7
-6
-3
4
1
-4
3
5
2
-1
-1
4
6
5
9
3
7
7
9
12
10
10
11
10
10
9
13
9
15
8
4
7
5
5
6
7
0
1
1
4
5
6
8
5
2
9
5
8
5
5
11
5
6
7
4
13
4
7
5
-1
8
5
8
5
2
5
1
8
4
4
4
6
11
3
1
0
2
2
3
1
1
0
0
2
0
-4
2
-1
-4
1
2
3
-3
-1
2
2
4
3
6
1
7
6
7
9
3
8
4
3
6
4
0
-9
-14
-14
-13
-14
-15
-15
-8
-14
-12
-17
-16
-11
-11
-6
-9
-8
-3
-8
1
0
-1
2
6
8
10
11
10
14
10
10
9
7
6
5
6
5
-3
-2
-4
-5
-6
-11
-9
-9
-12
-9
-10
-2
-1
0
4
4
5
5
8
6
3
-3
-2
-4
0
-2
1
3
4
5
2
1
4
5
0
3
5
5
3
3
0
-1
-3
-3
0
0
2
8
10
-1
3
1
-8
-9
-9
-6
-7
-10
-8
-6
-3
0
3
5
5
9
8
11
9
7
8
3
1
2
-3
-2
4
0
1
-1
4
2
7
5
5
4
-1
-1
-3
-1
-8
-3
-5
-7
0
-7
-5
-4
-6
-1
0
-5
-7
-3
-1
1
1
0
0
6
8
-1
-1
-3
-3
-11
-13
-14
-13
-15
-19
-13
-17
-13
-13
-14
-6
-10
-4
-8
-6
-9
-15
-7
-9
-3
-3
-12
-5
-4
-6
-7
-7
-9
-3
-5
-6
-2
-5
-2
-6
-7
-7
-11
-7
-11
-6
-3
0
2
0
4
4
-3
2
4
-2
8
4
7
6
4
9
2
-1
2
1
-2
8
5
4
5
5
8
4
5
5
5
8
14
12
15
14
17
19
23
25
21
14
12
13
6
12
3
6
4
3
5
-1
3
4
7
1
7
4
5
5
8
9
4
7
9
4
3
6
1
2
5
11
6
7
2
4
5
6
7
8
6
6
5
0
5
-3
0
1
5
6
1
-3
-2
0
1
5
-2
-4
-6
1
-5
-4
-5
-12
-5
-8
-10
-7
-5
-7
-3
0
-3
-1
-3
-5
0
-5
-1
1
-4
-3
-8
-12
-3
-7
-4
-9
-9
-7
-9
-3
-2
-5
-2
0
-2
-2
-4
-7
-8
-8
-12
-13
-14
-15
-14
-12
-12
-13
-10
-9
-9
-11
-12
-8
-7
-5
-6
-6
1
-3
3
1
3
8
8
10
7
9
10
6
12
7
9
8
9
6
9
10
9
19
17
17
14
20
16
16
11
12
7
7
5
4
4
4
5
0
1
1
2
2
5
3
5
3
1
4
6
5
-1
1
1
2
-2
-2
2
-5
1
0
-2
-1
-7
-7
-6
-10
-4
-6
-3
-1
-4
2
-6
-7
-1
-8
-4
-6
-10
-10
-12
-7
-11
-10
-7
-6
-13
-7
-7
-4
-6
20
38
1
-6
-18
-20
-22
-28
-32
-27
-25
-18
-15
-13
-17
-6
-5
-6
1
4
7
1
7
6
13
11
13
7
10
8
9
11
14
14
10
7
14
13
2
0
-5
-1
1
11
11
24
21
64
71
43
7
-41
-77
-101
-59
-46
-33
-11
18
32
17
-2
-24
-44
-51
-45
-49
-51
-58
-87
-92
-50
-28
6
36
34
66
76
96
100
106
95
55
40
19
-16
-49
-59
-89
-116
-100
-58
-41
-26
-8
-16
20
70
95
88
69
79
94
83
91
87
71
52
32
40
21
13
14
-15
-9
-19
-16
-2
-6
-21
-42
-62
-39
-1
1
-4
-26
-30
-34
-28
-42
-56
-55
-47
-12
12
12
-15
-20
13
14
49
64
51
65
70
93
93
68
49
45
31
-24
-44
-64
-73
-105
-138
-153
-152
-113
-119
-98
-73
-32
16
43
104
158
188
188
154
177
184
202
171
67
-29
-108
-140
-161
-129
-53
-30
-51
-16
-23
-108
-230
-247
-170
-157
-142
-140
-127
-127
-102
-42
-5
83
161
167
188
207
186
209
180
154
166
109
74
47
29
-14
-58
-89
-23
8
-16
-55
-146
-134
-57
-68
-115
-136
-120
-153
-171
-151
-107
-70
-51
-13
12
44
65
120
124
142
172
223
226
194
152
139
143
61
66
42
-34
-59
-124
-139
-172
-204
-177
-139
-87
-77
-72
-81
-107
-86
-52
5
41
44
86
75
79
110
175
294
329
295
228
169
104
33
2
-39
-132
-170
-150
-154
-210
-270
-276
-146
-55
-1
17
12
-9
-36
25
79
115
26
-36
-63
-64
-57
-63
-87
-93
-60
-11
27
24
16
-11
2
69
140
122
108
80
53
66
67
46
15
-4
9
26
-31
-24
-25
-17
-34
-49
-8
0
-5
-50
-56
-35
-51
-11
23
13
1
24
85
68
22
33
37
21
23
6
-22
-2
-34
-57
-57
-69
-49
-65
-49
-44
-16
-2
-21
13
-32
-29
4
-2
29
15
77
143
144
88
50
42
70
52
-16
-76
-159
-199
-230
-234
-233
-238
-221
-127
-85
-56
-14
-10
1
53
132
173
203
186
140
157
176
171
147
115
68
76
84
11
4
-76
-71
-78
-110
-78
-102
-82
-61
-41
-13
3
37
58
56
52
71
129
96
85
88
76
61
22
31
21
28
-2
-19
4
-3
19
-33
-62
20
-10
-41
10
-3
-55
-109
-77
-37
-53
-20
-5
-59
-55
-31
-23
8
-12
-66
-65
7
53
54
-19
-30
43
33
48
86
40
1
-26
14
21
6
23
16
38
3
-13
-4
-67
-66
-69
-56
-28
-30
-45
-75
-85
-65
-57
-22
-35
-50
-28
-28
-5
-11
16
41
57
71
67
85
109
74
62
63
52
77
78
-7
-3
4
0
-3
-57
-42
-36
-59
-96
-81
-87
-49
-8
-44
-50
-61
7
36
2
12
57
91
79
57
75
102
96
56
52
49
36
-3
-61
-63
-34
-21
-34
-11
37
29
-1
-3
-7
26
9
-36
-36
1
-5
5
-11
-33
-3
10
19
-5
-13
-3
-18
-30
-38
-43
-7
-18
-24
-19
-10
-6
-18
-9
-11
1
-13
1
20
-4
-11
-15
-10
4
-4
-2
18
31
2
6
27
30
20
1
11
-10
-8
-9
-17
-30
-36
-8
-13
-11
-5
-1
-16
-12
-3
0
-7
-16
7
2
-3
7
-23
-8
14
20
33
14
8
22
25
2
-21
2
24
0
-2
-9
-7
9
-17
-26
-33
-38
-27
-37
-48
-27
-11
-21
10
29
20
28
39
51
52
36
43
26
27
35
3
3
-6
-3
-6
-27
-15
4
0
-13
10
-2
3
11
7
7
-12
-5
-8
-8
-24
-50
-31
-15
0
-9
-16
-14
20
14
7
25
21
46
43
31
36
32
45
33
6
10
9
-4
-13
-8
16
24
-3
-5
10
-6
-5
-40
-25
14
6
-6
-29
-28
-8
24
23
8
3
21
8
-13
-28
-8
7
-12
-12
-37
-9
20
-21
-41
-31
-20
-32
-36
-46
-25
-4
-17
-36
-19
-3
5
-8
-5
19
30
18
19
47
59
39
17
21
18
13
0
-19
13
22
-12
-55
-64
-16
-15
-50
-27
30
25
-6
-27
46
70
32
5
15
51
38
-16
-37
34
36
-8
-29
-4
14
-40
-71
-17
11
-16
-30
-3
22
10
-13
-13
21
34
9
-8
-8
17
50
-3
-18
-20
16
28
-1
-22
-18
15
0
4
13
21
20
-3
3
12
17
0
-20
3
26
16
-32
-21
-6
0
-22
-12
23
32
56
56
19
36
88
68
53
9
-58
-68
-58
-82
-158
-210
-194
-167
-182
-187
-121
-44
-56
-47
21
112
129
91
123
147
155
117
126
142
130
83
60
84
66
48
2
42
71
15
-17
7
42
14
-41
-41
14
-23
-89
-105
-48
-11
-65
-88
-49
1
-9
-41
1
35
11
-27
-5
30
-13
-5
14
-2
-17
-28
-13
-30
-44
-31
-17
-41
-17
18
13
-23
-32
-24
6
-3
-25
-6
1
-15
-51
-12
-18
-51
-59
-36
-20
-33
-17
-12
-2
31
15
28
39
54
39
-7
28
51
38
25
29
33
12
-8
-11
15
23
-29
-53
-26
10
-21
-81
-70
-13
0
-11
-7
-6
23
13
19
0
32
57
24
20
36
54
56
38
28
58
38
5
10
16
2
-13
5
11
13
14
-8
20
30
-5
-47
-20
32
32
-12
-34
3
36
8
-36
-27
6
21
-19
-57
-1
21
-3
-42
-11
19
21
1
-8
12
48
53
11
0
19
18
-14
-20
-30
-12
-1
-7
-2
-11
9
13
-25
-22
15
36
-12
-2
18
12
-17
-9
-3
-12
-27
-11
10
-5
7
12
-3
-8
19
-4
-24
-9
7
-26
-59
-51
-46
-54
-82
-57
-12
-7
-26
-35
-10
23
8
-13
-23
14
32
-15
-31
-3
5
-29
-45
-32
1
-2
-5
-3
10
12
2
35
35
21
33
22
32
44
35
30
30
41
38
36
32
40
37
37
7
14
46
26
22
19
2
-1
-4
37
66
14
-30
3
57
36
-31
-34
30
30
-8
-68
-32
28
9
-45
-36
23
43
-27
-64
-8
39
-10
-43
17
40
-22
-82
-33
-1
-1
-63
-69
7
20
-12
-44
8
56
1
-48
-27
5
33
10
-26
-23
-6
1
-27
-25
0
-21
-28
-21
-15
18
-4
-23
-4
42
51
23
30
46
46
30
3
-8
-10
-7
-14
-26
-50
-29
-7
-24
-37
-40
-13
-12
-7
-14
-16
-2
-14
-35
-43
-39
-17
-27
-33
19
43
15
-14
0
46
60
11
3
35
22
-17
-23
-9
6
-18
-58
-34
5
-18
-33
-23
11
24
1
4
31
61
25
-16
-6
34
35
-10
-8
51
51
11
11
38
55
21
7
-10
10
10
-32
-57
-41
8
-21
-68
-48
8
-6
-90
-73
-13
26
-1
-60
-31
20
34
2
-28
-10
10
2
-20
-39
-1
40
-7
-44
-15
22
39
8
-19
15
63
53
35
49
44
60
74
43
37
80
85
29
33
79
75
14
13
51
51
15
10
36
45
-4
-11
22
50
13
-34
31
87
77
59
70
97
97
66
76
113
141
127
101
104
114
115
95
83
72
61
30
7
-21
-55
-84
-106
-123
-170
-188
-196
-237
-260
-286
-290
-290
-303
-309
-281
-269
-264
-264
-272
-229
-209
-190
-159
-135
-107
-99
-82
-55
-31
-9
19
51
55
63
64
88
114
123
155
169
178
168
179
195
206
205
198
162
113
80
81
92
65
16
-5
-22
-34
-82
-102
-61
-68
-94
-100
-93
-61
-75
-108
-59
11
49
35
-7
8
41
42
38
37
82
106
84
57
73
96
108
117
120
131
129
149
185
192
187
210
227
187
160
191
209
189
145
124
144
161
209
275
338
358
300
235
270
362
444
475
453
426
373
315
292
284
272
217
132
42
-57
-150
-271
-397
-488
-551
-602
-669
-770
-883
-945
-981
-988
-979
-975
-994
-991
-975
-916
-820
-771
-698
-628
-537
-466
-398
-312
-242
-154
-84
-33
34
110
153
175
210
261
330
390
392
394
411
426
445
496
550
580
586
548
499
465
450
460
469
456
390
309
245
195
135
71
45
7
-44
-90
-131
-162
-176
-196
-198
-178
-134
-99
-114
-112
-82
-8
46
41
25
40
88
107
136
154
170
158
146
137
128
148
187
210
198
195
207
218
214
199
258
291
278
260
244
245
226
212
193
194
213
314
463
512
492
377
266
353
531
688
723
640
530
446
450
457
455
433
299
110
-34
-177
-293
-431
-598
-730
-820
-944
-1077
-1212
-1322
-1371
-1403
-1389
-1379
-1362
-1395
-1429
-1371
-1237
-1094
-989
-947
-905
-812
-685
-520
-361
-249
-157
-107
-10
104
215
333
416
480
536
614
692
749
751
742
761
849
944
940
881
768
684
704
755
744
645
494
335
224
198
157
64
-22
-181
-312
-363
-383
-407
-461
-510
-515
-478
-417
-384
-336
-268
-215
-94
19
120
128
127
223
332
418
461
489
483
458
457
484
543
588
547
470
412
397
430
446
399
353
303
244
186
156
125
73
-6
-70
-22
186
373
427
350
134
84
323
623
813
809
613
444
458
562
596
598
516
286
84
-48
-172
-262
-457
-672
-812
-926
-1042
-1206
-1377
-1458
-1485
-1512
-1513
-1489
-1523
-1603
-1583
-1434
-1212
-1055
-1051
-1090
-1029
-888
-715
-507
-348
-254
-209
-179
-58
112
270
370
438
521
639
718
795
863
939
976
949
980
957
909
901
844
798
775
668
494
350
274
201
151
61
-95
-218
-331
-435
-469
-467
-473
-506
-572
-603
-562
-492
-396
-297
-223
-170
-82
3
113
269
373
472
540
591
639
701
759
821
872
865
872
828
785
726
695
699
663
589
453
334
281
229
150
83
-41
-127
-69
140
319
345
148
-119
-116
234
602
732
611
344
226
309
454
532
550
384
90
-133
-245
-255
-341
-527
-767
-930
-1034
-1134
-1250
-1381
-1430
-1444
-1451
-1473
-1518
-1572
-1595
-1464
-1257
-1062
-986
-1038
-1073
-974
-731
-495
-293
-204
-200
-177
-101
122
336
429
457
463
514
650
822
942
1012
1021
963
961
1027
1071
1071
986
877
813
746
602
451
350
285
198
69
-132
-299
-398
-500
-533
-572
-610
-720
-836
-872
-804
-657
-563
-518
-494
-478
-383
-233
-26
205
327
381
435
524
650
783
900
953
993
985
910
878
917
949
941
897
772
654
596
557
508
488
368
178
25
92
370
518
497
185
-143
-136
231
590
628
412
115
24
152
380
421
297
-7
-289
-402
-389
-361
-515
-751
-1003
-1126
-1199
-1241
-1351
-1487
-1531
-1524
-1456
-1472
-1532
-1601
-1550
-1340
-1098
-969
-981
-1016
-970
-737
-404
-122
-33
-71
-103
-19
221
485
661
683
648
604
673
823
1021
1154
1194
1161
1059
1002
979
1020
1035
979
874
714
530
357
238
200
156
44
-157
-395
-544
-625
-641
-648
-708
-789
-900
-962
-933
-854
-722
-659
-635
-590
-526
-381
-223
-63
82
219
353
453
558
700
813
923
983
1014
1012
1021
1057
1062
1071
1059
960
859
790
727
722
657
511
344
262
370
611
701
562
230
25
202
574
772
638
335
64
-8
185
370
363
166
-218
-474
-508
-498
-570
-795
-1034
-1206
-1315
-1424
-1503
-1588
-1680
-1696
-1687
-1655
-1657
-1691
-1680
-1546
-1298
-1137
-1090
-1106
-1069
-859
-578
-319
-190
-134
-122
-14
227
489
641
663
673
728
900
1042
1143
1199
1222
1224
1210
1189
1198
1212
1172
1098
992
902
821
681
512
416
289
114
-53
-228
-369
-472
-596
-704
-809
-884
-946
-967
-934
-898
-900
-913
-844
-738
-630
-486
-370
-247
-132
-34
70
227
425
517
616
722
795
882
959
1000
1067
1105
1073
1034
1012
1009
993
944
871
807
737
591
465
385
540
744
717
518
163
18
262
633
697
466
179
-2
63
245
313
226
4
-347
-519
-480
-475
-599
-893
-1156
-1241
-1307
-1452
-1574
-1667
-1747
-1747
-1748
-1754
-1776
-1777
-1770
-1576
-1276
-1169
-1188
-1209
-1096
-793
-478
-279
-192
-186
-98
88
379
615
702
675
649
839
1069
1214
1260
1264
1259
1330
1396
1408
1432
1359
1264
1199
1169
1112
1002
821
618
553
464
286
105
-111
-274
-388
-497
-631
-739
-840
-941
-999
-978
-971
-1033
-1057
-1022
-913
-810
-738
-704
-619
-448
-295
-147
-35
78
150
263
429
598
740
795
817
845
907
983
1036
1050
1039
997
919
875
864
855
831
707
507
410
593
776
760
558
186
67
337
642
596
335
76
-9
110
243
252
116
-113
-331
-434
-439
-495
-670
-957
-1112
-1134
-1235
-1386
-1532
-1627
-1632
-1596
-1639
-1722
-1763
-1743
-1676
-1455
-1258
-1199
-1228
-1197
-959
-625
-389
-291
-260
-169
52
305
488
592
621
634
745
988
1171
1203
1164
1138
1246
1408
1422
1344
1319
1291
1267
1236
1191
1122
998
822
657
637
579
408
184
-17
-151
-258
-380
-527
-604
-687
-811
-931
-991
-976
-960
-967
-921
-859
-866
-853
-771
-604
-416
-316
-293
-232
-117
17
175
357
455
492
513
546
700
839
863
856
865
867
844
829
808
826
831
717
537
411
402
606
823
754
468
112
25
344
737
679
323
34
-38
128
317
281
123
-82
-321
-472
-459
-450
-584
-790
-996
-1081
-1161
-1336
-1457
-1461
-1426
-1428
-1535
-1628
-1649
-1586
-1476
-1314
-1147
-1114
-1138
-1067
-824
-510
-325
-318
-282
-127
80
286
421
514
583
656
766
902
1033
1058
1041
1138
1275
1358
1282
1154
1214
1311
1328
1221
1111
993
912
871
741
693
614
390
141
35
-31
-134
-293
-462
-559
-606
-709
-830
-868
-858
-844
-882
-888
-885
-882
-843
-763
-599
-486
-455
-433
-375
-228
-46
109
215
298
323
351
465
652
767
799
776
712
748
772
797
847
842
778
616
422
332
377
604
805
658
322
-15
1
440
820
655
195
-77
-19
271
471
425
148
-110
-299
-351
-230
-242
-465
-778
-995
-1008
-1053
-1236
-1358
-1382
-1373
-1386
-1517
-1622
-1567
-1464
-1358
-1232
-1133
-1159
-1171
-1055
-756
-421
-297
-355
-341
-165
73
309
416
446
496
544
634
805
956
967
948
1019
1124
1221
1187
1111
1180
1239
1204
1072
986
967
972
869
699
631
562
420
247
150
73
-50
-236
-418
-467
-505
-603
-741
-786
-775
-795
-845
-861
-804
-749
-690
-631
-559
-470
-440
-402
-282
-107
45
112
177
219
294
407
503
607
711
701
678
734
739
749
787
795
812
748
625
472
389
417
532
684
636
397
118
6
185
568
656
297
-63
-116
125
343
367
124
-117
-277
-377
-299
-279
-415
-702
-978
-1066
-1033
-1063
-1240
-1321
-1352
-1408
-1478
-1557
-1543
-1449
-1364
-1340
-1279
-1210
-1148
-1041
-845
-592
-448
-433
-409
-215
59
260
352
351
421
554
658
772
899
946
937
952
1062
1147
1214
1166
1121
1208
1227
1127
1028
1060
1073
1038
891
688
619
579
456
326
219
64
-84
-237
-348
-374
-441
-603
-720
-721
-714
-741
-817
-841
-778
-720
-708
-652
-527
-475
-407
-343
-205
-33
29
63
135
294
432
491
534
581
654
709
696
709
737
721
708
683
656
633
543
423
366
342
384
534
507
290
78
-9
169
511
531
159
-86
-55
162
346
263
9
-166
-250
-254
-212
-260
-455
-715
-928
-954
-904
-1031
-1222
-1293
-1320
-1368
-1411
-1496
-1487
-1375
-1317
-1303
-1237
-1152
-1061
-945
-831
-639
-500
-452
-357
-145
40
141
208
257
399
565
663
739
809
825
832
926
1039
1129
1182
1123
1112
1170
1181
1113
1075
1088
1059
977
815
702
666
620
508
337
211
97
-44
-189
-285
-338
-414
-517
-605
-663
-720
-762
-784
-747
-707
-723
-771
-733
-613
-510
-422
-351
-276
-191
-101
2
114
241
330
366
438
548
621
649
654
674
748
767
743
711
659
626
579
536
447
352
247
281
431
395
210
-40
-95
147
426
358
35
-87
25
202
290
153
-43
-111
-134
-118
-134
-260
-447
-640
-718
-710
-756
-951
-1125
-1118
-1102
-1129
-1231
-1364
-1344
-1215
-1121
-1053
-1009
-1014
-981
-893
-738
-532
-411
-415
-372
-214
-100
14
78
151
284
398
436
469
545
607
704
806
888
943
904
832
957
1074
1084
987
892
914
936
908
730
639
614
584
487
320
224
96
3
-65
-69
-165
-331
-487
-557
-503
-472
-509
-611
-631
-613
-615
-563
-497
-408
-353
-348
-313
-221
-106
-19
57
143
224
268
309
382
488
574
612
579
583
616
606
614
639
629
556
431
344
300
307
257
274
342
244
92
-55
-76
140
345
184
-86
-106
50
223
270
117
-32
-64
-72
-99
-112
-215
-373
-535
-633
-639
-706
-867
-963
-913
-920
-1062
-1182
-1229
-1093
-961
-955
-989
-1000
-961
-869
-717
-574
-453
-465
-502
-406
-206
-49
32
75
143
233
286
313
394
541
631
638
673
729
780
811
825
929
991
945
835
809
884
925
859
702
619
651
595
455
338
262
183
81
-68
-236
-362
-514
-600
-617
-615
-705
-833
-888
-842
-719
-643
-584
-537
-465
-388
-286
-165
-32
96
130
179
229
299
389
474
570
631
632
559
546
654
759
778
745
643
601
606
623
593
495
369
242
270
413
413
219
-32
-134
66
311
268
-11
-154
-35
138
170
5
-153
-151
-116
-135
-206
-382
-554
-630
-638
-615
-686
-919
-1087
-1032
-961
-1009
-1113
-1192
-1158
-1063
-1057
-1037
-967
-888
-816
-753
-705
-584
-511
-492
-405
-238
-90
-43
-19
26
169
284
330
391
465
514
578
628
706
765
788
738
800
925
941
879
820
879
921
886
775
722
757
715
606
484
422
397
283
122
35
-30
-106
-189
-236
-290
-343
-419
-479
-463
-423
-466
-532
-539
-489
-411
-396
-353
-329
-249
-247
-220
-123
-35
60
89
113
147
218
296
381
436
433
382
402
462
539
531
415
309
288
307
253
205
301
334
217
66
-27
101
348
417
182
-18
59
238
335
299
163
78
54
-14
-63
-117
-193
-239
-386
-517
-629
-756
-826
-755
-692
-823
-1021
-1161
-1079
-896
-839
-890
-942
-922
-852
-742
-691
-619
-519
-500
-480
-371
-272
-218
-121
-54
48
110
120
131
230
401
496
521
531
555
650
708
786
897
846
763
731
830
935
932
785
654
675
718
692
537
426
356
310
224
110
38
-54
-125
-196
-243
-277
-371
-441
-449
-400
-433
-491
-535
-520
-409
-343
-328
-326
-274
-239
-169
-63
24
56
72
104
183
334
383
375
361
417
486
521
506
479
461
405
369
358
352
269
164
93
228
309
197
44
-57
58
250
256
62
-4
121
227
231
120
-17
-9
36
40
-19
-165
-330
-400
-435
-462
-494
-617
-772
-796
-788
-866
-925
-955
-953
-932
-942
-977
-923
-820
-759
-700
-677
-578
-501
-458
-391
-298
-190
-146
-87
-41
18
80
119
157
254
334
335
369
456
494
572
589
683
793
758
672
640
780
919
913
748
621
662
720
675
548
485
432
368
285
173
102
38
-69
-166
-246
-284
-341
-384
-387
-417
-446
-508
-480
-384
-323
-324
-361
-358
-277
-144
-82
-72
-59
-4
54
132
248
323
340
324
322
417
485
491
470
446
426
406
377
345
330
257
188
152
296
341
148
-28
-81
97
332
321
58
-84
43
232
267
157
45
38
71
8
-90
-189
-270
-298
-406
-522
-603
-679
-747
-741
-754
-893
-1015
-1076
-1021
-919
-897
-957
-975
-906
-789
-682
-645
-591
-494
-413
-371
-290
-187
-136
-59
-14
19
85
107
163
263
358
399
417
444
490
572
620
688
787
763
685
686
805
908
937
825
670
682
745
767
682
543
431
363
259
161
148
54
-48
-172
-292
-344
-356
-390
-440
-447
-513
-562
-582
-518
-426
-428
-447
-409
-326
-253
-180
-130
-111
-33
57
115
199
304
337
331
369
451
536
547
464
437
487
549
536
462
399
323
276
239
333
435
298
92
-21
53
296
391
200
6
110
270
332
247
114
116
174
130
-13
-122
-195
-211
-335
-517
-624
-694
-775
-818
-858
-945
-1035
-1100
-1095
-1022
-982
-1020
-1043
-985
-891
-809
-737
-707
-628
-540
-512
-460
-337
-250
-178
-137
-112
-56
3
74
136
243
316
342
406
456
560
620
656
741
788
800
761
825
891
926
901
804
775
815
793
662
558
497
471
385
244
144
80
7
-92
-215
-286
-311
-373
-432
-470
-481
-473
-483
-466
-417
-384
-368
-343
-289
-190
-132
-134
-113
-7
93
122
156
238
333
371
333
349
415
478
471
441
431
435
435
371
322
315
302
241
255
333
294
153
25
57
252
395
275
68
113
299
379
339
206
164
205
174
45
-49
-115
-170
-255
-408
-525
-616
-733
-817
-809
-851
-969
-1093
-1097
-995
-927
-997
-1068
-1024
-929
-837
-814
-809
-707
-587
-551
-518
-442
-358
-288
-217
-160
-102
-34
11
88
188
289
330
351
415
530
623
665
702
751
780
816
893
938
936
877
810
842
906
845
710
601
582
530
434
265
128
94
36
-76
-215
-326
-376
-408
-443
-458
-491
-517
-565
-530
-469
-419
-403
-415
-357
-305
-244
-189
-126
-44
27
73
124
230
271
285
307
368
449
485
441
365
381
411
443
440
389
314
229
151
163
362
441
245
65
11
183
449
466
241
112
238
395
448
369
261
271
268
181
83
-1
-60
-106
-258
-435
-503
-578
-684
-720
-757
-865
-1000
-1056
-1015
-932
-930
-995
-993
-918
-819
-752
-764
-743
-619
-547
-548
-498
-379
-300
-220
-203
-198
-132
-42
25
94
184
236
308
350
401
504
552
597
701
741
736
746
789
812
838
829
770
756
745
684
590
548
473
391
262
134
76
14
-59
-189
-286
-353
-404
-457
-507
-509
-497
-527
-562
-551
-483
-430
-386
-352
-303
-246
-184
-116
-32
46
89
124
148
256
346
369
389
421
459
472
473
445
459
451
413
351
335
323
255
160
176
345
322
193
60
69
256
468
432
196
151
303
453
477
392
308
255
229
189
116
36
-43
-174
-351
-455
-502
-599
-703
-736
-804
-908
-986
-1003
-975
-925
-929
-962
-947
-879
-804
-779
-784
-708
-595
-560
-536
-485
-391
-315
-258
-232
-191
-98
-22
60
142
237
269
305
388
478
595
600
645
685
717
745
753
814
816
825
748
699
763
754
666
508
410
385
343
254
135
27
-26
-114
-213
-283
-343
-381
-454
-488
-455
-462
-515
-540
-463
-393
-367
-368
-376
-303
-184
-103
-90
-43
-5
64
115
198
281
280
270
301
382
420
389
344
349
413
445
393
334
322
321
282
211
208
334
385
255
118
71
215
448
510
337
160
208
347
454
401
269
182
179
199
110
-2
-107
-171
-260
-383
-463
-554
-653
-681
-743
-829
-903
-957
-965
-921
-906
-945
-932
-899
-821
-780
-774
-769
-662
-575
-575
-528
-466
-348
-251
-210
-185
-118
-28
91
194
245
268
307
382
452
580
616
611
634
694
766
778
786
762
786
755
713
690
671
645
542
463
431
415
305
119
20
-6
-23
-130
-269
-347
-370
-357
-400
-452
-495
-498
-463
-441
-397
-391
-387
-373
-324
-200
-157
-139
-138
-80
43
115
134
149
188
250
311
342
359
390
410
414
434
443
417
383
371
383
376
323
342
430
422
323
234
228
368
529
450
258
205
311
405
430
304
202
171
115
56
-32
-75
-184
-290
-424
-507
-511
-621
-701
-735
-814
-888
-975
-993
-941
-896
-940
-1016
-986
-931
-854
-837
-821
-731
-613
-588
-595
-506
-387
-267
-204
-191
-147
-48
52
142
217
273
311
369
424
513
587
596
639
675
763
776
770
778
785
788
729
750
752
708
612
522
462
442
424
288
135
53
8
-55
-147
-244
-297
-331
-370
-440
-486
-479
-461
-446
-459
-440
-456
-463
-397
-326
-249
-224
-219
-164
-76
19
49
67
111
143
191
224
295
364
358
350
362
416
471
467
431
395
396
367
352
413
528
478
345
235
280
492
609
468
252
241
346
449
405
272
199
184
150
59
-42
-107
-171
-269
-417
-496
-528
-637
-714
-745
-780
-870
-955
-984
-936
-885
-921
-959
-943
-880
-803
-769
-782
-692
-617
-589
-553
-447
-345
-287
-252
-240
-137
-13
79
118
181
270
340
382
425
511
574
565
592
627
676
726
757
767
736
721
639
653
705
689
577
440
392
400
377
223
95
38
18
-37
-161
-265
-310
-314
-370
-438
-460
-495
-494
-491
-470
-452
-455
-463
-416
-327
-257
-212
-209
-183
-100
-30
24
83
162
204
245
297
384
445
440
441
462
494
554
528
486
488
499
468
405
478
536
470
339
244
320
508
560
370
202
224
367
449
365
246
174
141
120
63
-2
-96
-182
-319
-420
-457
-530
-654
-743
-761
-806
-898
-1004
-1015
-957
-889
-917
-956
-943
-895
-801
-773
-725
-655
-620
-622
-597
-479
-354
-267
-260
-229
-155
-70
35
105
166
215
252
305
384
504
549
554
614
655
720
743
738
724
734
713
685
711
689
630
527
468
443
420
331
192
107
54
7
-77
-177
-268
-298
-326
-380
-419
-447
-450
-464
-439
-450
-440
-448
-422
-350
-303
-270
-262
-230
-183
-91
-18
29
70
130
167
214
270
357
401
397
407
448
504
524
506
464
463
455
414
395
488
498
412
285
222
347
542
564
348
223
305
444
493
414
295
232
214
165
102
32
-44
-129
-264
-373
-417
-498
-605
-673
-722
-780
-868
-930
-946
-900
-893
-940
-978
-949
-884
-835
-868
-821
-710
-649
-619
-588
-489
-379
-286
-260
-213
-134
-65
13
80
183
254
310
329
395
517
560
586
634
657
673
725
739
739
789
728
662
678
696
681
565
453
408
381
325
181
76
12
-46
-98
-249
-348
-350
-377
-417
-448
-469
-493
-497
-479
-448
-427
-455
-460
-394
-321
-258
-215
-207
-158
-51
16
46
121
181
190
218
299
355
389
394
387
395
433
463
482
470
449
402
332
343
504
542
417
272
214
344
539
563
347
214
300
443
496
423
269
235
257
230
157
44
-52
-127
-236
-365
-423
-500
-621
-699
-739
-801
-905
-978
-987
-911
-873
-960
-994
-962
-878
-794
-796
-772
-683
-604
-585
-517
-399
-316
-239
-208
-195
-110
-8
72
156
234
274
313
358
429
542
577
582
599
628
688
750
758
728
742
705
685
725
724
639
524
436
394
412
319
162
50
2
-34
-119
-253
-354
-360
-385
-460
-526
-558
-552
-503
-488
-494
-514
-516
-482
-405
-329
-273
-255
-259
-203
-102
-26
54
103
133
180
243
305
350
386
409
406
414
455
466
451
424
425
386
315
312
438
486
386
260
181
294
523
567
345
203
279
459
533
439
297
235
270
253
177
67
-47
-105
-223
-352
-379
-466
-586
-656
-704
-785
-871
-935
-939
-876
-846
-905
-955
-927
-829
-743
-744
-749
-654
-584
-573
-517
-417
-298
-215
-187
-171
-77
38
119
184
244
302
359
390
444
552
579
562
587
624
684
701
724
721
723
692
646
674
686
676
553
427
383
398
341
201
77
-16
-75
-156
-266
-365
-383
-426
-510
-545
-543
-514
-520
-532
-522
-501
-471
-448
-402
-333
-269
-262
-234
-175
-96
-7
17
43
92
147
205
265
331
366
373
365
372
443
490
447
405
382
361
345
383
477
472
365
214
202
371
582
582
340
212
314
501
532
414
314
270
294
250
142
39
-20
-94
-243
-359
-419
-506
-611
-675
-720
-786
-908
-982
-967
-893
-877
-944
-978
-939
-845
-774
-788
-731
-636
-574
-558
-520
-404
-293
-212
-199
-129
-31
56
118
156
253
328
361
378
440
541
574
576
569
632
666
675
694
687
693
660
638
656
681
631
497
414
416
412
316
127
11
-8
-18
-103
-259
-344
-350
-369
-450
-477
-477
-459
-455
-477
-463
-441
-401
-389
-367
-289
-231
-202
-188
-138
-44
-9
12
51
123
180
204
267
321
356
369
337
358
411
435
414
380
378
348
321
349
461
475
362
229
194
350
546
544
308
176
295
442
496
387
266
241
248
221
113
20
-63
-160
-284
-397
-425
-500
-637
-708
-737
-800
-882
-972
-968
-869
-851
-918
-956
-904
-812
-758
-750
-705
-616
-542
-525
-467
-338
-250
-213
-201
-148
-30
54
106
145
237
318
336
362
429
544
590
562
538
578
643
689
731
748
732
676
631
677
725
708
552
406
391
434
363
213
97
19
-8
-88
-204
-265
-291
-348
-444
-505
-513
-483
-469
-520
-512
-510
-502
-466
-422
-351
-293
-282
-287
-223
-119
-41
-34
17
74
134
186
223
286
324
341
329
334
383
414
387
376
408
407
334
307
406
537
473
312
193
291
524
609
444
222
264
434
534
487
356
276
285
271
191
103
14
-82
-195
-279
-357
-440
-570
-640
-664
-731
-835
-939
-939
-857
-814
-861
-935
-924
-832
-752
-729
-707
-631
-564
-547
-510
-399
-283
-210
-183
-157
-78
6
92
153
201
250
281
311
373
467
492
489
498
538
572
546
561
616
681
628
511
503
567
643
591
446
332
302
324
255
159
74
-9
-91
-178
-210
-235
-301
-421
-471
-450
-425
-418
-460
-473
-435
-397
-403
-393
-329
-252
-233
-235
-202
-132
-51
-13
17
83
137
164
212
276
343
348
316
329
362
395
385
364
365
373
345
281
316
447
486
349
214
228
421
594
524
302
229
377
493
492
378
269
257
266
223
147
46
-51
-154
-241
-315
-387
-497
-619
-662
-686
-754
-873
-921
-880
-832
-852
-885
-881
-805
-729
-688
-666
-629
-541
-487
-458
-379
-290
-220
-199
-176
-115
-26
64
104
157
202
237
283
338
406
458
440
454
515
552
558
541
604
641
633
545
489
543
599
570
426
313
321
335
267
135
51
3
-70
-141
-214
-237
-283
-367
-448
-457
-424
-417
-454
-487
-439
-407
-405
-413
-362
-302
-275
-267
-241
-166
-80
-20
-37
-8
42
110
183
227
266
289
288
326
398
448
411
365
375
402
428
386
308
302
407
455
367
272
236
335
469
504
384
236
279
390
481
447
316
223
225
258
221
105
-30
-98
-134
-220
-324
-426
-507
-537
-592
-663
-734
-753
-759
-771
-756
-768
-741
-716
-683
-619
-588
-566
-543
-476
-420
-383
-312
-259
-200
-171
-128
-86
-30
57
77
108
127
190
259
265
288
290
332
414
435
418
392
437
502
538
484
400
384
418
452
428
338
234
214
211
170
118
40
-63
-114
-118
-157
-215
-288
-347
-339
-321
-317
-355
-387
-376
-304
-278
-299
-285
-263
-229
-203
-168
-138
-106
-55
-25
18
72
122
148
166
193
228
266
298
318
317
313
322
344
367
356
305
254
248
304
385
339
251
220
235
336
419
385
289
269
346
416
419
340
283
279
269
216
122
43
-25
-69
-136
-223
-308
-380
-456
-498
-541
-589
-656
-700
-701
-689
-652
-656
-662
-644
-587
-545
-521
-472
-438
-408
-397
-358
-294
-224
-169
-151
-118
-78
-3
62
96
130
184
233
259
267
291
322
375
401
385
361
367
425
465
464
402
347
326
362
408
374
294
201
166
170
148
79
7
-53
-94
-131
-168
-210
-251
-250
-274
-310
-335
-340
-324
-292
-281
-288
-297
-289
-253
-210
-190
-174
-148
-126
-108
-67
-27
18
55
68
88
128
178
206
225
235
261
263
251
282
289
274
253
222
168
206
287
312
242
181
144
196
316
353
303
237
272
330
392
377
322
284
271
252
207
148
89
40
-35
-114
-182
-240
-303
-368
-418
-477
-528
-572
-586
-567
-560
-546
-548
-551
-535
-491
-458
-413
-385
-376
-347
-311
-247
-185
-163
-152
-149
-80
1
42
66
65
102
148
188
207
223
238
264
294
313
314
302
321
364
383
342
294
271
278
326
301
236
158
108
108
73
75
32
-29
-89
-127
-136
-135
-149
-161
-196
-241
-241
-240
-239
-222
-239
-252
-261
-262
-232
-201
-172
-170
-158
-142
-94
-62
-35
-20
4
19
35
64
102
154
172
183
195
213
221
257
284
271
229
181
183
199
244
299
268
230
199
207
273
360
376
300
251
272
346
388
369
307
250
233
228
199
159
100
28
-49
-113
-152
-213
-275
-327
-397
-438
-480
-519
-509
-492
-503
-516
-530
-525
-484
-440
-426
-419
-411
-371
-323
-263
-217
-203
-175
-141
-107
-57
1
17
35
54
83
129
151
184
202
192
201
217
249
244
247
258
273
272
227
189
186
237
242
210
163
121
116
127
137
105
56
0
-26
-25
-18
-29
-98
-152
-187
-185
-173
-184
-206
-228
-234
-234
-231
-216
-187
-176
-172
-149
-144
-125
-92
-80
-35
-26
-35
-13
18
62
100
116
109
116
151
170
188
213
204
199
175
174
203
188
173
192
222
192
172
175
235
323
360
325
246
250
339
408
408
337
271
249
264
279
243
151
75
19
-24
-53
-90
-170
-240
-268
-293
-313
-381
-433
-418
-403
-404
-421
-442
-438
-411
-395
-388
-388
-378
-370
-330
-267
-223
-214
-214
-205
-155
-107
-82
-78
-65
-33
-9
36
62
76
78
85
96
119
110
117
136
142
138
135
136
133
142
143
148
143
121
112
99
103
99
53
36
10
7
-1
-26
-47
-90
-115
-111
-112
-99
-98
-115
-126
-116
-98
-73
-57
-65
-66
-59
-23
1
17
40
45
55
73
73
90
134
155
150
138
140
154
188
192
189
186
163
162
146
154
156
134
135
145
138
119
115
137
178
222
207
166
187
249
286
272
230
215
204
218
204
167
135
76
30
4
-26
-58
-111
-171
-186
-227
-278
-292
-314
-330
-341
-366
-382
-369
-350
-348
-340
-320
-319
-287
-260
-243
-209
-189
-186
-179
-158
-120
-99
-80
-93
-61
-29
0
16
13
35
49
69
74
86
87
76
80
94
93
91
79
67
77
70
54
60
66
56
35
36
40
14
-5
-34
-35
-25
-44
-65
-90
-80
-70
-61
-90
-101
-82
-60
-45
-58
-54
-36
-10
-6
-18
-25
-7
13
19
35
42
46
49
55
76
110
120
118
122
134
144
157
155
163
157
141
147
139
148
142
147
143
128
122
121
122
125
157
181
177
170
193
230
247
249
230
212
221
233
208
170
129
93
76
57
29
-19
-86
-130
-135
-143
-164
-201
-234
-259
-262
-250
-257
-269
-284
-282
-272
-248
-245
-245
-242
-232
-188
-178
-170
-156
-152
-122
-94
-80
-80
-71
-66
-55
-32
-46
-51
-44
-28
-30
-23
-40
-58
-40
-33
-23
-29
-32
-57
-74
-53
-38
-32
-36
-64
-74
-75
-55
-61
-88
-103
-97
-69
-57
-54
-46
-40
-28
-1
7
10
10
16
58
76
77
56
53
58
75
87
80
75
71
88
102
108
106
104
130
140
139
162
170
173
173
162
170
157
150
150
141
129
117
100
84
99
110
93
83
64
72
114
138
136
128
125
136
158
162
160
164
164
148
145
145
134
124
113
76
51
36
10
-26
-61
-86
-105
-130
-141
-157
-181
-177
-180
-177
-174
-166
-166
-170
-152
-151
-143
-119
-106
-93
-78
-78
-82
-88
-82
-71
-75
-76
-83
-90
-93
-92
-104
-121
-111
-110
-111
-120
-132
-121
-124
-126
-112
-128
-140
-122
-109
-101
-122
-123
-130
-127
-123
-117
-113
-121
-118
-120
-92
-65
-55
-47
-26
-11
10
39
43
59
66
69
79
83
93
81
90
92
106
124
115
121
132
136
130
136
136
157
167
173
184
161
157
149
154
162
152
138
123
103
100
88
96
82
74
69
60
67
66
85
81
76
63
56
81
99
96
75
56
64
81
81
81
63
48
40
49
49
33
10
-11
-29
-40
-47
-56
-60
-67
-66
-64
-62
-70
-55
-31
-10
-6
-17
-29
-11
2
6
-9
-21
-27
-21
-16
-29
-31
-44
-54
-63
-82
-93
-96
-91
-113
-137
-149
-160
-173
-176
-188
-211
-222
-233
-233
-229
-210
-221
-228
-226
-230
-217
-200
-190
-196
-181
-177
-159
-131
-107
-76
-66
-48
-21
-1
19
26
53
62
76
78
97
139
146
149
149
151
162
179
190
177
169
184
203
194
198
202
203
215
220
215
186
177
178
168
146
115
77
63
57
49
24
2
0
-10
-21
-32
-19
-23
-21
-21
-36
-29
-25
-33
-24
-17
-9
-18
-21
-27
-19
-11
-14
-21
-14
-1
4
2
3
8
4
10
29
36
41
49
59
83
95
104
112
117
117
99
96
100
93
87
82
65
59
51
34
30
5
-15
-41
-53
-79
-97
-115
-126
-155
-170
-193
-199
-201
-224
-225
-238
-230
-239
-245
-255
-255
-233
-222
-222
-242
-229
-207
-180
-158
-149
-139
-124
-86
-47
-20
-2
25
30
61
87
95
118
135
138
143
160
168
171
179
173
176
181
165
173
182
186
184
155
142
141
155
154
133
104
91
92
85
73
35
20
11
-8
-25
-48
-71
-87
-92
-107
-132
-161
-154
-147
-139
-129
-140
-147
-138
-121
-96
-90
-87
-75
-54
-33
-16
-7
15
28
55
72
62
64
73
99
124
137
153
164
180
200
205
193
190
201
205
211
211
186
180
169
155
146
124
106
71
60
45
22
-14
-49
-69
-95
-121
-130
-136
-153
-155
-180
-193
-206
-221
-222
-205
-192
-205
-207
-200
-182
-158
-151
-143
-134
-120
-113
-97
-75
-58
-40
-21
2
16
30
50
59
71
75
70
80
84
97
106
89
72
67
79
78
66
61
38
24
13
19
-1
-11
-21
-38
-38
-39
-22
-44
-53
-60
-73
-76
-86
-70
-86
-101
-108
-135
-128
-126
-110
-112
-130
-115
-111
-101
-94
-77
-56
-50
-44
-26
3
23
38
61
78
90
104
107
114
130
133
139
141
153
165
180
187
178
170
179
198
207
205
184
182
168
167
165
165
149
133
133
113
103
86
75
61
50
34
18
0
-8
-10
-19
-20
-34
-56
-59
-57
-52
-65
-79
-74
-75
-62
-71
-89
-115
-117
-97
-94
-86
-103
-110
-130
-131
-106
-103
-116
-126
-112
-93
-98
-105
-112
-101
-92
-93
-89
-90
-93
-88
-92
-86
-75
-89
-98
-94
-102
-97
-102
-101
-89
-92
-92
-93
-94
-90
-85
-76
-78
-68
-61
-49
-40
-40
-30
-26
-16
-6
6
14
17
23
40
40
46
61
67
73
68
86
105
113
115
119
131
150
163
161
178
177
180
186
175
176
185
189
166
158
162
164
165
151
135
113
109
121
112
120
111
113
119
113
113
87
88
75
68
74
62
57
40
28
24
16
18
5
1
-10
-19
-27
-35
-48
-64
-72
-72
-82
-95
-104
-103
-119
-107
-124
-135
-139
-127
-113
-117
-113
-136
-140
-132
-124
-129
-135
-130
-128
-126
-134
-140
-143
-131
-122
-135
-135
-132
-133
-132
-129
-133
-132
-124
-116
-102
-96
-99
-98
-99
-85
-80
-73
-74
-75
-82
-80
-74
-55
-25
-9
-13
-8
8
31
48
58
69
77
80
92
105
112
118
115
112
106
118
123
120
125
133
135
140
144
146
152
157
158
158
156
155
159
157
136
131
129
123
129
131
116
114
105
108
115
107
106
117
116
105
103
82
84
73
65
51
48
44
29
28
19
11
3
-6
-16
-15
-23
-30
-46
-50
-58
-62
-77
-93
-105
-110
-122
-137
-149
-156
-151
-157
-167
-160
-169
-167
-174
-167
-171
-167
-158
-167
-172
-179
-166
-156
-139
-140
-145
-138
-144
-132
-119
-115
-110
-106
-96
-84
-82
-82
-82
-64
-38
-45
-49
-43
-28
-17
0
-4
7
11
23
31
20
28
40
53
53
55
71
79
78
81
96
102
97
97
105
99
99
100
109
114
110
107
88
93
98
103
102
104
104
113
114
113
112
121
129
132
124
122
126
123
120
116
117
122
123
117
113
114
101
103
95
85
83
69
69
51
51
44
38
28
29
21
10
5
-8
-8
-10
-16
-23
-24
-31
-41
-44
-52
-60
-70
-78
-83
-89
-95
-101
-108
-123
-121
-120
-125
-128
-122
-124
-123
-131
-134
-135
-139
-139
-148
-144
-145
-148
-148
-139
-130
-124
-123
-133
-119
-123
-109
-101
-105
-85
-92
-81
-73
-69
-68
-68
-69
-55
-52
-55
-57
-51
-47
-43
-42
-34
-26
-13
3
-1
9
17
30
33
43
57
58
74
83
92
104
116
123
126
133
132
130
132
123
126
143
137
138
136
146
145
143
147
133
128
124
119
119
116
122
109
101
109
114
108
105
105
90
87
76
69
73
76
75
61
59
46
41
40
27
13
4
-3
-10
-18
-22
-20
-30
-40
-33
-38
-31
-32
-51
-51
-52
-50
-55
-59
-64
-73
-77
-78
-72
-69
-81
-90
-104
-97
-102
-109
-106
-121
-129
-131
-123
-121
-109
-116
-122
-113
-108
-102
-100
-107
-104
-106
-102
-102
-100
-90
-95
-92
-92
-86
-85
-79
-71
-54
-53
-51
-56
-52
-45
-34
-27
-34
-31
-28
-23
-7
-4
8
13
18
27
32
36
38
54
53
60
55
57
65
77
78
72
76
72
89
87
86
77
82
88
82
83
94
94
103
92
88
85
88
99
99
99
104
109
111
122
115
108
110
109
109
106
111
114
109
111
103
95
73
69
70
56
47
35
31
34
24
18
-3
-12
-7
-6
-1
-7
-14
-17
-13
-14
-19
-25
-32
-47
-54
-55
-55
-58
-62
-63
-67
-76
-85
-87
-84
-101
-106
-116
-115
-117
-126
-123
-133
-133
-137
-134
-123
-121
-122
-110
-104
-100
-96
-101
-101
-94
-91
-92
-97
-95
-90
-79
-72
-77
-78
-60
-53
-42
-36
-38
-33
-22
-19
-12
-17
-22
-15
-8
-2
3
19
20
26
32
36
35
46
55
56
52
58
63
58
59
63
65
67
80
88
86
95
99
89
92
88
92
104
94
93
97
97
101
95
96
97
96
111
114
106
108
101
99
92
89
94
81
82
78
61
51
47
52
44
38
46
37
20
21
22
15
0
-3
-3
-5
-11
-9
-7
-17
-14
-12
-11
-20
-36
-37
-36
-38
-45
-51
-66
-66
-71
-80
-88
-86
-92
-89
-78
-82
-80
-82
-89
-90
-80
-84
-81
-90
-87
-78
-70
-73
-72
-73
-67
-62
-67
-61
-60
-40
-53
-51
-42
-43
-42
-43
-37
-50
-46
-50
-48
-42
-40
-33
-46
-40
-39
-39
-36
-29
-31
-34
-22
-19
-12
-11
-3
-10
-5
-4
-5
5
7
17
5
11
13
14
24
32
36
43
46
63
74
83
87
72
70
74
90
90
93
103
102
104
107
111
115
112
109
99
106
104
108
106
108
103
93
88
72
75
74
63
44
25
17
14
16
7
-8
-2
-6
-12
-2
-5
-13
-10
-12
-19
-20
-20
-18
-14
-18
-24
-23
-24
-35
-39
-51
-69
-77
-78
-80
-82
-86
-95
-96
-95
-88
-92
-82
-78
-80
-74
-74
-68
-66
-54
-54
-64
-71
-61
-53
-48
-45
-45
-45
-47
-37
-45
-42
-41
-46
-38
-32
-30
-28
-31
-28
-27
-20
-12
-14
-8
-2
-7
-6
-1
4
9
14
6
12
20
15
27
33
38
45
45
56
55
61
56
56
47
39
49
47
62
66
69
64
68
65
63
61
55
64
63
69
73
73
69
76
69
73
69
77
83
83
72
61
55
44
32
29
23
19
25
9
20
14
14
11
-3
2
3
7
0
-9
-6
1
-6
-4
-2
-12
-18
-22
-21
-28
-29
-29
-32
-38
-46
-45
-46
-47
-51
-51
-54
-63
-73
-74
-77
-75
-82
-90
-87
-89
-83
-76
-77
-72
-70
-68
-65
-53
-47
-58
-62
-62
-58
-54
-46
-44
-50
-49
-46
-45
-36
-35
-36
-35
-36
-30
-23
-20
-20
-20
-14
-10
2
7
6
17
10
12
7
25
24
32
37
42
45
40
54
47
55
58
49
44
47
50
52
61
66
69
78
77
84
76
78
81
73
72
77
90
95
86
69
69
63
64
63
65
54
45
52
45
48
54
50
45
40
34
42
48
47
42
32
23
9
8
9
4
-6
-14
-16
-20
-23
-18
-24
-25
-22
-28
-27
-29
-34
-34
-42
-46
-61
-63
-72
-79
-75
-86
-71
-83
-98
-103
-111
-102
-100
-104
-100
-103
-99
-97
-99
-90
-87
-83
-77
-69
-65
-63
-61
-50
-45
-42
-42
-37
-30
-25
-20
-21
-16
-20
-14
-8
-8
-12
-6
-4
4
11
15
20
17
25
28
28
36
30
39
39
43
53
57
42
40
54
45
46
37
41
51
47
54
50
52
44
47
45
44
44
37
49
38
45
42
45
54
57
66
64
82
76
82
81
74
79
72
69
71
74
62
60
54
47
55
55
56
50
56
42
44
37
36
34
27
32
13
14
1
-1
-2
1
-6
-15
-16
-26
-21
-26
-30
-33
-48
-63
-66
-68
-71
-80
-80
-86
-88
-97
-97
-102
-98
-100
-104
-94
-92
-97
-97
-84
-80
-85
-85
-85
-84
-81
-81
-83
-80
-70
-66
-62
-61
-55
-52
-51
-41
-37
-34
-35
-31
-28
-23
-23
-10
-10
-11
-11
-13
-3
7
12
12
19
21
28
30
29
35
27
30
35
36
41
37
40
40
40
40
51
48
51
50
57
59
55
56
61
57
58
57
52
62
68
77
67
74
74
77
76
77
76
69
62
65
62
65
62
66
68
65
65
64
59
56
58
52
52
47
53
48
44
35
31
28
19
19
20
23
23
19
7
-6
-2
-7
-8
-9
-15
-20
-34
-40
-44
-45
-45
-55
-65
-68
-75
-74
-79
-89
-96
-94
-92
-99
-110
-100
-99
-107
-99
-104
-101
-109
-102
-94
-97
-88
-89
-84
-85
-92
-86
-90
-80
-73
-72
-63
-62
-62
-56
-57
-44
-47
-36
-25
-13
-2
0
9
11
24
25
29
30
29
31
38
36
42
43
47
45
52
58
49
50
46
49
54
53
51
51
47
60
58
58
50
55
61
50
57
67
67
63
58
62
70
71
61
59
58
64
70
65
65
56
60
60
60
59
57
50
48
39
37
33
25
29
30
33
31
21
26
24
16
24
26
29
20
15
16
13
12
10
16
13
4
2
-3
-5
-15
-14
-25
-36
-42
-51
-61
-60
-69
-70
-72
-75
-77
-76
-77
-80
-82
-88
-94
-87
-89
-86
-79
-87
-81
-81
-81
-71
-75
-77
-66
-69
-70
-69
-75
-66
-69
-64
-66
-62
-54
-45
-39
-28
-14
-13
-4
-5
4
8
2
13
15
14
12
12
17
15
21
23
19
33
35
32
30
21
27
35
28
23
26
26
20
28
38
30
32
29
34
36
35
40
41
47
39
39
46
51
54
51
56
64
55
60
69
68
73
80
67
68
73
70
68
64
62
55
55
50
52
56
51
55
49
41
32
27
25
20
22
25
31
19
21
17
13
13
3
4
-8
-18
-14
-25
-25
-36
-51
-57
-63
-66
-71
-63
-73
-59
-67
-59
-58
-63
-61
-65
-65
-73
-72
-76
-72
-82
-78
-83
-78
-75
-70
-69
-68
-64
-73
-65
-54
-59
-57
-61
-47
-49
-39
-28
-35
-24
-37
-26
-19
-18
-6
-9
0
5
4
3
10
17
15
14
16
21
17
26
22
19
19
16
19
21
34
37
31
32
31
33
44
35
37
31
31
34
33
44
34
37
40
41
46
46
49
47
46
51
50
45
45
45
40
42
43
39
39
33
27
29
36
34
32
37
38
37
35
35
37
35
26
30
22
29
26
21
19
23
25
20
23
26
18
15
8
6
5
-8
-14
-18
-23
-32
-30
-30
-41
-46
-46
-49
-55
-53
-53
-48
-51
-46
-44
-43
-45
-44
-48
-50
-51
-54
-53
-58
-56
-56
-48
-55
-51
-55
-47
-50
-48
-45
-45
-37
-44
-32
-32
-22
-20
-23
-18
-15
-8
-5
5
8
6
4
-1
12
10
15
6
7
24
17
18
10
17
24
24
22
24
24
28
32
26
30
33
30
31
19
25
17
17
20
21
23
23
22
24
36
33
32
30
25
32
35
28
36
34
41
36
35
32
25
31
33
29
18
20
24
14
16
19
17
18
17
17
10
9
9
11
15
11
12
0
3
-3
-9
-1
-11
-19
-22
-25
-29
-33
-45
-46
-42
-49
-56
-58
-53
-54
-54
-54
-53
-51
-53
-49
-45
-38
-29
-27
-29
-26
-28
-30
-33
-31
-29
-25
-19
-19
-13
-11
-13
-21
-13
-15
-13
-2
-5
-6
-4
0
5
7
10
17
15
16
15
15
13
7
16
18
20
18
15
25
17
21
14
5
14
11
17
14
11
5
5
6
11
6
15
19
15
17
8
14
18
22
21
24
20
17
19
21
20
24
20
22
21
27
16
24
25
28
34
30
39
28
29
33
39
33
29
27
24
24
27
20
18
17
19
7
4
0
-1
-3
-10
-9
-10
-11
-4
-13
-18
-20
-25
-22
-27
-15
-23
-29
-33
-35
-38
-38
-35
-31
-29
-28
-37
-47
-38
-39
-35
-35
-41
-33
-24
-29
-21
-27
-24
-24
-30
-27
-24
-17
-13
-16
-13
-13
-9
-15
-17
-17
-15
-12
-12
-8
-4
10
9
4
11
16
13
10
10
10
12
13
9
8
15
19
19
19
15
16
19
16
10
15
6
1
5
7
9
6
8
16
19
26
28
30
30
29
32
32
38
42
38
34
37
32
29
28
32
34
36
41
34
33
28
21
25
18
10
3
-3
-4
-8
-4
-4
-4
-3
-3
0
3
1
0
-3
-5
-4
-13
-4
-9
2
4
-2
2
-9
-7
-12
-17
-27
-31
-32
-34
-32
-36
-40
-46
-46
-39
-43
-44
-42
-35
-40
-40
-33
-33
-29
-29
-32
-33
-34
-38
-41
-36
-43
-50
-42
-43
-44
-40
-31
-27
-24
-27
-20
-13
-16
-13
-11
-13
-15
-4
-8
-3
-1
3
6
16
19
21
29
23
28
29
39
36
35
37
38
36
35
27
22
26
21
28
24
20
20
18
19
7
17
12
16
17
20
27
29
31
26
37
30
36
29
26
28
27
27
31
20
22
24
24
27
22
26
26
20
21
25
20
21
21
24
28
27
20
25
22
20
15
9
9
2
12
7
12
15
8
5
0
-4
-7
-9
-18
-30
-40
-33
-30
-37
-39
-43
-48
-50
-51
-53
-51
-55
-52
-55
-48
-48
-54
-46
-54
-56
-45
-50
-51
-52
-51
-41
-45
-36
-37
-32
-28
-32
-18
-28
-28
-22
-24
-13
-12
-9
-9
1
5
10
16
17
20
27
29
31
25
18
24
23
28
33
25
30
34
27
37
40
32
29
29
30
25
27
31
31
32
32
29
25
28
23
19
16
16
14
17
23
19
22
26
25
30
23
21
18
16
12
14
18
17
22
22
27
35
26
27
23
26
25
22
24
14
9
10
11
4
13
13
10
9
5
11
8
12
8
6
3
-5
1
-8
-13
-20
-24
-23
-26
-35
-32
-34
-39
-43
-52
-45
-47
-47
-49
-43
-43
-39
-38
-37
-37
-42
-39
-47
-43
-41
-44
-50
-45
-48
-41
-38
-35
-32
-32
-27
-31
-32
-33
-31
-32
-28
-28
-23
-21
-12
-8
-5
-2
-6
2
4
1
13
13
10
10
18
14
16
17
18
15
23
17
13
17
19
26
15
29
28
26
30
22
23
26
24
28
24
33
34
32
30
24
22
26
31
30
30
28
21
18
15
19
25
18
23
19
25
22
13
19
20
21
22
17
20
13
14
10
11
6
11
12
10
7
0
2
4
-2
1
1
-3
-3
-8
2
0
8
9
-2
2
-3
0
17
-2
1
-9
-6
2
-4
5
1
-8
-11
-11
-15
-17
-27
-25
-27
-26
-28
-27
-25
-23
-23
-24
-27
-32
-27
-40
-35
-42
-40
-42
-42
-36
-39
-27
-29
-21
-22
-20
-19
-22
-16
-23
-23
-30
-29
-33
-29
-25
-23
-16
-19
-14
-11
-6
-9
-8
-5
1
-3
3
1
3
8
11
17
21
32
19
31
34
32
24
20
32
28
33
31
31
41
40
36
33
32
40
40
45
38
43
39
31
36
34
30
29
31
25
34
26
30
25
23
19
18
22
25
18
7
8
5
3
3
7
0
2
1
-2
3
6
8
8
6
7
-1
-1
1
-4
-10
-13
-14
-18
-18
-22
-23
-27
-26
-31
-32
-28
-24
-15
-9
-5
-4
-11
-13
-15
-20
-18
-24
-23
-32
-34
-31
-30
-28
-35
-29
-32
-27
-21
-31
-37
-30
-23
-22
-17
-21
-18
-18
-15
-13
-9
-6
-6
-3
-6
-5
-9
-11
-2
3
5
9
16
9
13
5
7
10
6
16
17
8
7
7
8
3
10
13
7
12
12
15
22
17
15
18
7
8
1
6
3
0
-1
3
10
8
5
3
5
10
15
5
9
5
-1
-1
-5
1
1
12
10
13
11
11
12
12
10
0
6
1
6
-1
-6
-5
-2
3
-3
-1
-7
-5
1
6
4
10
8
6
8
10
12
5
6
4
-2
-6
-9
-8
-13
-7
-10
-12
-7
-12
-8
-8
-6
-3
2
-4
-5
-10
-9
-4
-10
-6
-11
-8
-3
-5
-4
-5
1
-2
0
4
7
12
4
1
-6
-3
-5
-4
-10
-9
-6
-6
1
1
5
4
4
8
9
10
7
10
7
3
7
0
7
3
2
5
8
6
3
3
1
0
-3
-3
-1
-3
-4
2
2
5
-1
2
1
5
7
4
6
6
10
3
4
4
1
-3
0
3
1
-2
-10
-3
-6
0
-4
1
0
7
12
10
5
5
0
-8
-5
-6
-10
-8
-4
-6
-4
-9
-1
-6
-16
-18
-23
-11
-9
-9
-11
-5
-5
-5
0
-6
-1
-5
-1
-6
0
-3
-4
-3
-5
-7
0
-4
2
0
-3
4
-2
2
5
10
12
16
15
15
20
15
15
23
11
10
3
8
7
6
6
3
6
1
5
-1
-5
-2
1
-4
0
5
8
9
5
10
8
8
8
6
2
-7
1
-8
-5
-4
-6
4
3
7
2
6
7
3
4
-1
-3
-8
-6
-2
-9
-5
-10
-11
-5
-4
-3
-2
0
-1
-1
6
4
7
6
-2
3
0
-2
1
0
-4
-2
2
4
7
5
2
-3
3
10
7
9
2
-2
-1
-9
-6
-6
-9
-4
-4
-2
1
-5
1
2
6
4
-6
-1
-1
3
-3
-3
-3
-5
-12
-11
-14
-16
-12
-20
-15
-20
-21
-23
-25
-23
-22
-29
-31
-27
-22
-18
-21
-26
-18
-19
-21
-19
-15
-15
-13
-16
-11
-10
-22
-15
-18
-8
1
-4
2
6
3
5
12
11
10
14
12
11
18
20
24
22
26
24
25
26
25
23
27
30
32
36
35
32
37
34
40
38
31
34
29
33
28
22
27
27
24
24
23
21
20
16
20
18
20
10
16
12
10
16
15
10
1
-1
-5
-5
-4
-6
-9
-9
-12
-9
-9
-10
-8
-14
-9
-12
-9
-17
-14
-8
-5
-8
-15
-9
-13
-11
-16
-17
-25
-21
-24
-28
-29
-32
-33
-41
-41
-37
-42
-47
-39
-38
-36
-31
-26
-30
-26
-28
-30
-29
-29
-32
-33
-30
-24
-31
-28
-23
-27
-20
-15
-7
-3
-6
-8
-11
-7
-6
-9
-11
-4
-2
-8
-5
0
0
6
15
16
26
21
30
29
27
30
32
29
34
35
36
34
31
33
33
30
38
36
32
34
41
43
48
48
42
40
30
28
27
24
29
33
28
29
22
18
17
27
28
23
23
23
24
20
15
18
17
16
18
7
6
-5
-3
-7
-4
-4
-7
-1
-6
-7
-8
-9
-14
-11
-15
-18
-25
-19
-22
-14
-18
-20
-22
-26
-22
-13
-15
-25
-23
-25
-26
-26
-19
-21
-23
-28
-23
-25
-24
-24
-25
-31
-36
-35
-34
-27
-28
-29
-30
-30
-31
-30
-28
-28
-30
-28
-24
-29
-24
-24
-28
-25
-28
-31
-31
-25
-23
-15
-13
-9
-6
-9
-10
-7
-4
-6
-9
-8
-1
-2
2
4
14
12
13
15
20
27
25
23
27
27
26
27
25
19
24
23
33
32
29
33
34
29
29
34
34
35
31
35
33
40
39
41
39
39
40
36
38
37
35
38
31
30
33
25
22
22
28
20
17
12
7
10
9
7
4
10
9
6
-3
-9
-4
-8
-9
-10
-9
-12
-14
-15
-17
-17
-13
-9
-10
-15
-12
-10
-10
-12
-19
-23
-19
-19
-19
-18
-27
-21
-27
-33
-30
-37
-36
-42
-37
-42
-33
-35
-31
-26
-29
-25
-30
-30
-34
-32
-30
-24
-23
-26
-24
-19
-22
-21
-9
-12
-20
-19
-24
-17
-13
-11
-11
-11
-4
-3
-3
-8
-2
-1
-2
4
4
12
12
15
18
18
21
13
13
9
11
12
12
14
20
13
22
20
21
24
25
24
21
19
21
23
21
17
15
18
18
19
19
22
19
18
20
14
13
19
15
18
9
10
9
5
11
6
6
3
3
9
13
17
13
21
21
17
20
18
15
12
17
13
16
9
10
7
2
7
3
6
7
7
12
15
9
2
2
3
0
-4
1
-1
-1
-10
-9
-13
-8
-15
-19
-20
-27
-23
-21
-28
-27
-24
-29
-20
-25
-23
-27
-24
-25
-22
-17
-15
-12
-19
-14
-10
-7
-9
-15
-11
-15
-16
-12
-13
-16
-11
-13
-11
-11
-11
-9
-13
-6
