SAMPLES:	11480
BITSPERSAMPLE:	16
CHANNELS:	1
SAMPLERATE:	16000
NORMALIZED:	FALSE
-4
-11
-9
-13
-17
-14
-10
-7
-7
-7
-9
-3
-6
-5
-5
-5
-1
-4
-3
0
-6
0
0
-1
-1
-1
3
3
5
4
6
6
7
9
10
12
12
7
7
5
8
2
4
4
10
6
2
8
3
7
6
11
5
10
11
6
7
4
2
5
6
3
4
2
3
-2
-1
-5
-3
-4
-6
-8
-7
-4
-7
-6
-4
-7
-4
-2
-2
-2
-7
-4
-7
-7
-6
-12
-6
-6
-9
-8
-7
-9
-11
-11
-6
-2
-7
0
-5
-3
-4
-5
2
0
2
6
2
7
6
7
9
7
10
5
7
3
5
4
4
8
6
8
6
0
3
-1
-5
0
-6
-6
-5
-4
0
0
0
-2
0
-2
0
4
1
8
6
6
8
7
5
2
4
4
3
1
1
2
6
-2
-1
-3
-1
-4
-2
-1
2
5
-1
7
2
5
5
2
-1
0
-1
0
1
6
2
0
2
1
1
0
1
-1
0
1
1
2
2
-1
1
1
4
-1
-2
1
0
1
2
-3
-3
-1
-3
-4
-6
-5
-5
-7
-10
-8
-8
-5
-7
-8
-8
-6
-4
-8
-3
-6
-3
-2
0
-1
1
-2
2
0
4
5
1
3
3
3
4
4
5
8
3
6
6
10
3
3
6
7
2
1
4
4
5
4
5
4
4
4
4
3
10
4
2
8
3
8
3
1
1
0
-1
1
-1
-1
-2
-1
0
-3
-3
-1
-6
-4
-6
-6
-7
-13
-10
-13
-10
-13
-11
-6
-8
-6
-6
-3
0
-3
-4
-2
-3
-2
-6
-6
-4
-4
-10
-5
-4
-8
-2
-9
-6
-2
-4
-2
-4
-5
-1
-1
-5
-3
-3
-4
0
-1
-1
0
0
-1
3
1
-2
-4
-1
-3
-3
1
-1
0
2
8
3
5
4
5
8
5
9
8
11
10
11
14
7
4
7
3
3
3
1
4
4
9
9
11
10
10
13
9
10
10
10
11
10
8
8
5
7
5
2
5
3
0
0
-6
-1
6
0
1
-2
-1
-2
1
-1
-5
-7
-5
-6
-6
-5
-4
-4
-5
-7
-7
-9
-11
-8
-11
-10
-11
-10
-7
-10
-6
-8
-8
-10
-9
-13
-11
-7
-11
-4
-8
-5
-2
-3
-3
-2
1
2
6
3
3
6
7
8
6
9
5
3
5
5
2
7
8
4
9
7
8
5
3
5
3
7
2
2
3
6
3
4
3
-3
0
2
6
1
3
0
2
2
2
3
1
0
0
3
-2
0
-5
-5
-4
-4
-3
-3
-1
0
2
-2
-5
-4
-2
-4
-4
-1
-3
-5
-8
-9
-5
-5
-8
-1
-2
3
2
3
2
4
2
4
3
-1
2
0
1
5
2
3
5
0
2
0
1
6
5
3
4
3
2
1
4
3
-3
-1
1
1
-4
-6
-2
-5
-3
0
-1
2
-3
-3
-2
-1
-1
1
0
-6
-2
0
-2
0
-4
-6
-5
0
-4
-1
-2
-1
-1
-4
-3
-6
-2
0
0
1
3
6
1
1
1
-3
2
0
1
0
-2
1
-1
-1
-2
-4
-4
-3
-1
3
3
2
5
5
10
6
3
7
7
1
1
1
-4
-2
-4
-4
-2
-1
1
-1
-3
-3
-5
-4
-6
-4
-6
-8
-3
-8
-5
-4
-4
2
-1
-3
-3
-4
1
0
-2
0
1
3
1
1
-1
2
6
-1
5
6
3
7
-1
2
6
1
1
3
5
4
7
3
9
11
10
12
9
11
7
10
12
10
10
5
4
5
5
2
3
4
6
5
4
4
1
1
-4
-4
-5
-2
-5
-5
-8
-7
-7
-10
-11
-10
-11
-11
-5
-8
-13
-9
-10
-11
-10
-12
-10
-11
-8
-11
-8
-6
-12
-6
-16
-5
-7
0
-1
-6
-3
-1
5
2
2
0
3
5
4
6
8
4
3
7
6
4
10
6
9
4
2
0
1
2
0
1
2
5
0
3
4
2
9
9
8
8
9
8
3
2
1
1
0
-1
-1
-3
-3
-3
-3
-1
-3
-2
3
1
4
0
3
6
3
4
1
1
2
2
2
3
-1
-3
2
-1
-2
0
-6
-3
1
-4
5
2
1
4
5
8
4
6
-2
8
4
4
0
-2
2
-2
6
-2
-4
-3
-2
-5
2
-1
1
-5
-2
-4
-3
-1
-8
-4
-7
2
-10
-2
-1
-4
-4
-6
-6
-5
-6
-6
-7
-8
-3
-6
-9
-4
-4
-5
-4
-5
-6
-6
-5
-1
-1
2
0
1
2
0
-5
-5
-4
-1
2
-3
-2
-3
-2
-5
-2
-6
-4
-3
-1
-4
-2
-1
3
2
3
3
1
4
3
7
11
9
7
8
10
11
11
13
9
8
10
7
9
7
5
3
4
5
4
2
5
4
2
3
4
7
3
6
4
3
4
1
2
2
2
2
2
1
-1
-2
0
2
-1
2
-3
1
0
-1
-3
-5
-4
-4
-1
-4
-2
5
2
1
-1
-5
-1
-4
-4
1
1
0
-2
2
0
-3
-2
-3
-1
-4
-4
-2
-3
-4
-3
-6
-2
-2
-3
-4
-3
-6
-9
-8
-10
-9
-10
-4
-9
-3
-9
0
0
0
3
-5
-1
-8
-4
0
-4
0
-8
-6
-5
-11
-2
-5
-3
-5
-4
-3
-2
3
3
2
3
1
-1
0
0
-3
0
-1
-2
0
0
-1
2
-3
2
4
4
4
5
5
2
5
2
-2
-2
1
1
3
1
-2
-2
7
6
3
8
3
7
6
9
11
12
11
11
10
13
14
9
14
9
15
17
15
15
14
11
10
6
12
10
13
13
15
13
13
11
8
12
7
12
11
9
11
11
5
7
1
5
0
-5
-7
-8
-9
-9
-13
-12
-18
-19
-18
-21
-24
-27
-25
-28
-26
-32
-30
-33
-33
-32
-27
-30
-26
-27
-24
-23
-23
-19
-19
-18
-12
-12
-12
-10
-8
-4
-8
-5
-4
-5
-4
-7
-3
-9
-6
-7
-9
-1
-5
-6
-5
-6
-1
-3
-2
-5
-3
1
-1
3
-5
-1
0
-2
2
4
1
7
10
11
13
9
14
15
24
17
19
24
28
27
27
28
30
33
36
41
39
45
49
55
59
73
76
85
93
91
91
92
95
93
90
83
74
68
64
51
44
31
24
17
5
-1
-12
-18
-31
-40
-47
-58
-60
-66
-72
-82
-83
-92
-99
-99
-107
-109
-113
-114
-116
-119
-119
-124
-122
-120
-123
-120
-117
-113
-106
-99
-98
-88
-81
-74
-65
-57
-50
-42
-37
-33
-24
-15
-3
2
7
16
21
31
35
40
44
50
57
63
69
75
81
84
95
97
104
107
116
123
121
126
129
133
136
134
137
138
136
129
121
123
118
116
106
95
86
79
72
64
56
43
27
24
12
-1
-12
-31
-39
-50
-69
-82
-95
-100
-108
-117
-120
-122
-124
-126
-124
-128
-122
-118
-115
-105
-103
-102
-92
-90
-84
-82
-79
-67
-65
-58
-54
-48
-42
-36
-27
-21
-17
-11
-8
-4
-3
3
10
13
16
17
21
26
33
33
45
48
54
60
64
72
71
79
74
77
80
81
80
84
82
79
84
84
84
85
85
81
87
79
77
72
68
58
48
42
29
21
9
-2
-13
-18
-29
-48
-56
-70
-78
-90
-94
-98
-111
-110
-120
-121
-125
-128
-128
-128
-122
-124
-116
-114
-108
-100
-92
-82
-79
-70
-67
-59
-52
-48
-39
-37
-36
-32
-21
-21
-15
-10
-8
-3
2
8
15
22
28
32
40
45
50
61
65
70
78
80
86
87
91
97
97
99
98
100
99
100
103
101
103
102
101
100
95
97
94
91
86
88
84
77
69
61
58
51
47
35
29
21
15
14
4
3
-2
-7
-14
-18
-21
-28
-35
-39
-43
-49
-51
-58
-61
-68
-68
-68
-74
-75
-78
-81
-82
-81
-85
-92
-89
-93
-94
-99
-100
-104
-101
-99
-96
-93
-94
-91
-87
-80
-77
-69
-67
-59
-57
-46
-40
-35
-23
-13
-7
-1
14
17
28
35
42
47
56
58
70
75
79
84
82
90
95
90
89
97
102
103
104
109
110
113
115
118
112
112
114
110
106
111
109
113
116
114
116
114
108
103
102
94
88
73
53
46
30
17
-3
-25
-51
-70
-88
-107
-122
-143
-157
-173
-183
-194
-199
-212
-213
-223
-227
-225
-224
-221
-227
-222
-215
-206
-197
-188
-176
-160
-146
-132
-124
-109
-100
-81
-67
-56
-40
-27
-17
-2
13
29
38
54
67
76
89
98
113
118
130
141
155
165
171
182
184
194
199
206
201
199
200
187
176
167
157
142
134
118
107
93
80
70
56
49
28
20
8
-9
-18
-34
-47
-56
-74
-82
-92
-107
-112
-124
-130
-134
-139
-138
-143
-138
-144
-138
-139
-135
-126
-123
-113
-104
-91
-81
-60
-42
-23
2
24
54
81
110
142
175
202
230
257
275
293
303
310
313
309
296
284
268
244
221
193
162
127
99
68
37
3
-33
-66
-94
-119
-151
-173
-196
-219
-237
-254
-269
-282
-288
-300
-305
-310
-316
-318
-316
-313
-314
-304
-297
-294
-284
-277
-265
-259
-250
-241
-223
-209
-189
-174
-157
-134
-118
-93
-67
-42
-17
-2
21
42
67
85
105
125
147
164
187
201
217
233
247
262
274
290
307
325
334
349
358
368
377
376
372
370
365
357
344
328
308
286
264
238
206
181
150
124
88
51
26
-9
-37
-75
-108
-143
-172
-202
-230
-251
-275
-295
-311
-329
-341
-349
-353
-357
-350
-342
-337
-322
-307
-289
-270
-248
-227
-206
-186
-164
-137
-115
-85
-59
-32
0
30
70
102
142
177
213
251
279
315
341
374
389
406
415
423
425
418
410
388
365
341
313
280
242
197
159
119
86
44
6
-31
-66
-99
-132
-160
-193
-216
-242
-265
-281
-301
-318
-335
-351
-363
-373
-380
-392
-395
-398
-400
-400
-399
-394
-388
-383
-373
-366
-352
-328
-319
-298
-275
-252
-224
-202
-168
-138
-107
-73
-41
-9
23
55
90
121
147
176
205
230
257
279
307
328
358
382
403
420
440
459
466
477
478
480
471
459
446
431
406
377
347
311
284
255
221
191
150
107
68
31
-5
-44
-78
-114
-151
-183
-216
-243
-269
-295
-314
-331
-344
-354
-357
-354
-357
-353
-350
-343
-329
-316
-293
-277
-255
-234
-206
-180
-148
-111
-83
-48
-9
39
77
125
165
220
266
311
355
390
422
452
477
494
505
507
502
486
473
446
417
387
340
288
242
194
146
101
48
-1
-55
-94
-138
-182
-221
-264
-303
-335
-362
-394
-418
-437
-460
-477
-497
-510
-511
-519
-520
-517
-514
-508
-497
-480
-466
-447
-430
-410
-392
-363
-338
-310
-273
-250
-216
-186
-152
-114
-79
-41
-9
28
63
99
135
165
196
225
251
277
307
329
354
371
392
415
434
458
480
501
515
524
531
534
537
530
517
494
470
441
409
377
342
298
255
214
172
127
85
40
-2
-48
-94
-134
-170
-201
-241
-270
-300
-320
-339
-358
-373
-390
-395
-404
-403
-395
-384
-367
-351
-331
-302
-273
-243
-215
-187
-158
-128
-98
-67
-25
9
45
80
117
163
210
271
323
371
419
453
487
518
551
569
570
560
551
531
506
473
436
386
333
275
218
164
103
42
-18
-74
-134
-176
-224
-270
-313
-354
-391
-425
-453
-475
-501
-519
-540
-559
-571
-587
-593
-600
-603
-601
-600
-600
-591
-576
-559
-542
-524
-495
-475
-444
-402
-362
-317
-278
-244
-196
-152
-109
-60
-18
30
69
112
162
202
245
284
326
361
392
426
456
487
519
540
563
584
611
634
654
674
687
697
697
692
683
672
651
620
580
530
478
434
379
315
257
188
129
74
15
-43
-99
-152
-203
-245
-290
-330
-373
-407
-446
-470
-501
-519
-535
-558
-561
-572
-565
-559
-540
-522
-499
-468
-438
-401
-368
-332
-290
-251
-218
-178
-139
-90
-38
9
59
118
178
257
336
411
475
535
586
631
673
705
722
715
703
685
660
625
590
534
468
397
324
259
191
117
47
-17
-87
-140
-189
-239
-283
-335
-378
-414
-451
-481
-505
-537
-556
-579
-605
-619
-630
-638
-638
-644
-641
-638
-627
-617
-604
-588
-574
-551
-529
-500
-462
-419
-375
-335
-290
-242
-189
-138
-88
-37
10
59
112
167
213
255
299
341
384
417
447
473
507
529
543
561
565
586
598
621
645
664
683
693
701
702
695
691
665
635
594
548
496
437
380
318
248
173
108
42
-20
-83
-148
-212
-267
-323
-373
-415
-452
-489
-523
-548
-568
-577
-584
-595
-593
-589
-578
-570
-543
-514
-488
-450
-412
-367
-321
-276
-229
-174
-131
-90
-47
-3
40
91
140
193
259
323
411
487
556
619
669
715
757
796
815
815
796
773
733
693
640
572
499
404
314
222
144
64
-20
-99
-181
-246
-302
-351
-399
-444
-490
-528
-560
-588
-616
-642
-663
-683
-703
-718
-741
-753
-764
-770
-769
-771
-765
-753
-737
-711
-682
-646
-616
-577
-527
-480
-414
-353
-296
-236
-176
-115
-58
4
67
122
185
238
302
361
421
477
525
574
615
654
684
708
735
752
760
767
766
780
803
826
846
859
858
860
853
841
817
765
703
628
557
470
375
284
179
73
-25
-119
-205
-287
-350
-410
-470
-517
-550
-564
-578
-595
-596
-605
-610
-609
-605
-601
-598
-598
-591
-583
-580
-566
-550
-530
-511
-485
-454
-418
-376
-329
-274
-215
-149
-89
-10
74
163
290
457
642
794
917
1003
1064
1085
1068
1025
970
894
793
684
554
427
310
189
57
-90
-216
-287
-339
-358
-359
-335
-318
-298
-280
-251
-218
-200
-185
-186
-182
-175
-163
-156
-194
-276
-371
-468
-559
-646
-722
-796
-858
-914
-941
-949
-952
-946
-928
-877
-830
-758
-650
-523
-383
-248
-126
-15
88
174
261
330
396
458
505
535
537
535
531
531
504
472
441
406
400
429
470
487
498
515
561
611
686
796
921
1043
1140
1202
1219
1170
1067
942
782
592
391
215
40
-141
-310
-466
-600
-722
-807
-819
-808
-781
-727
-650
-598
-571
-567
-524
-500
-504
-485
-480
-467
-470
-457
-430
-424
-422
-405
-378
-367
-364
-320
-273
-250
-244
-219
-186
-178
-159
-104
-31
49
132
262
406
534
680
901
1207
1512
1699
1738
1676
1556
1348
1074
790
518
297
93
-92
-259
-414
-532
-599
-642
-694
-686
-572
-410
-278
-117
26
113
99
42
-29
-111
-186
-272
-383
-488
-601
-711
-796
-904
-1034
-1150
-1235
-1256
-1209
-1127
-1048
-992
-891
-791
-707
-630
-572
-477
-374
-268
-149
-52
27
100
168
235
266
288
314
355
424
475
527
537
529
530
542
535
534
574
619
645
627
642
684
729
760
781
817
856
924
978
1023
1089
1197
1313
1309
1192
1010
746
425
81
-198
-425
-621
-744
-792
-847
-902
-913
-851
-766
-698
-552
-372
-250
-225
-194
-178
-284
-451
-559
-649
-748
-822
-817
-782
-801
-800
-747
-655
-565
-454
-309
-183
-66
49
129
143
113
94
78
47
41
64
119
187
301
473
629
795
979
1282
1707
2046
2118
1990
1779
1442
987
544
176
-110
-312
-446
-544
-626
-658
-659
-592
-524
-515
-450
-271
-62
74
169
211
105
-83
-295
-505
-671
-781
-853
-972
-1060
-1104
-1137
-1147
-1145
-1123
-1123
-1115
-1039
-884
-709
-599
-554
-513
-489
-472
-463
-439
-397
-353
-288
-197
-117
-34
51
134
226
327
438
528
619
707
794
852
867
832
754
695
653
647
661
672
650
619
629
658
713
738
762
808
864
922
987
1024
1032
1036
1040
1028
928
765
537
241
-94
-426
-692
-867
-940
-930
-889
-831
-784
-734
-649
-558
-493
-391
-316
-275
-281
-328
-410
-571
-722
-859
-936
-971
-977
-896
-767
-663
-600
-523
-397
-283
-150
23
166
231
269
292
284
234
132
41
2
30
87
210
356
499
648
845
1032
1215
1569
2081
2375
2312
2118
1772
1242
680
212
-161
-451
-596
-646
-675
-705
-714
-686
-591
-513
-540
-494
-317
-113
1
45
6
-185
-424
-636
-831
-977
-1077
-1162
-1218
-1234
-1215
-1187
-1144
-1082
-1049
-1032
-957
-860
-736
-591
-493
-429
-393
-392
-394
-396
-355
-302
-235
-149
-33
83
178
308
428
526
617
683
744
811
884
926
908
873
789
710
621
572
572
604
662
637
610
592
633
688
698
725
774
819
883
941
954
906
835
839
856
765
619
463
198
-175
-528
-804
-986
-1073
-1050
-913
-809
-769
-695
-599
-527
-497
-486
-459
-426
-409
-403
-468
-600
-752
-864
-933
-937
-892
-790
-634
-518
-399
-327
-243
-115
35
214
386
456
448
458
402
252
118
20
-54
-66
10
168
354
559
780
973
1132
1399
1911
2394
2486
2350
2161
1710
1011
358
-119
-529
-797
-871
-862
-848
-870
-885
-775
-593
-544
-586
-510
-282
-89
-46
-95
-211
-443
-731
-972
-1133
-1221
-1298
-1335
-1307
-1233
-1149
-1107
-1067
-961
-890
-845
-795
-701
-579
-444
-337
-289
-267
-299
-312
-291
-215
-104
-31
75
209
321
427
527
617
694
741
795
866
949
991
986
987
937
832
684
584
553
584
649
649
576
542
544
595
632
636
666
694
750
851
904
847
763
637
502
421
354
312
248
135
-92
-387
-713
-999
-1149
-1183
-1116
-996
-846
-713
-668
-646
-633
-648
-637
-628
-616
-579
-557
-580
-624
-700
-769
-795
-748
-636
-494
-321
-202
-83
19
136
253
369
516
573
593
597
548
428
254
115
65
38
54
181
382
582
744
933
1133
1304
1668
2197
2473
2376
2155
1834
1189
459
-74
-478
-792
-968
-983
-973
-1006
-1045
-1032
-907
-765
-742
-743
-584
-343
-239
-233
-311
-502
-766
-976
-1119
-1196
-1241
-1285
-1281
-1220
-1105
-1057
-1028
-922
-799
-718
-643
-560
-465
-350
-257
-174
-147
-141
-160
-164
-81
30
123
193
262
362
435
523
616
679
730
808
918
1009
1076
1088
1046
984
893
754
605
496
472
540
583
528
455
416
398
394
417
470
584
702
760
837
873
746
534
407
294
101
-78
-115
-65
-90
-234
-390
-555
-780
-965
-1004
-959
-940
-914
-818
-738
-754
-777
-792
-775
-718
-658
-567
-516
-469
-467
-487
-479
-458
-412
-305
-196
-84
31
110
175
211
274
390
488
581
646
624
526
421
300
138
29
32
80
184
343
538
704
808
927
1088
1382
1943
2451
2512
2308
2030
1476
652
-56
-527
-892
-1173
-1269
-1239
-1230
-1283
-1300
-1169
-972
-891
-877
-723
-495
-311
-220
-268
-439
-672
-912
-1144
-1263
-1286
-1272
-1268
-1184
-1027
-915
-832
-692
-539
-453
-390
-352
-309
-224
-149
-91
-65
-103
-97
-63
-7
120
222
296
361
448
561
634
709
793
896
1002
1104
1168
1203
1153
1057
931
741
541
378
281
256
315
351
283
182
129
139
190
266
385
555
725
808
842
838
733
503
298
151
-4
-80
-88
-74
-63
-224
-520
-818
-1046
-1195
-1196
-1056
-889
-792
-783
-804
-834
-852
-835
-772
-634
-454
-327
-232
-171
-161
-194
-241
-252
-212
-136
-34
92
199
241
240
216
214
300
427
556
593
548
456
319
196
45
-23
28
146
277
482
695
806
845
933
1114
1362
1835
2352
2458
2216
1813
1231
425
-297
-730
-1047
-1276
-1385
-1358
-1366
-1486
-1505
-1338
-1133
-1016
-855
-583
-340
-171
-136
-264
-483
-720
-921
-1059
-1068
-961
-869
-835
-806
-812
-833
-781
-630
-497
-428
-350
-249
-188
-117
-61
-66
-107
-121
-65
35
171
304
387
424
452
462
485
532
616
775
909
1021
1077
1112
1072
956
829
676
491
304
185
135
140
189
199
146
49
-11
14
146
327
472
615
723
816
830
732
583
398
192
7
-56
-140
-244
-282
-247
-328
-575
-771
-867
-912
-933
-838
-699
-708
-768
-757
-745
-775
-731
-591
-427
-312
-174
-70
-38
-57
-91
-122
-117
-36
47
98
100
130
106
68
61
134
222
360
494
536
508
422
336
253
231
235
272
351
462
520
597
687
717
737
803
943
1245
1770
2172
2061
1626
1137
479
-190
-608
-793
-976
-1180
-1251
-1301
-1472
-1596
-1517
-1333
-1124
-837
-512
-279
-138
-123
-240
-439
-593
-703
-797
-814
-684
-601
-639
-741
-857
-905
-863
-677
-432
-281
-205
-165
-114
-74
-58
-91
-106
-78
8
167
272
327
333
310
277
289
344
424
558
726
879
969
963
920
846
779
676
569
462
345
215
116
72
67
106
93
48
-6
23
135
297
444
511
540
551
563
630
608
421
188
30
-130
-306
-316
-142
-14
-69
-128
-268
-557
-803
-797
-705
-709
-693
-603
-641
-796
-801
-675
-592
-470
-235
-53
40
114
151
106
16
-5
26
36
69
98
85
5
-76
-118
-109
-36
100
279
413
461
408
311
247
258
263
259
328
405
424
406
445
474
418
423
532
647
933
1547
2032
1942
1490
987
404
-157
-395
-391
-519
-788
-1003
-1231
-1556
-1646
-1515
-1293
-1030
-742
-484
-341
-269
-310
-444
-474
-382
-345
-347
-291
-224
-283
-411
-547
-699
-807
-737
-527
-310
-222
-259
-338
-374
-325
-213
-77
1
77
171
234
283
294
273
251
232
279
363
476
573
632
666
639
599
585
570
553
474
381
274
139
31
-28
-34
-12
77
137
96
27
6
73
215
349
411
417
411
428
443
421
369
307
265
202
56
-72
-154
-227
-169
-39
-69
-205
-349
-511
-707
-793
-682
-566
-565
-545
-490
-550
-544
-350
-152
-4
133
242
232
135
55
38
27
86
135
109
57
-48
-145
-227
-256
-236
-110
78
250
336
343
313
262
223
263
329
388
416
411
348
254
221
211
233
327
445
499
552
839
1356
1706
1576
1167
704
228
-92
-134
-135
-318
-537
-798
-1198
-1490
-1449
-1256
-1109
-920
-737
-657
-649
-627
-582
-462
-227
4
62
27
-19
-120
-245
-385
-521
-572
-545
-510
-425
-348
-402
-531
-570
-521
-390
-202
-18
88
84
34
-8
-24
37
139
221
243
270
339
356
370
411
429
413
401
397
347
310
272
253
228
208
187
163
167
156
177
196
180
105
93
155
257
349
392
372
334
337
372
453
539
622
658
575
466
351
196
-43
-302
-335
-195
-132
-149
-219
-392
-593
-651
-538
-387
-289
-170
-134
-247
-330
-277
-193
-166
-113
-34
-35
-123
-174
-194
-256
-260
-186
-187
-224
-247
-254
-244
-129
9
79
104
127
178
177
204
278
344
389
407
389
273
112
12
9
87
218
337
384
381
340
310
355
653
1190
1466
1275
871
557
360
281
280
238
45
-287
-626
-947
-1081
-1066
-990
-945
-908
-793
-701
-673
-611
-437
-256
-76
-14
-109
-185
-243
-317
-379
-380
-339
-317
-302
-278
-287
-343
-445
-516
-488
-416
-303
-259
-306
-410
-469
-446
-337
-156
-12
59
79
96
122
174
203
255
285
293
291
307
377
429
470
475
437
405
362
328
253
190
197
253
312
278
188
124
153
217
275
313
368
449
547
645
681
692
616
498
368
246
193
125
44
-24
-5
142
200
112
-38
-144
-225
-276
-264
-245
-309
-424
-538
-598
-579
-476
-325
-288
-294
-300
-325
-349
-295
-167
-57
-10
-32
-105
-219
-263
-235
-182
-122
-63
-85
-127
-117
-21
67
116
165
161
117
114
170
201
193
220
263
270
266
237
185
144
147
206
362
692
1187
1453
1246
834
561
526
593
669
619
393
37
-387
-737
-822
-701
-623
-698
-812
-873
-912
-997
-1028
-858
-625
-462
-423
-437
-412
-285
-139
-39
39
73
12
-126
-232
-267
-308
-428
-549
-618
-665
-686
-740
-773
-774
-695
-533
-349
-181
-80
-8
-8
29
102
177
300
413
505
557
577
596
600
584
578
552
491
443
403
375
331
331
394
439
390
244
89
36
143
302
429
425
387
366
324
340
396
457
498
455
409
389
408
385
343
406
514
561
392
100
-168
-315
-335
-335
-386
-498
-653
-802
-886
-875
-756
-634
-574
-534
-471
-385
-292
-179
-82
-2
14
-6
-65
-110
-125
-120
-74
-77
-117
-209
-277
-253
-132
6
125
188
203
200
216
269
286
274
214
129
87
76
117
189
208
258
330
387
486
602
868
1198
1236
954
642
653
881
1026
914
646
335
33
-291
-529
-574
-638
-878
-1215
-1430
-1440
-1384
-1324
-1199
-947
-699
-591
-586
-480
-277
-80
21
14
-1
-44
-138
-254
-297
-305
-370
-522
-649
-641
-590
-548
-589
-585
-535
-448
-360
-321
-308
-261
-115
57
207
342
407
432
470
546
633
747
804
802
795
764
727
678
630
573
511
440
388
338
311
255
207
146
153
171
126
28
-53
-12
106
241
348
377
391
400
491
602
668
639
507
381
269
182
193
317
211
-109
-354
-472
-478
-389
-326
-431
-667
-831
-867
-835
-706
-585
-571
-653
-619
-416
-304
-217
-123
-71
-91
-99
-128
-100
6
108
96
-30
-47
-35
20
117
237
271
182
31
-23
25
96
133
68
10
-5
51
84
131
234
327
380
390
406
397
416
467
647
1109
1331
1100
721
627
814
974
867
482
81
-222
-500
-660
-680
-742
-976
-1309
-1463
-1327
-1091
-1022
-1012
-874
-715
-699
-687
-554
-323
-124
-111
-165
-98
-24
-52
-94
-77
-18
-35
-172
-317
-351
-285
-278
-381
-462
-484
-436
-334
-232
-134
-33
24
15
39
145
282
410
503
578
590
572
543
548
609
688
717
669
532
467
486
468
423
327
245
127
20
-64
-70
31
122
91
-28
-50
31
155
253
330
424
484
481
444
397
352
296
266
304
424
362
166
-26
-83
-39
-9
-67
-187
-303
-403
-454
-483
-506
-556
-620
-690
-693
-629
-587
-554
-480
-386
-296
-221
-125
-15
96
143
141
127
106
127
165
225
226
134
33
-17
11
61
101
32
-74
-172
-220
-160
-81
-15
6
-2
51
135
207
245
281
311
351
397
466
731
983
835
502
404
630
857
781
467
181
42
-71
-221
-281
-291
-532
-882
-1072
-974
-788
-853
-1078
-1090
-871
-778
-816
-734
-473
-237
-162
-216
-146
27
69
53
140
313
323
133
-101
-93
39
14
-185
-372
-408
-409
-406
-409
-383
-342
-311
-290
-228
-128
-33
40
117
250
377
481
554
584
612
625
612
561
520
493
483
450
349
252
207
182
104
28
19
72
108
95
-30
-78
30
161
202
211
256
302
338
349
373
417
440
397
391
429
592
734
539
356
291
300
305
186
1
-220
-411
-521
-621
-644
-654
-845
-1049
-1032
-878
-691
-594
-527
-379
-304
-287
-237
-135
40
151
161
111
34
65
97
66
52
86
78
34
-7
-42
-43
-70
-128
-192
-194
-110
-40
-4
-1
-3
52
83
106
136
208
263
259
321
474
822
1012
820
555
564
879
1087
1000
710
443
301
120
-58
-90
-192
-540
-939
-1092
-962
-832
-983
-1182
-1111
-909
-826
-795
-589
-297
-158
-187
-177
14
224
225
206
300
356
183
-134
-267
-170
-89
-250
-501
-605
-557
-518
-505
-474
-417
-361
-324
-262
-133
-36
7
18
95
192
263
301
259
305
424
535
552
515
464
480
518
503
448
385
381
337
236
134
136
211
225
166
95
128
184
211
187
174
252
337
379
395
431
473
445
369
414
517
740
704
409
336
333
413
370
234
53
-200
-353
-463
-495
-447
-606
-922
-1038
-953
-814
-733
-784
-760
-627
-587
-547
-415
-235
-92
-125
-148
-98
-25
72
80
101
127
66
-34
-104
-66
24
59
-3
-122
-182
-169
-139
-108
-66
-75
-62
13
62
116
135
135
194
318
453
557
653
925
1066
968
849
855
1088
1189
1023
685
434
326
188
33
-125
-396
-751
-978
-977
-800
-726
-886
-1004
-928
-784
-740
-688
-497
-326
-250
-261
-196
-61
-28
-105
-96
-4
-31
-159
-312
-292
-207
-243
-372
-442
-402
-365
-370
-366
-349
-385
-436
-439
-359
-226
-168
-143
-110
-50
34
118
208
328
441
505
523
508
474
495
581
664
672
594
520
523
536
502
435
407
382
295
201
129
189
260
267
236
203
223
245
303
410
495
485
404
409
578
595
471
367
349
432
426
279
143
43
-40
-203
-354
-429
-589
-801
-955
-948
-881
-865
-948
-956
-859
-763
-685
-645
-510
-399
-361
-326
-264
-127
-15
39
70
102
99
76
68
83
88
44
-1
-33
-39
0
-11
-17
-33
-48
-19
53
159
200
176
168
198
284
345
377
383
425
522
666
928
1031
891
671
651
910
1075
921
560
313
259
133
-23
-133
-265
-506
-735
-797
-715
-676
-839
-974
-866
-721
-703
-732
-638
-470
-424
-469
-449
-294
-182
-248
-323
-234
-136
-173
-262
-270
-179
-141
-226
-332
-335
-303
-303
-304
-292
-309
-369
-425
-373
-269
-174
-186
-204
-133
-23
101
209
297
397
530
614
639
632
650
689
696
669
608
585
626
617
562
442
347
331
321
320
309
296
274
217
213
238
290
355
386
419
431
405
357
335
416
493
477
281
134
176
257
269
184
37
-127
-249
-374
-456
-531
-651
-844
-981
-936
-902
-926
-967
-959
-841
-725
-659
-579
-436
-321
-295
-288
-164
-46
45
68
62
123
133
126
146
194
190
119
7
-35
-2
44
43
17
32
45
27
66
158
206
240
230
219
248
304
367
410
462
498
508
520
635
776
747
575
417
506
703
732
538
239
117
79
15
-70
-135
-271
-509
-637
-645
-565
-578
-749
-801
-705
-637
-684
-700
-605
-524
-509
-479
-362
-240
-210
-287
-313
-226
-193
-224
-224
-185
-170
-248
-352
-394
-360
-338
-304
-256
-211
-228
-281
-224
-105
-6
3
-26
-30
19
113
197
271
350
415
466
507
534
567
607
619
633
601
536
507
470
424
377
370
428
483
480
403
325
306
335
351
354
311
274
259
281
314
307
256
200
203
258
268
220
113
137
131
-47
-91
-99
-50
-61
-240
-396
-467
-464
-467
-472
-456
-554
-757
-820
-671
-518
-483
-555
-614
-542
-427
-354
-295
-181
-126
-181
-234
-188
-88
-14
11
39
51
52
14
-14
47
112
102
64
76
126
189
189
118
42
20
25
64
152
197
165
125
162
254
313
322
280
295
356
396
398
477
638
635
553
503
611
738
651
460
327
336
281
94
-55
-149
-321
-518
-590
-541
-525
-668
-843
-831
-697
-646
-691
-673
-566
-527
-574
-554
-440
-326
-304
-308
-205
-95
-119
-217
-208
-162
-214
-295
-348
-295
-255
-314
-360
-345
-276
-255
-234
-156
-76
-55
-69
-40
46
174
256
328
404
459
519
568
620
652
683
692
681
666
640
633
661
672
594
512
440
396
356
300
280
283
269
246
207
159
119
93
87
105
161
174
118
56
40
39
18
81
105
68
33
-23
-7
9
-50
-190
-257
-251
-256
-310
-407
-515
-627
-673
-645
-616
-583
-618
-670
-636
-582
-531
-504
-477
-407
-354
-273
-208
-166
-74
0
48
51
31
38
85
118
153
128
124
117
120
110
66
60
68
116
131
136
104
71
76
129
211
275
382
424
458
456
472
535
585
580
533
579
700
733
635
540
550
671
649
446
237
169
185
114
-74
-226
-379
-563
-644
-633
-619
-689
-804
-837
-733
-654
-694
-736
-702
-619
-586
-585
-504
-435
-411
-453
-429
-344
-322
-350
-342
-272
-264
-307
-364
-342
-271
-247
-213
-177
-120
-80
-83
-65
-1
93
152
178
239
303
313
342
413
494
576
615
614
623
634
670
689
675
673
625
589
572
543
511
463
446
431
422
349
252
167
150
163
143
102
62
51
44
27
1
6
-5
23
51
69
115
29
-3
7
23
45
-41
-156
-231
-263
-305
-391
-488
-559
-673
-741
-730
-738
-795
-855
-838
-767
-671
-587
-542
-474
-403
-372
-341
-215
-75
11
49
74
119
195
237
283
320
317
292
281
317
318
308
303
287
241
187
126
107
164
199
234
220
239
312
356
411
447
481
523
568
582
547
539
576
631
608
521
444
425
464
410
263
94
36
25
-58
-181
-344
-482
-600
-628
-624
-694
-823
-948
-929
-828
-778
-798
-808
-778
-715
-653
-605
-534
-454
-416
-381
-301
-228
-215
-211
-167
-122
-130
-188
-215
-174
-128
-125
-160
-185
-180
-144
-80
-4
74
90
98
115
201
318
392
461
530
604
663
689
714
749
763
770
761
738
699
640
583
536
473
410
359
295
249
200
131
97
92
78
50
11
-28
-39
-21
-13
-3
-17
-33
-25
-7
-7
-41
-77
-54
-17
-90
-153
-195
-186
-171
-233
-321
-390
-431
-473
-521
-556
-603
-695
-718
-644
-551
-496
-475
-453
-372
-296
-241
-189
-118
-34
8
42
97
144
132
128
166
212
252
236
192
241
269
242
233
232
258
272
268
257
258
297
283
250
252
242
250
235
240
240
225
231
243
261
295
296
275
300
306
277
251
244
275
259
150
106
125
172
120
-41
-172
-180
-155
-193
-275
-367
-445
-536
-589
-558
-551
-590
-630
-634
-595
-597
-613
-588
-499
-433
-420
-406
-366
-284
-241
-213
-170
-141
-154
-172
-139
-77
-82
-131
-155
-128
-77
-55
-45
7
50
58
105
140
209
253
268
260
264
290
321
348
391
433
427
427
431
432
417
414
400
364
317
271
258
287
283
261
221
202
213
208
150
92
74
86
95
99
101
97
95
83
73
65
34
-10
-32
-20
-16
-32
-24
-51
-56
-60
-61
-46
-37
-49
-95
-122
-150
-196
-256
-295
-333
-384
-408
-406
-402
-375
-346
-330
-298
-266
-226
-169
-115
-58
-40
-26
18
50
67
92
130
149
152
132
127
116
95
93
62
44
41
48
59
34
3
-20
10
46
57
29
-2
2
41
73
97
114
107
125
148
185
215
204
190
187
205
227
229
212
251
267
218
174
148
177
204
140
45
-31
-49
-57
-87
-165
-244
-318
-382
-367
-345
-326
-371
-428
-441
-441
-425
-412
-419
-413
-397
-387
-393
-354
-334
-344
-336
-292
-260
-278
-260
-194
-120
-78
-68
-42
4
39
83
102
122
109
89
115
178
216
198
157
138
160
196
230
239
273
296
311
315
346
386
403
402
391
363
345
325
317
317
308
276
251
237
235
226
189
195
219
223
221
187
163
136
108
85
45
28
-8
-42
-68
-72
-89
-120
-122
-124
-94
-127
-160
-180
-192
-147
-137
-122
-126
-117
-137
-164
-166
-137
-124
-148
-173
-219
-240
-217
-182
-168
-161
-183
-216
-232
-194
-152
-126
-147
-162
-148
-106
-61
-55
-62
-40
-28
-3
33
34
48
45
49
60
65
57
34
9
6
13
4
-22
-38
-21
-2
17
-9
-18
-16
-19
1
30
58
85
94
108
143
173
223
234
245
255
268
274
289
314
296
280
268
250
205
174
138
104
75
35
-2
-49
-99
-135
-180
-200
-206
-237
-263
-267
-256
-271
-305
-326
-333
-334
-296
-288
-289
-283
-295
-296
-270
-244
-231
-211
-210
-197
-194
-184
-150
-117
-76
-74
-71
-68
-62
-54
-37
-19
0
37
66
99
147
171
201
202
204
239
240
244
232
228
212
189
169
177
180
176
167
175
183
178
183
174
174
168
163
155
158
147
162
174
170
166
170
179
187
202
207
203
185
190
199
185
179
162
168
163
170
169
148
135
105
67
20
-9
-35
-76
-118
-155
-190
-206
-215
-238
-264
-283
-305
-315
-322
-316
-311
-322
-335
-323
-289
-269
-249
-259
-260
-294
-313
-311
-327
-338
-352
-348
-349
-330
-312
-275
-255
-214
-186
-162
-94
-67
-17
34
64
93
100
118
162
207
231
260
294
296
319
341
352
379
372
363
383
382
398
403
397
408
393
376
346
336
331
290
265
235
221
207
180
147
124
99
72
40
-4
-33
-69
-121
-149
-198
-233
-260
-297
-320
-344
-370
-406
-417
-409
-416
-419
-440
-460
-471
-482
-491
-479
-467
-466
-457
-443
-416
-381
-340
-308
-255
-198
-145
-96
-49
-7
31
76
120
162
178
183
191
231
259
279
260
247
245
262
289
297
298
283
297
313
362
393
398
371
391
431
442
446
424
412
413
408
385
360
332
313
291
272
230
186
137
91
64
44
22
-34
-92
-133
-144
-176
-202
-221
-215
-210
-202
-178
-177
-173
-182
-187
-195
-178
-188
-208
-223
-238
-240
-263
-284
-301
-322
-340
-337
-317
-303
-302
-312
-325
-305
-294
-268
-233
-210
-191
-173
-151
-121
-76
-43
-24
-10
22
53
80
112
142
147
147
157
183
217
201
183
183
183
192
182
179
176
174
182
179
177
190
188
214
222
216
213
218
243
253
263
262
244
240
214
198
214
194
178
124
92
59
27
-9
-51
-81
-141
-178
-201
-201
-200
-214
-250
-286
-304
-298
-274
-264
-275
-305
-329
-345
-326
-295
-278
-285
-302
-295
-278
-252
-253
-245
-231
-216
-216
-208
-181
-164
-152
-139
-107
-78
-47
-37
-31
-9
31
61
107
140
173
199
243
285
300
305
297
299
316
335
325
330
303
285
266
263
250
229
200
183
180
174
164
141
124
93
66
53
40
58
56
51
44
49
61
48
48
38
30
17
3
9
13
29
25
-3
-9
-45
-55
-52
-47
-45
-49
-47
-55
-65
-54
-42
-52
-32
-29
-27
-19
-22
-36
-60
-79
-84
-88
-88
-98
-117
-128
-127
-109
-99
-124
-146
-143
-137
-118
-122
-123
-125
-141
-133
-121
-99
-82
-63
-66
-72
-58
-45
-45
-39
-31
-21
-16
-10
2
-6
-9
-20
-14
9
21
25
33
41
55
58
43
50
66
86
93
99
104
105
108
102
99
114
130
140
157
177
183
171
165
159
165
171
152
140
112
87
84
82
73
51
17
4
1
4
-24
-65
-89
-121
-132
-142
-166
-187
-198
-222
-233
-227
-235
-240
-235
-241
-228
-228
-214
-201
-193
-170
-158
-138
-134
-128
-110
-121
-94
-82
-62
-67
-57
-25
-11
3
3
14
26
29
41
51
56
60
69
83
99
105
104
112
121
130
136
145
161
164
172
163
170
176
170
165
177
188
183
171
165
178
173
170
151
135
120
100
92
83
76
67
47
20
15
26
16
13
-8
-11
-16
-31
-21
-4
-3
-9
-16
-20
-7
-19
-23
-16
-18
-22
-23
-9
1
4
-5
-8
-19
-16
-9
-12
-37
-70
-100
-92
-78
-80
-94
-127
-123
-120
-128
-136
-149
-152
-156
-160
-144
-137
-126
-130
-133
-128
-116
-132
-143
-138
-142
-125
-142
-132
-112
-96
-79
-66
-37
-13
-4
6
27
58
69
69
60
73
98
97
98
99
95
101
101
107
123
120
120
128
136
144
144
137
143
137
124
121
111
100
99
84
81
90
79
76
65
58
75
73
70
46
41
31
34
24
17
15
13
12
-7
-2
-15
-14
-21
-40
-62
-64
-70
-90
-110
-141
-160
-161
-170
-189
-185
-216
-207
-205
-211
-197
-209
-194
-180
-170
-148
-141
-119
-113
-95
-76
-66
-64
-72
-64
-66
-57
-63
-60
-67
-51
-31
-29
-28
-24
-7
18
18
12
17
32
49
72
99
120
143
165
182
187
182
192
204
216
241
255
267
253
242
252
246
242
230
228
225
214
198
183
185
180
177
166
158
173
160
127
105
82
66
39
12
0
-13
-24
-59
-76
-80
-95
-120
-137
-150
-153
-154
-166
-180
-183
-177
-189
-191
-180
-174
-164
-149
-148
-140
-127
-142
-139
-142
-154
-152
-153
-132
-126
-128
-131
-133
-131
-110
-104
-112
-102
-94
-81
-70
-56
-51
-51
-45
-17
-16
-7
1
-14
-14
-6
10
26
22
30
40
56
67
69
83
99
111
111
110
106
90
96
71
62
41
27
21
16
29
16
16
11
7
5
13
33
35
52
67
74
82
89
94
105
100
111
111
106
103
93
107
87
82
90
85
84
67
48
41
43
26
30
29
17
-4
-5
-13
-36
-46
-49
-50
-40
-26
-31
-27
-32
-31
-32
-22
-19
-33
-50
-79
-91
-102
-115
-129
-156
-174
-189
-198
-213
-198
-189
-211
-211
-203
-192
-182
-172
-154
-145
-141
-127
-114
-88
-83
-76
-47
-16
-1
15
39
65
87
102
115
122
131
141
139
161
168
159
163
168
171
178
173
161
162
152
162
162
153
148
138
136
121
116
124
125
128
130
135
132
133
139
127
119
119
112
95
67
56
51
46
26
7
1
-15
-34
-58
-44
-57
-75
-68
-74
-65
-55
-53
-65
-76
-72
-73
-85
-84
-89
-98
-112
-133
-139
-136
-127
-123
-125
-117
-105
-112
-114
-123
-126
-143
-138
-134
-147
-151
-169
-159
-160
-137
-133
-135
-135
-118
-101
-73
-57
-61
-50
-38
-23
-1
13
21
21
29
32
37
44
40
50
58
75
75
84
83
80
97
94
118
113
121
122
114
112
104
107
114
114
124
116
99
98
98
89
85
79
82
82
79
75
70
64
48
55
44
46
39
19
19
9
5
1
-17
-28
-26
-17
-24
-30
-31
-41
-39
-35
-42
-44
-49
-44
-36
-35
-27
-35
-44
-37
-42
-47
-35
-45
-49
-52
-55
-60
-57
-55
-69
-65
-58
-52
-49
-55
-49
-43
-45
-49
-55
-45
-47
-55
-58
-65
-42
-37
-46
-55
-57
-46
-40
-42
-47
-42
-36
-39
-24
-26
-17
-12
-5
9
13
17
21
46
64
73
75
92
89
82
79
75
72
67
60
50
50
45
54
63
76
67
65
75
82
85
78
76
70
67
63
62
68
62
56
45
35
25
22
2
-1
-11
-7
-18
-40
-45
-56
-38
-49
-49
-49
-39
-38
-45
-39
-37
-32
-26
-30
-13
-11
-4
7
-1
17
1
12
13
-6
-6
-15
1
-1
-3
-14
-17
-10
-7
-16
8
21
28
52
63
75
85
79
78
95
96
98
76
64
59
50
27
8
-4
-11
-19
-28
-37
-37
-42
-47
-39
-41
-34
-37
-51
-51
-50
-48
-57
-69
-67
-71
-82
-91
-99
-104
-110
-126
-148
-144
-142
-147
-153
-152
-152
-148
-146
-153
-154
-148
-153
-141
-125
-105
-94
-97
-83
-71
-51
-39
-22
-20
-2
13
24
27
42
53
63
81
94
111
116
127
122
125
128
128
132
127
130
135
137
138
132
137
144
140
136
141
140
139
130
136
140
134
137
118
131
120
113
103
95
92
75
74
64
58
52
55
41
28
19
9
5
-3
-8
-25
-34
-54
-63
-78
-84
-88
-86
-86
-82
-88
-92
-95
-92
-93
-101
-86
-88
-86
-93
-95
-98
-96
-97
-96
-96
-101
-73
-59
-61
-70
-60
-47
-39
-34
-34
-30
-14
-8
-7
-6
7
12
14
21
18
30
34
45
40
40
55
64
52
56
39
39
52
38
39
26
17
14
25
23
9
5
6
9
-5
-10
-12
-6
0
-9
-14
-15
-8
-6
-7
-8
-3
0
-12
-16
-12
-12
-23
-34
-34
-41
-44
-45
-46
-49
-66
-78
-82
-79
-73
-62
-52
-49
-42
-39
-32
-22
-18
-19
-14
-11
-11
1
5
21
33
38
45
37
36
40
38
48
51
40
36
29
29
29
22
23
16
15
29
28
23
21
32
44
52
52
55
56
47
42
46
40
47
55
42
35
30
30
32
26
27
26
36
26
23
27
21
20
25
15
16
9
15
3
3
13
3
13
1
12
2
2
-1
-9
-4
-4
2
1
5
10
22
23
25
13
2
9
23
15
-9
-31
-50
-63
-59
-73
-86
-107
-107
-122
-136
-134
-139
-145
-144
-129
-124
-120
-111
-97
-97
-80
-78
-81
-57
-48
-36
-38
-16
-23
-15
6
28
39
50
55
51
67
77
87
85
98
93
96
103
104
104
103
102
115
111
110
116
110
120
120
134
109
106
107
100
91
88
82
61
50
28
30
16
-3
-10
-13
-12
-25
-32
-37
-36
-28
-39
-52
-47
-60
-55
-61
-69
-77
-96
-91
-97
-108
-108
-116
-118
-121
-127
-118
-117
-108
-112
-113
-107
-111
-100
-101
-95
-92
-87
-84
-78
-63
-50
-39
-28
-6
13
18
26
39
44
58
61
58
64
71
76
79
78
90
98
98
104
109
121
117
111
109
110
108
93
91
79
71
69
63
58
57
50
42
44
34
22
15
-2
-18
-16
-16
-30
-34
-37
-33
-49
-65
-62
-54
-53
-57
-54
-48
-46
-45
-48
-53
-56
-53
-53
-55
-56
-60
-58
-56
-43
-46
-45
-37
-21
-12
-6
9
11
21
27
31
38
47
46
54
56
53
56
60
54
62
62
49
54
59
60
69
67
61
63
59
67
49
46
47
43
48
38
33
28
27
22
10
0
-7
-17
-23
-28
-44
-52
-66
-79
-87
-100
-96
-106
-111
-115
-114
-116
-110
-106
-108
-102
-108
-104
-100
-87
-79
-76
-71
-67
-69
-60
-52
-51
-46
-35
-11
-3
-1
2
12
9
23
15
27
29
32
48
49
53
56
56
66
77
84
95
94
103
110
109
111
110
109
113
109
104
108
98
92
88
83
77
60
50
47
30
24
22
12
3
-3
-7
-16
-19
-25
-37
-44
-50
-60
-58
-57
-59
-64
-74
-73
-63
-52
-56
-60
-62
-55
-61
-64
-66
-66
-51
-55
-57
-50
-54
-64
-56
-50
-34
-34
-34
-28
-22
-14
-4
5
21
21
29
31
31
37
47
53
55
71
66
72
72
77
67
69
74
59
61
57
45
47
43
41
40
34
33
22
13
17
3
10
-3
3
3
-8
-2
-12
-12
-19
-18
-27
-40
-38
-41
-46
-54
-67
-66
-66
-67
-65
-69
-70
-65
-64
-64
-66
-70
-71
-70
-66
-69
-56
-52
-46
-28
-31
-24
-19
-13
-3
7
12
18
19
24
35
23
22
21
24
30
31
39
39
32
39
38
40
36
39
34
35
43
43
53
53
55
46
46
45
47
38
30
27
28
29
28
20
17
16
8
6
1
2
-11
-18
-19
-21
-18
-19
-12
-10
-13
-4
1
4
1
0
-1
-9
-4
-8
-4
-12
-11
-5
-4
9
15
21
18
28
37
32
31
32
29
26
27
30
31
30
27
22
13
18
8
8
4
-2
-5
-1
0
-13
-23
-27
-23
-32
-30
-41
-42
-42
-41
-43
-51
-47
-55
-52
-61
-55
-53
-61
-54
-61
-56
-53
-52
-53
-51
-49
-60
-47
-43
-40
-37
-45
-27
-27
-10
-3
-6
6
17
26
23
34
46
52
48
49
49
52
52
50
43
43
34
37
34
30
35
31
38
41
49
46
41
39
45
39
33
42
41
46
46
45
50
39
30
34
22
11
7
0
-9
-10
-23
-26
-31
-35
-18
-10
5
7
-2
-26
-23
-22
-17
-12
-29
-41
-57
-64
-65
-69
-83
-92
-97
-97
-100
-101
-96
-89
-83
-79
-74
-70
-57
-52
-46
-35
-25
-15
-7
5
19
27
35
39
36
47
65
69
77
86
84
97
95
102
108
117
119
118
111
108
113
118
116
112
106
96
91
83
71
65
62
54
46
40
34
21
16
3
-5
-21
-36
-38
-37
-33
-33
-46
-55
-62
-71
-69
-90
-89
-91
-108
-108
-114
-120
-115
-115
-123
-118
-119
-112
-108
-110
-111
-110
-108
-98
-84
-84
-77
-79
-67
-60
-56
-46
-32
-30
-30
-19
-15
-1
3
14
25
30
35
48
44
62
65
62
77
80
89
86
91
91
94
99
87
93
92
96
96
92
84
75
75
75
62
63
57
52
61
50
47
35
42
41
42
38
25
20
16
12
4
-5
-4
-6
-12
-13
-11
-8
-10
-20
-22
-28
-39
-47
-53
-47
-48
-35
-42
-44
-42
-39
-29
-25
-27
-27
-27
-25
-20
-26
-24
-29
-32
-32
-37
-32
-29
-31
-29
-29
-31
-31
-30
-31
-29
-23
-18
-18
-17
-20
-19
-10
-5
-10
-1
-3
2
7
14
20
17
25
26
24
27
22
23
27
21
25
20
32
31
30
21
25
24
20
18
10
7
10
18
9
8
2
0
5
13
10
10
4
15
17
14
10
2
11
5
6
-1
-5
-8
-8
-10
-17
-21
-30
-34
-45
-40
-38
-47
-44
-40
-44
-32
-26
-21
-17
-10
-14
-23
-17
-22
-30
-30
-32
-22
-27
-18
-13
-8
-6
-12
2
0
8
1
5
4
12
11
13
15
16
22
28
33
37
39
37
40
44
48
52
44
33
40
34
38
36
39
34
34
31
29
19
18
14
13
17
9
13
16
15
11
17
16
22
24
24
14
15
11
20
16
6
0
-10
1
-14
-21
-23
-19
-21
-26
-24
-24
-25
-29
-28
-31
-28
-35
-37
-28
-36
-39
-43
-46
-42
-49
-47
-51
-51
-49
-43
-41
-48
-48
-45
-43
-45
-41
-36
-33
-31
-29
-23
-17
-14
-10
-9
3
14
7
12
5
15
19
17
21
10
22
20
22
20
18
26
25
17
14
24
23
19
16
24
22
18
16
19
16
14
15
10
11
14
12
16
15
10
11
10
7
10
13
23
12
22
21
19
30
21
31
32
32
39
38
44
47
42
40
38
40
44
56
50
53
54
52
51
46
48
41
36
35
29
25
22
16
14
13
6
6
1
2
0
-5
-8
-10
-20
-22
-21
-21
-25
-33
-34
-42
-44
-41
-50
-59
-64
-62
-72
-80
-78
-86
-88
-94
-104
-102
-106
-103
-107
-102
-97
-92
-88
-86
-80
-80
-73
-73
-65
-46
-40
-38
-36
-24
-20
-12
1
12
12
20
22
27
34
41
42
46
48
49
53
60
57
46
66
59
65
58
68
67
57
63
62
67
61
63
74
66
52
47
45
40
34
35
36
33
34
32
23
23
13
9
7
14
10
7
7
1
7
3
7
3
-5
-15
-3
5
-4
-1
-5
-11
-14
-12
-16
-14
-12
-20
-10
-9
-15
-18
-20
-17
-13
-5
-6
-1
-1
-2
7
8
7
11
7
2
1
-5
1
0
-8
-5
-2
4
5
0
-6
-6
-11
-10
-9
-13
-9
-6
-10
-11
-14
-13
-16
-17
-20
-24
-31
-40
-35
-32
-34
-36
-34
-31
-30
-27
-29
-24
-21
-13
-11
-20
-22
-26
-24
-23
-24
-17
-26
-19
-14
-10
-9
-10
-8
-2
6
-3
4
7
11
14
11
21
26
29
27
34
37
33
39
42
34
27
31
31
26
31
33
33
20
18
20
21
22
20
24
21
16
17
14
11
2
0
2
4
-3
-5
-7
-9
-10
-9
-12
-11
-12
-8
-14
-18
-16
-23
-20
-30
-25
-29
-35
-31
-24
-34
-33
-39
-44
-28
-36
-29
-27
-21
-14
-10
-8
-4
-4
7
6
11
24
20
29
29
31
38
39
41
54
56
48
40
37
42
40
45
43
43
42
33
34
31
37
36
32
30
29
27
24
18
21
13
13
6
-1
5
2
-3
4
-2
-9
-11
-5
-10
-16
-18
-21
-29
-37
-35
-40
-41
-46
-47
-52
-51
-55
-46
-45
-44
-35
-38
-33
-32
-30
-38
-38
-31
-40
-35
-37
-39
-28
-34
-30
-29
-22
-20
-23
-16
-16
-14
-12
-9
-12
-10
-10
-12
-8
-8
-7
-5
-9
0
-3
2
8
11
19
24
21
27
34
41
42
28
29
28
27
23
26
27
26
24
27
31
23
23
23
29
23
27
32
31
26
37
39
40
36
28
28
31
23
27
17
9
12
9
10
10
20
20
18
17
18
5
10
17
19
5
7
14
10
8
8
7
-2
-2
-10
-11
-8
-13
-26
-22
-19
-23
-28
-29
-21
-20
-26
-32
-33
-29
-29
-28
-27
-27
-23
-25
-30
-37
-42
-44
-46
-40
-48
-49
-45
-43
-41
-39
-39
-38
-39
-32
-23
-19
-22
-17
-17
-18
-15
-15
-16
-12
3
-2
7
4
7
12
10
20
8
18
19
14
21
26
32
26
28
27
32
33
35
38
39
41
35
34
37
37
37
41
42
36
37
37
30
29
21
31
33
29
24
21
24
16
14
16
19
13
6
5
5
5
5
-2
-7
-1
-2
-3
-5
-9
-8
-11
-13
-10
-13
-16
-18
-23
-28
-24
-20
-23
-31
-28
-20
-12
-14
-21
-15
-19
-16
-17
-21
-19
-19
-19
-16
-9
-11
-13
-11
-15
-10
-8
-5
-9
-14
-6
-15
-17
-12
-13
-6
-6
-9
-9
-6
4
5
9
9
15
12
17
16
14
20
14
19
11
14
20
14
13
13
10
10
7
10
15
9
6
4
-1
-2
-4
-3
-5
-4
-5
-6
-12
-10
-8
-7
1
-7
1
-2
-1
-1
-6
-2
-4
-3
-6
-7
-9
-11
-18
-14
-10
-8
-8
-11
-1
-5
-5
-2
0
0
0
5
-6
-7
-2
-12
-5
-2
0
6
4
6
10
7
11
14
6
7
7
11
7
6
6
11
11
10
10
15
20
19
21
19
11
15
12
13
11
11
8
6
6
6
16
13
4
1
-3
-2
-7
-2
-1
4
3
1
10
-5
-9
-4
-3
0
-4
-5
-6
-7
-4
-11
-10
-12
-13
-8
-7
-6
-15
-9
-11
-6
-5
-15
-10
-20
-22
-25
-25
-28
-23
-17
-21
-26
-22
-19
-15
-16
-15
-12
-13
-18
-11
-11
-18
-16
-13
-18
-12
-6
-2
4
4
7
5
7
8
6
9
8
8
17
18
19
18
18
21
15
13
18
17
19
15
28
24
19
16
16
19
19
26
13
16
17
17
16
11
11
17
13
11
10
7
9
8
11
6
3
8
2
3
4
-1
2
-8
-6
-5
-4
-6
-11
-15
-16
-16
-18
-14
-19
-14
-14
-13
-10
-8
-1
-2
2
-8
-10
-3
3
1
0
5
3
7
-2
-5
-2
6
4
2
6
4
-5
-4
-5
-1
-1
2
-1
0
9
8
8
6
-1
9
12
12
9
4
5
1
1
1
-1
-1
-5
-13
-10
-4
0
-2
-8
-8
-5
-6
-7
-9
-8
-16
-14
-17
-16
-17
-21
-17
-23
-15
-16
-14
-18
-18
-24
-16
-10
-10
-4
-4
2
2
8
7
9
8
10
10
9
4
3
7
11
14
16
16
14
16
17
14
15
12
18
15
16
12
6
8
10
9
7
10
5
12
14
13
9
13
6
8
15
16
14
3
15
10
3
2
2
7
8
1
4
2
-9
-1
-2
-5
-9
-14
-16
-16
-16
-22
-23
-20
-20
-23
-25
-25
-23
-27
-19
-21
-21
-29
-24
-20
-16
-12
-14
-10
-8
-3
-3
-7
-4
-4
-3
-1
-1
-2
-7
-8
-5
3
4
-2
1
2
4
16
13
9
14
18
16
16
14
11
10
14
11
11
6
0
-1
3
-2
1
-3
4
2
2
10
8
10
6
7
6
7
3
4
-4
-6
-5
-2
-3
-9
-6
0
-2
-6
-10
-15
-5
-1
-4
-4
-5
-9
-1
0
4
7
4
9
6
2
14
10
10
15
15
17
20
22
19
14
11
13
19
13
14
10
8
11
14
2
12
15
17
21
13
15
6
8
8
4
1
-2
0
-3
-3
2
-3
-11
-10
-14
-12
-12
-18
-18
-11
-12
-10
-10
-13
-7
-12
-9
-11
-18
-14
-13
-10
-13
-16
-13
-13
-10
-7
-12
-14
-12
-12
-9
-7
-8
-7
-5
-5
0
-1
2
3
0
-1
-4
1
2
0
12
2
4
9
9
8
5
0
1
-2
-6
1
-6
4
1
6
9
7
11
8
8
9
6
5
4
11
6
2
3
-3
-4
-3
-4
-9
-12
-13
-7
-10
-10
-10
-12
-3
-6
-10
-9
-11
-7
-5
-1
-2
-10
-8
-2
4
-4
-1
-3
6
-1
4
1
5
9
7
13
8
10
16
10
9
16
6
9
3
6
10
10
13
14
10
10
9
6
2
7
13
15
10
4
5
8
8
6
1
8
9
7
8
6
11
4
-2
-2
-7
-7
-9
-8
-15
-13
-14
-16
-17
-22
-23
-25
-19
-17
-10
-10
-9
-5
-5
-7
-6
-3
0
-4
3
-11
-10
-6
-4
-11
-10
-8
-9
-8
-8
-5
-15
-12
-8
-2
-8
-7
-3
-1
5
8
1
5
3
1
2
-2
-1
-2
1
2
6
8
3
6
11
8
6
7
8
8
13
11
8
8
2
5
7
14
14
13
18
14
18
9
10
9
8
7
11
13
12
15
11
14
16
7
4
-7
-6
-7
-9
-5
-9
-4
-9
2
1
-6
-3
-7
0
-7
-6
-10
-6
-2
-6
-5
-7
-6
-4
-4
-8
-4
-6
-6
-5
-3
-3
1
0
-3
0
7
9
4
6
3
8
1
1
-4
2
10
-1
8
2
2
4
5
3
4
-1
-4
2
-5
-6
-5
-1
-3
0
1
-2
-11
-10
-6
-11
-18
-19
-16
-18
-15
-22
-11
-10
-8
-6
-5
1
-4
-1
-1
3
1
-2
2
9
7
2
-5
-3
2
-2
-1
-2
2
2
-2
-5
-5
-5
-2
2
-3
-3
-3
-4
-1
10
11
9
11
12
17
17
14
11
9
5
1
7
10
2
8
8
10
12
6
10
13
9
12
13
7
9
9
4
2
0
3
2
2
-5
-9
-6
-4
-2
3
4
5
2
3
7
7
1
2
-2
0
5
-3
-13
-9
-5
-7
-6
-8
-8
-2
-1
-2
-3
-6
-6
-9
-10
-11
-12
-13
-10
-7
-5
-7
-7
-4
-4
4
1
-3
3
1
3
-2
-4
-13
-15
-14
-16
-14
-12
-14
-9
-10
-10
-8
-11
-14
-20
-11
-8
-3
9
6
11
6
8
7
5
8
-3
2
1
3
4
5
-2
0
3
5
13
10
10
6
8
8
7
7
4
3
1
1
6
7
7
11
-3
6
3
1
6
1
8
-5
-1
-2
-2
3
0
-4
0
-2
-5
-3
-6
-2
-3
-2
5
-3
-1
-2
-2
-2
-7
1
4
6
11
13
11
11
8
10
12
14
7
13
8
10
10
11
8
6
10
6
9
0
5
4
2
0
1
1
5
-2
0
1
-7
-9
-10
-3
-5
-6
1
-1
-5
-1
-2
-8
-5
-7
-5
-7
-2
-4
-9
-4
-8
-10
-8
-12
-6
-5
-8
-8
-10
-5
-2
-8
-8
-15
-6
-6
-11
-4
-5
-3
-5
-5
-2
-4
-1
-4
-2
-5
-8
-3
-4
4
1
4
11
2
7
7
8
12
6
1
0
-8
-9
-8
-2
7
4
2
-2
1
7
13
18
23
17
17
13
18
23
16
10
10
8
3
-4
2
-8
-8
-6
-11
-7
-11
-7
-7
-11
-9
-11
-11
-8
-11
-6
-2
-5
-6
-5
-6
-8
-5
-4
-7
-1
-11
-8
-5
-9
-1
-9
-4
3
4
10
3
12
4
13
4
10
12
10
9
10
14
11
13
6
7
10
13
7
12
8
9
8
8
9
4
3
6
5
4
3
-4
4
-2
-4
-5
-4
-4
-10
-8
-13
-14
-12
-19
-16
-10
-12
-9
-15
-22
-16
-20
-17
-13
-18
-13
-12
-16
-11
-6
-7
-10
-11
-5
-7
-7
-10
-5
-9
-4
-8
-7
2
2
7
10
15
21
19
17
20
22
26
26
19
22
23
28
27
23
22
15
17
14
7
8
8
8
12
11
9
8
13
7
6
8
4
-1
-3
-2
3
0
-7
-8
-16
-13
-20
-16
-16
-17
-20
-19
-22
-19
-17
-18
-19
-18
-18
-22
-15
-18
-13
-21
-17
-17
-17
-18
-19
-16
-7
-6
-11
-2
1
3
7
10
5
12
11
16
12
19
13
13
18
19
21
17
13
12
9
12
19
16
14
11
10
17
12
17
12
11
19
18
17
18
16
13
8
11
14
6
10
0
2
5
4
3
5
3
-5
2
-9
-7
-11
-13
-11
-11
-15
-14
-18
-24
-23
-20
-19
-21
-16
-17
-10
-14
-17
-14
-16
-13
-23
-21
-19
-18
-21
-24
-24
-22
-15
-17
-11
-20
-15
-14
-12
-3
-9
-6
-4
-5
2
0
7
9
11
17
10
18
17
13
12
13
12
8
7
10
11
10
13
11
9
8
9
12
9
3
10
7
8
18
13
19
20
20
15
18
17
9
13
7
9
5
3
4
8
9
-1
3
2
1
3
5
3
4
-4
-7
-7
-7
-5
-2
-4
1
-3
-1
0
-4
2
-3
3
-3
1
-3
-6
-6
-8
-5
0
-6
-10
-5
-4
-2
-6
-6
-7
-7
-1
-5
-7
-13
-6
-14
-14
-4
-10
-9
-14
-11
-15
-14
-8
-12
-9
-10
-12
-16
-16
-7
-8
-5
-9
-2
-3
-5
2
5
8
2
9
9
14
13
12
15
15
7
11
12
13
8
7
7
5
15
11
14
14
13
14
12
12
12
14
12
5
3
7
0
2
2
0
0
-4
-4
-4
-1
-9
-6
-10
-11
-13
-14
-15
-16
-13
-15
-9
-14
-15
-13
-9
-10
-13
-15
-15
-16
-11
-12
-14
-11
-13
-8
-8
-4
0
-3
-1
4
6
6
6
13
6
14
13
12
14
14
17
27
25
23
27
23
19
14
17
11
13
13
15
15
13
13
13
16
16
16
13
13
18
10
12
8
5
5
0
1
-6
-5
-10
-9
-6
-13
-11
-13
-11
-6
-17
-14
-11
-16
-12
-18
-19
-20
-22
-23
-22
-19
-22
-22
-18
-14
-13
-22
-13
-11
-8
-14
-4
-6
-8
-7
-11
-8
-9
-9
-8
-6
-8
-5
-3
-1
-2
-3
1
-4
2
6
4
8
3
14
9
10
8
5
9
3
4
6
6
5
2
3
3
4
2
6
8
7
8
6
6
4
7
11
11
12
15
14
11
17
16
13
16
7
11
11
3
4
0
2
5
3
6
-2
4
0
-1
1
0
1
-5
-1
1
-2
4
2
-3
-3
-3
-4
-2
-2
-4
-6
-6
-6
