SAMPLES:	9659
BITSPERSAMPLE:	16
CHANNELS:	1
SAMPLERATE:	16000
NORMALIZED:	FALSE
9
6
9
5
4
1
-3
-8
-12
-11
-15
-11
-6
-12
-14
-9
-12
-11
-9
-11
-5
-10
-14
-9
-9
-12
-10
-16
-14
-12
-22
-15
-14
-15
-14
-8
-6
-6
-14
-14
-5
-5
-5
-4
-2
-12
-10
-11
-10
-7
-6
-13
-14
-4
-8
0
-2
-2
4
1
3
-3
1
6
6
8
5
8
10
6
7
10
6
6
5
3
2
1
0
0
-1
-2
-1
1
-2
2
0
0
-5
5
5
6
4
2
5
4
3
-6
4
1
0
-2
-1
0
-3
3
1
5
3
1
1
7
10
6
10
7
10
8
5
2
3
1
4
0
-3
1
3
3
0
4
6
12
10
11
16
6
7
3
11
9
7
10
13
11
7
5
3
5
1
0
-1
3
5
2
4
-3
3
0
-7
-6
-9
-7
-7
-8
-11
-9
-8
-12
-13
-8
-9
-9
-9
-16
-10
-14
-7
-7
-11
-10
-9
-11
-17
-14
-21
-22
-18
-19
-20
-20
-16
-15
-7
-7
-4
-5
-8
-6
-5
-8
-8
-8
-8
-4
-15
-9
-8
-7
-7
-8
-3
-4
3
-3
-2
-3
-4
-4
-4
0
-2
2
5
10
9
6
9
8
9
9
6
8
9
6
12
5
12
12
13
15
10
15
8
12
7
11
10
12
14
16
14
12
19
14
12
14
14
12
16
12
14
17
16
13
14
15
11
11
8
12
6
8
7
8
4
6
9
9
15
6
11
8
1
3
5
7
1
-2
0
-5
-9
-3
-5
1
2
0
4
7
7
6
2
1
-2
2
2
6
-3
-3
3
-8
-3
-7
-11
-11
-10
-8
-7
-5
-6
-4
0
-1
-3
-7
-7
-3
-8
-6
-11
-15
-15
-18
-12
-13
-15
-9
-17
-10
-12
-8
-6
-12
-5
-6
-12
-14
-13
-17
-13
-18
-15
-12
-5
-11
-5
-9
-11
-5
-12
-10
-11
-1
-5
-6
-6
-2
1
3
2
4
6
-3
5
3
4
7
6
8
6
11
12
10
7
8
0
4
5
0
0
3
4
3
9
5
8
7
6
6
5
6
6
1
-2
3
1
0
-1
-1
1
-3
1
0
-2
1
-3
-3
2
-2
-4
1
0
4
7
7
14
10
10
6
1
-4
-4
-4
-3
-1
0
-2
-2
0
-6
-1
1
-1
4
7
1
6
9
6
11
9
7
11
9
6
2
-2
-1
-2
-3
-2
-5
-9
-6
-5
-2
-1
-2
-4
0
0
-3
-7
-9
-5
-4
-7
-12
-9
-6
-5
-8
-6
0
-3
-3
-3
-5
-6
-7
-7
-2
-6
-4
-8
-3
-3
-4
3
-1
1
-5
-5
-4
-3
-1
0
1
-5
-2
-3
-1
2
6
6
-1
3
0
-4
3
0
-1
0
-5
-3
-3
-4
-9
-6
-4
-3
-3
-4
-4
-3
-2
2
2
1
3
2
4
1
0
2
4
3
1
-1
0
0
2
-3
1
4
2
7
4
8
2
4
5
4
9
9
6
8
2
6
7
7
11
3
11
9
14
15
19
20
21
19
15
12
15
18
16
12
18
12
9
8
4
7
4
7
6
8
7
6
8
13
3
6
3
3
2
0
-3
-5
-5
-1
1
1
-5
-6
-6
-4
0
-3
-5
-10
-8
-2
-10
-6
-9
-11
-11
-11
-9
-11
-5
-4
-1
0
-7
-8
-10
-15
-8
-14
-13
-13
-9
-7
-8
-5
-14
-7
-9
-3
-3
-3
-1
-5
-1
-7
-8
-13
-11
-11
-8
-9
-11
-8
-13
-16
-15
-19
-11
-11
-9
-8
-11
-9
-10
-6
-11
-6
-7
-2
-1
-1
3
1
7
5
2
7
11
10
12
18
8
12
9
10
9
3
8
4
7
6
9
10
7
9
7
5
9
5
7
9
7
10
7
9
8
8
7
5
6
8
3
6
7
6
11
17
12
6
5
-1
-3
-8
-15
-17
-10
-6
1
1
2
4
4
4
-1
0
-3
-3
-4
-4
-2
-6
1
0
-1
2
1
0
-1
4
-5
-3
1
-5
2
-5
-3
-7
-3
-3
-5
4
1
1
3
2
7
6
1
3
-1
4
-1
-4
-2
-8
-8
-9
-12
-12
-14
-17
-16
-14
-11
-16
-13
-14
-16
-13
-10
-12
-15
-15
-16
-12
-10
-4
-3
-4
-4
-4
-5
-9
-9
-6
-4
-6
-6
-9
-1
-2
1
1
-1
4
0
3
6
3
5
3
4
2
4
5
8
9
3
7
5
10
15
18
21
18
19
24
21
19
14
14
19
6
7
6
6
9
6
8
8
8
7
8
3
9
7
9
12
12
12
11
15
17
11
8
6
5
6
2
1
0
-1
-3
2
-4
2
0
4
5
5
7
6
10
5
16
8
14
14
10
7
8
8
4
6
6
4
-1
2
-2
-7
-3
-4
-8
-6
-12
-6
-6
-7
-8
-5
-5
-7
-10
-7
-6
-5
-2
-5
0
-4
-6
-9
-12
-8
-7
-5
-2
-4
-7
-6
-6
-3
-5
-2
-7
-3
-7
-9
-12
-14
-18
-18
-18
-16
-6
18
43
5
-20
-27
-35
-34
-45
-50
-41
-32
-23
-18
-17
-10
4
19
20
24
21
4
-9
-32
-36
-24
-16
-13
-9
-8
-6
0
-5
-7
-21
-31
-33
-36
-35
-39
-30
-11
8
36
48
55
68
62
58
65
60
56
56
47
44
24
28
23
17
7
-5
-7
-20
-8
-9
-10
-13
-23
-30
-20
29
67
79
69
55
32
19
5
5
13
1
-11
-22
-49
-45
-41
-46
-27
-10
30
38
-2
-23
-26
-20
-5
-6
-20
-28
-28
-53
-67
-62
-41
-1
8
36
45
47
25
22
0
-16
-13
-5
-4
-37
-42
-23
42
101
112
110
92
47
-9
-47
-59
-85
-91
-72
-51
-45
-56
-66
-50
-7
26
48
72
91
67
38
64
100
79
43
11
-12
-36
-53
-67
-98
-131
-150
-148
-153
-147
-127
-101
-62
-11
5
5
23
29
74
124
136
113
84
71
36
15
11
16
7
-21
-26
-24
-33
-36
-27
-12
-15
-17
-15
-20
-22
-40
-46
-32
5
28
37
45
54
59
63
53
52
59
50
51
72
65
50
41
32
42
39
34
19
12
33
36
25
30
28
21
5
-8
-19
-15
-13
-21
-19
-17
-3
-11
-27
-19
-15
-24
-15
-5
7
-2
-16
-7
-6
-12
-11
8
9
16
13
11
19
10
5
-1
5
16
5
-6
-35
-57
-53
-62
-63
-75
-70
-61
-53
-39
-35
-7
1
-4
8
20
23
26
26
29
34
35
40
36
12
-2
-10
-12
-1
3
-4
-35
-30
-31
-66
-94
-100
-88
-65
-20
3
1
6
8
18
31
31
48
54
79
96
74
68
61
35
2
2
-3
-11
-20
-23
-24
-26
-27
-31
-39
-42
-44
-30
-26
-31
-34
-30
-10
3
34
35
28
37
33
46
45
36
44
23
29
26
17
9
-3
10
20
24
30
29
18
15
7
-6
-6
-4
-7
-21
-26
-33
-38
-39
-49
-43
-31
-23
-19
-7
15
12
-6
1
12
28
28
25
21
-7
-15
-14
-7
-13
-14
-13
2
-1
-9
-12
-15
-10
-10
-12
-16
-10
-6
-16
-11
2
20
30
24
17
12
-6
-2
14
3
-5
-21
-22
-1
9
29
43
44
38
15
26
23
2
-14
-14
-20
-13
-10
-27
-30
-43
-25
-5
-4
-18
-39
-46
-30
-22
-23
3
10
-11
-17
-6
6
1
-10
-9
-5
-4
2
-3
-8
-14
-22
-24
-20
-1
-3
-19
-20
-24
-20
-20
-12
0
22
34
26
14
6
-2
17
45
33
31
35
33
25
-1
3
12
-1
-10
2
0
8
-11
-35
-13
-3
7
-2
-6
-15
-3
19
34
31
22
28
32
47
66
58
44
52
56
39
34
25
-1
-41
-48
6
28
4
-26
-29
-20
-30
-56
-66
-37
-2
-9
-35
-24
3
25
19
6
20
49
83
80
64
39
36
44
30
-9
-18
-9
-2
-8
-31
-48
-31
-18
-17
-15
-20
-13
15
44
16
0
23
26
14
-25
-38
-23
3
9
-12
-33
-17
4
37
29
-41
-39
-7
30
6
-43
-41
-12
-5
-23
-35
2
33
-2
-66
-68
-16
27
11
-40
-68
-50
-3
21
-37
-82
-40
23
27
-22
-21
19
55
38
19
6
26
40
22
16
4
23
29
15
0
-31
-32
12
9
-28
-43
-31
-7
-20
-51
-57
-36
-2
-1
1
4
14
32
26
28
21
17
31
40
16
-14
-35
-11
10
1
-7
-30
-14
32
19
-12
-45
-32
-2
-5
-18
-24
6
26
12
-7
1
28
32
10
3
-11
11
24
5
-4
-10
-10
-5
-10
-16
-9
-1
3
7
5
18
19
5
0
-11
-10
13
16
6
-8
-3
5
-3
0
1
20
25
25
23
12
8
12
10
7
5
10
14
-4
-1
-6
-2
-3
4
5
14
16
10
22
13
9
18
20
17
29
19
16
16
3
-9
-14
-13
-6
-13
-18
-23
-30
-16
-5
-3
-16
-17
-19
-36
-31
-40
-42
-37
-28
-35
-39
-37
-29
-23
-21
-12
-21
-2
7
13
9
5
21
17
24
23
9
-9
-10
-5
-7
0
-16
-30
-27
-8
24
23
-6
-12
7
20
5
-11
16
46
24
-5
-9
0
29
13
1
10
23
18
-5
3
6
14
26
26
5
-16
-6
3
-4
-3
-1
0
13
27
18
16
20
39
37
26
21
15
36
37
-1
-6
15
23
7
-7
15
25
-7
-18
7
26
2
7
16
10
22
0
8
12
13
-6
-29
-24
-13
-22
-23
2
-10
-48
-57
6
15
-29
-37
-4
19
2
-15
-37
-15
17
18
-1
-33
-32
5
-7
-41
-40
-7
19
-15
-29
-20
8
14
0
-6
-7
-3
10
20
8
-5
-5
16
23
15
-14
-21
-9
13
16
-34
-55
-2
38
-4
-41
-15
18
0
3
38
3
-11
1
28
24
-15
-27
-18
35
29
-30
-41
-10
-11
-33
-19
7
8
15
67
108
68
13
15
3
-44
-57
-9
18
-42
-88
-47
-39
-86
-60
-31
4
40
55
42
-15
-25
3
47
53
75
78
67
52
46
-19
-58
19
15
-28
-51
-47
-28
-56
-91
-23
-11
-31
-17
67
58
-38
-3
52
57
12
5
81
102
24
-40
-5
61
15
-36
-10
29
-14
-44
-2
-1
-25
-77
-26
59
19
-32
-14
25
23
-21
-25
15
34
15
-4
-12
-13
3
-10
-20
-17
-25
-2
-7
-22
-36
-36
2
9
-9
-21
-11
0
-26
-42
-5
17
15
-9
-1
-15
-35
-53
-16
11
-1
-28
-29
26
21
2
-9
-9
5
8
16
10
-9
-41
-28
7
-8
-29
-5
32
23
1
15
24
36
11
-12
6
5
6
8
-24
-50
-43
-13
-18
-13
-2
8
14
21
31
24
13
16
-1
-7
24
49
38
-8
-21
8
32
25
20
24
18
16
17
-14
-20
7
15
21
25
25
24
24
15
-14
-7
21
52
59
10
18
-3
-7
5
16
37
26
14
-8
-4
11
-1
-11
8
14
19
-6
-17
8
7
1
-15
-11
24
36
2
-39
-23
20
33
11
1
18
25
11
-2
-21
-31
-26
-10
17
22
-40
-27
20
14
-22
-59
-17
0
-20
-29
-39
-25
8
23
-4
-5
14
38
21
-24
-6
15
9
-35
-28
6
26
-6
-39
-20
-20
-11
-34
-37
-1
7
-11
-38
-24
-16
-8
-5
-27
-10
-1
9
4
-3
3
11
-12
-13
-6
-9
4
4
9
-10
-4
18
4
-10
-19
-12
9
4
1
-13
-24
-25
-3
1
-29
-25
12
-7
-36
-25
-5
6
-8
-32
-31
-16
-24
-40
-52
-41
-7
-23
-26
-15
-17
-5
-10
-10
-8
15
29
-2
-27
-1
31
10
-25
-16
37
55
30
7
1
41
52
49
22
43
90
85
67
32
56
93
58
30
28
56
57
28
9
-4
12
31
39
16
-4
15
46
37
39
54
103
146
135
117
124
141
136
112
116
134
140
101
67
69
68
26
-7
-8
-20
-36
-97
-139
-147
-162
-195
-229
-238
-239
-248
-279
-303
-309
-295
-282
-288
-300
-272
-226
-216
-205
-194
-147
-110
-71
-58
-34
16
32
69
79
87
106
130
137
142
143
160
191
176
139
96
98
96
64
57
47
38
1
-68
-96
-97
-96
-107
-118
-102
-100
-104
-96
-90
-70
-56
-20
26
35
62
67
70
84
116
148
160
173
184
193
197
183
160
158
184
172
153
149
134
119
76
85
115
95
56
65
82
82
66
67
103
91
86
145
261
388
430
410
374
366
404
469
547
592
582
522
432
374
346
302
255
193
108
19
-111
-248
-391
-508
-574
-652
-720
-774
-849
-947
-1036
-1096
-1086
-1041
-1009
-989
-952
-901
-893
-854
-769
-658
-536
-450
-350
-237
-146
-60
16
106
196
257
326
380
427
457
499
560
609
606
604
583
567
546
513
505
491
452
405
347
290
264
211
156
75
-2
-43
-103
-148
-192
-224
-239
-263
-294
-306
-304
-294
-294
-287
-233
-181
-131
-105
-80
-40
4
61
131
166
176
203
221
220
219
207
209
218
234
224
235
226
199
185
174
177
197
226
235
255
253
248
229
221
235
277
399
573
723
731
606
513
553
718
871
951
926
829
700
566
480
462
464
355
180
-23
-217
-424
-620
-789
-882
-954
-1062
-1175
-1337
-1491
-1623
-1675
-1649
-1562
-1490
-1454
-1433
-1403
-1332
-1183
-1011
-836
-668
-541
-419
-314
-192
-46
101
234
364
490
559
606
647
692
755
835
890
884
830
759
704
712
742
757
725
629
519
399
335
324
323
279
164
25
-73
-123
-169
-225
-265
-309
-366
-417
-467
-476
-460
-452
-442
-373
-320
-303
-298
-261
-171
-82
-14
65
136
158
147
181
259
358
418
437
435
420
428
455
487
481
453
417
411
390
384
377
346
327
300
267
231
227
292
471
656
734
654
455
400
527
730
920
961
864
675
510
425
404
451
404
226
-10
-248
-474
-658
-829
-980
-1079
-1170
-1304
-1437
-1591
-1705
-1738
-1703
-1622
-1545
-1504
-1498
-1435
-1335
-1172
-982
-806
-633
-498
-391
-278
-118
49
206
361
488
574
642
707
763
827
884
948
1023
1053
995
886
801
817
852
837
752
648
562
472
380
262
181
128
53
-69
-193
-291
-356
-402
-463
-510
-560
-580
-604
-611
-594
-581
-548
-502
-445
-388
-315
-243
-170
-78
22
88
150
210
273
315
368
440
498
525
513
533
540
569
593
586
566
507
472
441
430
427
372
333
286
224
176
193
307
523
659
615
415
202
270
509
765
861
766
630
485
408
391
407
446
354
125
-102
-320
-484
-637
-790
-884
-993
-1169
-1369
-1530
-1635
-1672
-1680
-1648
-1597
-1605
-1620
-1558
-1385
-1179
-1003
-864
-743
-625
-501
-354
-148
57
183
273
359
455
596
702
788
870
890
924
968
1039
1053
979
889
846
873
870
810
674
598
544
507
452
297
160
55
5
-78
-151
-229
-358
-511
-642
-649
-604
-592
-655
-759
-786
-728
-654
-580
-477
-414
-361
-313
-202
-85
16
102
175
288
360
416
461
518
585
636
680
728
719
685
657
611
625
645
605
561
469
389
363
338
327
281
245
335
542
700
668
434
197
266
604
847
857
667
440
315
314
381
389
345
141
-149
-340
-453
-557
-705
-879
-1033
-1152
-1319
-1480
-1606
-1664
-1660
-1630
-1598
-1612
-1655
-1677
-1563
-1322
-1054
-878
-810
-770
-661
-467
-213
28
208
265
269
344
451
625
802
890
925
906
906
957
1062
1128
1121
1044
956
966
975
920
828
778
759
679
514
296
139
98
116
28
-117
-308
-498
-656
-710
-663
-633
-673
-824
-962
-973
-890
-788
-698
-631
-607
-590
-523
-376
-199
-41
85
177
264
313
382
488
615
724
758
769
798
814
824
846
849
845
821
744
663
638
608
552
468
385
335
385
593
750
703
471
166
172
501
789
821
612
379
221
233
310
351
319
111
-189
-439
-526
-587
-699
-900
-1082
-1187
-1290
-1443
-1608
-1711
-1710
-1628
-1588
-1599
-1655
-1706
-1612
-1364
-1101
-917
-866
-851
-770
-538
-273
-39
139
182
179
240
417
633
820
908
909
921
935
990
1098
1172
1185
1126
1029
999
992
951
891
877
847
744
535
278
155
183
202
90
-116
-352
-573
-689
-686
-656
-639
-764
-935
-1034
-1046
-979
-891
-823
-750
-725
-702
-617
-510
-337
-194
-74
36
144
240
346
460
626
766
818
828
822
889
959
1007
1000
984
955
890
837
801
785
738
618
478
374
446
697
824
722
374
98
234
611
837
730
477
253
178
242
291
283
192
-39
-319
-473
-536
-635
-821
-995
-1142
-1254
-1390
-1525
-1624
-1679
-1674
-1662
-1633
-1645
-1700
-1698
-1544
-1293
-1103
-1015
-970
-898
-707
-442
-168
35
132
201
266
429
618
746
860
934
984
1016
1043
1078
1176
1232
1239
1206
1157
1157
1106
1035
985
981
934
773
549
352
299
307
231
6
-210
-402
-548
-627
-704
-736
-803
-912
-1005
-1068
-1071
-1056
-1026
-992
-944
-872
-809
-704
-613
-498
-366
-258
-153
-38
120
285
465
581
618
662
725
837
927
1010
1021
998
961
933
964
999
984
937
818
664
530
514
752
970
926
642
284
203
504
800
814
575
354
195
177
297
331
252
88
-184
-402
-475
-554
-708
-869
-994
-1101
-1286
-1463
-1589
-1643
-1626
-1610
-1619
-1686
-1760
-1785
-1651
-1350
-1122
-1082
-1104
-1086
-920
-638
-346
-126
-24
28
79
190
440
653
776
849
925
981
991
1014
1123
1227
1277
1300
1221
1208
1185
1180
1148
1141
1098
951
797
614
548
508
450
265
8
-187
-330
-377
-464
-584
-749
-883
-978
-1002
-1009
-1010
-1016
-1068
-1062
-1028
-935
-814
-706
-629
-532
-441
-364
-252
-85
90
239
343
391
474
571
689
774
866
933
932
940
894
892
900
920
928
850
742
591
547
727
940
942
705
338
219
477
800
825
561
301
152
169
281
318
256
70
-201
-429
-508
-551
-689
-842
-997
-1091
-1248
-1462
-1603
-1623
-1579
-1539
-1585
-1709
-1784
-1801
-1682
-1390
-1140
-1059
-1095
-1066
-913
-647
-334
-122
13
92
176
304
491
667
760
847
965
1078
1144
1153
1184
1207
1268
1315
1285
1306
1283
1269
1191
1098
1044
935
854
752
666
595
479
298
72
-77
-179
-269
-366
-498
-660
-819
-907
-954
-955
-965
-978
-1007
-1043
-1022
-968
-874
-771
-690
-629
-554
-460
-333
-183
-44
79
145
233
324
434
568
658
725
744
784
830
855
855
846
865
859
844
760
652
666
831
979
953
708
432
421
661
875
826
592
389
275
278
339
317
197
6
-204
-402
-517
-624
-780
-908
-1012
-1086
-1246
-1480
-1626
-1660
-1578
-1512
-1551
-1667
-1777
-1782
-1642
-1389
-1188
-1136
-1145
-1048
-853
-613
-409
-274
-194
-85
87
285
459
578
653
704
868
1024
1127
1175
1227
1249
1270
1324
1314
1318
1329
1316
1245
1185
1118
1008
904
836
810
727
588
382
172
63
-24
-120
-264
-408
-533
-676
-719
-784
-872
-920
-937
-942
-948
-926
-916
-869
-797
-697
-632
-570
-516
-425
-291
-167
4
106
171
215
295
430
565
680
728
756
788
818
824
857
890
895
905
814
702
612
601
765
910
832
607
320
216
447
697
677
438
221
119
141
213
241
140
-24
-215
-434
-538
-613
-731
-842
-935
-1050
-1218
-1426
-1543
-1539
-1525
-1496
-1540
-1674
-1732
-1705
-1573
-1361
-1167
-1140
-1193
-1096
-852
-572
-378
-278
-210
-84
77
216
385
541
648
736
804
904
993
1011
1121
1251
1304
1269
1153
1138
1247
1376
1306
1148
999
899
851
854
841
710
540
322
154
112
72
-26
-176
-325
-419
-539
-642
-689
-721
-731
-752
-808
-898
-919
-842
-727
-586
-504
-516
-560
-500
-358
-191
5
114
116
101
149
290
456
600
652
645
631
645
671
698
772
844
841
781
637
534
502
570
777
921
793
478
196
179
501
751
670
384
143
98
152
268
280
152
-52
-270
-427
-454
-462
-577
-731
-913
-1035
-1196
-1360
-1406
-1379
-1372
-1419
-1516
-1623
-1642
-1601
-1485
-1307
-1192
-1222
-1241
-1115
-842
-574
-414
-363
-331
-203
-42
144
331
457
535
581
659
791
908
961
1027
1104
1130
1127
1081
1155
1292
1373
1291
1104
1008
957
973
966
915
787
597
382
254
247
235
150
-55
-262
-376
-445
-517
-549
-597
-684
-771
-870
-897
-866
-783
-709
-662
-641
-631
-633
-567
-382
-218
-93
-39
-31
-18
91
246
415
546
608
597
556
597
650
739
827
858
825
734
638
556
519
573
747
851
706
433
224
259
569
762
601
314
139
149
277
410
354
147
-60
-217
-307
-318
-388
-575
-744
-870
-1001
-1132
-1274
-1329
-1322
-1347
-1397
-1504
-1572
-1562
-1458
-1334
-1218
-1170
-1192
-1159
-1004
-752
-571
-488
-461
-374
-178
24
162
272
361
446
530
627
768
880
914
996
1068
1078
1055
1000
1094
1263
1346
1221
1005
924
940
1008
996
886
692
522
378
302
305
265
108
-124
-314
-396
-419
-446
-508
-597
-705
-819
-875
-851
-760
-699
-699
-733
-732
-720
-681
-588
-417
-251
-206
-194
-182
-88
57
215
362
432
488
518
562
637
700
751
776
816
828
801
740
664
617
593
630
751
733
589
392
299
426
620
645
405
213
195
263
343
286
112
-41
-130
-186
-257
-333
-494
-671
-794
-890
-1001
-1149
-1243
-1265
-1272
-1326
-1397
-1477
-1506
-1434
-1337
-1254
-1197
-1158
-1120
-998
-804
-646
-564
-493
-385
-218
-48
51
112
183
287
426
561
677
745
780
822
950
1026
1031
1020
1032
1146
1224
1199
1031
964
1004
1036
1020
910
783
628
507
435
376
348
201
-4
-162
-264
-280
-346
-433
-509
-604
-711
-784
-815
-749
-655
-639
-685
-721
-733
-686
-578
-427
-315
-280
-275
-235
-139
6
133
196
266
350
424
457
524
618
682
704
729
735
712
706
702
692
677
602
560
652
674
574
435
328
405
529
507
340
220
215
263
250
154
34
-48
-109
-185
-307
-430
-549
-679
-796
-890
-970
-1098
-1206
-1253
-1270
-1296
-1328
-1355
-1377
-1332
-1286
-1219
-1099
-1000
-944
-890
-803
-671
-540
-415
-286
-172
-82
-18
59
170
330
480
561
605
644
710
808
934
999
1003
1003
1032
1109
1165
1132
1024
999
1016
1045
992
862
744
654
600
541
454
365
209
10
-114
-142
-181
-279
-387
-520
-616
-678
-693
-671
-634
-598
-664
-735
-715
-639
-547
-469
-411
-402
-357
-307
-225
-107
25
124
171
214
264
331
401
504
605
649
612
583
560
610
668
658
609
518
456
426
524
634
589
432
269
223
349
491
420
222
130
152
188
182
61
-62
-112
-125
-208
-345
-465
-572
-641
-698
-782
-932
-1141
-1214
-1140
-1083
-1101
-1255
-1386
-1401
-1237
-1057
-945
-905
-947
-955
-865
-637
-439
-336
-310
-278
-215
-120
-4
103
205
311
363
381
412
512
625
763
881
868
835
792
871
1023
1096
1069
938
886
888
878
849
804
767
692
593
454
371
304
255
160
60
-40
-162
-294
-411
-424
-449
-497
-569
-618
-630
-640
-641
-614
-545
-500
-473
-469
-423
-301
-218
-137
-66
12
69
112
192
290
387
438
434
468
523
562
608
650
668
626
572
519
520
514
493
567
619
524
364
246
286
488
567
387
180
172
277
311
253
113
-3
-45
-108
-211
-302
-406
-542
-665
-785
-867
-995
-1142
-1167
-1133
-1162
-1300
-1416
-1453
-1335
-1174
-1130
-1131
-1125
-1098
-1018
-839
-600
-479
-467
-476
-428
-261
-104
7
65
137
228
301
333
420
562
659
750
817
789
766
788
929
1048
1090
997
860
882
944
970
934
858
791
695
594
518
488
456
332
190
58
0
-79
-171
-258
-320
-367
-445
-505
-540
-548
-573
-555
-547
-515
-505
-523
-466
-374
-297
-249
-217
-160
-59
11
70
137
219
289
340
367
405
464
543
611
636
659
635
598
596
621
602
513
476
566
585
479
356
249
302
450
470
296
187
224
254
250
177
49
-30
-37
-64
-189
-333
-494
-634
-719
-754
-801
-940
-1091
-1174
-1211
-1247
-1269
-1276
-1281
-1249
-1208
-1196
-1130
-1027
-960
-883
-764
-661
-587
-531
-454
-334
-192
-91
-23
34
125
223
314
404
493
575
634
716
764
808
859
907
973
978
956
901
913
980
966
873
767
730
755
737
609
474
391
324
253
165
40
-48
-172
-281
-357
-403
-476
-558
-592
-618
-620
-629
-649
-622
-579
-558
-535
-497
-422
-357
-284
-233
-159
-104
-65
10
115
256
328
366
399
495
592
630
648
646
678
673
665
662
653
615
535
476
562
638
556
413
284
304
453
538
421
271
214
264
294
268
171
90
62
-16
-149
-303
-427
-464
-498
-580
-732
-931
-1092
-1108
-1034
-1034
-1144
-1264
-1323
-1298
-1151
-1075
-1019
-994
-989
-927
-858
-719
-615
-543
-474
-388
-306
-231
-137
-39
103
189
232
279
331
430
558
693
761
724
672
671
770
908
971
904
814
815
777
772
723
706
733
695
560
393
353
360
330
213
48
-59
-147
-211
-244
-298
-363
-465
-551
-570
-534
-506
-546
-559
-563
-548
-515
-475
-398
-304
-278
-267
-211
-146
-39
69
150
214
241
274
353
448
551
578
572
557
575
609
629
656
656
598
520
458
493
613
620
494
329
295
417
525
452
293
218
281
321
271
164
58
48
55
-54
-202
-314
-395
-441
-541
-671
-807
-872
-917
-945
-999
-1085
-1152
-1157
-1130
-1104
-1060
-1065
-1023
-960
-903
-847
-783
-653
-548
-469
-420
-383
-283
-162
-19
69
127
159
190
282
402
544
616
624
593
585
628
746
868
887
844
753
772
804
820
779
725
738
699
613
463
375
388
353
253
93
-63
-134
-189
-228
-296
-360
-426
-525
-552
-536
-531
-568
-585
-572
-530
-480
-466
-438
-376
-287
-234
-193
-99
-15
38
89
149
231
336
400
427
478
509
523
573
598
617
633
614
591
559
489
441
422
551
609
501
351
219
249
403
495
367
197
164
209
204
163
78
44
50
8
-119
-291
-382
-387
-426
-527
-654
-808
-909
-915
-893
-949
-1069
-1124
-1193
-1166
-1081
-1060
-1001
-985
-944
-884
-796
-653
-549
-495
-446
-360
-242
-134
-57
5
88
173
240
277
351
470
534
597
640
623
635
671
764
831
834
749
687
747
814
811
727
685
658
619
560
461
405
411
341
203
50
-21
-55
-103
-154
-270
-370
-461
-507
-525
-527
-530
-583
-619
-607
-555
-547
-547
-475
-388
-325
-301
-246
-149
-49
35
81
133
203
259
327
383
446
497
525
554
547
555
541
525
543
571
536
450
368
413
556
521
394
252
186
326
467
431
238
153
205
264
285
211
114
100
83
-14
-156
-244
-257
-290
-409
-553
-651
-733
-782
-792
-871
-968
-1040
-1091
-1078
-1034
-1000
-1006
-969
-903
-864
-802
-712
-629
-510
-439
-399
-326
-238
-122
-14
49
70
108
160
227
318
395
440
491
488
519
580
624
688
691
679
652
711
780
738
659
561
584
626
605
508
371
346
356
296
156
56
0
-75
-144
-212
-281
-391
-465
-503
-519
-506
-517
-527
-515
-460
-424
-422
-393
-320
-222
-194
-145
-76
3
82
144
205
237
301
345
381
463
542
554
507
496
531
572
586
541
479
440
387
350
305
354
402
330
225
127
150
275
361
304
160
121
176
214
241
194
121
68
6
-65
-156
-212
-278
-351
-473
-603
-701
-797
-835
-848
-841
-915
-1015
-1070
-1041
-952
-904
-887
-870
-814
-733
-685
-633
-534
-417
-339
-300
-253
-193
-105
-36
33
91
111
144
201
289
379
431
421
402
457
546
618
665
672
649
641
701
733
727
637
561
545
562
555
472
386
333
301
231
95
0
-21
-52
-118
-236
-333
-410
-434
-454
-453
-445
-484
-535
-538
-452
-384
-349
-333
-292
-268
-237
-166
-80
0
57
88
140
227
310
347
363
422
463
496
485
477
480
504
492
461
438
415
362
270
230
307
419
372
242
139
153
333
462
391
260
221
294
354
344
259
167
143
137
66
-72
-170
-223
-269
-394
-497
-589
-725
-766
-783
-833
-891
-960
-1005
-989
-946
-901
-892
-863
-831
-784
-721
-635
-527
-473
-474
-447
-345
-258
-162
-112
-87
-19
26
81
150
220
280
320
366
387
447
482
509
555
588
639
610
610
623
629
628
602
599
572
516
451
379
375
349
260
118
23
-22
-63
-129
-217
-265
-321
-356
-419
-425
-404
-410
-401
-410
-369
-350
-336
-327
-291
-215
-149
-91
-46
-2
65
114
163
210
234
268
320
369
379
362
347
381
411
422
376
319
309
326
322
298
259
324
388
378
285
218
237
352
491
432
293
223
293
400
443
361
237
172
161
128
50
-64
-152
-219
-356
-457
-566
-688
-731
-741
-777
-840
-910
-967
-946
-870
-831
-812
-802
-776
-745
-684
-594
-506
-440
-446
-439
-404
-323
-215
-154
-106
-71
-43
14
98
203
276
298
324
351
414
474
536
564
571
578
580
602
647
627
568
533
554
568
529
423
316
290
272
214
70
-17
-57
-63
-123
-225
-324
-381
-372
-369
-360
-402
-441
-453
-431
-364
-337
-338
-318
-264
-176
-101
-63
-43
3
79
140
176
201
219
230
278
322
356
324
273
288
318
342
333
297
289
291
286
259
257
355
425
396
310
239
298
458
531
455
348
337
384
441
414
304
240
218
187
108
10
-109
-179
-263
-371
-450
-530
-635
-695
-717
-761
-829
-893
-904
-857
-804
-789
-780
-764
-719
-676
-639
-585
-504
-479
-463
-422
-349
-278
-195
-145
-100
-37
3
74
132
216
282
318
354
384
457
501
555
595
616
577
560
588
615
603
568
519
501
463
402
326
262
261
222
138
19
-46
-85
-130
-191
-290
-354
-391
-411
-409
-449
-469
-470
-480
-445
-405
-399
-384
-344
-277
-188
-132
-93
-63
-8
74
124
146
182
218
258
286
339
374
341
339
352
381
383
384
362
360
393
373
340
369
435
413
353
284
280
391
494
494
379
334
340
380
401
338
283
200
136
56
-50
-117
-189
-258
-378
-492
-558
-645
-684
-703
-736
-770
-824
-862
-845
-790
-741
-741
-728
-713
-690
-637
-594
-504
-414
-384
-370
-336
-263
-177
-87
-48
2
65
102
139
193
261
342
405
393
417
468
513
571
585
585
578
575
573
586
554
511
477
464
413
350
294
238
217
168
52
-51
-101
-141
-165
-253
-345
-393
-419
-423
-449
-451
-458
-438
-410
-369
-334
-314
-269
-220
-147
-91
-43
-47
-27
23
61
122
156
189
195
219
257
295
334
323
337
341
361
392
390
387
385
391
375
393
460
433
383
343
314
387
471
460
328
293
320
338
334
239
173
130
94
22
-91
-185
-236
-319
-425
-491
-546
-619
-677
-724
-762
-794
-831
-853
-862
-823
-795
-782
-759
-730
-698
-661
-579
-509
-441
-424
-389
-311
-214
-105
-61
-31
3
63
144
200
264
332
381
421
424
461
509
576
617
637
600
556
598
623
635
598
531
492
473
470
399
302
243
188
135
56
-43
-112
-150
-185
-244
-323
-400
-436
-439
-435
-428
-450
-474
-474
-419
-367
-331
-305
-266
-182
-151
-115
-58
-1
47
83
101
138
207
247
277
295
306
349
362
367
412
443
426
408
387
382
379
453
537
520
438
326
305
402
556
527
381
309
350
384
360
286
206
165
113
3
-139
-229
-277
-317
-416
-530
-617
-700
-750
-729
-756
-847
-915
-931
-924
-879
-857
-879
-836
-779
-754
-721
-682
-615
-538
-461
-398
-339
-268
-210
-143
-45
50
130
155
182
254
341
440
504
505
525
548
600
684
713
697
630
651
708
710
661
586
556
564
522
428
339
304
276
224
108
16
-36
-99
-165
-222
-270
-337
-421
-482
-484
-467
-461
-491
-508
-487
-432
-400
-383
-365
-321
-281
-248
-183
-108
-47
-29
-6
55
130
196
221
243
301
344
361
380
385
406
416
438
458
435
412
406
488
555
543
461
369
394
525
559
472
376
354
390
398
335
240
200
175
112
2
-120
-208
-252
-305
-411
-520
-605
-691
-711
-733
-774
-860
-917
-925
-898
-864
-861
-841
-814
-780
-751
-698
-623
-536
-477
-416
-368
-292
-198
-130
-62
-5
38
102
159
242
317
382
446
463
484
519
567
617
670
679
641
619
641
667
656
588
528
498
490
439
343
286
252
217
114
2
-75
-124
-162
-220
-289
-369
-424
-464
-481
-498
-486
-487
-505
-500
-467
-444
-419
-406
-363
-311
-260
-200
-153
-86
-15
32
68
127
203
262
311
366
403
441
445
471
497
514
526
497
464
434
483
553
553
516
439
403
453
530
531
448
390
385
396
373
281
194
156
131
56
-77
-192
-269
-289
-343
-433
-569
-676
-739
-745
-763
-822
-907
-961
-963
-934
-884
-871
-827
-780
-732
-662
-603
-535
-467
-413
-371
-291
-223
-160
-89
-24
41
108
184
242
308
376
444
491
520
548
559
593
656
679
676
639
638
670
670
625
546
504
493
458
379
310
245
200
124
20
-53
-118
-184
-242
-297
-349
-409
-469
-503
-516
-518
-556
-573
-563
-531
-485
-476
-476
-440
-359
-283
-252
-209
-162
-92
-16
56
125
170
211
255
312
362
402
420
432
471
476
479
478
476
496
512
553
556
528
476
413
440
519
523
443
340
315
348
357
301
218
162
112
47
-26
-113
-194
-286
-372
-453
-492
-561
-655
-682
-708
-732
-809
-888
-916
-878
-825
-811
-807
-786
-732
-664
-601
-524
-414
-375
-344
-303
-218
-112
-24
32
100
180
230
285
337
422
493
524
540
546
554
576
618
665
679
639
605
615
617
617
576
533
482
451
396
306
246
192
148
69
-16
-92
-171
-221
-281
-324
-379
-440
-491
-524
-518
-519
-546
-576
-565
-515
-473
-452
-443
-398
-337
-279
-231
-206
-171
-103
-26
63
129
156
176
225
296
341
348
350
401
423
448
434
430
446
492
554
536
509
470
471
499
536
524
448
361
336
350
328
283
187
102
66
21
-53
-123
-189
-253
-334
-424
-503
-586
-661
-699
-710
-755
-805
-862
-888
-855
-803
-784
-768
-756
-724
-663
-562
-477
-407
-364
-328
-258
-167
-77
-4
70
144
214
245
286
362
440
505
545
572
582
590
636
668
702
720
671
640
638
645
624
573
536
494
445
378
305
243
192
138
65
-14
-86
-150
-219
-266
-326
-382
-446
-497
-524
-528
-526
-561
-569
-557
-535
-516
-473
-427
-382
-324
-284
-221
-165
-107
-72
-21
28
92
155
192
225
276
316
324
350
374
411
415
399
385
425
484
487
462
434
438
457
483
469
428
363
334
334
313
258
164
106
55
20
-44
-138
-195
-270
-341
-417
-498
-550
-616
-668
-716
-770
-780
-802
-828
-842
-829
-784
-759
-726
-704
-656
-587
-514
-429
-360
-301
-237
-151
-67
11
91
137
210
302
352
389
446
484
520
565
599
613
618
654
671
701
704
689
667
641
618
588
555
498
445
400
331
286
227
140
57
-33
-75
-128
-185
-234
-296
-334
-392
-425
-455
-470
-484
-486
-502
-492
-491
-490
-459
-433
-396
-348
-287
-244
-181
-143
-87
-21
50
104
137
178
218
276
295
335
362
383
406
402
409
409
396
413
442
452
424
371
352
369
398
384
328
260
244
264
252
193
123
69
7
-34
-96
-158
-245
-319
-384
-468
-534
-594
-660
-705
-737
-774
-816
-850
-848
-828
-800
-759
-742
-705
-658
-591
-500
-419
-325
-263
-203
-119
-19
84
141
191
234
287
356
408
448
475
511
549
583
583
606
618
635
637
606
578
571
583
591
546
474
416
384
353
293
218
159
94
38
-12
-71
-130
-210
-269
-313
-338
-359
-394
-419
-443
-440
-426
-415
-409
-392
-373
-367
-342
-291
-251
-211
-166
-124
-59
-11
42
88
144
196
213
235
261
304
342
360
376
384
392
403
391
393
406
432
422
384
357
336
347
349
333
270
225
203
177
147
102
42
-20
-73
-126
-184
-238
-297
-359
-417
-483
-537
-586
-636
-668
-708
-721
-755
-758
-775
-772
-743
-724
-682
-657
-606
-544
-483
-403
-334
-278
-199
-145
-57
32
107
177
225
279
342
407
450
491
515
539
556
582
602
616
624
589
579
544
542
539
518
469
415
380
327
281
233
191
147
83
20
-38
-76
-111
-148
-204
-257
-302
-329
-319
-328
-329
-345
-363
-364
-344
-318
-285
-286
-264
-230
-200
-141
-96
-57
-34
20
69
99
137
173
200
235
266
298
325
347
369
372
365
353
334
318
343
357
337
296
252
226
245
241
213
157
108
97
60
35
-12
-73
-125
-169
-215
-254
-303
-358
-397
-449
-474
-505
-545
-574
-590
-603
-632
-643
-655
-638
-607
-594
-566
-533
-505
-459
-396
-311
-239
-181
-140
-83
28
94
167
207
254
312
364
402
437
469
492
520
529
531
527
506
513
516
499
486
441
427
403
375
327
264
228
188
136
77
33
-5
-49
-92
-130
-173
-182
-187
-203
-218
-229
-239
-257
-258
-262
-261
-261
-253
-228
-203
-186
-158
-129
-114
-77
-33
8
48
73
103
141
172
210
227
256
284
297
301
307
316
313
306
304
290
280
281
266
234
185
168
150
134
103
52
11
-20
-34
-87
-139
-182
-224
-268
-302
-330
-367
-407
-441
-474
-492
-495
-518
-554
-563
-563
-574
-578
-590
-562
-539
-507
-482
-464
-425
-364
-293
-231
-167
-122
-61
4
71
133
189
246
298
349
390
433
466
508
545
549
544
535
545
543
543
525
484
443
414
395
357
315
277
243
214
172
133
88
50
21
-4
-17
-63
-97
-100
-112
-120
-128
-154
-175
-175
-168
-161
-152
-159
-152
-129
-120
-92
-81
-61
-38
-13
19
51
80
93
117
136
154
163
176
196
204
195
199
200
197
181
176
153
139
113
91
77
65
42
13
-9
-36
-66
-100
-127
-153
-186
-223
-238
-266
-283
-309
-348
-364
-393
-405
-433
-441
-442
-458
-461
-465
-464
-453
-430
-415
-400
-388
-361
-337
-303
-266
-229
-198
-172
-131
-85
-37
6
32
72
110
165
209
246
284
315
355
381
404
416
421
423
419
409
391
379
351
316
284
264
245
211
191
158
135
120
96
66
54
25
3
-16
-22
-13
-27
-28
-24
-20
-27
-21
-3
1
2
20
15
15
46
74
90
97
117
126
122
128
131
150
174
167
168
167
166
173
169
170
167
163
159
153
150
138
125
98
64
53
27
14
-5
-49
-80
-113
-126
-140
-168
-208
-255
-281
-295
-295
-323
-336
-360
-358
-361
-366
-378
-390
-387
-395
-372
-377
-378
-375
-345
-315
-297
-273
-249
-233
-204
-169
-148
-142
-136
-106
-81
-55
-30
-15
1
30
63
88
103
126
145
165
178
182
198
194
216
214
226
225
210
219
225
232
230
223
213
209
197
182
162
134
125
111
105
106
91
62
51
56
46
42
26
26
39
57
79
74
80
90
114
121
117
127
131
138
140
133
131
117
115
113
114
108
104
91
102
109
110
107
95
102
102
105
86
72
65
58
42
15
-11
-16
-21
-36
-45
-63
-82
-107
-129
-149
-173
-195
-203
-221
-247
-261
-277
-291
-296
-301
-306
-311
-307
-301
-286
-289
-283
-251
-251
-213
-188
-169
-155
-141
-135
-117
-99
-84
-66
-67
-53
-43
-25
-2
10
8
6
26
40
53
62
56
62
66
76
83
89
106
110
112
116
116
131
148
149
145
138
139
139
147
137
138
125
116
110
89
83
78
70
74
68
67
65
64
46
37
34
35
53
69
66
73
84
73
86
86
87
88
88
87
84
65
66
74
59
50
28
28
32
27
22
17
22
13
-6
-23
-34
-38
-48
-58
-67
-72
-70
-78
-67
-75
-78
-78
-83
-89
-97
-86
-91
-82
-90
-87
-101
-111
-107
-105
-96
-92
-98
-101
-93
-94
-102
-110
-101
-102
-97
-100
-92
-79
-77
-61
-44
-24
-28
-18
-13
-1
11
18
19
21
37
39
44
35
24
27
36
54
56
41
25
25
29
43
37
48
46
45
57
56
64
62
66
72
80
75
87
92
90
93
86
88
80
74
59
44
31
15
16
12
5
-4
0
3
10
19
18
27
25
35
30
27
23
12
3
-7
-5
-18
-27
-22
-33
-26
-34
-53
-52
-50
-41
-35
-37
-33
-31
-38
-31
-28
-22
-21
-22
-18
-15
-16
-14
-19
-20
-10
-7
-5
-7
5
-4
4
6
4
-7
-1
6
0
-6
-9
-5
-12
-15
-22
-25
-38
-33
-47
-37
-34
-37
-36
-41
-21
-29
-16
-10
-13
-8
-10
-5
0
3
12
19
18
9
14
14
20
19
21
13
6
15
12
10
-1
12
27
26
29
25
20
36
32
30
39
27
37
36
35
35
28
32
24
28
36
33
25
16
14
15
19
2
-7
-14
-7
-4
-13
-16
-15
-13
-11
-7
-14
-23
-18
-8
0
0
5
16
18
26
20
25
18
7
2
-7
-13
-13
-19
-22
-30
-40
-48
-59
-53
-53
-49
-61
-56
-61
-60
-52
-50
-43
-43
-42
-36
-23
-17
2
4
16
18
26
39
49
48
43
39
33
39
37
35
20
20
22
23
19
22
30
27
25
35
33
27
34
30
26
27
31
32
29
25
18
11
6
6
-5
-10
-4
-21
-34
-42
-41
-40
-43
-53
-46
-44
-35
-31
-41
-24
-28
-31
-44
-33
-30
-29
-27
-37
-38
-53
-42
-42
-56
-65
-50
-40
-51
-52
-49
-48
-29
-34
-30
-25
-16
-6
-3
2
7
11
17
19
26
29
33
25
40
48
48
55
50
50
53
57
64
69
54
57
58
59
55
52
41
32
27
21
25
25
18
8
3
2
11
15
16
14
31
24
23
20
35
42
31
36
38
45
36
21
21
21
10
10
2
-10
-18
-17
-25
-24
-24
-25
-22
-20
-17
-24
-20
-12
-8
0
3
13
7
11
21
15
15
8
12
1
-7
-5
-21
-18
-32
-37
-40
-54
-48
-40
-37
-58
-57
-51
-40
-40
-41
-40
-35
-23
-19
-31
-43
-50
-58
-48
-49
-54
-53
-52
-48
-48
-38
-32
-32
-35
-30
-22
-27
-24
-17
-13
-3
6
8
13
17
35
46
56
51
52
46
51
56
51
52
37
50
42
61
48
51
54
55
74
65
60
44
45
51
50
38
25
13
14
22
13
15
24
29
36
43
46
50
59
54
62
58
55
50
48
46
26
24
19
15
5
4
-2
-16
-13
-19
-20
-20
-21
-24
-22
-28
-26
-24
-25
-16
-16
-18
-33
-30
-29
-29
-25
-31
-35
-46
-46
-47
-58
-63
-77
-83
-73
-76
-76
-82
-85
-80
-86
-79
-85
-76
-84
-93
-89
-83
-73
-80
-75
-75
-78
-73
-63
-64
-53
-40
-42
-24
-30
-29
-16
-9
-4
1
1
-5
7
10
17
27
26
30
31
36
36
45
59
65
56
61
63
68
71
71
75
71
77
81
81
76
74
77
73
76
66
63
57
57
47
42
41
49
60
56
57
39
41
45
56
60
55
57
56
53
63
46
39
32
32
30
23
17
11
24
15
9
0
-3
-11
-13
-14
-16
-7
-17
-27
-27
-28
-25
-20
-29
-22
-15
-9
-10
-18
-23
-23
-29
-36
-49
-47
-44
-54
-47
-54
-52
-59
-63
-51
-52
-53
-54
-57
-57
-50
-43
-41
-33
-26
-20
-17
-31
-28
-22
-30
-33
-41
-39
-43
-43
-39
-34
-34
-41
-41
-42
-43
-45
-37
-28
-31
-27
-32
-31
-31
-26
-12
-7
-10
-13
-8
-8
0
5
11
11
13
18
26
35
33
25
17
23
14
4
9
12
15
13
12
12
20
22
33
38
39
49
59
57
67
82
83
90
88
93
90
95
80
76
73
72
69
73
67
55
60
47
56
56
50
42
37
28
20
10
1
0
2
3
3
-5
2
5
9
10
6
1
-5
-9
-20
-18
-18
-20
-28
-30
-35
-37
-39
-41
-38
-37
-42
-28
-28
-27
-29
-41
-31
-32
-30
-32
-32
-40
-48
-53
-60
-49
-46
-44
-38
-49
-44
-47
-38
-40
-30
-31
-27
-25
-31
-10
-15
-12
-16
-20
-28
-32
-30
-30
-35
-39
-44
-39
-44
-41
-44
-40
-28
-29
-23
-5
-3
6
11
9
9
7
11
20
25
24
21
13
7
4
16
11
8
14
20
16
20
22
32
37
37
32
25
32
49
57
51
51
40
34
34
32
36
28
26
23
16
20
26
17
16
7
2
11
1
1
1
-6
-15
-9
-6
7
16
22
17
31
38
29
35
37
33
30
18
10
10
4
5
-5
-9
-8
-4
0
2
3
0
-20
-12
-7
-11
-4
-3
-8
-6
-3
-13
-14
-18
-26
-27
-17
-25
-29
-28
-27
-31
-38
-37
-40
-37
-25
-29
-26
-29
-32
-32
-35
-31
-40
-45
-48
-38
-29
-27
-27
-29
-23
-14
-2
4
7
7
5
7
8
8
-1
7
6
12
12
13
20
18
26
25
23
32
33
38
36
31
34
31
29
30
29
25
27
16
13
9
10
17
2
0
-2
1
-7
-12
-8
-11
-13
-7
-9
-8
-7
-4
4
-5
-2
-2
8
10
12
13
12
11
12
9
10
13
8
15
20
20
20
20
31
26
38
35
33
32
33
34
18
22
11
8
-2
2
-9
-9
-15
-15
-3
-8
-5
-9
-15
-17
-16
-19
-20
-37
-25
-36
-38
-24
-38
-28
-33
-29
-26
-34
-35
-42
-41
-42
-44
-37
-38
-34
-22
-18
-23
-27
-21
-18
-14
-13
-2
11
9
11
12
9
11
13
5
9
6
8
16
7
2
6
15
16
18
28
25
34
24
23
28
27
27
21
17
10
18
14
4
15
7
9
10
6
5
4
7
1
6
-5
4
5
4
4
7
20
15
16
22
23
22
24
16
25
24
19
15
21
20
19
22
10
15
6
-1
-2
-10
-8
-12
-19
-12
-15
-12
-11
-15
-18
-15
-17
-27
-29
-28
-28
-29
-28
-19
-21
-28
-32
-37
-35
-37
-31
-36
-36
-31
-38
-36
-41
-39
-40
-32
-23
-27
-20
-16
-15
2
6
13
15
20
16
13
28
22
24
12
9
7
-1
1
3
-4
-8
0
6
7
1
3
0
-2
3
6
3
4
9
15
22
23
17
19
16
16
10
7
7
4
8
5
6
5
9
15
21
28
23
21
21
14
19
10
12
15
20
23
18
26
18
15
21
18
24
19
19
18
13
17
17
16
16
12
13
10
3
-1
-8
-13
-13
-9
-3
-2
-3
1
3
-4
-9
-17
-24
-19
-19
-25
-23
-29
-28
-20
-31
-31
-31
-29
-24
-22
-17
-18
-23
-20
-24
-21
-18
-22
-21
-14
-5
-1
4
-2
-5
-13
-14
-10
-6
-4
-5
-4
-7
-7
9
-2
-2
0
-4
5
-2
-8
-13
-27
-22
-23
-31
-26
-27
-20
-17
-18
-17
-14
-11
-10
-4
-4
-3
-1
9
11
2
6
6
6
16
21
19
28
28
23
16
24
31
41
51
50
64
54
65
65
54
51
36
35
33
34
29
33
36
33
38
39
39
34
35
28
26
25
24
22
20
11
5
2
0
-2
-6
-4
-2
1
1
-2
-3
3
4
8
9
-3
-2
-16
-16
-20
-24
-19
-35
-29
-24
-22
-28
-21
-15
-19
-15
-11
-16
-10
-17
-17
-23
-27
-27
-41
-32
-35
-35
-44
-37
-43
-43
-42
-48
-48
-50
-53
-45
-43
-44
-42
-42
-43
-44
-28
-32
-28
-21
-13
-19
-18
-16
-19
-15
-25
-26
-23
-23
-16
-14
-14
-5
-2
2
8
15
18
16
31
21
18
20
24
25
14
16
11
16
16
17
13
3
9
0
15
25
27
36
36
40
41
51
48
49
50
45
45
40
36
38
39
40
33
27
24
15
22
20
10
14
3
11
12
8
10
10
12
15
14
16
24
25
26
24
16
15
14
18
22
9
11
12
9
11
5
11
4
4
4
-8
-18
-22
-35
-32
-26
-22
-31
-24
-22
-22
-22
-33
-28
-35
-32
-31
-23
-34
-36
-44
-48
-43
-45
-42
-36
-40
-36
-28
-24
-29
-31
-31
-29
-23
-23
-15
-11
-8
-5
-1
-1
-9
-15
-14
-9
-4
-8
-4
-7
-3
5
2
7
1
1
0
-5
-2
-2
-5
-9
-6
4
3
10
10
9
15
17
16
18
18
14
18
19
14
14
17
22
18
11
14
20
24
17
17
14
17
19
16
15
9
8
3
5
7
12
15
9
10
4
7
13
10
16
22
22
25
24
21
16
14
19
22
26
29
33
30
31
37
37
39
28
23
25
20
17
15
12
13
8
5
5
4
2
-7
-5
1
-2
0
-4
-1
2
0
-3
2
-2
-3
0
-11
-10
-7
-3
-14
-20
-17
-22
-31
-34
-37
-40
-41
-32
-27
-30
-22
-23
-16
-21
-17
-17
-17
-21
-24
-21
-25
-30
-32
-40
-41
-38
-34
-33
-39
-27
-29
-23
-21
-24
-17
-13
-9
-12
0
3
10
7
0
1
-4
-6
-7
-14
-4
-2
-3
-2
0
4
0
7
0
1
-1
-6
-1
-1
-2
1
2
2
3
-2
5
8
15
13
8
12
12
12
15
17
16
17
11
12
11
12
12
10
10
19
10
10
8
14
21
22
17
12
13
12
11
12
14
14
19
20
11
18
16
4
9
17
18
11
13
8
5
5
6
-5
-11
-5
-6
-6
-2
-5
-2
5
-1
-1
2
5
7
10
9
16
12
17
16
12
12
9
6
-2
-10
-14
-18
-16
-9
-19
-16
-10
-12
-9
-12
-5
-5
-3
-1
-4
-3
-8
-4
-6
-7
-13
-23
-18
-19
-26
-18
-22
-25
-17
-16
-16
-15
-9
-11
-10
-9
-2
-3
-8
-12
-19
-18
-16
-15
-12
-15
-11
-10
-5
-6
-6
-2
-1
5
7
7
13
11
14
18
20
21
12
19
18
27
28
23
18
12
17
10
10
21
16
14
17
15
9
8
11
9
14
15
8
10
2
9
14
3
2
-2
3
-1
2
2
-3
-4
-5
0
-3
-5
2
-3
-12
-10
-3
-5
-6
-5
3
5
7
11
-2
8
10
11
8
13
4
10
3
-1
1
-6
-8
-7
-12
-16
-13
-14
-5
-15
-8
-9
-2
-2
3
7
6
13
3
-5
-9
-11
-22
-21
-18
-10
-7
-7
-8
-4
0
11
2
2
9
12
17
7
6
0
-2
-8
-14
-13
-10
-3
2
8
12
8
13
11
17
19
17
20
15
14
11
2
-3
0
-1
1
-2
0
0
-3
1
1
-1
-7
-14
-22
-21
-19
-16
-15
-12
-14
-14
-13
-20
-16
-9
-8
-16
-14
-12
-8
-18
-16
-12
-5
0
-2
-4
3
1
-1
5
1
-3
-3
-3
-6
-5
-1
4
0
0
-7
-6
-2
-8
-8
-13
-16
-15
-20
-22
-12
-9
-12
-4
-7
0
-1
-7
-2
0
-7
-7
-8
0
1
-1
1
-2
6
-4
-2
0
5
7
7
5
2
4
11
13
8
5
10
17
15
28
30
34
38
34
32
30
34
33
32
26
24
21
19
15
12
12
11
17
16
12
7
2
11
8
12
12
12
20
17
24
23
24
24
13
5
9
6
3
-5
-7
-12
-19
-18
-25
-20
-23
-23
-21
-12
-10
-2
-4
-8
-13
-20
-22
-22
-13
-30
-23
-24
-29
-19
-23
-20
-16
-15
-12
-12
-4
0
1
8
2
-1
-11
-17
-16
-14
-22
-18
-28
-29
-29
-29
-24
-35
-37
-33
-32
-31
-27
-31
-22
-17
-17
-14
-13
-7
-6
-4
8
10
13
14
22
