SAMPLES:	15369
BITSPERSAMPLE:	16
CHANNELS:	1
SAMPLERATE:	16000
NORMALIZED:	FALSE
-9
-6
-8
-9
-11
-7
-8
-4
-1
-5
-5
-7
-1
-2
-1
-4
-5
-7
-7
-1
-8
-2
-7
-5
-2
-6
-3
1
0
2
2
-1
3
0
-1
1
-2
1
0
2
2
9
6
7
10
9
15
13
11
6
7
10
8
9
11
3
3
5
3
5
4
7
6
3
1
7
5
7
5
3
6
3
2
-3
-3
-7
-8
-9
-3
-6
-6
-10
-7
-5
-2
-1
0
3
3
4
0
5
-2
2
-3
-3
-1
-3
-1
-3
3
2
4
7
3
3
6
1
1
10
8
7
8
5
5
7
4
6
9
7
8
3
9
7
9
8
6
2
3
4
-1
0
2
-1
0
1
-6
-8
-5
-7
-2
-4
1
1
-1
2
2
1
6
3
1
3
-1
0
1
3
0
0
-2
4
-1
-1
0
0
3
-1
4
1
3
1
2
4
1
3
3
-1
6
3
0
6
3
8
6
11
9
8
11
9
6
6
7
7
8
1
3
3
1
2
1
1
-1
1
3
6
2
0
0
-4
1
-3
-5
-6
-4
-2
-4
-5
-9
-7
-7
-3
-5
-5
1
-1
-2
-3
0
-5
-9
-5
-7
-10
-10
-3
-7
-10
-6
-3
-6
-8
-6
-1
2
-3
-4
-5
-3
-3
-4
-7
-11
-12
-12
-17
-10
-16
-13
-9
-4
-1
-5
-3
-1
-3
-6
-6
-8
-2
-6
-8
-8
-7
-6
-5
-4
-1
-5
-4
3
0
1
6
5
9
6
2
-1
4
-1
-2
1
-3
2
-3
-2
-5
3
1
4
9
8
4
8
10
9
10
12
2
-3
2
-4
-6
1
-3
-1
-1
-3
-1
-5
-7
-5
-4
-4
-2
-1
3
-6
-5
-4
-4
-6
-7
-7
-5
-4
-3
0
-2
-5
0
1
1
0
1
5
5
2
4
0
5
4
1
4
0
5
4
6
8
7
8
9
8
10
8
8
5
7
3
7
4
4
4
-2
-2
-5
2
2
1
2
2
1
0
6
6
5
2
2
3
7
9
5
7
2
5
1
2
-1
4
-2
1
3
0
1
-4
0
-3
-2
3
-4
-4
1
-3
-1
-4
-4
-2
-4
-3
1
-2
-7
-4
-4
-6
-3
-5
-6
-9
-5
-4
-7
-7
-5
-2
1
4
4
4
0
6
4
7
5
5
7
8
4
0
0
7
8
6
3
6
7
6
8
9
11
10
12
11
7
8
2
9
5
6
5
0
7
4
10
8
11
9
10
7
12
9
9
7
8
7
8
4
6
0
1
-1
-2
3
-2
3
2
-4
-5
-7
-3
-7
-10
-10
-9
-18
-19
-14
-18
-17
-15
-14
-21
-16
-14
-11
-15
-15
-11
-15
-12
-12
-9
-12
-11
-12
-13
-15
-15
-18
-15
-9
-13
-5
-7
-3
0
-3
3
0
1
4
4
-3
-2
1
-3
-1
-2
-2
-2
2
6
3
7
7
6
5
8
4
5
3
7
4
-2
-3
-1
-1
-1
0
-1
10
4
4
6
4
7
10
9
10
4
5
5
-3
-5
-1
0
1
4
5
7
6
6
4
8
5
6
7
6
9
0
2
1
2
-3
-1
-2
-7
-3
-11
-5
-1
2
1
-6
-2
-6
-1
0
0
0
-3
-5
-2
1
-3
-6
-2
-7
-7
-5
-6
-7
-6
-1
-4
-5
-4
-4
-1
-4
-2
3
2
5
5
3
4
5
3
6
2
1
2
0
1
0
3
-5
-4
-6
-5
-1
-3
-2
-8
-7
-4
-4
1
0
2
5
3
2
1
0
2
-1
-6
-3
-4
1
-2
-3
2
2
3
6
5
6
6
4
9
9
8
5
5
4
3
3
4
2
-1
2
5
-2
3
1
4
5
5
3
5
5
3
6
5
8
9
9
5
3
7
9
7
6
9
11
12
14
13
10
12
9
7
6
1
2
4
7
0
2
2
3
7
2
5
6
2
2
4
-1
-3
-4
-4
-4
-6
-3
-2
-1
4
2
2
4
-2
3
2
0
0
0
-2
-5
-10
-10
-8
-6
-13
-9
-6
-6
-6
-15
-8
-9
-8
-2
-7
-7
-10
-13
-9
-12
-11
-15
-15
-20
-15
-14
-16
-12
-15
-11
-10
-9
-8
-11
-13
-11
-13
-9
-10
-11
-6
-15
-11
-12
-10
-8
-6
-4
-2
4
2
8
5
7
5
5
8
7
2
4
3
3
4
4
4
2
1
6
6
11
9
10
12
14
18
12
16
10
8
6
8
8
6
5
3
9
8
6
5
11
9
11
12
11
12
13
7
6
2
0
1
-4
-5
-9
-6
-5
0
-5
-2
-4
-3
-3
-6
-5
-5
-4
-7
-7
-11
-9
-14
-12
-10
-11
-2
-8
-11
-1
0
3
5
7
10
6
-1
4
0
4
-1
1
-4
-2
4
-5
1
-2
-6
-3
-2
-3
3
0
-1
1
-5
-6
-4
-6
-3
-3
-3
-2
-2
2
1
4
1
2
1
1
3
2
1
-5
-9
-6
-7
-8
-5
-8
-6
-2
-2
2
-1
-5
-2
-3
4
-1
1
-1
0
0
0
-1
0
-4
-1
5
4
13
11
11
15
18
14
12
16
17
14
14
11
9
9
7
7
9
10
7
10
11
14
13
13
12
8
7
6
8
6
4
3
3
0
-5
-2
-6
-3
-6
-6
-1
-3
1
-1
5
5
-1
-2
1
-1
1
-3
-7
-9
-9
-5
-5
-7
-9
-8
-2
1
1
1
3
1
3
3
-1
3
-5
-5
-4
-5
-5
-12
-11
-14
-13
-8
-8
-9
-3
-2
-4
-8
-7
-3
-9
-3
-6
-7
-11
-12
-7
-9
-6
-3
-4
-4
-3
2
-1
0
3
-2
1
2
4
2
0
3
4
-2
-4
-3
1
-2
3
8
6
9
-1
5
1
-4
0
-7
-2
-3
-3
-2
-5
-6
-10
-9
-5
-6
-3
3
5
9
2
8
3
6
8
6
6
3
8
6
3
3
2
-2
-1
4
3
-1
2
-4
-5
2
0
0
0
5
4
4
3
5
6
0
-5
-2
0
-2
-3
-3
-8
-6
-7
-10
-13
-6
-7
-6
-2
0
0
2
4
-3
1
-3
2
0
-1
-5
-8
-4
-3
-3
-6
-3
-11
-3
-2
-7
2
-1
0
0
-5
1
0
-3
2
-1
-1
5
0
-4
-2
-5
-4
-3
-3
-4
-7
0
3
0
0
-2
-1
2
2
0
-4
-3
-4
0
4
3
7
4
2
2
6
5
6
7
8
10
5
7
6
8
9
9
10
4
4
3
6
7
9
13
13
11
10
11
8
12
12
10
7
7
9
9
10
6
9
10
13
11
12
12
14
6
11
10
9
10
9
8
5
7
3
4
10
16
16
16
20
16
10
11
3
1
-6
-12
-16
-22
-21
-23
-24
-27
-20
-21
-15
-13
-6
-13
-8
-8
-9
-1
-5
-8
0
-1
1
-3
0
-3
-8
-13
-16
-8
-15
-14
-20
-19
-15
-12
-9
-12
-12
-12
-10
-10
-6
-5
-5
-9
-1
-5
0
-1
2
5
-3
7
0
-1
1
-3
2
-6
-2
3
2
3
-1
1
2
1
2
1
0
-3
1
-5
0
-1
-1
2
-2
4
5
6
2
4
6
14
8
9
12
12
12
10
13
9
12
3
10
7
3
7
6
6
1
3
3
-2
1
-2
1
-3
2
0
-4
-7
-8
-8
-8
-2
-2
1
-3
-3
-3
1
1
0
-2
-2
-1
0
0
-1
2
-1
-5
-5
-3
-9
-4
-3
-5
-1
-8
1
1
-4
2
3
1
-3
-3
-3
0
-5
-3
-8
-14
-8
-14
-16
-4
-4
-4
0
-1
-1
-3
2
1
1
2
3
1
3
4
1
-6
3
-1
2
2
-3
-2
-4
1
2
0
4
6
2
2
2
2
-3
-2
0
-1
-4
0
2
-3
-4
1
-1
1
1
-3
1
1
7
2
1
5
5
7
3
3
-1
-2
2
4
5
-4
2
4
5
6
6
9
8
11
3
1
-2
1
-1
1
0
1
6
4
4
4
3
5
1
3
6
3
9
12
13
11
11
17
15
16
16
10
12
10
8
10
6
7
5
4
2
0
4
3
2
4
5
8
0
1
2
2
2
-4
-4
-9
-7
-3
-3
1
-1
-6
-8
-4
-9
-9
-9
-3
-6
-3
-9
-11
0
-7
-14
-8
-5
-5
-7
-1
0
-8
3
-2
-2
-2
-7
-6
-4
-6
3
-1
2
1
1
0
-3
-1
-3
-1
-4
-5
0
-4
-4
-2
-4
-2
-9
-11
-16
-10
-1
-12
-12
-15
-17
-13
-8
-5
-13
-8
-10
-9
-9
-1
-4
-6
-5
-9
-6
-7
0
-9
-5
-5
-3
0
4
3
6
2
2
2
-3
7
2
4
11
9
6
7
13
9
13
10
14
18
13
16
10
8
14
11
15
12
12
15
3
14
16
11
8
11
7
5
11
12
10
6
6
3
9
3
-6
-5
-4
-6
-9
-6
-7
-8
-11
-9
-14
-15
-9
-10
-7
-6
-6
-14
-9
-11
-12
-11
-23
-17
-15
-18
-17
-21
-16
-13
-15
-16
-15
-13
-8
-15
-7
-12
-12
-3
-9
-11
-6
-4
-4
5
0
1
0
3
7
10
8
8
-1
-5
9
3
7
7
12
2
4
10
9
12
12
6
10
12
8
17
14
10
8
16
16
12
11
8
4
2
12
2
3
10
10
5
4
8
2
14
15
11
12
16
11
4
4
3
4
-3
9
3
-3
3
7
1
4
13
-3
-3
-2
-3
2
-2
-1
3
3
1
-3
-2
-2
-5
3
0
-2
-4
-12
-8
0
-1
-1
4
5
-1
-12
-8
-12
-12
-6
-6
-6
-2
7
0
-14
5
-2
-3
3
-3
-7
-3
5
-2
-2
-5
-5
0
-1
-1
-9
-3
3
5
11
3
-5
-1
4
0
3
4
9
-2
5
2
-6
-1
-2
-7
-3
3
-9
-8
0
-9
-5
-1
10
11
7
5
-5
3
10
11
-2
-3
-7
-3
1
-2
-11
-9
3
0
9
5
0
0
-6
3
-2
-7
-8
1
-2
-4
-12
-17
-2
-4
5
4
0
-13
-9
1
3
0
-10
8
7
2
0
-1
-3
-4
4
5
0
-12
-3
1
-12
-14
-2
0
-4
-10
-4
3
-5
-1
4
0
-16
-12
10
4
-6
1
0
-12
-11
5
4
1
-3
7
6
6
0
3
19
2
-9
8
12
0
0
2
4
-7
8
2
-15
-8
6
-5
-3
5
-11
-5
7
-5
-10
2
-5
-10
0
1
-20
-13
-1
-2
4
10
-4
-4
0
13
7
7
2
-20
6
5
-9
9
2
-21
-3
8
-6
3
5
0
9
4
10
4
3
-8
4
9
0
2
1
2
2
5
-9
-6
-3
2
-1
-3
0
-16
-5
-9
0
5
5
1
2
4
7
12
3
1
16
9
12
18
2
-6
15
13
-12
3
13
-11
6
4
-10
13
16
8
3
18
11
17
19
9
7
10
9
9
8
2
2
4
-9
-3
7
8
-3
-17
3
7
5
7
14
6
-1
12
-4
-6
-7
14
10
-19
11
7
-10
2
2
2
5
-2
-15
-11
8
3
-8
-10
6
-15
-7
7
-15
-31
-18
12
-8
-12
-2
-16
-10
18
1
-22
-18
-5
-22
-12
-14
-33
-17
-1
-15
-18
2
2
-12
-11
12
13
6
12
0
-3
4
6
-11
-6
8
11
3
1
1
5
2
-6
8
-2
8
5
8
6
6
-4
8
4
-1
16
14
2
-9
5
-16
-16
3
-3
-12
9
9
-1
-11
5
7
-3
17
4
-13
-2
20
-5
-5
19
-4
0
6
-2
9
6
-9
-19
-4
6
-21
-10
6
-14
-17
7
21
5
4
11
1
1
-5
-4
-2
-13
4
6
-7
-25
5
18
-1
5
7
16
7
2
4
11
-22
-9
28
-3
-12
-3
-4
-24
-16
17
-22
-16
27
-19
-14
17
5
-14
27
10
-14
20
-9
-8
21
-22
-32
16
8
-11
6
8
-25
-6
18
1
2
-2
-5
-4
9
-9
-2
24
4
-19
19
23
-41
-2
4
-34
3
8
-11
-8
10
-12
-15
26
6
-6
28
-10
-37
8
11
-19
-12
-3
-12
0
-8
1
-5
-27
2
22
-8
1
18
4
4
12
4
12
23
5
-4
11
9
-15
-2
10
-11
-15
19
10
-19
21
19
-12
29
7
8
39
12
-15
18
31
4
25
-5
0
4
13
11
2
2
-10
29
-1
-5
-3
-7
10
-3
0
4
-1
-18
6
13
-11
2
2
2
-11
2
12
-7
-16
11
12
-15
3
-2
2
7
7
7
-10
-23
5
22
-8
-6
7
10
-27
-12
22
-11
0
-2
3
29
-7
-32
12
0
-41
8
10
-38
-28
11
-2
-26
-19
-17
-19
8
2
-7
-9
-22
3
20
-7
-16
-6
5
-8
-3
12
-2
17
-19
1
19
0
3
-15
0
30
8
-9
25
7
1
6
23
11
-6
32
14
-20
-13
-1
-19
-2
8
-8
7
-4
-35
3
27
-32
-13
3
3
-7
-5
1
-18
-13
4
9
-2
1
-5
-19
-5
-6
-2
4
11
-6
-7
2
-12
-16
10
-1
-16
27
-3
-1
15
-5
13
-5
26
20
-33
10
19
-7
-5
7
27
-10
4
1
-20
18
-8
-3
-5
-2
-7
-13
9
2
-7
8
11
-26
2
24
-1
5
-7
-5
4
-8
-3
11
8
-22
12
-10
-7
14
-11
5
12
-5
-2
4
12
-13
-17
23
18
-39
1
42
-32
-27
29
-12
-23
34
-17
-26
20
-13
-8
32
-16
-3
20
12
3
-8
-8
24
-7
-15
17
-12
19
-2
-17
23
-14
-16
32
9
-31
6
22
-42
-13
36
4
-14
-13
17
-17
-22
23
27
-22
-12
17
9
20
-15
2
31
-17
12
18
2
-24
-12
21
5
-1
0
-1
23
-5
-18
7
8
-20
12
37
-23
-4
38
-6
-34
2
40
-9
0
25
-16
7
9
16
-16
5
34
-10
-17
4
0
-15
18
9
-7
-5
15
14
-26
24
26
-22
17
-5
-37
7
10
-34
-6
18
-20
28
7
-40
-1
-2
6
-10
-19
2
-5
-13
4
-28
-19
-10
-35
-1
7
5
2
1
0
-44
48
25
-28
10
14
-7
-7
21
-4
-20
-6
42
-23
-19
27
-36
-4
18
-12
-1
-1
3
-24
20
27
-53
25
21
-25
21
7
-19
5
27
-13
16
2
-25
7
5
11
-13
-5
11
19
8
-18
4
24
0
-25
13
15
-9
9
-17
8
-7
-9
-4
-2
16
-13
22
2
-7
-10
-27
25
-24
-29
35
0
-13
-16
-1
7
-13
17
4
4
-21
8
-6
9
32
-39
20
29
-43
14
27
-39
2
53
-53
-4
39
-46
-3
22
17
-17
16
-8
-23
34
-3
-3
-26
5
28
-39
5
32
-15
-8
5
11
-28
17
0
-12
-1
-13
16
-7
-14
-5
-6
12
-6
3
3
11
-22
-17
17
7
-12
-3
3
-26
11
14
14
9
-39
16
20
-43
36
10
-44
4
31
-24
-9
26
-17
30
-16
-22
11
33
-5
-41
51
0
-22
25
25
-11
-26
28
14
-45
26
27
-18
1
-16
24
4
0
-5
14
-1
-14
10
19
7
-19
39
-3
-27
16
35
1
-21
13
16
-19
40
-9
-14
4
-5
17
20
24
-34
10
21
-13
3
12
5
-14
23
7
-23
-1
5
-10
19
10
-24
-4
-17
-8
18
-6
-32
21
-1
-14
7
-19
-4
-2
32
-9
-32
53
-25
1
37
-18
-18
4
19
-35
4
28
-33
-21
5
-43
-11
-4
13
-46
-20
20
-12
10
7
-18
-24
25
-29
8
14
-22
-5
-9
-14
7
13
-14
-40
17
40
-19
-24
35
-12
-63
44
13
-61
38
13
-19
-3
14
12
-39
29
21
-58
5
48
-21
-12
35
-26
-26
34
-9
10
14
14
-10
3
14
-40
53
-3
-54
1
39
2
-14
42
-5
-26
47
7
-5
44
-14
-24
35
3
10
-2
15
2
-26
46
30
-36
14
2
-4
33
-2
1
9
-1
26
-15
34
-25
4
67
-30
-7
38
26
-59
-2
35
-34
0
5
-14
-4
-10
11
-16
-30
19
20
-48
11
-2
-21
22
-19
-9
12
-21
0
2
-38
-1
3
-26
8
6
-61
1
1
-20
14
-10
9
19
-7
2
-7
-13
5
12
3
-13
0
-26
-30
4
-11
-28
-25
3
-4
3
-1
1
-30
-6
70
-33
-8
23
-10
-17
27
22
-19
-10
9
-18
5
22
-29
8
6
-9
1
25
-5
-7
21
3
-21
27
-6
-11
43
-40
4
67
-19
2
33
-9
23
-13
42
0
-7
45
-7
3
-4
3
6
27
-7
-5
78
-41
-4
43
13
-25
22
44
-49
71
-5
-28
9
29
-15
-31
19
3
-11
-3
2
-20
-18
50
-27
-66
57
7
-50
23
-9
-19
-3
22
-18
2
2
-30
25
-39
18
-26
-39
9
-6
-23
8
11
-28
-6
-2
-12
9
7
-13
-17
-6
24
-45
25
15
-33
-1
24
-31
-37
26
0
-40
38
28
-23
0
7
-27
17
17
-48
-24
46
-17
-43
36
-6
-1
26
26
-12
-1
0
8
7
15
6
-12
11
-27
-7
50
-28
-11
59
-11
-27
35
50
-26
-14
33
-12
10
31
-41
42
-12
-39
50
18
-47
0
61
-37
-17
57
-7
-1
-1
1
10
-1
-13
17
6
-21
-1
-15
48
-41
-12
35
-7
-23
10
47
-1
-39
-33
29
-20
-34
10
-11
-11
-16
-7
18
-26
-23
19
-21
-46
13
21
5
-13
2
43
-4
-3
-1
12
-26
-1
13
-34
44
-59
-31
52
17
-49
42
18
-25
13
14
-9
-29
31
14
-2
-11
11
-16
17
-6
3
-19
-6
14
-17
1
2
-34
-16
34
-25
-16
-22
20
-26
-31
45
-25
-23
10
16
-3
14
-48
22
16
-3
2
30
-11
-18
30
14
-38
18
29
-4
26
-16
15
-4
41
6
50
12
-8
60
37
-21
23
74
-43
46
3
-11
-3
-18
3
-10
18
-39
-10
-5
-3
-9
-15
11
-52
1
41
-52
-30
23
-14
-59
-16
-44
-13
-28
-40
26
-1
-44
-12
76
-49
-18
53
-16
-40
56
7
-51
41
-11
-14
50
-1
-42
85
-2
1
102
18
62
-23
24
69
9
48
23
1
39
22
14
42
-12
-8
44
22
-49
47
6
-7
47
-63
41
34
-86
40
24
-87
18
-18
-80
3
-53
-36
-41
-20
-38
-78
14
-26
-66
-54
-6
-50
-24
-38
-77
-35
-6
-46
-12
-31
-6
-4
-46
-23
11
-24
-20
-22
-20
-8
11
-27
13
19
-21
79
43
-25
54
86
-12
21
76
66
2
30
62
-19
23
79
-14
39
20
33
50
23
77
-2
51
44
19
43
31
-7
-4
58
-28
-5
24
-58
37
-34
-71
41
9
-121
18
53
-12
-27
-14
16
-34
13
24
-20
-37
5
-39
17
-37
-87
-3
14
-53
-54
29
5
-107
-17
-22
9
-43
-33
24
-72
16
-37
-31
11
-2
-1
-22
36
-37
16
57
-61
55
57
65
-35
66
82
-13
39
49
79
-24
28
31
12
-1
-25
-32
18
-25
-25
-28
-15
-39
-16
-26
-55
-13
-84
1
1
-90
-16
-59
-23
-51
-73
35
-76
-34
-20
14
-100
38
41
-30
49
27
47
15
24
83
22
104
42
79
104
22
76
71
148
34
34
156
15
48
103
57
45
47
102
9
47
37
52
-7
3
1
50
16
-100
-22
-3
-44
-117
-51
-11
-133
-101
-50
-112
-87
-133
-93
-71
-174
-104
-101
-122
-131
-151
-100
-170
-110
-105
-96
-96
-103
-64
-22
-51
-6
6
23
27
9
75
106
49
73
151
112
102
156
150
139
138
155
149
162
137
146
167
69
136
148
76
97
85
135
60
55
89
43
79
-13
15
51
21
-25
-23
75
-23
-70
-17
-1
-76
-35
-32
-118
-48
-57
-114
-45
-137
-146
-94
-96
-174
-107
-102
-155
-117
-188
-72
-121
-171
-53
-112
-147
-90
-125
-75
-79
-134
-22
-59
-88
-105
-11
21
-87
7
17
-5
36
69
22
71
68
95
67
63
62
40
142
65
73
132
-4
113
114
71
137
61
130
126
69
119
91
155
99
99
175
123
47
113
68
117
86
13
67
60
6
-1
-43
-27
-34
-82
-39
-97
-117
-81
-146
-119
-136
-135
-131
-143
-137
-136
-143
-147
-130
-131
-135
-111
-76
-68
-54
-46
-62
28
36
-3
113
31
100
97
56
130
120
110
108
74
121
131
82
111
106
101
80
124
33
42
78
50
15
45
-2
16
-45
-63
-20
-79
-16
-51
-101
-36
-56
-122
-47
-45
-71
-81
-20
-33
-12
-39
-43
94
-78
-22
11
-69
78
-114
7
-65
-82
-13
-62
-65
-46
-75
-14
-6
-48
39
-39
43
-21
-10
84
58
8
72
58
62
95
75
47
110
76
81
122
65
105
140
59
125
97
76
103
69
69
62
75
-7
61
-3
-25
35
-24
-22
-48
-87
-51
-111
-116
-106
-158
-89
-167
-229
-111
-163
-185
-148
-158
-221
-224
-157
-224
-183
-129
-173
-193
-160
-128
-145
-148
-85
-136
-39
-26
-102
-47
-23
-3
-5
24
-20
58
34
42
82
116
111
170
173
132
194
170
214
251
201
273
212
245
275
238
261
234
223
239
230
243
235
178
160
132
205
74
112
87
-8
118
13
-29
43
13
-56
2
-40
-2
24
-88
-21
-25
-6
-86
-43
-50
-151
-54
-132
-91
-112
-126
-174
-128
-141
-64
-151
-123
-108
-109
-99
-94
-167
-77
-79
-164
-202
-116
-100
-166
-110
-149
-68
-124
-83
-92
21
-52
-18
-2
-9
64
53
23
77
60
87
110
53
115
140
39
97
69
69
21
7
44
-27
14
-46
-24
-117
-1
-53
-109
-39
-42
-109
-37
-82
-88
-1
-65
-99
-15
-71
-115
-105
-74
-84
-138
-37
-110
-138
-61
-40
-109
-61
4
-12
25
57
-17
90
83
14
145
140
96
77
152
138
132
151
133
157
103
173
200
168
102
141
209
150
183
145
115
135
100
59
116
100
68
46
-16
-11
-2
-42
-94
-28
-81
-68
-138
-42
-69
-129
-81
-100
-82
-64
-71
-143
-126
-77
-125
-96
-51
-64
-94
-100
-64
3
-19
-40
-55
-29
-6
-56
30
-35
-23
35
46
18
60
103
57
59
63
92
103
41
53
73
24
82
2
41
101
38
50
48
85
31
14
98
55
80
42
26
13
52
-6
8
18
-30
-79
-33
-5
-81
-82
-143
-89
-52
-100
-103
-154
-129
-93
-81
-70
-149
-112
-110
-116
-86
-22
-59
-129
-154
-24
41
-76
-120
-81
18
-67
-49
40
-13
-54
-45
59
65
31
55
18
26
101
8
17
39
4
25
53
47
16
-16
7
-4
34
7
9
6
-81
18
-10
19
9
-60
-18
-57
-15
-36
-75
-93
-33
-35
-37
-27
-91
-78
-80
0
-37
-84
-87
-21
18
-41
16
33
74
6
44
144
115
96
106
132
206
155
123
190
181
166
137
182
256
188
167
213
243
171
180
243
174
245
192
194
203
147
183
159
159
177
164
112
112
123
88
101
55
33
64
87
30
-6
11
2
-18
-16
13
-25
-78
-92
-115
-124
-145
-148
-136
-170
-204
-210
-246
-262
-245
-242
-287
-345
-283
-284
-309
-359
-372
-329
-356
-318
-291
-316
-321
-347
-312
-271
-312
-282
-280
-281
-265
-236
-190
-199
-189
-155
-174
-110
-66
-95
-55
-39
9
50
99
134
90
162
146
163
243
218
210
228
224
223
269
272
233
253
296
273
270
278
301
301
282
255
245
259
231
243
244
208
194
166
165
145
95
121
99
97
98
54
49
53
27
26
45
1
2
24
-16
-19
-23
-15
-31
-40
-64
-91
-65
-81
-103
-119
-130
-154
-157
-135
-136
-127
-164
-122
-101
-104
-92
-119
-81
-109
-121
-95
-105
-77
-85
-102
-100
-84
-80
-98
-104
-74
-60
-31
-33
-53
-60
-76
-73
-49
-41
-2
3
-39
-32
-7
35
24
38
52
28
50
57
72
76
63
75
84
64
94
89
94
98
70
127
162
151
157
177
164
151
176
208
195
130
119
133
150
167
149
171
197
242
308
366
330
294
335
349
353
364
346
304
203
132
98
21
-45
-164
-235
-298
-377
-460
-517
-620
-683
-702
-724
-733
-715
-698
-741
-735
-709
-658
-613
-611
-587
-539
-500
-461
-403
-345
-315
-283
-231
-136
-41
74
148
207
277
297
378
427
477
501
485
461
375
324
320
261
198
125
85
86
25
-23
-33
-46
-39
-31
16
71
66
110
95
158
231
240
259
253
260
261
286
301
278
302
298
252
274
287
267
242
252
252
245
213
183
200
154
132
149
127
103
50
-12
-31
-6
21
94
176
291
543
770
905
923
882
956
1084
1149
1197
1106
931
668
426
235
61
-192
-479
-681
-850
-1038
-1216
-1434
-1614
-1693
-1715
-1666
-1584
-1521
-1494
-1441
-1391
-1253
-1091
-977
-801
-663
-548
-449
-280
-118
6
85
174
273
401
494
559
550
586
553
518
548
515
473
433
281
142
75
6
4
-78
-214
-327
-354
-318
-124
35
120
83
79
180
306
451
527
561
506
429
397
367
342
192
43
10
-16
-67
-158
-289
-386
-465
-458
-412
-388
-383
-411
-395
-366
-298
-232
-231
-210
-145
-39
132
235
340
412
446
552
709
831
913
928
930
932
911
900
887
874
766
660
559
484
452
411
406
430
549
806
1021
998
773
574
537
583
619
551
353
74
-272
-570
-724
-893
-1157
-1406
-1545
-1575
-1588
-1642
-1704
-1714
-1647
-1534
-1289
-1024
-821
-653
-517
-461
-312
-131
-24
132
144
144
194
209
301
269
167
120
74
105
114
48
-30
-64
-136
-141
-67
-22
4
-63
-151
-206
-135
-11
77
94
14
-51
-33
109
264
400
508
636
861
1033
1085
996
884
858
864
817
702
458
106
-247
-530
-667
-804
-975
-1114
-1166
-1196
-1198
-1199
-1133
-960
-716
-473
-205
20
191
348
482
659
814
966
1050
1136
1120
1112
1082
1023
1011
983
920
832
700
584
421
222
136
49
-80
-204
-314
-413
-450
-519
-593
-535
-442
-169
285
709
907
728
471
446
674
934
1019
847
538
134
-195
-451
-592
-843
-1140
-1339
-1399
-1438
-1525
-1632
-1774
-1699
-1552
-1242
-950
-718
-514
-423
-294
-106
118
322
469
547
607
641
680
690
652
580
458
396
353
323
221
41
-160
-283
-355
-337
-298
-301
-374
-547
-680
-624
-417
-199
-126
-190
-263
-263
-141
69
292
407
473
560
685
915
1196
1329
1312
1156
1052
1030
987
865
610
270
-71
-341
-466
-585
-759
-950
-1098
-1096
-974
-829
-677
-561
-388
-151
133
369
529
637
662
724
760
801
803
667
491
266
103
43
-26
-114
-241
-387
-498
-575
-596
-659
-700
-702
-708
-686
-654
-660
-600
-497
-397
-262
-145
24
355
786
1255
1561
1545
1326
1156
1274
1479
1504
1274
909
469
41
-286
-472
-692
-1013
-1314
-1471
-1475
-1550
-1577
-1570
-1477
-1238
-973
-692
-349
-68
134
282
435
615
743
861
873
821
749
610
498
406
279
82
-169
-373
-485
-568
-668
-788
-914
-1025
-1079
-994
-778
-645
-621
-687
-623
-395
-69
230
308
327
315
420
655
898
1047
1077
944
847
882
1011
1201
1256
1109
775
467
289
203
60
-177
-444
-721
-878
-930
-973
-1041
-1143
-1110
-929
-647
-338
-120
23
207
443
680
884
1005
960
893
830
787
731
608
362
49
-203
-363
-424
-483
-591
-718
-812
-834
-805
-673
-588
-575
-510
-387
-228
-99
-25
29
175
296
473
611
709
812
960
1227
1657
2008
1996
1694
1322
1183
1252
1303
1165
792
317
-171
-498
-719
-877
-1113
-1439
-1621
-1611
-1504
-1401
-1339
-1215
-996
-763
-492
-149
197
394
483
566
625
665
691
647
518
314
60
-107
-248
-450
-699
-946
-1115
-1232
-1279
-1351
-1414
-1444
-1431
-1326
-1144
-927
-687
-548
-503
-436
-220
120
405
552
520
466
507
598
732
821
780
670
546
468
419
385
423
502
587
547
353
144
-30
-99
-75
23
83
47
-122
-261
-263
-199
-123
-76
39
188
356
461
487
482
423
412
478
574
591
453
201
-42
-198
-298
-374
-444
-539
-637
-697
-707
-643
-564
-494
-399
-239
-84
94
206
261
350
419
525
669
800
873
890
808
734
758
834
995
1326
1673
1740
1440
937
661
700
836
844
637
276
-164
-568
-796
-891
-999
-1160
-1329
-1321
-1206
-1104
-1058
-1037
-925
-750
-523
-267
-47
144
159
43
6
18
6
-39
-160
-331
-512
-701
-834
-905
-1031
-1215
-1354
-1374
-1257
-1132
-1081
-1136
-1152
-1061
-835
-480
-104
142
173
148
235
495
847
1113
1157
1040
924
887
906
986
1000
799
568
375
344
380
331
248
214
343
446
458
361
168
20
-55
-13
123
189
93
-109
-332
-424
-371
-283
-160
-92
-47
-46
-44
13
82
104
76
92
139
119
54
-78
-202
-282
-356
-377
-388
-387
-411
-429
-421
-376
-293
-167
-3
172
303
354
367
404
461
567
641
762
884
901
823
668
624
704
906
1258
1652
1833
1599
1107
760
757
895
921
754
426
6
-417
-747
-933
-1069
-1274
-1431
-1469
-1388
-1272
-1265
-1295
-1167
-948
-742
-486
-209
19
129
142
125
137
114
22
-84
-156
-282
-474
-701
-895
-1038
-1173
-1220
-1228
-1219
-1251
-1317
-1337
-1217
-1053
-825
-559
-282
-62
58
116
210
450
745
956
1008
979
876
777
781
884
960
918
764
593
464
414
404
401
465
538
633
668
584
414
188
84
83
159
214
131
-87
-345
-509
-534
-492
-445
-366
-326
-276
-209
-129
-52
-15
-16
14
117
194
167
70
-77
-208
-286
-307
-283
-194
-175
-218
-298
-338
-226
-71
121
254
325
409
501
595
637
664
639
604
649
688
690
630
504
407
383
492
871
1338
1540
1351
965
698
713
880
950
827
562
159
-239
-540
-725
-883
-1087
-1265
-1331
-1263
-1191
-1201
-1214
-1137
-976
-758
-555
-330
-136
-60
-101
-167
-172
-176
-261
-327
-413
-559
-747
-917
-979
-1029
-1144
-1234
-1239
-1188
-1130
-1067
-978
-876
-743
-567
-334
-81
148
278
285
341
483
655
796
851
778
681
623
617
688
741
698
582
452
382
326
319
349
432
574
710
820
836
749
596
522
486
506
506
453
274
0
-255
-410
-474
-469
-462
-444
-422
-416
-399
-416
-403
-335
-235
-163
-115
-91
-90
-138
-234
-266
-246
-178
-141
-142
-126
-177
-197
-111
84
282
440
531
572
592
602
641
692
740
778
790
778
797
756
624
464
398
485
770
1187
1500
1504
1131
700
540
661
868
922
755
418
-21
-391
-588
-677
-813
-1066
-1289
-1381
-1359
-1359
-1397
-1402
-1353
-1275
-1146
-931
-707
-534
-520
-578
-616
-568
-495
-453
-462
-553
-730
-879
-918
-858
-834
-901
-1000
-1049
-999
-917
-820
-752
-662
-548
-396
-173
64
246
287
282
371
613
895
1068
1072
928
815
783
846
965
1031
1010
864
692
608
617
645
623
574
587
689
850
923
788
514
231
131
195
294
289
93
-238
-610
-739
-684
-570
-522
-526
-522
-488
-409
-338
-260
-205
-165
-85
56
200
235
155
25
-100
-98
-23
40
51
-65
-208
-247
-174
-39
113
190
221
238
268
304
333
327
283
283
330
397
431
353
221
90
71
179
345
567
812
1093
1301
1301
1087
910
927
1058
1151
1074
831
490
71
-345
-642
-809
-943
-1132
-1280
-1356
-1428
-1518
-1606
-1571
-1420
-1214
-1050
-865
-624
-456
-363
-337
-309
-225
-201
-198
-219
-267
-373
-497
-581
-659
-751
-827
-853
-818
-749
-727
-714
-678
-585
-500
-373
-164
33
141
155
154
270
489
725
869
833
735
647
677
844
1048
1129
1044
886
722
673
721
763
744
662
625
692
829
857
709
407
134
23
53
108
72
-128
-428
-701
-815
-735
-631
-554
-534
-505
-404
-271
-158
-72
11
74
139
285
426
472
403
283
155
98
84
38
5
-111
-196
-253
-258
-222
-177
-167
-168
-146
-88
5
102
173
196
171
181
237
300
357
355
362
418
522
604
671
804
1039
1317
1446
1335
1096
916
841
785
714
541
283
-74
-502
-859
-1108
-1315
-1545
-1761
-1869
-1875
-1831
-1785
-1755
-1641
-1485
-1368
-1166
-849
-488
-232
-142
-164
-187
-135
-60
20
65
41
-54
-195
-291
-328
-354
-433
-494
-503
-451
-379
-325
-294
-328
-346
-256
-32
168
303
344
360
422
522
651
762
855
879
856
880
980
1089
1123
1043
930
854
822
831
832
777
714
608
561
629
625
493
200
-64
-205
-230
-182
-176
-285
-508
-768
-905
-866
-742
-601
-486
-379
-262
-187
-113
18
137
259
368
470
554
554
473
329
184
68
30
16
16
-23
-173
-341
-466
-448
-337
-205
-120
-36
4
42
62
102
207
298
441
578
715
723
640
533
478
549
630
680
739
863
1032
1131
1104
908
686
509
436
367
278
90
-255
-660
-1093
-1358
-1535
-1649
-1779
-1921
-1993
-1980
-1913
-1781
-1589
-1418
-1302
-1190
-973
-668
-381
-188
-93
-26
51
95
95
78
35
-10
-19
12
39
-26
-195
-357
-450
-429
-302
-201
-127
-135
-177
-171
-108
38
161
245
336
462
625
762
785
714
641
648
775
959
1128
1152
1013
845
693
655
708
814
866
821
745
719
760
727
607
406
210
94
59
53
13
-167
-467
-760
-891
-819
-670
-554
-482
-412
-338
-225
-95
66
245
339
385
401
461
501
466
353
175
20
-124
-242
-312
-348
-427
-518
-567
-584
-555
-469
-367
-271
-145
-30
78
190
305
339
318
297
289
321
320
267
233
210
163
146
165
313
574
834
995
991
921
820
755
712
647
572
446
247
-9
-326
-651
-920
-1169
-1283
-1358
-1378
-1417
-1474
-1479
-1457
-1357
-1297
-1240
-1139
-940
-687
-478
-311
-219
-205
-267
-339
-291
-157
-15
71
48
-2
-81
-176
-222
-230
-196
-178
-132
-85
-79
-70
-102
-125
-122
-94
-9
109
225
304
331
274
218
242
329
468
620
718
732
693
655
658
737
837
900
935
954
1038
1174
1326
1312
1138
887
667
543
468
390
232
-9
-343
-640
-814
-875
-899
-897
-870
-809
-672
-544
-417
-270
-119
-3
97
222
378
518
561
513
416
296
211
116
39
-5
-43
-84
-110
-146
-173
-190
-230
-226
-144
-57
20
68
73
35
-40
-115
-122
-64
21
44
-7
-35
-62
-74
-62
-19
131
381
705
969
1112
1093
956
852
789
806
845
782
617
305
-64
-394
-669
-897
-1109
-1327
-1493
-1568
-1583
-1556
-1533
-1516
-1545
-1551
-1479
-1252
-912
-601
-455
-406
-394
-391
-334
-249
-103
47
156
219
225
241
236
233
198
175
160
153
182
211
235
215
198
122
35
-16
-21
50
150
218
174
114
53
54
129
219
350
471
565
624
686
750
810
869
922
972
1025
1092
1197
1271
1243
1148
951
760
597
442
304
126
-105
-323
-540
-701
-832
-925
-995
-1029
-978
-861
-669
-475
-294
-213
-161
-86
-1
112
217
294
273
215
117
11
-89
-199
-276
-291
-295
-278
-297
-321
-362
-401
-401
-376
-317
-239
-169
-155
-180
-222
-240
-219
-198
-142
-77
-11
55
123
175
215
210
210
280
479
818
1125
1327
1315
1157
1014
936
943
975
969
861
641
380
132
-59
-243
-466
-707
-883
-963
-989
-1014
-1060
-1124
-1202
-1262
-1265
-1152
-990
-833
-765
-736
-689
-651
-572
-478
-412
-350
-301
-247
-188
-112
-3
52
79
50
27
12
49
126
183
242
286
289
265
197
106
69
84
134
160
185
180
142
94
76
113
223
337
442
510
554
581
580
569
562
597
659
755
918
1060
1091
974
804
661
542
482
416
359
221
39
-157
-317
-430
-529
-616
-690
-734
-721
-670
-616
-534
-525
-554
-573
-526
-408
-249
-163
-170
-211
-262
-240
-211
-193
-209
-232
-239
-214
-127
-52
-5
-12
-46
-50
-6
87
185
249
292
325
338
327
276
207
183
227
294
347
341
286
189
137
154
242
390
596
832
970
1047
1046
965
881
792
715
708
716
686
555
329
78
-151
-361
-559
-735
-861
-957
-1051
-1151
-1225
-1321
-1456
-1590
-1666
-1615
-1490
-1324
-1200
-1109
-1042
-1001
-956
-861
-714
-540
-343
-169
-34
65
133
168
192
215
232
261
323
416
489
546
519
435
332
288
318
413
519
576
567
505
466
440
444
462
487
539
564
584
611
605
610
567
531
526
549
574
641
729
852
925
893
769
604
469
352
306
229
132
33
-161
-379
-568
-697
-800
-880
-931
-902
-818
-737
-689
-688
-696
-714
-696
-613
-491
-374
-293
-279
-310
-385
-430
-431
-392
-334
-258
-189
-140
-109
-91
-62
-32
11
70
141
220
279
315
324
300
307
328
378
456
521
560
557
530
496
486
473
463
466
465
512
617
762
924
1021
1061
1013
958
934
884
802
677
550
404
229
15
-199
-431
-686
-919
-1068
-1148
-1197
-1227
-1280
-1327
-1406
-1495
-1553
-1530
-1420
-1256
-1068
-941
-866
-824
-852
-855
-784
-679
-513
-352
-245
-206
-189
-173
-147
-106
-8
88
196
303
366
470
548
589
585
562
567
610
700
793
841
852
824
755
711
700
731
738
712
674
628
584
558
513
435
338
251
210
215
273
377
454
530
563
529
473
393
317
260
188
101
-11
-156
-328
-518
-663
-778
-837
-835
-811
-779
-761
-755
-748
-740
-711
-686
-641
-579
-511
-412
-367
-356
-379
-401
-399
-345
-239
-157
-70
-47
-9
33
100
200
319
402
487
572
643
700
728
733
693
685
668
671
687
684
656
601
534
477
417
372
360
353
343
315
287
330
433
544
596
551
459
394
397
356
309
210
72
-58
-213
-352
-465
-577
-737
-920
-1105
-1261
-1372
-1448
-1478
-1489
-1510
-1564
-1605
-1582
-1509
-1363
-1223
-1099
-969
-854
-752
-635
-529
-433
-322
-208
-79
59
202
320
416
459
479
506
564
632
726
791
826
848
811
775
742
719
713
719
711
676
639
596
546
513
520
567
610
631
611
578
578
582
592
575
521
448
381
316
260
237
223
224
229
210
150
30
-116
-247
-346
-429
-506
-569
-633
-707
-774
-835
-893
-936
-927
-877
-759
-622
-516
-456
-372
-324
-270
-185
-92
5
69
113
145
162
209
249
266
287
287
312
350
382
418
449
464
497
530
566
560
542
543
518
490
472
462
436
389
306
206
160
112
89
73
39
-7
-54
-96
-145
-146
-159
-160
-126
-61
44
96
80
40
-7
-71
-148
-201
-257
-280
-305
-393
-501
-613
-715
-811
-919
-1030
-1131
-1221
-1268
-1235
-1155
-1105
-1073
-1090
-1067
-953
-763
-529
-334
-203
-122
-24
73
175
267
337
398
451
514
566
607
614
606
550
485
460
450
482
518
560
602
576
516
461
448
489
549
598
626
630
602
558
544
531
508
464
414
384
390
399
377
319
243
146
70
48
7
-33
-73
-102
-82
-16
33
15
-76
-170
-256
-293
-284
-290
-309
-386
-477
-563
-609
-609
-596
-581
-544
-480
-388
-278
-179
-103
-62
-45
-13
57
162
267
329
323
268
210
163
164
150
164
157
126
86
58
56
55
38
-4
5
24
70
95
123
139
107
74
75
90
99
106
99
80
74
75
62
-21
-107
-168
-189
-179
-155
-168
-167
-113
-24
65
78
68
51
64
54
47
35
16
-23
-99
-156
-209
-245
-331
-439
-564
-649
-693
-710
-685
-656
-653
-661
-669
-649
-551
-410
-302
-214
-133
-77
17
91
140
190
227
260
303
353
379
430
410
357
303
278
276
284
308
341
371
380
365
311
258
229
238
256
293
313
287
255
196
187
222
237
252
216
176
160
183
229
249
224
162
64
25
21
32
53
14
-34
-64
-64
-5
44
30
-30
-120
-182
-209
-201
-197
-224
-291
-355
-399
-390
-373
-345
-309
-301
-242
-189
-106
-47
-15
32
60
91
96
108
110
103
89
56
1
-40
-57
-65
-70
-76
-94
-99
-96
-81
-62
-35
9
47
77
102
122
149
188
195
228
235
231
210
186
165
142
150
126
78
42
4
-37
-94
-138
-131
-53
80
213
331
335
283
214
164
152
156
168
182
161
84
-24
-134
-226
-358
-481
-559
-591
-600
-580
-582
-572
-590
-621
-613
-600
-512
-387
-262
-153
-89
-54
-44
-73
-56
-9
50
125
183
222
253
282
280
257
252
244
268
330
382
435
447
448
392
312
249
245
287
325
341
299
238
140
78
55
34
28
-13
-41
-55
-69
-60
-82
-100
-133
-185
-217
-228
-190
-139
-93
-63
-42
-20
29
103
154
168
98
30
-18
-47
-69
-98
-134
-222
-291
-335
-332
-291
-251
-205
-182
-155
-121
-73
-5
46
100
117
130
152
166
194
185
138
77
25
-2
-16
-22
-50
-58
-61
-46
-2
26
62
86
67
50
73
98
119
129
105
82
51
39
24
28
24
44
77
85
82
38
26
6
-9
15
42
77
184
314
424
471
440
392
375
391
407
449
437
384
280
152
47
-70
-206
-355
-500
-588
-624
-675
-700
-725
-739
-768
-799
-766
-695
-550
-424
-335
-267
-250
-204
-156
-129
-70
14
93
136
171
208
223
214
190
164
127
128
158
179
189
188
174
104
35
-10
-22
17
51
51
18
-39
-104
-162
-176
-154
-95
-56
-40
-35
-37
-24
-8
8
14
30
59
84
115
144
159
150
138
143
220
330
442
498
457
379
283
202
155
143
104
27
-86
-226
-337
-411
-439
-445
-462
-464
-416
-338
-233
-126
-53
5
49
102
188
294
366
376
308
214
136
89
67
55
44
22
-31
-83
-108
-93
-85
-75
-39
14
82
145
200
248
273
279
278
267
293
302
333
349
356
328
265
213
170
151
143
214
340
549
725
813
787
666
594
588
607
589
551
464
292
47
-209
-414
-597
-778
-934
-1047
-1106
-1145
-1202
-1256
-1302
-1328
-1320
-1260
-1115
-883
-669
-529
-478
-463
-429
-398
-287
-180
-66
18
38
28
-8
-1
10
5
-20
-26
-23
6
54
55
42
18
9
3
15
30
51
99
126
155
135
116
86
78
146
227
351
435
478
478
458
472
537
604
656
662
626
622
589
535
483
427
375
338
298
295
306
356
378
306
184
51
-43
-80
-99
-143
-211
-309
-438
-539
-601
-623
-619
-602
-557
-499
-395
-302
-214
-116
-55
-14
40
138
239
303
328
280
213
153
112
113
129
103
49
5
-36
-16
14
54
89
119
143
184
228
278
303
321
348
370
414
432
436
405
353
286
248
231
227
212
155
86
122
269
499
676
676
552
400
334
329
324
264
128
-92
-356
-590
-800
-956
-1152
-1353
-1507
-1610
-1641
-1668
-1681
-1671
-1634
-1568
-1447
-1259
-1006
-743
-546
-429
-343
-227
-86
80
214
334
428
474
498
506
514
502
468
426
387
363
331
281
205
146
119
140
147
119
102
83
101
151
218
271
294
281
292
369
480
607
679
727
733
714
743
800
850
841
763
662
567
504
472
427
333
195
39
-95
-201
-266
-311
-371
-369
-286
-214
-193
-270
-356
-404
-401
-358
-288
-207
-211
-290
-360
-385
-356
-300
-234
-180
-119
-63
-45
-31
-4
0
-11
-13
-1
47
88
99
46
0
-65
-108
-117
-102
-64
-33
3
43
91
161
232
333
432
508
578
610
611
613
612
601
607
582
532
451
373
326
272
210
109
-29
-147
-257
-343
-376
-289
-96
112
185
64
-115
-246
-242
-186
-155
-171
-262
-456
-697
-915
-1049
-1144
-1220
-1310
-1350
-1318
-1295
-1256
-1202
-1115
-1012
-904
-761
-525
-244
-11
106
130
185
281
396
512
593
647
613
543
509
512
503
462
405
365
320
301
261
215
169
136
154
181
260
274
231
187
196
275
348
379
373
357
360
391
465
526
555
545
493
446
435
443
445
396
318
239
178
118
59
-3
-105
-200
-309
-389
-429
-458
-483
-502
-488
-430
-281
-82
47
101
88
56
94
199
286
328
321
235
134
70
56
35
-13
-61
-94
-90
-71
-90
-133
-174
-198
-188
-119
-53
-11
11
-39
-89
-87
-56
-10
21
51
72
103
135
160
189
213
232
260
291
302
271
263
209
159
121
94
84
30
-90
-237
-342
-396
-437
-498
-612
-735
-792
-805
-749
-649
-501
-313
-94
83
158
128
106
160
259
341
364
309
156
-59
-293
-451
-526
-589
-649
-717
-750
-800
-886
-931
-897
-784
-677
-543
-392
-196
-38
68
146
216
326
437
578
709
780
771
715
683
674
661
636
595
551
503
421
318
245
215
183
155
143
153
131
32
-63
-82
-46
9
25
-17
-66
-104
-69
-8
85
150
163
146
108
133
203
273
304
311
279
243
175
92
35
15
-7
-57
-90
-99
-136
-183
-269
-308
-263
-187
-81
60
226
314
320
284
259
339
429
461
455
377
252
90
-32
-108
-182
-262
-324
-348
-358
-376
-423
-444
-417
-353
-259
-144
-70
-39
-73
-116
-145
-126
-76
-68
-65
-116
-200
-258
-267
-214
-170
-139
-149
-156
-164
-149
-125
-93
-84
-87
-85
-96
-77
-87
-134
-190
-178
-112
-6
49
57
21
-55
-49
39
178
254
250
258
389
596
754
764
639
524
505
570
630
606
445
154
-121
-311
-369
-349
-404
-511
-646
-725
-765
-767
-729
-661
-555
-471
-339
-196
-49
65
114
162
228
303
366
383
350
264
167
119
62
17
-73
-187
-279
-349
-387
-444
-502
-537
-531
-496
-412
-331
-285
-283
-263
-178
-10
185
291
325
305
316
395
531
670
747
782
757
730
712
717
740
713
663
589
526
466
368
253
146
74
45
17
-23
-100
-171
-239
-261
-224
-177
-124
-106
-61
30
214
362
366
292
168
138
188
198
143
2
-207
-435
-553
-557
-570
-638
-737
-818
-827
-791
-759
-676
-592
-488
-385
-279
-175
-138
-102
-64
-22
90
163
171
131
64
-22
-55
8
63
90
88
47
51
75
84
111
166
217
247
305
353
383
389
338
295
269
246
240
219
192
132
83
41
20
36
60
53
35
15
61
200
412
546
491
319
192
197
241
241
141
-17
-202
-405
-541
-594
-676
-787
-897
-921
-857
-797
-807
-811
-747
-634
-500
-373
-229
-130
-91
-86
-44
63
127
138
130
101
51
4
-13
-19
-10
-49
-88
-62
-37
-11
-18
14
75
139
207
294
387
437
441
437
481
586
713
780
781
711
646
594
592
598
596
543
449
338
220
136
79
42
-20
-73
-133
-201
-279
-363
-418
-441
-440
-434
-431
-407
-407
-449
-509
-517
-451
-384
-318
-260
-189
-38
142
193
201
164
146
209
253
266
238
136
-4
-94
-127
-164
-234
-308
-336
-292
-207
-170
-172
-137
-98
4
147
252
294
295
295
313
375
427
406
334
233
129
65
58
61
43
3
-32
-61
-55
-40
-63
-85
-88
-66
-5
59
87
71
31
-6
-7
31
81
116
100
61
-2
-48
-30
-13
22
30
20
3
-15
-46
-62
-53
10
163
323
346
234
69
-15
25
98
136
80
-79
-282
-448
-518
-515
-521
-576
-615
-638
-649
-671
-657
-590
-498
-378
-261
-131
-29
17
38
64
142
211
268
292
285
239
184
162
149
139
83
50
45
66
79
29
-17
-56
-58
-29
11
72
71
60
56
70
128
172
207
204
198
198
216
275
283
272
250
201
192
168
165
142
116
81
68
78
68
58
0
-45
-39
-17
12
39
50
40
3
-15
23
75
129
145
124
128
127
138
166
245
388
452
406
314
222
190
193
143
91
5
-148
-275
-332
-357
-397
-487
-555
-551
-526
-486
-482
-463
-404
-355
-296
-222
-177
-194
-195
-159
-106
-28
-32
-75
-119
-152
-171
-145
-87
-66
-39
-35
-30
-5
10
33
79
170
250
279
305
307
313
344
372
389
387
352
321
310
258
168
90
40
40
59
44
-23
-108
-197
-243
-227
-156
-16
119
179
145
43
-35
-24
49
133
183
145
-5
-183
-353
-427
-422
-409
-430
-470
-514
-583
-656
-671
-608
-507
-405
-316
-227
-174
-128
-97
-57
23
102
167
228
221
147
97
69
87
125
183
201
194
170
143
131
161
207
238
278
297
309
294
280
265
240
227
262
278
279
234
139
86
67
102
144
174
156
119
89
101
159
220
264
262
240
207
180
176
172
154
127
93
59
23
-44
-114
-183
-225
-262
-271
-243
-210
-177
-182
-177
-157
-123
-55
13
40
38
21
-9
-32
-45
-53
-43
-57
-83
-121
-160
-170
-178
-157
-140
-113
-87
-81
-68
-47
10
24
40
42
52
66
34
16
-27
-47
-54
-49
-46
-53
-77
-118
-138
-122
-65
-7
35
43
31
25
42
69
92
106
88
97
88
78
64
35
5
0
-18
-8
-23
-52
-90
-132
-150
-151
-128
-136
-122
-130
-134
-123
-124
-118
-96
-58
30
130
200
222
193
175
206
250
272
270
221
133
54
-4
-65
-122
-197
-275
-315
-318
-326
-354
-390
-390
-354
-303
-251
-220
-200
-178
-128
-55
15
26
29
21
12
49
106
156
165
150
147
139
159
183
178
170
164
161
172
187
212
210
191
153
133
127
123
135
130
117
106
85
63
69
72
85
99
109
105
110
79
67
86
111
146
143
100
53
33
17
16
3
-22
-44
-50
-32
-7
19
2
-11
-13
7
35
34
48
38
28
35
48
89
174
236
219
177
118
80
110
113
60
-23
-163
-266
-354
-399
-452
-496
-525
-533
-500
-455
-436
-440
-417
-362
-265
-175
-113
-130
-139
-130
-114
-54
-16
-26
-35
-40
-59
-76
-95
-110
-101
-61
-29
2
14
17
22
59
115
177
237
246
258
265
293
306
318
327
319
348
346
333
301
250
233
241
268
298
296
253
178
100
68
77
109
91
35
-23
-61
-55
-9
14
-20
-62
-93
-80
-45
-33
-43
-85
-111
-152
-163
-160
-169
-212
-242
-266
-269
-267
-262
-255
-251
-248
-248
-222
-192
-159
-142
-118
-126
-92
-81
-61
-59
-58
-47
-66
-50
-33
-19
-11
-3
-1
-29
-13
12
39
61
60
61
66
109
141
151
155
161
157
180
181
208
193
174
159
134
121
98
108
100
88
64
53
37
40
46
32
12
-11
-11
-19
-11
12
29
28
16
-2
9
25
36
28
27
16
22
45
64
50
25
-2
-30
-15
20
32
35
14
-21
-33
-47
-40
-48
-49
-47
-41
-45
-43
-55
-71
-76
-55
-24
-8
7
20
15
21
21
43
42
39
53
59
56
47
47
27
19
-2
-8
-33
-53
-58
-50
-45
-52
-64
-99
-91
-81
-65
-41
-37
-34
-56
-49
-29
-16
12
27
22
32
38
42
44
47
41
27
33
31
34
46
13
-33
-54
-69
-43
-25
-20
-24
-37
-33
-39
-49
-44
-46
-32
-12
24
35
59
62
43
61
57
61
52
37
20
-3
-12
-34
-53
-71
-87
-90
-106
-112
-131
-139
-149
-162
-173
-159
-144
-132
-119
-110
-72
-61
-50
-34
-35
-30
-5
10
9
14
2
-21
-39
-26
-4
-12
-15
-37
-44
-34
-28
-25
-40
-52
-57
-51
-24
13
5
10
9
15
46
70
96
113
120
152
159
155
166
168
187
192
219
211
190
194
183
205
200
196
171
136
115
78
76
82
82
73
44
22
18
26
45
71
101
130
161
169
175
174
164
149
143
155
148
133
93
42
2
-21
-46
-64
-81
-87
-81
-95
-122
-162
-179
-185
-166
-149
-159
-173
-186
-208
-219
-226
-247
-252
-243
-232
-222
-217
-246
-258
-273
-278
-265
-243
-229
-231
-224
-212
-195
-168
-148
-118
-91
-69
-39
-14
23
58
88
124
147
173
182
189
187
208
222
219
214
200
189
172
167
155
161
181
176
150
103
78
68
57
59
42
29
9
-23
-46
-29
-26
-30
-19
-10
5
9
17
18
39
52
79
88
80
61
14
-3
-4
11
13
-4
-17
-57
-82
-89
-82
-85
-101
-110
-108
-101
-106
-126
-147
-162
-166
-151
-145
-164
-176
-168
-141
-88
-45
-7
9
13
32
56
99
103
99
90
83
89
86
84
66
56
40
43
62
75
77
70
47
50
66
92
109
119
117
122
145
146
144
142
147
143
129
114
92
76
58
30
13
-6
-24
-53
-80
-90
-94
-95
-102
-110
-103
-95
-93
-87
-78
-57
-39
-22
-7
-2
5
11
14
11
5
0
-7
-6
-17
-42
-61
-63
-73
-87
-90
-95
-110
-109
-95
-107
-110
-123
-124
-133
-132
-131
-141
-145
-155
-150
-146
-136
-122
-92
-86
-65
-40
-26
-9
10
36
47
70
80
88
88
99
108
113
147
177
188
188
180
192
204
226
245
250
239
220
210
205
203
206
203
205
197
190
180
157
130
104
99
112
121
107
72
36
14
13
7
2
-11
-32
-61
-89
-84
-85
-86
-108
-110
-101
-107
-99
-92
-92
-80
-78
-79
-101
-129
-156
-168
-179
-182
-175
-184
-205
-236
-238
-249
-245
-241
-239
-218
-208
-213
-217
-209
-226
-225
-216
-196
-156
-153
-167
-194
-194
-200
-177
-154
-128
-99
-77
-44
-22
4
6
25
53
78
96
100
108
124
125
130
140
140
133
134
131
144
161
178
197
206
210
223
245
262
259
285
290
313
320
311
302
276
270
263
269
270
269
224
181
140
121
120
105
93
71
32
8
-18
-34
-37
-52
-65
-83
-84
-79
-84
-97
-113
-123
-100
-86
-84
-93
-99
-94
-86
-78
-56
-39
-35
-34
-43
-41
-53
-57
-68
-81
-84
-93
-102
-111
-128
-138
-137
-127
-125
-129
-133
-129
-109
-84
-68
-52
-51
-40
-29
-17
-1
3
4
4
7
7
8
1
-10
-14
-19
-8
-4
-12
-15
-17
-12
-11
-2
-1
-6
-20
-34
-42
-58
-64
-80
-92
-94
-89
-83
-73
-66
-52
-42
-39
-40
-39
-35
-37
-33
-11
0
12
20
23
22
17
34
31
38
41
27
17
-2
-6
-8
-25
-54
-50
-53
-60
-56
-49
-44
-31
-19
-19
-2
2
6
7
19
37
63
79
72
73
65
61
71
71
73
65
52
29
16
24
22
26
31
33
29
27
32
36
37
49
60
69
83
93
107
104
107
120
138
163
186
197
186
177
169
161
164
159
160
160
140
115
104
101
97
96
93
93
81
72
66
50
39
40
54
62
59
49
29
16
19
26
27
18
-3
-27
-59
-73
-97
-110
-124
-154
-168
-178
-185
-205
-200
-201
-206
-193
-183
-177
-185
-187
-199
-199
-185
-175
-171
-172
-172
-189
-201
-217
-222
-226
-222
-216
-211
-227
-238
-235
-227
-211
-194
-168
-147
-131
-119
-103
-78
-64
-46
-28
1
32
54
79
113
134
157
174
182
207
220
227
237
251
259
266
257
260
257
238
219
208
206
198
201
194
184
162
148
144
154
157
159
168
160
154
140
133
126
112
101
75
70
55
42
25
6
1
-10
-9
-21
-28
-35
-47
-63
-86
-97
-109
-128
-148
-163
-177
-185
-210
-202
-190
-185
-178
-193
-190
-186
-183
-168
-156
-149
-132
-136
-139
-146
-135
-126
-127
-116
-112
-96
-87
-81
-70
-52
-39
-11
6
17
29
24
39
61
74
68
73
65
71
81
82
100
107
113
112
105
114
113
119
128
117
103
96
90
90
82
71
52
40
31
30
27
17
19
20
18
26
33
27
26
37
35
31
41
41
51
39
32
20
5
-7
-12
-2
-4
-20
-50
-54
-54
-56
-65
-63
-60
-56
-55
-55
-51
-43
-47
-54
-48
-53
-41
-44
-33
-40
-39
-39
-28
-27
-32
-26
-31
-20
-14
-7
3
5
3
11
11
21
8
11
22
24
39
33
31
29
33
48
58
62
61
58
51
48
58
74
61
51
38
53
51
50
61
47
35
19
8
11
18
20
7
3
-2
-1
5
13
25
16
12
9
18
18
19
15
10
11
-3
-9
-14
-14
-29
-31
-46
-44
-46
-51
-49
-64
-81
-82
-60
-59
-60
-74
-85
-96
-86
-81
-87
-88
-95
-110
-104
-89
-84
-90
-92
-87
-85
-71
-84
-91
-97
-99
-92
-83
-87
-79
-71
-71
-61
-62
-54
-52
-43
-42
-37
-19
7
34
47
52
68
77
92
113
121
139
145
157
166
174
169
160
160
169
175
169
163
165
163
162
150
142
136
142
136
127
124
114
115
100
89
81
79
76
85
86
83
76
72
69
50
60
63
47
27
11
1
-22
-51
-71
-92
-105
-119
-129
-132
-146
-159
-174
-181
-168
-164
-171
-173
-171
-173
-154
-142
-154
-145
-152
-145
-139
-134
-127
-130
-135
-136
-135
-129
-115
-98
-92
-91
-99
-86
-72
-59
-44
-36
-25
-29
-15
7
31
48
60
76
85
104
109
119
114
103
115
104
112
113
113
119
124
141
138
151
150
146
148
140
139
134
132
127
111
98
96
86
75
67
50
41
29
13
-3
-10
-8
-21
-34
-45
-48
-64
-81
-89
-94
-102
-113
-125
-132
-136
-140
-128
-119
-103
-88
-91
-94
-85
-76
-55
-50
-48
-55
-50
-42
-39
-30
-52
-48
-49
-44
-30
-24
-21
-25
-27
-40
-37
-30
-19
-16
-10
-14
-9
4
7
10
2
2
10
18
29
40
42
45
52
63
70
72
72
68
73
76
79
74
68
72
75
66
54
39
36
34
35
38
21
12
6
6
22
30
24
28
26
29
32
34
34
36
42
52
60
62
73
84
64
60
59
59
51
44
41
23
20
6
0
-14
-29
-42
-44
-48
-45
-41
-46
-54
-60
-62
-55
-54
-57
-59
-72
-68
-66
-63
-64
-68
-63
-55
-48
-53
-55
-46
-33
-15
-7
-12
-23
-18
-3
3
6
14
17
19
31
41
31
31
29
33
46
46
57
65
68
72
69
75
76
71
65
66
70
61
48
36
42
25
27
25
16
8
-11
-7
-20
-29
-25
-38
-39
-40
-40
-35
-40
-45
-64
-73
-76
-69
-72
-81
-86
-89
-95
-98
-95
-102
-104
-116
-116
-105
-108
-98
-102
-100
-90
-84
-76
-66
-53
-54
-58
-58
-53
-46
-42
-35
-32
-28
-16
-4
-2
8
5
14
27
47
65
75
77
69
77
84
103
99
110
123
124
121
113
110
111
107
113
116
102
97
86
79
75
72
66
60
55
50
24
17
11
6
1
-2
-5
-11
-13
-17
-21
-21
-20
-17
-22
-23
-24
-26
-23
-18
-15
-3
-3
-5
-1
-10
-6
-6
-10
6
6
4
4
10
18
8
3
8
14
13
13
0
-3
1
-6
-6
2
18
20
10
0
-3
0
-11
-10
-11
-12
-8
-16
-19
-25
-28
-20
-21
-23
-21
-29
-33
-32
-45
-37
-41
-38
-43
-46
-43
-41
-31
-32
-30
-29
-26
-22
-19
-25
-25
-15
-17
-15
-6
-9
-15
-9
-9
2
14
12
5
-3
-1
-9
-13
-19
-19
-15
-14
-13
-12
-11
-17
-7
1
14
22
20
29
35
34
32
42
37
35
23
26
29
23
22
9
3
-1
-6
-26
-34
-45
-50
-52
-58
-57
-57
-63
-59
-48
-47
-46
-35
-22
-24
-25
-25
-20
-5
-3
5
5
8
12
20
17
21
32
28
32
32
27
31
32
39
38
35
41
36
43
40
51
52
62
66
61
65
66
71
76
81
75
87
81
79
73
72
75
56
55
52
52
48
35
28
28
24
20
21
21
16
8
10
-2
-16
-11
-16
-8
-18
-16
-23
-29
-28
-45
-48
-53
-47
-37
-49
-56
-63
-66
-73
-71
-76
-75
-71
-78
-85
-95
-101
-102
-98
-89
-98
-103
-99
-96
-81
-73
-64
-54
-48
-56
-50
-49
-35
-19
-13
5
4
12
13
9
12
17
16
18
30
24
14
21
26
31
37
32
39
42
51
59
60
60
65
70
80
85
101
101
101
105
93
98
102
99
93
73
61
55
63
55
46
45
24
14
4
5
-2
-10
-21
-40
-44
-44
-48
-49
-45
-47
-44
-45
-43
-40
-57
-60
-49
-54
-44
-47
-42
-50
-58
-50
-52
-29
-21
-19
-18
-20
-20
-27
-17
-23
-21
-26
-25
-24
-30
-33
-37
-31
-39
-32
-27
-24
-32
-28
-25
-14
-11
-15
-18
-10
-9
0
4
11
9
9
1
-7
4
3
9
11
6
10
22
13
16
20
25
32
32
37
42
39
48
52
56
65
71
83
83
82
75
72
67
61
52
39
42
30
27
28
19
14
5
11
5
7
6
-3
-2
-5
3
1
1
16
6
8
-1
-4
-11
-20
-20
-37
-32
-42
-44
-44
-44
-39
-36
-32
-45
-44
-49
-55
-49
-50
-45
-55
-56
-65
-68
-69
-77
-67
-68
-60
-60
-46
-46
-41
-35
-28
-17
-16
-10
-20
-18
-12
-5
-5
-8
-3
-11
-3
3
5
6
10
18
30
36
39
46
47
59
62
70
70
77
76
74
75
67
73
65
65
62
73
81
72
66
53
45
43
43
38
40
46
38
29
26
17
19
22
11
9
6
-1
3
-1
5
5
3
1
-4
-6
-12
-16
-10
-13
-12
-24
-35
-55
-63
-66
-74
-66
-75
-79
-73
-74
-81
-83
-83
-86
-73
-68
-61
-66
-70
-64
-57
-49
-35
-29
-23
-14
-18
-12
-13
-11
-4
-14
-11
-6
-9
-4
2
9
13
26
35
36
35
37
37
35
40
37
37
46
49
51
45
45
46
48
52
53
49
52
39
44
41
49
51
33
29
20
24
23
20
21
10
2
2
4
0
-11
-11
-5
-3
-1
2
-8
4
-3
2
1
-6
3
4
5
2
5
11
10
8
9
1
-3
-8
-15
-19
-23
-33
-34
-34
-28
-33
-29
-30
-34
-35
-34
-26
-22
-19
-26
-22
-18
-13
-14
-16
-13
-16
-17
-5
3
3
5
-11
-12
-16
-20
-13
-16
-2
-15
-16
-19
-19
-10
-12
-8
-14
-14
-12
-1
1
4
4
-3
-5
-5
-2
-1
-3
2
5
4
10
11
18
21
27
28
14
14
3
12
15
-1
3
-6
-7
0
-8
2
-7
3
8
-1
3
-8
-13
-13
-4
-8
-10
-25
-28
-25
-28
-24
-28
-37
-36
-29
-35
-30
-25
-30
-30
-24
-21
-9
1
-1
9
12
9
7
4
10
15
20
17
34
33
27
35
41
49
61
61
60
67
60
60
54
58
60
60
53
47
47
46
53
57
60
51
51
51
46
58
49
42
41
37
41
35
31
30
21
15
7
0
-5
-17
-23
-27
-26
-33
-41
-33
-35
-38
-36
-42
-44
-35
-34
-32
-31
-30
-36
-40
-37
-49
-46
-48
-51
-59
-64
-57
-65
-62
-72
-65
-69
-64
-58
-57
-55
-61
-57
-60
-61
-55
-49
-54
-49
-50
-46
-38
-28
-21
-13
-8
0
6
6
12
14
20
17
23
25
28
27
31
39
29
33
36
41
45
53
52
58
53
51
52
53
58
54
62
62
62
62
54
58
54
42
39
41
32
31
27
23
19
11
1
-10
-4
-6
-3
-7
-3
0
7
8
4
7
-3
4
-2
-9
-4
-8
-9
-12
-17
-10
-21
-19
-6
-12
-7
-1
1
8
8
19
16
12
16
4
5
-1
-11
-18
-21
-25
-37
-28
-34
-34
-29
-35
-33
-35
-42
-31
-34
-34
-33
-38
-39
-30
-27
-19
-18
-23
-17
-17
-20
-24
-24
-24
-24
-25
-26
-24
-20
-19
-20
-19
-14
-16
-16
-12
-2
5
12
9
12
11
14
17
20
24
17
28
26
25
29
26
33
32
30
27
22
10
15
10
8
21
17
27
22
23
22
24
17
13
19
16
15
9
2
3
9
8
4
10
3
-2
-1
-17
-12
-9
-18
-16
-23
-13
-10
-9
4
-5
-10
-4
-4
-11
-13
-17
-21
-15
-9
-8
-6
-12
-10
-11
1
7
11
13
13
11
11
14
20
28
26
24
25
22
24
31
19
26
27
27
21
16
13
2
9
7
10
14
8
7
8
17
11
12
5
-2
-6
-13
-19
-20
-18
-17
-23
-28
-29
-28
-32
-30
-23
-22
-14
-24
-21
-22
-23
-24
-27
-19
-28
-29
-25
-30
-40
-34
-38
-42
-41
-37
-33
-44
-50
-49
-37
-36
-36
-34
-29
-19
-11
-5
-10
-9
2
-1
-11
1
6
10
18
14
19
15
22
29
34
34
33
39
35
39
40
38
46
51
49
51
44
51
49
44
39
35
35
38
38
32
29
34
40
34
46
44
44
45
43
36
38
31
29
32
24
27
25
19
17
10
10
11
13
10
-3
7
9
8
2
-5
-2
-8
-7
-15
-12
-11
-27
-32
-36
-32
-34
-40
-37
-33
-31
-36
-43
-39
-44
-46
-39
-36
-39
-42
-39
-31
-26
-30
-32
-28
-26
-30
-22
-20
-19
-19
-18
-14
-10
-12
-6
-8
-2
-7
-8
-9
-8
-16
-10
-10
-10
-1
3
5
-2
7
10
16
10
5
7
3
5
1
-5
-6
-4
3
2
2
-7
1
5
0
-4
-6
-5
-9
-2
-1
-12
-8
-9
-18
-11
-14
-9
-6
-5
-7
-14
-16
-17
-5
-3
-9
0
-9
-13
-5
-9
-7
-11
-13
-13
-2
0
3
1
-2
-2
-1
11
20
19
13
19
20
21
29
33
30
35
37
39
33
35
32
23
32
35
30
40
42
45
48
46
40
41
36
31
24
20
22
18
24
20
15
13
5
6
-2
-3
-20
-14
-18
-21
-18
-28
-16
-19
-23
-28
-30
-30
-28
-33
-34
-42
-47
-43
-34
-39
-46
-43
-40
-35
-36
-38
-31
-33
-28
-27
-32
-28
-21
-25
-23
-10
-7
-6
3
5
16
5
9
13
11
9
2
1
-1
1
-3
-2
1
1
3
8
6
9
16
14
12
9
12
18
21
13
24
18
16
17
7
5
-3
9
7
2
-4
-4
1
5
14
15
26
26
29
31
39
50
42
39
43
44
46
50
44
40
35
38
37
30
22
15
20
27
23
21
22
15
11
8
8
7
11
6
-1
-9
-4
-4
-9
-4
-6
-6
-11
-8
-10
-12
-10
-10
-22
-26
-24
-29
-28
-23
-27
-39
-45
-39
-40
-43
-43
-44
-45
-39
-36
-33
-28
-31
-34
-24
-36
-29
-28
-24
-32
-30
-20
-10
-6
-4
-10
-13
-7
-6
-2
-6
-3
-5
-7
-8
3
7
17
8
9
12
16
18
15
14
12
3
9
17
20
24
22
21
15
20
20
18
19
18
13
12
13
13
7
-2
-1
-5
-2
5
2
0
2
-11
-15
-11
-7
-6
-3
0
-1
-4
0
7
6
6
5
7
9
8
6
-5
-17
-22
-21
-24
-20
-22
-20
-18
-16
-13
-10
-10
-12
-16
-21
-15
-13
-14
-19
-13
-7
-6
-5
-9
-8
-10
-5
1
-1
2
1
-2
1
0
0
9
8
14
10
7
19
19
22
19
24
20
19
25
25
35
34
31
30
34
36
36
36
32
28
22
23
22
20
14
9
2
1
1
-1
-3
-9
-13
-10
-7
-14
-13
-22
-15
-22
-25
-24
-30
-27
-35
-29
-27
-27
-23
-28
-28
-30
-29
-27
-24
-27
-27
-26
-26
-25
-31
-24
-26
-27
-22
-15
-13
-11
-14
-11
-4
-12
-4
-3
-3
3
1
3
6
7
14
17
20
26
26
27
28
29
26
25
25
32
38
40
39
35
36
41
39
41
42
40
34
34
40
34
33
35
31
37
34
41
35
36
33
31
27
22
22
21
19
10
1
-1
3
3
-4
-3
-6
-7
0
-4
-7
-10
-11
-16
-19
-25
-19
-17
-27
-32
-41
-46
-42
-40
-48
-50
-43
-39
-45
-46
-46
-52
-50
-55
-50
-46
-42
-40
-40
-37
-27
-24
-27
-25
-24
-19
-23
-18
-14
-7
3
5
7
7
10
14
16
22
21
19
12
7
8
6
13
10
12
11
11
17
15
16
14
16
14
20
28
26
29
28
32
25
20
23
27
25
28
27
11
12
5
9
18
7
10
6
2
7
1
2
-8
-8
-8
-6
-3
-2
5
3
7
5
9
12
4
6
3
10
8
3
5
-1
6
7
5
6
5
7
9
10
6
8
2
1
-3
-5
-10
-15
-16
-16
-17
-17
-22
-18
-17
-18
-16
-13
-5
-5
-6
-6
-7
-14
-15
-17
-16
-19
-22
-17
-14
-22
-32
-30
-24
-22
-21
-22
-17
-19
-15
-24
-18
-23
-24
-15
-14
-14
-22
-21
-24
-16
-15
-6
-3
-3
2
-3
6
12
14
18
14
12
16
13
15
17
15
6
10
5
10
19
17
13
8
14
12
8
13
19
18
19
9
9
8
11
11
5
6
8
12
14
19
14
15
11
5
6
6
3
4
-4
-6
-8
-10
-21
-17
-11
-9
-5
-5
-4
-10
-8
-1
7
9
4
2
1
4
6
3
4
6
9
15
17
21
21
17
25
21
26
20
19
22
18
15
23
29
35
34
24
26
26
20
22
24
26
23
19
16
15
11
7
-3
-1
-3
-12
-12
-15
-14
-22
-27
-27
-27
-27
-23
-29
-24
-24
-19
-17
-20
-18
-20
-25
-24
-20
-15
-16
-18
-19
-20
-17
-28
-31
-26
-25
-25
-23
-19
-11
-9
-15
-19
-16
-7
-4
-2
-3
-3
0
3
6
11
12
17
19
21
28
21
25
19
26
24
19
23
23
18
13
18
14
16
10
14
2
-4
0
5
9
12
12
11
16
11
10
10
12
5
3
6
9
1
-5
-2
-10
-18
-12
-8
-14
-15
-20
-18
-13
-12
-18
-21
-24
-24
-21
-17
-13
-17
-13
-12
-8
-18
-2
0
0
0
-1
-6
-5
-8
-10
-12
-16
-12
-15
-6
-21
-21
-18
-24
-10
-2
-1
-10
-8
-8
-6
-5
-3
-4
-7
-5
-4
4
7
2
9
11
12
9
10
15
11
19
15
15
10
8
10
16
9
7
4
4
9
10
12
9
6
7
8
12
14
11
8
8
5
4
-5
-13
-5
-4
-1
-6
-5
-8
-11
-3
1
7
-4
1
1
-2
-1
-2
-3
0
-1
-5
-7
-3
-7
-4
-7
-13
-11
-4
-6
2
7
9
15
13
20
25
23
14
18
15
11
11
9
11
5
4
3
6
5
1
-3
-16
-6
-5
-6
-2
-1
-1
1
-1
-2
5
3
-1
-5
1
4
3
3
8
8
7
7
9
11
-1
-5
-2
-3
-4
-3
3
-3
-2
-9
-14
-8
-16
-13
-16
-10
-6
-7
-9
-13
-21
-17
-12
-15
-16
-15
-9
-8
-4
-7
-9
-5
4
0
6
1
2
8
9
15
8
7
8
6
5
14
6
7
10
7
9
8
10
12
18
24
19
17
16
17
22
20
15
12
8
3
3
6
7
-5
-6
-6
-1
-2
-3
-5
-11
-1
-5
-7
-12
-11
-15
-18
-16
-20
-12
-7
-6
-9
-9
-2
4
5
-1
-1
2
-1
1
5
2
-1
-6
-3
0
-1
-2
-7
-4
-1
4
10
0
0
-5
-9
-4
3
9
9
7
10
7
3
-6
-8
-4
-2
0
-10
-2
-3
-8
-7
-3
-8
-10
-8
-6
-9
-8
-11
-14
-12
-14
1
-2
-1
-4
-6
-3
-5
2
-2
7
6
10
11
11
12
8
12
9
6
7
3
1
6
8
10
16
11
10
0
3
1
1
6
-3
0
-8
-7
-11
-8
-13
-11
-8
-10
-6
-12
-5
-9
-2
-1
-1
3
4
10
5
0
-3
-14
-8
-9
-10
-2
-4
0
-7
-10
-12
-10
-7
-5
-8
-7
-1
0
5
-6
-6
-6
-4
4
-2
3
6
7
8
8
2
5
7
8
11
12
20
10
12
16
14
10
8
6
1
7
2
1
0
5
4
5
7
4
9
7
9
1
-6
-10
-10
-6
-4
-4
-4
0
5
-5
-3
-1
2
-1
-13
0
-5
-3
-6
-9
-10
-1
-5
-7
1
5
3
2
2
8
13
16
22
18
18
10
16
23
25
20
23
23
17
10
7
8
12
6
6
-1
-2
2
1
-1
-6
-12
-14
-6
-15
-14
-10
-5
-9
-19
-26
-24
-17
-22
-24
-28
-24
-23
-25
-27
-31
-24
-21
-24
-25
-18
-20
-15
-15
-10
-6
-1
2
-1
-3
-3
3
4
6
11
12
10
12
7
16
18
11
5
5
0
2
1
5
11
5
9
6
3
2
5
15
17
14
10
12
19
21
29
30
20
14
16
10
14
10
2
-2
-6
-2
5
-6
-10
-6
-10
-8
-10
-7
-10
-2
-9
-18
-13
-16
-14
-16
-14
-13
-11
-14
-12
-18
-14
-5
-2
10
7
9
5
4
2
5
10
11
9
11
13
18
14
8
6
12
14
15
11
11
17
16
19
14
15
14
21
22
15
20
14
19
18
19
13
9
11
4
2
3
4
5
2
-3
-3
-3
-4
0
-5
-8
-11
-10
-9
-14
-17
-15
-14
-18
-21
-15
-20
-23
-19
-29
-23
-23
-20
-21
-21
-19
-26
-24
-20
-20
-18
-14
-11
-11
-11
-11
-12
-12
-12
-10
-9
-12
-15
-9
-3
1
0
-5
-9
-8
-4
-1
1
4
11
9
8
10
14
23
21
25
25
19
16
9
6
15
16
18
20
26
27
26
24
19
17
12
14
15
8
7
1
-2
-4
0
0
1
-7
-4
-7
-4
0
2
3
2
-2
-11
-6
-11
-9
-10
-7
-10
-17
-16
-10
-12
-9
-4
-3
2
7
9
8
8
10
5
7
4
6
10
7
7
-4
-4
2
4
6
7
3
7
7
3
2
3
-2
1
-3
-10
-7
-8
-3
-9
-6
-6
-7
-3
-5
-5
-2
-7
-7
-14
-19
-16
-22
-22
-20
-16
-14
-12
-15
-18
-15
-11
-8
-10
-7
2
-2
2
2
2
8
7
7
9
14
9
5
2
4
1
-4
-2
1
1
7
12
4
8
3
7
7
6
7
-6
1
-8
-4
-2
-2
3
-2
-5
-3
2
6
2
4
-1
3
5
3
3
-5
2
0
-1
1
9
7
11
10
17
17
19
19
18
18
17
12
7
5
5
3
2
7
7
11
6
9
12
12
11
11
13
10
11
2
-2
2
-4
0
-6
-7
-6
-14
-9
-7
-12
-14
-10
-10
-14
-14
-6
-4
-5
-6
-5
-3
-7
-5
-1
-4
-5
-10
-15
-19
-21
-19
-18
-16
-14
-9
-9
-6
-7
-14
-15
-7
-2
-4
-1
6
5
7
7
8
4
7
9
2
7
-3
-6
1
1
-2
1
2
-1
-3
-5
-4
1
-7
-10
0
-1
5
3
6
7
10
5
8
16
13
10
8
10
5
6
4
7
2
-7
1
3
3
4
7
8
13
14
12
10
5
6
12
13
13
15
6
5
7
11
15
16
11
10
12
12
9
5
6
11
8
6
-2
-3
2
3
3
3
4
12
11
7
7
7
8
4
2
-2
-3
-9
-10
-9
-9
-1
-8
-12
-13
-14
-12
-16
-16
-11
-13
-20
-12
-15
-16
-19
-24
-19
-20
-18
-15
-20
-29
-27
-23
-16
-12
-16
-21
-24
-16
-15
-12
-18
-18
-17
-15
-6
-9
-8
-14
-11
-4
0
0
-2
2
4
-3
2
10
10
5
8
11
9
15
18
16
19
14
17
20
12
19
17
21
15
13
14
16
19
13
17
14
16
16
14
13
12
12
11
9
9
0
-4
-4
3
1
-3
-1
-1
0
-10
-15
-10
-9
-16
-18
-14
-14
-10
-9
-13
-10
-10
-9
-9
-11
-12
-10
-4
-1
-6
-5
-13
-4
-4
0
2
4
8
5
8
17
20
15
11
7
12
11
4
9
5
5
6
6
6
5
3
4
8
13
5
8
5
4
0
0
0
-8
-12
-13
-10
-10
-12
-15
-11
-11
-12
-18
-10
-8
-9
-13
-14
-18
-21
-23
-21
-23
-21
-24
-17
-15
-15
-9
-12
-4
-6
-1
3
3
9
1
4
6
2
6
3
5
7
11
17
22
21
22
19
15
25
22
21
23
21
16
19
19
15
12
13
16
9
12
11
16
15
12
16
14
12
13
14
18
9
8
13
14
10
7
7
4
6
5
0
5
2
8
5
-1
2
2
3
1
-1
-5
0
1
1
-3
-2
0
-3
-3
-14
-5
-5
-8
-2
-6
-7
-13
-11
-12
-13
-9
-13
-11
-8
-14
-13
-11
-12
-8
-9
-10
-11
-10
-8
-14
-6
-9
-15
-11
-13
-15
-16
-16
-18
-17
-10
-13
-18
-11
-12
-12
-18
-12
-13
-11
-5
-6
-11
-13
-4
1
3
0
0
-3
5
7
1
3
-2
0
6
7
6
1
4
3
-1
-4
3
4
-2
4
2
8
2
5
10
14
10
10
13
10
16
16
17
10
14
15
17
15
15
6
3
9
7
6
3
0
-2
11
12
13
13
9
6
4
1
-8
3
3
6
1
-4
-3
-3
1
-4
-2
-4
-2
-2
-5
-4
-5
-3
-4
-5
-13
-11
-13
-10
-7
-10
-6
-8
-6
-9
0
-3
-9
-11
-11
-11
-14
-13
-12
-7
-13
-12
-15
-13
-15
-8
-2
-12
-6
-5
-7
-7
-13
-10
-13
-15
-12
-11
-7
-9
-7
-2
0
5
10
9
12
10
9
10
12
8
8
9
3
3
4
3
4
4
6
9
15
11
18
14
14
15
14
14
17
16
9
12
7
7
4
8
2
1
8
8
10
7
8
6
2
0
-2
1
-1
-1
-1
-8
-4
0
-3
2
-3
-2
3
5
6
5
9
4
7
7
4
9
5
-2
-6
-15
-2
-2
1
5
2
2
9
13
7
6
2
5
5
-2
-6
-4
-1
-7
-8
-3
-5
-1
0
-1
-2
0
2
7
9
3
3
5
11
2
-3
-3
-1
-7
-6
-6
-5
1
-4
-1
-8
-4
-1
-4
-3
-3
-5
-6
-3
-10
-7
-6
-11
-15
-9
-12
-12
-14
-19
-11
-6
-3
-2
-3
0
0
-7
-1
-4
-1
4
-1
-1
-8
-4
-3
-4
-3
-2
4
-1
2
8
3
13
10
12
8
9
12
4
7
4
5
8
7
-5
-3
-1
-6
-1
4
5
4
7
6
0
2
5
6
7
6
12
0
3
1
0
3
-5
-2
3
5
2
3
-2
-1
6
5
-3
-1
-9
-5
0
-6
3
-5
3
-2
1
3
1
2
3
2
0
2
-4
-3
-7
0
1
2
0
5
3
7
5
0
0
0
5
3
10
6
2
2
2
0
2
-9
-12
-2
-6
-3
-5
-8
-10
-7
-2
4
10
-1
-4
0
-1
-1
0
-6
-7
-3
-13
-13
-10
-11
-14
-14
-15
-10
-14
-14
-13
-16
-12
-11
-12
-11
-15
-13
-11
-11
-20
-16
-16
-16
-15
-17
-12
-12
-13
-12
-12
-9
-4
-7
-2
-7
-5
4
1
4
-4
-2
-2
-1
3
5
5
13
12
12
19
18
18
16
14
12
18
15
17
14
17
15
19
18
15
25
24
26
25
27
21
20
21
24
17
16
14
10
16
11
11
7
14
14
13
11
14
12
11
16
14
8
4
4
3
-5
-2
-6
-12
-11
-7
-10
-7
-8
-8
-10
-16
-9
-8
-7
-8
-11
-8
-9
-12
-6
-6
0
-5
-5
-9
-10
-9
-9
-10
-17
-9
-9
-8
-5
-1
1
-2
-4
-6
-8
-8
-6
-3
-6
1
10
4
4
6
10
13
8
9
7
7
2
1
5
-3
-3
-7
-5
-4
-1
-1
-4
-6
-6
2
1
-1
1
0
0
-3
-2
-6
0
0
-3
0
-9
-6
-7
-3
0
-5
0
-2
-7
-2
-2
-5
-3
-4
-4
-6
-6
-7
-8
-6
-6
-3
-5
-6
-2
8
7
2
6
4
7
7
2
1
-1
-2
-1
-2
-1
-3
3
0
2
4
10
8
13
10
12
4
0
2
-4
-2
-4
-6
-4
-4
-2
-4
-9
-2
-7
-2
-5
-5
-10
-8
-8
-10
-11
-13
-6
-5
-9
-6
-12
-9
-11
-13
-7
-5
-1
-2
-1
3
4
5
6
13
15
11
7
12
10
9
7
3
5
5
-1
0
-1
-1
6
2
6
4
0
6
7
9
5
5
5
-1
4
1
1
-4
1
-2
-4
-3
-2
-2
-4
-3
-2
1
1
2
-1
0
-1
0
-3
5
2
8
10
16
8
9
8
11
14
7
15
14
15
14
5
4
9
5
6
5
4
2
7
6
3
-2
1
-3
-8
-3
-7
-4
-2
-9
-13
-10
-10
-9
-14
-12
-10
-11
-16
-17
-11
-10
-9
-14
-13
-11
-11
-5
-3
-6
-8
-8
-6
-1
1
3
3
6
8
2
6
6
1
5
7
12
13
7
2
3
5
9
0
-4
-5
-3
2
0
-1
-4
0
-4
1
1
-3
-6
-11
-6
-7
-7
-7
-4
-6
-1
-1
3
-3
0
1
1
6
1
3
-1
1
3
-2
-4
-2
1
4
4
2
5
6
8
10
9
13
7
6
5
3
5
6
0
5
7
-3
0
-5
3
4
0
0
-4
-1
2
-1
2
0
1
-3
-1
6
1
6
4
1
5
3
3
8
2
7
7
5
7
14
8
3
2
4
3
3
0
2
-1
-6
-3
-1
0
2
5
3
-6
-8
-5
-10
-5
-9
-8
-9
-10
-11
-15
-19
-14
-4
-8
-9
-11
-7
-2
-5
-7
-6
-3
0
-4
-5
0
-11
-3
-8
-9
-10
-6
-3
0
-1
-5
1
-1
-1
-2
-2
-1
-1
-2
-3
-2
-5
-4
0
5
4
4
3
2
7
5
12
7
6
7
4
3
4
5
0
5
2
2
0
-1
-3
-2
0
0
-4
-2
4
8
1
8
0
1
4
1
3
-2
3
3
2
7
-2
3
6
0
9
2
6
9
4
3
4
1
6
1
-2
-5
-3
1
-4
0
0
6
12
5
13
16
11
15
14
12
13
7
11
10
9
10
7
7
5
4
9
11
6
9
3
8
6
4
4
-5
-5
-9
-15
-16
-15
-15
-16
-13
-13
-10
-13
-10
-4
-10
-5
-1
-7
-9
-10
-13
-11
-14
-14
