SAMPLES:	8916
BITSPERSAMPLE:	16
CHANNELS:	1
SAMPLERATE:	16000
NORMALIZED:	FALSE
-20
-17
-19
-30
-29
-22
-19
-22
-33
-25
-18
-15
-16
-12
-14
-17
-21
-20
-30
-23
-24
-24
-18
-30
-20
-21
-22
-17
-7
-9
-4
-3
-7
1
-4
-10
-4
-7
-7
-5
-12
-10
-11
-18
-14
-9
-11
-7
2
5
2
3
5
11
7
11
18
21
27
17
17
20
15
10
16
16
10
16
19
5
15
17
13
18
8
13
9
22
16
8
7
12
10
9
17
11
8
7
15
10
13
14
9
9
5
-5
-8
2
-7
2
11
8
1
-3
-12
-3
-5
-15
0
-6
-13
-9
-5
-9
-8
-4
-7
-11
-4
-3
-3
1
-2
-1
-3
-2
-3
-12
-16
-5
-7
-11
-9
-8
-8
-4
-5
-5
5
-2
-9
-2
-1
-5
8
4
5
-1
-2
4
-1
0
-1
-5
-7
-7
-9
-2
5
5
-1
-5
-5
-4
5
2
2
-4
-4
-4
-15
-17
-7
-10
-10
-12
-13
-16
-17
-17
-11
-8
-16
-14
-15
-14
1
-1
-1
-7
0
2
2
7
7
10
12
10
1
4
6
15
9
1
3
2
5
7
4
7
6
2
9
10
12
14
11
10
13
12
14
25
12
18
19
23
22
11
14
6
8
8
8
10
15
4
3
4
0
1
1
-3
0
6
2
4
5
3
1
-2
0
4
4
8
3
-1
-1
1
0
-4
1
1
1
2
0
9
14
8
11
10
13
11
12
8
7
5
9
8
5
9
4
1
1
5
9
1
-1
2
2
7
14
20
11
14
8
14
2
-13
-7
-9
2
3
0
0
-3
-4
-3
-1
-5
-7
-9
-13
-9
-8
-7
-8
-11
-9
-21
-11
-15
-11
-8
-9
-5
-13
-6
-16
-16
-18
-14
-8
-14
-16
-7
-3
2
0
-6
-2
-9
-8
-19
-12
-14
-22
-16
-6
-9
-3
-11
-12
-8
-9
-11
-8
0
-7
-5
-8
-8
-9
-9
-8
-5
-10
-7
-6
-5
-6
-9
-13
-5
-2
-8
-3
-4
-2
0
-10
-5
-9
-7
-3
-6
-9
-11
-6
-10
-8
-4
-13
-12
-16
-16
-6
-13
-9
-7
-6
-1
5
-6
-7
-2
5
9
-7
1
11
17
17
18
21
19
13
19
29
22
18
30
30
24
24
15
13
11
10
13
23
18
17
23
19
19
26
27
21
13
14
20
14
21
14
7
16
8
10
17
15
8
17
13
8
9
4
-4
-3
-2
-3
0
6
2
-14
-7
-9
-3
-1
-6
-15
-21
-13
-17
-23
-21
-17
-19
-19
-21
-24
-19
-22
-16
-14
-12
-10
-15
-15
-11
-18
-16
-20
-23
-21
-24
-19
-10
-9
-13
-12
-14
-13
-16
-14
-9
-10
-13
-8
-6
-14
-6
-2
-8
-6
-8
-5
3
8
-2
-4
1
3
4
4
-5
-2
1
-6
0
7
16
9
8
5
9
12
8
10
0
0
0
-1
2
2
0
-4
15
16
13
21
26
22
26
26
18
25
25
21
19
24
26
20
24
32
32
34
23
25
27
22
25
22
24
21
20
22
28
29
21
24
22
18
16
10
14
10
5
11
11
12
11
3
1
0
-5
0
-2
-5
-4
-8
2
-4
-12
-10
-4
-8
-12
-13
-12
-22
-20
-18
-20
-19
-13
-9
-22
-21
-19
-18
-18
-18
-23
-18
-19
-31
-25
-18
-19
-15
-17
-20
-16
-23
-17
-16
-22
-20
-17
-20
-20
-14
-13
-10
-8
0
-10
-13
-8
-8
-5
-7
-4
-5
14
34
16
-13
-46
-65
-60
-24
-14
-29
-38
-28
-1
0
-5
3
-15
-26
-42
-65
-93
-116
-149
-157
-123
-118
-108
-87
-44
-7
16
42
81
104
130
143
156
157
172
139
98
97
95
94
69
71
66
83
35
23
17
21
71
92
98
75
22
-7
64
42
-16
-86
-145
-168
-204
-243
-255
-248
-244
-176
-155
-123
-65
-14
-20
62
108
159
251
400
536
448
356
331
298
227
192
156
82
-4
-77
-161
-223
-288
-348
-321
-231
-174
-213
-223
-204
-202
-160
-66
38
105
92
44
82
113
107
144
119
85
131
145
70
35
11
-32
-6
7
10
15
23
10
-49
-44
-25
95
211
130
24
58
90
-23
-113
-157
-147
-115
-289
-358
-370
-456
-501
-515
-440
-389
-381
-364
-322
-227
-186
-77
24
95
249
354
385
471
490
452
550
550
533
485
357
298
210
112
55
28
-13
-75
-102
-106
-147
-247
-263
-256
-230
-154
-118
-136
-194
-196
-125
-14
7
21
67
113
176
162
139
158
225
253
278
244
189
225
186
124
126
110
109
102
5
-31
-79
-163
-196
-317
-284
-290
-356
-319
-345
-313
-277
-206
-166
-89
-34
45
153
160
174
288
360
325
323
421
449
425
335
277
252
115
51
21
-55
-88
-137
-235
-274
-345
-362
-375
-431
-426
-399
-414
-354
-263
-261
-229
-88
7
74
134
149
166
221
259
235
272
287
250
177
173
176
133
84
63
14
-52
-69
-168
-244
-282
-272
-334
-303
-313
-295
-244
-282
-199
-145
-81
-18
35
83
154
219
203
148
176
222
203
177
141
127
61
16
39
53
-2
-14
-20
-17
16
-8
-36
-70
-47
-15
15
36
11
3
37
80
134
122
127
136
123
166
213
160
110
75
105
107
121
163
125
102
108
73
29
18
-36
-71
-92
-36
-68
-155
-153
-141
-206
-226
-167
-146
-164
-145
-37
-17
-46
-33
1
9
0
-7
33
-4
-54
-21
-79
-92
-52
-91
-95
-89
-86
-111
-85
-45
-41
21
5
-37
1
38
5
43
69
38
-7
20
84
94
76
17
-20
24
46
-4
-1
50
32
-3
44
60
58
68
67
44
15
-18
-5
-19
-103
-65
1
6
-16
1
65
23
-30
40
95
39
-30
35
101
-27
-103
-11
2
-59
-80
-76
-75
-108
-90
-15
-41
-123
-76
36
4
-84
-23
27
-87
-147
-18
55
-27
-41
14
90
17
-32
80
143
42
-4
139
213
126
-16
9
94
130
32
23
119
151
-20
-95
45
72
1
-58
-14
-35
-60
-20
-43
-122
-123
-28
27
-31
-61
0
71
28
-21
24
88
49
7
90
97
44
60
18
6
31
2
-72
19
118
2
-46
-13
6
-7
8
44
103
52
-66
-68
63
63
-81
-63
119
193
166
99
20
92
59
-117
-84
146
227
-43
-245
-206
-41
-8
-183
-273
-208
-88
-121
-274
-315
-170
-73
-122
-81
13
34
33
-10
28
83
98
167
110
18
20
30
2
12
10
-18
43
60
46
110
111
3
68
99
74
30
-8
44
69
10
-68
-44
-22
-19
-8
-37
-23
-4
-31
-1
43
0
-27
26
45
63
78
13
-15
46
40
-15
-30
17
22
4
-66
-110
-82
-63
-122
-149
-68
-35
-62
-73
-105
-124
-20
-2
-26
-1
9
24
46
8
-17
55
74
37
50
54
36
76
109
110
74
8
6
-16
-32
-13
-52
-89
-44
25
-67
-92
-67
-61
-10
-97
-113
-28
-6
-46
-25
10
-21
45
62
9
58
122
58
51
38
25
42
15
19
77
79
26
14
48
51
86
41
-35
-11
46
54
2
6
42
43
39
68
27
74
101
22
3
37
52
15
-21
-39
-20
10
-15
-51
-91
-109
-56
-18
-31
-89
-119
-77
-26
14
-5
-12
51
69
39
70
43
60
123
106
31
-11
79
89
10
-29
-46
-14
17
-102
-133
-65
-76
-125
-140
-81
-39
-52
-65
-38
-27
-25
-22
1
-15
-30
39
38
-37
-39
54
32
-41
-88
-15
24
-64
-122
-87
24
-24
-52
-46
34
84
1
-54
1
26
-32
-75
-99
-86
-140
-73
-35
-83
-101
-58
20
5
-36
44
136
33
-40
62
186
143
20
111
304
331
130
-15
55
168
111
4
-49
-105
-121
-95
-108
-137
-129
-74
-28
-48
-104
-74
41
33
5
67
143
127
144
146
165
209
165
161
208
228
154
85
95
128
69
8
15
-3
-10
23
-9
-137
-102
-1
-54
-81
-75
-4
44
-43
-113
22
69
1
22
34
-16
-37
-37
-43
5
-87
-153
4
67
-79
-130
-60
-30
-22
-47
-61
-19
9
-31
-23
-19
-73
-27
50
-8
-81
-7
30
-50
-110
-140
-137
-74
-82
-123
-148
-80
-40
-96
-118
-29
26
-46
-4
109
105
22
-88
-35
110
102
-33
-22
74
11
-76
-89
-47
-4
-7
-46
-58
-39
-2
51
0
-66
-29
42
25
-29
5
78
9
-95
19
126
18
-118
-48
106
81
-75
-59
73
61
-39
-67
5
94
95
2
-46
74
121
-6
-13
63
77
28
-17
17
41
67
71
-1
21
142
80
-53
2
136
129
-7
-42
59
140
39
-55
9
102
45
-4
36
67
46
53
46
22
69
69
44
22
24
1
-27
-68
-56
-45
-35
-34
-58
-66
-54
-49
-102
-42
31
-23
-94
-34
73
16
-63
-45
-12
46
51
-37
26
117
8
-80
-66
-11
-14
-76
-88
15
20
-56
-60
-29
-39
-86
-35
37
27
-21
-51
-70
-39
-21
-53
-42
-1
41
15
-56
-29
67
52
-42
-10
113
60
-11
31
75
61
-2
-9
86
93
-10
-5
9
0
9
-57
-65
-35
-31
-47
-80
-86
-48
-22
-81
-103
-59
-25
-5
33
20
29
52
10
-14
29
97
81
57
47
68
68
18
53
104
45
-43
-37
27
-2
-81
-67
-17
-78
-163
-158
-100
-86
-118
-136
-123
-73
-71
-94
-98
-67
-30
-40
-83
-26
27
12
-50
-94
-88
19
77
-39
-63
7
29
69
67
0
41
157
159
52
81
154
132
101
111
120
91
107
134
119
87
99
148
172
99
74
126
149
134
132
153
176
180
134
97
132
206
185
110
100
162
130
17
-18
59
124
39
-46
-32
-25
-43
-65
-106
-92
-40
-69
-160
-135
-41
19
50
68
71
73
53
27
74
180
209
170
122
97
37
-26
-27
-38
-67
-103
-145
-160
-183
-257
-370
-425
-394
-391
-383
-409
-468
-505
-548
-565
-530
-457
-422
-416
-408
-390
-358
-340
-318
-234
-172
-137
-61
-58
-55
-19
-7
-13
18
117
196
169
176
251
281
213
216
289
315
274
221
248
303
290
237
195
187
191
121
52
72
123
63
-14
16
91
57
-24
-7
72
68
53
102
81
58
54
153
150
18
96
234
236
114
45
124
252
219
116
107
231
272
187
152
183
226
225
232
214
200
267
299
181
95
134
188
150
122
115
112
101
36
23
61
103
41
-47
-89
-73
12
147
271
341
233
74
106
222
310
358
356
352
270
160
95
103
58
-51
-132
-181
-223
-283
-437
-638
-734
-787
-856
-906
-885
-885
-954
-1082
-1137
-1066
-929
-879
-868
-813
-740
-663
-606
-562
-489
-391
-287
-189
-124
-70
-46
-16
11
71
174
236
279
297
309
299
341
414
453
479
450
484
535
541
508
460
415
389
377
388
392
374
285
169
136
130
103
84
73
51
29
13
14
0
-6
4
-5
17
83
143
72
-1
77
171
139
90
204
314
266
153
152
262
277
201
198
257
278
273
257
242
249
274
275
260
276
336
350
279
253
237
201
210
194
167
153
103
29
-44
-29
147
317
422
381
175
91
201
373
512
545
508
448
310
188
129
138
147
33
-127
-221
-313
-411
-595
-819
-913
-943
-965
-1021
-1098
-1174
-1288
-1396
-1431
-1341
-1193
-1122
-1110
-1078
-1003
-914
-817
-686
-515
-397
-318
-212
-95
17
61
98
156
227
333
365
365
388
388
411
426
470
519
544
552
547
576
563
514
478
429
415
390
301
257
229
169
89
37
-12
-75
-110
-102
-131
-187
-227
-222
-173
-133
-96
-85
-74
-13
78
116
135
190
252
281
299
337
412
402
384
427
383
376
451
462
347
275
298
332
337
297
252
248
275
219
194
207
199
192
138
93
114
125
63
-19
-31
50
243
496
609
487
247
168
294
504
705
809
764
624
463
358
358
415
408
289
121
-7
-146
-338
-530
-730
-830
-887
-1005
-1117
-1195
-1307
-1466
-1571
-1549
-1419
-1333
-1326
-1343
-1301
-1217
-1085
-933
-801
-661
-549
-463
-354
-202
-62
21
72
153
238
322
368
403
452
485
509
569
611
697
735
651
601
559
553
603
618
535
409
275
154
113
95
-13
-118
-209
-308
-367
-381
-391
-436
-456
-475
-432
-341
-280
-242
-230
-204
-92
66
169
202
264
341
382
465
542
599
666
672
612
589
618
672
718
637
532
524
537
502
452
389
320
250
200
236
267
235
132
-22
-92
-109
-89
60
308
505
543
374
138
123
359
672
881
915
808
660
535
460
511
559
524
376
143
-35
-201
-393
-631
-806
-870
-901
-1002
-1146
-1320
-1476
-1591
-1666
-1587
-1461
-1419
-1461
-1476
-1396
-1295
-1164
-1017
-852
-671
-583
-518
-406
-239
-70
53
159
282
424
492
513
510
593
708
787
840
870
894
840
741
744
759
712
692
589
472
378
230
127
59
-38
-170
-299
-398
-507
-585
-612
-703
-750
-746
-753
-681
-622
-585
-539
-490
-383
-224
-62
49
131
221
327
413
562
714
781
780
771
798
868
983
1008
937
843
768
734
691
660
624
547
438
336
281
244
187
44
-49
-108
-99
67
367
580
473
185
-102
-9
382
745
881
783
600
390
294
322
470
595
496
197
-30
-151
-268
-405
-626
-775
-831
-967
-1116
-1253
-1378
-1493
-1586
-1631
-1542
-1414
-1433
-1505
-1515
-1411
-1255
-1073
-924
-813
-727
-684
-603
-375
-132
14
82
131
232
376
456
551
648
727
796
852
954
1031
1055
958
846
873
893
898
859
670
525
419
283
223
153
48
-152
-358
-454
-513
-515
-614
-756
-836
-863
-853
-799
-752
-725
-670
-617
-512
-321
-170
-85
30
124
305
523
648
737
800
859
910
964
1038
1118
1138
1067
990
951
951
913
808
680
618
600
514
414
289
147
6
-113
-187
-50
236
413
374
63
-258
-325
12
472
676
601
315
101
42
110
284
432
334
49
-234
-407
-416
-450
-578
-792
-942
-1044
-1192
-1292
-1373
-1399
-1443
-1485
-1466
-1409
-1421
-1486
-1466
-1331
-1071
-882
-810
-753
-676
-586
-434
-202
23
178
184
144
237
443
614
716
740
726
750
833
923
1047
1164
1096
996
938
890
935
879
767
710
617
476
268
108
0
-100
-189
-337
-427
-498
-696
-836
-909
-927
-872
-845
-848
-881
-881
-816
-709
-524
-327
-177
-93
-69
91
333
561
737
830
916
949
984
1058
1117
1199
1225
1160
1097
1046
981
930
837
767
745
639
521
376
215
98
33
78
245
441
472
262
-12
-156
-26
342
572
518
274
17
-89
-5
158
254
193
-90
-447
-692
-715
-656
-665
-869
-1120
-1262
-1368
-1450
-1505
-1485
-1468
-1472
-1540
-1591
-1523
-1452
-1399
-1295
-1102
-914
-814
-794
-720
-530
-291
-62
107
206
232
255
344
528
782
932
919
826
797
862
1013
1178
1284
1323
1149
939
846
879
1072
1079
876
613
404
275
194
138
66
-49
-271
-550
-714
-735
-812
-909
-978
-1003
-1010
-1057
-1129
-1130
-1047
-911
-772
-633
-514
-413
-341
-229
7
296
497
576
641
746
885
1028
1190
1292
1345
1301
1204
1236
1296
1333
1258
1049
955
912
828
739
584
375
172
109
232
455
618
430
14
-244
-209
224
614
635
374
4
-155
-78
160
313
266
-34
-465
-685
-662
-555
-607
-853
-1206
-1436
-1500
-1535
-1525
-1528
-1604
-1720
-1770
-1758
-1676
-1563
-1513
-1375
-1217
-1069
-948
-912
-801
-565
-269
-33
139
199
178
218
359
594
834
993
955
850
875
994
1158
1313
1351
1302
1245
1172
1134
1202
1173
1058
949
803
697
578
391
234
82
-53
-180
-344
-512
-702
-852
-978
-1036
-1021
-1048
-1121
-1198
-1226
-1191
-1059
-916
-827
-711
-645
-564
-367
-131
86
207
285
417
605
796
919
992
1055
1128
1201
1232
1218
1275
1290
1284
1209
1084
1012
968
923
818
645
440
262
247
361
544
636
335
-82
-292
-100
406
677
544
127
-202
-170
36
320
391
162
-233
-606
-632
-451
-358
-530
-917
-1282
-1445
-1408
-1399
-1454
-1521
-1652
-1790
-1817
-1756
-1597
-1496
-1476
-1366
-1221
-1065
-984
-928
-753
-448
-155
-4
51
76
131
281
518
773
962
955
820
779
931
1161
1328
1400
1347
1294
1227
1142
1215
1247
1271
1190
949
836
735
605
423
252
152
-12
-194
-416
-604
-716
-836
-963
-1057
-1115
-1152
-1215
-1299
-1290
-1229
-1178
-1110
-1011
-895
-730
-547
-405
-224
-65
99
223
393
615
786
936
991
1067
1145
1173
1189
1218
1301
1274
1169
1011
917
934
942
893
726
523
293
144
279
495
646
518
38
-218
-147
217
550
507
258
-73
-181
-49
174
327
186
-159
-539
-656
-508
-350
-450
-770
-1077
-1246
-1280
-1252
-1258
-1294
-1402
-1577
-1634
-1580
-1476
-1403
-1345
-1243
-1103
-981
-945
-893
-736
-475
-181
-25
-5
40
108
222
451
685
862
883
803
782
846
1042
1188
1240
1227
1217
1217
1161
1143
1148
1128
1115
1035
885
746
642
528
365
258
112
-25
-195
-388
-502
-626
-757
-922
-1012
-1040
-1044
-1099
-1191
-1205
-1170
-1099
-994
-907
-829
-730
-620
-499
-321
-119
49
201
341
474
617
778
907
982
1025
1071
1126
1136
1171
1169
1105
989
914
868
856
858
713
499
271
171
373
577
646
426
-33
-223
-25
375
619
471
71
-238
-167
118
319
283
-24
-405
-613
-579
-432
-389
-602
-985
-1265
-1325
-1254
-1178
-1258
-1431
-1555
-1643
-1613
-1528
-1433
-1320
-1242
-1175
-1078
-949
-875
-784
-571
-293
-62
47
56
60
203
448
672
777
812
800
788
872
970
1149
1227
1179
1140
1116
1106
1224
1355
1233
1102
957
796
896
1002
841
572
317
111
59
145
61
-210
-421
-661
-832
-757
-734
-837
-973
-1113
-1170
-1119
-1037
-975
-943
-953
-861
-738
-653
-476
-288
-202
-94
69
192
344
500
591
748
879
900
885
906
988
1114
1181
1098
1025
940
809
829
847
726
617
445
209
131
274
303
337
323
-16
-183
-87
80
291
305
69
-198
-190
-46
123
159
-89
-354
-479
-513
-470
-473
-673
-940
-1094
-1223
-1206
-1163
-1254
-1360
-1395
-1449
-1451
-1393
-1374
-1255
-1110
-1022
-991
-925
-863
-689
-436
-242
-93
-48
-47
29
241
441
625
722
664
660
729
821
934
1076
1093
1065
1069
1037
1041
1101
1103
1070
1082
996
854
783
729
680
649
524
265
122
57
-51
-171
-275
-429
-568
-656
-744
-754
-788
-875
-949
-957
-904
-813
-773
-775
-730
-632
-484
-324
-173
-112
-30
108
245
430
608
706
713
763
852
920
984
1001
962
945
945
918
869
798
734
625
552
496
336
147
64
179
298
356
177
-206
-266
-79
198
373
214
-64
-246
-118
78
200
148
-125
-352
-458
-421
-390
-502
-738
-977
-1079
-1102
-1120
-1213
-1381
-1432
-1399
-1411
-1411
-1390
-1371
-1271
-1121
-1032
-974
-902
-844
-665
-409
-229
-146
-139
-120
24
280
455
515
521
507
574
677
816
894
938
949
959
1013
1048
1089
1136
1071
1061
1065
940
855
857
813
715
635
474
311
220
117
-53
-169
-257
-419
-520
-590
-698
-776
-819
-871
-870
-848
-849
-824
-811
-740
-606
-506
-392
-261
-158
-50
131
305
456
580
617
652
759
863
939
1015
1013
1003
991
964
968
954
931
829
733
633
541
476
319
175
68
116
211
255
131
-201
-316
-214
-4
231
171
-144
-330
-245
-93
86
91
-187
-404
-486
-469
-453
-483
-622
-839
-995
-1103
-1101
-1116
-1198
-1220
-1260
-1316
-1337
-1363
-1321
-1160
-994
-967
-942
-895
-828
-621
-415
-247
-162
-159
-135
3
217
350
418
409
388
504
627
719
755
772
824
874
930
932
970
1008
1054
1074
988
914
861
870
822
754
649
438
320
236
161
89
-42
-253
-423
-497
-565
-584
-653
-767
-836
-875
-890
-851
-766
-716
-660
-629
-579
-475
-329
-181
-31
113
210
271
351
445
591
769
880
940
874
822
851
941
1065
1068
937
783
673
643
651
652
497
283
122
8
138
329
397
283
-138
-291
-135
192
424
267
-71
-299
-103
133
235
133
-142
-315
-343
-314
-339
-429
-613
-824
-958
-1022
-1088
-1131
-1241
-1253
-1200
-1265
-1365
-1420
-1397
-1210
-1020
-1022
-1042
-1015
-916
-708
-452
-326
-296
-277
-245
-58
180
327
341
279
311
450
598
678
711
729
805
899
933
875
928
1013
1077
1155
1089
963
854
845
887
899
789
551
402
337
332
251
76
-123
-260
-311
-382
-449
-578
-730
-802
-833
-817
-768
-745
-782
-808
-760
-684
-540
-387
-256
-113
-38
1
97
219
409
579
686
690
681
669
729
909
1069
1044
875
763
683
778
881
758
537
352
215
141
114
136
217
238
131
-141
-344
-181
101
271
227
-49
-261
-167
97
250
224
6
-203
-287
-249
-187
-240
-421
-685
-852
-903
-893
-908
-995
-1108
-1179
-1220
-1279
-1286
-1249
-1141
-1048
-1023
-1035
-1003
-907
-729
-514
-378
-329
-322
-284
-152
66
232
324
294
282
360
462
577
685
761
796
813
836
855
900
1011
1060
1117
1081
935
818
852
948
1004
914
648
400
346
383
347
234
-10
-210
-319
-391
-437
-501
-587
-720
-820
-851
-819
-790
-807
-806
-775
-709
-632
-527
-397
-224
-116
-92
-14
107
282
492
577
569
586
635
707
853
955
838
724
685
682
789
838
671
431
324
275
246
226
125
159
230
184
29
-203
-169
77
313
285
57
-115
-145
114
298
260
74
-135
-213
-205
-149
-218
-388
-549
-743
-845
-861
-916
-999
-1064
-1123
-1141
-1202
-1305
-1313
-1242
-1158
-1068
-1056
-1080
-1001
-847
-691
-529
-423
-429
-374
-243
-73
143
259
235
212
298
413
553
673
680
702
755
799
901
962
1001
1090
1114
1127
1110
1040
1032
1079
1087
992
822
678
552
564
535
366
157
-57
-208
-288
-322
-416
-534
-671
-822
-874
-832
-791
-789
-814
-827
-788
-716
-607
-485
-392
-284
-168
-76
61
213
355
469
545
586
661
777
848
854
852
843
826
857
839
753
668
565
466
424
351
197
128
198
222
234
69
-198
-219
-1
220
230
25
-253
-258
-2
132
129
-28
-246
-303
-288
-308
-375
-447
-618
-817
-908
-999
-1025
-1053
-1120
-1118
-1183
-1312
-1377
-1351
-1224
-1054
-989
-1070
-1080
-989
-837
-591
-428
-374
-354
-317
-210
-15
187
290
315
292
323
455
585
663
721
791
824
896
967
997
1067
1091
1133
1135
1125
1140
1058
1029
1032
1023
911
766
685
589
503
385
164
-11
-119
-201
-302
-398
-547
-684
-735
-833
-867
-883
-884
-916
-895
-824
-757
-664
-589
-494
-337
-184
-69
36
164
285
407
520
566
653
759
846
907
892
853
827
854
866
820
728
577
518
524
431
264
142
142
313
429
239
-171
-322
-99
280
462
140
-234
-291
-40
221
234
2
-273
-349
-333
-301
-318
-446
-667
-902
-1025
-1040
-1010
-1049
-1165
-1252
-1289
-1366
-1419
-1412
-1310
-1123
-1071
-1129
-1181
-1083
-895
-652
-497
-484
-445
-416
-279
-73
124
225
193
169
254
416
560
628
638
699
832
898
927
939
1025
1128
1181
1177
1109
1061
1072
1124
1119
1082
958
805
690
655
616
487
305
91
-38
-103
-203
-332
-475
-606
-721
-811
-886
-897
-867
-868
-848
-847
-798
-722
-620
-483
-360
-232
-141
-33
108
299
447
501
524
592
712
858
915
900
887
869
875
853
874
830
749
673
555
454
347
278
230
348
450
302
75
-183
-126
190
425
346
-5
-227
-142
154
294
151
-119
-313
-337
-286
-276
-417
-611
-823
-1012
-1048
-1067
-1106
-1197
-1298
-1349
-1356
-1377
-1422
-1376
-1281
-1188
-1138
-1159
-1121
-977
-775
-632
-539
-488
-454
-341
-199
-40
99
168
164
205
309
409
498
574
623
722
785
782
834
950
1109
1148
1072
982
970
1115
1230
1158
1027
888
791
759
777
691
500
331
135
20
-16
-87
-258
-417
-564
-682
-714
-740
-776
-791
-815
-817
-832
-813
-689
-555
-413
-353
-292
-194
-41
138
271
411
478
463
520
683
855
960
935
850
810
879
937
912
835
722
622
569
513
418
313
231
234
305
317
275
52
-137
-4
261
411
270
-49
-225
-28
283
302
80
-190
-305
-225
-212
-328
-501
-677
-861
-971
-1050
-1096
-1109
-1205
-1340
-1392
-1405
-1457
-1441
-1384
-1279
-1159
-1166
-1225
-1136
-903
-692
-575
-576
-593
-480
-300
-130
-5
104
117
132
191
300
466
584
646
637
693
781
827
886
965
1097
1128
1017
1028
1027
1110
1257
1167
960
825
806
762
732
667
421
229
133
26
-55
-143
-314
-533
-625
-709
-736
-758
-866
-889
-886
-864
-846
-799
-702
-558
-414
-334
-290
-163
16
214
339
407
483
504
591
729
841
892
888
841
801
817
880
871
780
710
627
544
486
395
300
212
292
450
415
181
-85
-85
159
544
583
158
-140
-85
212
419
338
24
-218
-235
-202
-220
-356
-551
-728
-905
-1005
-1045
-1066
-1167
-1288
-1330
-1352
-1398
-1447
-1466
-1363
-1203
-1163
-1219
-1241
-1120
-886
-676
-612
-603
-562
-450
-277
-82
43
51
75
104
241
425
540
559
561
673
814
906
929
920
1012
1144
1188
1139
1053
1052
1155
1190
1095
945
795
739
731
666
530
340
179
28
-64
-137
-270
-427
-554
-671
-713
-737
-801
-838
-828
-824
-812
-758
-693
-611
-470
-379
-316
-201
-98
39
210
328
371
436
535
621
738
811
823
813
762
737
804
836
776
687
572
476
504
448
290
217
292
480
531
321
-18
-80
217
570
630
307
-75
-72
271
523
450
113
-228
-286
-168
-135
-257
-503
-733
-919
-957
-975
-1028
-1162
-1309
-1340
-1338
-1390
-1478
-1504
-1419
-1252
-1154
-1197
-1244
-1144
-949
-737
-618
-589
-570
-499
-363
-162
7
74
97
135
216
398
539
585
612
684
789
874
946
964
1008
1123
1169
1165
1123
1072
1100
1101
1062
1002
873
725
660
651
546
377
153
-43
-132
-183
-291
-458
-586
-696
-778
-808
-819
-842
-831
-865
-892
-845
-757
-640
-509
-421
-344
-243
-99
50
247
382
422
477
525
662
816
885
882
839
837
844
894
888
803
747
703
659
546
444
312
303
364
492
561
348
43
-57
148
476
631
351
-54
-125
149
412
445
161
-177
-259
-196
-193
-306
-504
-751
-927
-1023
-1074
-1118
-1200
-1336
-1408
-1397
-1429
-1488
-1512
-1441
-1269
-1171
-1198
-1253
-1215
-1023
-761
-603
-571
-566
-547
-442
-226
13
117
115
107
159
314
504
587
595
654
732
830
875
895
1020
1159
1185
1173
1117
1060
1155
1255
1199
1069
954
827
743
756
674
474
270
82
-46
-113
-199
-392
-566
-676
-735
-767
-834
-881
-871
-876
-866
-853
-815
-701
-556
-467
-413
-321
-190
-48
132
272
330
389
456
588
744
854
873
807
812
890
952
939
894
777
702
722
654
545
465
429
442
671
684
300
25
15
326
750
739
227
-189
-47
351
575
422
2
-240
-245
-182
-220
-381
-594
-810
-1008
-1158
-1132
-1131
-1308
-1435
-1471
-1488
-1518
-1597
-1629
-1479
-1254
-1246
-1348
-1354
-1202
-918
-737
-698
-658
-566
-473
-352
-161
7
124
126
79
191
402
603
617
591
673
839
982
965
974
1064
1156
1230
1230
1159
1159
1228
1162
1078
1049
921
819
764
688
579
408
233
61
-14
-80
-235
-418
-589
-684
-714
-787
-880
-930
-953
-922
-910
-906
-848
-735
-639
-546
-427
-330
-199
-57
102
217
332
396
426
564
760
877
873
822
786
854
973
965
892
790
677
624
621
632
614
653
741
621
383
238
261
549
835
706
261
-24
113
434
600
400
25
-187
-186
-130
-229
-408
-597
-793
-991
-1143
-1182
-1201
-1310
-1431
-1517
-1558
-1593
-1656
-1654
-1490
-1350
-1356
-1425
-1429
-1258
-977
-809
-793
-744
-646
-496
-335
-199
-45
68
111
163
276
453
613
663
692
766
921
1009
1011
1041
1082
1163
1269
1274
1230
1210
1241
1178
1123
1075
950
844
755
683
558
428
234
35
-28
-73
-239
-433
-603
-692
-740
-776
-839
-920
-962
-969
-935
-898
-843
-740
-695
-607
-462
-357
-242
-128
-33
113
280
362
444
503
622
752
813
806
809
850
852
860
839
763
743
725
591
565
692
907
892
567
308
267
636
1003
885
414
103
265
574
684
458
105
-13
-4
-62
-223
-438
-547
-656
-858
-1080
-1197
-1276
-1391
-1452
-1504
-1563
-1677
-1799
-1823
-1643
-1426
-1423
-1542
-1555
-1382
-1099
-908
-868
-803
-694
-574
-425
-250
-81
42
104
144
263
480
648
679
699
793
937
1055
1095
1126
1182
1256
1308
1315
1301
1282
1340
1332
1232
1165
1062
964
919
878
736
542
352
179
107
62
-87
-279
-488
-626
-721
-781
-848
-927
-968
-1043
-1079
-1030
-979
-897
-820
-795
-743
-597
-435
-289
-151
-59
33
140
318
454
553
632
664
700
802
885
864
863
861
831
809
763
650
594
670
910
991
662
329
234
499
933
1006
559
70
115
450
689
616
217
-78
-102
-78
-177
-313
-475
-672
-845
-1033
-1177
-1204
-1299
-1473
-1509
-1526
-1641
-1769
-1836
-1748
-1522
-1404
-1518
-1587
-1465
-1222
-968
-870
-811
-694
-589
-465
-268
-39
112
167
208
269
473
717
796
775
820
940
1066
1113
1122
1182
1277
1317
1317
1290
1245
1295
1319
1286
1206
1073
939
879
873
790
648
448
193
58
26
-84
-227
-421
-589
-721
-808
-839
-879
-943
-1043
-1094
-1113
-1081
-960
-848
-818
-790
-723
-612
-439
-234
-79
13
86
188
350
517
643
690
690
730
807
877
913
879
872
861
796
754
715
727
916
1077
801
436
351
550
938
1060
676
204
178
456
692
616
267
7
-15
0
-117
-251
-383
-539
-716
-953
-1150
-1174
-1232
-1384
-1492
-1589
-1713
-1807
-1836
-1765
-1577
-1516
-1642
-1688
-1583
-1342
-1107
-1014
-951
-808
-665
-547
-367
-180
-3
104
135
205
393
614
738
759
806
897
1040
1092
1092
1188
1298
1376
1374
1325
1234
1309
1406
1381
1303
1163
1007
953
972
918
769
542
320
189
132
18
-131
-303
-498
-649
-746
-829
-871
-880
-952
-1033
-1080
-1105
-1015
-906
-853
-772
-694
-662
-569
-393
-226
-67
23
61
173
347
493
654
749
755
759
797
857
951
1015
979
845
726
713
866
1167
1122
717
434
404
742
1134
1021
494
154
325
594
709
478
96
0
42
7
-164
-384
-520
-635
-784
-1023
-1190
-1272
-1412
-1458
-1457
-1563
-1757
-1926
-1968
-1808
-1580
-1571
-1698
-1709
-1577
-1320
-1125
-1062
-957
-792
-680
-556
-370
-152
31
100
117
224
461
686
773
802
859
1000
1129
1139
1175
1226
1322
1422
1485
1358
1223
1317
1351
1399
1405
1192
929
923
1001
936
799
550
258
166
152
19
-155
-334
-502
-633
-749
-831
-859
-945
-1035
-1045
-1052
-1064
-1049
-1022
-965
-861
-747
-704
-623
-460
-296
-131
-30
38
184
370
481
592
698
772
834
860
884
936
1007
987
884
821
825
921
1176
1132
738
518
455
776
1156
1013
530
209
347
632
795
529
96
15
70
18
-144
-321
-473
-583
-721
-982
-1142
-1198
-1314
-1388
-1445
-1579
-1768
-1887
-1906
-1768
-1583
-1625
-1746
-1727
-1571
-1318
-1187
-1172
-1080
-918
-777
-599
-418
-248
-69
19
40
175
414
631
711
769
834
941
1106
1112
1140
1220
1340
1416
1361
1319
1254
1324
1390
1369
1349
1149
1005
976
969
956
817
567
355
263
211
95
-20
-209
-403
-536
-622
-684
-727
-773
-899
-979
-991
-951
-911
-890
-912
-874
-764
-674
-579
-451
-328
-216
-101
9
132
278
417
531
593
667
733
798
874
927
963
910
830
766
741
838
1085
1107
711
451
385
654
1059
1006
531
125
228
544
707
557
171
-34
-23
-20
-129
-279
-381
-517
-689
-913
-1047
-1075
-1178
-1288
-1367
-1482
-1617
-1735
-1795
-1725
-1543
-1542
-1685
-1700
-1570
-1325
-1134
-1104
-1070
-937
-775
-612
-430
-246
-123
-42
34
135
353
575
645
669
779
897
1013
1068
1104
1155
1249
1348
1417
1348
1172
1205
1273
1336
1363
1164
888
811
903
893
774
552
305
172
158
67
-99
-231
-375
-518
-605
-672
-715
-751
-843
-889
-901
-932
-915
-866
-811
-740
-675
-651
-590
-417
-263
-141
-53
-12
105
278
407
508
584
651
725
782
803
842
925
935
867
779
754
980
1175
946
672
464
561
978
1093
727
269
290
534
674
608
254
27
68
82
-75
-268
-369
-496
-587
-775
-951
-985
-1117
-1260
-1326
-1365
-1469
-1596
-1712
-1729
-1553
-1508
-1649
-1683
-1579
-1391
-1262
-1268
-1212
-1024
-864
-753
-628
-437
-230
-94
-56
-6
227
514
643
676
708
801
968
1067
1112
1171
1270
1410
1351
1227
1223
1263
1363
1390
1269
1017
832
882
934
892
747
445
229
218
259
157
-30
-224
-373
-441
-499
-521
-582
-664
-720
-786
-830
-814
-770
-768
-731
-676
-650
-589
-501
-395
-255
-175
-144
-78
96
258
399
472
453
509
612
731
784
840
850
777
739
725
779
1040
1067
778
593
489
710
1051
986
551
276
364
550
678
515
192
75
107
69
-68
-200
-329
-483
-599
-797
-886
-915
-1084
-1226
-1250
-1310
-1436
-1541
-1648
-1602
-1452
-1507
-1665
-1647
-1507
-1317
-1209
-1213
-1159
-1009
-873
-735
-564
-392
-237
-144
-85
3
212
434
559
651
745
831
916
961
1082
1253
1324
1328
1311
1229
1233
1353
1358
1324
1248
1074
879
886
934
835
660
431
244
218
191
65
-107
-216
-334
-414
-482
-590
-579
-650
-775
-799
-777
-785
-749
-741
-749
-686
-591
-573
-548
-445
-325
-215
-181
-147
-43
121
248
330
375
424
479
571
651
686
741
751
699
673
733
958
995
794
639
494
689
958
935
626
403
442
526
572
509
331
194
166
80
-45
-112
-213
-382
-517
-660
-754
-826
-982
-1108
-1115
-1174
-1310
-1440
-1528
-1490
-1377
-1408
-1511
-1517
-1437
-1322
-1202
-1110
-1028
-929
-840
-774
-590
-360
-231
-173
-135
-16
198
398
500
583
717
834
915
966
1049
1199
1318
1239
1165
1183
1224
1324
1319
1173
1003
934
905
856
795
654
447
296
243
211
127
-39
-209
-326
-363
-400
-447
-542
-631
-660
-678
-709
-741
-690
-671
-628
-600
-622
-560
-484
-362
-281
-225
-172
-137
-81
44
204
295
306
315
368
448
547
624
651
636
618
597
652
793
842
738
616
539
599
761
771
657
524
451
489
500
438
306
226
176
108
19
-112
-238
-347
-430
-531
-626
-725
-881
-981
-987
-1016
-1082
-1211
-1315
-1314
-1234
-1196
-1239
-1291
-1305
-1241
-1145
-1034
-955
-859
-800
-734
-608
-446
-275
-177
-104
-22
109
279
416
513
607
710
796
863
962
1002
1026
1078
1110
1132
1105
1078
1038
1005
973
885
800
713
595
502
416
314
219
135
21
-68
-173
-251
-287
-335
-400
-470
-489
-522
-551
-565
-565
-550
-467
-408
-400
-345
-312
-282
-210
-157
-108
-41
19
83
136
170
194
239
321
364
374
380
366
398
480
503
534
578
538
496
508
555
614
613
518
457
456
493
500
418
298
244
225
166
70
-12
-59
-137
-250
-376
-500
-554
-565
-616
-738
-860
-973
-1002
-994
-1005
-1035
-1092
-1163
-1198
-1109
-1036
-1005
-999
-999
-956
-865
-704
-569
-490
-432
-386
-267
-129
25
155
212
314
400
478
575
659
744
796
846
884
875
863
863
924
957
902
775
691
660
673
690
591
425
303
272
259
213
98
-28
-116
-128
-152
-211
-274
-327
-341
-359
-368
-359
-356
-345
-331
-317
-299
-271
-198
-161
-131
-60
-21
-16
16
97
186
204
150
143
216
334
385
362
317
314
380
444
432
416
385
380
428
436
413
398
384
379
361
321
281
233
224
191
108
21
-39
-107
-171
-221
-299
-361
-418
-510
-583
-631
-662
-689
-782
-875
-928
-921
-872
-880
-943
-963
-950
-892
-820
-753
-725
-672
-622
-593
-509
-384
-253
-191
-125
-42
50
135
240
322
397
466
489
507
555
661
727
706
679
673
688
703
669
601
575
595
581
501
422
393
388
362
301
200
123
97
64
30
-40
-102
-152
-165
-155
-165
-169
-200
-259
-232
-154
-129
-130
-141
-138
-73
8
40
53
62
94
95
102
159
222
230
201
145
154
233
266
261
237
249
271
277
287
264
275
295
279
211
167
176
202
198
155
58
-11
-26
-25
-29
-84
-186
-276
-286
-273
-305
-382
-445
-461
-502
-545
-574
-617
-585
-598
-619
-635
-686
-684
-664
-616
-594
-585
-590
-591
-536
-442
-355
-322
-320
-278
-214
-119
-19
54
124
142
162
214
298
368
406
404
379
378
420
465
488
485
490
459
423
460
471
427
407
385
368
340
291
283
301
283
216
157
123
132
157
150
77
0
-18
28
58
46
-14
-84
-73
-40
12
-19
-67
-68
-57
-47
-12
33
12
1
36
38
49
75
99
124
132
136
121
103
132
188
164
114
81
101
126
112
81
74
51
-2
-15
-8
-53
-70
-91
-149
-181
-180
-176
-223
-257
-296
-284
-299
-322
-330
-378
-400
-371
-378
-394
-393
-378
-359
-378
-374
-375
-375
-345
-306
-281
-295
-297
-271
-207
-147
-139
-142
-129
-71
5
39
23
37
75
123
156
159
142
123
157
219
251
228
200
221
237
229
238
228
209
238
271
282
259
224
227
269
291
274
223
209
255
281
276
242
208
200
212
209
166
127
106
98
87
72
95
54
-1
-9
2
6
-1
-33
-87
-64
-19
3
-2
-53
-81
-25
26
27
1
14
35
49
61
41
8
20
51
43
3
-25
-41
-78
-68
-84
-128
-166
-171
-149
-141
-162
-210
-221
-210
-192
-181
-208
-216
-222
-218
-215
-227
-214
-201
-227
-244
-240
-233
-200
-168
-196
-206
-173
-175
-191
-165
-133
-103
-102
-118
-139
-123
-65
-8
13
-21
-17
28
83
112
128
115
122
143
169
190
182
182
189
215
244
219
199
203
199
229
224
210
177
213
250
249
253
203
188
184
217
234
215
189
172
166
151
131
138
130
94
78
60
28
40
34
-3
-19
-44
-47
-45
-46
-62
-74
-96
-115
-125
-129
-83
-39
-74
-103
-104
-80
-54
-37
-20
-49
-86
-72
-47
-50
-53
-59
-69
-104
-115
-102
-77
-62
-101
-157
-183
-175
-144
-117
-131
-166
-183
-193
-149
-130
-132
-149
-177
-161
-127
-82
-71
-115
-90
15
14
-68
-40
8
-23
-25
-23
-61
-104
-69
25
41
-18
-70
-84
-45
40
153
128
41
60
132
184
175
186
166
152
166
198
198
193
183
185
193
155
148
151
117
95
127
97
29
0
30
39
43
60
36
6
18
46
57
66
48
36
4
23
52
45
25
18
-3
-11
17
40
29
-21
-47
-31
-18
-35
-55
-57
-45
-40
-79
-111
-114
-114
-67
-81
-135
-164
-134
-85
-81
-66
-76
-95
-100
-73
-26
-19
-55
-89
-104
-86
-57
-43
-60
-76
-89
-95
-90
-75
-31
-57
-88
-67
-44
-13
-3
-28
-22
1
25
28
-20
-17
11
22
15
4
15
17
59
87
48
-15
-18
21
49
71
73
51
17
34
75
93
74
62
73
74
101
127
98
64
76
78
91
101
113
144
150
136
105
98
83
78
74
61
46
17
3
-2
-8
3
-9
-20
-37
-15
-15
-24
-24
-46
-48
-55
-23
-24
-50
-68
-81
-70
-65
-56
-73
-87
-72
-64
-64
-69
-60
-88
-101
-97
-97
-82
-94
-107
-102
-98
-64
-45
-66
-56
-49
-20
9
21
22
36
60
80
94
76
76
66
64
79
81
63
33
23
21
36
38
9
11
27
34
31
-7
-21
-16
-21
12
6
0
5
-13
-10
12
3
-33
-51
-41
-17
-5
-36
-50
-31
-5
12
7
-11
-14
-6
4
15
27
16
6
0
-6
45
62
30
44
50
63
71
66
63
83
97
103
95
78
73
68
83
55
29
23
12
27
16
-8
-10
-21
-33
-31
-39
-26
-39
-56
-53
-60
-65
-40
-52
-66
-64
-51
-61
-87
-81
-72
-48
-45
-67
-93
-92
-82
-69
-63
-80
-87
-78
-68
-42
-30
-17
-9
-3
20
40
19
19
29
42
48
40
41
37
43
71
79
56
27
4
11
28
40
19
3
2
-13
9
21
-3
-33
-42
-48
-47
-17
-23
-28
-31
-30
-4
12
13
36
54
35
31
39
58
89
81
62
36
39
47
56
35
7
-8
-4
1
-9
-21
-46
-39
-26
-26
-42
-33
-28
-22
-11
-16
-26
-7
27
29
20
-3
-9
23
28
19
22
4
-18
-4
-2
-7
-7
-12
-9
-17
-20
-48
-51
-41
-58
-50
-39
-37
-36
-24
-14
-20
-21
-9
15
14
18
35
37
30
36
47
46
49
55
34
16
19
17
14
24
26
26
33
30
29
23
20
11
-3
6
-7
-3
7
-5
8
-9
-4
-4
-17
0
-2
-17
-27
-26
-28
-16
-20
-22
-24
-44
-43
-41
-48
-44
-30
-27
-28
-20
-17
-27
-29
-19
-5
7
22
30
28
19
7
1
4
28
42
32
16
5
-4
11
-5
-13
-23
-30
-19
-2
7
-7
15
47
46
40
32
36
42
43
39
23
6
7
7
4
-2
-27
-36
-29
-6
-7
-17
-26
-16
-2
12
17
10
21
26
17
9
17
6
17
13
9
-3
-12
0
7
17
3
-3
0
4
13
38
52
39
29
5
32
54
50
56
40
12
10
6
14
18
0
-7
-21
-11
-5
-1
-7
-18
-25
-40
-45
-67
-83
-48
-53
-65
-67
-70
-60
-51
-43
-37
-38
-43
-35
-33
-6
-18
-20
-19
-18
13
11
4
11
14
16
15
34
41
35
38
27
40
48
43
38
39
37
34
19
10
-5
-12
-17
-36
-47
-37
-27
-24
-22
-23
-25
-16
5
3
-5
-2
0
5
8
16
6
-4
-4
3
2
3
12
-3
-20
-27
-34
-28
-16
3
2
-16
-21
-15
-12
15
14
-3
0
3
18
36
36
51
45
21
26
40
50
37
31
9
0
0
-5
-5
-19
-23
-23
-16
-15
-18
-1
-4
-18
-21
-15
-16
-15
-33
-32
-24
-29
-21
-19
-25
-33
-32
-31
-19
1
14
7
6
-9
-23
-5
-3
1
1
-6
-4
-24
-22
4
24
30
20
21
31
41
59
52
47
54
43
41
49
61
47
40
31
1
-6
-8
-1
-14
-20
-34
-53
-48
-47
-46
-50
-66
-70
-53
-43
-27
-38
-50
-39
-27
-2
9
27
15
8
9
16
31
30
39
34
22
27
14
15
5
1
13
10
14
-6
9
20
27
38
21
14
9
17
26
28
19
12
6
16
23
38
37
21
25
21
38
40
22
10
14
20
21
14
-8
1
6
5
-5
-9
-12
-13
3
12
-1
-32
-30
-18
-27
-31
-41
-48
-31
-19
-14
-18
-27
-19
-28
-18
-4
-8
3
-3
-7
-9
4
11
11
13
8
14
23
5
11
21
25
23
13
28
12
4
-3
-6
9
-4
-16
-27
-25
-24
-19
-27
-27
-19
-35
-35
-46
-39
-36
-17
-17
-13
-11
-18
3
-2
7
29
25
32
39
48
56
67
59
53
63
49
43
20
12
24
26
25
10
5
-2
2
-12
-12
-19
-34
-36
-44
-33
-51
-27
-46
-61
-51
-42
-45
-57
-46
-29
-26
-30
-16
-18
-5
-8
-15
-9
-5
-7
-12
-13
-14
-11
-16
-23
-22
-24
-10
4
-7
2
4
8
7
2
-7
-13
-8
-3
-5
10
9
-2
-7
-18
8
12
12
6
8
15
7
-1
9
15
-3
5
5
23
22
4
19
21
31
25
14
13
17
26
28
20
-5
2
10
16
13
2
-15
1
11
2
20
7
7
20
27
34
25
27
34
19
27
31
9
-5
3
10
21
26
24
18
22
38
38
41
43
33
27
19
16
12
2
9
-10
-27
-30
-31
-37
-36
-46
-55
-55
-60
-55
-46
-53
-57
-59
-69
-48
-43
-56
-40
-35
-33
-25
-13
-9
-6
4
0
-3
-6
7
19
16
-10
-7
-6
5
18
11
7
5
4
16
26
32
29
21
25
30
20
12
24
28
34
18
7
2
14
15
11
-6
-14
-14
-13
0
-18
-7
6
-1
-7
6
18
21
24
14
10
4
3
6
-4
-6
-8
-5
-9
-16
-5
-12
-14
-5
-2
-9
-12
-15
5
5
-6
-4
-23
-6
13
11
21
26
30
30
35
40
45
49
66
61
46
40
40
41
27
20
16
17
11
3
2
-9
-19
-10
-14
-20
-25
-33
-36
-24
-18
-16
-26
-41
-26
-24
-35
-39
-30
-26
-28
-25
-27
-22
-21
16
21
14
5
14
21
33
39
23
32
16
15
23
9
-11
-19
-18
-34
-24
-11
-18
-11
-13
-24
-24
-19
-22
-15
-8
-11
-20
-29
-17
-14
-16
-11
-15
-15
-19
-1
-2
6
-1
3
-3
-9
-6
4
16
5
8
6
9
14
12
6
-1
-1
8
13
8
4
-2
2
4
4
-20
-33
-12
-16
-16
-18
-26
-18
-9
-21
-18
-19
-24
-20
-10
-2
-3
-1
6
10
12
35
30
27
31
25
26
11
5
1
-9
-2
7
9
4
1
-7
-14
-11
4
4
-3
-13
-14
7
14
-4
-5
-9
-1
21
-2
6
6
-7
12
24
22
19
21
10
18
32
37
30
25
19
17
16
17
13
2
0
1
-8
-4
-8
-11
-10
-3
-3
-12
-13
-28
-33
-32
-25
-28
-32
-19
-43
-49
-39
-37
-41
-36
-33
-31
-11
-7
5
1
20
15
20
18
21
21
23
32
26
17
4
7
-3
-7
-15
-5
-12
-13
-3
14
8
9
14
22
35
31
45
42
38
25
8
9
9
5
14
7
4
14
20
14
2
10
3
3
4
18
22
19
3
-2
1
-2
0
-3
6
-14
-2
5
-6
0
-6
-10
-5
-2
3
-10
-15
-11
-7
5
-10
8
14
19
15
21
18
7
11
2
2
-1
-10
-4
1
-18
-21
-26
-17
-17
-18
-15
-18
-19
-20
-12
-4
-22
-34
-33
-21
-17
-11
-17
-24
-29
-50
-45
-32
-30
-39
-32
-22
-10
4
2
9
15
13
14
18
21
23
35
48
50
37
39
36
46
48
49
39
24
34
41
46
31
16
24
15
7
13
14
15
15
7
-1
-3
1
6
-12
-16
5
-1
10
4
3
3
9
11
4
8
15
8
5
9
-3
-12
-16
-10
-16
-37
-44
-52
-51
-39
-37
-31
-37
-36
-44
-45
-40
-40
-28
-34
-29
-22
-27
-31
-11
2
-14
-7
-30
-33
-26
-20
-7
-7
-11
-5
-3
11
14
0
8
16
28
30
21
19
24
17
22
-2
2
1
-7
-4
-10
-7
-8
5
-5
-2
-5
-12
1
2
11
6
1
-10
-12
-3
2
7
18
13
6
17
21
11
6
13
20
2
-3
-9
-8
-11
-11
-16
-32
-14
-8
-10
3
4
5
6
12
7
11
10
8
8
3
3
1
21
13
12
24
21
12
19
22
17
24
19
21
20
18
27
20
11
15
7
5
3
2
3
8
-5
-13
1
2
6
-8
-3
2
-6
-8
-10
-5
2
5
1
-2
-4
-8
-7
-2
-7
-11
-1
-5
-7
-3
-4
-7
-12
-14
-10
-14
-18
-14
-15
7
6
0
-1
-7
-2
-17
-20
-24
-27
-26
-26
-20
-11
-10
-7
5
13
18
7
2
1
21
33
21
20
16
22
23
22
19
11
14
16
32
28
23
30
21
12
8
14
13
6
2
-3
-7
-4
-1
-6
-23
-18
-18
-23
-12
-10
-11
-14
-19
-7
-10
-8
-7
-18
-15
-7
2
2
8
8
-1
5
2
-5
-3
-5
-9
-13
-11
-17
-21
-12
-22
-18
-16
-4
6
20
27
24
21
24
24
29
43
42
39
25
29
41
44
34
31
27
23
15
17
16
14
10
0
1
3
2
-4
-14
-21
-9
-12
-16
-20
-20
-12
-31
-42
-28
-21
-23
-27
-38
-51
-37
-40
-47
-46
-52
-38
-49
-53
-50
-39
-39
-44
-25
-23
0
-3
-11
-6
-3
9
12
16
9
18
15
11
20
19
10
7
-3
-2
15
20
15
-2
-2
1
-2
5
17
8
2
-3
6
21
30
16
7
10
15
20
24
32
22
4
4
9
1
-9
-12
-8
-21
-17
-19
-14
-20
-16
-14
-6
-3
-8
-3
3
