SAMPLES:	8379
BITSPERSAMPLE:	16
CHANNELS:	1
SAMPLERATE:	16000
NORMALIZED:	FALSE
-5
-6
1
-7
-3
-6
-4
-6
-5
-4
-10
-7
-12
-8
-9
-10
-12
-11
-15
-14
-7
-12
-8
-10
-11
-8
-13
-8
-8
-8
-2
0
-4
-2
-3
-7
-7
-2
1
-1
-3
-6
4
-4
-2
-3
-3
0
-2
2
4
4
4
8
3
2
-6
-3
-1
3
6
5
7
5
6
8
8
6
4
5
3
1
-2
-6
-8
-6
-5
-3
0
-4
0
-1
-2
3
5
8
5
7
10
6
5
5
3
3
-1
-1
5
1
5
6
1
4
3
4
5
4
3
8
5
4
2
-2
3
4
1
-4
-4
0
-1
-1
-2
2
1
4
0
5
7
5
9
8
6
6
4
0
-4
-7
-8
-6
-9
-12
-7
-8
-8
-5
-5
-3
0
-6
-6
-2
3
1
-5
-7
-5
-13
-9
-12
-12
-11
-11
-10
-9
-9
-14
-5
-7
-5
-9
-8
-10
-11
-12
-17
-15
-15
-20
-19
-19
-18
-14
-20
-16
-16
-14
-12
-8
-7
-8
-10
-10
-11
-9
-11
-7
-8
-12
-6
-4
-3
-1
-2
3
6
4
5
6
4
9
10
8
8
9
14
10
11
13
13
13
13
14
13
19
17
21
18
20
18
16
17
16
15
12
9
6
10
6
13
13
14
15
14
10
12
7
8
10
8
10
6
11
5
5
7
8
4
-1
1
-3
2
-1
-1
3
5
3
0
4
3
4
6
7
11
12
7
5
7
4
-1
0
-1
1
-3
-3
-1
-4
2
5
0
-1
1
2
1
3
4
8
3
4
-2
-2
2
0
0
-1
-1
-5
0
-4
-1
-1
3
5
1
4
0
-2
-5
-9
-7
-3
-7
-6
-5
-9
-8
-4
-6
-5
-6
-5
-3
-3
-2
-5
-3
-7
-4
-11
-12
-17
-15
-16
-17
-13
-14
-12
-15
-15
-13
-6
-9
-9
-6
-2
-5
1
0
-2
-3
1
-2
0
-3
-4
1
-4
-1
2
5
5
6
7
6
9
9
10
8
8
9
10
15
6
8
9
9
8
6
7
0
4
1
8
8
7
9
4
5
0
3
3
3
3
6
9
6
5
9
8
9
8
9
10
11
1
3
6
-3
-11
-14
-17
-18
-21
-14
-8
-10
-3
-4
-3
0
-1
-2
1
4
6
4
7
10
4
6
2
4
4
3
2
-1
0
-2
-6
-9
-11
-10
-16
-14
-12
-17
-15
-17
-15
-15
-19
-16
-16
-17
-15
-10
-10
-17
-18
-12
-16
-18
-17
-20
-23
-21
-15
-14
-16
-13
-11
-11
-6
-4
-5
-13
-6
-10
-9
-10
-7
-5
-4
6
8
30
46
54
52
47
49
43
45
32
-6
-43
-77
-95
-112
-117
-113
-98
-61
-26
5
8
1
2
13
29
37
37
34
25
20
22
22
20
29
34
49
52
53
48
45
47
55
66
58
59
71
68
39
31
14
19
60
104
121
86
53
24
-13
-60
-64
-67
-45
-14
-43
-92
-141
-166
-166
-135
-91
-62
-39
-40
-31
-20
-7
27
77
130
164
183
167
141
121
109
104
116
114
81
53
24
-15
-56
-68
-63
-53
-34
-38
-64
-85
-100
-108
-100
-82
-51
-59
-55
-33
-44
-34
-11
12
45
89
112
85
51
46
69
91
88
66
45
32
25
-11
-74
-117
-132
-139
-152
-168
-188
-198
-185
-162
-157
-146
-125
-78
-44
-12
21
50
71
97
126
130
133
138
147
142
147
141
133
119
110
85
42
19
2
-7
-7
-5
-9
-45
-72
-89
-117
-112
-114
-81
-61
-60
-39
-13
5
35
67
92
106
95
75
74
71
58
54
30
6
-18
-42
-73
-110
-111
-88
-72
-53
-39
-35
-26
-21
-15
6
23
46
48
42
36
35
51
60
71
67
59
64
66
35
18
-1
-16
-28
-43
-64
-86
-109
-105
-78
-70
-65
-57
-46
-50
-37
-19
4
22
39
34
24
24
25
22
26
29
44
26
24
33
18
11
-2
-4
-6
1
-5
-25
-55
-68
-69
-62
-54
-55
-53
-64
-69
-63
-47
-40
-27
-11
2
28
41
51
63
80
97
102
114
99
87
78
66
72
63
56
33
13
-17
-50
-58
-81
-85
-84
-91
-91
-88
-83
-83
-73
-65
-46
-14
8
23
24
16
22
24
38
52
66
66
58
60
67
57
46
33
27
33
21
-2
-23
-34
-39
-44
-48
-36
-30
-36
-42
-41
-32
-24
-8
6
30
51
45
46
40
46
52
41
34
37
35
28
29
28
33
21
13
-8
-21
-32
-46
-40
-31
-35
-31
-30
-27
-19
-33
-40
-31
-19
-13
-4
0
24
27
33
45
69
76
73
70
65
67
61
43
26
14
-6
-3
-3
-8
-7
3
2
-10
-17
-14
-18
-25
-29
-12
-1
-9
-10
-22
-41
-47
-40
-28
-7
0
-2
0
-9
-4
-11
-21
-24
-26
-17
-9
-17
-20
-26
-35
-44
-47
-45
-35
-31
-37
-34
-37
-39
-39
-43
-23
-22
-9
3
8
0
-26
-27
-24
-2
2
-1
-2
7
13
-11
-30
-11
16
18
11
12
32
48
51
37
43
61
56
41
32
40
65
76
72
50
44
39
26
23
19
16
23
31
34
27
21
20
18
25
14
21
28
30
44
51
60
53
55
59
49
36
21
15
-5
-12
-13
-25
-28
-32
-31
-37
-29
-20
2
19
13
20
18
21
18
6
10
19
46
31
-3
-16
-31
-32
-35
-53
-43
-31
-29
-57
-87
-97
-110
-107
-122
-138
-142
-135
-134
-116
-113
-126
-129
-126
-101
-85
-69
-64
-69
-75
-75
-84
-101
-90
-79
-74
-83
-87
-81
-67
-53
-39
-41
-61
-24
-6
-50
-49
-36
-50
-42
-22
-26
-38
-7
43
56
37
61
104
122
167
203
194
190
216
227
188
168
141
133
145
134
120
99
108
109
83
75
106
145
165
162
173
164
167
175
179
186
196
231
224
198
151
109
79
62
56
42
16
4
10
-20
-45
-55
-61
-46
-39
-64
-79
-55
-52
-59
-72
-92
-78
-65
-63
-81
-100
-99
-97
-90
-100
-121
-144
-139
-121
-119
-137
-143
-144
-143
-136
-145
-147
-143
-144
-161
-167
-159
-148
-155
-149
-138
-146
-143
-137
-127
-114
-104
-92
-89
-96
-82
-86
-78
-50
-47
-54
-66
-74
-80
-79
-67
-52
-36
1
8
1
16
23
30
43
53
58
65
77
75
76
83
84
88
101
104
110
120
123
123
110
99
106
118
127
129
125
116
119
120
119
125
135
133
136
126
114
116
96
88
72
66
70
61
71
79
82
76
73
75
85
85
84
78
72
66
48
51
46
41
42
39
34
26
28
22
19
26
34
39
26
18
11
-5
-3
-9
-17
-22
-22
-14
-28
-25
-26
-29
-43
-51
-49
-47
-51
-73
-101
-117
-122
-112
-123
-124
-119
-124
-109
-115
-106
-85
-69
-57
-58
-56
-60
-63
-74
-77
-75
-78
-80
-88
-86
-91
-86
-88
-83
-88
-87
-68
-63
-40
-46
-31
-27
-14
15
17
11
15
28
35
25
4
4
7
2
10
-1
-8
2
-4
-9
-10
0
-1
2
-3
-8
-16
-23
-29
-25
-28
-52
-64
-55
-42
-30
-54
-61
-54
-4
50
19
-25
-74
-112
-98
-51
-35
-52
-25
27
60
66
9
-68
-27
130
222
111
-89
-151
-59
24
8
-54
-85
-50
-3
-18
-71
-90
-53
26
113
167
160
90
36
40
109
214
251
213
146
159
232
295
325
268
173
150
223
218
101
-16
-35
22
54
15
-33
-18
21
64
75
64
85
58
20
24
66
92
44
-2
-12
-14
-95
-142
-81
-20
-9
-72
-75
-26
-9
-25
-46
-24
12
41
54
45
40
31
24
48
53
84
94
99
67
23
14
8
-5
-29
-44
-18
-15
-60
-100
-138
-132
-93
-87
-131
-154
-143
-135
-143
-172
-201
-162
-117
-122
-153
-172
-148
-173
-198
-206
-170
-94
-97
-125
-132
-106
-89
-98
-85
-76
-61
-54
-43
-65
-73
-87
-88
-84
-88
-94
-85
-86
-104
-119
-142
-126
-107
-84
-91
-93
-53
-32
0
-23
-46
-17
54
123
119
100
101
152
191
187
161
170
207
249
241
213
239
252
225
184
156
169
187
196
192
173
153
209
260
237
192
188
237
286
302
246
175
168
193
176
134
97
106
146
131
57
8
47
129
215
266
210
158
126
142
175
188
187
191
190
119
49
-5
-22
-23
-76
-142
-192
-217
-255
-363
-485
-547
-538
-509
-541
-568
-578
-583
-578
-609
-622
-612
-564
-502
-465
-437
-427
-396
-333
-271
-234
-202
-138
-67
18
20
11
21
25
51
89
143
167
178
163
179
218
233
204
137
135
176
206
202
169
158
162
157
93
50
55
101
127
97
26
-8
43
64
15
-15
19
65
73
63
70
112
107
46
60
115
209
219
112
62
126
193
136
73
116
199
171
106
53
82
134
117
101
128
213
256
223
163
129
188
234
237
222
169
171
204
211
147
71
66
96
125
45
-17
56
195
301
292
198
109
86
154
243
294
290
271
216
130
47
-13
-31
-29
-45
-128
-246
-341
-434
-525
-612
-705
-737
-703
-688
-756
-837
-895
-917
-894
-876
-803
-687
-585
-543
-540
-538
-462
-345
-240
-154
-108
-49
36
93
106
111
129
188
267
313
313
287
292
329
325
341
352
379
397
378
332
282
270
274
268
239
234
230
189
156
107
84
70
54
66
87
86
69
36
35
74
89
120
119
131
136
170
196
149
123
156
200
208
155
96
122
157
169
114
88
123
133
90
33
26
74
131
129
102
121
143
145
135
130
140
132
125
119
94
60
17
-3
40
160
315
450
385
227
117
117
258
411
497
519
473
361
243
164
128
96
88
49
-47
-167
-359
-537
-673
-767
-814
-826
-814
-865
-948
-1064
-1202
-1246
-1183
-1063
-946
-853
-821
-789
-745
-701
-620
-501
-347
-180
-63
5
39
72
107
157
246
339
429
491
499
480
448
429
455
481
516
533
526
461
328
229
156
176
221
224
178
84
-24
-114
-164
-162
-122
-88
-54
-90
-126
-175
-178
-106
-21
70
120
154
201
237
227
215
264
369
442
410
369
343
339
342
312
321
348
357
321
248
220
213
208
214
196
171
168
149
108
69
83
131
155
145
114
53
1
-20
129
353
552
623
417
224
173
297
550
697
730
693
552
360
212
180
196
196
133
-46
-241
-448
-683
-874
-1004
-1061
-1064
-1043
-1126
-1282
-1446
-1576
-1589
-1508
-1361
-1220
-1123
-1098
-1099
-1085
-959
-745
-531
-352
-223
-122
-42
23
94
238
408
547
634
645
652
643
661
717
790
881
901
841
742
655
618
557
449
398
371
312
189
2
-146
-255
-281
-335
-369
-395
-450
-511
-559
-554
-503
-417
-328
-250
-186
-115
-63
23
121
244
378
467
517
547
582
622
645
662
680
693
697
639
559
495
511
545
520
455
373
333
297
281
257
239
231
215
218
192
126
76
12
132
405
687
846
587
291
192
344
672
836
861
772
559
288
96
104
175
136
-6
-245
-475
-705
-972
-1122
-1195
-1280
-1370
-1488
-1617
-1702
-1784
-1852
-1822
-1740
-1634
-1514
-1393
-1287
-1186
-1054
-866
-617
-404
-227
-119
-41
72
267
471
626
713
738
787
856
913
954
1000
1004
1059
1085
1054
961
831
733
625
496
367
309
244
114
-122
-333
-438
-481
-515
-578
-648
-724
-798
-863
-843
-746
-669
-629
-586
-515
-398
-275
-157
-30
104
227
331
442
569
676
778
842
926
961
962
914
859
871
861
852
803
719
644
577
512
443
414
386
347
309
253
214
149
76
242
552
827
900
552
301
323
569
885
980
925
722
462
206
123
274
371
236
-59
-417
-663
-856
-1012
-1062
-1113
-1286
-1515
-1710
-1833
-1882
-1925
-1908
-1813
-1742
-1717
-1717
-1685
-1514
-1309
-1092
-861
-657
-491
-384
-259
-65
210
492
662
741
778
792
841
930
1050
1186
1260
1254
1215
1140
1092
1000
949
902
808
633
416
261
117
-5
-210
-365
-469
-572
-680
-812
-865
-892
-942
-977
-987
-959
-910
-855
-756
-646
-525
-422
-345
-187
-17
137
258
343
474
606
742
835
877
913
901
907
981
1044
1057
1001
904
831
771
748
722
697
643
561
474
432
378
326
265
328
599
819
899
613
309
329
547
834
942
886
702
427
211
154
285
360
172
-155
-457
-671
-822
-987
-1092
-1190
-1401
-1628
-1758
-1813
-1865
-1945
-1995
-1914
-1831
-1787
-1784
-1731
-1565
-1395
-1171
-940
-727
-607
-517
-352
-73
245
478
616
710
777
862
991
1145
1294
1323
1274
1271
1364
1465
1485
1357
1192
1077
966
863
716
628
527
328
37
-224
-337
-412
-489
-599
-703
-815
-960
-1102
-1143
-1095
-1027
-985
-919
-843
-783
-725
-692
-565
-369
-177
-19
90
172
237
345
495
671
799
843
851
871
899
920
967
996
1011
947
884
844
808
777
714
710
668
620
484
345
319
518
809
924
773
393
221
341
615
795
759
583
303
88
15
106
231
137
-189
-495
-684
-785
-860
-1001
-1154
-1360
-1612
-1767
-1760
-1752
-1825
-1939
-1980
-1933
-1902
-1906
-1840
-1664
-1485
-1320
-1173
-1025
-871
-739
-551
-225
133
394
496
525
608
781
1042
1280
1456
1474
1401
1374
1486
1647
1713
1688
1496
1345
1210
1120
1069
1008
926
719
501
243
59
-38
-127
-235
-417
-587
-739
-848
-952
-1038
-1057
-1062
-1076
-1045
-1006
-926
-866
-797
-674
-544
-394
-278
-143
5
148
247
357
449
545
643
712
793
823
862
862
860
890
918
897
854
792
720
694
690
691
603
488
384
491
740
863
768
469
274
368
649
758
674
462
235
107
60
108
138
5
-327
-606
-750
-809
-904
-1055
-1210
-1399
-1597
-1745
-1768
-1754
-1791
-1893
-1933
-1847
-1769
-1784
-1764
-1643
-1450
-1267
-1160
-1036
-869
-719
-541
-275
-1
240
355
427
595
793
1009
1132
1249
1305
1342
1417
1522
1670
1665
1603
1493
1450
1445
1402
1256
1093
998
849
694
523
383
252
124
-28
-193
-341
-490
-610
-706
-744
-762
-845
-942
-981
-960
-897
-796
-738
-687
-636
-592
-478
-327
-204
-92
-2
85
210
318
425
514
590
637
693
730
763
809
834
850
818
774
727
712
727
779
764
662
531
404
509
797
913
812
472
185
261
552
685
600
429
162
6
-38
24
95
-25
-363
-656
-760
-806
-891
-1070
-1253
-1405
-1560
-1677
-1700
-1721
-1777
-1882
-1927
-1838
-1767
-1785
-1768
-1618
-1394
-1232
-1132
-1033
-893
-711
-524
-271
-13
171
251
358
547
772
987
1114
1183
1196
1262
1347
1482
1674
1670
1588
1479
1375
1347
1308
1214
1143
1135
1001
769
535
322
240
190
98
-75
-277
-466
-636
-720
-736
-743
-817
-857
-882
-883
-837
-800
-754
-691
-589
-531
-406
-281
-193
-106
-32
56
152
281
403
507
567
576
608
650
692
752
786
821
836
775
702
690
724
770
744
612
491
436
585
822
867
735
398
203
367
677
753
563
342
117
44
67
100
98
-65
-361
-610
-673
-728
-870
-1066
-1254
-1336
-1467
-1581
-1662
-1789
-1846
-1866
-1833
-1772
-1763
-1861
-1876
-1670
-1414
-1222
-1144
-1107
-986
-813
-562
-277
-35
128
175
286
486
746
930
1019
1103
1160
1256
1354
1521
1646
1614
1556
1471
1479
1486
1449
1291
1182
1147
1028
883
678
505
395
284
148
-55
-209
-390
-510
-579
-627
-715
-854
-888
-905
-856
-822
-812
-838
-811
-756
-645
-506
-394
-345
-292
-189
-57
102
224
304
334
379
449
567
696
765
764
753
772
787
785
800
855
862
819
722
600
579
534
581
794
884
758
455
179
233
526
686
541
321
128
14
15
56
64
-42
-301
-577
-682
-646
-720
-918
-1117
-1244
-1345
-1457
-1536
-1595
-1663
-1721
-1737
-1753
-1718
-1787
-1837
-1669
-1406
-1229
-1159
-1154
-1099
-891
-653
-376
-131
5
45
118
328
620
843
938
990
1064
1166
1288
1428
1577
1641
1590
1528
1516
1557
1490
1399
1307
1285
1211
1006
805
633
549
446
340
160
-28
-213
-396
-460
-501
-601
-746
-857
-883
-855
-833
-852
-883
-866
-823
-737
-652
-559
-484
-424
-327
-201
-58
26
122
196
278
392
480
567
633
659
687
720
753
748
753
791
802
783
703
619
606
573
582
696
809
773
568
310
244
507
692
577
345
169
75
85
104
43
-61
-232
-460
-579
-585
-666
-861
-1083
-1207
-1268
-1335
-1449
-1566
-1676
-1720
-1721
-1762
-1710
-1729
-1767
-1666
-1491
-1319
-1245
-1245
-1187
-966
-664
-437
-257
-166
-114
40
257
544
746
810
798
880
1023
1220
1378
1483
1540
1471
1467
1500
1593
1628
1549
1377
1282
1294
1206
1050
888
755
635
520
342
164
20
-164
-292
-387
-488
-629
-751
-793
-828
-846
-877
-917
-911
-865
-813
-755
-685
-648
-624
-537
-358
-178
-50
37
69
131
254
386
525
604
660
678
691
740
768
814
843
869
834
781
724
681
680
606
596
729
822
755
520
247
250
485
613
449
222
70
6
25
4
-54
-155
-336
-524
-585
-586
-703
-934
-1177
-1268
-1278
-1363
-1518
-1672
-1742
-1733
-1707
-1705
-1682
-1717
-1766
-1659
-1435
-1258
-1193
-1200
-1113
-877
-612
-393
-254
-165
-51
136
377
621
761
786
826
956
1148
1304
1400
1469
1515
1527
1509
1488
1511
1511
1454
1370
1322
1264
1117
980
827
730
673
556
349
162
18
-143
-281
-406
-488
-563
-649
-714
-778
-844
-905
-941
-926
-836
-766
-748
-743
-695
-595
-440
-254
-133
-55
-22
15
139
316
449
544
609
646
671
702
762
824
891
904
857
806
783
789
781
736
653
660
794
796
637
394
227
353
595
647
411
166
34
21
82
97
27
-141
-387
-583
-621
-629
-768
-992
-1169
-1218
-1256
-1432
-1604
-1711
-1739
-1699
-1693
-1725
-1752
-1772
-1761
-1582
-1375
-1295
-1279
-1250
-1055
-790
-543
-407
-302
-174
-33
171
388
590
685
704
780
945
1143
1261
1278
1345
1391
1426
1473
1476
1468
1417
1328
1249
1270
1278
1132
916
750
696
647
570
425
203
-6
-177
-278
-343
-381
-498
-657
-752
-800
-855
-898
-905
-860
-804
-773
-796
-784
-676
-533
-378
-225
-165
-160
-124
-66
136
363
514
553
541
557
621
737
858
938
963
911
841
808
845
924
897
820
672
609
717
805
750
554
308
241
416
586
471
236
99
69
116
112
10
-129
-229
-336
-410
-486
-643
-873
-1082
-1122
-1115
-1248
-1480
-1655
-1694
-1619
-1604
-1710
-1767
-1787
-1774
-1659
-1453
-1303
-1274
-1303
-1239
-981
-692
-508
-406
-298
-137
37
199
354
524
652
724
870
1016
1126
1129
1173
1291
1396
1435
1368
1314
1283
1293
1247
1199
1224
1136
952
758
693
670
634
497
250
81
-18
-116
-228
-315
-428
-561
-689
-759
-779
-808
-840
-812
-785
-755
-779
-775
-648
-486
-367
-332
-289
-214
-96
25
163
335
443
486
494
572
703
819
882
896
943
915
862
840
867
963
965
852
679
542
623
810
831
680
386
187
270
517
537
298
119
33
56
122
49
-66
-145
-268
-413
-515
-610
-745
-914
-1050
-1087
-1223
-1445
-1603
-1649
-1557
-1508
-1585
-1739
-1781
-1738
-1639
-1456
-1335
-1290
-1334
-1314
-1101
-802
-594
-521
-450
-318
-105
92
216
371
513
621
764
935
1067
1112
1130
1198
1325
1467
1443
1372
1335
1321
1306
1254
1285
1252
1117
915
779
755
738
622
385
184
80
-32
-152
-283
-368
-484
-635
-731
-763
-738
-784
-842
-878
-849
-794
-792
-731
-609
-485
-392
-353
-285
-195
-54
102
284
419
448
444
466
619
764
842
846
853
884
871
881
900
922
907
798
622
525
470
583
766
750
533
197
49
249
564
573
264
42
-26
13
71
54
16
-72
-246
-477
-583
-613
-701
-865
-990
-1011
-1152
-1395
-1534
-1514
-1420
-1405
-1514
-1651
-1670
-1609
-1551
-1409
-1261
-1226
-1265
-1224
-1033
-759
-570
-506
-438
-280
-90
58
212
375
525
636
701
808
923
971
1031
1169
1304
1336
1246
1216
1267
1344
1295
1168
1154
1180
1120
932
789
755
719
597
384
232
149
25
-166
-305
-346
-423
-563
-659
-677
-724
-789
-838
-825
-732
-716
-732
-729
-628
-528
-479
-378
-264
-157
-71
-1
134
273
354
425
490
626
738
763
768
804
865
900
889
880
892
860
771
660
582
588
744
795
657
452
200
179
431
626
453
165
24
46
178
219
140
-4
-157
-312
-441
-481
-519
-654
-867
-998
-1053
-1209
-1386
-1496
-1479
-1413
-1459
-1602
-1725
-1698
-1627
-1533
-1382
-1287
-1278
-1324
-1261
-1017
-716
-526
-487
-436
-268
-95
85
280
458
572
608
712
835
983
1054
1101
1167
1230
1278
1266
1287
1321
1357
1257
1221
1232
1200
1071
877
791
782
740
566
337
159
45
-56
-174
-278
-361
-483
-639
-765
-784
-771
-757
-788
-802
-774
-790
-772
-715
-597
-472
-397
-348
-281
-173
-43
92
242
321
398
453
497
603
705
768
817
860
862
832
801
809
840
828
739
609
495
519
716
779
646
408
192
250
533
629
416
200
129
161
238
216
91
-23
-143
-299
-405
-452
-547
-697
-868
-944
-1009
-1191
-1357
-1447
-1407
-1345
-1422
-1587
-1678
-1656
-1590
-1475
-1318
-1254
-1274
-1290
-1168
-896
-639
-539
-523
-420
-200
22
170
282
400
511
587
705
849
978
1029
1063
1100
1190
1255
1268
1297
1308
1274
1117
1042
1065
1079
932
766
694
639
567
391
165
59
13
-97
-239
-360
-452
-596
-723
-768
-724
-725
-794
-887
-896
-832
-768
-740
-696
-583
-508
-458
-377
-226
-89
16
127
247
328
395
440
539
707
837
840
815
828
843
888
909
975
992
886
741
626
608
779
944
861
661
401
288
492
792
784
493
268
185
263
353
313
168
9
-153
-317
-415
-466
-569
-768
-929
-996
-1093
-1320
-1470
-1507
-1465
-1437
-1579
-1742
-1801
-1735
-1632
-1488
-1389
-1361
-1378
-1358
-1133
-844
-638
-566
-491
-351
-141
53
175
319
464
555
659
790
928
1012
1045
1126
1223
1292
1261
1252
1271
1314
1279
1115
1109
1127
1097
939
757
702
631
513
278
85
-10
-86
-224
-374
-486
-607
-728
-825
-821
-795
-845
-951
-1008
-938
-836
-790
-779
-713
-620
-550
-446
-315
-173
-53
44
139
256
371
435
511
630
773
820
811
806
827
866
903
932
944
909
819
725
671
739
947
992
825
607
415
450
716
863
687
368
208
245
348
401
291
115
-59
-175
-286
-382
-434
-579
-752
-894
-986
-1177
-1373
-1462
-1434
-1386
-1451
-1648
-1822
-1806
-1679
-1525
-1403
-1370
-1407
-1391
-1221
-948
-677
-536
-532
-453
-266
-28
154
271
379
483
580
704
799
902
979
1050
1134
1202
1247
1204
1268
1320
1341
1268
1131
1123
1132
1075
883
731
670
567
412
193
47
-26
-116
-301
-475
-566
-659
-767
-848
-880
-902
-954
-1039
-1046
-966
-862
-844
-833
-748
-615
-504
-413
-290
-165
-45
31
140
259
386
479
539
656
753
794
771
809
893
947
939
891
872
843
775
711
723
883
1039
886
632
461
458
663
876
796
473
277
235
303
397
344
141
-43
-163
-263
-343
-434
-533
-699
-868
-969
-1104
-1273
-1374
-1410
-1421
-1458
-1609
-1764
-1782
-1661
-1537
-1458
-1417
-1419
-1383
-1257
-1002
-750
-600
-567
-528
-339
-71
147
255
336
447
564
667
796
949
1074
1135
1163
1192
1298
1346
1366
1385
1381
1345
1224
1189
1199
1150
998
819
703
640
546
339
112
7
-53
-215
-400
-533
-631
-718
-813
-883
-915
-957
-1017
-1068
-1009
-921
-886
-860
-808
-682
-557
-465
-387
-278
-132
16
126
212
297
375
440
551
679
748
720
724
766
814
847
839
842
839
786
699
624
716
947
993
792
531
392
508
764
841
599
337
250
247
334
333
192
31
-124
-256
-359
-422
-539
-716
-881
-981
-1077
-1265
-1442
-1516
-1520
-1495
-1578
-1735
-1795
-1743
-1607
-1492
-1403
-1381
-1365
-1292
-1092
-809
-603
-522
-514
-388
-143
123
284
369
476
569
677
834
1008
1129
1174
1224
1243
1300
1363
1386
1427
1466
1418
1280
1215
1218
1262
1173
928
761
683
642
500
278
120
-7
-162
-345
-474
-524
-621
-746
-871
-899
-911
-981
-1037
-1033
-915
-854
-864
-836
-784
-639
-532
-458
-329
-216
-129
-50
69
183
292
344
397
527
651
706
689
699
753
808
828
850
872
846
761
683
657
729
912
958
779
571
445
471
701
826
627
332
199
235
309
311
169
-13
-141
-257
-379
-486
-556
-693
-891
-1047
-1136
-1260
-1412
-1489
-1527
-1544
-1586
-1725
-1793
-1725
-1617
-1553
-1480
-1417
-1351
-1237
-1095
-886
-675
-554
-487
-324
-72
174
289
345
458
630
781
898
982
1063
1130
1210
1286
1328
1382
1357
1383
1431
1412
1301
1179
1181
1199
1124
911
712
657
604
465
237
75
-27
-149
-299
-432
-494
-578
-734
-862
-867
-818
-861
-964
-997
-901
-798
-806
-822
-757
-644
-553
-488
-366
-243
-144
-57
25
185
334
416
465
543
663
728
733
731
774
847
853
849
852
833
775
667
630
750
935
873
666
494
402
530
767
789
518
276
219
273
389
369
188
-19
-140
-236
-338
-405
-523
-717
-907
-1041
-1111
-1234
-1368
-1480
-1545
-1539
-1590
-1703
-1748
-1705
-1618
-1512
-1428
-1363
-1302
-1216
-1102
-887
-681
-547
-472
-332
-112
72
248
342
469
600
697
829
922
1034
1100
1150
1185
1256
1348
1386
1426
1389
1328
1227
1201
1239
1193
1028
791
653
605
531
384
181
35
-55
-190
-339
-481
-573
-668
-745
-795
-816
-836
-920
-956
-918
-841
-762
-765
-746
-630
-506
-434
-367
-252
-133
-30
61
144
240
331
380
434
509
630
698
681
672
700
771
803
823
807
784
731
660
665
808
937
838
630
436
431
631
808
698
428
287
282
352
402
290
89
-65
-176
-255
-330
-429
-597
-809
-965
-1021
-1121
-1306
-1440
-1500
-1490
-1523
-1629
-1722
-1718
-1641
-1552
-1435
-1371
-1328
-1266
-1157
-941
-700
-550
-495
-404
-197
34
221
328
404
520
639
762
881
973
1028
1080
1139
1201
1265
1261
1295
1356
1348
1248
1130
1128
1178
1159
975
744
644
611
545
391
220
78
-62
-224
-359
-421
-483
-602
-713
-774
-809
-838
-927
-941
-873
-800
-781
-820
-783
-684
-554
-478
-412
-289
-192
-131
-56
78
200
278
321
339
468
595
610
612
639
689
724
747
766
762
732
644
602
643
787
901
777
594
448
453
655
823
724
460
336
336
412
459
331
130
-5
-96
-218
-330
-432
-566
-752
-890
-962
-1096
-1284
-1414
-1476
-1454
-1457
-1575
-1694
-1718
-1608
-1518
-1424
-1348
-1295
-1222
-1116
-925
-705
-548
-471
-371
-158
70
235
293
341
471
619
767
863
947
1021
1087
1144
1196
1225
1201
1257
1342
1393
1290
1117
1062
1105
1169
1062
854
688
602
563
426
297
168
1
-151
-291
-359
-431
-536
-671
-780
-777
-787
-877
-936
-901
-818
-796
-821
-790
-727
-655
-586
-493
-375
-270
-223
-200
-98
56
205
238
287
354
429
503
562
605
649
697
706
724
731
744
698
655
622
618
681
727
705
583
415
359
495
639
577
346
224
261
358
392
252
99
3
-65
-170
-287
-379
-509
-697
-886
-966
-1035
-1188
-1351
-1415
-1397
-1397
-1458
-1552
-1579
-1493
-1396
-1298
-1179
-1081
-1020
-992
-832
-598
-416
-302
-249
-140
24
183
272
361
494
630
709
766
857
916
977
1031
1096
1144
1127
1104
1150
1214
1210
1089
980
952
955
907
850
743
614
504
382
302
248
163
3
-177
-280
-331
-406
-502
-604
-679
-740
-818
-860
-806
-733
-725
-777
-789
-732
-666
-595
-499
-374
-290
-262
-247
-155
29
165
230
246
315
383
447
520
600
673
682
659
649
707
737
708
645
611
553
496
609
663
609
476
282
266
430
584
466
284
227
248
291
247
140
47
-11
-113
-242
-328
-414
-567
-751
-873
-898
-1030
-1195
-1314
-1313
-1262
-1273
-1400
-1510
-1462
-1339
-1198
-1092
-1048
-1036
-1021
-916
-648
-361
-235
-256
-239
-118
105
269
353
438
519
566
604
663
755
857
943
972
975
970
905
925
1033
1146
1099
923
782
755
809
788
715
598
483
386
255
197
162
48
-97
-224
-271
-308
-416
-565
-659
-655
-639
-664
-696
-718
-706
-713
-678
-620
-551
-495
-463
-394
-270
-159
-112
-72
44
157
223
276
316
389
463
524
577
626
651
629
623
678
728
701
637
561
570
624
733
730
596
477
365
407
567
657
492
260
199
267
335
312
142
-27
-109
-173
-257
-305
-421
-612
-821
-962
-951
-1020
-1173
-1283
-1314
-1329
-1382
-1467
-1528
-1429
-1276
-1200
-1142
-1102
-1041
-959
-803
-570
-374
-301
-325
-263
-89
126
262
297
347
429
519
588
668
750
805
845
882
900
927
931
949
1024
1107
1060
908
814
807
829
780
720
653
522
384
268
210
193
118
-54
-222
-274
-328
-410
-530
-607
-630
-665
-702
-750
-760
-743
-726
-702
-632
-574
-557
-533
-447
-322
-169
-98
-84
4
91
177
240
352
461
500
515
518
578
646
677
687
695
705
665
595
553
596
659
729
705
564
430
359
449
633
680
497
281
253
328
408
385
203
20
-66
-125
-187
-233
-358
-537
-775
-920
-930
-983
-1091
-1222
-1301
-1344
-1356
-1403
-1400
-1335
-1265
-1195
-1157
-1083
-1006
-917
-791
-594
-423
-372
-348
-271
-98
86
204
250
304
395
479
572
664
749
800
831
842
882
936
935
952
996
1030
987
895
832
827
810
747
699
605
509
416
285
220
179
90
-81
-203
-296
-367
-436
-536
-608
-635
-676
-722
-760
-784
-764
-757
-705
-659
-609
-602
-587
-507
-373
-243
-176
-136
-82
15
103
232
355
436
465
482
524
625
717
743
718
703
696
695
656
605
609
685
775
742
595
454
404
532
728
738
537
335
297
358
413
352
199
58
-51
-139
-212
-273
-404
-610
-828
-917
-913
-966
-1120
-1265
-1322
-1324
-1312
-1338
-1379
-1358
-1307
-1236
-1123
-1037
-958
-924
-834
-660
-464
-355
-325
-261
-131
46
181
258
326
398
477
577
685
775
797
837
880
941
988
968
946
978
1054
1035
958
886
831
814
809
769
670
534
397
291
237
226
113
-88
-238
-302
-355
-398
-486
-591
-655
-729
-784
-788
-779
-770
-765
-744
-718
-666
-647
-602
-491
-352
-234
-180
-156
-99
17
146
244
308
354
368
413
508
602
658
626
602
636
655
664
644
615
620
733
796
717
597
471
479
613
755
693
459
320
301
355
391
315
157
-15
-124
-220
-280
-362
-504
-685
-865
-911
-951
-1043
-1184
-1283
-1294
-1300
-1303
-1359
-1401
-1349
-1297
-1191
-1077
-1001
-940
-878
-740
-551
-359
-307
-287
-186
-39
151
284
328
369
469
583
700
781
830
842
901
965
1028
1023
990
1005
1069
1101
994
921
870
863
869
819
683
549
476
399
326
286
179
-10
-171
-239
-276
-319
-416
-576
-666
-682
-695
-740
-762
-757
-767
-784
-756
-693
-630
-597
-548
-469
-351
-258
-232
-162
-47
61
144
215
271
335
402
460
545
601
647
635
635
674
683
660
600
558
558
550
625
678
596
486
326
308
454
606
533
309
186
194
245
257
178
46
-74
-178
-276
-333
-383
-508
-696
-819
-861
-924
-1052
-1167
-1209
-1184
-1186
-1254
-1306
-1283
-1195
-1120
-1032
-959
-919
-898
-843
-659
-425
-307
-308
-296
-160
36
182
264
338
433
476
501
563
686
784
843
876
850
874
864
883
965
1025
980
853
797
805
868
829
704
586
541
516
419
333
243
123
-3
-117
-178
-188
-295
-421
-529
-557
-572
-619
-653
-674
-655
-677
-666
-624
-579
-543
-533
-465
-355
-251
-200
-164
-61
46
116
183
251
336
384
413
456
551
616
611
588
569
599
605
578
559
551
514
550
607
590
511
372
306
393
545
499
281
160
167
196
215
130
3
-107
-220
-308
-337
-357
-478
-665
-814
-829
-839
-955
-1071
-1123
-1129
-1129
-1187
-1233
-1218
-1119
-1099
-1054
-961
-889
-846
-802
-641
-456
-331
-316
-301
-185
-14
134
228
304
362
396
444
529
682
750
734
739
773
860
872
834
838
901
951
916
842
773
729
672
675
673
616
462
286
207
201
199
110
-84
-199
-238
-288
-349
-426
-474
-533
-600
-641
-626
-632
-630
-620
-579
-512
-470
-464
-430
-338
-198
-86
-45
-8
45
129
240
342
444
450
433
473
552
645
658
623
589
601
595
584
546
521
546
618
620
553
428
363
388
477
523
357
215
153
160
169
157
70
-83
-196
-298
-341
-348
-416
-576
-773
-881
-881
-915
-1006
-1114
-1167
-1180
-1176
-1193
-1220
-1193
-1145
-1095
-1049
-949
-887
-820
-724
-584
-429
-341
-307
-238
-95
72
192
282
348
389
445
529
668
779
803
802
797
865
893
875
882
905
937
881
795
745
751
709
642
574
508
458
343
219
167
117
16
-104
-202
-265
-301
-376
-463
-508
-520
-556
-593
-608
-613
-621
-651
-595
-523
-473
-461
-455
-382
-249
-132
-77
-58
6
97
183
288
373
425
439
449
505
610
674
662
644
645
663
669
644
605
573
590
642
636
582
467
366
367
463
473
357
200
105
115
135
113
30
-102
-206
-283
-322
-328
-401
-565
-743
-816
-814
-856
-974
-1074
-1118
-1112
-1095
-1108
-1138
-1126
-1081
-1020
-934
-855
-804
-775
-683
-529
-367
-281
-239
-165
-30
113
215
278
339
413
495
590
673
727
727
732
764
798
827
819
826
829
807
737
676
678
677
619
511
399
339
291
216
130
49
-29
-123
-206
-254
-269
-308
-394
-457
-493
-541
-555
-567
-554
-541
-560
-581
-542
-475
-453
-419
-372
-272
-170
-115
-66
-10
92
174
225
289
373
445
479
495
537
604
627
628
629
613
610
607
587
568
526
501
504
526
498
393
307
283
339
356
251
147
75
55
36
-4
-43
-125
-217
-307
-369
-375
-390
-498
-632
-682
-702
-748
-818
-868
-872
-895
-929
-967
-971
-946
-916
-887
-832
-752
-672
-655
-570
-420
-299
-198
-153
-87
40
140
234
312
391
472
519
569
609
662
680
683
705
737
749
719
698
661
648
590
557
557
521
440
321
256
217
192
123
44
-41
-106
-142
-200
-230
-253
-313
-395
-448
-450
-452
-463
-477
-461
-455
-469
-461
-425
-353
-311
-288
-260
-180
-95
-39
17
71
154
195
228
318
396
433
424
430
474
531
575
572
546
530
517
515
484
441
386
332
349
381
349
241
148
94
123
156
103
18
-50
-71
-81
-98
-99
-134
-219
-286
-309
-308
-322
-410
-486
-544
-551
-565
-615
-667
-699
-694
-707
-741
-741
-706
-712
-652
-603
-564
-513
-481
-417
-329
-210
-141
-95
-30
52
122
177
259
321
382
423
466
494
533
568
565
592
609
616
583
552
514
499
483
447
399
359
302
225
162
153
143
75
0
-75
-111
-133
-148
-182
-232
-283
-335
-352
-353
-336
-318
-332
-330
-331
-326
-311
-265
-197
-166
-164
-139
-95
-19
53
99
126
156
194
235
307
355
367
372
377
403
448
500
492
432
418
384
374
339
312
284
224
191
153
141
134
98
56
4
-30
-44
-60
-103
-140
-184
-188
-185
-197
-207
-233
-271
-294
-291
-309
-351
-398
-426
-429
-443
-459
-489
-503
-510
-509
-520
-489
-475
-463
-467
-444
-389
-356
-319
-268
-227
-171
-109
-63
6
57
107
157
214
264
305
322
347
389
433
437
435
447
469
464
419
373
361
385
358
309
234
192
164
151
135
106
52
-25
-75
-89
-84
-90
-136
-186
-196
-221
-225
-211
-232
-216
-210
-201
-200
-185
-155
-138
-93
-65
-48
-26
15
71
140
166
191
190
224
262
295
322
347
349
349
338
350
380
385
354
303
295
286
290
256
229
185
139
85
54
41
28
-28
-78
-95
-110
-140
-187
-204
-224
-215
-227
-242
-259
-250
-251
-233
-220
-252
-279
-280
-261
-257
-242
-284
-335
-361
-362
-344
-340
-335
-346
-352
-366
-349
-302
-265
-238
-224
-196
-179
-144
-109
-54
4
50
84
112
124
184
230
258
275
263
254
244
284
307
294
257
223
219
217
223
207
167
112
88
82
72
46
14
-37
-69
-61
-66
-65
-83
-131
-135
-128
-121
-108
-124
-137
-112
-92
-86
-80
-73
-51
-27
6
25
33
54
85
137
164
189
198
187
227
259
300
332
314
305
316
334
356
366
336
290
260
261
273
255
195
154
121
90
58
31
-19
-53
-68
-97
-105
-128
-167
-208
-240
-235
-218
-223
-240
-249
-250
-237
-232
-236
-240
-229
-217
-186
-197
-223
-214
-221
-214
-205
-195
-201
-210
-204
-202
-207
-195
-177
-161
-126
-117
-113
-82
-66
-25
13
41
58
62
87
106
131
146
134
134
141
164
173
158
126
118
110
110
113
91
65
49
31
25
-5
-34
-32
-63
-60
-68
-97
-109
-128
-115
-119
-111
-111
-111
-107
-99
-93
-92
-71
-63
-31
3
13
27
36
38
72
87
95
125
159
184
173
189
216
243
268
263
263
266
259
270
285
288
287
251
233
213
211
190
160
134
90
85
53
7
-15
-39
-61
-74
-110
-136
-161
-172
-194
-200
-203
-213
-210
-220
-206
-183
-166
-168
-150
-138
-122
-124
-122
-113
-101
-84
-78
-75
-81
-69
-65
-48
-46
-45
-59
-54
-50
-36
-14
-21
4
16
33
60
64
64
71
97
103
107
89
75
78
73
76
68
67
39
8
-14
-16
-14
-32
-46
-56
-75
-96
-113
-125
-125
-123
-130
-136
-143
-146
-139
-137
-128
-115
-97
-104
-107
-88
-70
-42
-18
-20
-13
5
12
22
34
34
38
53
75
100
111
102
97
122
144
163
182
164
168
169
170
173
172
169
170
162
142
165
168
164
160
123
98
52
32
27
21
-5
-46
-63
-78
-84
-104
-117
-112
-119
-114
-129
-125
-114
-108
-86
-96
-76
-55
-57
-57
-57
-46
-10
-2
-16
-15
-19
-12
-21
-12
5
-2
-15
-39
-16
-2
3
18
26
54
69
82
83
81
106
114
126
120
103
101
111
110
90
73
57
36
22
17
-7
-32
-49
-65
-77
-85
-94
-107
-121
-110
-105
-110
-111
-103
-107
-99
-114
-119
-115
-107
-80
-85
-84
-89
-84
-69
-56
-39
-28
-30
-28
-20
-20
2
0
2
15
20
23
12
17
19
53
60
64
76
71
79
64
69
80
95
94
76
67
76
76
59
37
28
25
9
-12
-20
-28
-26
-42
-62
-48
-52
-63
-75
-83
-70
-59
-69
-63
-57
-51
-36
-26
-1
0
-1
6
11
35
50
56
53
37
28
25
33
30
31
27
3
14
20
29
38
23
29
24
20
38
43
63
69
71
78
75
77
73
74
69
55
52
50
37
28
18
14
-4
-12
-25
-35
-31
-31
-27
-36
-56
-63
-58
-52
-46
-44
-42
-45
-46
-32
-16
2
-1
-1
-10
-10
11
18
19
11
7
0
4
6
6
8
-3
-8
-9
5
7
4
-6
-18
-19
-11
-23
-17
-10
-22
-14
-5
7
8
16
9
6
10
7
-6
-20
-11
-7
-16
-10
-23
-21
-38
-49
-46
-48
-40
-55
-65
-60
-38
-29
-42
-40
-49
-43
-23
-22
-22
-28
-21
-15
-7
-5
8
7
2
10
0
-8
4
9
4
-16
-10
-15
-9
10
4
2
3
12
20
35
54
74
74
77
78
92
87
60
72
73
64
52
30
33
36
27
25
18
12
0
-2
7
7
5
-6
8
2
30
30
21
30
17
20
21
38
21
24
25
35
36
33
34
36
26
18
11
4
8
14
11
-10
-28
-32
-37
-32
-39
-46
-45
-58
-54
-51
-59
-65
-42
-41
-49
-51
-59
-56
-49
-42
-47
-38
-42
-47
-49
-40
-33
-43
-50
-46
-43
-47
-44
-52
-46
-53
-48
-48
-42
-44
-56
-45
-33
-17
-15
-7
8
18
19
20
35
51
45
45
43
48
59
63
58
64
55
53
49
53
50
52
48
31
36
37
49
61
63
60
42
33
30
43
39
26
6
0
-22
-34
-39
-51
-40
-40
-46
-57
-72
-69
-49
-46
-33
-42
-28
-37
-32
-13
-12
-3
10
6
7
29
30
48
47
53
48
60
57
60
74
64
64
59
51
41
48
33
30
17
19
14
-11
-1
-15
-16
-29
-33
-24
-5
0
-8
-21
-9
-10
-5
-8
-13
-7
-12
-4
-9
-1
-10
-17
-24
-26
-21
-29
-29
-50
-50
-44
-53
-49
-64
-59
-61
-69
-60
-51
-52
-64
-55
-46
-42
-33
-33
-22
-17
-4
2
-3
-4
4
9
17
25
19
26
35
36
35
40
42
47
49
45
46
42
47
44
43
27
16
24
35
24
28
15
21
21
12
18
14
24
16
19
13
18
19
25
16
9
1
5
10
8
14
12
11
10
7
12
21
33
32
31
33
31
34
38
42
33
33
28
4
5
10
-1
5
-10
-23
-30
-30
-23
-35
-36
-40
-57
-49
-36
-40
-36
-44
-36
-38
-50
-39
-38
-34
-41
-55
-59
-55
-57
-47
-49
-55
-53
-43
-37
-47
-51
-52
-52
-46
-52
-57
-53
-56
-53
-48
-44
-48
-35
-18
-7
3
5
21
24
34
37
55
46
57
65
65
80
73
71
68
61
51
66
65
72
73
54
44
43
58
56
63
56
50
47
45
41
36
36
21
21
25
6
-1
0
-8
-8
-20
-16
-15
-16
-7
0
-11
-17
-22
-34
-30
-34
-37
-19
-23
-17
-14
-14
-11
-6
7
9
19
23
21
27
24
18
15
6
-1
8
-2
-17
-16
-22
-23
-23
-24
-20
-12
-32
-31
-35
-20
-15
-12
-16
-22
-17
-9
-16
-12
-8
-16
-18
-27
-17
-16
-25
-39
-41
-42
-38
-35
-47
-39
-29
-33
-32
-30
-25
-18
-20
-16
-32
-34
-31
-20
-15
-11
-12
-19
-11
-13
0
5
10
14
12
18
22
34
29
29
28
25
26
28
18
32
38
25
19
23
36
51
36
26
32
32
25
20
38
34
35
28
21
23
25
34
42
48
43
35
27
34
43
43
33
18
23
16
14
18
18
18
17
13
18
23
22
27
26
36
28
27
28
26
20
16
12
1
10
-9
-7
-26
-41
-37
-38
-29
-29
-26
-27
-29
-37
-23
-26
-14
-15
-23
-29
-38
-39
-47
-36
-41
-43
-45
-51
-47
-38
-37
-47
-39
-57
-48
-45
-49
-47
-55
-54
-55
-48
-56
-58
-61
-54
-48
-40
-42
-35
-22
-12
-13
-14
10
20
25
22
23
20
14
18
22
24
39
37
26
28
18
19
20
19
18
20
21
28
30
31
32
22
12
18
18
25
23
23
29
17
22
16
17
18
26
28
24
25
19
23
28
32
15
14
21
34
41
38
43
37
23
19
32
28
34
38
39
31
27
28
29
21
23
21
22
17
22
19
17
15
4
-6
-17
-33
-19
-17
-27
-30
-36
-30
-26
-28
-14
-19
-19
-26
-35
-30
-35
-25
-34
-40
-42
-42
-23
-24
-27
-16
-30
-23
-32
-38
-32
-35
-21
-35
-33
-33
-44
-41
-42
-44
-43
-52
-49
-40
-39
-23
-25
-9
-13
0
18
18
22
15
12
18
26
26
20
6
-5
-7
0
9
1
7
9
-3
-1
4
16
17
6
11
10
10
8
10
14
18
3
4
8
7
9
16
22
11
9
0
8
21
12
12
5
4
9
16
11
10
10
7
3
10
14
14
24
16
21
28
35
33
31
35
37
21
17
25
20
21
5
18
13
19
13
3
5
16
13
16
24
20
38
34
23
29
33
33
40
30
24
8
10
9
24
21
-3
-4
-11
-14
-13
-19
-27
-35
-28
-28
-27
-31
-39
-38
-40
-32
-44
-37
-47
-44
-37
-42
-38
-31
-48
-43
-28
-40
-18
-17
-22
-14
-16
-11
-15
-19
-7
-7
-3
6
-1
2
-6
-6
-16
-25
-17
-10
-7
-10
-15
-15
-25
-25
-20
-10
-17
-22
-19
-22
-13
-15
-12
-5
-8
-6
4
1
9
-3
-6
-3
-12
4
4
5
4
-4
9
16
20
20
25
13
16
18
9
18
3
16
11
19
24
19
14
23
23
15
26
29
33
30
33
35
35
29
25
24
17
22
20
16
17
25
29
34
35
26
28
27
28
26
23
19
19
19
20
22
16
6
6
2
-3
-6
-5
-4
1
9
-1
-5
-6
-2
0
4
-4
2
0
-4
3
4
-1
-12
-3
-13
-9
-8
-11
-6
-6
-9
-13
-19
-27
-27
-31
-35
-47
-39
-44
-46
-51
-53
-57
-57
-51
-52
-63
-59
-58
-55
-45
-48
-47
-44
-44
-36
-29
-22
-24
-22
-14
-16
0
-8
-9
-14
-3
5
5
-1
-6
2
-6
13
16
22
25
28
35
34
34
39
26
24
26
24
32
35
39
39
28
30
29
35
40
38
43
45
44
30
38
36
44
48
57
55
43
44
27
33
29
24
28
17
15
18
10
12
11
5
2
3
-2
-2
-6
-4
-22
-19
-11
-24
-17
-23
-22
-17
-17
-23
-18
-22
-9
-18
-23
-16
-7
7
-9
-1
-5
-4
1
6
2
-10
-11
-14
-8
-9
-26
-32
-29
-33
-36
-33
-27
-35
-34
-33
-31
-23
-22
-27
-26
-26
-19
-12
-17
-18
-16
-16
-20
-9
-11
-12
-9
-2
3
2
-4
-10
-5
-4
3
6
-1
2
-2
-1
8
-2
-1
-6
-14
