SAMPLES:	8420
BITSPERSAMPLE:	16
CHANNELS:	1
SAMPLERATE:	16000
NORMALIZED:	FALSE
-8
-23
-17
-14
-14
-13
-17
-22
-23
-19
-15
2
0
10
17
8
19
5
-13
-5
-1
-1
6
8
4
11
18
14
-3
-18
-12
-10
-8
-12
-6
4
-8
-3
-6
4
3
2
16
7
7
3
6
6
2
-3
-5
1
7
8
26
16
15
16
-5
-5
0
2
5
4
7
6
9
6
3
7
17
17
3
1
12
13
8
3
-7
1
5
2
-20
-1
13
6
1
4
9
5
-11
-4
-6
-10
-1
-14
-2
-6
-2
0
-10
-4
4
1
6
13
10
5
4
-4
-15
-10
-13
-12
-13
-9
-4
-5
-1
7
3
1
-4
3
11
7
-1
-7
-7
-4
-6
-4
-17
-24
-6
-6
-14
-14
-13
-20
-15
-19
-12
-15
-13
0
-7
-11
-17
-15
-17
-21
-25
-34
-26
-17
-7
-17
-16
-18
-17
-18
-11
-16
-27
-19
-25
-15
-11
-4
1
1
-5
-9
2
-5
4
2
-1
6
6
8
5
7
17
19
20
19
26
38
40
45
58
69
69
69
72
75
72
86
97
104
93
97
96
76
62
33
30
12
1
-11
-27
-34
-54
-71
-88
-94
-103
-106
-103
-98
-84
-86
-84
-86
-87
-75
-69
-57
-48
-31
-30
-19
-9
3
13
13
20
32
39
56
58
59
70
69
88
95
80
59
36
18
-2
-31
-58
-72
-93
-117
-130
-144
-142
-151
-141
-127
-118
-99
-77
-51
-40
-16
-4
0
7
25
26
26
31
12
19
25
23
10
11
8
10
14
4
1
15
25
23
36
39
56
61
52
64
69
86
108
128
142
174
218
286
373
419
469
516
551
591
589
558
534
504
437
337
236
137
28
-98
-230
-347
-436
-510
-571
-625
-659
-661
-644
-617
-595
-569
-514
-467
-429
-395
-360
-321
-291
-257
-221
-157
-90
-20
47
117
198
261
323
338
349
353
336
304
257
205
126
31
-61
-135
-194
-249
-293
-312
-301
-278
-240
-194
-120
-39
24
96
159
212
251
298
330
355
359
354
334
303
278
235
175
118
40
-28
-105
-185
-264
-324
-384
-451
-484
-503
-492
-471
-447
-402
-343
-277
-209
-138
-53
4
80
139
205
262
297
341
356
387
398
406
407
389
378
366
339
318
281
257
214
164
145
133
138
134
149
202
306
458
599
710
795
903
1002
1049
1034
962
869
708
476
187
-112
-388
-667
-953
-1232
-1437
-1569
-1645
-1691
-1681
-1599
-1474
-1325
-1179
-1030
-862
-680
-519
-371
-229
-97
16
123
209
305
402
499
569
620
680
730
742
714
652
565
454
306
144
-21
-185
-349
-510
-639
-721
-774
-782
-744
-656
-559
-422
-260
-98
73
226
395
560
713
835
923
994
1013
1017
997
944
856
756
613
449
259
69
-120
-305
-469
-633
-768
-868
-922
-949
-922
-870
-779
-662
-524
-357
-187
-7
156
305
445
571
663
741
790
832
856
849
826
790
731
660
569
474
376
261
153
21
-102
-201
-277
-337
-362
-369
-310
-175
18
245
456
640
833
1019
1165
1213
1157
1077
931
697
370
2
-327
-646
-986
-1337
-1614
-1800
-1886
-1923
-1933
-1847
-1678
-1506
-1323
-1129
-901
-663
-449
-271
-124
23
170
307
409
512
637
764
847
901
952
996
1001
937
805
645
475
267
40
-199
-420
-644
-855
-1043
-1150
-1207
-1210
-1176
-1095
-969
-801
-580
-346
-97
135
363
573
775
954
1121
1253
1347
1379
1347
1271
1156
1022
826
598
348
94
-143
-388
-595
-781
-926
-1027
-1081
-1076
-1027
-891
-731
-558
-373
-187
14
202
387
525
649
732
785
829
854
869
857
831
774
717
637
558
456
348
218
68
-68
-206
-348
-470
-537
-577
-582
-560
-405
-171
126
393
616
870
1121
1350
1446
1420
1338
1224
1014
664
242
-131
-448
-808
-1211
-1552
-1763
-1865
-1925
-1946
-1883
-1734
-1558
-1386
-1209
-987
-730
-503
-323
-186
-41
125
267
389
493
628
762
860
932
987
1036
1042
972
842
668
458
240
-10
-253
-494
-733
-936
-1111
-1196
-1232
-1225
-1166
-1055
-905
-737
-539
-289
-20
217
417
621
850
1036
1170
1265
1345
1381
1361
1261
1110
955
755
508
220
-82
-337
-574
-815
-1019
-1184
-1268
-1298
-1286
-1187
-1024
-817
-567
-338
-98
152
366
557
714
844
944
997
1029
1037
1014
992
936
860
756
643
528
417
311
166
10
-140
-286
-421
-553
-630
-681
-690
-647
-538
-299
15
341
609
845
1089
1375
1555
1558
1474
1373
1199
898
470
14
-362
-691
-1078
-1479
-1765
-1921
-1977
-2003
-2004
-1884
-1680
-1457
-1254
-1051
-794
-509
-264
-95
79
254
464
650
789
900
1027
1134
1198
1229
1234
1203
1101
933
698
465
192
-75
-341
-611
-868
-1099
-1244
-1331
-1370
-1351
-1287
-1164
-996
-801
-592
-351
-59
178
384
570
768
960
1101
1189
1234
1258
1224
1143
1003
852
670
445
181
-131
-411
-634
-852
-1064
-1219
-1329
-1351
-1316
-1244
-1094
-878
-601
-340
-97
160
421
656
836
973
1077
1137
1142
1102
1031
938
820
696
556
437
331
203
90
-30
-138
-241
-343
-445
-543
-597
-603
-589
-548
-473
-276
11
347
645
873
1126
1401
1624
1691
1635
1545
1410
1160
740
278
-120
-494
-879
-1339
-1716
-1932
-2016
-2073
-2093
-2010
-1807
-1575
-1356
-1123
-856
-534
-233
0
180
366
571
765
905
1012
1125
1229
1258
1252
1222
1172
1084
888
633
360
89
-213
-516
-808
-1071
-1300
-1481
-1585
-1580
-1516
-1403
-1231
-1021
-772
-543
-276
41
330
555
720
881
1056
1210
1279
1268
1233
1217
1122
945
756
546
344
107
-190
-481
-712
-907
-1072
-1242
-1355
-1374
-1328
-1240
-1120
-919
-648
-352
-90
166
431
708
935
1079
1161
1214
1240
1207
1104
973
845
703
556
398
243
112
-4
-130
-246
-337
-393
-458
-532
-577
-571
-551
-500
-417
-245
40
366
651
862
1101
1352
1567
1673
1614
1509
1385
1154
760
278
-138
-472
-847
-1279
-1680
-1903
-1978
-2024
-2041
-1971
-1763
-1519
-1289
-1046
-786
-459
-143
107
280
468
699
886
1035
1124
1206
1294
1347
1322
1266
1186
1077
871
584
288
-37
-359
-690
-984
-1238
-1455
-1621
-1708
-1686
-1577
-1422
-1217
-973
-688
-388
-86
245
507
729
891
1001
1120
1208
1236
1216
1172
1097
982
809
635
446
252
14
-257
-526
-763
-976
-1157
-1313
-1426
-1458
-1423
-1310
-1143
-900
-604
-291
15
315
610
875
1110
1282
1366
1421
1396
1321
1208
1045
875
673
490
307
150
-6
-145
-270
-367
-443
-523
-582
-625
-631
-623
-585
-540
-457
-277
22
367
683
929
1184
1444
1680
1807
1769
1658
1509
1251
839
347
-127
-515
-939
-1403
-1826
-2098
-2222
-2265
-2270
-2187
-1979
-1711
-1409
-1129
-840
-509
-153
116
309
495
698
909
1087
1195
1274
1372
1452
1466
1449
1394
1294
1099
814
488
148
-207
-571
-935
-1264
-1538
-1753
-1893
-1924
-1823
-1676
-1450
-1162
-831
-462
-108
232
561
826
1023
1166
1291
1377
1421
1371
1259
1133
988
804
585
356
104
-147
-395
-681
-947
-1153
-1331
-1468
-1562
-1580
-1525
-1398
-1228
-984
-683
-360
-41
271
589
876
1138
1325
1428
1473
1464
1410
1327
1187
1005
807
647
471
270
106
-34
-163
-293
-423
-524
-571
-626
-684
-695
-678
-608
-494
-312
-27
344
710
983
1219
1488
1764
1932
1939
1803
1640
1400
1022
536
24
-426
-846
-1310
-1771
-2086
-2263
-2312
-2323
-2278
-2135
-1890
-1603
-1326
-1033
-719
-365
-77
137
331
546
779
972
1111
1245
1365
1461
1532
1539
1513
1428
1231
961
634
274
-94
-491
-890
-1235
-1547
-1805
-1960
-2014
-1946
-1799
-1587
-1300
-943
-563
-176
181
541
862
1076
1225
1323
1416
1465
1442
1358
1228
1068
902
716
494
270
27
-214
-491
-750
-977
-1174
-1354
-1489
-1559
-1562
-1487
-1352
-1139
-873
-567
-229
109
427
751
1045
1266
1417
1511
1539
1517
1439
1290
1088
876
682
478
302
119
-44
-153
-259
-368
-456
-500
-529
-554
-590
-578
-536
-466
-368
-209
84
423
775
1024
1241
1508
1774
1917
1869
1738
1558
1302
912
408
-119
-580
-1017
-1484
-1943
-2266
-2414
-2456
-2455
-2385
-2202
-1915
-1589
-1265
-935
-591
-231
59
284
494
689
927
1087
1214
1309
1395
1476
1499
1493
1424
1332
1134
861
540
207
-162
-537
-907
-1266
-1560
-1802
-1933
-1970
-1888
-1752
-1550
-1248
-890
-516
-156
219
581
874
1092
1236
1365
1460
1493
1445
1347
1241
1093
914
695
470
226
2
-246
-515
-759
-983
-1158
-1326
-1458
-1535
-1517
-1429
-1295
-1103
-847
-546
-213
117
453
750
1026
1254
1397
1482
1487
1441
1352
1191
998
775
561
345
123
-50
-222
-348
-452
-529
-574
-594
-603
-620
-608
-574
-496
-399
-286
-112
160
480
820
1071
1291
1531
1764
1927
1884
1739
1553
1332
973
463
-59
-501
-917
-1374
-1838
-2178
-2327
-2382
-2392
-2347
-2167
-1865
-1540
-1223
-916
-563
-189
114
344
534
743
958
1136
1239
1320
1411
1490
1515
1488
1412
1306
1131
873
565
218
-136
-515
-872
-1222
-1511
-1740
-1890
-1918
-1867
-1735
-1550
-1289
-943
-580
-235
108
452
752
974
1139
1286
1388
1427
1403
1341
1263
1124
924
714
533
323
47
-228
-512
-755
-990
-1222
-1423
-1563
-1632
-1654
-1603
-1461
-1240
-984
-685
-343
-12
361
684
954
1178
1337
1442
1455
1409
1286
1134
972
764
529
324
140
-19
-164
-299
-379
-433
-456
-488
-520
-529
-517
-479
-446
-389
-311
-197
-9
272
616
952
1247
1482
1747
1986
2152
2142
1989
1803
1531
1155
609
46
-450
-891
-1365
-1843
-2198
-2361
-2400
-2393
-2322
-2124
-1804
-1487
-1165
-863
-512
-158
121
357
557
758
954
1103
1210
1293
1371
1440
1452
1406
1303
1201
1018
745
415
74
-275
-617
-995
-1358
-1624
-1827
-1943
-1988
-1933
-1803
-1600
-1331
-1025
-677
-295
62
384
655
893
1113
1269
1386
1426
1420
1406
1357
1237
1065
883
696
459
148
-182
-475
-723
-1018
-1320
-1550
-1689
-1773
-1802
-1739
-1582
-1331
-1029
-706
-345
56
430
786
1060
1261
1415
1498
1508
1437
1304
1108
923
707
485
283
93
-58
-182
-305
-402
-463
-496
-506
-540
-569
-572
-567
-544
-499
-426
-298
-125
142
488
864
1237
1529
1789
2069
2300
2396
2291
2079
1824
1496
1025
413
-165
-665
-1171
-1671
-2131
-2411
-2508
-2540
-2487
-2369
-2107
-1760
-1423
-1088
-758
-407
-68
224
444
653
855
1050
1199
1299
1373
1441
1504
1465
1388
1267
1100
849
538
197
-144
-485
-865
-1203
-1498
-1721
-1902
-1998
-1979
-1904
-1741
-1541
-1258
-915
-570
-207
127
450
730
969
1169
1338
1463
1517
1526
1525
1516
1403
1216
993
783
516
174
-187
-544
-861
-1207
-1520
-1777
-1940
-1996
-1965
-1833
-1634
-1345
-978
-570
-133
272
647
982
1244
1428
1510
1532
1497
1383
1194
982
791
601
405
199
23
-91
-193
-301
-391
-436
-474
-517
-590
-642
-658
-670
-662
-634
-556
-415
-239
-38
293
687
1144
1559
1869
2140
2405
2610
2626
2453
2198
1884
1472
886
217
-386
-916
-1426
-1945
-2400
-2650
-2730
-2726
-2649
-2484
-2181
-1825
-1449
-1079
-703
-317
62
375
631
847
1065
1256
1370
1442
1461
1487
1467
1376
1225
1071
892
643
322
-14
-323
-607
-920
-1240
-1505
-1715
-1873
-1973
-1987
-1914
-1792
-1615
-1349
-1043
-711
-330
76
463
787
1049
1319
1588
1776
1871
1902
1902
1855
1705
1458
1177
891
536
131
-292
-714
-1074
-1386
-1676
-1905
-1996
-1983
-1883
-1690
-1444
-1103
-726
-323
61
409
738
1012
1219
1320
1350
1340
1284
1186
1045
861
674
503
322
140
-6
-129
-236
-323
-433
-523
-599
-677
-731
-764
-796
-802
-777
-719
-606
-466
-271
-40
239
621
1044
1494
1893
2178
2408
2614
2746
2701
2457
2130
1741
1275
680
7
-592
-1149
-1671
-2187
-2594
-2815
-2875
-2824
-2708
-2477
-2154
-1737
-1292
-863
-454
-59
336
658
873
1030
1189
1307
1352
1313
1242
1221
1178
1085
935
772
623
431
183
-99
-372
-650
-962
-1269
-1588
-1846
-2044
-2181
-2228
-2195
-2070
-1879
-1560
-1201
-784
-317
178
683
1113
1469
1785
2087
2293
2326
2243
2137
2004
1780
1431
1025
642
286
-129
-542
-917
-1211
-1429
-1610
-1747
-1824
-1778
-1659
-1461
-1267
-1044
-732
-400
-62
212
477
737
951
1104
1191
1252
1293
1293
1215
1087
947
831
668
478
286
88
-95
-282
-470
-640
-783
-897
-974
-1040
-1066
-1038
-941
-826
-690
-514
-275
0
303
652
1076
1544
1947
2223
2438
2662
2832
2855
2635
2310
1934
1490
925
195
-471
-1064
-1606
-2138
-2625
-2895
-2986
-2939
-2824
-2633
-2330
-1902
-1425
-996
-597
-220
172
490
711
855
993
1123
1196
1195
1180
1211
1205
1192
1135
1049
941
791
562
262
-62
-436
-836
-1246
-1646
-2009
-2341
-2531
-2622
-2625
-2512
-2286
-1892
-1428
-925
-413
151
710
1211
1625
1970
2250
2430
2483
2402
2277
2120
1912
1620
1280
928
572
224
-124
-464
-788
-1074
-1323
-1552
-1736
-1865
-1898
-1865
-1794
-1661
-1442
-1141
-790
-433
-73
308
676
999
1264
1490
1656
1730
1732
1656
1534
1371
1149
905
612
300
11
-270
-523
-766
-981
-1126
-1225
-1289
-1324
-1284
-1188
-1046
-891
-724
-480
-203
104
419
755
1137
1568
1995
2378
2647
2836
2979
3048
2969
2702
2293
1838
1324
710
3
-693
-1284
-1800
-2266
-2678
-2920
-2996
-2942
-2827
-2635
-2336
-1977
-1585
-1211
-848
-467
-104
205
470
717
933
1116
1286
1411
1484
1518
1521
1480
1376
1189
938
638
268
-154
-625
-1084
-1524
-1937
-2300
-2593
-2772
-2849
-2794
-2610
-2316
-1946
-1501
-982
-432
113
614
1095
1527
1859
2107
2248
2356
2394
2342
2230
2036
1842
1623
1375
1061
706
348
-20
-389
-780
-1162
-1512
-1781
-2019
-2205
-2302
-2280
-2104
-1864
-1573
-1209
-746
-246
250
720
1153
1542
1846
2038
2134
2151
2097
1933
1685
1379
1041
697
355
-9
-351
-677
-950
-1168
-1344
-1455
-1537
-1515
-1468
-1375
-1205
-1018
-780
-504
-212
101
437
783
1133
1476
1800
2155
2498
2773
2957
2986
2960
2912
2746
2429
1961
1439
909
343
-295
-958
-1539
-2036
-2481
-2882
-3168
-3274
-3235
-3113
-2934
-2664
-2292
-1829
-1337
-860
-375
79
517
906
1210
1447
1654
1776
1797
1710
1560
1381
1162
879
521
158
-233
-612
-990
-1365
-1689
-1981
-2213
-2377
-2472
-2498
-2434
-2270
-2018
-1718
-1366
-983
-538
-53
403
817
1197
1565
1875
2119
2268
2360
2395
2333
2190
2011
1789
1543
1258
898
541
186
-210
-601
-977
-1315
-1600
-1865
-2057
-2157
-2157
-2046
-1867
-1595
-1251
-823
-322
182
671
1112
1519
1848
2063
2165
2173
2088
1905
1623
1257
885
490
110
-248
-579
-847
-1080
-1241
-1332
-1367
-1350
-1271
-1158
-1011
-827
-642
-415
-153
89
284
499
748
1006
1225
1422
1625
1836
2039
2246
2429
2570
2608
2531
2417
2256
1975
1569
1051
527
-7
-570
-1170
-1743
-2222
-2586
-2865
-3073
-3121
-3022
-2789
-2481
-2123
-1728
-1274
-755
-271
137
470
792
1045
1200
1241
1209
1155
1028
850
609
371
173
-30
-249
-499
-718
-902
-1094
-1272
-1415
-1553
-1685
-1772
-1829
-1824
-1786
-1689
-1523
-1323
-1068
-773
-405
18
414
790
1141
1456
1749
1959
2060
2115
2105
2011
1839
1612
1363
1092
794
482
174
-111
-354
-561
-741
-912
-1053
-1133
-1167
-1184
-1144
-1052
-912
-753
-581
-350
-90
170
400
598
783
938
1047
1100
1098
1078
979
843
693
513
333
143
-37
-200
-358
-501
-608
-670
-688
-715
-718
-665
-566
-436
-310
-172
-4
204
421
595
757
926
1097
1238
1359
1466
1536
1600
1663
1737
1793
1818
1771
1649
1511
1366
1151
849
476
91
-293
-687
-1129
-1567
-1899
-2160
-2370
-2525
-2580
-2489
-2311
-2076
-1812
-1496
-1153
-790
-445
-152
118
313
441
498
507
479
401
294
187
71
-40
-150
-216
-261
-327
-393
-470
-539
-625
-737
-859
-976
-1081
-1176
-1266
-1319
-1306
-1240
-1094
-901
-650
-369
-24
340
692
1024
1315
1575
1762
1857
1882
1858
1782
1637
1440
1228
1031
830
626
430
276
145
40
-41
-161
-270
-382
-501
-611
-744
-881
-961
-983
-996
-996
-908
-749
-543
-326
-95
170
433
680
870
991
1075
1094
1061
952
771
555
337
128
-90
-266
-420
-537
-590
-619
-579
-518
-408
-284
-152
-3
111
267
398
482
571
629
691
772
835
922
1006
1084
1165
1254
1367
1496
1592
1614
1554
1466
1348
1169
891
517
120
-277
-668
-1081
-1496
-1817
-2048
-2242
-2370
-2444
-2367
-2202
-1983
-1752
-1538
-1252
-933
-640
-399
-211
-36
108
199
253
279
304
304
264
222
166
118
74
8
-82
-184
-279
-413
-537
-658
-797
-927
-1044
-1125
-1161
-1149
-1115
-1008
-857
-651
-421
-156
146
472
779
1044
1278
1472
1645
1711
1734
1738
1678
1571
1401
1220
1049
856
681
493
317
165
36
-91
-221
-333
-455
-560
-680
-767
-836
-890
-920
-924
-902
-824
-669
-518
-331
-146
81
335
523
707
855
972
1016
989
914
827
700
528
327
145
-11
-177
-308
-405
-439
-434
-431
-401
-333
-215
-97
1
103
204
300
375
451
488
544
587
627
695
729
773
810
872
935
1018
1092
1158
1175
1116
1061
974
852
630
329
26
-280
-590
-944
-1293
-1566
-1792
-1974
-2123
-2179
-2157
-2066
-1917
-1744
-1558
-1332
-1068
-827
-630
-460
-304
-159
-46
8
35
54
91
95
68
50
45
65
42
7
-37
-71
-115
-189
-268
-343
-427
-478
-517
-566
-566
-552
-470
-368
-242
-85
78
271
472
630
783
942
1075
1175
1222
1252
1280
1279
1237
1160
1073
995
890
781
659
531
419
296
183
55
-68
-213
-353
-481
-615
-711
-791
-831
-833
-814
-739
-623
-464
-282
-98
80
274
454
597
742
810
841
829
765
683
568
451
315
177
44
-72
-141
-191
-230
-277
-298
-291
-296
-284
-287
-282
-271
-263
-248
-222
-166
-88
-9
83
199
316
441
581
708
822
917
1009
1113
1208
1267
1268
1213
1119
1002
853
637
360
48
-283
-622
-967
-1321
-1618
-1859
-2056
-2207
-2299
-2302
-2226
-2073
-1891
-1674
-1433
-1155
-868
-610
-385
-213
-51
94
190
260
302
349
402
431
451
457
491
519
530
514
449
374
292
175
21
-144
-302
-459
-604
-715
-790
-804
-761
-655
-505
-305
-66
230
516
774
1021
1218
1395
1509
1546
1540
1497
1411
1279
1091
932
773
624
488
342
230
147
86
12
-80
-167
-225
-299
-380
-467
-546
-610
-640
-656
-657
-605
-521
-411
-289
-143
17
206
386
529
645
708
736
727
685
582
446
303
117
-48
-216
-385
-508
-623
-706
-742
-764
-745
-701
-639
-553
-460
-352
-231
-118
-2
126
240
361
444
517
589
633
672
717
746
753
717
669
640
633
642
617
553
467
356
275
180
22
-192
-413
-608
-807
-1030
-1247
-1413
-1533
-1629
-1699
-1714
-1621
-1464
-1285
-1077
-863
-614
-366
-137
37
166
258
307
331
318
265
199
140
94
44
2
-21
-1
36
67
102
116
131
137
125
91
35
-38
-78
-106
-134
-139
-107
-32
62
176
285
420
576
707
806
862
902
919
894
830
743
656
563
451
371
304
263
224
192
184
199
231
251
265
284
282
270
221
171
129
73
20
-46
-95
-138
-158
-165
-171
-183
-184
-195
-203
-226
-254
-301
-353
-393
-445
-498
-544
-577
-597
-579
-561
-532
-466
-357
-248
-141
-21
109
229
318
372
414
442
428
376
321
239
141
55
-46
-129
-211
-271
-322
-344
-340
-323
-278
-212
-162
-99
-36
56
191
358
485
583
677
783
876
947
946
889
816
709
598
402
183
-25
-231
-440
-683
-909
-1077
-1209
-1320
-1427
-1503
-1520
-1499
-1451
-1422
-1340
-1204
-1049
-866
-675
-454
-216
52
302
533
747
923
1097
1211
1283
1297
1257
1196
1072
908
713
492
261
46
-160
-343
-497
-616
-701
-764
-769
-756
-693
-599
-496
-364
-216
-31
144
329
510
669
843
1003
1140
1265
1357
1423
1461
1460
1419
1344
1228
1086
907
695
446
186
-51
-288
-534
-773
-969
-1120
-1249
-1334
-1376
-1369
-1313
-1220
-1105
-966
-781
-589
-402
-212
-25
148
288
411
518
625
673
687
668
612
530
397
260
96
-100
-311
-510
-696
-858
-1027
-1158
-1250
-1275
-1266
-1208
-1099
-950
-764
-553
-326
-92
146
372
566
756
922
1063
1185
1285
1355
1401
1441
1495
1552
1598
1611
1549
1475
1352
1213
994
708
393
40
-290
-648
-988
-1293
-1545
-1724
-1866
-1949
-1938
-1846
-1678
-1472
-1248
-1021
-770
-509
-274
-69
81
205
316
380
408
444
464
469
453
421
396
372
352
306
230
158
63
-40
-156
-271
-373
-471
-550
-596
-598
-578
-519
-407
-267
-99
83
240
415
580
706
787
820
835
823
777
731
675
612
558
507
468
462
468
463
459
435
400
356
291
203
83
-51
-178
-277
-367
-442
-498
-496
-476
-416
-352
-276
-189
-110
-65
-40
-52
-90
-139
-234
-339
-467
-570
-672
-746
-804
-822
-801
-751
-657
-566
-455
-342
-221
-130
-57
5
21
25
-1
-17
-34
-59
-76
-71
-48
1
52
130
227
326
431
501
576
654
726
767
768
749
720
701
684
680
669
690
770
889
989
1070
1134
1200
1247
1241
1165
992
792
569
282
-48
-418
-780
-1088
-1367
-1627
-1826
-1931
-1962
-1946
-1895
-1776
-1604
-1392
-1179
-974
-781
-580
-391
-221
-71
40
156
252
337
420
492
552
599
654
679
668
639
584
502
385
240
93
-71
-215
-354
-500
-605
-676
-695
-674
-620
-546
-419
-283
-123
36
209
408
569
728
841
961
1055
1103
1146
1151
1141
1103
1045
954
832
689
540
356
181
-14
-216
-399
-558
-701
-820
-907
-982
-997
-979
-939
-879
-793
-702
-617
-517
-423
-349
-268
-194
-130
-70
-21
42
99
122
159
179
174
180
156
125
63
-13
-89
-191
-273
-338
-400
-441
-460
-442
-387
-325
-228
-115
22
181
328
489
624
771
898
1005
1077
1097
1113
1092
1059
1009
937
863
790
712
654
593
538
493
478
487
517
518
471
433
396
347
254
108
-56
-221
-388
-574
-758
-932
-1087
-1216
-1334
-1432
-1493
-1524
-1509
-1484
-1470
-1435
-1367
-1261
-1172
-1083
-973
-848
-699
-555
-405
-258
-94
68
245
393
531
678
805
907
962
979
963
918
835
721
576
435
278
136
-6
-144
-244
-315
-367
-408
-427
-386
-339
-295
-225
-173
-92
-9
74
160
264
370
483
587
682
764
858
936
963
968
931
887
803
685
523
338
126
-88
-295
-493
-656
-800
-892
-967
-999
-990
-945
-880
-791
-690
-581
-456
-341
-228
-134
-44
44
138
218
289
352
388
444
472
487
500
487
471
431
364
284
201
122
39
-47
-120
-175
-222
-237
-248
-224
-163
-108
-50
49
157
265
381
477
572
627
685
720
737
736
717
696
649
595
522
447
364
291
215
171
145
124
95
46
5
-57
-115
-209
-328
-470
-612
-765
-923
-1070
-1205
-1297
-1373
-1425
-1438
-1409
-1342
-1230
-1102
-968
-816
-665
-513
-367
-229
-120
-33
46
103
150
199
263
325
380
427
479
529
571
617
630
625
600
554
492
400
296
187
77
-31
-123
-196
-245
-270
-274
-252
-224
-154
-72
10
96
170
261
348
418
493
557
597
631
645
650
628
614
611
563
500
419
342
256
169
80
-12
-103
-185
-257
-315
-348
-383
-416
-438
-446
-452
-421
-398
-351
-314
-277
-215
-153
-75
-19
48
132
221
303
378
440
484
491
471
428
360
289
188
57
-64
-213
-338
-452
-523
-573
-599
-594
-566
-505
-438
-355
-269
-183
-100
-26
56
132
192
252
303
348
376
401
432
455
464
473
479
473
446
418
377
324
262
189
100
23
-49
-120
-158
-202
-224
-245
-272
-271
-280
-290
-310
-362
-415
-465
-521
-595
-656
-719
-767
-788
-815
-826
-794
-742
-674
-590
-484
-364
-231
-110
1
97
201
281
362
408
454
498
512
535
531
517
500
470
440
397
351
305
243
182
128
78
27
-17
-64
-86
-106
-115
-109
-115
-80
-69
-51
-9
14
59
111
152
196
252
295
346
408
458
490
513
533
547
535
522
507
472
420
347
278
204
117
29
-66
-154
-217
-294
-363
-414
-482
-502
-527
-534
-515
-490
-441
-403
-353
-291
-238
-191
-137
-96
-43
-27
-24
-33
-58
-63
-85
-99
-101
-110
-107
-88
-73
-42
-23
8
37
48
40
28
18
-9
-40
-88
-137
-161
-171
-182
-169
-142
-97
-22
54
142
199
280
351
387
400
381
353
337
289
243
185
129
84
49
26
25
30
46
87
125
172
198
214
225
223
190
142
71
-14
-102
-193
-284
-360
-439
-485
-515
-512
-504
-487
-453
-401
-338
-275
-215
-147
-94
-37
6
41
71
91
116
115
140
123
145
162
167
157
163
167
197
215
210
215
210
221
201
195
182
158
128
80
32
-31
-78
-125
-169
-190
-202
-207
-220
-197
-158
-104
-63
-9
50
102
158
194
247
273
293
288
269
255
226
197
149
127
83
32
3
-36
-63
-90
-122
-153
-173
-182
-202
-232
-257
-292
-330
-371
-402
-418
-412
-398
-381
-350
-291
-221
-127
-42
39
115
181
234
264
282
272
237
202
160
102
49
20
-20
-47
-71
-97
-98
-115
-117
-133
-151
-166
-167
-151
-148
-147
-124
-99
-67
-29
27
111
188
275
341
406
475
529
577
584
571
547
525
470
404
345
274
206
149
117
101
118
144
165
183
189
183
177
147
95
31
-25
-88
-161
-230
-279
-315
-333
-342
-354
-348
-337
-319
-304
-283
-269
-270
-274
-284
-283
-284
-267
-234
-225
-223
-221
-228
-207
-181
-153
-148
-148
-141
-129
-112
-123
-127
-118
-120
-115
-124
-132
-146
-156
-171
-181
-195
-198
-195
-176
-142
-105
-58
4
69
134
193
241
290
317
331
337
323
310
289
262
248
237
220
214
214
213
223
216
222
218
211
188
136
92
45
-13
-67
-124
-181
-222
-251
-280
-296
-305
-291
-261
-227
-182
-132
-82
-26
26
69
107
155
181
194
197
188
177
160
153
132
122
126
132
140
130
100
86
60
38
3
-41
-65
-110
-128
-149
-156
-144
-107
-64
-25
35
87
156
211
271
329
362
386
409
424
430
433
429
429
403
396
380
355
337
304
282
231
220
188
155
152
130
95
44
-16
-83
-167
-264
-361
-444
-523
-599
-662
-705
-718
-711
-710
-700
-690
-667
-645
-633
-619
-610
-587
-560
-535
-497
-439
-366
-298
-211
-126
-53
13
67
110
135
133
128
102
74
43
31
14
9
4
-4
9
4
19
26
51
68
74
84
93
110
114
135
161
188
217
224
260
291
317
345
356
381
394
407
406
401
417
392
386
359
344
314
266
219
166
108
40
-21
-81
-136
-177
-216
-255
-282
-286
-284
-278
-268
-241
-214
-187
-150
-119
-57
6
58
120
174
218
261
280
302
318
324
317
283
247
210
176
134
96
62
21
-22
-53
-103
-128
-147
-172
-174
-186
-178
-165
-130
-78
-31
18
73
122
169
210
233
265
279
274
263
248
233
202
162
121
70
6
-48
-110
-161
-216
-266
-319
-352
-374
-391
-389
-377
-341
-306
-236
-169
-115
-67
-41
-26
-27
-24
-28
-46
-83
-124
-157
-202
-227
-258
-292
-319
-344
-369
-394
-419
-449
-460
-461
-440
-429
-401
-349
-294
-247
-195
-139
-93
-38
7
43
86
124
181
229
279
337
378
423
451
478
489
481
450
416
358
305
248
201
139
86
36
-16
-36
-61
-60
-39
-22
-1
20
67
112
150
210
267
333
371
410
439
461
465
458
431
400
359
304
244
191
139
79
17
-31
-67
-98
-148
-183
-223
-264
-306
-341
-370
-390
-394
-389
-370
-321
-276
-219
-140
-61
25
90
155
210
264
290
312
322
323
301
273
218
168
111
22
-46
-130
-197
-255
-317
-355
-394
-413
-407
-394
-380
-356
-322
-291
-266
-236
-190
-157
-120
-75
-34
1
57
90
129
166
190
219
217
220
212
199
185
145
116
70
51
35
27
33
27
51
63
94
130
155
181
169
149
121
93
76
47
18
-2
-33
-56
-83
-125
-146
-164
-208
-245
-284
-322
-355
-373
-395
-407
-403
-389
-370
-357
-328
-300
-245
-193
-142
-105
-55
-6
47
101
168
221
279
322
354
384
366
354
324
299
263
214
180
129
95
50
19
-1
-35
-44
-57
-50
-39
-25
-3
24
61
108
153
186
209
227
242
266
266
260
253
241
233
204
182
159
141
109
64
19
-29
-72
-114
-164
-208
-258
-287
-323
-327
-320
-293
-244
-196
-137
-87
-32
12
44
76
90
103
104
98
96
76
69
60
45
24
-4
-29
-53
-83
-123
-171
-216
-256
-295
-330
-350
-353
-351
-338
-312
-281
-231
-179
-126
-69
-7
55
125
188
257
306
342
379
394
419
420
402
398
352
310
275
229
191
158
133
127
109
74
57
46
62
75
82
99
96
95
102
115
120
114
120
98
70
32
-10
-50
-96
-143
-195
-251
-289
-336
-393
-441
-490
-528
-562
-573
-582
-581
-577
-561
-529
-484
-401
-334
-263
-196
-121
-53
17
69
117
162
207
241
268
288
288
298
281
272
250
223
197
159
117
74
52
34
10
4
8
9
11
18
33
43
82
114
144
183
209
250
290
318
338
360
359
363
345
309
265
217
161
107
47
-5
-66
-109
-152
-187
-215
-254
-298
-319
-336
-349
-361
-365
-352
-341
-313
-288
-239
-188
-128
-73
-19
43
105
155
195
230
258
268
285
295
284
262
239
206
171
122
77
47
-1
-33
-55
-72
-82
-82
-72
-61
-52
-37
-1
15
47
72
109
132
158
191
216
255
269
288
283
279
273
245
221
199
171
139
111
69
12
-43
-93
-155
-202
-233
-258
-263
-251
-244
-231
-203
-182
-157
-125
-110
-89
-81
-80
-96
-123
-155
-190
-225
-269
-297
-326
-342
-363
-370
-377
-397
-407
-428
-431
-421
-412
-389
-362
-326
-280
-240
-195
-137
-77
-14
44
108
163
215
275
319
360
389
404
435
434
425
402
360
323
264
224
167
123
76
47
33
25
29
33
32
25
29
28
39
40
39
46
53
55
62
59
60
77
89
102
100
111
115
102
99
95
89
68
48
21
9
-9
-32
-37
-54
-73
-76
-68
-57
-35
-6
28
64
81
94
115
125
141
137
127
117
100
99
98
89
80
86
92
93
86
73
62
43
32
11
-13
-23
-35
-45
-65
-79
-82
-95
-99
-92
-97
-94
-90
-82
-76
-72
-72
-71
-84
-103
-133
-151
-170
-197
-224
-245
-250
-265
-268
-276
-258
-248
-227
-206
-170
-133
-92
-52
-16
24
55
67
78
86
104
116
130
148
162
178
170
173
158
150
126
107
95
71
49
27
6
-26
-56
-86
-104
-129
-140
-141
-134
-104
-89
-67
-40
-24
-14
-15
-21
-26
-33
-44
-69
-79
-99
-95
-100
-81
-75
-64
-55
-38
-22
-7
9
8
24
23
36
42
53
48
37
45
53
58
51
67
84
103
138
160
193
217
238
241
238
235
218
197
164
133
90
69
45
24
4
0
-8
0
11
12
32
45
43
62
68
68
79
72
86
83
71
67
35
25
2
-18
-30
-38
-33
-41
-41
-35
-40
-41
-47
-57
-77
-83
-82
-83
-85
-102
-102
-100
-105
-109
-98
-86
-59
-43
-32
-16
-11
-12
-13
-13
-17
-28
-44
-51
-63
-74
-82
-96
-111
-113
-107
-93
-92
-92
-80
-67
-49
-34
-29
-18
-3
1
13
20
35
50
54
61
69
70
74
76
70
73
71
77
66
61
58
55
57
42
40
23
5
-6
-27
-28
-31
-13
-13
1
14
19
25
37
42
38
37
30
31
15
12
-3
-11
-21
-27
-34
-42
-57
-72
-87
-110
-120
-129
-131
-123
-125
-127
-130
-126
-121
-117
-108
-89
-74
-75
-49
-34
-17
-1
22
43
56
70
81
97
109
124
134
135
135
138
123
116
102
90
67
39
17
-10
-40
-67
-90
-105
-119
-116
-120
-113
-113
-103
-92
-80
-50
-29
4
18
34
67
70
80
94
101
118
134
152
155
163
170
172
175
173
176
164
159
150
118
107
72
50
20
-7
-28
-59
-67
-87
-86
-86
-91
-86
-68
-58
-43
-30
-15
1
8
25
47
58
76
83
85
83
66
55
34
19
0
-20
-40
-57
-59
-73
-87
-98
-112
-120
-139
-142
-154
-158
-173
-158
-146
-132
-114
-110
-98
-92
-67
-52
-27
6
26
49
84
113
128
134
146
160
157
152
144
116
98
74
50
34
17
8
-12
-29
-43
-46
-64
-59
-73
-72
-80
-80
-74
-83
-73
-79
-70
-71
-64
-55
-54
-36
-32
-24
-14
-18
-15
-21
-30
-36
-68
-84
-103
-128
-146
-167
-175
-175
-178
-181
-174
-164
-149
-133
-119
-96
-72
-47
-18
10
45
66
96
140
163
175
196
195
211
220
231
234
235
245
240
245
227
214
188
155
139
125
108
74
58
62
51
58
64
72
77
79
99
110
119
128
130
137
126
124
113
83
74
29
15
-8
-32
-45
-86
-106
-132
-151
-151
-164
-159
-166
-177
-165
-169
-161
-152
-141
-134
-132
-116
-98
-78
-70
-66
-56
-41
-25
-15
2
10
12
23
17
13
6
-6
-8
-25
-37
-49
-61
-78
-95
-114
-110
-116
-116
-105
-99
-84
-79
-64
-45
-30
-14
0
15
25
35
46
45
50
56
73
79
78
88
90
101
100
88
79
47
31
9
10
4
-8
-10
-6
3
8
13
30
38
48
38
32
16
16
20
5
-3
-19
-22
-37
-49
-53
-62
-70
-77
-73
-86
-90
-91
-92
-97
-93
-83
-74
-66
-69
-57
-42
-25
-9
17
40
61
85
98
111
134
137
135
127
134
120
112
116
102
94
79
74
70
56
51
54
44
41
32
41
49
42
56
51
48
51
43
39
40
40
36
26
22
34
24
21
10
-3
-10
-23
-42
-53
-68
-102
-120
-139
-149
-167
-185
-184
-182
-173
-170
-152
-128
-117
-102
-92
-71
-47
-37
-29
-17
-8
-5
1
2
0
16
14
18
16
29
27
25
39
37
47
41
36
35
24
2
-3
-18
-22
-26
-33
-15
-9
13
26
49
73
84
98
116
128
130
136
127
128
114
106
98
88
85
65
57
36
28
19
6
11
-6
-10
-20
-32
-35
-42
-52
-59
-63
-61
-50
-37
-19
-4
12
37
62
72
87
94
93
104
102
108
89
75
62
37
19
-1
-18
-36
-53
-64
-79
-93
-100
-111
-115
-124
-117
-117
-112
-106
-112
-95
-96
-87
-76
-63
-51
-35
-20
-7
2
10
28
22
32
22
-1
-5
-28
-42
-55
-71
-87
-93
-107
-114
-111
-111
-109
-105
-103
-88
-78
-61
-46
-30
-6
10
28
50
57
65
65
69
74
75
78
68
55
45
37
24
7
4
-16
-30
-31
-47
-55
-70
-70
-58
-51
-47
-27
-21
4
27
61
84
93
111
131
156
175
188
195
200
196
196
186
165
150
124
108
80
52
28
-1
-11
-36
-46
-60
-65
-65
-58
-55
-36
-15
2
21
51
68
90
106
122
135
142
133
121
116
93
77
51
41
16
-14
-40
-67
-83
-103
-111
-124
-131
-137
-145
-145
-145
-139
-121
-103
-88
-65
-45
-27
6
24
38
53
66
85
84
91
82
72
56
44
15
-14
-37
-77
-105
-143
-171
-189
-215
-230
-231
-235
-221
-212
-198
-176
-160
-144
-130
-111
-102
-72
-62
-44
-19
-9
-1
8
16
16
25
25
24
14
3
1
-6
-3
-2
-6
-8
0
0
3
-4
-2
-5
3
11
14
36
54
69
86
100
110
119
123
125
136
140
136
130
127
128
118
111
97
79
65
58
39
36
32
36
33
31
43
47
61
74
80
88
90
97
109
122
123
121
118
113
100
83
75
69
56
44
29
12
3
-14
-25
-37
-56
-70
-82
-84
-96
-100
-104
-103
-87
-85
-72
-60
-47
-41
-31
-25
-12
-1
6
16
28
40
52
39
36
36
17
4
-9
-21
-35
-42
-64
-80
-81
-90
-100
-117
-127
-123
-121
-112
-94
-91
-75
-57
-40
-13
-7
4
9
4
5
-3
-8
-11
-15
-15
-27
-22
-28
-38
-50
-49
-57
-53
-62
-62
-58
-59
-54
-53
-42
-50
-43
-33
-24
-14
-11
-9
8
7
19
38
44
55
61
52
49
40
38
36
24
34
34
31
29
25
27
26
30
26
20
28
33
34
29
32
29
32
43
49
50
55
62
73
78
74
67
62
52
39
19
6
-4
-9
-7
-14
-19
-18
-7
1
11
30
37
50
46
46
47
48
48
37
31
29
33
31
28
30
24
32
30
17
14
5
-7
-12
-22
-33
-49
-63
-78
-94
-101
-111
-117
-111
-97
-91
-74
-65
-40
-23
-18
3
11
22
34
42
51
57
52
49
36
31
29
12
10
1
-9
-16
-31
-35
-48
-66
-65
-75
-76
-79
-82
-85
-82
-72
-60
-47
-35
-23
-7
10
31
63
67
84
89
85
88
83
81
77
75
73
67
51
40
19
9
-6
-27
-36
-37
-39
-44
-45
-51
-51
-53
-47
-37
-26
-24
-3
4
22
29
40
46
46
54
57
61
51
43
36
42
45
36
32
24
27
25
21
17
16
13
6
-5
-11
-12
-14
-25
-45
-55
-60
-70
-72
-68
-68
-64
-70
-66
-55
-59
-54
-52
-57
-57
-67
-62
-63
-72
-66
-73
-73
-71
-76
-74
-80
-80
-75
-64
-50
-28
-18
7
29
37
48
63
59
63
67
64
62
52
56
57
51
52
51
46
46
43
44
38
36
43
38
37
37
46
48
43
50
49
49
55
64
72
76
91
92
102
109
105
105
87
74
61
44
33
24
10
5
3
-8
-10
-14
-25
-18
-23
-18
-14
-22
-16
-15
-10
-1
1
1
1
18
21
20
26
26
30
23
26
30
38
37
33
27
14
3
-12
-28
-40
-45
-51
-55
-60
-59
-67
-65
-72
-72
-73
-78
-73
-73
-69
-65
-58
-56
-44
-46
-52
-45
-43
-46
-53
-42
-47
-44
-43
-30
-34
-32
-33
-42
-40
-56
-59
-58
-61
-69
-69
-72
-66
-75
-75
-59
-62
-52
-64
-51
-53
-49
-42
-48
-41
-43
-36
-31
-25
-25
-21
-19
-16
-12
1
2
11
28
32
42
46
46
55
60
65
69
77
80
69
77
77
75
70
74
78
80
83
83
89
87
89
81
83
74
76
73
74
79
71
79
71
78
73
72
74
69
79
76
86
84
82
74
74
74
66
66
57
46
38
38
36
27
21
21
16
13
12
10
5
-4
-5
-8
-20
-16
-23
-24
-33
-34
-34
-42
-38
-49
-48
-48
-49
-47
-47
-53
-54
-56
-53
-56
-66
-67
-70
-76
-87
-91
-100
-106
-110
-112
-110
-104
-94
-93
-92
-87
-82
-75
-79
-71
-69
-69
-61
-57
-66
-63
-62
-67
-67
-73
-69
-64
-63
-64
-59
-61
-53
-51
-47
-46
-46
-41
-38
-38
-33
-34
-23
-27
-33
-22
-13
-3
2
14
18
29
35
41
38
42
47
52
65
75
77
73
81
82
93
104
103
98
108
103
106
99
102
110
99
104
103
105
103
106
114
115
113
107
97
99
91
92
88
89
81
88
91
87
80
71
62
58
63
60
54
48
44
40
41
37
31
32
25
19
19
14
12
-6
-7
-14
-20
-21
-29
-31
-38
-45
-44
-52
-61
-62
-75
-67
-82
-86
-85
-92
-98
-105
-103
-110
-113
-124
-126
-128
-119
-123
-121
-116
-109
-117
-111
-109
-103
-95
-102
-86
-84
-77
-66
-67
-58
-54
-52
-44
-44
-41
-40
-33
-22
-21
-15
-15
-12
-9
-9
-2
-2
-8
-17
-17
-20
-19
-17
-13
-14
-17
-7
-1
2
6
9
10
11
18
18
19
32
31
37
42
53
58
72
81
79
93
94
97
93
97
101
100
100
97
95
97
87
81
79
79
64
57
44
43
49
44
53
47
50
52
49
59
59
58
57
66
64
67
71
62
61
56
57
57
44
44
41
30
24
11
8
-8
-9
-11
-25
-38
-44
-59
-65
-69
-75
-84
-93
-84
-87
-85
-89
-85
-85
-79
-75
-72
-67
-61
-56
-61
-59
-60
-62
-64
-64
-61
-55
-57
-52
-52
-50
-47
-48
-46
-49
-49
-53
-55
-55
-56
-58
-56
-48
-42
-36
-33
-37
-27
-24
-18
-17
-10
1
11
20
15
19
25
33
45
39
41
49
54
49
50
47
50
53
54
43
32
27
23
22
13
11
16
16
13
11
10
18
21
25
19
27
29
25
31
21
33
33
34
31
28
18
18
12
10
15
15
27
22
30
34
35
40
48
50
53
58
53
49
46
51
45
42
35
34
31
25
19
5
13
15
-1
-3
-5
-5
-11
-20
-19
-26
-25
-29
-38
-40
-39
-34
-34
-26
-22
-14
-12
-13
-10
-13
-7
-1
-8
-12
-13
-14
-22
-28
-34
-37
-40
-42
-45
-58
-53
-56
-53
-54
-52
-56
-57
-47
-53
-51
-53
-47
-37
-30
-20
-22
-13
5
9
11
14
22
27
24
26
29
22
24
17
12
6
9
-1
-11
-12
-15
-16
-19
-20
-15
-12
-11
-11
-9
4
7
8
6
13
14
15
23
17
18
21
21
20
27
29
32
31
27
32
33
29
28
38
32
37
31
24
28
16
12
16
16
17
19
23
30
38
36
37
49
39
40
37
27
28
26
26
16
5
-1
-10
-19
-25
-31
-33
-42
-43
-47
-43
-38
-33
-32
-36
-26
-30
-25
-26
-21
-21
-19
-14
-10
-6
-13
-18
-18
-10
-16
-18
-19
-25
-21
-25
-27
-23
-27
-20
-22
-24
-23
-24
-16
-17
-16
-9
-11
-15
-10
-11
-1
4
14
18
18
20
20
19
22
29
26
19
15
4
1
5
-5
-8
-13
-18
-21
-26
-20
-20
-21
-22
-21
-16
-12
-6
-3
9
17
27
28
21
28
26
29
31
28
31
27
26
25
25
14
6
7
-7
-13
-23
-30
-23
-28
-17
-21
-16
-12
-17
-8
0
2
5
12
21
24
25
38
50
61
59
67
71
72
76
72
69
58
53
38
32
21
7
5
0
-6
-18
-26
-24
-25
-28
-20
-27
-29
-19
-19
-16
-19
-14
-17
-15
-11
-14
-7
-5
0
-4
3
-5
-11
-7
-17
-13
-15
-21
-33
-37
-41
-41
-52
-53
-50
-54
-50
-58
-55
-55
-52
-43
-39
-31
-28
-20
-10
-4
-1
17
13
22
27
25
28
20
28
29
23
18
17
8
10
15
12
8
3
2
-1
1
-4
-4
0
0
-6
4
2
9
20
22
33
37
40
44
42
44
38
41
42
33
37
29
25
13
8
2
-7
-13
-18
-22
-21
-24
-26
-19
-28
-24
-20
-15
-10
-8
-4
-4
0
5
7
4
6
16
26
24
26
24
25
23
19
18
13
11
6
3
2
-7
-13
-14
-15
-15
-14
-15
-20
-16
-22
-15
-8
-10
-8
-2
-3
-8
-2
-5
-3
-4
-12
-15
-17
-22
-26
-31
-32
-34
-36
-44
-55
-51
-55
-53
-56
-53
-51
-44
-41
-34
-32
-30
-13
-12
1
6
2
10
11
17
28
28
32
30
23
25
31
36
32
26
29
26
19
31
31
35
35
31
26
27
34
32
32
40
38
39
35
33
36
32
34
28
31
30
23
17
13
3
1
-7
-16
-16
-15
-27
-31
-33
-29
-27
-29
-23
-18
-14
-8
-7
5
10
2
7
12
18
18
27
22
22
17
21
22
21
18
17
6
0
4
-4
-9
-15
-14
-19
-27
-28
-40
-37
-30
-30
-27
-26
-21
-20
-21
-15
-7
-1
1
3
10
10
13
15
12
8
3
0
-7
-7
-11
-13
-20
-31
-35
-47
-45
-60
-55
-52
-51
-49
-48
-33
-39
-31
-24
-16
-6
-4
-2
8
12
21
20
19
21
16
17
19
16
18
21
24
22
20
16
11
13
8
2
2
4
-1
0
-4
2
2
6
12
9
15
24
27
31
38
35
36
39
46
44
49
47
48
47
40
36
40
44
40
35
32
29
26
26
16
20
11
10
6
0
-2
0
6
-2
-1
0
4
3
-5
-5
-6
-9
-3
-6
-12
-10
-19
-20
-23
-27
-31
-33
-29
-32
-27
-25
-18
-25
-21
-25
-22
-18
-15
-16
-21
-17
-21
-20
-32
-34
-32
-31
-30
-28
-19
-15
-22
-27
-23
-20
-26
-30
-31
-31
-34
-40
-34
-31
-25
-30
-18
-18
-22
-13
-12
-1
1
2
3
8
7
5
14
5
5
6
0
0
-3
-6
4
-3
2
3
-2
4
-1
1
0
11
9
15
27
25
33
26
33
42
43
50
56
57
60
59
63
54
45
48
40
38
31
30
26
24
15
6
6
0
-7
-7
-8
-8
-10
-12
-11
-13
-8
-6
-3
0
3
10
10
15
16
14
7
3
3
5
4
1
1
1
2
-6
-10
-17
-23
-24
-32
-33
-32
-34
-36
-44
-42
-43
-45
-39
-35
-37
-29
-27
-23
-22
-19
-16
-13
-11
-5
-3
-4
6
6
8
6
1
-9
-4
-9
-15
-12
-13
-9
-13
-17
-18
-12
-16
-18
-14
-19
-19
-12
-10
-8
-8
-7
-6
-9
-8
-11
-5
-6
-1
3
4
10
4
9
12
9
15
17
14
12
13
7
12
9
14
24
18
22
26
26
40
38
46
41
39
34
36
29
23
24
22
22
19
23
24
28
20
16
19
19
21
25
21
22
14
10
12
5
3
11
6
16
13
8
15
14
20
17
21
19
14
13
3
-3
-2
-4
-7
-8
-11
-12
-9
-6
-8
-9
-4
-11
-13
-11
-15
-13
-15
-14
-18
-14
-12
-16
-17
-18
-13
-13
-15
-16
-17
-15
-18
-17
-23
-22
-23
-22
-23
-24
-23
-22
-26
-31
-29
-28
-24
-26
-24
-21
-17
-15
-14
-14
-24
-12
-8
0
-5
-5
1
-12
0
-3
-7
-6
-7
-3
-10
-16
-10
-13
-13
-14
-14
-14
-7
-7
-8
-5
-6
-2
-6
-5
