SAMPLES:	8402
BITSPERSAMPLE:	16
CHANNELS:	1
SAMPLERATE:	16000
NORMALIZED:	FALSE
3
0
3
8
8
3
-1
1
5
0
1
7
7
6
5
5
1
-1
3
0
5
4
3
-2
-4
0
8
5
-2
1
0
2
2
-6
-3
1
-3
-3
-7
-3
-2
-6
-5
-4
-6
-5
-4
-2
1
-7
-3
-5
-3
-3
-7
-7
-7
-6
-9
-4
-2
0
-6
-1
1
0
-1
3
3
7
3
3
2
2
3
-1
-5
-3
2
-1
-4
-2
1
2
5
4
4
2
4
5
0
-1
0
-1
3
3
-5
-4
-2
4
4
1
1
1
0
3
-1
-6
-3
-8
-6
-2
0
9
9
3
8
14
14
28
54
66
22
-31
-37
-18
9
11
-18
-64
-89
-92
-73
-52
-28
-24
-51
-55
-34
-11
2
25
53
58
49
45
53
55
54
55
44
39
39
25
0
-21
-31
-26
-25
-29
-23
-35
-51
-47
-35
-19
-16
-10
-3
1
2
3
2
21
31
30
28
22
19
14
13
15
10
5
-1
-12
-14
-19
-15
-7
-5
6
10
10
20
49
76
68
55
50
68
90
111
121
108
82
69
85
99
86
54
27
6
-13
-42
-57
-70
-96
-122
-153
-154
-148
-146
-145
-142
-130
-124
-99
-64
-47
-40
-33
-14
19
45
62
81
78
65
69
60
52
32
16
0
-35
-55
-81
-95
-108
-126
-139
-138
-140
-133
-114
-96
-75
-60
-27
2
30
53
73
95
116
131
138
145
141
134
122
112
98
72
51
34
19
-1
-21
-33
-51
-52
-62
-48
-42
-40
-34
-17
-2
19
51
78
96
98
111
118
135
148
186
272
311
247
163
98
75
82
83
44
-55
-186
-295
-348
-318
-260
-259
-308
-335
-321
-287
-214
-118
-38
-2
33
74
110
142
178
206
226
236
225
199
139
86
30
-32
-62
-87
-122
-185
-242
-276
-289
-280
-277
-258
-240
-213
-174
-134
-79
-27
29
104
181
242
285
323
361
410
444
465
454
434
405
369
339
321
287
247
180
123
89
41
-14
-93
-162
-207
-244
-291
-321
-350
-373
-418
-434
-402
-371
-331
-319
-281
-256
-213
-172
-105
-52
-21
-2
27
61
74
81
67
74
59
22
-18
-45
-82
-116
-149
-169
-187
-196
-198
-198
-193
-193
-164
-135
-84
-49
-8
42
88
142
188
232
259
284
305
309
311
299
296
283
259
219
178
142
98
57
22
-4
-32
-68
-82
-87
-91
-67
-4
84
128
133
125
140
242
359
408
384
292
206
156
159
164
107
-16
-164
-286
-365
-383
-391
-402
-457
-499
-517
-501
-455
-407
-351
-313
-274
-219
-159
-100
-59
-21
28
98
167
213
236
226
217
242
273
291
270
203
139
116
115
121
133
117
92
80
100
163
249
294
309
324
402
510
605
661
705
736
692
610
563
560
503
349
133
-38
-189
-376
-558
-689
-793
-935
-1077
-1151
-1152
-1151
-1166
-1110
-984
-848
-744
-617
-451
-293
-147
8
201
354
424
457
493
531
535
498
451
375
244
96
-33
-145
-256
-374
-463
-553
-617
-664
-680
-660
-618
-547
-458
-347
-231
-109
38
203
346
493
633
754
829
886
939
967
964
921
864
772
664
529
404
271
133
18
-16
-7
-112
-293
-387
-318
-193
-134
-129
-166
-199
-158
-81
55
173
185
93
22
45
96
109
94
53
-46
-157
-227
-267
-304
-353
-430
-494
-537
-564
-585
-594
-585
-532
-481
-427
-346
-271
-196
-114
20
187
307
373
416
468
544
614
659
644
597
593
596
601
599
572
552
513
475
439
485
644
811
849
644
408
381
535
635
517
257
-5
-246
-466
-586
-594
-643
-870
-1187
-1334
-1316
-1294
-1332
-1293
-1141
-1049
-1013
-917
-705
-513
-412
-291
-48
184
284
280
303
378
398
426
452
447
306
91
-32
-72
-113
-225
-331
-411
-505
-618
-645
-601
-547
-526
-474
-375
-273
-191
-84
79
243
403
547
676
767
828
892
977
1037
1042
1025
945
842
702
620
569
463
317
226
275
235
-2
-209
-191
-36
6
-112
-244
-322
-328
-295
-225
-111
-89
-210
-346
-301
-182
-108
-86
-89
-99
-214
-295
-288
-243
-215
-271
-336
-381
-430
-459
-481
-445
-373
-333
-314
-291
-257
-233
-152
8
229
371
369
324
329
489
662
747
708
626
587
605
698
778
783
694
594
594
667
809
1059
1239
1063
596
341
546
899
850
394
-61
-299
-516
-746
-784
-695
-877
-1377
-1775
-1739
-1523
-1534
-1627
-1530
-1302
-1163
-1049
-899
-838
-807
-533
-9
384
342
89
76
297
433
504
658
696
376
-77
-177
43
133
-84
-323
-412
-526
-725
-779
-623
-532
-610
-666
-517
-353
-301
-251
-85
183
410
578
718
838
886
949
1122
1322
1410
1354
1241
1117
1003
926
883
842
727
604
532
320
74
-55
-70
-44
-80
-266
-514
-683
-739
-690
-571
-416
-452
-597
-695
-627
-457
-299
-148
-92
-126
-241
-315
-271
-172
-62
-84
-166
-268
-391
-432
-404
-288
-204
-218
-279
-326
-312
-219
-61
174
317
293
240
223
329
539
717
729
631
582
667
838
1015
1047
953
885
1005
1483
2006
1892
1154
632
847
1403
1500
953
292
-130
-534
-860
-838
-645
-905
-1661
-2292
-2268
-1933
-1858
-1954
-1909
-1782
-1785
-1721
-1376
-927
-694
-655
-400
20
314
370
432
606
709
748
790
857
737
404
100
81
153
-11
-343
-661
-874
-989
-1059
-1031
-1001
-1042
-1155
-1143
-993
-774
-567
-395
-183
54
283
477
705
944
1162
1342
1487
1609
1709
1729
1686
1600
1534
1493
1401
1215
981
789
827
863
541
110
-162
-184
-118
-156
-421
-748
-957
-1033
-1004
-837
-742
-850
-946
-926
-730
-536
-353
-240
-171
-143
-103
0
103
128
52
-12
10
-6
-98
-187
-255
-224
-228
-280
-327
-343
-340
-319
-207
-12
74
33
-47
-22
227
468
549
483
417
445
624
910
1113
1146
1156
1489
2076
2196
1631
1143
1390
2003
2047
1398
724
407
126
-321
-540
-457
-738
-1539
-2295
-2401
-2125
-2126
-2376
-2380
-2213
-2229
-2262
-2017
-1512
-1165
-1001
-727
-257
101
178
311
612
890
1020
1103
1190
1110
807
552
550
576
400
-38
-420
-632
-814
-986
-1119
-1191
-1325
-1481
-1567
-1490
-1328
-1205
-1065
-844
-588
-350
-117
145
461
780
1050
1278
1505
1713
1874
1994
2129
2398
2425
1933
1505
1473
1641
1628
1298
916
578
228
-77
-236
-137
-197
-633
-1111
-1209
-1110
-1121
-1174
-1096
-1000
-1039
-1045
-913
-648
-414
-294
-190
-3
106
94
104
201
294
320
224
132
86
-2
-88
-86
-76
-181
-364
-447
-358
-225
-218
-296
-301
-236
-161
-36
117
235
259
239
262
372
593
769
876
877
957
1372
2026
2104
1517
1117
1435
2093
2156
1521
867
642
429
5
-181
-147
-445
-1221
-1947
-2083
-1909
-1965
-2245
-2350
-2305
-2367
-2382
-2194
-1831
-1582
-1431
-1126
-687
-362
-225
-30
285
578
809
989
1117
1071
878
831
939
1016
811
424
95
-133
-307
-501
-643
-783
-975
-1215
-1410
-1451
-1367
-1256
-1185
-1092
-972
-806
-631
-424
-107
229
503
717
921
1116
1330
1547
1748
1948
2047
2016
1933
1882
1847
1811
1880
1908
1683
1239
724
485
486
433
179
-249
-695
-1084
-1328
-1348
-1269
-1246
-1391
-1607
-1648
-1468
-1165
-939
-747
-616
-465
-339
-227
-8
198
355
419
429
427
443
482
499
496
407
288
224
170
133
82
9
-69
-112
-104
-126
-183
-191
-190
-148
-112
-142
-79
87
225
291
382
801
1504
1805
1389
871
1092
1875
2331
2019
1314
924
829
610
424
465
275
-409
-1220
-1582
-1486
-1458
-1779
-2085
-2171
-2257
-2400
-2411
-2214
-2000
-1848
-1670
-1331
-1034
-899
-780
-469
-58
308
583
706
742
688
749
953
1160
1148
883
569
362
245
154
72
-72
-314
-647
-939
-1055
-1028
-1023
-1108
-1158
-1119
-1077
-1038
-933
-688
-371
-173
-46
164
431
735
960
1156
1398
1591
1716
1831
1932
1957
2014
2209
2436
2306
1800
1333
1208
1364
1341
917
281
-229
-590
-831
-890
-895
-1128
-1556
-1915
-1932
-1667
-1403
-1308
-1314
-1292
-1176
-946
-666
-353
-102
10
90
184
342
549
740
788
713
674
694
728
707
588
465
359
340
294
104
-111
-237
-196
-123
-189
-396
-506
-512
-454
-291
-41
396
836
988
741
536
848
1543
2111
2033
1449
988
906
1018
1083
999
720
124
-581
-1014
-972
-873
-1100
-1528
-1886
-2032
-2135
-2193
-2190
-2083
-1980
-1909
-1764
-1582
-1427
-1269
-1019
-677
-358
-116
36
134
263
476
755
965
991
854
689
625
682
740
708
504
215
-51
-221
-280
-299
-413
-601
-795
-898
-910
-884
-848
-787
-674
-592
-516
-426
-212
73
325
555
733
892
1050
1201
1385
1592
1676
1707
1800
2064
2256
2102
1758
1510
1521
1597
1550
1213
705
164
-287
-462
-409
-485
-917
-1429
-1742
-1792
-1643
-1529
-1468
-1472
-1526
-1550
-1406
-1077
-788
-587
-481
-335
-129
62
231
400
576
684
773
862
909
890
777
664
672
690
622
432
212
5
-87
-85
-82
-186
-425
-685
-706
-436
-131
185
479
656
554
331
540
1300
1988
1963
1367
904
958
1192
1257
1118
880
387
-271
-683
-685
-599
-787
-1243
-1662
-1888
-2061
-2127
-2100
-2003
-1949
-1958
-1915
-1773
-1620
-1439
-1160
-795
-530
-387
-301
-186
35
300
619
831
825
645
481
542
730
843
751
534
315
101
-62
-110
-93
-111
-265
-541
-709
-722
-706
-670
-644
-557
-509
-507
-475
-310
-58
180
362
529
698
827
971
1130
1317
1429
1510
1611
1760
1948
2008
1847
1610
1472
1532
1637
1537
1143
601
146
-48
-96
-133
-397
-844
-1276
-1520
-1524
-1428
-1400
-1436
-1524
-1579
-1515
-1355
-1148
-943
-759
-612
-471
-339
-232
-28
232
427
549
548
553
597
696
763
797
769
653
514
447
435
397
272
100
6
-30
-88
-210
-350
-436
-332
-118
134
412
678
683
486
449
845
1532
1851
1485
891
660
857
1080
1056
862
465
-106
-593
-727
-612
-627
-972
-1418
-1726
-1919
-2038
-2019
-1918
-1858
-1910
-1953
-1862
-1710
-1528
-1293
-996
-759
-643
-549
-392
-173
45
255
462
599
559
446
447
610
751
771
656
479
337
198
126
162
182
78
-194
-433
-471
-386
-346
-371
-374
-364
-340
-282
-154
68
233
328
451
629
827
936
1025
1136
1254
1323
1387
1528
1762
1945
1762
1376
1225
1364
1568
1542
1122
571
207
59
8
31
-104
-596
-1140
-1394
-1341
-1197
-1130
-1278
-1461
-1551
-1566
-1391
-1136
-947
-889
-852
-733
-540
-378
-201
14
199
290
312
373
491
567
640
697
745
697
495
350
380
508
503
386
204
20
-129
-173
-169
-90
-96
-254
-345
-171
143
489
826
887
582
427
785
1431
1734
1379
845
679
846
880
795
720
488
-83
-676
-842
-624
-549
-915
-1421
-1765
-1952
-2045
-1928
-1723
-1679
-1871
-2015
-1898
-1634
-1395
-1183
-965
-860
-849
-732
-468
-207
-26
88
227
356
364
311
379
586
703
666
549
460
413
349
313
325
324
187
-31
-124
-35
61
35
-60
-109
-82
2
111
256
405
474
483
555
711
843
948
1043
1125
1168
1144
1132
1216
1360
1552
1611
1385
1080
913
993
1195
1191
796
256
-79
-187
-181
-169
-384
-832
-1221
-1386
-1346
-1176
-1120
-1260
-1471
-1606
-1551
-1326
-1034
-889
-859
-835
-766
-598
-351
-84
120
212
217
211
318
483
587
619
598
545
476
397
349
349
440
446
281
108
13
71
150
171
170
134
85
68
306
831
1239
1155
714
589
1059
1644
1768
1392
946
737
710
695
642
522
122
-440
-879
-1039
-991
-1048
-1275
-1618
-1929
-2133
-2101
-1962
-1864
-1832
-1848
-1809
-1748
-1634
-1414
-1089
-833
-746
-707
-577
-391
-204
-29
151
342
402
321
272
377
537
583
533
477
385
296
189
179
235
264
175
53
-7
8
75
145
234
331
346
299
363
516
673
759
790
828
883
887
960
1038
1106
1099
1017
996
1003
1020
1037
1202
1292
1064
715
564
744
970
857
418
13
-165
-230
-292
-295
-427
-758
-1125
-1269
-1170
-1017
-1027
-1220
-1373
-1399
-1325
-1165
-1003
-913
-918
-926
-810
-588
-373
-270
-182
-97
-22
83
185
300
381
414
433
441
483
459
435
474
518
516
443
358
353
402
447
414
323
287
341
459
534
561
757
1085
1246
1001
690
825
1321
1644
1363
762
399
409
460
390
250
6
-481
-1041
-1308
-1206
-1040
-1194
-1574
-1920
-2075
-2045
-1900
-1722
-1676
-1766
-1831
-1741
-1499
-1278
-1092
-938
-897
-863
-743
-469
-262
-192
-156
-43
121
213
216
234
320
413
433
444
462
476
441
411
475
558
611
573
534
536
601
689
731
783
815
825
797
830
886
905
902
860
851
841
793
730
676
625
589
535
528
522
424
320
373
629
756
542
209
136
337
536
452
172
-60
-187
-259
-280
-224
-313
-603
-896
-1004
-919
-820
-852
-1012
-1152
-1203
-1182
-1082
-955
-935
-967
-984
-948
-837
-719
-592
-502
-419
-370
-272
-81
81
177
272
414
560
678
708
718
853
1018
1124
1099
1018
987
976
963
944
906
802
698
615
585
599
647
795
928
852
518
346
581
943
941
549
145
7
54
-13
-122
-242
-498
-909
-1238
-1271
-1158
-1187
-1392
-1648
-1772
-1812
-1805
-1705
-1590
-1549
-1601
-1608
-1561
-1440
-1285
-1142
-1023
-949
-905
-823
-695
-555
-426
-286
-130
-9
40
94
214
429
610
683
741
796
864
921
997
1119
1219
1236
1199
1189
1223
1264
1292
1268
1259
1168
1045
928
854
854
807
709
552
393
276
185
156
119
30
-102
-200
-240
-254
-240
-221
-198
-117
51
192
234
188
188
287
481
620
522
341
189
126
167
206
127
-114
-380
-571
-682
-686
-718
-871
-1102
-1304
-1389
-1408
-1411
-1415
-1424
-1421
-1386
-1335
-1211
-1006
-784
-621
-441
-228
29
251
439
646
915
1172
1308
1381
1454
1570
1633
1652
1638
1596
1485
1290
1146
1031
895
714
504
331
204
58
-94
-198
-185
-40
125
114
-152
-372
-223
221
529
318
-128
-330
-188
-2
-52
-172
-343
-612
-912
-1049
-937
-870
-1057
-1399
-1600
-1622
-1600
-1600
-1587
-1625
-1716
-1762
-1695
-1534
-1420
-1334
-1218
-1078
-966
-855
-650
-406
-196
-43
137
353
516
623
771
1013
1249
1374
1412
1440
1515
1597
1669
1702
1680
1578
1457
1382
1339
1290
1196
1064
883
731
625
505
403
275
133
-4
-144
-248
-306
-337
-392
-450
-522
-567
-571
-497
-397
-328
-304
-287
-188
-26
205
341
352
345
327
422
595
629
486
314
218
180
141
3
-203
-419
-594
-724
-819
-914
-1065
-1204
-1289
-1289
-1258
-1226
-1197
-1202
-1106
-941
-756
-587
-481
-354
-125
134
331
488
614
763
910
1044
1176
1293
1342
1308
1273
1271
1260
1181
1082
981
843
726
571
423
321
211
87
-14
-60
-141
-301
-395
-374
-259
-98
21
26
-85
-181
-149
116
424
445
109
-250
-333
-156
-34
-149
-404
-678
-934
-1139
-1173
-1120
-1099
-1281
-1526
-1642
-1622
-1549
-1472
-1342
-1253
-1238
-1241
-1165
-974
-750
-527
-336
-193
-123
-58
101
350
570
695
807
899
928
943
1017
1225
1387
1396
1266
1165
1144
1137
1155
1132
1054
880
718
593
561
538
423
292
170
79
14
-25
-39
-89
-141
-167
-155
-139
-139
-170
-211
-210
-179
-128
-129
-133
-151
-164
-161
-128
-77
-100
-121
-41
64
63
-54
-171
-98
108
210
75
-133
-205
-156
-84
-23
-40
-158
-287
-345
-286
-149
-92
-141
-219
-244
-236
-196
-124
-100
-113
-155
-133
-89
-58
-59
-74
-38
18
61
93
110
111
130
202
333
423
396
337
324
368
451
518
519
477
410
305
276
309
324
273
161
34
-52
-117
-160
-172
-182
-258
-314
-218
-57
-17
-220
-453
-325
58
233
21
-324
-421
-231
-37
-59
-176
-296
-461
-626
-614
-425
-314
-421
-672
-829
-795
-654
-519
-459
-460
-563
-596
-484
-310
-209
-187
-159
-106
-59
-60
11
127
199
201
184
232
263
250
253
335
440
442
363
349
405
450
470
495
515
488
437
387
432
492
473
400
331
307
264
245
235
211
146
37
-38
-31
-41
-81
-168
-208
-239
-305
-311
-255
-216
-279
-376
-399
-331
-206
-141
-135
-88
47
243
287
203
192
315
594
746
628
398
360
505
596
641
554
357
163
75
107
148
123
-78
-321
-422
-454
-458
-444
-463
-591
-737
-751
-682
-586
-565
-597
-582
-499
-404
-312
-210
-112
-60
-20
100
246
307
256
240
303
407
433
374
315
289
294
282
224
189
197
178
125
35
-44
-54
17
77
114
210
325
313
132
1
187
631
857
560
72
-49
190
460
446
229
1
-195
-321
-355
-216
-104
-228
-541
-751
-747
-662
-592
-589
-642
-733
-798
-794
-717
-637
-607
-592
-538
-505
-534
-538
-481
-343
-250
-188
-132
-144
-180
-182
-53
142
241
196
105
87
163
261
331
352
349
285
240
253
333
393
409
391
366
360
341
347
388
400
385
367
350
337
344
331
305
268
255
262
271
241
169
112
175
307
325
257
156
185
321
437
405
296
272
280
301
334
340
255
137
44
-2
18
12
-62
-168
-264
-340
-419
-433
-446
-489
-577
-668
-685
-667
-682
-726
-747
-704
-682
-644
-599
-529
-464
-403
-331
-234
-131
-85
-41
34
153
232
255
264
306
378
428
446
461
440
417
406
433
450
456
447
420
427
431
435
436
452
430
429
582
744
756
533
303
382
720
911
669
245
35
127
259
227
81
-132
-380
-543
-610
-556
-507
-652
-903
-1059
-1043
-1007
-976
-984
-1045
-1105
-1142
-1091
-1020
-1001
-1032
-1033
-942
-842
-830
-824
-766
-661
-561
-492
-394
-320
-294
-273
-156
32
169
210
265
355
466
561
631
749
818
829
786
798
885
944
930
883
850
848
816
782
734
691
658
623
593
575
518
423
352
324
343
364
349
268
165
89
88
159
206
206
165
55
-23
-61
14
127
171
61
-139
-254
-255
-183
-117
-158
-313
-470
-564
-554
-507
-479
-528
-609
-674
-671
-645
-612
-604
-574
-550
-554
-554
-540
-476
-429
-353
-282
-223
-175
-132
-62
51
161
274
357
395
409
438
525
624
682
710
683
667
655
666
673
691
657
585
550
537
502
407
327
271
257
247
195
147
101
105
199
287
236
36
-90
-24
163
206
13
-229
-313
-261
-247
-343
-462
-588
-715
-786
-810
-792
-814
-932
-1023
-1025
-992
-969
-999
-991
-973
-929
-841
-757
-692
-669
-678
-634
-505
-384
-311
-292
-280
-241
-153
-48
39
90
116
143
198
283
317
350
379
434
491
533
583
618
642
659
689
749
779
776
760
769
806
833
833
814
791
742
702
658
637
604
569
484
409
362
310
254
182
139
45
-15
-53
-47
-62
-125
-195
-213
-181
-166
-184
-228
-248
-260
-260
-236
-237
-284
-324
-378
-379
-357
-344
-338
-361
-394
-395
-382
-327
-304
-305
-278
-227
-176
-176
-166
-133
-73
-31
-8
-8
-2
-13
14
73
129
150
111
92
139
189
232
240
211
192
195
216
261
295
289
256
189
160
173
199
179
125
66
23
-13
-28
-74
-92
-96
-121
-152
-245
-303
-306
-281
-237
-233
-256
-259
-257
-223
-200
-133
-35
-8
-42
-73
-28
48
85
79
26
-4
-5
2
-3
9
-4
-59
-87
-85
-74
-106
-165
-198
-196
-195
-211
-247
-297
-321
-320
-320
-321
-344
-400
-398
-382
-362
-340
-333
-302
-270
-239
-197
-131
-82
-13
19
73
129
160
204
236
284
310
322
349
362
368
388
383
383
371
366
372
376
378
348
325
311
328
339
322
288
260
257
239
270
294
293
282
261
269
296
338
369
390
396
352
334
345
382
389
341
295
247
223
179
130
86
8
-66
-109
-141
-165
-242
-322
-368
-394
-400
-430
-444
-472
-513
-532
-514
-469
-455
-467
-504
-495
-456
-437
-388
-381
-379
-400
-402
-372
-334
-321
-343
-336
-313
-277
-253
-241
-227
-189
-143
-102
-69
-54
-33
12
56
97
153
204
229
238
241
276
304
345
375
373
369
354
363
383
416
427
400
377
360
368
378
399
391
385
359
321
313
317
294
256
226
197
156
109
71
29
-10
-40
-72
-128
-171
-230
-260
-292
-315
-346
-362
-383
-418
-434
-428
-438
-445
-433
-444
-432
-444
-443
-422
-395
-377
-378
-387
-402
-401
-392
-366
-339
-317
-313
-302
-281
-244
-189
-148
-91
-40
3
30
69
115
182
228
282
336
350
389
409
461
503
536
559
560
568
562
559
577
582
584
540
498
457
440
449
419
393
319
268
230
207
196
158
107
49
27
5
-15
-23
-50
-86
-118
-123
-121
-126
-168
-212
-213
-212
-215
-233
-274
-321
-342
-329
-299
-292
-297
-337
-361
-348
-301
-263
-251
-260
-274
-249
-211
-159
-145
-120
-129
-124
-110
-65
-24
-4
8
14
21
28
44
44
66
73
82
85
97
107
108
123
134
138
139
137
116
98
111
99
95
102
75
79
78
83
80
67
41
10
6
4
21
3
-32
-57
-77
-56
-56
-55
-70
-102
-102
-98
-87
-92
-113
-131
-126
-90
-64
-70
-69
-67
-50
-15
20
62
60
56
65
127
186
207
199
170
193
226
249
264
246
206
180
171
174
170
139
83
47
34
37
14
-23
-47
-85
-97
-110
-116
-129
-156
-168
-160
-159
-170
-172
-170
-191
-199
-186
-188
-196
-220
-259
-284
-281
-279
-281
-290
-320
-340
-333
-309
-289
-265
-262
-266
-251
-220
-168
-121
-77
-58
-30
-3
35
92
137
175
193
217
235
252
272
301
332
344
361
365
347
351
357
356
378
368
355
336
333
343
344
336
311
305
294
291
272
253
246
232
208
181
148
150
133
106
78
62
36
15
8
-30
-43
-73
-92
-96
-107
-137
-174
-185
-215
-222
-237
-255
-281
-306
-312
-310
-311
-339
-358
-359
-350
-340
-349
-371
-359
-346
-326
-312
-287
-281
-280
-246
-205
-157
-131
-115
-92
-48
0
55
93
103
123
140
167
224
239
240
222
225
251
256
252
230
200
187
202
205
204
197
190
170
147
135
151
156
153
132
114
106
78
67
41
28
10
-8
-41
-63
-84
-100
-129
-167
-184
-208
-217
-245
-270
-283
-285
-295
-314
-302
-285
-271
-257
-230
-228
-217
-189
-173
-113
-83
-63
-51
-42
-9
29
77
102
124
127
140
159
179
200
214
229
226
219
205
206
208
200
197
182
174
156
145
129
115
116
119
106
84
69
53
49
71
74
65
38
28
44
63
64
40
22
21
12
-8
-18
-32
-38
-46
-69
-71
-70
-83
-83
-100
-110
-111
-114
-96
-100
-99
-114
-97
-89
-73
-62
-81
-75
-96
-84
-66
-42
-31
-46
-54
-52
-24
2
17
27
29
17
30
48
50
73
82
80
62
57
54
66
86
89
79
80
73
82
100
99
109
96
95
92
100
86
96
109
77
50
28
27
24
13
-3
-38
-67
-86
-111
-121
-145
-165
-185
-196
-202
-209
-224
-223
-211
-198
-177
-177
-177
-184
-160
-129
-120
-107
-113
-106
-80
-61
-28
-6
11
8
20
25
44
74
88
92
84
79
89
100
114
119
123
122
128
130
126
128
127
120
111
110
114
110
99
88
96
100
69
57
58
70
71
46
25
19
24
33
28
23
26
17
1
-9
-7
-11
-31
-38
-47
-39
-56
-60
-46
-56
-37
-48
-43
-42
-49
-29
-17
-3
8
20
14
17
13
17
23
20
1
-13
-8
-31
-27
-36
-45
-45
-57
-56
-50
-61
-66
-73
-70
-50
-64
-57
-71
-65
-69
-57
-41
-31
-38
-48
-13
-13
-7
3
4
1
-12
1
16
22
35
29
47
52
42
47
42
46
44
25
14
8
-3
-11
-7
-4
-22
-16
-18
-10
-12
-13
-6
-11
-11
-12
-1
-4
6
7
16
20
32
37
24
22
19
24
35
31
26
26
32
35
51
64
59
50
32
36
34
39
38
42
36
17
2
-5
7
21
14
-6
-14
-38
-32
-27
-10
-14
-16
-30
-41
-32
-37
-32
-24
-21
-44
-58
-52
-49
-34
-27
-37
-28
-47
-50
-45
-35
-27
-22
-35
-41
-40
-29
-9
7
11
8
9
20
51
73
83
81
92
98
106
102
113
118
126
120
110
91
72
59
59
46
28
-6
-33
-29
-20
-34
-58
-69
-71
-74
-71
-67
-55
-45
-49
-47
-54
-44
-42
-25
-18
-35
-46
-58
-57
-47
-42
-30
-41
-69
-70
-79
-81
-75
-72
-69
-88
-108
-91
-78
-66
-64
-56
-60
-55
-50
-34
-11
-7
4
4
10
31
52
59
74
81
81
83
93
104
94
97
92
87
76
76
77
71
80
84
86
92
96
97
95
100
103
108
102
82
82
78
72
69
57
44
35
16
9
1
-3
-26
-38
-29
-32
-56
-78
-94
-95
-93
-84
-97
-116
-124
-123
-120
-113
-126
-139
-147
-135
-138
-141
-134
-124
-121
-117
-113
-107
-98
-66
-37
-32
-17
-4
25
43
53
74
92
97
110
119
134
126
110
113
120
117
117
104
84
88
82
70
68
63
60
61
63
64
59
59
61
68
80
78
64
56
47
38
27
15
11
6
-12
-18
-26
-26
-44
-68
-76
-90
-92
-97
-113
-126
-139
-146
-144
-138
-145
-142
-144
-141
-130
-128
-128
-124
-96
-87
-69
-60
-58
-51
-33
-19
-13
15
38
42
48
51
49
62
69
73
66
65
69
80
85
76
75
73
73
77
81
87
85
84
85
98
95
92
80
83
85
85
89
85
69
70
71
54
61
50
46
39
32
32
36
29
5
-11
-18
-16
-8
-26
-34
-54
-71
-89
-91
-82
-101
-115
-125
-129
-126
-113
-127
-129
-139
-138
-113
-102
-100
-93
-87
-71
-44
-32
1
4
3
2
-1
27
36
49
56
40
35
35
38
49
51
53
40
44
34
20
24
32
33
21
14
11
27
41
61
65
61
54
53
56
62
67
72
61
32
29
24
25
21
5
-13
-34
-39
-56
-56
-57
-67
-78
-84
-85
-89
-89
-97
-87
-75
-73
-70
-80
-77
-70
-46
-27
-27
-15
-17
-13
-4
10
38
37
21
26
34
50
54
56
63
62
71
81
92
92
99
97
109
115
114
116
110
103
104
122
113
117
100
101
88
90
75
55
35
9
1
-5
-14
-34
-40
-57
-61
-68
-81
-92
-107
-124
-128
-120
-125
-146
-154
-150
-153
-139
-131
-124
-125
-123
-116
-103
-85
-67
-60
-53
-51
-38
-37
-25
-11
-19
-30
-22
-12
-8
-8
-4
-3
21
20
16
29
31
46
34
49
52
56
57
57
50
71
71
64
71
75
93
86
90
86
91
98
93
94
94
98
84
80
78
63
59
52
38
29
22
16
14
3
-1
-10
-7
-12
-22
-38
-43
-51
-59
-60
-61
-58
-67
-82
-93
-88
-74
-66
-69
-78
-65
-64
-64
-44
-48
-48
-45
-47
-39
-39
-30
-17
-28
-28
-21
-25
-16
-10
-10
-7
1
-6
-6
4
17
40
38
38
56
69
74
88
98
104
100
100
95
92
106
126
123
109
94
91
87
89
86
64
53
42
29
13
12
-2
-21
-36
-50
-73
-79
-85
-99
-110
-117
-127
-132
-120
-123
-120
-126
-118
-114
-112
-105
-98
-97
-75
-61
-60
-67
-65
-44
-36
-15
-12
-15
-10
4
15
27
26
30
34
42
52
55
57
49
45
49
41
30
29
25
36
31
28
20
26
26
22
33
38
46
40
36
39
38
50
47
52
38
20
25
27
35
27
16
22
16
16
15
13
13
-4
-2
1
4
4
-5
-21
-38
-37
-49
-47
-54
-50
-53
-57
-56
-48
-39
-32
-18
-10
1
4
11
19
38
45
57
62
67
67
66
76
81
80
62
58
48
48
59
40
32
12
14
6
-18
-20
-22
-25
-27
-32
-36
-23
-36
-26
-30
-18
-23
-34
-27
-40
-36
-33
-19
-34
-27
-29
-29
-25
-25
-24
-37
-30
-24
-28
-34
-26
-31
-32
-41
-43
-40
-52
-50
-51
-53
-60
-58
-60
-55
-61
-54
-55
-50
-43
-33
-17
-21
-13
1
19
25
36
58
50
58
68
76
81
77
84
74
65
62
53
47
39
33
38
22
10
-1
-8
-21
-16
-14
-15
-20
-28
-18
-14
-17
-23
-12
3
0
9
31
27
38
35
46
44
41
53
45
61
58
42
37
34
35
28
27
24
22
-3
2
9
-2
1
-15
-9
-22
-25
-26
-38
-23
-23
-29
-31
-31
-29
-14
1
17
16
21
16
21
29
39
44
38
31
26
42
41
29
27
22
9
-2
1
-3
-11
-26
-45
-52
-67
-67
-75
-77
-89
-101
-102
-94
-91
-103
-97
-92
-88
-80
-75
-66
-61
-51
-41
-34
-22
-21
-14
1
2
4
7
15
24
24
27
28
23
30
30
12
17
8
15
16
5
11
9
13
23
22
23
31
31
43
59
75
66
69
77
69
82
77
89
89
85
83
61
55
46
33
37
28
16
0
-19
-37
-51
-53
-54
-57
-64
-81
-81
-71
-59
-51
-56
-57
-43
-35
-20
-15
-4
7
15
16
22
22
28
38
46
42
37
35
29
34
26
33
29
21
20
5
7
10
12
8
2
0
0
7
-2
22
26
23
21
16
23
28
28
20
13
13
17
7
16
20
11
18
4
7
16
9
1
-14
-13
-7
-15
-28
-49
-49
-47
-54
-60
-66
-76
-75
-73
-64
-64
-69
-74
-77
-66
-61
-63
-63
-59
-65
-53
-58
-49
-34
-35
-39
-30
-16
-10
-13
-5
-5
-7
3
6
14
13
17
20
19
18
32
36
33
42
44
61
61
68
74
79
91
91
87
93
96
84
88
85
87
79
69
50
50
44
40
32
9
-5
-21
-18
-25
-29
-38
-51
-60
-57
-52
-54
-65
-53
-51
-54
-44
-49
-29
-27
-32
-33
-28
-26
-31
-26
-30
-18
-8
-13
-25
-10
-10
-14
-7
3
16
12
20
25
30
39
30
42
47
41
55
56
56
51
54
55
56
51
47
43
52
52
52
45
38
36
19
23
16
4
0
0
-20
-23
-20
-33
-34
-42
-44
-49
-59
-66
-69
-79
-78
-88
-82
-92
-90
-89
-88
-87
-93
-74
-69
-66
-62
-54
-42
-33
-31
-37
-30
-27
-25
-23
-25
-21
-21
-15
-13
-2
0
12
6
16
15
24
41
43
50
40
41
50
45
50
57
64
70
72
82
84
91
95
95
97
101
99
108
95
102
108
93
89
74
66
56
52
45
24
6
-11
-20
-32
-38
-47
-57
-75
-83
-84
-85
-82
-88
-86
-81
-83
-90
-92
-92
-93
-92
-80
-78
-76
-77
-57
-32
-26
-25
-18
-6
0
16
20
31
44
44
38
38
48
47
43
48
52
44
49
51
45
48
44
52
56
61
55
46
54
44
46
41
37
36
24
27
26
20
4
13
-2
-12
-12
-10
-7
-21
-30
-31
-40
-42
-55
-63
-69
-80
-78
-86
-77
-87
-87
-84
-87
-74
-75
-67
-63
-64
-69
-53
-43
-36
-29
-32
-26
-24
-12
-9
-3
2
5
5
14
22
24
29
38
35
39
38
45
59
61
62
57
49
60
61
57
55
53
57
59
69
66
47
46
57
61
58
47
45
49
57
59
57
57
52
47
45
33
32
26
15
12
3
-10
-16
-38
-39
-35
-44
-60
-68
-72
-71
-65
-70
-66
-74
-64
-74
-64
-53
-49
-48
-50
-41
-37
-26
-22
-11
-6
9
9
16
8
13
22
24
29
27
31
22
26
32
27
30
20
21
13
-1
1
-9
3
-2
-3
-2
-11
4
-9
-9
-8
-8
-20
-16
-20
-21
-19
-18
-7
-12
-12
-13
-18
-26
-21
-14
-6
-15
-10
-14
-8
-12
-10
3
-10
-2
-5
-8
-9
-18
-6
-10
-10
-9
-2
-8
-26
-18
-15
-17
-23
-20
-11
-6
-2
-11
-2
-1
-4
7
10
29
33
44
55
49
43
45
49
48
41
37
38
44
37
23
22
15
10
1
-1
11
-4
-3
-7
-4
-6
-10
-10
-6
-1
-7
-7
-4
4
7
5
9
14
15
15
10
7
9
3
5
2
3
0
-10
-13
-15
-8
-12
-18
-17
-14
-15
-20
-18
-16
-19
-20
-14
-11
-10
-3
0
12
7
14
14
15
19
13
19
10
15
15
11
14
15
19
26
15
20
18
21
19
4
8
5
1
1
-6
-4
-16
-25
-31
-29
-32
-40
-43
-44
-39
-44
-48
-45
-30
-30
-31
-24
-24
-23
-25
-17
-6
-12
-15
-9
-11
-9
-8
-12
-9
-9
-4
2
3
3
8
22
25
25
22
22
23
26
16
24
19
21
30
32
31
37
32
27
28
32
39
34
38
29
39
35
33
38
36
36
24
21
17
19
7
3
-5
-9
-9
-20
-19
-23
-23
-27
-36
-37
-35
-32
-36
-37
-31
-30
-29
-28
-28
-33
-29
-28
-29
-25
-31
-32
-34
-26
-12
-6
-11
-13
-11
-9
-18
-15
-15
-12
-10
-7
-5
0
13
7
3
5
11
22
20
24
37
73
132
146
111
73
73
93
87
24
-48
-70
-72
-85
-124
-156
-146
-107
-83
-85
-63
-13
10
-13
-10
46
101
90
46
36
46
58
46
18
-3
13
28
14
-10
-26
-18
-10
-34
-45
-18
17
1
-41
-52
-28
-18
-13
-7
-3
1
5
-13
-19
-4
20
28
21
30
38
47
36
41
45
53
43
46
50
44
23
2
-4
5
15
9
4
-21
-18
-24
-18
-21
-3
5
14
6
-1
5
-6
5
10
21
22
25
21
12
6
4
5
-1
-4
-1
-10
-13
-15
-25
-33
-29
-31
-36
-32
-46
-48
-41
-38
-36
-34
-26
-19
-13
-7
-1
3
14
15
24
33
35
31
38
31
33
27
12
20
6
-2
-19
-27
-36
-43
-39
-32
-33
-38
-32
-27
-21
-16
-10
-7
11
18
14
10
7
13
14
7
8
4
-2
-12
-18
-5
-16
-19
-22
-26
-30
-34
-34
-30
-38
-34
-24
-21
-19
-24
-16
-12
0
-1
3
12
13
16
18
24
31
35
36
38
40
36
40
38
34
33
20
11
6
5
7
1
3
4
9
13
9
28
34
31
27
30
45
56
54
46
47
49
58
45
40
40
32
29
21
23
14
10
2
-6
-3
-13
-22
-20
-23
-30
-38
-44
-50
-52
-58
-56
-61
-64
-64
-52
-49
-50
-48
-37
-23
-25
-13
-6
9
0
-4
-7
-11
-14
-16
-12
-17
-10
-12
-14
-9
0
-3
-3
0
4
9
6
13
13
19
28
25
28
22
28
36
38
37
36
49
50
46
56
53
53
44
32
26
16
11
7
-6
-10
-8
-22
-25
-33
-29
-25
-27
-36
-45
-31
-40
-38
-38
-31
-25
-25
-25
-32
-22
-17
-6
4
-1
-7
-3
-4
-8
-8
-9
-9
-15
-15
-29
-31
-22
-35
-32
-30
-30
-23
-11
-4
-9
10
0
10
19
16
23
22
28
22
24
27
33
31
32
32
21
22
17
17
12
16
9
0
3
1
1
-2
-1
-8
-5
-6
-4
1
4
13
14
11
14
21
22
15
16
13
11
10
14
4
-2
-7
-13
-14
-11
-15
-21
-20
-13
-11
-16
-10
-13
-8
-15
-11
-5
-2
-4
-5
2
4
3
5
1
9
2
5
2
4
5
7
4
4
6
7
5
-2
2
-3
-2
-9
2
1
2
-3
-13
-5
-5
0
0
-6
0
0
1
5
1
0
8
3
1
0
-2
-2
-5
-10
-19
-16
-14
-19
-18
-20
-27
-17
-16
-18
-10
-8
-7
-1
1
0
2
4
8
7
7
12
9
10
7
4
6
13
12
7
1
3
16
17
22
25
18
29
25
29
30
21
29
25
24
26
25
30
27
27
28
33
31
28
31
28
19
12
16
8
8
-7
-16
-17
-23
-26
-30
-36
-32
-27
-28
-32
-32
-34
-29
-34
-28
-30
-31
-24
-33
-39
-43
-42
-34
-36
-30
-36
-26
-21
-29
-21
-22
-13
-8
-10
-16
-11
0
3
-1
-1
-2
12
15
17
9
13
20
19
20
24
28
32
24
21
23
24
25
20
23
22
21
14
20
12
12
12
8
4
2
3
3
3
3
6
-1
-4
-2
2
3
3
-5
-11
-15
-4
0
-8
-2
3
6
11
3
2
3
6
7
-2
-1
4
1
-1
-2
-5
-7
-8
-11
-4
-1
-2
1
-3
6
3
-2
-8
-4
-6
-7
0
-10
-7
-12
-5
-8
4
7
-3
-4
-2
6
7
8
10
13
14
17
14
10
14
7
11
13
3
6
2
-5
-8
-9
-4
-12
-14
-13
-10
-13
-26
-28
-31
-27
-24
-23
-18
-18
-13
3
-4
-1
6
5
8
9
12
11
8
5
-10
-3
-8
-7
-18
-21
-18
-13
-9
-8
-10
-2
4
0
7
7
5
6
2
4
4
8
1
8
5
5
10
8
9
10
5
3
12
10
14
15
17
26
22
21
23
15
16
2
10
8
12
13
7
12
8
11
5
4
9
12
13
10
1
1
1
-6
-2
-7
-9
-14
-18
-17
-15
-7
-5
-7
-8
-4
-11
-6
-9
-5
-2
-1
0
8
8
5
15
7
15
10
9
9
-3
1
-7
-11
-13
-10
-17
-18
-13
-18
-14
-22
-15
-23
-19
-22
-18
-11
-22
-10
-8
-7
-2
0
9
10
13
9
5
9
8
15
7
3
11
11
6
-1
0
-7
-5
-2
-2
-4
-8
-17
-8
-2
-8
-2
-7
-5
2
0
0
-2
3
3
-4
1
4
-1
0
1
-3
-7
-5
-7
-2
-4
-5
-5
-4
0
-6
6
8
11
11
4
9
11
10
8
7
14
16
17
12
3
7
3
2
3
2
-1
5
7
10
4
13
9
14
11
6
10
8
12
1
2
0
-9
-6
-6
-5
-4
-11
-3
-8
-12
-9
-7
-6
-13
-7
-12
-14
-13
-12
-15
-11
-9
-6
-1
-1
1
-3
4
6
10
10
20
15
13
8
3
5
4
2
-5
1
-6
-2
-1
5
8
3
6
6
9
16
18
20
19
24
20
19
23
15
14
-8
-3
2
-3
-8
-13
-9
-11
-13
-16
-14
-15
-10
-14
-8
-15
-17
-4
-7
-8
-19
-15
-20
-16
-19
-22
-17
-24
-19
-19
-15
-7
-7
-10
-11
2
2
0
-2
-2
7
9
14
6
9
12
12
18
12
1
7
5
5
0
4
-5
-10
-6
-1
4
5
-4
-2
1
6
10
9
9
1
10
7
8
3
2
1
-1
7
10
10
12
11
8
8
7
7
21
18
17
7
9
5
9
11
-3
-1
-10
-8
-5
-18
-19
-18
-14
-3
-2
-4
-5
1
-5
1
-2
8
13
17
14
6
10
9
9
11
6
10
5
1
4
-7
-7
-14
-14
-16
-25
-20
-30
-31
-26
-29
-24
-21
-11
-8
-5
1
3
8
10
7
8
2
0
-1
-4
-4
-7
-3
-4
-5
-9
-7
-10
-11
-13
-8
-12
-11
-7
-10
-11
-6
-3
-5
-2
0
-2
-1
1
4
5
10
9
12
11
12
13
14
16
9
16
15
22
12
15
22
18
17
18
17
20
21
19
13
11
10
15
10
2
10
8
6
3
10
6
4
5
3
7
-1
-10
-3
-6
-1
-11
-16
-8
-12
-8
-8
-13
-13
-17
-19
-19
-10
-12
-19
-21
-22
-21
-22
-22
-18
-10
-14
-16
-11
-8
-5
1
3
8
9
9
6
10
12
14
9
12
13
11
16
9
7
12
10
16
16
12
15
12
18
18
19
16
16
12
14
15
10
7
8
2
-7
0
-7
0
1
-6
1
5
3
-8
-11
-14
-2
-4
-15
-13
-19
-21
-16
-16
-10
-12
-19
-20
-19
-14
-17
-19
-18
-27
-29
-26
-28
-24
-23
-19
-17
-13
-8
-18
-5
-1
-1
1
1
3
2
3
5
9
3
13
7
8
13
3
17
10
18
21
23
22
19
29
23
21
21
25
22
19
18
15
14
14
9
7
3
2
9
10
12
12
16
11
15
9
4
1
6
6
7
1
-15
-12
-16
-13
-18
-13
-18
-17
-19
-20
-13
-17
-11
-11
-11
-17
-7
-10
-6
-9
-7
-3
-8
-9
-11
-7
-11
-11
-7
-15
-12
-13
-7
-2
-5
-3
-5
-1
2
3
1
-1
7
5
12
9
6
14
8
12
8
8
14
2
1
3
2
0
6
7
9
5
7
2
-8
-1
-5
3
-7
-12
-10
-3
-2
-6
-6
-8
-1
-3
5
4
0
5
12
10
14
13
12
15
6
4
0
3
1
-1
3
8
8
6
2
7
11
6
2
0
2
5
3
3
2
6
4
-6
-2
-1
1
-3
-6
-5
-5
-2
1
1
2
9
7
7
4
2
-8
-4
-4
-11
-9
-11
-12
-11
-10
-15
-16
-18
-14
-20
-18
-17
-14
-15
-17
-7
-13
-12
-6
-4
-5
-5
-10
-1
3
-3
-5
1
5
7
4
8
13
10
16
18
25
15
11
13
17
19
18
12
17
11
8
16
11
13
14
9
7
11
1
6
1
-3
3
-1
-2
-5
-10
-7
-4
-7
-4
-3
-4
-3
-6
-11
-6
-4
-7
-8
-5
-10
-8
-8
-12
-12
-9
-8
-9
-10
-10
-12
-8
-5
-5
-7
-9
-1
-7
-9
-16
-4
3
-1
0
-4
3
2
7
-1
0
0
-6
0
7
4
-5
-4
2
10
17
13
15
16
17
13
16
14
11
22
11
12
12
17
15
11
14
1
3
2
8
12
2
0
5
8
4
0
0
-4
-1
-6
-3
-7
-9
-11
-17
-9
-11
-17
-19
-17
-20
-18
-17
-12
-11
-9
-17
-12
-10
-4
-4
-12
-8
-10
-12
-10
-3
-5
-4
-2
0
-2
-1
-3
1
11
6
14
13
14
28
29
20
17
18
21
17
15
21
12
17
8
10
16
12
6
6
13
12
16
10
5
2
-8
-8
-5
-4
-11
-15
-12
-12
-14
-17
-13
-13
-15
-20
-17
-9
-10
-14
-12
-12
-4
-7
-15
-14
-12
-10
-14
-13
-13
-10
-14
-22
-13
-15
-12
-8
-11
-7
-5
2
3
3
4
6
8
22
24
22
25
20
21
18
15
19
13
18
10
7
7
3
15
2
16
14
13
18
10
16
8
4
4
4
6
3
-4
-6
-8
0
-4
-5
-7
-10
-4
-11
-12
-9
-4
-2
-6
-5
-4
0
-6
-2
-3
-7
-1
0
2
-10
-17
-13
-10
-13
-17
-18
-17
-7
-9
-5
-3
-7
-5
-4
-1
3
-3
3
6
10
1
5
1
5
0
-6
-4
-14
-11
-10
-7
-9
-4
-7
-2
-2
-5
-1
0
7
1
8
12
16
17
10
13
9
12
15
13
8
12
8
5
-7
-3
-4
-8
-3
-9
-2
-7
-7
-7
-3
-3
-1
-5
3
6
14
12
8
10
5
10
2
7
-4
2
-2
-4
0
-5
-1
-6
-2
3
-4
-5
-9
0
1
-4
0
1
2
2
-3
-5
-6
-7
-3
-3
3
4
-1
2
5
11
4
8
6
1
5
2
7
-4
0
-3
-4
1
0
0
-5
-3
-2
1
-1
-2
-1
7
9
6
10
10
11
11
3
11
10
4
7
6
4
1
1
6
12
11
8
5
9
2
9
4
2
3
3
5
5
4
3
2
4
3
4
-2
-1
-1
-10
-8
-13
-13
-14
-11
-13
-20
-9
-11
-16
-9
-9
-5
-7
-11
-10
-11
-8
-7
-3
-14
-14
-17
-18
-18
-17
-14
-11
-10
-11
-11
-13
-15
-2
0
-2
1
-5
1
0
1
-1
2
6
9
8
10
12
10
12
6
13
20
17
11
8
16
15
12
15
11
11
12
7
9
13
7
6
10
5
0
2
-7
-4
1
1
-1
-3
0
-2
1
3
5
8
8
5
6
7
3
0
3
0
-6
-7
-10
-8
-6
-12
-16
-16
-12
-16
-22
-20
-13
-14
-13
-5
-2
-7
-6
-1
-5
-3
0
-4
-3
-2
-2
-6
0
-5
0
0
-2
5
0
4
-1
1
5
5
4
4
4
13
16
5
5
1
4
-4
-1
0
0
2
3
-2
4
2
0
3
9
6
-1
-3
-8
1
-2
-11
-6
-5
-6
-10
-13
-11
-14
-6
-5
-2
-4
3
4
-2
3
-6
-2
0
3
-1
-4
-7
2
0
0
6
0
12
0
5
11
13
20
15
11
19
15
16
15
10
9
8
2
4
4
6
3
7
5
8
8
2
10
2
-2
-1
-2
-2
1
4
2
4
-2
-4
4
0
-2
-4
-10
-7
-8
-4
-7
-7
-5
-1
-3
-5
-7
-2
-3
-9
-7
-2
0
-3
-4
-1
0
-6
-5
-6
-3
-1
-7
-6
-9
-8
-7
0
-1
4
1
-4
2
-2
3
7
-1
5
0
3
9
3
11
8
10
7
5
5
1
3
2
1
-2
-1
7
4
1
0
2
2
5
-1
7
8
11
9
10
13
6
2
-3
1
7
-2
-3
-1
-8
-8
-12
-10
-8
-10
-6
-12
-13
-9
-12
-5
-5
-8
-5
-4
-10
-11
-11
-16
-14
-10
-10
-11
-4
-8
-13
-4
-2
-2
0
5
5
0
5
8
11
8
10
8
10
10
9
11
6
10
12
11
8
7
-6
-1
2
1
-4
2
5
10
3
4
9
9
13
15
17
15
13
