SAMPLES:	8257
BITSPERSAMPLE:	16
CHANNELS:	1
SAMPLERATE:	16000
NORMALIZED:	FALSE
-5
4
14
12
5
18
17
15
17
11
15
13
18
8
14
10
9
7
7
17
6
15
21
25
18
12
20
31
27
17
14
28
32
23
19
10
15
12
15
16
17
20
15
16
13
15
14
2
2
6
6
19
16
8
-6
0
2
-3
-17
-19
-10
-8
-8
-14
-6
-6
-7
-9
-6
-11
-4
-15
-10
-6
-5
1
-10
-8
-8
-9
-19
-29
-16
-20
-24
-25
-20
-13
-9
-1
-1
9
4
-6
8
-14
-18
-8
-18
-10
-21
-23
-15
-24
-21
-16
-22
-22
-24
-19
-14
-13
-15
-14
-6
-11
-8
-8
-4
-6
-9
0
9
2
4
7
9
13
6
1
18
9
-5
-7
-1
8
3
11
9
3
8
11
14
4
-1
5
5
6
9
16
6
-1
6
2
6
9
12
17
18
22
15
6
4
3
15
6
2
12
19
17
16
5
7
13
11
7
9
9
1
15
10
17
11
9
9
8
12
2
7
4
6
6
1
3
-1
-6
-14
-6
6
-3
1
7
12
9
9
5
4
14
12
2
-4
6
4
3
5
-4
-2
-5
-2
-3
-5
-10
-18
-8
-13
-13
-12
-9
-7
-7
-10
-17
-12
-6
-12
-18
-18
-17
-23
-14
-17
-15
-3
-11
-12
-11
-8
-12
-13
-3
-5
-11
-3
-9
-1
-3
-3
-1
-1
-2
0
0
-6
0
-5
5
14
15
15
15
19
13
7
8
9
11
11
7
3
7
7
10
12
11
7
14
6
5
3
1
9
4
11
11
22
14
16
12
10
8
2
3
-2
6
1
-1
5
-4
-6
-8
0
0
1
8
1
11
9
10
7
0
7
7
-6
-12
-13
-12
-11
-13
-17
-16
-19
-16
-17
-20
-18
-25
-19
-12
-17
-16
-10
-8
-9
-7
-13
-8
-8
-6
-4
-6
-3
-7
-10
-10
-4
-10
-4
-14
-6
-8
-1
-7
-6
-3
-3
-4
-5
3
-2
-2
-3
6
-2
2
0
0
4
4
2
-2
1
7
6
8
3
8
13
10
11
14
11
15
16
19
20
12
13
18
20
14
20
17
13
19
17
16
15
11
7
9
10
5
12
10
7
12
7
9
7
-2
-1
-1
-5
-2
-3
-7
8
2
0
7
3
11
6
3
10
11
4
-3
-2
-1
-6
-14
-22
-19
-13
-24
-29
-26
-26
-20
-31
-32
-26
-24
-27
-33
-35
-34
-33
-34
-31
-29
-26
-27
-34
-32
-29
-34
-32
-36
-37
-35
-36
-31
-41
-29
-29
-27
-20
-18
-8
-14
-3
-6
-6
-8
-4
-2
1
4
8
2
13
18
22
35
27
35
37
39
44
39
46
44
42
39
33
50
54
72
86
111
137
172
199
217
228
229
232
210
186
170
141
112
72
36
9
-27
-61
-90
-111
-126
-144
-163
-174
-168
-184
-173
-161
-152
-124
-110
-86
-66
-47
-35
-30
-27
-13
-13
-30
-37
-49
-66
-79
-100
-118
-133
-144
-154
-168
-163
-151
-140
-117
-83
-44
-8
22
63
94
123
149
164
178
184
184
175
157
145
125
93
59
32
3
-41
-65
-101
-130
-148
-163
-163
-156
-144
-129
-121
-100
-82
-64
-55
-37
-31
-25
-12
-11
0
0
5
6
7
3
7
11
13
21
31
47
51
61
71
85
91
103
102
109
127
135
151
155
171
195
230
274
316
380
477
572
675
739
787
816
807
727
622
510
369
211
15
-155
-297
-434
-564
-668
-739
-771
-811
-824
-805
-754
-677
-601
-509
-397
-286
-186
-91
-5
68
97
95
75
50
4
-67
-145
-217
-309
-396
-468
-535
-587
-635
-657
-640
-608
-546
-462
-355
-232
-95
32
146
275
382
473
546
598
639
665
662
644
620
608
587
548
468
367
257
122
-30
-175
-287
-385
-461
-505
-514
-487
-411
-338
-248
-151
-45
56
136
226
287
325
338
324
296
263
221
148
101
30
-34
-85
-151
-179
-188
-191
-175
-157
-138
-108
-80
-38
-1
32
80
126
170
217
256
276
292
269
241
227
222
259
302
372
439
521
638
798
977
1117
1187
1174
1092
926
688
408
114
-158
-444
-730
-973
-1149
-1261
-1322
-1333
-1293
-1204
-1090
-956
-776
-545
-297
-79
101
278
425
522
568
566
509
379
186
-6
-185
-364
-521
-671
-788
-883
-961
-1026
-1031
-975
-901
-791
-639
-424
-179
74
323
563
744
854
881
861
818
731
621
494
382
266
169
89
19
-30
-79
-138
-198
-205
-176
-115
-35
48
114
162
181
159
130
65
-12
-95
-162
-203
-202
-169
-86
8
85
159
212
245
253
247
243
224
180
157
138
105
76
42
-17
-89
-156
-236
-298
-321
-317
-296
-252
-213
-166
-107
-45
28
74
117
154
168
182
212
248
309
382
445
521
616
712
822
997
1244
1425
1469
1372
1195
951
603
203
-185
-529
-842
-1159
-1395
-1482
-1449
-1394
-1319
-1163
-942
-722
-521
-256
45
349
575
722
838
894
845
689
498
244
-79
-451
-781
-1018
-1195
-1320
-1397
-1388
-1332
-1279
-1165
-983
-750
-535
-315
-41
291
597
834
1026
1158
1183
1059
827
571
341
119
-109
-291
-404
-461
-484
-470
-413
-326
-235
-144
-53
86
268
482
716
900
1029
1068
1000
851
592
292
-37
-341
-583
-769
-849
-809
-688
-526
-335
-170
3
133
237
323
402
479
512
535
510
457
344
189
-12
-255
-478
-686
-831
-887
-868
-779
-638
-456
-286
-128
5
114
193
217
242
275
330
403
451
484
510
569
612
626
646
687
759
949
1251
1519
1645
1574
1345
1030
603
93
-370
-699
-934
-1180
-1369
-1382
-1242
-1083
-959
-782
-582
-405
-306
-183
73
358
566
670
746
759
648
418
175
-109
-447
-826
-1141
-1316
-1378
-1376
-1317
-1171
-1013
-895
-766
-571
-365
-151
31
250
511
718
841
880
853
733
451
74
-271
-521
-687
-783
-808
-744
-628
-481
-317
-134
84
259
423
585
747
897
1053
1189
1266
1233
1043
778
479
173
-181
-508
-770
-981
-1122
-1147
-1050
-839
-546
-277
-19
231
479
696
839
978
1091
1078
963
814
602
363
22
-331
-655
-954
-1157
-1283
-1256
-1102
-918
-709
-471
-240
-33
131
294
422
511
534
537
553
578
560
489
424
372
379
395
438
525
638
818
1197
1691
2032
2112
1917
1531
1028
390
-283
-766
-1037
-1231
-1443
-1565
-1477
-1280
-1137
-1020
-816
-559
-361
-215
36
416
809
1053
1128
1098
955
631
184
-235
-634
-1067
-1454
-1705
-1774
-1727
-1623
-1445
-1230
-1071
-954
-790
-546
-256
27
325
641
953
1117
1095
945
724
384
-86
-577
-937
-1131
-1180
-1116
-965
-741
-488
-253
-38
202
445
676
883
1077
1269
1457
1593
1668
1608
1382
1020
557
58
-450
-902
-1248
-1445
-1533
-1488
-1301
-993
-618
-277
46
368
665
923
1120
1290
1397
1418
1297
1054
703
267
-192
-649
-1031
-1342
-1529
-1594
-1546
-1330
-1072
-758
-423
-96
202
426
602
760
862
882
863
807
736
611
469
334
200
82
-17
-62
15
155
329
534
872
1470
2120
2535
2586
2323
1814
1136
358
-391
-896
-1155
-1368
-1651
-1844
-1829
-1721
-1645
-1498
-1239
-901
-557
-192
281
821
1309
1554
1574
1384
998
475
-96
-589
-1048
-1488
-1831
-1994
-2035
-1994
-1871
-1667
-1411
-1217
-1058
-814
-415
49
477
821
1122
1341
1328
1087
737
338
-108
-582
-993
-1247
-1282
-1165
-957
-696
-426
-153
73
308
577
889
1190
1449
1641
1754
1784
1732
1569
1251
790
240
-331
-808
-1081
-1233
-1236
-1094
-949
-804
-622
-371
-80
234
575
857
1067
1263
1386
1392
1308
1138
807
357
-84
-541
-931
-1192
-1358
-1448
-1475
-1418
-1282
-1066
-760
-396
-67
265
539
745
907
1000
1071
1081
997
843
637
425
226
11
-165
-331
-442
-482
-406
-200
69
375
692
1089
1739
2446
2865
2877
2500
1847
1020
118
-704
-1218
-1456
-1640
-1900
-2067
-2041
-1929
-1780
-1527
-1136
-655
-164
306
810
1359
1767
1885
1704
1270
649
-51
-711
-1226
-1600
-1926
-2149
-2237
-2265
-2216
-2072
-1800
-1454
-1143
-837
-457
43
596
1053
1344
1532
1555
1305
849
336
-132
-535
-915
-1193
-1310
-1263
-1060
-824
-555
-281
-19
204
468
832
1212
1580
1888
2028
1982
1775
1464
1068
620
132
-332
-699
-949
-1075
-1092
-989
-810
-607
-431
-285
-33
271
575
867
1111
1254
1258
1158
966
717
435
113
-283
-623
-906
-1102
-1194
-1228
-1194
-1131
-1024
-856
-646
-345
-13
318
606
830
958
1032
1063
1023
909
706
426
134
-90
-265
-350
-353
-288
-253
-265
-267
-159
36
302
634
1001
1418
2040
2693
3013
2878
2387
1583
627
-292
-1092
-1569
-1688
-1669
-1779
-1869
-1801
-1672
-1501
-1227
-787
-248
316
784
1196
1562
1770
1685
1246
627
-68
-754
-1306
-1677
-1931
-2158
-2313
-2383
-2378
-2294
-2063
-1668
-1166
-665
-248
164
640
1092
1340
1388
1288
1088
727
245
-178
-521
-776
-1018
-1232
-1352
-1318
-1155
-936
-687
-321
78
484
928
1388
1800
2106
2264
2182
1956
1590
1132
629
138
-270
-647
-911
-986
-966
-874
-733
-552
-387
-208
28
297
591
907
1148
1249
1231
1066
778
445
142
-130
-370
-542
-646
-720
-778
-816
-848
-866
-814
-755
-600
-367
-73
205
440
645
782
872
882
839
734
597
413
221
30
-101
-184
-242
-243
-231
-224
-216
-171
-132
-61
112
370
690
1025
1300
1623
2138
2586
2581
2155
1489
687
-99
-781
-1267
-1392
-1286
-1287
-1482
-1648
-1647
-1605
-1525
-1209
-687
-91
421
783
1093
1265
1195
821
302
-224
-685
-1064
-1310
-1422
-1561
-1750
-1933
-2027
-2027
-1917
-1645
-1208
-723
-279
71
378
696
889
966
922
841
743
527
265
19
-204
-458
-727
-959
-1074
-999
-757
-467
-150
247
622
971
1253
1477
1627
1688
1650
1494
1259
1005
747
435
76
-275
-582
-791
-846
-746
-553
-274
-48
70
145
227
339
456
598
655
609
496
338
142
-27
-129
-219
-267
-272
-297
-303
-315
-313
-346
-420
-448
-398
-209
63
297
476
556
486
323
167
97
99
154
160
131
113
118
77
-4
-60
-57
-54
-74
-63
23
138
213
272
339
442
528
604
670
756
1049
1509
1867
1923
1659
1158
560
-29
-556
-903
-986
-942
-1125
-1413
-1630
-1725
-1725
-1606
-1247
-749
-222
118
309
471
584
523
287
20
-217
-379
-527
-671
-856
-1139
-1506
-1835
-2013
-2013
-1811
-1423
-924
-437
-59
239
492
674
762
787
811
880
890
792
631
462
254
-67
-413
-701
-792
-683
-517
-343
-157
39
199
349
538
805
1107
1350
1461
1462
1406
1274
1011
642
289
10
-188
-304
-328
-302
-265
-292
-408
-541
-581
-494
-306
-6
302
524
638
647
556
418
297
253
222
223
172
93
6
-126
-308
-464
-523
-525
-444
-383
-314
-270
-247
-222
-170
-47
134
252
348
379
341
280
205
162
164
231
276
332
412
462
434
347
251
105
-47
-100
-80
21
173
279
301
326
580
1104
1581
1734
1520
1053
555
119
-242
-409
-376
-343
-563
-1012
-1480
-1809
-2004
-2044
-1805
-1344
-849
-500
-284
-80
68
159
140
117
136
142
143
80
-82
-389
-762
-1115
-1321
-1367
-1239
-998
-783
-673
-687
-697
-629
-485
-299
-41
310
712
1017
1124
1104
998
819
564
314
147
111
128
106
-13
-155
-283
-354
-313
-149
138
462
724
825
837
834
826
822
789
721
630
518
383
216
101
101
187
267
202
75
-10
-116
-197
-211
-150
-14
65
42
-18
19
81
62
68
139
224
267
247
153
73
-10
-147
-260
-342
-368
-425
-487
-571
-696
-781
-806
-713
-525
-253
24
311
534
629
678
686
668
685
727
747
725
626
436
139
-188
-516
-746
-806
-728
-571
-443
-338
-266
-151
268
1000
1686
1950
1770
1425
1141
904
662
423
269
76
-337
-902
-1415
-1796
-2142
-2331
-2171
-1759
-1309
-986
-735
-404
-66
195
418
653
885
997
932
744
463
40
-468
-871
-1064
-1138
-1178
-1203
-1229
-1298
-1375
-1371
-1237
-904
-496
-30
416
836
1112
1160
1113
1020
941
830
743
667
579
424
233
12
-215
-374
-453
-430
-337
-211
-102
-12
86
190
318
504
739
998
1236
1425
1457
1321
1110
912
786
654
467
233
15
-210
-429
-603
-688
-732
-797
-800
-717
-549
-393
-222
-64
110
292
420
524
564
559
462
292
145
-12
-190
-357
-501
-607
-715
-846
-942
-986
-948
-816
-632
-395
-135
87
278
450
564
621
591
543
497
451
383
270
109
-68
-240
-395
-546
-608
-564
-442
-267
-124
11
110
243
592
1214
1860
2109
1865
1431
1106
943
792
621
421
131
-313
-811
-1156
-1309
-1424
-1586
-1628
-1467
-1230
-1061
-960
-799
-601
-403
-214
34
317
500
540
488
423
323
182
59
17
-9
-126
-385
-689
-990
-1220
-1326
-1339
-1265
-1172
-1047
-903
-716
-477
-239
-11
223
497
815
1109
1355
1513
1593
1581
1440
1206
909
606
351
84
-157
-399
-598
-732
-804
-752
-620
-401
-183
38
304
588
893
1136
1251
1335
1457
1585
1645
1477
1100
596
72
-361
-655
-822
-932
-1070
-1212
-1264
-1198
-1040
-804
-534
-216
113
389
552
646
651
570
459
331
167
-67
-331
-607
-798
-922
-1011
-1020
-991
-938
-866
-730
-543
-297
-31
202
373
475
501
468
457
484
542
520
477
410
347
320
227
123
33
4
36
120
219
275
313
375
673
1182
1555
1531
1214
908
834
909
920
862
708
358
-121
-562
-839
-968
-1151
-1361
-1447
-1378
-1315
-1355
-1394
-1358
-1198
-1018
-777
-435
-77
153
191
186
193
200
155
91
50
-33
-221
-488
-752
-976
-1132
-1258
-1316
-1272
-1101
-875
-640
-391
-147
76
271
450
646
838
958
1016
1036
1035
1017
908
705
494
360
290
247
257
259
292
325
356
412
443
428
377
356
390
471
583
652
609
475
296
169
116
137
165
178
187
168
138
135
119
43
-46
-169
-268
-372
-454
-518
-583
-644
-742
-785
-785
-756
-689
-611
-500
-401
-307
-238
-139
-40
22
88
150
196
187
112
-9
-140
-252
-350
-379
-353
-298
-250
-208
-109
12
165
313
459
593
666
712
752
797
833
878
910
890
790
651
487
360
409
692
1062
1216
1016
631
398
405
505
504
422
227
-96
-469
-770
-898
-987
-1126
-1297
-1337
-1314
-1307
-1343
-1367
-1315
-1237
-1145
-1002
-801
-638
-549
-478
-363
-243
-137
-45
70
137
104
4
-91
-143
-178
-264
-374
-428
-447
-477
-509
-495
-409
-342
-299
-232
-95
107
299
448
600
802
956
1028
1059
1074
1126
1188
1202
1174
1074
925
750
564
432
345
231
93
-50
-157
-214
-224
-136
-26
118
252
304
297
242
186
181
191
214
191
90
-55
-230
-348
-435
-464
-466
-470
-487
-498
-477
-400
-304
-226
-198
-205
-235
-313
-378
-434
-459
-470
-493
-518
-528
-487
-441
-386
-310
-212
-120
-23
94
255
410
545
651
743
837
857
846
813
757
710
632
529
406
288
170
53
-16
-16
-6
32
71
101
129
159
261
493
923
1291
1404
1180
845
669
724
778
662
436
64
-361
-745
-1013
-1194
-1345
-1574
-1797
-1866
-1854
-1841
-1794
-1634
-1417
-1197
-1023
-891
-746
-605
-463
-255
23
234
303
266
209
185
169
162
231
281
280
200
116
59
14
-15
-57
-9
66
68
3
-83
-107
-101
-44
39
146
290
387
436
487
577
677
806
930
1065
1173
1212
1174
1105
991
896
775
631
473
278
88
-125
-275
-395
-497
-556
-568
-564
-550
-562
-526
-438
-365
-286
-273
-252
-188
-88
26
81
109
52
-47
-111
-137
-123
-102
-164
-288
-412
-511
-555
-541
-506
-474
-435
-398
-366
-328
-274
-203
-95
46
192
330
417
451
518
568
650
709
705
676
648
633
618
603
562
516
506
514
508
462
378
274
195
121
25
-15
-32
-68
-128
-221
-297
-279
-117
169
385
394
244
182
342
584
665
508
246
-58
-335
-517
-622
-732
-927
-1226
-1471
-1599
-1657
-1716
-1737
-1661
-1533
-1398
-1266
-1110
-899
-698
-475
-225
-22
95
137
236
369
511
612
640
656
661
645
618
603
598
528
430
370
344
317
235
113
0
-46
-38
-29
-48
-55
-9
13
58
110
164
276
369
507
666
795
881
930
976
1012
1016
981
911
788
651
504
325
129
-80
-273
-437
-552
-622
-672
-725
-761
-771
-755
-694
-629
-522
-388
-222
-55
51
134
146
142
165
220
292
346
327
242
102
-36
-154
-262
-316
-364
-379
-380
-370
-314
-241
-175
-136
-120
-109
-89
-28
44
134
226
265
264
283
275
250
224
228
225
234
265
282
296
320
369
424
468
460
412
351
285
209
131
69
15
-69
-186
-300
-360
-288
-72
78
36
-151
-254
-124
127
260
224
111
-5
-93
-143
-153
-257
-447
-690
-881
-940
-1006
-1158
-1279
-1291
-1240
-1168
-1106
-1019
-909
-742
-527
-269
-45
78
151
295
478
632
726
714
679
637
598
600
631
602
519
432
388
392
374
333
240
174
143
99
60
12
-13
-39
-76
-99
-72
-30
70
197
294
369
400
418
457
521
579
609
565
503
404
313
259
210
145
40
-42
-111
-167
-187
-167
-124
-139
-206
-293
-340
-318
-296
-294
-318
-334
-353
-360
-308
-233
-182
-138
-146
-129
-113
-135
-169
-169
-153
-141
-138
-147
-157
-175
-201
-228
-246
-258
-234
-191
-109
0
95
166
182
189
228
285
348
371
333
256
171
98
58
45
31
43
85
137
180
196
255
311
382
399
393
380
348
313
264
197
127
26
-64
-60
51
148
58
-169
-318
-192
77
264
259
183
122
113
160
176
108
-67
-269
-410
-475
-550
-754
-970
-1101
-1134
-1112
-1050
-983
-931
-865
-734
-533
-320
-153
-19
172
381
533
590
560
501
472
449
475
525
503
376
240
163
166
206
215
176
121
82
33
-15
-61
-86
-126
-132
-139
-133
-136
-139
-80
-2
60
116
171
252
317
337
372
399
398
372
337
301
226
136
69
23
7
-69
-140
-177
-138
-76
-57
-53
-37
12
38
65
66
40
-1
-60
-109
-149
-216
-299
-382
-421
-414
-405
-374
-333
-265
-197
-134
-52
53
145
204
250
276
237
159
90
45
54
28
-44
-115
-171
-166
-123
-85
-47
-13
7
89
184
280
307
271
233
198
196
183
188
164
144
137
138
158
148
111
81
96
156
213
221
192
137
145
226
370
508
490
331
205
274
466
588
457
271
159
119
120
55
-88
-280
-499
-641
-665
-740
-907
-1111
-1161
-1062
-927
-887
-887
-870
-793
-659
-498
-352
-280
-227
-120
89
269
315
256
181
181
233
255
278
240
170
84
68
114
157
157
123
67
77
89
73
38
-9
-9
-32
-91
-213
-313
-335
-245
-147
-76
-51
-76
-46
57
214
364
437
487
514
520
542
586
583
561
480
393
300
205
145
113
137
149
110
36
-16
-10
24
19
10
-29
-65
-87
-91
-91
-122
-193
-249
-271
-292
-304
-335
-349
-344
-318
-286
-264
-216
-160
-104
-59
2
30
31
41
57
72
104
117
91
56
27
44
85
126
115
109
105
138
186
237
280
259
224
151
120
133
127
139
150
128
102
73
46
104
163
217
229
215
249
296
352
394
499
628
654
550
372
302
369
435
345
114
-94
-218
-244
-261
-320
-433
-607
-772
-856
-852
-869
-974
-1028
-1017
-1009
-1028
-1050
-1031
-962
-870
-757
-644
-611
-593
-533
-361
-169
-96
-86
-66
21
157
253
335
375
384
369
388
457
490
452
356
250
199
181
152
104
52
42
48
63
52
20
21
79
188
262
286
297
314
354
424
483
481
436
402
385
420
452
441
403
375
357
326
300
270
244
230
222
242
243
172
64
-9
16
64
54
-15
-148
-270
-299
-301
-311
-334
-404
-461
-469
-407
-341
-330
-321
-295
-271
-222
-174
-123
-76
-45
7
67
107
127
133
176
208
189
155
133
119
120
123
127
95
51
29
45
105
146
154
111
123
156
214
273
242
234
185
173
156
136
130
88
77
54
46
37
38
31
41
50
71
120
245
301
242
113
39
153
260
216
7
-186
-277
-316
-353
-423
-549
-713
-867
-902
-828
-791
-841
-907
-889
-815
-759
-734
-721
-666
-612
-544
-489
-451
-446
-427
-337
-193
-89
-67
-61
-2
113
250
372
453
479
480
485
523
599
643
598
545
517
502
509
475
417
370
345
294
218
185
155
162
166
185
185
146
130
146
212
265
276
234
172
125
137
185
224
206
145
103
71
60
86
70
7
-52
-91
-65
-2
44
28
-10
-21
11
51
75
58
16
-6
-17
-27
-66
-123
-174
-210
-236
-251
-294
-353
-400
-413
-394
-362
-312
-249
-192
-132
-41
40
94
123
126
191
274
327
343
318
279
231
216
215
202
157
97
34
25
57
46
40
35
35
51
47
12
-37
-70
-82
-73
-79
-109
-136
-136
-121
-96
-91
-97
-117
-129
-120
-81
-21
70
169
195
166
115
168
321
420
369
249
162
109
77
54
-15
-134
-322
-490
-559
-584
-619
-698
-733
-722
-682
-637
-630
-591
-530
-453
-361
-287
-255
-270
-296
-248
-179
-145
-147
-158
-155
-107
-33
41
137
200
253
311
400
522
569
567
546
548
575
570
536
460
386
347
299
249
201
156
133
120
117
86
38
7
13
35
54
67
80
75
65
58
49
37
9
-21
-37
7
58
80
68
53
68
96
138
171
195
235
236
198
191
166
164
163
109
86
26
-34
-71
-90
-95
-135
-157
-178
-181
-178
-166
-145
-138
-110
-108
-108
-137
-138
-144
-155
-151
-158
-156
-167
-154
-134
-110
-111
-124
-168
-200
-195
-167
-144
-124
-121
-131
-138
-129
-80
-54
-47
-43
-26
3
51
38
41
58
56
37
11
32
78
113
143
163
187
215
251
281
308
323
334
383
490
542
485
341
260
318
380
374
250
134
36
-38
-41
-26
-44
-151
-293
-369
-342
-344
-401
-485
-572
-622
-694
-739
-748
-763
-785
-806
-823
-821
-795
-754
-671
-537
-410
-291
-208
-104
20
143
258
339
389
393
387
395
450
487
478
421
349
339
335
340
350
372
410
416
403
421
454
480
465
426
385
341
301
233
181
120
48
-4
-32
-74
-80
-99
-88
-45
-3
19
34
64
102
127
144
183
198
168
122
89
71
101
110
79
13
-74
-133
-124
-85
-60
-83
-120
-165
-164
-130
-89
-82
-104
-151
-173
-170
-169
-190
-239
-303
-347
-359
-374
-375
-387
-396
-402
-420
-367
-304
-252
-176
-113
-41
0
48
68
88
134
190
221
216
177
140
130
144
174
175
136
88
79
105
161
219
255
295
320
338
371
417
435
432
386
322
308
272
233
175
121
85
42
9
25
76
86
26
-73
-87
-25
49
46
-11
-70
-127
-172
-192
-209
-240
-333
-481
-583
-636
-682
-735
-778
-823
-836
-847
-850
-807
-742
-683
-628
-554
-463
-365
-296
-245
-136
-29
100
194
243
310
337
382
451
528
580
567
571
590
606
625
616
617
625
634
601
557
517
465
412
362
347
339
294
205
103
61
15
-11
-60
-98
-113
-148
-167
-182
-173
-155
-159
-161
-151
-137
-114
-111
-85
-74
-69
-84
-116
-116
-108
-99
-96
-92
-89
-49
19
93
128
141
116
120
177
232
265
261
210
130
62
13
0
-48
-109
-175
-239
-290
-321
-320
-315
-321
-309
-284
-279
-255
-234
-208
-171
-146
-118
-123
-115
-114
-100
-36
18
64
70
71
87
132
189
243
279
286
289
284
253
213
175
146
88
48
-7
-46
-63
-78
-78
-70
-66
-51
-18
19
67
113
161
177
188
199
220
213
198
199
213
208
155
71
-18
-23
18
33
19
-21
-58
-104
-136
-138
-132
-136
-169
-219
-254
-268
-291
-296
-327
-380
-419
-452
-475
-463
-452
-452
-458
-444
-399
-350
-292
-238
-190
-156
-98
-43
25
92
139
159
173
202
252
286
297
297
287
268
266
279
290
303
280
265
239
218
208
196
194
189
188
182
153
116
91
63
45
41
8
-38
-81
-122
-130
-137
-135
-157
-161
-152
-102
-52
-18
21
58
112
160
231
274
302
301
304
316
327
341
353
353
305
243
154
110
88
91
100
74
24
-34
-88
-121
-112
-104
-141
-194
-253
-281
-306
-331
-334
-358
-382
-396
-397
-365
-331
-311
-302
-276
-235
-198
-150
-128
-90
-68
-63
-52
-25
-12
-1
15
15
48
77
107
127
152
159
173
199
226
257
262
259
230
232
253
255
230
203
183
171
149
136
129
123
123
91
71
51
8
-16
-42
-49
4
52
57
24
-35
-55
-32
-10
22
24
19
-20
-53
-81
-78
-88
-125
-172
-212
-233
-273
-317
-389
-431
-438
-469
-474
-480
-493
-494
-531
-536
-497
-433
-383
-331
-285
-230
-192
-140
-85
-17
58
116
166
223
279
336
390
411
433
430
445
442
451
442
405
368
330
306
276
238
195
174
138
130
98
66
47
16
3
-19
-15
-16
-33
-68
-115
-133
-139
-135
-112
-99
-81
-58
-45
-15
8
44
79
106
143
180
198
220
229
245
236
227
237
250
268
275
286
253
238
210
193
177
154
126
77
33
5
-32
-77
-130
-188
-246
-273
-308
-348
-382
-401
-406
-392
-371
-366
-329
-309
-262
-202
-162
-132
-103
-77
-40
8
42
59
69
82
101
125
117
98
70
56
65
66
68
22
-7
-39
-64
-49
-57
-49
-61
-69
-56
-34
4
32
41
45
55
60
82
83
88
79
67
45
39
28
-1
-4
-5
0
-7
5
34
90
131
127
119
111
113
100
94
101
88
77
48
6
-24
-73
-132
-177
-190
-210
-245
-280
-314
-328
-358
-359
-361
-347
-335
-344
-315
-316
-277
-243
-226
-192
-158
-117
-71
10
71
104
130
156
210
241
276
306
324
323
332
343
329
302
261
221
187
162
128
93
68
52
33
12
-10
-11
-1
0
7
19
39
61
77
104
120
133
141
143
162
169
177
175
169
163
153
141
131
118
94
82
62
48
25
-8
-31
-53
-63
-74
-68
-67
-37
-23
-27
-45
-58
-58
-58
-73
-89
-95
-112
-112
-125
-135
-143
-172
-210
-244
-249
-237
-214
-214
-219
-225
-214
-210
-202
-178
-159
-126
-106
-78
-47
-10
13
35
60
77
99
101
105
113
127
122
108
105
103
85
87
103
114
112
90
80
76
65
68
77
92
89
87
78
82
85
95
97
97
98
85
92
79
67
60
49
34
10
-8
-40
-67
-90
-104
-102
-121
-130
-167
-172
-147
-130
-114
-115
-104
-93
-85
-67
-56
-40
-40
-47
-36
-17
-10
-13
-37
-57
-59
-72
-60
-68
-80
-96
-111
-128
-121
-123
-138
-161
-156
-137
-111
-88
-63
-49
-33
-31
-6
37
67
108
136
187
213
246
259
271
271
273
255
254
255
235
207
150
123
79
45
16
-14
-47
-67
-91
-86
-88
-92
-79
-79
-61
-38
-17
-10
-13
-20
-7
16
37
46
49
43
49
73
78
80
75
62
58
45
24
3
-14
-25
-43
-48
-46
-36
-48
-50
-40
-16
25
52
74
83
90
100
110
113
101
107
91
79
68
36
11
-42
-85
-106
-118
-124
-129
-144
-147
-155
-148
-132
-113
-100
-95
-74
-64
-46
-34
-10
-1
-8
-18
-26
-24
-16
-38
-37
-30
-33
-44
-55
-61
-57
-52
-52
-46
-45
-42
-44
-35
-22
-14
4
16
30
61
82
93
103
120
132
131
139
148
149
157
157
134
104
83
39
29
24
6
-7
-41
-46
-54
-60
-60
-72
-76
-97
-94
-75
-48
-28
-11
-10
0
5
13
24
15
28
26
27
39
37
29
9
-5
-34
-44
-57
-89
-110
-139
-155
-177
-194
-204
-209
-212
-220
-212
-192
-171
-139
-116
-90
-66
-43
-24
-17
0
1
-3
-6
-16
-4
7
0
-14
-7
3
2
3
7
16
30
54
75
90
103
121
147
174
181
198
197
194
213
238
237
228
210
194
182
180
178
143
119
95
77
59
51
56
51
25
9
-17
-12
-13
-7
4
-8
8
10
21
30
35
49
54
50
69
96
107
123
118
97
80
51
39
25
14
6
-5
-19
-41
-60
-88
-136
-162
-203
-231
-244
-259
-260
-263
-256
-260
-246
-245
-213
-187
-175
-151
-148
-127
-88
-75
-69
-54
-38
-36
-43
-60
-60
-59
-51
-43
-28
-1
25
38
49
83
100
119
133
129
144
170
172
174
186
177
161
150
140
112
83
48
38
34
23
14
16
2
-1
4
-8
-6
-2
-4
-12
-5
20
32
13
1
1
5
-16
-15
-33
-36
-25
-30
-32
-26
-8
3
8
22
15
23
28
22
17
10
-2
-16
-31
-56
-67
-99
-120
-142
-153
-160
-161
-165
-168
-156
-146
-115
-98
-95
-83
-68
-39
-22
2
23
24
43
37
36
35
27
17
9
1
19
14
12
6
10
29
38
39
42
61
73
94
92
104
102
99
104
94
96
96
89
87
91
80
73
69
64
59
58
58
49
50
51
47
48
39
36
47
39
45
58
58
79
88
104
118
115
112
100
85
72
64
55
34
24
22
12
-9
-24
-48
-63
-81
-104
-115
-135
-144
-161
-171
-171
-172
-161
-161
-170
-168
-160
-172
-159
-143
-117
-104
-91
-84
-64
-47
-28
-16
-10
2
4
31
38
51
63
75
81
87
88
86
68
67
78
78
73
92
78
81
77
50
50
42
53
35
27
30
17
11
0
-2
-12
-21
-25
-28
-38
-40
-39
-28
-18
-15
-22
-27
-25
-30
-27
-38
-27
-26
-31
-22
-13
-14
-11
17
16
16
21
30
23
27
34
26
25
7
-7
-16
-38
-59
-79
-95
-105
-116
-121
-131
-142
-139
-146
-143
-129
-120
-115
-104
-84
-77
-53
-33
-18
-6
4
16
26
36
49
59
56
57
56
47
38
23
18
9
-2
-13
-13
-24
-31
-36
-38
-44
-48
-38
-32
-24
-14
14
31
46
56
77
110
132
142
153
168
169
176
177
179
177
161
154
154
160
160
161
145
138
134
128
131
117
108
90
75
68
35
16
-3
-15
-19
-22
-36
-57
-71
-74
-75
-64
-61
-60
-57
-64
-58
-55
-39
-40
-40
-30
-40
-35
-32
-22
-14
-2
5
17
24
24
29
27
21
13
13
-7
-12
-35
-50
-59
-65
-77
-106
-123
-126
-134
-143
-140
-141
-144
-158
-161
-159
-153
-143
-142
-130
-114
-98
-79
-61
-45
-19
-1
15
47
51
74
74
90
89
85
99
95
100
94
101
94
93
89
82
66
51
42
30
24
17
4
-3
-23
-32
-45
-24
-22
-26
-10
-18
-13
-14
-7
-1
9
18
37
23
27
30
20
20
23
27
13
20
14
-3
-17
-36
-45
-51
-67
-70
-76
-89
-97
-105
-113
-120
-129
-135
-133
-138
-131
-127
-117
-102
-93
-76
-67
-50
-28
-4
9
23
42
52
76
84
97
104
121
130
141
147
148
152
144
159
160
171
173
155
160
161
159
171
148
138
138
125
116
96
90
79
64
55
41
49
45
28
15
8
6
-7
-15
-27
-33
-32
-34
-27
-35
-34
-29
-27
-24
-29
-28
-36
-53
-48
-62
-64
-64
-70
-84
-99
-101
-117
-119
-124
-131
-139
-134
-136
-144
-143
-142
-134
-143
-143
-140
-140
-136
-135
-127
-126
-115
-100
-88
-76
-64
-54
-38
-20
-2
-1
11
19
27
49
55
65
73
67
72
77
91
80
86
91
82
98
99
112
114
118
105
104
104
101
102
93
90
73
68
75
61
52
42
38
39
21
19
13
23
24
8
16
8
12
14
6
2
-7
4
-1
-14
-17
-16
-18
-14
-8
-11
-2
6
12
25
27
22
12
1
6
-8
-9
-10
-8
-22
-30
-42
-55
-51
-59
-69
-70
-68
-72
-74
-69
-67
-53
-52
-65
-67
-56
-49
-52
-33
-36
-32
-25
-24
-25
-22
-15
-10
-7
-21
-27
-23
-22
-24
-20
-12
-6
-12
-5
-8
7
10
15
23
40
38
37
42
46
52
46
59
62
58
47
37
45
41
26
24
11
15
17
16
18
18
16
18
15
16
20
14
4
10
19
16
17
7
9
5
-3
4
0
-5
-10
-4
0
-3
1
-11
-8
-12
-20
-22
-17
-28
-29
-26
-26
-21
-29
-20
-15
-3
5
20
24
23
38
34
40
42
43
47
45
38
47
48
45
47
44
54
49
43
32
39
50
40
28
17
23
15
10
12
0
4
9
5
5
9
11
4
3
7
-1
-4
7
0
-2
-12
-12
0
-11
-5
-11
-4
-5
-12
-22
-24
-28
-26
-26
-27
-30
-30
-32
-54
-56
-62
-70
-74
-81
-92
-95
-93
-95
-96
-99
-99
-104
-106
-106
-106
-112
-105
-103
-101
-103
-97
-84
-80
-82
-88
-78
-85
-73
-75
-64
-48
-40
-27
-17
-10
0
2
1
15
26
24
31
31
42
47
59
67
58
71
79
75
78
91
90
99
103
104
112
116
118
122
122
131
127
133
132
129
136
128
134
132
120
119
110
107
100
89
90
90
71
60
52
36
18
8
5
-2
2
-6
-16
-22
-40
-47
-58
-69
-74
-79
-70
-76
-66
-62
-72
-62
-58
-47
-40
-41
-34
-31
-13
-8
-4
5
5
0
2
-7
-9
-10
-21
-16
-36
-44
-41
-41
-41
-42
-35
-38
-18
-8
-15
-11
-7
14
10
10
0
-4
1
-12
-21
-26
-29
-41
-36
-46
-47
-53
-44
-42
-56
-45
-45
-48
-46
-40
-29
-25
-21
-24
-19
-17
-21
-22
-30
-25
-29
-29
-29
-31
-27
-28
-29
-18
-4
-6
-7
-8
1
0
-10
-15
-13
-5
-7
-9
-14
-13
-7
-4
-12
-2
7
1
13
25
40
26
30
41
38
44
42
43
41
51
64
61
52
43
37
37
31
30
28
22
20
9
6
19
11
7
8
5
4
0
13
16
22
37
37
44
41
34
35
35
24
23
29
22
23
15
19
25
24
19
23
23
15
20
28
27
31
42
42
49
50
47
35
35
23
18
18
0
-8
-9
-11
-23
-22
-14
-12
-5
-10
-14
-13
-20
-16
-20
-9
-13
-18
-11
-15
-21
-35
-41
-38
-34
-30
-26
-28
-21
-20
-22
-24
-16
-17
-22
-19
-20
-21
-34
-41
-39
-41
-41
-42
-53
-64
-59
-57
-61
-67
-74
-66
-63
-56
-42
-32
-16
-8
2
8
9
12
14
23
13
21
10
5
0
3
13
10
16
7
17
12
13
14
17
23
24
25
22
32
26
24
20
19
10
11
8
9
3
-7
-4
-21
-18
-18
-14
-8
-14
-12
-6
-11
-6
-3
-4
6
10
8
19
17
29
26
23
24
30
25
18
14
6
11
1
-1
4
0
-9
-15
-25
-23
-30
-36
-36
-42
-41
-41
-41
-40
-40
-37
-44
-41
-42
-34
-29
-32
-20
-19
1
-4
4
12
11
19
27
30
32
39
49
54
49
51
50
52
44
38
40
38
29
24
31
27
30
44
41
34
23
22
29
37
41
39
36
29
31
30
31
43
35
30
29
31
35
43
54
61
70
64
65
61
69
69
61
62
53
49
50
47
47
39
34
24
14
5
4
7
-2
-10
-22
-24
-35
-50
-67
-70
-77
-80
-88
-88
-93
-103
-110
-113
-126
-130
-126
-131
-130
-129
-116
-126
-123
-110
-105
-92
-85
-78
-69
-66
-55
-55
-50
-53
-48
-41
-42
-44
-48
-50
-39
-45
-42
-38
-32
-31
-30
-26
-22
-19
-18
-6
4
16
21
31
36
53
56
62
65
68
79
90
103
102
120
110
104
109
104
106
97
90
89
83
76
71
69
60
52
51
36
31
26
16
13
8
4
-3
-8
-13
-20
-22
-30
-25
-29
-31
-33
-29
-17
-19
-12
-8
-2
-3
1
13
8
19
21
23
31
27
42
48
47
39
37
38
40
38
36
36
29
29
23
27
18
11
18
9
10
-2
0
0
-1
-8
-11
-7
-11
-5
-7
-12
-4
2
0
6
10
20
21
19
30
19
21
26
38
46
41
34
33
33
27
13
11
-6
-26
-38
-51
-56
-70
-72
-89
-93
-90
-96
-103
-94
-94
-82
-71
-67
-66
-64
-54
-54
-46
-46
-49
-48
-44
-38
-37
-30
-32
-34
-31
-36
-30
-41
-39
-36
-34
-29
-33
-27
-27
-30
-30
-23
-34
-37
-30
-29
-32
-34
-42
-41
-39
-40
-37
-46
-35
-37
-26
-16
-16
-1
4
4
19
20
22
27
31
40
43
43
44
48
58
58
57
62
61
71
68
67
84
76
76
78
74
83
79
74
70
62
74
60
59
52
53
47
40
44
37
51
45
55
53
51
56
53
66
58
58
54
53
49
41
37
32
31
27
22
12
8
-3
-12
-16
-24
-35
-35
-38
-40
-42
-50
-57
-57
-56
-66
-66
-73
-77
-78
-80
-82
-81
-73
-81
-73
-79
-82
-67
-70
-53
-58
-42
-28
-28
-10
-12
-8
-4
-2
9
6
12
15
16
15
20
21
20
26
24
25
21
18
12
9
11
18
9
17
20
13
18
8
3
7
7
6
9
4
6
6
5
5
12
12
18
31
28
37
43
45
47
53
56
56
50
50
50
41
35
34
18
8
5
1
-2
-11
-23
-32
-37
-39
-47
-45
-52
-51
-49
-50
-49
-58
-53
-50
-56
-52
-56
-49
-49
-42
-48
-50
-35
-31
-23
-20
-13
-5
-11
-11
-3
-14
-14
-9
2
9
8
9
22
22
25
31
32
36
40
45
41
37
38
28
22
17
-1
-3
-5
-7
-15
-16
-11
-10
-8
-12
0
3
0
2
2
13
12
19
20
16
14
17
16
11
19
12
11
12
13
12
12
8
7
6
3
1
-10
-6
-3
-1
-11
-12
-19
-28
-19
-24
-25
-19
-20
-19
-19
-13
-5
-2
15
19
24
31
23
31
35
41
36
35
40
30
20
26
25
18
12
11
12
6
6
9
2
4
0
7
5
-5
6
3
0
0
5
10
11
12
13
8
10
12
8
4
-1
2
-3
-6
-4
-5
-12
-14
-14
-16
-18
-25
-18
-15
-20
-15
-19
-24
-25
-19
-27
-36
-40
-37
-38
-46
-50
-56
-63
-63
-61
-59
-59
-60
-60
-64
-67
-73
-62
-58
-62
-55
-56
-44
-34
-33
-27
-21
-4
3
10
14
11
22
29
34
40
37
35
40
33
31
23
32
30
25
30
25
29
26
26
28
31
29
28
34
32
35
36
42
42
42
45
45
48
43
51
53
57
51
54
55
51
51
50
52
52
59
59
49
39
39
33
28
27
24
14
14
4
-2
-3
-10
6
-4
-3
-8
-12
-10
-13
-11
-17
-17
-16
-9
-21
-17
-12
-21
-17
-15
-20
-21
-9
-5
0
-2
3
-1
1
5
8
10
9
7
3
5
0
8
-1
-6
-12
-27
-22
-36
-30
-30
-42
-48
-50
-47
-41
-46
-41
-44
-52
-45
-52
-43
-39
-36
-30
-30
-29
-27
-20
-22
-16
-13
-19
2
1
7
11
16
20
16
15
13
7
0
-4
-16
-15
-26
-25
-31
-33
-41
-45
-44
-49
-40
-46
-38
-41
-36
-28
-28
-22
-24
-4
3
6
3
8
11
13
26
30
42
34
44
49
48
50
42
46
38
44
42
38
40
35
37
35
35
35
31
33
33
29
26
27
23
27
24
31
19
25
30
18
11
4
0
0
2
-8
4
9
7
9
8
8
4
5
3
-4
-5
-9
-7
-12
-9
-9
-11
-14
-17
-24
-21
-22
-24
-21
-24
-22
-19
-19
-22
-19
-32
-31
-31
-42
-31
-35
-27
-29
-28
-24
-24
-17
-23
-11
-11
-2
0
12
10
5
14
16
18
19
25
26
31
33
39
29
27
20
17
18
9
8
0
0
-1
-1
5
-12
-6
-16
-20
-28
-31
-17
-26
-22
-27
-23
-23
-23
-27
-27
-22
-25
-21
-25
-16
-11
-5
2
-3
10
13
7
7
14
15
19
18
29
33
30
41
40
43
38
37
36
31
27
23
30
19
18
14
18
9
10
9
6
9
7
11
7
2
-8
-4
-3
-14
-17
-17
-20
-22
-25
-13
-12
-8
-8
-8
0
-3
-9
-12
-21
-19
-15
-17
-12
-13
-20
-25
-20
-17
-24
-19
-18
-19
-9
-3
5
2
-2
2
-16
-19
-12
-11
-7
-7
-9
-8
-12
-4
-7
-3
3
5
14
11
14
21
18
26
16
22
15
28
24
19
28
22
28
19
23
20
26
26
24
20
28
23
24
24
21
28
26
24
25
25
22
19
28
26
20
20
16
15
17
11
15
19
22
19
17
24
28
27
26
31
29
33
31
21
18
16
12
12
-1
-7
-4
-19
-22
-24
-33
-40
-47
-49
-51
-52
-53
-66
-68
-66
-67
-63
-69
-71
-72
-65
-70
-72
-76
-72
-72
-69
-62
-65
-61
-56
-55
-56
-52
-49
-46
-37
-41
-34
-29
-26
-22
-14
-9
-9
-1
1
10
8
10
17
19
20
25
29
30
28
24
29
26
34
26
20
32
23
30
26
30
35
35
36
33
42
41
36
35
37
39
35
31
27
29
21
23
24
23
27
28
24
21
17
16
15
10
1
-2
1
-2
-10
-14
-12
-20
-17
-22
-27
-33
-25
-27
-23
-26
-23
-26
-20
-10
-8
3
0
8
12
15
16
23
24
21
26
35
33
36
44
39
36
31
30
24
22
31
28
32
28
32
32
35
35
29
33
28
40
38
42
31
35
40
34
38
33
30
20
20
15
17
11
4
6
-1
-2
-7
-8
-8
-9
-16
-18
-20
-29
-35
-36
-32
-32
-37
-39
-42
-43
-46
-51
-51
-51
-51
-59
-58
-53
-58
-60
-55
-60
-62
-55
-59
-58
-60
-54
-58
-57
-54
-59
-48
-48
-35
-29
-23
-25
-25
-14
-3
-3
-4
-4
3
0
2
5
3
12
11
7
13
13
10
13
14
11
18
13
25
24
20
23
17
27
27
31
29
28
25
24
31
26
27
26
33
31
31
34
31
34
27
32
37
39
40
43
41
35
28
32
30
25
22
19
20
9
6
10
11
12
13
12
12
11
25
25
32
28
22
25
17
18
9
14
9
5
-1
-5
-6
-10
-8
-14
-8
-17
-18
-18
-24
-22
-30
-31
-35
-31
-29
-35
-39
-39
-39
-33
-32
-34
-29
-34
-27
-35
-32
-35
-41
-34
-29
-24
-24
-23
-27
-29
-28
-22
-22
-13
-8
-5
0
7
16
10
7
10
13
13
13
12
14
13
15
10
11
18
23
26
19
15
16
20
23
26
26
19
25
24
23
26
25
21
20
9
13
17
17
14
9
13
18
21
15
18
17
15
16
11
4
0
-4
-6
-5
-13
-17
-26
-28
-36
-29
-34
-36
-33
-29
-32
-38
-35
-31
-32
-26
-30
-26
-23
-20
-24
-25
-19
-19
-16
-9
-16
-12
-8
-12
-7
-9
-8
-15
-7
-6
-6
-6
2
-4
-3
2
-7
1
-2
-7
-1
0
5
3
6
6
7
12
12
14
18
13
16
15
12
15
7
18
15
13
6
1
2
1
12
10
12
12
13
14
25
27
24
30
23
17
17
23
15
21
22
16
18
14
21
15
17
11
15
13
12
12
13
16
18
13
9
14
7
7
0
1
-6
-4
-2
0
3
0
3
6
4
12
16
12
9
8
6
5
4
8
7
3
6
13
10
8
5
2
3
1
-6
-15
-14
-13
-6
-17
-17
-16
-16
-20
-24
-18
-19
-19
-16
-18
-21
-16
-18
-18
-18
-19
-19
-23
-20
-22
-23
-24
-25
-20
-25
-24
-19
-14
-24
-17
-18
-20
-16
-23
-20
-17
-12
-14
-13
-11
-8
-9
-10
-10
-7
-6
1
-2
3
2
-7
1
2
5
5
5
12
8
7
4
8
13
10
10
14
10
18
20
16
15
10
8
4
11
14
17
14
16
14
11
11
8
12
13
11
14
9
6
7
7
12
5
5
5
10
7
13
15
6
7
7
10
5
6
7
8
18
20
20
21
10
10
18
20
19
24
23
16
20
19
9
13
7
9
1
-1
-3
0
-4
-4
-9
-16
-11
-17
-15
-22
-18
-19
-19
-21
-21
-15
-16
-18
-14
-15
-10
-8
-13
-10
-10
-8
-11
-19
-17
-25
-23
-27
-25
-13
-19
-16
-21
-17
-15
-18
-24
-19
-23
-25
-20
-18
-15
-17
-13
-7
-10
-10
-6
-5
-2
-5
-2
-5
1
8
14
