SAMPLES:	12221
BITSPERSAMPLE:	16
CHANNELS:	1
SAMPLERATE:	16000
NORMALIZED:	FALSE
-8
-9
-10
0
0
-5
-3
-2
-5
-3
-3
-10
-7
-15
-3
-7
-5
-2
-11
-8
-9
-2
-4
3
3
-1
4
-2
2
4
-2
5
10
5
3
5
2
3
3
9
8
11
6
-1
2
5
4
0
8
3
8
8
4
7
12
6
7
7
0
3
0
6
4
-1
2
4
-2
-4
-3
0
-3
-4
-6
-6
-5
-2
1
2
-5
-14
-15
-14
-11
-12
-8
-13
-13
-17
-17
-14
-13
-8
-9
-12
-5
-1
-10
-10
0
-7
0
5
0
2
1
-3
-1
6
0
7
1
4
0
-3
1
5
8
3
2
3
2
-4
-3
0
7
4
8
10
6
0
-1
-5
1
4
3
-1
1
3
-4
2
-1
1
6
10
10
8
8
2
-2
7
4
6
6
5
4
8
9
8
6
1
0
4
2
7
6
3
1
-3
1
-5
-1
4
2
4
4
4
2
4
12
8
7
9
1
-2
-13
-11
-11
-10
-1
-9
-4
0
0
-1
-7
-4
-6
7
12
5
5
3
2
0
1
-9
-9
-3
-6
-4
-5
-10
-2
-11
-7
-4
-4
-2
-3
-1
-5
0
-12
-6
-7
-6
-1
-1
-4
-1
3
3
6
1
4
4
1
5
7
9
10
14
6
7
7
2
7
9
8
4
3
1
5
3
-3
-2
0
3
0
4
8
6
1
5
6
2
1
-2
1
-8
-11
-12
-6
-8
-15
-13
-14
-13
-4
-2
3
7
5
5
4
1
-12
-5
-7
-8
-9
0
5
-5
-5
0
9
3
1
5
-6
-5
-6
-5
3
1
-1
-2
-9
-6
-1
2
12
10
9
11
6
6
-1
0
11
10
8
11
7
11
5
7
7
4
13
15
5
3
0
1
-6
1
-7
-13
-15
-15
-2
-3
-3
4
-2
-5
-8
3
-2
4
-1
-10
-9
-10
-7
-7
0
-4
3
3
2
-1
-12
-16
-15
-10
-6
-1
-6
-7
-3
-10
-8
-3
-4
-6
-11
-9
-9
-1
-5
-5
-17
-10
-6
-16
2
-12
-3
2
2
4
16
8
-2
-2
-9
3
8
1
13
17
5
3
18
8
7
9
0
10
4
7
6
12
2
0
0
3
6
8
9
4
1
3
5
3
1
12
7
11
16
8
12
14
5
5
16
12
13
12
16
15
3
8
-6
-1
-2
-2
5
0
-8
-14
-10
-5
-12
-2
-6
-16
-8
-3
-4
-5
-6
-12
-5
-15
-8
-2
22
8
3
4
-8
4
0
6
-13
-1
-4
-11
5
-3
-11
-13
-10
-22
-14
2
-2
-14
-12
-3
-20
-13
-18
-27
-27
-17
-11
-16
-12
-12
-8
-10
-6
8
5
14
10
1
2
3
7
9
11
6
-2
-3
6
0
7
1
18
15
6
11
8
2
6
14
17
20
22
11
17
12
16
13
7
16
9
2
2
4
-5
-6
-11
1
-2
6
-9
-6
-8
6
21
4
27
21
5
9
-1
-11
-4
-3
4
9
9
2
0
-13
-8
6
-8
5
15
-4
-9
1
-18
4
5
-7
11
-7
1
3
10
6
-6
7
12
10
0
-18
-2
-14
5
-4
10
1
-18
-8
-13
1
-10
-2
-4
0
-10
-4
2
-6
-29
-16
-15
-17
6
-9
-3
-8
-19
-19
-1
0
16
3
-7
4
-2
-11
1
-14
-17
-1
-14
-12
5
-13
-13
-11
-14
-1
-8
2
-2
-14
3
17
-7
9
13
-8
-11
0
-4
-12
14
-6
20
22
19
18
-18
1
-8
11
13
26
9
13
13
-8
-5
21
11
21
19
19
16
17
19
-9
-8
-21
1
-9
11
-2
-5
-6
-6
-14
2
21
8
5
-7
-20
-4
-1
-1
6
-24
-2
-6
-4
-12
15
4
18
27
13
20
17
-12
-2
-7
-7
2
-2
-5
-5
2
-15
-2
-12
2
-3
-5
5
-13
-1
-9
-18
-11
-16
3
-2
18
-13
-19
-11
-19
5
12
28
4
-7
-9
4
13
-20
26
4
-19
4
-10
-16
-24
-11
-7
13
28
14
4
2
-5
7
-2
2
25
-3
4
-1
-27
-13
-9
5
21
19
13
6
17
-20
3
22
4
7
22
18
-14
-4
0
-13
-7
2
-1
10
-16
-31
-7
2
-14
5
8
6
19
17
8
12
1
-3
28
23
6
24
-3
2
1
8
-4
-5
-8
1
5
-21
-6
13
18
11
-9
9
-4
7
9
3
5
-21
-11
-25
12
-14
5
11
-21
-21
9
-34
-28
3
-8
-8
-10
-18
-35
-13
-13
-27
-7
4
0
-3
-2
21
-35
-18
-3
-23
-3
-9
1
-16
-19
-15
-9
-2
9
34
34
4
26
-3
2
2
12
22
18
27
-7
4
-13
12
0
7
32
-3
5
7
23
-2
7
5
-6
-7
-5
44
4
9
10
-19
0
-16
10
21
15
15
-15
-1
-34
6
-31
-2
-4
-20
5
-27
-12
-25
6
-1
13
-3
23
14
-26
36
-13
-30
16
-8
5
28
12
-22
13
11
-21
28
8
19
21
-36
0
27
-22
2
10
-24
11
22
-27
2
13
-27
-4
17
-15
10
22
-17
14
-17
-3
26
-10
5
-7
3
-12
4
19
1
32
-23
17
20
6
24
6
26
-10
-12
-17
12
-14
-20
7
-16
1
-23
-22
-3
-26
6
4
21
2
-17
5
-39
5
-18
8
5
-1
-2
-4
7
-4
18
1
-22
-6
-18
-10
-33
-29
-38
-14
20
-22
25
6
-15
-32
-10
11
5
-1
16
-8
-12
-9
7
-2
4
14
23
6
12
-10
-20
-16
-23
25
13
50
3
29
-5
-2
-1
6
6
0
24
11
32
-10
-23
-11
-21
2
-1
37
25
4
8
10
-26
-6
13
22
26
0
34
0
18
-16
-9
-41
6
27
-8
30
31
1
22
29
-24
4
6
8
22
7
24
-7
4
-10
-34
18
6
-26
-5
3
-11
13
8
8
-13
8
-23
14
7
4
-22
-13
-40
-36
8
-11
-3
-5
-33
-27
-24
-6
-9
-3
33
-46
16
-11
24
-28
22
15
-17
15
-15
-31
-13
2
-19
9
-32
3
-35
7
6
8
25
3
-4
-13
-6
10
20
23
26
3
6
-8
3
-16
50
9
11
-5
-20
20
-13
0
-8
19
-21
-15
31
-19
0
-10
-16
-13
24
-4
-5
27
-27
5
-5
-16
0
-13
-1
10
-12
-16
1
-22
-15
23
-4
8
10
-12
-12
16
-9
-1
21
-13
21
-28
32
18
-2
15
6
12
19
32
23
30
-33
-35
-12
-15
8
21
-17
-15
18
-27
7
19
-13
1
15
38
-7
3
-2
-5
-25
-20
31
2
-31
6
-4
17
26
14
1
-17
-15
-26
-2
-18
-20
-1
2
7
-17
0
21
-5
-7
12
18
42
-6
-1
10
-48
-5
7
-6
1
7
-22
7
7
13
15
21
-21
-6
12
-12
-16
-48
11
-3
-22
26
-6
-10
-2
31
-11
-13
6
-36
38
-1
15
21
-9
-5
-15
-1
23
45
11
3
8
-20
23
15
8
-7
-7
-4
31
0
5
62
-20
65
9
0
7
5
-11
5
29
-24
-16
-9
-16
-5
21
-20
6
16
-2
5
1
-12
38
24
-28
-8
-14
-36
-31
12
-30
26
-13
-3
9
-37
-2
-35
1
4
-2
12
12
37
-34
29
-8
-39
18
-25
15
-8
21
-42
-11
-27
-26
1
-15
15
-7
13
-3
-8
4
-29
-21
-42
6
20
-28
41
-5
28
-7
4
-41
-27
5
-21
4
6
-7
-15
-15
0
22
20
36
-16
11
-31
22
-9
-29
-2
18
-11
-19
-13
-15
-13
4
28
7
49
26
9
0
13
-19
-5
12
-16
27
-6
-5
-9
-5
13
8
20
5
-4
15
10
8
20
4
5
-7
-3
-20
-20
-24
-18
-8
3
53
12
-11
24
-9
-20
-1
2
-30
-48
-19
-11
7
4
13
-8
4
38
-3
44
31
-3
35
-1
-43
3
-23
-14
-7
9
-8
20
24
27
28
7
28
0
-1
19
-6
11
-34
-13
-45
-14
13
20
39
19
28
1
26
24
14
26
-8
-10
-4
16
-1
-19
-29
6
2
13
45
4
-22
-13
4
-36
-12
-31
-4
12
-12
-2
-29
-13
-23
-8
-29
-1
52
-8
28
9
-12
-11
-30
2
-19
-22
-11
23
-12
-6
34
-32
-28
2
-30
20
47
32
-10
-7
-30
-20
-10
-22
9
6
-38
33
-5
-23
34
-28
-11
19
-4
-23
-5
-23
-9
-11
-23
14
31
-8
40
-11
-37
26
-5
57
28
24
33
0
0
-30
-10
-2
13
-4
-5
9
-21
20
18
13
11
50
19
17
5
10
15
-11
-51
-32
-48
-40
0
-10
20
16
2
1
15
-23
52
-19
7
-9
19
-18
8
-10
-12
64
-25
20
20
-2
-12
6
8
9
29
-3
4
14
-26
5
-32
7
-14
23
28
5
10
-8
-11
-13
1
-6
22
2
-10
-25
-19
-3
-30
12
9
0
-13
8
8
-27
24
-31
-13
3
-15
-13
-11
-62
-31
-3
-10
0
10
16
-20
-10
29
-31
35
-32
39
-25
-33
-17
-39
28
-6
16
-26
31
-3
-11
5
-17
46
-20
11
19
-5
15
-5
9
41
42
37
17
28
-1
1
-37
-29
5
23
-2
13
-10
-7
-7
-5
19
-14
64
-26
15
-54
27
19
-17
4
-23
25
11
14
-10
-39
-43
-18
-12
-5
14
4
-9
-38
-30
-13
26
26
30
3
8
14
-10
-31
-11
-4
-16
16
-35
2
-15
4
-33
-13
42
4
21
-14
25
-10
16
-8
8
12
7
1
-4
-24
-17
6
-36
13
-21
33
6
9
-50
16
36
-21
14
39
-28
66
-32
27
20
-44
79
3
27
-1
15
-31
45
-1
-14
40
36
19
7
-5
5
2
-26
7
36
-67
27
35
-72
31
-12
29
13
51
-21
-22
34
-74
55
-34
10
-12
27
25
-29
5
-88
46
-40
-15
26
-53
16
-40
-20
-21
-9
47
20
-50
50
-31
-7
-30
-17
-27
50
-18
12
-5
-11
-22
36
16
-12
46
-42
34
52
9
60
57
-13
3
12
-55
-41
25
-29
10
-24
-42
5
-2
22
-35
70
-37
-5
28
-45
20
-70
39
-51
6
-5
-42
44
-5
-20
73
5
-14
25
-11
-19
-2
-49
-30
-21
-40
-55
-11
-15
15
25
0
3
-8
-46
10
9
23
26
56
-9
11
12
-5
-19
14
16
1
23
21
-38
2
-30
2
17
-34
19
16
22
5
41
-18
33
23
1
19
12
-24
7
0
-27
-46
45
-92
46
3
-36
24
6
-19
22
16
-30
22
6
-17
-18
20
1
24
-19
0
14
-29
10
28
-42
34
-31
6
-11
-16
40
-27
39
-39
33
6
-59
48
-31
64
-12
5
-9
-13
19
-1
28
-13
-5
-26
-32
4
-26
14
1
8
-2
49
26
-2
72
-119
65
-104
36
-30
2
-10
-23
10
31
-3
-42
42
-26
25
17
33
-23
-7
-55
-2
-16
19
-29
36
4
-13
36
8
-5
38
-23
-21
49
-23
85
-6
7
-38
2
7
-51
57
-62
70
-39
-43
14
-51
0
-6
4
-32
40
31
-12
12
3
-17
17
26
15
27
67
-18
-12
36
-13
-27
-12
3
2
5
-2
-3
-10
9
-8
19
-24
-3
-22
23
-18
-43
35
-42
60
-55
-13
27
36
25
-25
0
-13
-3
16
25
-17
-4
13
-45
-53
-13
26
-34
25
27
31
60
24
20
54
39
-13
43
-37
-1
-3
-48
-17
-35
-4
13
39
-12
19
40
18
43
-16
19
-2
-23
-65
4
-44
-42
12
-63
23
-21
15
-11
2
3
-1
-42
22
-13
52
10
34
5
14
-15
-3
-24
-25
-36
13
1
-31
-9
-53
-7
-69
-63
-37
12
-62
-29
1
-41
45
-60
16
-9
0
-40
15
0
-33
44
-35
29
-15
-15
28
-3
-33
2
7
35
40
43
25
49
-39
17
12
-26
18
-12
50
-63
0
15
65
82
-20
74
43
-12
98
-15
38
6
-41
0
2
43
50
34
-21
19
10
22
26
5
2
25
-69
-29
28
48
-1
51
-23
14
-4
17
-39
20
-39
-21
1
-25
-30
-22
-7
-20
4
-26
66
-72
-4
-19
-56
-32
7
-71
-42
-26
-24
-40
2
3
39
28
3
5
-7
-24
-63
13
-23
14
39
34
-2
-8
30
-25
73
1
58
14
0
-43
-41
-28
-57
10
-19
36
18
25
-12
0
-40
13
1
-8
-17
19
-33
54
26
-14
33
23
-49
-41
-4
-39
37
-21
2
-20
44
28
-1
21
23
54
-34
31
-33
6
8
-35
-15
44
37
33
-8
13
-7
50
21
14
24
-69
-51
-6
-3
-29
19
67
-6
41
44
5
-4
-13
17
-40
-9
4
25
-30
52
42
-26
1
-14
12
-78
30
-77
7
18
50
-28
-26
39
-76
9
-34
22
-26
-20
-63
-33
-44
-8
-15
-25
-21
56
20
-1
73
-19
5
25
9
-17
39
-32
44
28
13
29
-5
-14
-2
32
-44
-15
16
-24
-13
2
11
17
0
-6
21
-8
39
16
-35
-14
-16
-7
-12
-2
24
4
-30
-7
-19
29
-1
29
-18
20
34
37
-11
-39
-34
-9
8
-22
69
13
5
-14
-25
-9
-27
2
-52
7
-14
35
29
36
-20
19
33
7
24
32
10
-5
9
-26
19
-57
-40
-89
-39
-27
13
8
46
14
8
-9
-11
-7
4
71
-12
53
-12
-18
-24
4
-56
-50
49
-39
-1
24
-11
8
-8
20
-40
34
29
-3
34
0
-10
-17
-10
-49
-48
21
-30
-29
-9
15
24
-2
5
-16
-13
-74
33
-8
24
47
-23
26
-27
27
-22
70
-19
-27
27
-26
14
-16
1
-48
32
-32
4
31
10
15
35
15
35
-5
35
28
4
-34
9
3
-27
73
-24
-11
21
9
8
19
-11
8
-20
-7
-23
27
9
14
30
10
5
-39
-28
-9
-62
-21
-48
-3
21
-23
-7
8
35
-18
99
31
24
45
-17
-20
14
-38
-20
-27
-46
4
43
4
40
-36
-32
32
5
70
36
11
11
-30
-18
-14
48
-39
-6
-26
-63
23
-42
-9
-17
-1
-2
17
53
-6
22
19
15
48
17
51
-23
-11
10
-9
39
7
7
-9
-33
-85
-23
23
-3
-16
15
17
19
4
6
2
-21
-29
12
2
16
29
0
-18
-36
-93
2
-80
10
21
20
54
-16
24
-30
48
-41
3
25
20
9
-19
-29
-6
-9
-20
-34
-6
-26
-1
11
-21
26
-47
-7
-20
-5
-25
17
48
-10
8
-9
-45
34
16
27
59
-5
-21
-56
14
-47
69
12
-28
18
-10
33
18
-5
4
-21
11
-19
9
-12
7
-4
-29
12
-39
22
-8
-4
36
34
31
-54
-2
-37
1
-8
-5
86
58
23
10
-21
0
63
49
-17
3
-24
15
9
-39
22
29
-16
-42
64
-24
12
4
-51
-18
7
54
32
66
-14
-25
-49
-45
-6
-32
35
-6
28
6
5
-68
6
-10
-36
55
-35
33
54
23
-47
-32
-47
-33
9
7
-26
48
-56
30
5
-4
-17
-2
-27
-29
25
-35
23
-51
-23
1
31
30
22
-18
-4
49
28
-20
41
-24
-45
12
4
-34
-18
1
-25
11
-32
9
4
-31
34
7
-16
-23
18
-7
-30
25
-35
8
12
26
0
-48
34
-11
39
5
-7
9
16
-10
-8
-3
-24
17
31
25
23
30
-43
38
-53
-28
5
-13
-37
-56
12
-17
11
28
-2
42
22
-21
54
-8
-7
-3
16
12
29
16
9
-15
15
18
24
31
42
63
-26
52
-23
-13
-18
12
19
27
18
27
36
-26
-42
-28
-35
-52
-6
7
-2
26
7
-20
14
-71
-15
-25
30
-20
25
30
28
-9
-24
35
32
-39
-16
17
-8
39
-8
-7
-27
0
-42
18
15
-7
-6
22
-34
-27
13
53
31
-16
-29
24
8
-27
11
-20
18
-61
19
2
55
22
-20
-44
-50
-17
-39
-5
-38
-10
21
19
42
-38
-7
1
-32
11
56
18
29
21
-75
-16
42
-27
-13
45
-45
-36
40
-21
-1
4
12
10
-2
66
24
-38
-70
-7
-51
9
28
-4
8
19
-39
-60
-51
-39
50
4
14
56
13
8
51
7
10
45
-1
9
-16
-17
-16
-32
-26
-28
20
4
39
-13
-28
34
-75
-35
-16
11
48
51
-7
-45
18
-7
-30
-13
-49
75
-9
22
6
18
-76
-41
-88
40
112
13
56
-22
-9
-34
26
-53
51
-23
0
37
29
-5
20
-29
-43
1
-48
39
89
-5
4
-29
-65
20
72
12
66
15
-77
46
-62
-7
34
-40
-4
12
86
69
48
-31
-45
9
-35
19
-34
31
12
37
1
-27
-19
-17
-43
-12
53
62
42
28
-46
-114
12
50
13
85
3
-56
16
-44
-57
29
33
-10
6
29
-1
53
-48
-65
-24
-59
-2
36
35
10
-47
-86
-20
-13
81
67
40
-38
-54
-28
-11
-11
-19
-13
67
4
-22
-6
-48
-40
-22
1
43
33
7
31
8
6
34
53
33
25
57
23
-8
0
-80
-56
-94
-48
-38
-7
6
30
-18
13
-49
-12
35
56
65
16
54
-1
-14
-61
-17
-38
21
78
24
-9
-45
-5
-51
-62
52
-15
-23
-34
34
4
-12
16
-18
1
35
46
79
82
-9
13
-4
-3
18
-31
7
30
15
-43
-5
-6
-40
30
37
32
-1
24
35
10
37
-4
2
-46
-9
-86
-54
-54
-146
-52
-71
3
6
-35
-54
-17
-43
-77
-8
0
-29
-46
-39
-29
-32
-15
-38
-40
-56
-22
41
36
51
55
10
34
23
41
17
53
9
-31
44
18
11
8
10
17
-7
-2
47
70
29
13
60
80
148
216
274
245
233
213
269
258
230
247
228
224
209
126
105
59
22
-2
2
-6
-58
-88
-129
-161
-222
-252
-252
-248
-317
-259
-283
-302
-374
-392
-380
-410
-375
-331
-339
-346
-332
-326
-250
-149
-90
-66
70
138
138
182
214
200
258
290
284
236
197
181
89
64
13
-34
-42
-26
-51
-78
-94
-132
-211
-228
-213
-230
-219
-184
-151
-154
-132
-170
-200
-161
-123
-163
-50
-15
-90
-7
30
12
53
84
87
144
184
162
232
271
188
150
190
204
269
360
513
683
817
969
1160
1211
1169
1157
1163
1185
1237
1310
1281
1169
928
767
596
446
301
140
-36
-184
-351
-575
-707
-891
-1108
-1294
-1356
-1349
-1333
-1357
-1415
-1503
-1597
-1599
-1569
-1453
-1338
-1271
-1174
-1073
-1036
-912
-764
-604
-460
-356
-208
-54
65
122
219
326
413
431
536
589
674
735
729
743
706
690
714
701
685
740
728
670
548
413
299
253
184
88
79
7
-125
-229
-308
-352
-373
-401
-372
-384
-404
-425
-424
-447
-485
-513
-480
-415
-362
-312
-333
-346
-343
-322
-192
-46
33
86
137
188
215
277
331
408
427
390
416
526
703
968
1468
1883
2157
2192
2048
1969
1956
2014
2160
2337
2302
2047
1603
1165
767
454
230
82
-115
-434
-779
-1151
-1484
-1828
-2141
-2314
-2303
-2308
-2318
-2373
-2446
-2547
-2637
-2569
-2290
-1976
-1741
-1559
-1437
-1340
-1188
-916
-573
-226
34
209
352
530
671
796
940
1129
1285
1311
1312
1263
1176
1073
982
897
835
764
656
502
327
203
98
43
34
93
71
-20
-169
-347
-381
-369
-342
-278
-237
-319
-410
-446
-432
-372
-300
-175
-102
-129
-217
-289
-375
-397
-396
-343
-218
-226
-282
-365
-423
-441
-347
-207
-74
0
14
58
126
246
359
511
715
958
1476
2119
2621
2867
2721
2545
2471
2631
2874
3141
3162
2793
2127
1416
938
676
425
103
-269
-776
-1308
-1778
-2145
-2466
-2809
-3093
-3189
-3165
-3094
-3155
-3246
-3308
-3268
-3076
-2724
-2223
-1835
-1637
-1502
-1294
-989
-604
-106
357
678
870
990
1146
1327
1469
1599
1752
1931
1962
1834
1638
1408
1212
1038
977
903
792
572
303
52
-150
-257
-277
-246
-227
-220
-280
-369
-472
-483
-446
-285
-115
-30
-87
-129
-188
-226
-152
-7
106
126
0
-231
-383
-516
-566
-561
-530
-530
-637
-770
-897
-935
-893
-796
-618
-470
-351
-236
-144
-40
46
201
519
901
1425
2131
2754
3150
3186
2959
2862
3031
3381
3693
3861
3602
2941
2081
1404
1067
873
586
154
-430
-1131
-1825
-2356
-2712
-2979
-3244
-3490
-3605
-3648
-3720
-3855
-3908
-3795
-3546
-3213
-2778
-2318
-2061
-1905
-1662
-1273
-796
-254
245
645
905
1062
1208
1438
1662
1848
2035
2204
2289
2173
1968
1652
1398
1217
1131
999
824
582
241
-50
-225
-278
-247
-162
-182
-239
-320
-336
-289
-226
-119
-18
114
209
214
183
142
176
217
274
335
306
158
-87
-314
-434
-481
-488
-530
-660
-858
-1102
-1259
-1257
-1188
-1093
-1001
-915
-868
-782
-633
-397
-174
44
319
732
1266
2032
2788
3242
3307
3113
3091
3328
3734
4046
4106
3757
3082
2223
1629
1346
1154
773
193
-519
-1261
-1899
-2408
-2746
-3046
-3356
-3661
-3808
-3904
-3997
-4111
-4104
-3941
-3670
-3334
-2936
-2547
-2285
-2034
-1721
-1241
-687
-177
250
632
935
1158
1382
1643
1858
1990
2111
2243
2334
2228
1960
1632
1449
1328
1211
1056
754
414
116
-95
-101
-26
-7
-157
-372
-490
-420
-208
-17
81
67
9
6
137
337
465
466
427
397
394
407
424
316
94
-155
-289
-348
-428
-591
-801
-980
-1148
-1235
-1291
-1309
-1293
-1333
-1328
-1152
-947
-741
-571
-414
-241
4
423
1038
1924
2721
3243
3347
3151
3081
3298
3793
4236
4435
4139
3435
2542
1809
1501
1423
1160
600
-162
-1021
-1811
-2390
-2697
-2902
-3166
-3571
-3869
-4045
-4216
-4356
-4344
-4157
-3864
-3570
-3263
-2914
-2665
-2444
-2115
-1572
-958
-401
52
402
700
931
1210
1569
1900
2114
2224
2324
2404
2282
2077
1872
1705
1634
1504
1268
915
451
34
-209
-169
-67
-17
-93
-333
-458
-487
-291
3
191
245
157
149
268
432
522
554
529
493
487
489
524
494
283
35
-137
-237
-297
-455
-654
-866
-1076
-1183
-1248
-1256
-1247
-1302
-1282
-1188
-1079
-899
-706
-501
-295
-134
104
424
823
1330
2121
2896
3447
3467
3159
3128
3390
3846
4196
4284
3947
3129
2148
1518
1355
1269
885
198
-646
-1486
-2250
-2704
-2879
-3028
-3411
-3918
-4282
-4410
-4464
-4504
-4351
-4083
-3842
-3670
-3413
-3004
-2646
-2327
-1920
-1347
-702
-219
162
570
908
1189
1490
1849
2231
2442
2518
2570
2621
2485
2231
2028
1941
1919
1762
1412
932
378
-26
-159
-136
-36
-68
-300
-581
-778
-723
-465
-204
-20
-1
15
42
119
211
289
338
413
481
554
621
585
414
221
72
-6
-84
-181
-314
-510
-763
-959
-1099
-1143
-1123
-1141
-1099
-1046
-989
-913
-773
-624
-407
-200
3
216
418
599
862
1216
1770
2518
3165
3558
3513
3244
3193
3445
3833
4025
3901
3423
2636
1792
1206
964
807
338
-447
-1325
-2064
-2647
-3017
-3219
-3413
-3769
-4275
-4576
-4641
-4595
-4518
-4354
-4088
-3794
-3554
-3328
-2937
-2511
-2057
-1527
-915
-330
80
406
764
1207
1611
1998
2322
2568
2672
2635
2668
2788
2815
2690
2456
2260
2073
1733
1256
818
519
289
72
-135
-306
-553
-849
-1018
-913
-652
-452
-406
-407
-409
-429
-348
-68
278
443
356
228
227
328
377
428
467
387
175
-68
-179
-236
-333
-476
-558
-641
-795
-1015
-1090
-1046
-967
-882
-826
-725
-622
-493
-267
-27
156
239
339
561
882
1228
1548
1976
2550
3004
3230
3201
3097
3184
3372
3525
3499
3271
2742
2016
1344
936
719
385
-241
-995
-1719
-2332
-2763
-2952
-3021
-3294
-3794
-4279
-4456
-4356
-4175
-3972
-3731
-3502
-3391
-3270
-2981
-2487
-1969
-1529
-1028
-498
-81
269
588
953
1355
1702
2070
2421
2611
2589
2521
2547
2619
2595
2415
2155
1998
1826
1600
1233
795
398
35
-134
-206
-243
-416
-694
-967
-1041
-911
-640
-375
-257
-303
-416
-422
-261
-24
162
260
239
160
86
90
152
200
100
-46
-149
-230
-305
-371
-452
-554
-655
-731
-753
-729
-640
-569
-547
-496
-468
-375
-162
34
217
343
432
511
629
746
896
1125
1387
1684
2111
2568
2813
2799
2533
2429
2610
2899
3022
2896
2448
1733
978
490
455
453
91
-608
-1424
-2093
-2526
-2663
-2605
-2590
-2907
-3485
-3861
-3904
-3704
-3479
-3266
-3054
-2964
-2941
-2801
-2411
-1920
-1566
-1269
-915
-516
-164
159
522
880
1135
1321
1539
1795
1965
2023
2134
2320
2399
2294
2089
1883
1803
1765
1668
1492
1210
809
438
190
98
122
82
-59
-280
-466
-517
-448
-322
-256
-237
-285
-345
-368
-337
-294
-274
-249
-190
-145
-154
-265
-418
-509
-503
-405
-282
-202
-260
-370
-494
-500
-425
-291
-147
-80
-93
-140
-111
-46
60
159
278
364
417
450
442
487
514
534
572
600
622
698
805
1042
1464
1829
2024
1914
1708
1668
1833
2102
2223
2107
1672
1071
537
315
382
373
68
-520
-1205
-1718
-1963
-2005
-1962
-2070
-2439
-2845
-3104
-3154
-3056
-2903
-2731
-2647
-2628
-2594
-2431
-2120
-1770
-1501
-1245
-1021
-814
-511
-149
243
545
721
900
1167
1459
1759
2004
2165
2236
2160
2076
2059
2131
2247
2252
2047
1673
1290
1045
929
888
829
603
279
-110
-461
-622
-585
-465
-406
-487
-719
-959
-1086
-1015
-770
-543
-483
-540
-667
-726
-684
-501
-290
-187
-163
-181
-153
-94
-13
56
96
118
127
135
120
115
116
73
36
-14
-50
-40
-27
-7
24
2
-67
-118
-111
0
102
178
236
273
327
453
753
1250
1663
1833
1710
1516
1505
1752
2080
2252
2207
1814
1263
796
618
692
649
287
-287
-916
-1388
-1623
-1654
-1630
-1791
-2220
-2661
-2847
-2832
-2724
-2605
-2509
-2513
-2605
-2587
-2339
-1951
-1596
-1370
-1183
-962
-748
-464
-72
373
695
824
935
1101
1347
1639
1898
2075
2137
2021
1864
1776
1817
1922
1903
1666
1319
966
722
640
615
584
388
36
-311
-526
-520
-346
-169
-142
-242
-425
-562
-513
-302
-65
57
20
-129
-278
-315
-224
-108
-86
-212
-432
-596
-644
-615
-531
-479
-529
-697
-865
-871
-750
-634
-582
-527
-529
-526
-487
-396
-211
-13
138
246
332
382
474
614
828
994
1077
1049
912
820
835
957
1119
1226
1295
1365
1391
1316
1172
1161
1221
1244
1168
1011
800
513
232
-7
-145
-267
-500
-797
-1071
-1291
-1411
-1443
-1420
-1445
-1583
-1763
-1834
-1726
-1538
-1342
-1211
-1182
-1219
-1196
-1028
-773
-567
-491
-504
-482
-403
-297
-152
17
130
113
55
37
122
270
416
546
618
643
590
543
562
729
946
1052
1039
920
813
821
923
1041
1142
1076
888
670
572
611
682
679
561
413
231
133
80
34
-88
-261
-446
-570
-672
-784
-903
-1060
-1204
-1321
-1358
-1328
-1290
-1267
-1265
-1233
-1149
-1030
-851
-654
-455
-276
-154
-45
112
309
520
695
809
860
849
875
954
1055
1108
1075
987
900
838
761
720
684
597
416
176
-4
-111
-161
-171
-197
-283
-360
-341
-231
-68
44
49
11
38
137
253
395
470
452
346
274
322
426
524
482
326
129
-25
-16
91
161
50
-259
-566
-708
-663
-541
-437
-474
-642
-882
-1047
-1006
-830
-657
-575
-597
-666
-662
-584
-411
-178
-42
29
42
98
196
300
393
425
409
350
302
320
382
360
239
52
-106
-190
-200
-160
-102
-116
-230
-443
-603
-611
-494
-381
-300
-299
-349
-359
-317
-198
-62
46
144
225
303
373
421
419
423
423
462
563
635
640
536
391
318
365
468
544
540
427
254
119
75
157
227
218
109
-48
-197
-291
-287
-235
-178
-172
-203
-277
-336
-373
-398
-389
-333
-303
-310
-328
-341
-356
-368
-321
-261
-220
-191
-170
-190
-186
-145
-99
-47
-19
-21
-2
72
196
314
433
504
511
549
662
827
991
1086
1112
1114
1105
1130
1185
1239
1254
1238
1182
1088
1011
920
823
726
584
437
275
63
-145
-328
-483
-636
-793
-961
-1149
-1330
-1489
-1585
-1628
-1645
-1698
-1790
-1875
-1909
-1857
-1722
-1581
-1490
-1490
-1545
-1520
-1372
-1121
-851
-678
-634
-632
-595
-428
-173
76
261
330
328
347
437
604
761
895
951
957
944
938
949
987
1025
1105
1163
1145
1061
943
892
918
1005
1081
1114
1046
911
774
727
747
729
673
576
489
369
240
106
-15
-97
-147
-158
-233
-369
-541
-694
-778
-799
-811
-853
-918
-1021
-1111
-1175
-1161
-1100
-1025
-962
-937
-903
-857
-774
-667
-512
-359
-179
-15
125
236
341
448
595
759
894
1003
1034
1047
1069
1146
1193
1243
1229
1153
1074
1012
972
971
931
801
639
458
315
192
145
90
0
-113
-231
-311
-373
-408
-414
-451
-495
-525
-584
-598
-556
-542
-523
-510
-494
-508
-520
-510
-476
-409
-398
-384
-389
-366
-360
-369
-364
-401
-390
-352
-321
-297
-290
-334
-376
-373
-328
-281
-266
-282
-308
-338
-326
-280
-245
-223
-258
-292
-295
-258
-178
-130
-134
-184
-210
-174
-107
-29
8
11
-9
-39
-31
35
105
135
139
125
110
80
102
141
226
281
285
283
269
285
325
412
488
540
572
553
560
599
633
678
729
731
713
679
637
622
601
589
568
545
503
432
349
299
307
294
246
196
123
65
11
-9
-34
-104
-169
-213
-258
-288
-309
-350
-404
-490
-577
-620
-619
-599
-566
-550
-589
-628
-641
-600
-519
-440
-416
-389
-347
-278
-215
-142
-73
-23
42
98
178
269
343
382
413
432
465
517
551
593
624
611
568
532
499
473
466
467
426
337
242
143
91
81
62
-16
-120
-244
-366
-413
-443
-466
-547
-656
-758
-809
-814
-816
-822
-870
-931
-950
-914
-840
-755
-723
-708
-684
-611
-526
-404
-304
-225
-162
-77
44
167
262
326
352
400
509
609
665
678
640
573
577
643
679
698
625
495
407
344
338
344
344
286
174
62
-13
-34
-20
-28
-54
-69
-109
-154
-206
-239
-202
-148
-107
-90
-80
-106
-125
-136
-129
-78
8
57
70
56
19
8
15
76
157
207
193
152
119
123
175
241
286
287
244
211
204
216
256
295
293
241
168
143
146
175
220
201
113
19
-23
-4
52
91
77
30
-50
-151
-186
-169
-136
-107
-147
-235
-324
-386
-387
-352
-306
-284
-279
-312
-354
-374
-363
-335
-277
-214
-168
-174
-197
-221
-200
-133
-60
-15
-17
-2
-47
-76
-30
62
144
170
154
100
63
64
118
173
179
126
43
-14
-49
-31
-6
-21
-56
-123
-218
-250
-237
-208
-212
-241
-269
-299
-308
-302
-274
-229
-191
-138
-121
-109
-105
-96
-44
49
161
242
253
226
201
211
299
417
527
568
532
465
436
477
569
663
730
722
624
510
461
475
518
529
483
402
290
181
100
78
72
36
-27
-109
-205
-308
-358
-362
-353
-382
-440
-503
-574
-613
-617
-573
-534
-558
-614
-650
-636
-571
-508
-458
-408
-395
-389
-367
-305
-216
-158
-95
-30
43
73
77
134
159
207
263
288
325
344
339
358
377
370
380
387
383
370
359
344
343
319
271
227
181
151
99
49
25
-22
-67
-112
-151
-176
-230
-272
-292
-309
-308
-314
-310
-305
-314
-329
-333
-307
-279
-240
-220
-172
-150
-163
-155
-101
-63
-16
24
16
11
24
55
114
177
186
165
130
144
200
247
287
316
307
276
275
270
305
351
365
380
380
369
339
339
348
376
374
332
281
230
167
135
115
101
69
-10
-88
-166
-206
-189
-178
-173
-215
-294
-371
-398
-374
-341
-301
-323
-329
-353
-391
-398
-361
-282
-221
-191
-195
-212
-213
-168
-120
-46
9
27
37
33
45
71
80
81
105
117
133
115
87
38
-9
-8
3
8
-49
-120
-156
-138
-151
-184
-170
-178
-195
-224
-213
-160
-123
-111
-137
-142
-114
-71
-1
70
108
136
132
143
197
244
282
332
363
355
338
348
342
353
378
356
349
292
245
179
170
180
142
112
49
4
-73
-131
-172
-171
-172
-199
-211
-254
-261
-262
-272
-263
-229
-189
-173
-171
-154
-132
-117
-101
-65
-50
-27
9
16
61
63
59
64
89
134
148
159
151
122
131
136
153
166
150
135
120
104
103
108
117
119
85
76
69
84
144
170
134
97
64
62
107
142
173
160
106
35
-11
-4
13
9
-30
-94
-168
-226
-263
-283
-288
-315
-343
-370
-396
-413
-429
-422
-434
-428
-399
-376
-371
-361
-348
-348
-340
-292
-209
-135
-98
-96
-105
-65
8
119
220
253
259
247
258
302
375
436
434
402
373
366
371
394
383
340
286
206
185
224
252
227
173
92
36
40
62
102
104
42
-16
-69
-96
-83
-72
-78
-111
-139
-174
-177
-161
-164
-175
-173
-160
-142
-136
-139
-143
-140
-111
-87
-46
-24
-36
-71
-90
-102
-58
-23
6
34
43
59
46
55
89
123
179
228
247
236
228
229
246
268
270
240
218
223
209
198
198
178
134
70
7
5
-2
-28
-58
-99
-127
-187
-233
-226
-211
-227
-249
-264
-252
-288
-317
-286
-238
-199
-203
-231
-253
-246
-218
-185
-134
-91
-82
-117
-158
-162
-141
-81
-16
14
8
-19
-68
-98
-92
-49
-3
40
14
-48
-90
-97
-66
2
60
87
72
38
42
53
106
170
185
202
199
193
184
215
260
271
274
259
221
191
185
179
183
160
122
88
41
17
7
9
-7
-35
-75
-106
-136
-153
-151
-116
-85
-70
-98
-124
-138
-146
-76
-12
55
91
79
61
42
64
124
192
212
192
150
112
99
120
149
144
106
75
47
5
-26
-42
-47
-67
-65
-75
-82
-104
-138
-143
-132
-103
-67
-38
-59
-82
-100
-88
-30
14
65
66
49
18
3
2
20
61
75
67
32
-15
-47
-27
1
-12
-37
-84
-141
-174
-173
-138
-124
-132
-169
-201
-175
-137
-95
-84
-80
-95
-101
-84
-48
1
36
11
2
29
46
46
37
53
64
74
58
33
11
-9
-35
-33
-28
-23
-33
-64
-91
-105
-110
-127
-94
-74
-86
-89
-84
-69
-50
-34
1
29
80
90
100
133
166
212
243
282
279
263
251
256
266
301
315
298
260
219
201
174
176
186
166
120
85
48
6
4
15
14
2
-31
-53
-60
-52
-33
-30
-44
-52
-74
-87
-75
-75
-77
-70
-103
-122
-145
-163
-164
-163
-159
-185
-205
-223
-244
-244
-259
-291
-288
-277
-276
-265
-283
-258
-252
-227
-167
-123
-76
-33
0
18
55
102
160
223
249
266
294
284
289
298
301
323
326
314
262
213
183
162
149
124
82
31
-39
-105
-145
-175
-177
-204
-239
-277
-327
-329
-318
-296
-278
-249
-230
-249
-257
-241
-186
-120
-70
-44
-31
-15
-4
46
113
164
190
193
181
194
206
230
250
245
226
201
192
184
189
183
152
139
127
113
101
94
87
99
103
110
102
95
109
109
121
140
157
151
149
128
105
90
88
96
90
58
8
-33
-61
-89
-114
-144
-161
-206
-250
-281
-326
-352
-370
-375
-383
-396
-407
-404
-368
-338
-312
-276
-234
-199
-170
-122
-44
21
83
125
173
200
239
271
312
363
383
391
375
361
359
348
317
299
255
200
145
82
35
6
-29
-78
-134
-169
-229
-259
-289
-303
-304
-301
-300
-311
-274
-258
-226
-214
-200
-175
-149
-123
-78
-38
-11
27
59
88
112
128
139
164
187
202
195
178
161
157
159
147
133
105
62
42
40
10
-1
4
-5
-2
-3
14
26
21
5
18
58
113
125
115
103
86
88
117
145
171
155
119
82
63
59
52
46
27
-19
-70
-99
-121
-132
-145
-171
-186
-207
-218
-220
-214
-199
-189
-179
-160
-133
-78
-49
-33
-32
-10
28
60
120
157
178
186
170
171
186
196
225
225
196
157
115
82
70
65
43
1
-32
-84
-120
-151
-160
-169
-194
-225
-267
-282
-284
-286
-276
-286
-276
-267
-253
-229
-221
-214
-180
-141
-119
-78
-35
10
31
39
56
98
134
168
193
189
172
168
181
206
209
207
184
169
162
150
150
159
170
161
153
139
142
145
131
128
107
99
94
100
102
85
55
50
51
35
20
6
-18
-54
-78
-96
-104
-116
-122
-141
-170
-181
-205
-212
-204
-195
-188
-187
-210
-224
-231
-206
-162
-130
-96
-91
-94
-69
-4
43
92
132
155
179
195
227
267
300
319
326
341
320
307
298
302
284
246
214
195
160
128
82
39
7
-32
-73
-120
-159
-193
-238
-263
-281
-295
-328
-372
-374
-371
-370
-364
-339
-315
-311
-286
-247
-213
-183
-161
-130
-120
-89
-48
-30
1
33
37
45
59
82
99
124
129
118
140
137
144
136
152
165
159
153
133
122
122
141
145
147
121
106
101
100
94
100
105
100
101
87
77
59
67
64
76
65
50
21
-8
-22
-38
-23
-23
-21
-51
-73
-87
-107
-103
-103
-100
-94
-101
-99
-100
-84
-75
-62
-14
-14
-6
7
35
53
75
117
141
163
177
197
211
215
207
212
221
232
225
198
173
155
133
100
68
50
17
-39
-98
-128
-152
-185
-219
-262
-292
-341
-370
-373
-384
-370
-368
-368
-368
-372
-353
-317
-274
-238
-196
-177
-144
-118
-74
-26
29
80
120
156
177
192
216
250
283
309
309
302
271
252
241
240
227
215
185
150
102
48
20
0
-13
-30
-58
-86
-134
-152
-171
-174
-172
-163
-167
-194
-217
-232
-199
-154
-118
-98
-92
-93
-74
-83
-52
-9
23
39
20
41
51
65
77
96
110
120
120
126
136
153
150
158
168
170
171
188
206
220
240
259
277
284
281
210
147
68
12
9
31
78
141
212
247
250
219
166
111
44
-28
-55
-69
-91
-104
-129
-161
-203
-254
-296
-350
-378
-388
-383
-371
-373
-363
-361
-357
-332
-301
-295
-264
-254
-237
-193
-141
-78
-24
22
63
71
94
143
178
192
210
233
231
245
249
254
264
265
262
258
254
236
202
161
117
64
37
-2
-42
-80
-108
-129
-142
-160
-171
-177
-186
-197
-204
-210
-209
-212
-232
-224
-214
-203
-177
-162
-138
-120
-112
-102
-78
-46
-20
-13
1
11
13
29
61
101
133
162
159
157
185
221
266
308
325
327
332
329
331
357
368
393
366
319
257
168
93
37
-2
-37
-36
-22
-46
-62
-84
-112
-146
-174
-198
-184
-164
-183
-172
-162
-182
-203
-199
-177
-159
-151
-153
-140
-121
-109
-75
-32
-5
-1
-1
-10
3
20
49
68
92
115
127
132
116
105
94
76
53
37
17
16
0
-20
-36
-48
-58
-55
-54
-61
-75
-97
-126
-141
-144
-161
-144
-134
-122
-114
-104
-73
-65
-24
-3
7
18
-1
19
31
39
44
37
45
49
29
14
-17
-41
-48
-26
-13
-3
-5
5
-10
-33
-45
-58
-79
-75
-58
-33
-17
-11
19
26
54
59
38
31
-2
50
155
234
372
417
409
329
202
114
4
-54
-60
-69
-42
-6
19
15
-15
-36
-99
-150
-165
-161
-149
-102
-57
-40
-9
24
34
19
-2
-22
-22
-18
4
26
58
92
118
146
168
185
190
188
178
162
133
97
94
95
98
120
92
77
28
-18
-38
-74
-105
-149
-190
-218
-196
-185
-144
-134
-139
-160
-199
-200
-193
-183
-170
-167
-149
-131
-146
-115
-119
-92
-71
-58
-40
-51
-53
-56
-64
-55
-50
-56
-30
-22
22
49
78
96
91
92
66
68
54
47
52
59
66
74
67
79
78
68
70
89
110
123
139
136
122
99
66
34
9
-29
-21
-23
-14
-10
-28
-33
-32
-22
-39
-32
-42
-36
-47
-49
-32
-19
-19
-57
-53
-66
-46
-18
11
49
62
89
88
77
59
72
75
61
71
54
101
89
109
104
93
87
74
67
30
8
-17
14
33
89
85
77
77
58
58
37
46
58
56
49
41
29
18
31
0
-24
-38
-83
-74
-93
-103
-89
-103
-119
-141
-150
-166
-165
-142
-141
-139
-155
-145
-163
-153
-136
-157
-111
-107
-84
-42
-52
-40
-22
-21
-8
23
13
36
54
48
69
27
42
13
13
-1
-28
-21
-28
-29
-24
-2
-22
-4
-48
-53
-60
-93
-74
-76
-72
-60
-37
-46
-16
-23
-21
7
5
34
33
65
126
113
122
115
88
95
116
126
136
154
137
152
133
145
152
134
130
115
95
73
91
60
64
51
26
14
-29
-25
-21
-16
-22
-14
-22
-30
-58
-51
-48
-27
6
16
40
29
51
23
39
27
15
17
12
19
33
55
24
39
10
-37
-41
-31
-26
-31
-23
-37
-42
-22
-41
-45
-39
-19
-25
-24
-21
-27
-28
-29
-3
-22
27
28
-2
-22
-24
-49
-52
-35
-36
-39
-26
-22
-54
-58
-54
-74
-98
-116
-123
-168
-127
-137
-131
-112
-150
-185
-207
-212
-195
-173
-158
-121
-117
-83
-62
-59
-38
0
-29
44
72
76
151
161
175
177
144
134
132
121
152
148
163
160
149
117
119
130
98
103
93
93
88
79
83
45
30
9
26
33
3
23
4
14
-20
28
18
24
40
1
34
-8
15
-2
33
20
24
42
22
26
-13
46
-3
15
23
-19
22
-39
-28
-12
-1
-24
-6
-38
-12
-22
-27
0
-33
-23
-23
-23
-57
-21
-17
-18
10
31
-3
-8
-25
-35
-54
-31
-30
-14
-38
-19
-7
-30
11
-49
-29
-50
-53
-58
-50
-45
-41
-14
-12
-43
-17
-25
-27
-57
-73
-63
-131
-94
-95
-102
-93
-59
-61
-63
-38
-63
-35
-34
-2
7
19
29
-10
33
-12
2
24
5
22
24
16
49
49
-8
-3
-18
-40
22
-8
26
37
39
18
27
34
63
98
56
113
59
106
68
33
117
50
106
97
101
70
72
92
52
161
45
131
67
13
22
-17
19
-21
51
2
39
-12
-36
6
-83
26
-18
12
-2
-14
24
-29
-4
-33
-35
-43
-17
-12
-29
-15
-23
-48
-52
-57
-48
-62
-39
-92
-76
-88
-94
-108
-104
-85
-42
-33
-73
2
-71
-64
-36
-39
-46
11
5
21
47
85
28
72
35
40
49
46
71
54
34
44
51
24
52
53
3
-13
35
-17
-7
-10
-31
-12
-36
10
-41
-23
-38
-99
-78
-82
-16
-33
24
-44
-15
-22
-73
0
-66
-34
-28
-18
-41
-1
-6
-38
-1
-42
-18
-39
1
-39
-8
7
-5
-19
9
-18
13
2
-4
46
35
31
42
52
35
88
74
119
145
105
110
159
121
107
105
85
75
63
119
86
78
89
77
23
61
32
1
29
2
-11
-15
-8
-13
-13
-51
-49
-86
-61
-99
-61
-117
-120
-81
-94
-87
-69
-82
-87
-38
-112
-81
-44
-58
-38
38
-14
18
10
0
3
24
-8
4
-26
-76
-52
-68
-44
-15
-39
-47
-47
-44
-25
-25
-10
10
9
15
9
5
71
55
70
37
63
36
59
99
90
91
89
44
72
29
41
60
-2
3
38
19
-43
24
-39
-44
-36
-55
-81
-63
-69
-102
-106
-99
-93
-135
-75
-78
-66
-51
-34
-29
-49
31
-4
13
6
21
-3
-14
64
43
74
72
66
58
61
91
59
89
91
84
75
72
112
67
66
10
30
25
16
56
53
25
29
58
-12
15
34
12
28
17
9
23
58
57
39
25
45
-10
-30
-29
-45
5
-29
11
-28
-53
-41
-95
-93
-105
-81
-114
-56
-80
-52
-68
-89
-130
-125
-138
-80
-85
-90
-83
-91
-69
-67
-27
-22
43
27
43
68
74
90
103
29
61
50
44
57
68
61
41
75
12
15
-8
17
19
-6
-8
-53
6
-43
3
-43
-71
-39
-91
-76
-73
-33
-67
14
-1
13
-35
-32
-16
-45
-1
1
52
48
76
58
64
45
27
48
47
52
77
19
64
51
20
-16
-10
-14
21
22
0
48
4
1
-1
-8
33
30
101
71
78
52
81
69
36
75
58
63
78
62
6
33
30
12
7
-7
-17
-9
-4
-17
-53
-59
-39
-44
-82
-31
-23
-16
-42
-25
-64
-48
-58
-71
-30
-49
-23
-41
2
5
-58
-12
-23
-15
7
22
44
-6
35
-63
6
-46
-71
-67
-87
-34
-49
-29
-87
-31
-84
-101
-48
-55
-71
-46
-41
-53
-9
-87
-38
-49
-60
-34
-2
12
40
20
5
-19
0
4
57
71
79
79
29
48
37
37
45
82
63
93
74
90
69
65
56
38
10
59
34
36
30
-13
-4
30
54
16
32
39
-11
42
24
55
51
71
54
11
52
-7
55
-11
25
-1
-32
9
-17
8
-13
11
-43
-24
-11
-94
-29
-24
-44
-26
19
-59
-39
-66
-88
-51
-33
21
13
44
14
21
10
-11
2
-29
37
40
50
52
25
-3
-13
1
-46
50
-8
42
76
39
9
-26
-19
-75
-22
-87
-24
-30
-77
-13
-107
-89
-102
-100
-105
-27
-59
-80
-38
-84
-99
-57
-89
-13
-10
-51
4
-63
-26
-52
1
-49
9
38
16
81
-13
59
11
-17
39
1
65
37
88
5
21
16
-54
41
-38
45
53
11
83
6
70
-8
86
61
91
163
9
128
-6
64
52
13
78
42
52
54
72
59
14
76
-53
53
-12
-49
7
-84
7
-79
-11
-20
-34
-34
-88
11
-57
7
32
-9
21
-19
-14
-15
34
33
26
25
18
5
10
-18
4
25
60
35
32
24
-20
-7
-28
-4
6
36
15
-33
-36
-102
-37
-96
-84
-32
-87
-49
-31
-29
-86
-35
-57
-91
-31
-52
-1
-50
-5
-30
-1
2
4
58
-2
56
20
65
5
70
-10
-5
45
13
93
44
17
-42
29
-12
47
4
7
44
1
25
30
43
37
58
6
-14
-5
-4
18
27
6
23
8
-14
-53
0
-33
34
-29
-23
19
-56
6
-68
-6
-61
-39
-52
9
1
-56
-27
-89
-31
-60
-23
-8
44
18
21
-39
-10
1
45
55
72
66
25
52
74
61
25
82
29
64
21
70
29
24
-10
11
-32
-7
2
-30
-19
-44
-2
-8
-5
-66
25
-28
28
-16
-11
13
-34
-33
18
-38
-30
1
-49
-57
-43
-49
-115
-3
-80
-11
-21
26
-29
-20
12
-23
22
-71
32
17
9
35
-22
8
6
0
-3
-54
3
-20
6
32
12
38
-28
4
-44
50
66
93
117
25
19
32
38
27
68
32
37
50
12
2
-15
-27
-29
-40
-51
-13
-37
-44
-32
-60
-63
-37
-39
-15
-60
-27
-105
-14
-76
-30
-38
-67
42
-34
22
13
68
-33
10
72
2
105
16
70
46
60
42
37
60
3
70
13
37
51
-23
53
9
0
8
17
-20
-21
21
-56
48
14
25
-9
8
19
1
56
10
34
24
-9
16
-19
0
17
-6
-1
-16
15
-49
-35
-47
-68
-88
-31
-61
-48
-19
-65
-56
-63
-14
26
-15
-44
-25
-71
-40
-26
1
17
7
-2
-9
13
48
69
100
90
73
55
37
71
32
57
27
3
-17
-10
-38
-14
-2
-68
9
-82
-41
-9
-11
-24
-54
-20
-94
-33
-37
-1
-1
-43
-39
-48
-22
7
-7
-19
-1
-5
-34
55
18
47
64
2
48
-10
42
46
63
42
64
50
46
79
75
56
23
60
13
16
-9
39
22
6
82
11
-17
40
41
14
48
72
44
14
23
-44
-5
-23
6
-16
2
36
-30
-13
-78
-22
-60
-18
-57
-16
6
-48
5
-39
-75
-49
-45
-38
2
13
-35
-15
-24
-86
-36
-101
-33
-53
7
-4
10
-57
-33
-11
-91
12
-24
43
24
47
-5
11
-1
-27
-33
-2
41
0
5
-26
-48
-77
-74
-35
-61
-8
11
-28
-20
-59
-17
-46
-53
-22
-8
-49
3
3
-8
19
-19
3
0
63
33
30
41
11
49
21
38
72
54
47
40
40
0
55
19
50
50
22
40
45
82
49
24
17
23
63
79
40
76
51
34
59
26
-3
26
22
46
49
67
88
13
40
20
-1
35
25
27
-6
-1
-19
-40
-5
-41
-24
-60
-34
-81
-69
-39
-102
-54
-99
-36
-28
-29
-27
-30
-40
-74
-35
23
-17
37
22
43
-31
-14
-1
-36
19
-12
2
-30
57
-69
-30
-65
-75
-46
-24
-15
-44
-11
-53
-15
-82
-61
-46
-47
-11
-42
-57
18
-74
-32
33
33
21
52
38
-16
76
-52
26
-31
12
-15
-9
11
10
20
17
26
-24
15
-12
-5
2
1
-24
-19
4
-36
-43
24
-8
-25
25
32
43
76
59
16
-6
6
36
35
79
75
86
69
57
60
10
102
34
75
88
58
82
63
45
-19
5
-36
3
21
2
5
16
-13
23
30
9
21
31
21
21
20
14
43
-31
-1
-25
-35
29
-10
13
6
32
-4
-10
-1
-23
-2
-27
3
-35
-27
-71
-54
-80
-80
-48
-46
-24
-68
-26
-39
-29
-29
-21
-16
-45
-34
-28
-38
-19
-33
-52
-68
-30
-57
-29
19
1
57
8
16
-13
33
13
-1
-3
-60
-31
-38
7
-14
-30
-22
-66
-58
-41
-12
-49
-45
-12
-18
-20
-39
43
-9
-32
4
-20
41
37
80
44
48
36
43
53
50
94
41
47
9
52
22
-8
42
0
17
33
11
11
10
-13
-14
22
-1
15
-15
-23
-51
-19
-4
-13
22
-18
4
5
17
29
36
18
51
8
76
53
56
60
66
16
68
22
37
65
2
35
-27
49
7
57
-11
33
-25
-23
-17
-20
-14
-35
-29
-72
-11
-39
-33
-14
-53
-60
-9
-49
17
17
20
-19
-22
-33
-19
18
-58
-31
-87
-33
-59
-44
-45
-67
-65
-68
-44
-29
-34
-39
-12
-38
-7
-29
59
-13
6
-10
-20
7
-10
-10
-7
43
35
68
27
58
38
48
37
35
45
25
52
15
-1
18
8
-7
-7
-24
-50
-15
-37
-5
2
-23
-4
-38
-10
-48
-23
-58
-38
-29
-29
-7
-19
8
-5
26
13
28
36
57
69
13
35
5
-25
11
0
-22
-9
21
17
27
51
19
64
9
46
46
13
74
43
43
31
25
37
3
17
7
21
14
34
41
11
74
14
51
-3
43
47
-9
45
13
35
-20
20
28
1
25
-44
-33
-62
-11
-48
-55
-28
-64
-57
-58
-40
-68
-19
-50
-46
-27
-48
-13
-23
21
-27
-14
-50
-50
-60
-44
-25
-37
-3
6
11
8
37
-14
17
-4
37
10
17
27
2
-16
-17
-58
-30
-29
-26
-20
-13
-21
-3
-6
-57
15
-74
10
-37
24
7
38
24
3
23
-30
40
-21
9
9
13
61
23
43
34
12
-1
-2
27
8
57
41
17
45
10
9
24
13
4
4
8
0
9
-13
21
-14
27
9
32
13
14
30
-6
19
20
23
9
-1
14
-22
-10
-4
-6
4
-8
-11
-8
-3
-6
-20
-26
-16
-9
-7
-27
8
-37
1
-36
-6
-17
-17
-8
-6
25
-2
16
-22
-8
15
16
26
9
50
6
17
-10
-23
24
-33
9
-9
-7
1
-31
0
-26
6
-25
-7
13
-20
2
-29
11
-39
-21
-23
-38
-20
-40
-28
-59
-40
-38
-44
-6
-54
-5
-41
-9
-38
-22
-39
-44
16
-13
25
-10
16
-17
-22
2
-9
24
56
30
26
-1
43
10
55
26
7
63
32
61
52
55
58
36
34
39
28
27
7
30
22
7
14
23
26
19
32
8
1
-1
-13
16
17
55
8
10
3
0
0
9
-8
16
4
23
28
41
26
-15
4
-31
2
-9
24
-7
24
20
39
8
-17
-2
-21
-9
23
30
-6
-2
-19
-18
-26
-23
-43
-18
2
-41
9
-18
-27
-12
-31
-21
-27
-33
-66
-60
-60
-89
-43
-39
-10
-12
-10
-18
-32
-49
-38
15
-50
-6
-7
-38
-15
-25
3
-17
-1
-7
10
18
14
21
7
7
-1
-36
-29
1
9
3
21
-4
2
15
-2
15
-2
29
-9
14
-4
29
6
8
-3
-21
-5
-9
23
8
26
-1
14
5
-1
18
14
-13
37
-32
0
-9
-10
35
-8
26
18
32
22
37
-6
22
31
35
54
46
28
49
29
38
43
14
35
20
62
48
52
65
20
23
-11
17
10
1
26
5
19
13
19
-24
-29
-8
-16
-13
-33
-23
-31
-53
-45
-67
-25
-56
-24
-34
-48
-6
-27
-31
-27
-4
-9
-20
-8
-28
1
-3
-7
-29
-22
1
-22
15
-34
-19
-19
-26
-5
-27
11
-19
-28
-26
-2
12
5
35
-15
12
-9
13
6
-7
-2
-39
-9
-44
-30
-3
-21
-3
-7
-1
27
-16
15
-27
18
-30
8
-17
2
-2
-39
-7
-19
12
-19
6
-18
-9
-14
9
1
9
-1
48
26
72
29
51
39
46
48
6
60
14
59
-1
15
13
5
26
16
29
-3
33
12
10
30
18
23
-10
34
12
19
5
-6
9
12
-7
20
-14
23
8
13
9
31
12
14
36
-13
-15
-32
-39
-47
-22
-13
-7
-4
1
-31
-7
-53
-6
-13
-41
-9
-21
-12
-33
2
-39
-13
-30
-14
-9
-15
14
-31
9
-21
11
-26
-11
-31
-11
11
-4
40
21
35
-6
1
0
-10
9
-8
14
31
38
28
-25
19
-19
-19
-24
15
-6
-14
28
-12
40
-22
-10
-15
-25
-12
-22
15
-11
-14
-12
-18
14
-26
0
-21
1
-11
-1
-12
3
-11
-40
14
-20
8
-1
19
-7
5
13
1
-21
1
5
-7
3
20
4
-8
21
2
23
15
58
27
32
12
19
15
21
21
37
19
26
19
7
17
-19
24
-5
18
-5
44
1
3
-17
-39
-10
-31
22
7
0
1
-8
2
-3
-9
-34
-29
-16
-1
22
14
11
-9
-31
-2
-16
-21
0
-1
-14
-27
4
-37
-22
-25
-34
-29
3
8
-21
-3
7
-8
-13
15
-6
10
-6
-14
-21
-1
-14
-1
-10
-14
1
13
5
4
5
-17
23
1
47
-2
37
7
-12
18
1
7
-28
25
-19
4
3
-7
-13
-43
2
-41
2
14
0
37
5
23
-16
34
21
-9
24
-12
23
-9
19
-13
-31
-18
-27
8
-14
3
13
20
17
20
31
4
14
12
15
23
1
24
-12
-43
-16
-23
-15
32
12
33
41
13
40
17
3
2
4
11
35
33
15
3
2
27
-3
8
36
14
15
35
18
6
16
-10
-35
-18
-35
-22
-21
-9
-13
-4
-7
-9
-24
-40
-10
-74
-13
-34
-17
-14
-17
-25
-40
-26
-58
-39
-47
-28
-20
-26
6
-10
4
-32
-21
-6
-51
-1
-22
4
-24
-24
11
-21
-18
0
-6
-25
12
1
10
24
15
30
32
34
21
22
44
26
36
49
52
29
32
41
26
57
30
17
20
22
19
16
15
17
19
-2
-13
-13
1
5
-12
4
-9
1
5
-2
-8
-27
-7
-7
-6
7
-19
-20
-6
-4
-7
-2
-7
-3
-13
14
4
6
20
0
10
33
3
18
28
1
0
-1
4
8
36
12
24
-4
10
10
-7
20
3
5
-4
4
-15
10
-7
-16
-8
-5
-16
-1
-10
-31
-20
-29
-25
-48
-24
-52
-48
-14
-43
8
-22
-12
-34
-36
-8
-25
-16
-25
3
-50
-14
-35
-43
-21
-35
-13
-9
11
-5
-14
2
-28
-9
4
36
4
26
14
5
31
4
43
18
42
34
27
49
18
33
-2
35
17
17
46
19
26
-7
13
-7
-1
16
0
22
-14
0
-13
-23
15
5
6
3
8
-6
1
4
7
7
-2
-25
-1
-7
10
6
-25
5
-15
-15
-1
-7
-11
17
13
-7
-4
5
-3
7
-19
-3
-22
-18
-16
-12
-7
-11
14
7
34
14
15
2
9
5
7
-2
22
15
7
26
-14
-12
-27
12
-3
33
34
22
15
14
12
12
-3
-10
5
-14
19
-9
-6
6
-2
-33
-2
-25
-21
-26
-26
14
-5
5
-17
-19
-28
-4
-5
-6
-7
-3
-12
-6
-14
-27
0
-24
0
6
20
2
0
-12
9
-1
-2
8
3
-15
-18
-4
-15
-14
-17
2
-8
10
12
-9
-5
-17
4
-15
1
20
30
33
6
18
3
19
17
11
13
10
16
-3
13
12
11
7
4
12
-10
16
18
18
15
21
8
-10
2
-5
-13
-20
-15
-10
-5
-5
7
-11
6
3
-2
10
17
24
21
18
12
23
4
15
2
-9
-14
-12
-10
-15
4
-22
-10
-2
-12
-19
-16
-9
-27
-14
-17
12
8
5
4
-13
2
-19
9
-6
8
5
-12
-4
-17
-9
-36
-19
-22
-16
-22
4
7
-17
9
-31
3
-13
-26
-24
-18
-9
-12
6
-20
25
11
13
14
14
26
7
25
-3
8
-5
-4
-10
-24
8
-19
-6
4
-6
19
18
33
10
36
24
10
16
8
16
-17
-4
-6
-21
-17
-28
-2
-29
-3
5
-1
5
4
10
21
19
1
26
19
30
31
21
8
-11
-19
-2
-9
6
4
23
8
-3
13
8
18
14
19
20
25
25
16
10
-5
-7
-12
3
-6
0
-5
-13
-11
-15
-28
-25
-24
-23
-14
0
-3
0
4
-8
-5
-11
-7
-9
-2
-30
-4
-18
7
13
-13
-9
0
-8
-4
15
-13
7
-13
3
1
33
13
31
16
-3
-1
-15
-21
-20
-18
-1
-15
-14
0
-19
-7
-6
1
-19
6
3
4
16
0
0
-22
-21
-13
-3
-12
-6
-10
-24
0
-6
-4
-6
-19
-2
-28
-2
-1
4
0
14
-5
-8
21
1
16
13
10
10
26
16
25
33
-1
19
6
-9
10
30
36
26
14
22
20
8
17
7
16
23
24
11
19
19
16
24
18
16
12
3
13
1
-4
-1
1
7
12
9
-10
-7
-23
1
-3
2
-4
-10
6
-14
0
-17
-23
-24
-11
-12
0
3
2
-8
-16
-20
-18
-10
-20
-16
-25
-16
-4
7
-16
2
-24
-14
-24
-34
-14
-36
-15
-18
-18
-17
-1
-23
-20
-31
-30
-13
-20
-7
-4
-14
-24
-18
-8
-18
2
-17
-23
-10
-1
13
9
10
4
-3
5
14
17
25
28
17
15
24
22
14
9
23
29
31
39
35
39
43
25
32
30
20
35
10
13
5
-8
6
9
-4
3
11
8
11
-13
-7
-6
7
1
7
-5
-1
4
-15
-6
-10
-11
0
-1
0
8
3
0
-26
-16
-12
-19
8
-12
-13
-24
-22
-28
-21
-14
-25
5
2
-4
7
-2
7
-6
-6
-10
-9
11
6
3
-21
3
-20
-9
2
16
8
7
25
3
10
-11
-6
-11
-3
0
-8
2
8
-12
-13
-19
-13
-24
-10
-16
-13
2
-9
11
5
11
6
-5
-5
1
-6
2
2
4
12
15
18
14
6
3
17
13
7
4
0
6
10
0
-2
11
-17
6
9
5
8
3
17
13
8
12
9
11
9
5
-4
-1
-4
-2
-7
-15
-6
-9
-11
-16
-2
-18
-4
7
17
17
15
16
3
9
9
7
7
3
-6
-4
1
15
-2
3
-4
-16
-9
-5
6
2
-3
-5
1
-1
-22
3
-1
7
0
-1
3
-9
-13
-9
-4
2
10
9
14
12
11
-6
-6
-2
-2
-2
10
-6
-2
-16
-9
-20
-25
-8
-30
-12
-13
-9
-3
-2
-9
-9
-10
-15
-3
1
14
11
10
7
6
-2
4
14
20
14
17
14
-2
-1
-7
0
-3
-3
-10
-7
-9
-3
1
-11
13
8
1
6
5
0
3
9
-3
6
11
-14
-2
-2
-11
-16
-11
-5
-5
-7
-8
-9
-5
1
12
6
5
15
8
6
9
3
9
13
9
3
4
13
3
14
1
14
12
26
12
21
28
2
-1
-4
6
-10
10
-9
-1
7
3
-5
-5
-16
-12
-9
3
0
-7
3
-7
-4
-11
-11
-19
-21
-21
-7
-2
1
-10
-11
-4
-13
3
0
0
-12
-10
-17
-4
-3
7
9
-1
0
0
26
11
15
-9
-2
-5
10
5
6
12
-16
-13
-23
-23
-5
-7
-9
-7
-17
-15
-21
-8
-22
-16
-18
-16
-17
-15
6
-5
-10
-2
-1
-7
4
-9
7
9
8
12
7
-1
5
4
0
13
9
15
18
6
2
7
1
1
8
13
21
25
26
38
23
15
5
4
16
11
5
2
4
-8
1
-4
-4
3
1
11
3
20
27
18
6
19
9
10
9
14
12
0
12
10
11
13
13
-4
0
1
9
16
18
15
7
0
0
7
-8
10
4
-2
-1
-3
-8
-13
7
-15
-11
-15
-21
-13
-21
-10
-12
-13
-10
-10
-22
-23
-11
-15
-19
-16
-14
-14
-29
-19
-20
-21
-28
-28
-20
-26
-7
-18
-15
-13
-17
-12
-12
-5
-4
-5
14
7
-3
-1
-7
-9
-16
-8
-4
3
15
19
11
13
-4
8
7
4
-4
-1
18
7
12
11
9
-1
5
-1
1
-2
-3
3
-7
-9
-8
-11
-6
-4
-1
7
6
20
19
27
23
11
6
24
16
9
7
3
16
7
11
6
8
15
12
13
11
17
18
9
2
6
4
12
7
2
11
15
4
0
0
0
5
-7
-9
2
-10
0
9
-2
6
7
-3
-3
5
-4
7
-7
-7
-7
-13
0
-13
-5
-8
-15
-15
0
-7
-15
-11
-21
-4
-9
-11
-1
-2
1
-1
1
-4
2
0
6
1
-11
0
-10
-14
-11
3
-2
-3
-2
-11
4
-11
-11
-8
-12
-9
-1
-4
0
2
-6
0
-6
-4
-9
-14
-6
6
11
6
4
-2
-7
-9
-10
-7
-7
-8
-1
-4
5
-1
-2
5
12
3
2
15
13
16
11
13
15
13
15
11
10
4
12
9
7
11
4
-2
3
11
-8
0
4
-1
11
19
25
9
20
21
12
9
17
13
12
20
14
15
17
-1
0
-7
-1
-1
2
7
8
4
7
5
-11
-4
-6
2
0
-11
1
-12
-23
-14
-18
-16
-9
-7
-7
-13
-11
-20
-18
-15
-24
-14
-11
-15
-15
-8
-24
-20
-23
-30
-27
-18
-27
-27
-24
-25
-27
-25
-11
-5
-6
-1
-11
-8
-5
-1
3
8
19
8
10
6
9
9
20
18
23
18
12
18
17
19
22
27
8
13
13
19
25
26
25
16
16
13
7
-1
3
9
8
6
7
6
3
-6
-10
-2
-8
-13
-5
-2
-1
-4
-5
-5
-14
-8
-11
-11
-2
-3
-4
-1
9
3
4
0
-8
-5
-7
1
2
-9
-3
-6
-7
-1
-3
3
8
2
-2
15
15
13
15
3
0
-3
-6
-11
2
4
5
-4
2
-2
-7
6
-2
0
-5
4
-2
-12
-9
-9
-16
-2
1
3
4
10
13
12
4
0
-2
-6
-7
-2
6
-4
-3
-4
-14
-15
-16
-5
-2
6
3
-1
0
1
-3
-8
-13
-4
-6
-9
0
-1
-3
-11
-6
-18
-5
-4
-7
-2
-3
5
-8
3
-3
-6
1
5
-1
-8
-7
-9
1
-7
-4
-8
-11
3
-3
0
5
-2
0
6
2
8
6
5
9
6
12
24
18
12
18
14
20
27
23
20
9
12
12
13
16
15
15
18
17
6
5
5
-3
-4
3
-3
0
-5
-3
2
-7
-3
-4
-11
-16
-8
0
-4
-6
-15
-12
-6
-12
-19
-13
-4
-5
1
4
-1
6
5
-3
-5
11
7
3
-2
5
6
3
-1
4
7
-7
4
9
11
10
13
13
15
1
-3
4
-4
-9
-17
-15
-15
-14
-12
-13
-11
-25
-18
-21
-18
-12
-17
-25
-18
-10
-18
-4
-9
-11
-3
-1
2
7
4
7
8
13
9
10
17
3
0
6
3
-3
4
11
0
5
2
0
-2
-4
4
3
3
9
5
7
4
10
8
1
13
10
22
17
23
24
15
18
8
6
4
-4
-3
0
-1
-5
-11
-11
-10
-14
-9
-5
-12
-3
-11
-4
-15
-13
-6
-18
-11
-8
-8
-7
-11
-8
-6
-8
-2
-1
0
2
9
4
3
-4
-3
-4
-10
-11
-11
3
4
-4
2
5
0
5
16
11
6
3
4
12
5
0
-2
-2
-8
-3
-4
7
3
-5
7
3
-1
-2
2
2
1
-4
-3
0
-3
-9
-6
-9
-6
-4
-9
-6
-5
1
2
0
0
5
4
3
4
-1
-1
-2
-1
2
3
1
1
9
5
2
-2
0
7
4
5
8
4
6
15
7
9
10
3
7
3
5
-4
-5
-6
-4
0
-10
-6
-7
-9
-3
0
1
5
8
7
8
3
5
11
16
23
12
12
5
4
17
17
19
13
21
16
17
7
-5
7
13
9
5
-5
-9
-6
-11
-12
-18
-13
-20
-19
-18
-19
-14
-20
-25
-31
-18
-20
-18
-11
-11
-13
-9
-6
-8
-1
-7
-13
-7
-2
-3
-5
3
0
6
5
8
10
6
8
7
9
1
10
4
8
6
0
3
4
1
2
-1
-2
3
7
9
7
11
4
7
-1
4
7
-3
4
8
7
11
11
7
4
3
9
6
4
4
1
0
-5
-8
-6
-5
-10
-7
-5
-9
-2
-7
-6
-6
-8
-14
-13
-1
0
11
9
5
12
12
16
13
12
0
9
5
9
11
9
10
1
1
2
9
-3
2
-2
-2
2
-5
4
4
9
0
3
0
-1
-4
-5
-6
-7
-11
-14
-13
-20
-8
-9
-7
-3
-11
-12
-10
-2
-8
-15
-6
6
-1
-11
-18
-6
-5
-9
-7
-1
-6
-7
0
-4
0
-5
-3
-8
-12
-7
0
2
-3
-3
3
8
3
2
6
11
6
7
9
3
7
1
-6
-3
-8
-8
-4
-7
-5
0
-5
-7
-4
-3
-3
-4
-3
-4
0
4
4
-1
-1
-2
-6
5
2
10
6
0
