SAMPLES:	10030
BITSPERSAMPLE:	16
CHANNELS:	1
SAMPLERATE:	16000
NORMALIZED:	FALSE
-3
-2
3
4
8
6
8
9
13
11
5
13
19
8
11
11
8
15
15
11
13
14
17
17
17
21
15
19
18
16
15
15
16
7
5
7
3
3
1
3
0
8
6
2
2
2
-1
-6
-1
-2
-3
-3
-5
0
-3
-1
-3
-7
-4
-3
0
2
-3
-2
-2
-6
-8
-9
-4
-4
-4
-4
-5
-4
-5
-12
-7
-7
-7
-7
-6
-6
-10
-5
-1
-7
-8
-9
-8
-9
0
-2
-5
1
-5
-4
2
3
5
7
4
6
8
3
0
-4
6
4
-4
2
-6
-2
-3
0
2
7
7
8
7
12
11
7
11
6
13
12
11
9
13
18
12
12
8
10
12
9
6
8
7
4
-2
1
-7
-10
-6
-6
-13
-13
-3
1
-2
-1
-5
-6
-5
-5
-5
-11
-8
-7
-10
-12
-16
-18
-9
-14
-15
-11
-18
-12
-15
-14
-5
-8
-8
-7
-7
-3
-3
-1
0
-7
-6
1
3
0
4
1
2
3
0
3
8
4
8
7
8
10
8
2
3
12
6
3
1
1
4
2
5
-1
3
1
0
6
3
9
9
10
2
4
12
7
6
5
6
3
6
11
20
19
14
17
16
19
17
12
15
12
8
4
7
9
2
-2
9
4
7
14
14
14
12
4
-3
0
-2
-8
-2
1
-9
-3
-5
-11
-9
-12
-10
-10
-16
-17
-12
-14
-20
-28
-26
-29
-25
-28
-32
-28
-33
-22
-26
-23
-17
-20
-25
-27
-21
-21
-16
-15
-15
-12
-4
0
-5
-3
2
4
2
1
-4
-7
-8
-4
6
5
6
8
5
13
9
13
19
15
20
13
17
15
13
14
7
-1
-1
-4
-5
-1
-6
4
4
8
8
12
11
9
6
2
7
6
-1
4
15
10
9
8
13
14
13
9
4
6
2
9
9
4
4
-1
-3
-3
7
-3
0
4
2
10
15
11
7
13
8
5
8
11
13
15
5
5
-2
2
3
-3
0
1
-1
-6
1
1
-1
3
1
3
10
2
3
-1
-1
4
3
-2
-2
5
0
2
1
-1
-2
-7
-6
-12
-6
-4
-9
-9
-12
-8
-11
-10
-8
-17
-13
-6
-8
-5
-4
-8
-17
-5
-4
-11
-11
-7
-6
-13
-9
-7
-9
-11
-5
-5
-6
-2
-2
0
-5
-3
-2
-5
-7
-5
-11
-4
-7
-10
-4
-7
-7
-4
-2
-5
-6
-3
-2
3
2
3
5
-2
-1
-4
-3
-2
1
8
7
8
3
5
5
9
9
6
9
3
5
5
5
12
6
6
8
17
16
15
18
18
14
17
12
8
11
10
19
11
14
14
8
6
12
6
3
9
13
10
10
17
13
8
8
10
5
8
5
10
4
6
6
2
-8
-10
-3
-3
0
0
-3
1
7
3
5
-3
-6
-3
2
-5
-10
-8
-12
-13
-11
-11
-13
-14
-17
-14
-11
-15
-13
-19
-20
-12
-16
-12
-10
-15
-20
-16
-22
-20
-16
-16
-21
-20
-19
-21
-21
-17
-15
-18
-16
-17
-12
-12
-14
-15
-14
-7
-9
-9
-9
-9
-8
-4
-3
1
3
6
9
10
11
14
13
12
11
8
14
6
13
12
9
17
13
8
11
11
5
5
5
5
9
7
6
11
11
14
14
14
12
12
13
15
13
14
13
19
16
10
11
12
10
9
14
15
16
14
14
12
8
12
13
8
8
13
15
6
4
6
9
10
6
2
3
4
3
-4
1
-5
-6
-6
-10
-17
-14
-9
-10
-3
-3
-5
-6
-6
-16
-10
-7
-7
-2
-4
-6
-11
-10
-9
-13
-17
-18
-19
-17
-18
-18
-13
-15
-20
-15
-13
-14
-10
-1
-2
6
45
23
-11
-35
-43
-33
-34
-50
-43
-28
-19
-12
-14
-16
-21
-15
-8
7
10
13
12
17
22
20
24
29
25
23
24
27
40
40
67
123
113
65
63
34
-26
-87
-142
-139
-117
-84
-40
-66
-93
-86
-37
31
60
76
90
137
161
158
133
101
87
57
5
-56
-99
-159
-199
-198
-172
-145
-123
-89
-66
-43
-16
17
38
52
58
86
115
140
141
133
130
113
122
128
130
105
95
74
56
53
15
2
-31
-66
-95
-87
-65
-53
-51
-50
-67
-41
-17
-42
-30
-15
-4
-23
-42
-45
-49
-109
-105
-68
-99
-113
-145
-139
-116
-81
133
245
300
350
274
221
207
173
156
123
74
38
-45
-83
-212
-264
-269
-316
-248
-218
-195
-311
-368
-285
-125
-30
37
68
75
169
143
97
83
98
149
196
178
199
167
51
-24
-22
2
11
26
50
52
-15
-87
-65
-83
-71
-3
41
28
25
-4
37
159
181
197
209
265
192
84
-44
-118
-106
-177
-218
-233
-274
-317
-390
-447
-358
-277
-266
-187
-52
-11
10
102
158
195
261
296
275
286
277
254
253
308
302
198
154
136
31
-72
-108
-136
-149
-171
-161
-159
-260
-215
-171
-175
-134
-147
-86
-8
7
62
116
45
66
131
172
263
244
118
53
79
83
73
49
-20
-104
12
23
-26
-29
-30
-48
-87
-22
-56
-138
-161
-109
-107
-150
-144
-90
-142
-157
-121
-100
-71
-1
29
-29
-30
-36
-5
65
135
109
144
161
217
278
193
197
159
142
80
-6
-74
-130
-183
-191
-119
-135
-226
-239
-284
-313
-201
-109
-76
-82
-58
21
63
114
136
140
178
245
332
356
352
291
308
339
288
274
219
168
145
71
-1
-39
-53
-118
-166
-196
-204
-224
-231
-234
-242
-254
-282
-220
-210
-203
-153
-130
-92
-5
44
76
105
96
121
134
143
210
212
164
134
148
146
112
55
-70
-126
-139
-148
-172
-164
-192
-228
-227
-173
-145
-143
-104
-54
-18
24
121
149
126
127
160
150
115
126
109
60
94
118
67
26
22
4
-17
-8
18
23
37
38
47
16
-30
11
-1
-22
-34
-41
-44
-59
-98
-87
-83
-64
-60
-103
-81
-53
-59
-78
-58
20
13
-3
49
56
60
68
81
87
105
92
35
38
89
86
32
41
73
-10
-62
-99
-137
-97
-77
-36
-51
-50
0
-11
-18
-34
-49
-68
-54
25
16
-7
-18
-15
29
39
32
48
36
-24
-64
-47
-20
2
-6
-1
9
-17
-82
-127
-55
-12
6
45
42
73
77
34
41
50
51
33
39
32
-66
-96
-114
-89
-50
-114
-135
-130
-126
-117
-120
-112
-62
-31
-55
-26
31
55
23
66
166
132
117
190
185
150
175
158
146
188
176
133
86
31
17
1
-14
-21
-41
-83
-55
-62
-76
-16
3
20
24
-7
-20
-13
-19
-30
-10
60
76
28
37
44
1
-54
1
68
62
13
-12
-42
-56
-63
-80
-32
13
-24
-76
-97
-100
-112
-108
-46
-17
-38
-13
-15
-44
-35
-26
-19
-23
27
26
-8
3
5
21
53
56
59
65
29
5
5
22
7
14
6
-18
-17
-9
-7
-69
-109
-85
-70
-47
-29
-47
-101
-114
-46
0
27
29
57
81
63
105
133
139
157
144
84
80
118
100
57
-42
-47
32
-9
-76
-76
-89
-40
-39
-57
-41
-62
-90
-98
-132
-162
-55
35
43
-23
-21
70
76
72
70
52
69
111
56
6
30
52
52
-15
-19
27
25
-6
-63
-77
-16
1
-22
-16
-27
11
48
11
-25
60
145
55
-49
-12
31
7
22
-53
-109
-13
19
-5
-68
-137
-83
-17
-31
-72
-60
-22
-18
-16
19
35
41
28
-10
-10
8
8
20
4
-29
-28
13
38
8
0
-4
-13
-22
4
9
-13
-17
-26
15
60
49
29
24
20
53
48
-7
-34
31
35
10
17
-13
-19
19
10
-34
-31
11
50
32
10
27
56
23
-1
-7
-49
-29
-11
-46
-58
-71
-82
-71
-47
-49
-63
-47
-10
-14
-19
-10
-9
20
33
32
44
56
48
57
73
40
38
30
17
22
9
-48
-71
-42
-12
-7
-61
-73
-55
-29
-17
-35
-56
-34
19
33
36
25
43
58
68
76
48
39
82
128
122
78
-2
-34
-13
-3
-27
-55
-69
-81
-37
0
-14
-28
-37
6
71
59
26
13
25
38
60
53
-1
20
-1
-65
-86
-37
-25
-62
-74
-62
-10
15
-14
-28
-9
46
80
73
45
9
27
12
-46
-14
7
4
16
-56
-118
-95
-65
-62
-70
-105
-85
-32
-42
-87
-80
-42
-24
-12
10
51
62
81
62
18
107
162
160
100
74
77
28
34
5
-131
-167
-123
-149
-158
-166
-174
-101
-39
-25
-11
9
46
84
127
42
1
115
158
137
143
55
29
121
108
93
94
127
102
-47
-103
-9
66
-21
-171
-240
-153
-84
-142
-244
-200
-55
-17
-47
-40
11
27
29
19
118
240
243
175
91
95
157
191
214
184
112
69
108
119
55
-21
-31
45
45
-59
-78
-24
-28
-179
-211
-65
35
16
-115
-190
-95
28
-47
-126
-55
63
28
-27
-2
24
51
30
-27
-64
19
115
104
-13
-67
-13
69
68
-42
-101
-55
73
-22
-188
-142
6
32
-128
-195
-79
8
23
-76
-158
-75
31
21
-40
-14
62
82
-7
-40
87
107
-1
-47
2
126
85
-48
-27
80
42
-80
-60
12
58
-3
-64
-24
76
47
-65
-60
-36
-31
-29
-19
25
23
-52
-59
-9
40
11
-82
-64
-5
0
-59
-51
4
-40
-15
41
46
-2
-34
-22
29
104
42
-27
34
108
56
-3
20
57
116
67
13
3
33
88
59
17
13
79
77
0
-44
-52
3
51
41
-55
-38
28
7
-38
-107
-39
27
8
-3
5
28
24
10
61
81
-1
26
67
103
71
-4
-6
21
69
42
-2
-61
-64
-1
-14
-102
-132
-79
-30
-59
-95
-56
13
7
-47
-35
23
60
15
-13
-23
22
76
29
-7
26
79
48
3
13
58
49
-9
-51
-22
5
-55
-75
-42
-56
-70
-87
-94
-59
-40
-41
-55
-70
-35
9
-22
-34
2
-4
-26
-31
6
40
17
-18
-19
12
30
14
9
-16
4
32
-44
-75
-49
-26
-66
-95
-60
-25
-50
-84
-74
-32
4
-19
-12
13
-30
-58
-40
-8
38
27
-46
-28
21
28
49
35
50
23
-22
70
149
127
83
91
127
108
67
67
93
123
90
48
68
81
88
32
10
50
90
82
45
71
120
123
111
108
89
93
102
52
39
68
79
42
-17
1
20
14
-40
-50
-41
-44
-59
-85
-59
-69
-100
-95
-9
32
-8
9
49
64
72
80
114
154
148
120
95
111
138
94
40
51
88
70
6
-47
-57
-84
-148
-183
-179
-208
-246
-282
-320
-322
-348
-376
-381
-354
-344
-336
-330
-328
-317
-305
-282
-247
-178
-136
-161
-147
-92
-44
-53
-61
9
78
87
73
119
168
201
158
100
152
197
175
125
82
103
118
92
57
52
66
52
-6
-4
17
-1
-3
-13
-33
1
72
84
52
42
90
99
97
90
105
132
121
92
106
169
209
184
128
157
255
248
200
194
218
281
246
184
186
228
253
221
149
132
189
191
136
72
70
90
83
62
-18
-56
-17
31
77
133
205
207
110
69
158
261
313
330
263
232
228
227
211
185
183
134
80
-48
-130
-172
-240
-350
-436
-470
-485
-521
-663
-797
-828
-797
-801
-812
-821
-814
-807
-788
-774
-700
-613
-551
-502
-483
-409
-332
-268
-230
-198
-142
-98
-26
-17
-23
36
96
139
180
208
271
303
261
261
313
421
478
401
364
345
358
376
319
321
356
334
235
178
192
216
189
137
98
106
153
141
72
36
57
75
101
108
84
102
72
8
33
82
87
50
51
76
107
127
137
123
159
218
237
247
240
268
282
265
250
282
319
296
252
262
248
195
188
196
190
144
44
-12
23
170
287
326
367
254
138
189
295
464
561
473
353
319
322
249
215
239
175
84
0
-141
-239
-361
-509
-597
-647
-693
-767
-899
-1022
-1097
-1139
-1147
-1102
-1053
-1048
-1066
-1067
-1025
-941
-844
-783
-724
-663
-590
-497
-421
-320
-243
-191
-115
-49
35
97
179
235
257
317
374
428
483
494
463
488
556
612
637
626
583
521
462
441
453
462
429
354
268
198
169
146
96
91
59
2
-1
-43
-60
-56
-77
-76
-68
-18
51
25
8
31
63
127
169
165
154
189
182
198
243
286
256
223
246
279
301
303
343
317
263
237
257
290
257
194
140
145
173
161
73
-16
20
77
205
322
407
378
175
121
278
506
651
617
471
385
350
320
356
428
419
230
38
-112
-211
-273
-401
-590
-705
-776
-883
-1008
-1145
-1221
-1277
-1297
-1313
-1281
-1239
-1293
-1303
-1239
-1140
-990
-891
-853
-774
-689
-609
-492
-342
-217
-131
-109
-81
22
148
259
352
414
468
528
548
584
658
677
675
697
746
767
709
659
575
529
546
524
485
427
308
172
106
87
36
-28
-101
-210
-273
-261
-275
-242
-245
-295
-272
-201
-125
-61
-3
56
109
138
189
268
359
371
335
366
449
490
448
400
450
495
438
387
389
417
382
310
294
299
291
254
222
197
171
125
97
85
172
400
489
481
426
238
238
478
690
785
738
536
360
368
430
475
520
416
161
-59
-212
-282
-310
-437
-645
-800
-910
-1013
-1131
-1273
-1357
-1377
-1428
-1470
-1449
-1461
-1504
-1496
-1430
-1283
-1085
-1018
-1060
-1021
-905
-755
-554
-412
-321
-252
-226
-160
-17
169
326
428
472
526
608
710
772
831
896
900
947
978
888
873
924
908
848
807
693
573
519
437
319
230
150
6
-101
-211
-325
-376
-410
-451
-511
-594
-617
-581
-552
-487
-409
-347
-277
-198
-129
-17
128
245
330
387
418
470
551
637
686
694
707
710
682
655
651
633
597
537
500
475
431
396
358
290
212
157
133
261
485
536
439
254
113
225
489
660
709
621
398
253
268
373
430
398
179
-95
-233
-346
-390
-445
-617
-829
-1002
-1130
-1179
-1213
-1299
-1383
-1454
-1502
-1517
-1478
-1459
-1422
-1325
-1238
-1117
-1010
-994
-968
-821
-640
-476
-345
-286
-250
-210
-106
66
235
375
395
392
431
547
732
875
920
866
796
782
887
995
981
932
806
708
653
609
582
506
399
240
86
-31
-141
-223
-303
-406
-463
-509
-560
-609
-659
-665
-583
-529
-507
-464
-441
-373
-263
-109
50
149
189
223
322
460
611
748
812
807
777
756
794
891
937
883
815
752
709
692
685
648
572
445
323
300
482
684
641
461
200
90
301
578
689
576
359
166
164
331
432
387
167
-138
-343
-358
-350
-397
-599
-899
-1106
-1215
-1237
-1237
-1302
-1431
-1536
-1591
-1580
-1541
-1523
-1499
-1418
-1283
-1169
-1095
-1056
-1033
-920
-718
-480
-304
-252
-243
-200
-76
127
336
498
527
486
513
622
817
1025
1109
1078
1019
967
1003
1101
1139
1106
997
872
756
681
636
513
385
294
151
-8
-154
-292
-401
-490
-541
-612
-689
-777
-848
-870
-832
-743
-697
-695
-659
-603
-530
-378
-218
-104
-12
54
158
314
498
602
645
702
753
815
878
945
997
1007
955
896
908
903
886
853
796
685
570
544
660
822
824
626
333
228
456
746
772
575
313
119
137
294
350
254
32
-273
-499
-512
-489
-599
-802
-1056
-1229
-1298
-1368
-1455
-1541
-1621
-1674
-1689
-1687
-1669
-1645
-1607
-1495
-1303
-1171
-1106
-1085
-1013
-814
-548
-335
-232
-174
-128
-45
135
357
499
574
616
686
818
965
1078
1167
1185
1167
1181
1217
1266
1273
1209
1096
1029
992
936
836
662
488
345
241
116
-27
-167
-332
-490
-605
-674
-729
-783
-857
-915
-945
-958
-941
-920
-863
-762
-686
-610
-497
-394
-280
-149
-10
129
239
333
444
549
642
747
802
833
875
916
943
964
964
943
934
902
868
799
684
638
732
903
891
728
443
285
508
804
876
661
385
182
230
443
460
329
77
-221
-403
-372
-348
-499
-762
-1064
-1204
-1230
-1303
-1417
-1551
-1698
-1771
-1756
-1755
-1747
-1767
-1795
-1712
-1517
-1367
-1321
-1292
-1206
-987
-728
-533
-408
-324
-233
-53
194
416
559
559
576
710
961
1141
1204
1216
1186
1238
1312
1401
1499
1515
1418
1280
1191
1198
1262
1210
1006
808
667
539
452
375
197
-16
-216
-398
-500
-558
-649
-773
-888
-968
-1015
-1076
-1062
-1001
-993
-1002
-956
-873
-766
-640
-529
-399
-219
-97
-53
27
215
423
550
612
627
625
706
820
927
1007
957
841
739
808
908
898
799
650
606
761
862
744
553
372
414
663
773
597
374
253
263
381
448
288
49
-148
-285
-290
-314
-498
-779
-1024
-1125
-1103
-1176
-1350
-1527
-1615
-1628
-1585
-1580
-1654
-1680
-1646
-1580
-1427
-1288
-1282
-1278
-1155
-936
-695
-534
-502
-431
-279
-80
146
318
394
451
512
662
910
1080
1114
1099
1136
1196
1312
1369
1350
1376
1379
1289
1234
1241
1204
1180
1064
877
778
701
569
438
327
148
-34
-211
-335
-356
-390
-518
-690
-803
-859
-850
-828
-836
-853
-881
-899
-835
-680
-589
-546
-481
-411
-320
-180
-81
37
184
268
341
407
523
639
693
744
768
782
759
746
767
812
805
692
527
445
534
745
805
594
367
203
313
620
708
492
215
132
193
348
365
172
9
-111
-200
-265
-352
-518
-688
-834
-928
-1004
-1161
-1344
-1453
-1452
-1450
-1465
-1555
-1662
-1636
-1522
-1403
-1297
-1238
-1251
-1204
-1065
-819
-624
-559
-541
-456
-253
-19
149
223
288
370
481
618
768
874
917
972
1062
1145
1213
1201
1172
1246
1345
1351
1233
1130
1104
1117
1077
950
842
748
618
474
361
248
116
-37
-175
-216
-233
-364
-555
-683
-716
-706
-694
-736
-783
-787
-800
-735
-584
-453
-455
-458
-386
-276
-123
3
75
142
206
264
352
465
591
646
630
630
652
671
722
757
751
737
635
459
377
450
596
698
575
295
75
48
302
602
567
207
-51
-31
145
336
302
75
-139
-260
-340
-350
-340
-482
-673
-877
-990
-1010
-1137
-1286
-1335
-1318
-1339
-1441
-1556
-1550
-1437
-1322
-1257
-1213
-1171
-1121
-1011
-826
-586
-425
-415
-429
-288
-55
144
274
285
339
436
495
598
744
849
862
899
995
1051
1069
1054
1114
1224
1243
1169
1040
990
1101
1154
1019
855
747
668
592
484
375
255
89
-101
-237
-253
-297
-451
-631
-663
-652
-673
-762
-798
-759
-741
-705
-689
-635
-558
-508
-485
-354
-160
-50
-12
12
98
226
331
418
486
548
587
588
609
685
742
748
713
676
637
589
544
522
488
425
350
399
439
315
163
65
182
401
409
155
23
121
262
317
196
18
-80
-99
-155
-219
-303
-447
-678
-876
-927
-892
-972
-1179
-1283
-1263
-1261
-1355
-1450
-1452
-1343
-1259
-1227
-1177
-1081
-1002
-929
-787
-618
-439
-379
-365
-254
-72
81
160
232
317
408
444
491
613
761
811
806
853
927
979
962
963
1050
1128
1046
910
897
951
993
890
709
621
618
565
441
344
241
113
-45
-149
-174
-243
-366
-499
-569
-586
-616
-668
-704
-652
-614
-644
-647
-594
-477
-370
-303
-243
-161
-94
-45
60
209
341
381
374
408
544
641
623
607
622
656
656
594
556
544
542
465
345
249
206
219
314
353
211
13
-134
15
355
460
177
-47
-12
162
324
271
109
29
-5
-92
-156
-191
-290
-439
-609
-704
-714
-850
-1028
-1063
-1017
-1023
-1152
-1298
-1303
-1146
-1026
-1028
-1051
-1016
-958
-864
-696
-539
-403
-405
-453
-357
-116
57
113
131
166
274
316
366
458
590
695
730
745
774
793
780
850
986
1069
953
758
736
861
962
854
646
540
545
538
427
306
184
72
-33
-117
-164
-223
-360
-516
-570
-544
-523
-586
-676
-678
-616
-601
-560
-500
-412
-323
-287
-260
-157
3
90
159
224
332
391
408
457
559
620
584
583
602
618
616
558
529
512
479
408
313
243
171
123
145
254
258
91
-112
-156
77
366
368
51
-120
25
259
361
232
37
-26
-15
-20
-74
-165
-290
-441
-552
-578
-616
-740
-887
-940
-909
-928
-1033
-1116
-1090
-972
-932
-986
-1012
-948
-803
-708
-647
-587
-546
-513
-439
-291
-125
-38
2
19
105
203
261
273
329
467
550
587
584
596
631
711
791
877
878
742
673
740
878
912
774
586
501
522
509
431
345
255
155
20
-121
-162
-162
-194
-279
-367
-450
-491
-514
-488
-420
-377
-444
-527
-447
-304
-188
-173
-150
-78
-10
52
133
205
297
357
365
386
422
493
519
511
524
557
541
478
452
432
411
380
303
230
139
64
31
153
284
139
-117
-256
-117
196
364
177
-98
-94
72
252
294
147
46
8
-32
-46
-73
-146
-280
-438
-569
-623
-670
-789
-858
-840
-859
-956
-1055
-1081
-992
-862
-830
-905
-859
-790
-747
-680
-596
-486
-419
-377
-366
-286
-173
-105
-30
22
59
105
107
165
320
425
447
453
486
559
642
683
729
809
811
763
775
810
844
839
709
634
654
624
503
387
325
271
206
90
-23
-99
-128
-194
-294
-337
-338
-368
-437
-452
-412
-405
-425
-368
-300
-239
-236
-248
-184
-34
106
110
98
155
240
304
377
441
470
456
408
433
499
573
556
416
348
384
419
377
286
173
102
17
20
171
215
53
-132
-217
-85
222
321
58
-123
19
189
255
176
70
67
112
36
-71
-137
-209
-281
-395
-464
-499
-597
-771
-822
-764
-806
-910
-1012
-1046
-958
-890
-920
-978
-905
-792
-742
-710
-682
-563
-486
-470
-410
-306
-242
-201
-147
-86
31
94
94
127
257
360
371
419
453
567
677
676
692
758
800
824
857
870
877
819
719
678
741
731
585
466
375
332
252
111
11
-17
-76
-176
-261
-324
-327
-352
-392
-389
-360
-365
-403
-363
-281
-211
-180
-187
-180
-71
48
100
144
156
220
279
320
407
436
423
422
396
441
467
450
406
314
299
278
232
187
137
74
37
142
199
59
-116
-202
-90
237
391
148
-123
-41
187
368
346
157
79
98
77
-20
-35
-78
-197
-334
-516
-532
-498
-617
-736
-753
-792
-903
-1012
-1064
-962
-838
-897
-986
-961
-876
-771
-735
-724
-605
-499
-522
-505
-372
-242
-162
-116
-122
-85
17
54
125
263
339
385
392
379
477
622
647
692
759
738
711
758
811
877
886
748
663
699
729
661
548
424
359
297
149
52
55
20
-58
-179
-301
-331
-326
-347
-380
-348
-359
-402
-412
-354
-218
-122
-153
-203
-119
-6
101
151
172
219
260
269
335
429
451
394
326
362
436
450
366
300
281
270
272
228
144
45
12
103
265
215
16
-153
-171
113
412
323
-12
-47
148
287
298
165
79
107
109
6
-104
-148
-171
-236
-394
-526
-563
-679
-787
-756
-745
-853
-979
-1055
-1010
-868
-842
-944
-963
-878
-772
-720
-740
-667
-513
-440
-463
-418
-305
-208
-139
-115
-119
-26
72
112
217
341
404
407
376
452
590
665
701
728
729
702
740
796
826
839
739
637
664
716
652
518
395
323
280
203
97
11
-26
-76
-156
-277
-324
-339
-359
-373
-370
-364
-412
-401
-326
-213
-144
-153
-184
-118
41
134
148
152
184
272
350
385
392
387
393
432
465
481
436
381
350
364
372
304
211
91
107
224
355
245
12
-96
-80
154
394
328
46
-33
162
349
410
265
99
89
145
113
-35
-135
-184
-242
-386
-579
-644
-701
-792
-808
-841
-944
-1053
-1100
-1075
-958
-890
-951
-1010
-978
-826
-716
-708
-697
-643
-558
-520
-465
-382
-317
-247
-193
-161
-104
-19
49
100
213
363
429
444
466
557
681
786
831
798
769
782
855
924
925
825
709
685
719
709
599
449
335
280
206
112
20
-34
-77
-174
-268
-323
-334
-362
-409
-428
-417
-412
-432
-409
-298
-198
-167
-159
-118
-51
54
118
165
223
277
283
296
390
447
457
441
426
447
505
505
432
382
391
393
305
190
111
151
333
411
231
30
-70
67
376
480
272
13
56
252
412
357
144
58
95
118
-19
-178
-261
-308
-394
-564
-678
-751
-836
-867
-852
-943
-1054
-1135
-1188
-1090
-961
-986
-1076
-1044
-946
-838
-752
-741
-705
-613
-554
-499
-410
-299
-210
-170
-150
-73
45
116
151
249
355
440
497
506
595
716
804
873
894
881
878
915
964
1007
962
800
710
734
722
655
502
355
283
251
150
20
-38
-79
-152
-247
-317
-338
-340
-394
-438
-440
-423
-402
-396
-394
-334
-264
-221
-196
-110
-19
22
48
98
181
265
307
319
374
411
437
408
426
465
488
464
418
373
338
307
236
184
259
432
349
179
81
108
318
530
463
206
194
338
457
463
311
185
161
150
90
-30
-196
-304
-375
-501
-648
-743
-864
-970
-970
-975
-1102
-1232
-1274
-1224
-1145
-1123
-1149
-1179
-1117
-1002
-884
-826
-774
-668
-632
-620
-513
-359
-239
-208
-185
-166
-87
55
166
267
351
430
508
586
669
771
832
926
1051
1063
983
972
1025
1098
1122
1013
846
761
788
754
644
499
347
279
194
62
-32
-95
-154
-258
-369
-421
-445
-472
-497
-517
-518
-522
-508
-479
-429
-348
-293
-277
-225
-112
-20
28
50
100
203
299
351
371
419
433
452
481
481
493
494
465
401
365
348
299
256
330
463
407
229
106
102
346
595
506
158
77
312
498
519
375
225
208
246
141
-28
-133
-204
-305
-507
-699
-770
-846
-964
-995
-1021
-1159
-1299
-1369
-1327
-1191
-1124
-1210
-1278
-1197
-1063
-945
-895
-860
-728
-611
-619
-576
-411
-249
-166
-133
-107
-19
122
212
287
384
501
604
662
733
843
906
974
1048
1088
1083
1070
1090
1100
1137
1059
914
832
850
844
687
493
358
298
234
103
-54
-132
-192
-275
-382
-472
-506
-521
-577
-626
-621
-605
-592
-591
-545
-440
-387
-390
-346
-211
-64
15
3
5
124
265
336
375
373
388
443
501
535
514
512
498
505
478
394
341
309
484
639
481
249
168
284
582
748
514
201
255
459
554
539
341
207
232
208
63
-67
-165
-260
-393
-598
-765
-833
-908
-1012
-1046
-1122
-1274
-1375
-1412
-1374
-1263
-1270
-1358
-1358
-1284
-1166
-1064
-996
-895
-772
-732
-691
-554
-358
-232
-171
-126
-78
91
246
272
341
433
554
696
781
845
906
950
1014
1143
1179
1157
1168
1189
1200
1179
1094
953
931
930
829
665
489
371
347
257
85
-20
-119
-250
-347
-394
-438
-469
-551
-677
-700
-663
-619
-579
-622
-624
-539
-484
-439
-326
-211
-160
-93
-49
32
174
257
264
299
377
471
521
532
538
570
579
530
516
497
427
384
513
663
560
330
207
320
646
800
549
199
256
517
661
556
319
219
254
246
85
-92
-191
-252
-346
-571
-784
-861
-937
-1037
-1107
-1169
-1342
-1491
-1515
-1449
-1344
-1347
-1436
-1431
-1302
-1186
-1128
-1074
-969
-781
-713
-744
-631
-411
-238
-164
-139
-92
72
242
319
385
489
580
667
766
899
1028
1064
1055
1088
1214
1263
1284
1259
1215
1219
1160
1054
995
986
887
712
556
437
379
287
126
-5
-112
-196
-314
-426
-482
-484
-557
-684
-738
-736
-729
-722
-672
-660
-620
-583
-584
-479
-301
-194
-195
-215
-119
57
190
233
265
304
365
471
531
534
559
578
584
595
550
489
509
721
798
606
384
273
509
845
870
475
228
412
641
739
537
308
277
332
250
17
-103
-154
-180
-365
-645
-781
-877
-980
-1053
-1119
-1280
-1447
-1547
-1551
-1459
-1371
-1429
-1539
-1486
-1330
-1225
-1183
-1115
-947
-783
-759
-741
-572
-330
-188
-163
-152
-39
182
349
378
419
542
686
814
923
1000
1034
1066
1142
1248
1283
1239
1204
1247
1307
1244
1069
944
956
978
856
640
455
367
333
203
21
-88
-155
-292
-418
-494
-528
-562
-647
-737
-748
-697
-672
-688
-652
-594
-550
-529
-527
-421
-257
-178
-203
-151
-26
107
195
237
331
383
404
463
496
554
621
615
561
484
494
579
794
810
581
439
363
578
919
931
538
293
468
704
755
527
269
235
314
272
61
-116
-193
-218
-372
-641
-777
-870
-1028
-1131
-1168
-1260
-1406
-1562
-1654
-1574
-1438
-1490
-1602
-1608
-1492
-1334
-1261
-1220
-1074
-886
-833
-767
-590
-350
-178
-117
-112
-5
211
387
490
547
644
765
851
902
1057
1172
1146
1169
1222
1261
1306
1337
1285
1259
1251
1117
1034
1029
1020
895
704
540
459
417
263
73
-52
-156
-267
-381
-506
-530
-531
-636
-762
-799
-774
-733
-745
-778
-736
-659
-619
-545
-440
-370
-289
-216
-173
-90
86
174
164
232
332
419
463
470
483
543
616
632
585
500
594
856
865
682
518
458
674
989
956
558
407
555
700
708
505
303
282
320
193
-22
-169
-237
-261
-416
-662
-780
-903
-1067
-1134
-1181
-1306
-1466
-1604
-1649
-1577
-1528
-1598
-1662
-1606
-1471
-1346
-1309
-1263
-1099
-929
-880
-770
-570
-369
-194
-121
-99
59
317
484
574
626
710
858
987
1062
1161
1231
1228
1245
1301
1317
1337
1329
1254
1212
1175
1115
1086
1017
925
817
667
519
446
393
245
117
3
-124
-247
-346
-442
-513
-574
-653
-720
-761
-754
-729
-731
-722
-701
-722
-688
-578
-472
-398
-323
-276
-214
-77
42
107
182
256
334
385
433
498
566
596
593
605
543
522
726
913
816
633
494
549
858
1036
793
445
465
651
748
636
389
289
317
283
84
-113
-234
-284
-375
-613
-773
-856
-1029
-1184
-1183
-1219
-1375
-1548
-1649
-1623
-1547
-1538
-1634
-1673
-1594
-1435
-1400
-1411
-1243
-1045
-974
-939
-796
-595
-377
-224
-178
-91
109
321
450
545
668
801
925
994
1099
1217
1309
1336
1348
1384
1413
1429
1412
1407
1325
1211
1141
1122
1096
992
834
665
558
502
381
216
121
41
-83
-226
-336
-386
-425
-478
-555
-648
-687
-678
-650
-670
-659
-639
-634
-614
-552
-438
-334
-272
-235
-180
-115
-30
77
158
239
277
284
333
442
532
554
542
493
591
842
871
716
614
571
740
982
938
628
533
677
795
761
531
321
322
359
211
-4
-179
-305
-366
-524
-761
-872
-944
-1097
-1249
-1325
-1415
-1500
-1561
-1662
-1684
-1643
-1652
-1669
-1628
-1575
-1528
-1477
-1431
-1288
-1098
-1025
-973
-821
-617
-421
-292
-221
-71
137
312
425
547
671
828
943
1006
1199
1326
1334
1384
1431
1457
1552
1612
1510
1406
1389
1320
1268
1250
1132
958
819
691
599
493
306
156
70
-24
-116
-234
-381
-456
-474
-534
-617
-674
-735
-758
-710
-675
-656
-647
-668
-603
-481
-433
-408
-338
-252
-155
-52
-37
-11
121
263
311
358
393
456
539
562
580
800
1014
874
726
677
806
1140
1293
1027
695
736
981
1092
979
677
512
512
461
304
119
-44
-149
-259
-563
-808
-865
-955
-1076
-1197
-1383
-1591
-1701
-1693
-1663
-1683
-1798
-1921
-1881
-1768
-1661
-1618
-1629
-1561
-1400
-1293
-1254
-1102
-890
-754
-659
-549
-421
-200
28
172
298
442
602
766
877
1034
1205
1284
1371
1446
1505
1520
1595
1636
1648
1620
1478
1352
1374
1387
1259
1062
862
753
742
607
370
178
83
14
-106
-226
-343
-395
-465
-563
-625
-647
-670
-705
-755
-756
-693
-655
-659
-599
-530
-498
-448
-420
-333
-182
-81
-52
-19
60
143
250
357
376
425
450
427
514
790
963
819
683
642
847
1168
1258
993
743
866
1054
1081
901
692
630
667
567
319
138
21
-24
-163
-464
-686
-814
-918
-1026
-1098
-1242
-1469
-1643
-1681
-1640
-1621
-1722
-1880
-1871
-1738
-1630
-1621
-1653
-1563
-1366
-1268
-1231
-1116
-924
-736
-600
-495
-375
-202
-32
105
271
454
617
727
779
931
1120
1266
1363
1404
1448
1474
1555
1629
1627
1573
1455
1390
1380
1372
1272
1077
915
806
741
593
371
193
113
-10
-172
-333
-467
-500
-544
-663
-787
-850
-845
-831
-844
-843
-849
-831
-794
-712
-589
-526
-497
-453
-362
-236
-129
-63
-11
87
163
217
261
347
427
472
627
848
876
804
775
848
1112
1357
1257
953
933
1162
1309
1244
999
795
787
809
656
445
278
113
-4
-211
-438
-537
-661
-855
-1015
-1111
-1250
-1414
-1546
-1602
-1553
-1593
-1742
-1837
-1831
-1735
-1661
-1653
-1659
-1587
-1481
-1438
-1293
-1084
-956
-877
-784
-663
-451
-211
-78
30
184
382
579
706
862
1019
1131
1251
1343
1411
1455
1531
1575
1578
1602
1532
1429
1429
1436
1366
1243
1079
922
868
801
621
439
288
143
9
-113
-241
-340
-442
-609
-693
-711
-765
-835
-890
-904
-854
-801
-829
-810
-746
-672
-599
-560
-503
-418
-297
-219
-151
-91
-32
89
198
251
285
346
448
700
851
759
688
737
993
1272
1293
1025
902
1104
1294
1309
1100
871
837
904
791
542
363
236
171
20
-271
-463
-560
-719
-881
-973
-1124
-1289
-1408
-1505
-1535
-1547
-1636
-1748
-1738
-1689
-1643
-1656
-1676
-1592
-1471
-1389
-1338
-1202
-1068
-927
-813
-713
-560
-368
-204
-87
59
238
455
622
727
894
1030
1133
1259
1336
1430
1497
1530
1512
1518
1510
1427
1394
1363
1294
1203
1093
980
918
844
677
504
382
266
152
35
-91
-215
-333
-448
-542
-580
-661
-752
-798
-832
-792
-787
-815
-832
-791
-699
-619
-569
-544
-481
-424
-356
-247
-132
-42
28
72
114
215
442
653
656
625
619
766
1042
1233
1193
1011
1037
1212
1321
1273
1088
982
982
964
807
582
428
371
292
52
-193
-349
-469
-594
-738
-913
-1109
-1252
-1342
-1390
-1430
-1502
-1608
-1708
-1698
-1653
-1639
-1646
-1649
-1579
-1488
-1464
-1408
-1284
-1167
-1012
-913
-847
-705
-515
-357
-205
-46
106
286
448
588
770
949
1076
1195
1292
1362
1441
1546
1580
1558
1576
1555
1518
1501
1402
1244
1152
1080
1009
904
718
552
448
349
231
82
-57
-155
-239
-340
-454
-533
-566
-620
-711
-774
-779
-769
-795
-805
-790
-742
-697
-666
-651
-581
-458
-389
-371
-313
-196
-131
-62
39
221
427
501
461
473
648
954
1149
1099
963
1039
1230
1328
1329
1227
1123
1088
1061
909
786
689
532
349
125
-64
-183
-311
-508
-663
-804
-984
-1161
-1280
-1341
-1364
-1423
-1562
-1658
-1654
-1605
-1587
-1594
-1595
-1548
-1510
-1477
-1383
-1235
-1128
-1053
-979
-886
-745
-565
-417
-288
-136
15
156
286
464
659
816
898
1005
1125
1236
1391
1476
1484
1467
1489
1511
1530
1537
1455
1326
1240
1179
1118
1009
839
691
557
423
286
167
53
-55
-179
-316
-424
-504
-550
-626
-691
-728
-759
-770
-760
-746
-721
-717
-716
-671
-589
-536
-481
-424
-370
-317
-274
-228
-56
199
278
241
206
327
643
873
878
746
781
991
1168
1189
1092
1061
1099
1138
1026
898
823
758
641
430
235
103
-25
-195
-341
-498
-677
-852
-994
-1074
-1149
-1244
-1376
-1477
-1496
-1498
-1548
-1581
-1554
-1486
-1440
-1469
-1450
-1334
-1171
-1078
-1033
-977
-861
-700
-577
-457
-325
-179
-25
103
233
395
548
683
817
949
1009
1066
1179
1287
1381
1407
1358
1325
1375
1412
1362
1269
1173
1149
1092
979
866
760
658
542
390
248
166
77
-33
-172
-278
-394
-504
-585
-628
-673
-728
-772
-776
-737
-709
-735
-728
-659
-547
-473
-472
-446
-362
-255
-178
-25
81
99
139
201
345
560
712
691
613
696
904
1028
1021
943
911
969
982
909
813
711
635
513
338
240
164
5
-173
-313
-425
-548
-709
-846
-933
-999
-1110
-1267
-1346
-1356
-1366
-1417
-1501
-1538
-1465
-1362
-1324
-1312
-1264
-1213
-1112
-1007
-904
-777
-668
-578
-485
-323
-159
-50
47
197
346
475
594
726
873
959
1049
1121
1183
1262
1318
1312
1318
1354
1301
1227
1179
1148
1113
1025
897
780
713
663
566
423
299
225
155
49
-60
-157
-242
-306
-373
-450
-513
-572
-622
-625
-594
-617
-651
-662
-615
-534
-468
-466
-447
-373
-235
-58
11
4
18
123
333
536
605
531
534
672
839
949
900
824
811
860
841
751
649
565
517
398
238
115
18
-94
-228
-334
-464
-607
-726
-820
-884
-935
-1035
-1142
-1201
-1204
-1194
-1227
-1291
-1310
-1282
-1264
-1227
-1177
-1133
-1099
-1040
-973
-873
-733
-607
-543
-451
-322
-154
-23
90
199
315
448
566
679
773
869
917
986
1052
1101
1144
1171
1192
1182
1171
1145
1078
1019
983
885
797
741
656
522
407
326
236
162
60
-62
-127
-176
-233
-307
-394
-429
-444
-460
-495
-510
-502
-495
-477
-464
-444
-409
-375
-364
-323
-213
-61
31
24
48
145
294
470
558
541
536
664
788
845
857
835
818
835
838
783
681
588
510
425
327
201
64
-91
-198
-268
-357
-520
-683
-792
-854
-885
-964
-1061
-1132
-1162
-1165
-1186
-1194
-1199
-1183
-1164
-1158
-1095
-1033
-975
-914
-862
-783
-711
-615
-529
-433
-314
-208
-104
-9
102
217
341
463
549
613
674
766
845
902
921
934
986
998
987
953
931
918
874
830
758
679
608
553
495
402
308
215
135
74
-13
-119
-200
-225
-249
-319
-392
-433
-435
-409
-419
-442
-475
-445
-385
-349
-349
-329
-288
-185
-39
25
45
69
128
279
457
524
507
489
576
742
812
802
760
743
776
802
762
695
609
518
439
333
254
165
49
-74
-166
-259
-403
-548
-632
-685
-769
-880
-982
-1024
-1023
-1037
-1105
-1146
-1142
-1096
-1052
-1044
-1020
-973
-905
-825
-774
-725
-637
-539
-436
-353
-291
-228
-133
-23
80
155
227
326
422
510
563
651
725
742
793
808
826
876
903
875
815
812
805
771
712
632
559
500
425
333
280
201
132
58
-29
-65
-114
-162
-215
-242
-245
-294
-339
-359
-347
-320
-356
-396
-378
-335
-295
-265
-273
-254
-139
-42
-22
8
52
150
300
401
431
444
471
567
694
745
734
675
638
672
690
654
556
424
368
322
248
146
15
-88
-183
-257
-343
-460
-549
-632
-725
-775
-836
-876
-919
-955
-953
-966
-974
-974
-955
-902
-856
-812
-777
-746
-671
-594
-528
-450
-389
-320
-232
-134
-38
52
95
168
243
338
418
471
530
558
640
710
726
707
731
754
771
761
709
651
626
633
603
526
449
381
319
290
244
190
114
8
-51
-83
-103
-138
-219
-293
-330
-313
-302
-322
-334
-342
-326
-297
-275
-262
-233
-196
-175
-138
-108
-39
34
57
69
102
177
229
299
350
386
414
477
541
576
594
577
559
527
526
508
456
387
317
258
187
122
47
-44
-132
-212
-300
-390
-457
-524
-580
-618
-679
-728
-763
-792
-800
-793
-785
-791
-782
-774
-742
-715
-675
-621
-570
-517
-461
-419
-343
-248
-193
-123
-49
20
96
146
195
269
340
377
405
429
481
533
550
532
536
570
576
559
514
487
449
428
398
361
303
258
232
179
136
102
54
14
-4
-26
-57
-95
-117
-111
-115
-128
-156
-168
-151
-122
-109
-94
-57
-37
-9
22
51
86
113
145
183
211
236
280
311
344
381
390
404
390
383
395
372
336
289
244
209
163
102
63
11
-52
-101
-158
-206
-253
-276
-317
-354
-389
-423
-430
-468
-492
-514
-543
-530
-522
-509
-498
-505
-511
-496
-442
-408
-390
-406
-381
-352
-309
-253
-237
-211
-175
-135
-83
-50
-23
18
28
48
94
124
131
153
169
189
213
221
228
234
249
248
245
253
266
290
278
269
269
283
301
305
296
289
301
327
333
317
303
324
353
336
319
285
268
284
288
258
195
143
113
108
99
57
12
-31
-38
-52
-63
-103
-141
-171
-189
-202
-222
-223
-248
-250
-237
-211
-202
-198
-190
-190
-175
-148
-129
-125
-124
-122
-123
-92
-67
-57
-57
-31
-22
-18
-8
-25
-24
-16
6
7
5
-11
-30
-28
-30
-41
-83
-133
-162
-169
-183
-198
-237
-282
-297
-282
-268
-272
-300
-322
-302
-291
-280
-253
-227
-202
-186
-168
-130
-81
-30
-16
26
70
124
188
255
265
299
369
402
454
486
522
554
569
588
595
613
597
566
544
537
535
491
430
390
354
313
257
178
112
58
-8
-86
-160
-209
-276
-335
-373
-406
-450
-498
-532
-538
-535
-561
-558
-539
-531
-487
-455
-410
-362
-309
-282
-240
-179
-115
-39
21
55
92
149
199
246
276
280
286
305
309
311
290
265
229
191
178
142
105
53
12
-21
-60
-92
-162
-188
-197
-232
-281
-310
-331
-352
-360
-354
-345
-332
-316
-300
-267
-222
-197
-160
-94
-40
20
78
109
135
203
254
285
315
364
430
485
530
534
546
567
573
571
564
533
500
466
418
375
345
307
229
170
107
63
6
-56
-89
-137
-170
-215
-264
-308
-341
-386
-408
-412
-446
-464
-477
-469
-458
-447
-428
-417
-423
-393
-346
-317
-285
-265
-224
-177
-133
-93
-69
-32
16
66
104
115
147
167
192
237
249
249
251
257
253
259
251
217
192
168
147
132
99
56
21
5
-14
-41
-69
-88
-97
-105
-102
-110
-120
-113
-103
-105
-107
-106
-102
-92
-90
-83
-86
-78
-69
-43
-25
-14
2
17
29
45
55
72
106
118
155
171
177
183
202
215
221
242
234
248
249
258
252
224
215
216
206
189
154
116
102
92
69
24
-16
-57
-62
-83
-115
-139
-165
-173
-189
-203
-214
-225
-234
-237
-237
-245
-260
-259
-248
-237
-229
-237
-235
-215
-183
-147
-133
-127
-94
-68
-54
-36
-8
35
60
76
85
101
128
145
153
157
167
177
180
179
171
165
164
152
151
125
101
86
68
60
47
21
-6
-29
-45
-47
-81
-104
-132
-144
-131
-141
-149
-163
-159
-147
-156
-153
-164
-159
-119
-109
-97
-93
-94
-79
-59
-53
-61
-53
-40
-23
2
7
16
38
61
77
108
126
136
137
164
166
160
160
156
177
177
167
142
128
142
154
139
112
100
87
87
88
93
76
56
43
15
6
-7
-21
-54
-61
-68
-92
-98
-86
-83
-87
-92
-103
-96
-86
-75
-57
-66
-69
-45
-37
-27
-17
-8
-1
-3
10
8
19
34
37
27
22
48
75
87
88
62
60
67
59
50
32
20
0
-5
1
-8
-17
-53
-56
-46
-52
-62
-83
-84
-80
-81
-88
-114
-111
-108
-82
-70
-111
-121
-119
-106
-82
-84
-94
-118
-103
-93
-86
-59
-65
-51
-42
-27
-24
-16
7
21
41
52
58
68
94
115
127
132
124
142
170
181
182
175
188
194
198
194
166
158
179
176
168
156
126
113
109
98
74
52
26
-16
-57
-63
-80
-107
-137
-160
-179
-194
-210
-214
-215
-211
-206
-212
-200
-186
-172
-159
-168
-161
-129
-109
-86
-73
-67
-48
-20
0
27
28
36
50
78
113
120
127
134
159
164
159
169
163
152
146
132
129
112
89
75
67
54
40
19
-5
-8
-20
-35
-68
-72
-62
-82
-83
-102
-101
-116
-120
-115
-129
-123
-131
-143
-138
-115
-93
-77
-78
-56
-32
-13
-13
-2
39
52
67
70
81
87
95
106
104
122
120
130
133
120
138
130
118
104
95
94
99
105
89
69
59
44
39
33
17
3
-20
-22
-29
-53
-76
-80
-86
-105
-117
-113
-124
-128
-135
-141
-132
-146
-143
-146
-143
-128
-129
-122
-97
-74
-68
-64
-42
-22
4
10
16
29
41
60
71
80
89
89
90
111
112
115
110
110
96
100
99
86
87
69
60
55
45
32
20
22
26
15
-15
-33
-38
-21
-33
-61
-80
-90
-90
-107
-99
-102
-116
-114
-138
-125
-105
-106
-84
-76
-64
-52
-36
-28
-12
7
14
15
21
27
40
56
53
60
79
92
99
108
113
122
121
117
115
126
127
115
112
100
91
89
85
75
75
46
31
20
8
7
2
-11
-35
-43
-54
-77
-83
-96
-108
-117
-132
-137
-141
-150
-147
-149
-147
-148
-158
-141
-140
-120
-114
-96
-70
-56
-37
-28
-11
12
26
45
55
53
82
89
94
98
94
109
136
136
124
109
111
129
143
145
130
123
107
102
108
92
71
55
53
39
19
9
-11
-15
-44
-59
-74
-80
-85
-97
-102
-123
-117
-115
-109
-106
-91
-74
-73
-60
-56
-35
-26
-14
-3
-6
3
22
43
50
54
50
51
64
62
73
76
74
88
86
92
86
82
76
62
57
56
47
37
29
27
9
-6
-12
-19
-27
-48
-59
-65
-78
-70
-80
-97
-111
-115
-114
-110
-110
-121
-116
-110
-98
-106
-108
-105
-93
-89
-100
-82
-71
-63
-47
-45
-22
-1
6
29
41
60
88
96
98
97
110
116
110
119
127
132
129
123
117
107
104
100
103
104
102
82
64
63
53
29
0
-19
-10
-17
-38
-57
-66
-59
-65
-67
-81
-65
-70
-78
-61
-70
-65
-76
-78
-74
-63
-55
-43
-43
-58
-42
-29
-17
-27
-16
-5
4
17
19
37
46
47
53
55
42
56
52
56
51
37
38
28
29
30
11
9
-5
-14
-8
-20
-31
-36
-27
-40
-57
-51
-51
-66
-67
-70
-67
-60
-60
-52
-61
-65
-62
-60
-42
-32
-27
-26
-26
-16
-18
-14
-16
-3
20
25
20
25
39
56
60
52
69
66
79
92
93
86
86
83
89
93
85
75
70
77
82
69
58
47
34
26
26
17
1
-9
-30
-29
-29
-49
-53
-61
-68
-68
-59
-75
-87
-81
-66
-63
-65
-62
-63
-58
-55
-31
-24
-30
-25
-15
-18
-11
2
-1
12
28
32
31
33
33
28
33
51
54
54
53
57
48
37
47
49
48
30
27
26
21
18
14
11
14
11
5
6
3
-3
-2
-3
-17
-15
-20
-21
-16
-17
-29
-34
-35
-35
-46
-42
-47
-46
-45
-43
-41
-44
-39
-25
-32
-40
-30
-34
-24
-18
-20
-30
-32
-24
-10
-3
3
-1
4
19
28
37
37
40
43
52
43
32
36
37
28
38
39
32
34
34
34
39
32
9
3
3
8
6
-20
-20
-22
-25
-11
-17
-27
-5
-12
1
4
-1
2
3
5
17
14
7
9
0
6
12
17
7
19
34
32
32
38
47
40
46
44
25
26
29
22
25
21
11
25
25
17
11
5
-1
2
-9
-14
-13
-20
-10
-22
-39
-38
-41
-30
-36
-51
-57
-58
-58
-54
-75
-76
-75
-79
-72
-68
-62
-72
-54
-56
-49
-38
-29
-14
-17
-19
-15
-3
-6
-13
-20
-10
-3
-5
9
2
-6
-3
0
3
4
13
25
23
25
35
25
36
37
34
29
20
25
21
34
47
28
17
10
23
29
23
22
17
26
36
33
19
17
14
19
26
29
24
29
39
33
33
32
36
19
10
18
6
12
-2
10
20
15
12
-4
3
6
-6
-15
-20
-21
-23
-21
-30
-37
-39
-57
-53
-53
-57
-55
-72
-71
-66
-61
-59
-65
-59
-65
-57
-54
-43
-37
-33
-24
-24
-14
-3
7
14
18
15
9
18
18
35
51
60
60
54
55
59
64
61
57
55
47
37
24
15
6
2
-2
-1
-15
-18
-11
-23
-24
-21
-14
-21
-18
-13
-5
-3
-12
-7
1
9
7
25
26
36
53
60
58
51
54
63
70
65
68
70
72
53
45
37
48
56
42
35
34
36
19
6
2
-5
-4
-8
-17
-22
-27
-42
-53
-70
-75
-78
-87
-92
-115
-113
-111
-107
-104
-103
-101
-98
-89
-85
-65
-55
-49
-44
-34
-35
-21
3
14
17
19
24
39
59
65
72
73
78
87
91
83
83
85
80
67
67
70
69
74
71
62
56
55
48
37
29
8
-6
-7
-13
-9
-21
-43
-39
-47
-44
-42
-44
-43
-43
-37
-46
-32
-30
-31
-30
-36
-40
-41
-26
-20
-12
-5
-17
-22
-16
4
7
17
22
20
31
32
29
37
34
38
44
39
48
34
36
29
24
21
14
-5
-18
-14
-32
-36
-27
-30
-33
-40
-53
-63
-68
-62
-63
-72
-74
-81
-81
-84
-84
-94
-88
-75
-73
-56
-54
-45
-41
-42
-22
-10
-4
1
8
9
16
22
34
43
53
52
59
71
72
74
74
84
85
85
81
87
81
68
65
55
47
49
35
27
31
25
25
29
32
17
-3
-8
-18
-9
-15
-20
-26
-36
-33
-37
-36
-42
-28
-32
-38
-38
-41
-36
-27
-22
-25
-27
-18
-11
-7
-3
-10
-4
14
5
3
18
22
26
29
22
25
34
30
24
20
23
16
12
20
20
21
23
19
10
12
4
2
-8
-16
-13
-18
-23
-40
-39
-31
-39
-51
-51
-51
-45
-30
-36
-38
-31
-29
-30
-26
-27
-27
-21
-25
-20
-20
-20
-16
-5
0
2
4
11
25
31
35
42
49
50
51
51
58
59
54
59
50
39
35
37
35
41
44
44
44
42
31
9
27
16
3
-2
-9
-7
-19
-31
-31
-25
-36
-41
-45
-44
-47
-51
-51
-53
-51
-47
-40
-35
-23
-30
-18
-16
-15
-7
-8
7
13
12
13
22
21
22
22
33
39
37
35
51
48
34
37
34
37
34
35
27
28
34
28
22
25
23
21
10
4
-3
-23
-28
-35
-37
-42
-59
-57
-51
-61
-56
-54
-49
-44
-42
-37
-41
-25
-26
-16
-12
-15
-3
7
23
21
19
24
31
16
29
29
26
39
44
52
52
54
53
57
60
53
41
43
43
39
30
13
5
8
14
2
-13
-17
-34
-45
-45
-45
-40
-48
-51
-61
-60
-54
-72
-70
-75
-64
-60
-68
-54
-60
-64
-62
-58
-50
-49
-37
-29
-17
-18
-12
-4
1
14
21
31
32
29
30
44
53
48
44
43
43
46
46
40
32
31
31
24
22
12
9
1
8
6
-3
-3
-1
-1
-17
-13
-9
-21
-20
-14
-5
-3
-2
-2
5
-3
-10
-9
-10
-4
7
4
7
-1
-7
-4
2
6
10
10
2
12
14
10
23
24
24
21
26
34
27
43
46
39
31
25
31
22
28
33
21
19
16
18
7
-1
-6
-6
-6
-19
-26
-24
-23
-23
-29
-37
-30
-37
-35
-38
-51
-41
-35
-43
-46
-43
-37
-39
-35
-38
-37
-24
-15
-2
-1
-10
-1
-2
6
19
26
28
25
27
19
35
46
55
41
41
43
37
44
39
35
26
28
22
17
17
14
8
6
4
-11
-25
-36
-28
-33
-43
-46
-40
-37
-47
-42
-33
-27
-40
-44
-30
-32
-26
-14
-21
-22
-24
-20
-20
-19
-14
-21
-11
5
4
2
19
22
34
45
45
44
46
38
33
36
46
50
38
41
38
37
44
47
42
38
33
29
31
28
18
9
3
-2
-10
-15
-25
-31
-31
-27
-32
-39
-35
-28
-25
-25
-36
-38
-34
-35
-27
-28
-14
-9
-1
2
5
10
16
26
30
37
41
49
49
48
50
48
44
45
39
28
37
35
32
38
32
27
24
19
20
17
16
2
-16
-14
-16
-20
-29
-44
-56
-55
-63
-63
-66
-66
-61
-65
-64
-65
-59
-56
-52
-44
-37
-39
-34
-19
-26
-24
-16
-17
-17
-20
-11
-6
-1
1
9
22
35
36
36
44
48
44
43
43
44
39
42
42
32
28
21
15
14
6
-9
-11
-14
-7
-18
-27
-27
-21
-15
-27
-27
-19
-28
-30
-41
-42
-38
-38
-41
-43
-38
-38
-35
-30
-12
-9
-6
-1
6
8
19
16
23
23
26
28
29
36
36
34
30
23
32
33
38
38
29
24
27
24
13
27
22
12
17
14
5
5
-3
-5
-6
-11
-12
-6
-7
-1
-1
-17
-15
-17
-22
-26
-35
-40
-37
-31
-35
-36
-35
-26
-35
-29
-30
-24
-17
-21
-6
-7
-4
6
11
15
12
11
16
18
19
23
27
26
30
36
48
42
46
54
54
52
55
56
56
67
53
43
47
40
34
25
17
15
21
18
7
-1
-9
-15
-23
-32
-44
-43
-42
-48
-57
-59
-62
-59
-62
-64
-56
-60
-60
-48
-45
-48
-48
-47
-35
-25
-32
-28
-23
-18
-19
-17
-2
4
0
5
12
19
21
29
31
30
28
24
28
35
32
43
43
31
34
28
33
29
30
36
31
23
24
21
12
8
7
3
-5
-1
-7
-8
-14
-6
-1
6
5
-6
3
3
4
7
3
-6
4
0
3
12
8
7
7
12
4
4
15
18
25
33
28
33
33
32
36
32
35
35
21
16
19
15
18
16
2
-15
-24
-24
-27
-37
-46
-49
-48
-56
-56
-50
-45
-46
-42
-47
-38
-33
-32
-29
-21
-25
-25
-15
-17
-15
-20
-13
-12
-5
-7
7
11
12
9
14
30
25
32
26
25
36
22
20
29
17
12
18
4
5
6
-3
-2
3
3
-6
-7
-8
-18
-23
-24
-23
-26
-26
-25
-25
-25
-23
-25
-31
-26
-25
-25
-26
-27
-25
-21
-8
-20
-20
-11
-15
-6
4
-8
-9
-2
0
4
3
7
6
15
26
28
27
26
27
29
33
26
36
32
29
29
25
24
22
13
10
12
13
18
19
13
12
12
3
7
-8
-7
-14
-17
-9
-13
-7
-9
-1
-5
-2
-8
-3
0
-7
-5
-16
-13
-12
-6
-7
-13
-7
-11
-3
2
3
7
6
3
11
11
10
11
3
11
15
15
16
27
17
15
15
18
19
15
5
14
8
-4
0
-14
-17
-3
-11
-16
-18
-23
-29
-29
-28
-34
-40
-48
-38
-41
-40
-32
-28
-31
-34
-37
-35
-24
-14
-18
-14
-10
-4
2
-3
-2
8
13
18
18
10
16
23
23
24
23
28
19
26
30
30
50
51
47
42
38
40
42
35
29
33
31
23
17
17
13
6
7
2
7
0
-7
-12
-14
-8
-5
0
-8
-6
-3
-15
-12
-9
-13
-4
-7
-5
-1
-3
-1
-6
-3
-1
2
7
10
10
9
15
15
15
13
11
16
10
17
6
13
16
9
9
4
9
9
12
12
12
6
7
13
8
7
-1
-1
-9
-7
-9
-15
-19
-27
-25
-23
-27
-29
-21
-19
-25
-28
-23
-12
-13
-22
-21
-28
-34
-24
-20
-23
-7
-6
-16
-16
-13
-13
-23
-22
-19
-2
-1
-15
-12
-6
-1
9
3
6
1
1
2
-13
-13
-17
-13
-11
-7
-11
-11
-10
-8
-1
0
-3
2
4
-6
1
2
-4
1
4
7
10
0
-3
7
16
11
8
10
5
14
16
15
12
10
5
11
8
12
7
9
4
13
20
15
24
17
18
17
17
5
1
9
2
-2
5
4
12
11
12
11
10
3
5
4
