SAMPLES:	8849
BITSPERSAMPLE:	16
CHANNELS:	1
SAMPLERATE:	16000
NORMALIZED:	FALSE
-5
-5
-5
-4
1
-2
1
2
2
0
2
-1
-1
1
0
0
-2
-2
0
0
0
0
2
5
5
4
3
0
1
3
5
5
2
8
3
5
6
0
1
1
4
2
1
0
3
3
2
2
1
-2
-1
0
-3
-3
-2
3
-1
1
2
2
5
2
-2
2
-1
-2
0
-2
-2
-3
-5
-3
-1
-4
-3
-4
-2
3
-2
3
-1
1
1
-1
-2
-6
-2
-7
-6
-7
-7
-3
-2
1
-2
-3
-2
-2
1
-4
-3
-1
-7
-2
-3
0
-1
-6
0
0
2
0
0
-1
2
4
8
5
4
3
4
7
3
6
2
2
0
2
-2
-1
1
2
3
1
2
-1
3
0
1
-3
-5
-3
-2
-4
1
-2
2
-2
-1
-3
-2
-2
3
4
0
3
2
0
1
2
1
1
3
3
0
1
3
2
4
4
0
0
1
2
-3
-2
1
-3
-6
1
-3
-5
-3
-3
-5
3
3
-2
1
-4
2
0
0
-5
0
-1
1
3
1
3
0
0
0
2
0
4
-1
3
2
2
1
0
5
1
3
5
2
0
0
1
0
-1
0
-2
-3
-1
-1
0
-5
0
-3
-4
-1
-3
3
-2
-1
1
4
5
6
1
3
-1
0
3
-4
-5
-7
-2
-3
-2
-5
-1
1
1
1
-5
-3
-6
-1
-3
-4
1
2
3
2
-1
2
2
2
-4
-6
-2
-6
-6
0
-2
-2
2
-5
1
0
-1
3
0
8
9
6
5
3
7
5
12
8
5
9
10
7
10
6
7
4
0
4
1
2
0
-3
3
0
3
2
0
1
1
1
1
-2
-5
-3
-5
-1
-7
-2
-1
-3
-4
-5
-4
-1
0
-4
-4
-5
0
-4
-4
-5
-5
-4
-5
-2
-5
-2
-1
2
2
-2
1
-3
-1
-1
-2
-2
-4
-5
-1
1
-5
-3
-1
-3
0
-4
-1
-5
-4
1
1
5
-2
1
-2
-2
0
1
0
5
0
0
-2
-4
-5
-2
-3
-2
-3
-5
-7
-5
1
-5
-2
-3
-5
-1
-1
0
3
-2
0
0
1
2
0
-3
1
0
5
0
0
0
-3
0
0
-3
0
1
5
5
2
8
4
3
1
-1
3
3
1
1
2
1
2
5
5
7
5
6
8
8
6
4
0
2
4
5
5
2
5
2
5
3
7
3
6
3
0
4
0
3
2
0
0
-2
-1
1
2
5
1
0
-2
0
-4
1
3
-2
-4
-6
-4
-1
2
-4
-6
-3
-3
-2
-3
-4
-5
-4
-3
-5
0
-2
-3
-1
-3
-3
-1
0
1
0
-2
-3
-1
0
-2
-3
-1
0
-1
0
1
4
2
5
2
0
1
-4
-1
-4
-4
0
-5
-1
-3
-1
-2
-1
1
-1
2
0
3
2
4
3
2
6
7
8
6
4
2
4
-1
3
-1
2
0
1
4
-5
-4
-7
-2
-2
-4
-5
0
-1
-6
-5
-1
-4
0
-1
-1
2
1
1
-2
-2
-3
0
-5
-3
-6
-4
0
0
-2
-2
-7
-3
-5
-1
-1
-4
0
-1
0
2
3
-1
2
3
2
-1
0
-1
4
7
5
7
6
7
5
6
7
4
9
7
9
1
6
3
3
6
5
7
2
4
1
2
5
2
2
-1
1
5
3
2
0
1
1
3
-1
-2
0
-5
-5
-5
-6
-4
-2
-7
-3
-5
-5
-5
-5
-8
-9
-3
-5
-7
-5
-3
-5
-7
-6
-4
-3
-6
-6
-6
-7
-8
-7
-4
-6
-4
-7
-5
-7
-4
-2
-1
0
-2
2
2
1
4
0
1
1
3
2
2
0
0
6
1
5
6
4
6
3
5
8
6
4
1
4
3
3
0
0
7
7
7
8
1
7
4
7
4
2
7
1
4
-1
0
1
-3
2
-1
-4
-2
-5
0
-1
-1
-1
-2
5
-2
1
4
1
0
3
-1
1
-6
-2
-5
1
-3
-5
-3
-1
3
-1
1
-2
-1
3
-1
5
2
2
1
2
1
3
-1
1
2
-3
-5
-4
-5
-3
-5
2
2
-2
1
1
-1
-1
0
-4
0
1
3
5
1
-1
-3
-3
0
-3
-3
-1
-1
-3
-5
1
0
-2
1
-4
0
0
3
1
3
1
-3
0
0
0
1
1
-2
-3
-1
-4
-3
-5
-5
-1
-1
-2
-4
-3
-1
1
1
-3
0
3
2
3
2
4
3
3
2
4
3
5
8
4
3
2
4
3
7
3
3
2
0
3
-4
2
-2
2
1
3
4
2
2
1
5
2
1
2
0
5
-1
1
4
0
2
-4
-1
-4
-6
-3
-2
-4
-2
-5
-4
-1
-5
-3
-5
-2
-1
-5
-4
-1
-1
-2
-1
-4
0
-1
-1
-2
-7
-5
0
-7
-5
-6
-4
-4
-6
-5
-1
-1
-4
0
-2
0
-3
-1
0
2
0
0
2
4
4
0
6
6
7
6
5
8
2
3
3
0
-2
1
1
2
4
3
5
7
9
6
7
5
5
1
2
2
5
-1
2
3
0
0
-4
-3
-5
-3
-3
-3
-3
-1
-3
0
-2
-7
-4
-8
-3
-5
-8
-2
-5
-5
-3
-5
-5
-6
-8
-4
-6
-4
-2
-5
0
-2
-1
-1
-3
-6
-1
-2
-2
1
1
3
6
6
6
6
9
9
3
5
1
2
2
0
5
2
7
6
6
5
2
4
0
0
2
3
-2
1
6
3
4
-2
2
2
0
-2
-1
-7
-2
-4
-4
-3
-4
1
-2
-3
-2
1
-3
-3
-4
1
-3
-2
-5
0
-1
-1
-1
-3
1
-1
2
-3
-1
1
-2
1
-1
2
-1
2
1
-4
-4
3
2
3
2
3
9
6
4
3
5
2
6
1
2
2
2
2
-2
1
-1
-1
-2
5
4
2
-1
2
4
3
5
2
4
2
6
4
3
1
-1
-1
0
4
-4
-5
-6
-9
-3
-4
-7
-6
-3
-3
-6
-6
-4
0
1
-1
-5
-3
-3
-2
0
-2
-1
-2
-3
-2
-4
0
2
0
-4
-7
-6
0
-2
1
1
2
3
4
3
3
1
1
0
-2
2
-3
1
1
-2
-1
-2
-1
1
0
0
4
5
5
2
1
-1
2
0
0
0
-3
0
0
1
-1
-6
-2
-6
-8
-8
-7
-7
-7
-6
-7
-4
-9
-5
-6
-3
1
-1
1
0
-3
-2
5
0
5
1
1
5
-1
1
2
-1
2
-1
2
8
2
1
4
6
8
5
6
4
7
6
8
9
8
9
9
7
7
7
4
11
12
13
12
11
12
19
22
24
12
0
1
6
11
12
15
3
-9
-18
-13
-11
-10
-15
-27
-32
-39
-30
-26
-24
-27
-25
-23
-19
-13
-17
-11
-10
2
3
6
14
8
8
11
16
17
14
6
8
-1
0
1
3
-3
-5
-11
-13
-7
-8
-6
-6
-6
-1
0
6
8
7
12
12
17
19
18
20
19
17
19
10
11
8
7
5
-3
-4
-9
-9
-9
-15
-15
-13
-16
-15
-9
-14
-24
-24
-22
-23
-15
-21
-24
-23
-23
-16
-18
-12
-5
0
4
13
21
29
31
41
49
62
72
73
76
72
81
79
85
99
104
81
52
51
63
63
42
17
-2
-21
-54
-69
-66
-70
-103
-125
-132
-122
-125
-139
-134
-123
-114
-108
-88
-68
-56
-47
-28
5
29
39
50
64
74
68
73
80
67
55
34
23
7
-11
-26
-46
-63
-87
-104
-105
-109
-115
-115
-109
-95
-82
-66
-48
-24
-8
27
73
139
177
172
169
190
228
257
268
229
179
134
95
71
54
10
-52
-125
-176
-190
-207
-217
-224
-230
-235
-218
-183
-150
-115
-80
-38
-2
45
80
99
115
120
141
158
153
128
84
49
32
8
-24
-60
-103
-143
-179
-200
-206
-202
-191
-179
-148
-97
-42
19
96
179
261
333
405
485
568
641
692
743
778
758
703
638
589
526
419
263
105
-59
-234
-396
-530
-646
-763
-895
-997
-1036
-1042
-1021
-981
-891
-790
-694
-575
-430
-257
-93
53
206
354
466
548
616
669
690
674
634
577
479
357
222
97
-29
-171
-313
-442
-549
-650
-717
-758
-772
-764
-744
-684
-601
-498
-379
-244
-93
66
215
367
505
623
726
813
881
920
919
899
855
779
695
624
581
500
326
137
-1
-71
-119
-217
-345
-479
-572
-615
-593
-546
-499
-482
-470
-414
-311
-192
-80
23
104
165
216
274
314
322
322
303
250
183
86
-18
-127
-211
-286
-360
-420
-489
-563
-601
-582
-522
-455
-407
-363
-296
-185
-63
71
191
294
378
496
615
716
766
794
846
902
925
911
919
932
957
965
939
832
667
520
453
386
231
-1
-242
-425
-614
-775
-889
-981
-1096
-1261
-1360
-1344
-1288
-1231
-1156
-1023
-866
-735
-600
-419
-216
-44
98
263
421
515
545
559
603
619
566
500
406
270
110
-41
-144
-242
-384
-538
-656
-740
-799
-836
-823
-779
-755
-691
-591
-478
-346
-215
-52
124
297
440
574
719
834
912
994
1063
1088
1069
1013
959
897
819
775
741
680
559
318
99
3
14
-11
-147
-342
-552
-674
-666
-575
-485
-472
-533
-575
-532
-368
-198
-70
19
65
84
80
104
140
146
140
112
34
-72
-177
-260
-321
-333
-348
-376
-468
-561
-595
-539
-412
-281
-201
-182
-165
-108
28
221
393
473
483
477
549
724
890
963
939
884
891
970
1152
1403
1536
1324
916
742
930
1138
985
537
139
-99
-338
-585
-665
-718
-1020
-1494
-1767
-1670
-1556
-1658
-1780
-1675
-1437
-1318
-1253
-1036
-753
-584
-480
-182
215
391
337
328
518
710
748
723
713
597
351
180
158
156
-49
-351
-526
-621
-764
-888
-901
-885
-924
-991
-944
-792
-670
-595
-444
-202
14
168
320
519
712
841
1009
1202
1342
1349
1311
1312
1329
1344
1378
1344
1190
979
800
680
510
336
123
-80
-315
-537
-724
-847
-885
-932
-954
-957
-944
-920
-808
-616
-446
-339
-214
-76
10
88
144
229
285
290
271
249
185
108
35
-32
-70
-128
-217
-320
-355
-381
-405
-366
-291
-225
-180
-115
-56
16
119
243
367
479
578
685
792
887
987
1061
1202
1490
1838
1877
1509
1145
1175
1473
1513
1125
585
176
-167
-504
-692
-729
-958
-1508
-2068
-2224
-2074
-2070
-2193
-2195
-2034
-1922
-1848
-1626
-1234
-895
-707
-447
-40
304
443
542
738
959
1096
1094
1105
1059
849
612
490
459
294
-8
-331
-543
-711
-896
-1014
-1060
-1168
-1295
-1347
-1258
-1138
-1049
-921
-705
-398
-132
38
176
410
728
1044
1266
1415
1490
1543
1579
1631
1668
1653
1575
1401
1220
1138
1088
922
805
651
335
9
-217
-279
-377
-560
-827
-1024
-1092
-1139
-1150
-1104
-962
-863
-848
-716
-514
-348
-203
-76
74
215
267
281
300
306
307
298
274
238
140
18
-70
-96
-99
-184
-225
-209
-261
-301
-299
-194
-41
-2
-3
8
47
134
268
457
663
764
749
882
1381
1929
1927
1434
1162
1533
2004
1917
1365
856
612
308
-33
-197
-294
-700
-1468
-2016
-1996
-1818
-1993
-2313
-2389
-2286
-2244
-2192
-1893
-1502
-1283
-1176
-857
-328
62
210
360
635
941
1093
1177
1262
1227
1057
915
886
836
594
201
-109
-311
-521
-730
-895
-1063
-1291
-1494
-1551
-1500
-1398
-1363
-1282
-1101
-909
-743
-529
-224
117
395
602
857
1099
1295
1460
1620
1777
1871
1858
1801
1756
1677
1521
1468
1641
1820
1355
577
151
153
381
301
-134
-754
-1203
-1419
-1400
-1146
-979
-1089
-1432
-1516
-1212
-815
-512
-361
-242
-168
-71
81
261
402
478
504
499
502
455
320
217
221
281
234
82
-83
-244
-339
-302
-217
-239
-336
-429
-437
-345
-240
-151
-79
-1
203
449
614
798
1350
1935
1911
1436
1245
1802
2408
2284
1556
1039
930
716
327
98
26
-415
-1315
-1948
-1870
-1681
-1948
-2388
-2483
-2399
-2411
-2409
-2111
-1719
-1596
-1556
-1219
-666
-286
-132
55
415
742
880
1033
1249
1307
1184
1117
1185
1178
915
534
310
160
-69
-330
-551
-802
-1117
-1389
-1454
-1393
-1437
-1581
-1629
-1487
-1275
-1048
-875
-655
-399
-156
145
479
799
1050
1249
1444
1683
1853
1922
1958
1984
1961
1871
1767
1774
1986
1981
1344
681
432
541
600
302
-240
-798
-1148
-1333
-1274
-1103
-1093
-1410
-1769
-1697
-1273
-940
-771
-668
-526
-404
-266
-21
227
409
452
468
550
608
587
490
492
533
492
319
165
68
-26
-132
-159
-166
-269
-432
-555
-539
-419
-321
-341
-358
-270
-65
207
478
859
1485
1759
1445
1117
1412
2248
2613
2109
1313
1052
1069
859
556
379
147
-565
-1435
-1724
-1510
-1525
-2003
-2410
-2443
-2417
-2499
-2479
-2129
-1842
-1808
-1682
-1224
-744
-502
-341
-36
400
681
834
1055
1231
1222
1154
1249
1390
1347
1035
698
539
375
135
-108
-331
-624
-971
-1239
-1326
-1381
-1509
-1624
-1601
-1499
-1413
-1327
-1184
-953
-639
-347
-34
258
526
745
1002
1300
1602
1849
1912
1938
1927
1894
1885
1906
1935
1990
1958
1558
1030
724
655
681
543
172
-345
-835
-1194
-1268
-1107
-1059
-1241
-1578
-1712
-1508
-1249
-1009
-785
-612
-521
-481
-306
-16
240
334
370
475
574
617
555
544
549
545
502
400
327
178
17
-62
-24
-32
-153
-348
-502
-500
-410
-328
-332
-373
-368
-178
127
408
836
1391
1588
1291
1047
1431
2191
2472
1952
1300
1103
1083
847
532
386
115
-580
-1325
-1560
-1424
-1540
-2006
-2317
-2320
-2291
-2342
-2319
-2089
-1909
-1821
-1578
-1130
-716
-550
-433
-147
244
523
735
961
1078
1058
1003
1060
1202
1159
906
642
453
246
21
-165
-336
-556
-847
-1095
-1253
-1315
-1372
-1410
-1389
-1326
-1281
-1222
-1075
-823
-541
-271
-43
173
433
680
939
1198
1456
1628
1716
1776
1798
1789
1803
1787
1791
1748
1711
1696
1449
1055
709
558
619
610
282
-325
-844
-1053
-1037
-943
-956
-1133
-1386
-1524
-1403
-1177
-886
-692
-636
-631
-550
-332
-126
50
186
307
381
395
375
373
434
486
508
481
395
281
136
59
58
124
103
-67
-286
-385
-334
-276
-231
-249
-270
-269
-212
1
357
899
1419
1444
1021
812
1260
2059
2365
1926
1273
919
804
685
601
531
169
-572
-1309
-1513
-1386
-1501
-1875
-2137
-2181
-2245
-2349
-2329
-2143
-1947
-1837
-1600
-1186
-879
-766
-683
-396
72
478
723
855
859
804
879
1108
1308
1287
970
605
425
368
297
163
-49
-373
-714
-926
-977
-1001
-1092
-1219
-1275
-1247
-1178
-1107
-1014
-795
-574
-351
-114
116
357
564
786
1058
1327
1491
1574
1634
1698
1711
1714
1757
1780
1704
1537
1475
1522
1387
1128
785
599
539
387
95
-301
-606
-861
-994
-1050
-1093
-1182
-1360
-1458
-1394
-1218
-1007
-873
-796
-717
-588
-399
-192
-18
112
179
204
249
318
392
442
409
385
356
320
248
184
170
146
88
13
-35
-99
-200
-276
-232
-149
-150
-249
-331
-264
-72
182
486
951
1346
1194
805
829
1557
2306
2252
1575
1033
940
916
826
763
652
131
-738
-1297
-1144
-862
-1156
-1799
-2192
-2243
-2191
-2177
-2129
-2086
-2144
-2147
-1848
-1367
-1036
-951
-884
-584
-144
219
479
643
691
734
865
1080
1198
1115
884
689
617
570
507
323
40
-285
-528
-653
-683
-778
-953
-1082
-1122
-1094
-1069
-1037
-958
-788
-579
-408
-209
23
221
429
659
940
1229
1398
1482
1584
1700
1775
1793
1836
1892
1798
1553
1310
1337
1597
1493
980
460
255
285
257
49
-314
-725
-1079
-1307
-1211
-1013
-1055
-1358
-1623
-1516
-1234
-957
-788
-657
-601
-594
-491
-279
6
137
181
216
281
299
289
317
400
470
424
319
256
181
121
80
110
156
36
-151
-288
-241
-138
-134
-195
-256
-273
-177
-36
179
406
784
1280
1417
1129
915
1289
1998
2260
1819
1250
1032
982
870
777
689
365
-380
-1086
-1260
-1118
-1196
-1626
-1992
-2204
-2348
-2455
-2400
-2175
-2046
-2037
-1965
-1675
-1352
-1136
-932
-640
-291
-21
134
259
399
528
675
851
971
970
804
639
595
623
610
475
249
-33
-207
-313
-379
-464
-598
-741
-854
-861
-820
-760
-698
-613
-477
-338
-178
12
221
437
661
914
1154
1340
1420
1457
1551
1665
1764
1784
1774
1668
1489
1356
1306
1330
1337
1237
904
569
327
212
179
46
-249
-656
-970
-1104
-1128
-1098
-1158
-1307
-1417
-1420
-1297
-1149
-999
-895
-811
-742
-636
-466
-306
-177
-89
4
91
149
198
270
323
349
333
273
275
289
247
158
126
101
32
-78
-187
-178
-160
-149
-167
-162
-146
-212
-161
83
363
531
772
1271
1535
1326
1030
1300
2067
2422
2015
1393
1196
1207
1033
781
661
442
-234
-1018
-1283
-1165
-1276
-1772
-2195
-2308
-2368
-2516
-2567
-2353
-2191
-2177
-2109
-1799
-1443
-1262
-1111
-843
-456
-138
33
210
388
474
583
781
996
1030
894
727
708
726
662
558
407
212
-57
-270
-344
-358
-429
-573
-672
-689
-690
-691
-657
-478
-234
-47
54
163
314
524
770
1019
1231
1348
1372
1404
1483
1574
1641
1630
1581
1492
1386
1215
1081
1013
971
882
818
828
599
169
-124
-142
27
37
-304
-780
-1110
-1203
-1155
-1048
-981
-1127
-1425
-1597
-1475
-1147
-870
-770
-788
-840
-809
-645
-387
-169
-92
-129
-157
-92
20
119
159
186
184
135
93
148
243
287
286
234
217
227
206
215
204
226
257
259
219
179
232
432
615
663
638
895
1528
1836
1502
1033
1152
1799
2167
1823
1238
955
833
556
334
291
161
-423
-1224
-1595
-1531
-1574
-1915
-2180
-2237
-2319
-2528
-2648
-2473
-2213
-2082
-1955
-1723
-1518
-1423
-1314
-1006
-546
-206
-21
87
173
267
409
697
982
1046
910
690
601
663
735
733
663
484
268
73
-14
43
68
-7
-129
-222
-243
-225
-169
-73
77
196
271
314
392
533
697
867
1035
1142
1158
1173
1188
1216
1283
1340
1329
1241
1085
894
815
790
776
686
520
394
350
363
228
10
-171
-246
-237
-294
-473
-718
-944
-1041
-1026
-962
-959
-1124
-1334
-1365
-1182
-971
-923
-929
-949
-927
-843
-704
-525
-427
-429
-470
-395
-250
-114
-49
15
99
176
214
259
361
492
575
612
660
715
738
695
712
806
843
753
656
590
511
465
511
604
624
482
375
578
1104
1425
1135
625
566
1079
1486
1352
869
492
313
158
53
74
-35
-537
-1238
-1629
-1551
-1430
-1624
-1936
-2126
-2248
-2407
-2430
-2224
-2009
-1947
-1969
-1848
-1635
-1496
-1365
-1087
-765
-498
-353
-223
-17
169
382
668
968
1109
1094
1034
1074
1186
1260
1300
1259
1126
929
764
718
729
688
569
417
290
162
45
-4
15
68
42
12
-7
27
115
163
235
319
392
442
518
568
623
634
659
767
883
914
805
707
692
745
800
777
734
707
724
608
348
154
89
130
54
-184
-520
-781
-969
-1098
-1143
-1163
-1293
-1548
-1748
-1766
-1607
-1450
-1389
-1327
-1272
-1210
-1087
-891
-620
-398
-252
-119
51
257
433
615
826
983
1068
1085
1126
1194
1252
1256
1226
1141
995
810
665
627
582
455
205
-49
-168
-166
-119
-117
-164
-228
-245
-126
239
791
1065
774
386
499
1169
1632
1447
853
488
450
403
275
177
1
-521
-1193
-1566
-1508
-1471
-1749
-2159
-2397
-2510
-2587
-2585
-2454
-2269
-2234
-2217
-2000
-1653
-1385
-1196
-936
-558
-179
111
351
624
872
1110
1393
1666
1868
1881
1822
1810
1859
1918
1844
1684
1466
1210
977
778
631
446
194
-53
-254
-403
-528
-664
-734
-769
-772
-772
-745
-629
-485
-369
-264
-68
163
381
511
624
713
849
1029
1213
1311
1274
1143
1065
1106
1138
1105
946
720
474
262
128
121
197
56
-443
-953
-1156
-1015
-840
-942
-1282
-1609
-1738
-1740
-1585
-1344
-1212
-1249
-1345
-1223
-903
-578
-342
-170
-7
152
291
435
628
772
843
876
907
956
920
844
804
794
796
708
562
400
274
207
176
129
89
-9
-136
-239
-235
-111
-19
-36
-121
-81
56
199
272
305
409
491
557
712
1059
1271
987
470
359
795
1127
898
253
-227
-392
-542
-732
-783
-824
-1206
-1849
-2260
-2148
-1865
-1845
-2008
-2098
-2082
-2006
-1890
-1563
-1176
-920
-803
-631
-327
-31
240
496
771
966
1085
1186
1295
1364
1381
1476
1590
1569
1390
1153
1006
953
919
824
641
389
97
-115
-198
-198
-231
-333
-469
-584
-673
-672
-583
-453
-343
-312
-288
-245
-134
24
206
374
481
530
564
605
679
731
740
771
812
764
599
426
304
313
337
264
98
-102
-286
-428
-472
-432
-357
-357
-500
-648
-611
-455
-353
-375
-397
-339
-209
-161
-206
-223
-154
-89
-75
-6
36
35
-55
-123
-51
59
86
27
-63
-127
-143
-139
-66
-8
-30
-96
-158
-95
47
160
189
168
168
249
324
374
414
429
412
379
356
337
312
239
122
32
17
28
7
-136
-280
-359
-323
-259
-246
-244
-169
52
262
200
-16
-58
270
680
717
396
145
151
227
192
160
183
52
-321
-681
-672
-471
-459
-686
-911
-1004
-1035
-1047
-950
-808
-756
-843
-850
-689
-456
-332
-297
-195
-68
67
197
337
455
485
486
584
743
802
734
655
632
670
672
646
577
448
287
150
101
69
-15
-154
-308
-392
-472
-520
-532
-536
-553
-583
-592
-550
-426
-342
-326
-281
-183
-26
68
138
206
331
451
545
626
678
729
737
778
800
843
844
823
786
739
651
561
502
456
420
323
240
193
99
-59
-132
-92
-61
-176
-382
-527
-523
-448
-443
-531
-623
-662
-660
-615
-552
-509
-519
-549
-507
-417
-314
-256
-212
-196
-139
-62
20
84
56
34
47
71
68
48
35
27
-10
-74
-92
-74
-80
-102
-177
-170
-143
-153
-181
-197
-183
-152
-133
-91
-13
69
168
261
350
450
506
562
709
1025
1356
1397
1095
800
927
1316
1517
1270
839
565
431
305
192
165
68
-285
-785
-1084
-1070
-996
-1090
-1268
-1383
-1435
-1469
-1489
-1414
-1281
-1172
-1087
-976
-801
-677
-618
-507
-346
-124
79
194
216
194
161
266
450
570
537
391
261
202
215
246
248
159
19
-126
-191
-185
-182
-203
-254
-291
-298
-274
-270
-259
-221
-144
-4
94
167
199
256
341
452
604
731
798
786
765
773
898
1013
1078
1036
924
838
803
825
839
790
680
543
418
316
245
172
86
-16
-147
-253
-365
-418
-437
-442
-509
-571
-562
-537
-601
-737
-779
-651
-521
-527
-675
-784
-760
-660
-565
-506
-470
-529
-575
-535
-366
-195
-141
-158
-201
-151
-63
-14
29
39
45
65
118
188
199
205
238
297
355
404
428
437
432
410
409
416
434
411
360
308
279
276
279
269
232
237
242
278
311
326
350
356
373
409
478
569
688
771
712
534
421
481
636
637
369
49
-111
-179
-252
-385
-546
-712
-965
-1219
-1354
-1333
-1326
-1464
-1620
-1642
-1590
-1538
-1494
-1436
-1357
-1240
-1100
-910
-713
-561
-491
-361
-163
32
218
331
448
521
570
639
746
846
878
843
785
771
768
753
714
669
625
542
443
395
366
341
296
243
183
151
103
81
95
116
135
100
98
98
130
157
195
230
240
252
246
257
297
320
341
339
320
287
290
301
295
251
205
169
90
62
8
-25
-67
-134
-205
-258
-281
-336
-403
-473
-487
-444
-353
-319
-400
-522
-530
-384
-201
-138
-213
-291
-248
-111
18
98
130
137
133
163
227
334
377
353
293
249
259
294
280
244
208
151
125
76
45
-10
-93
-153
-187
-200
-209
-282
-339
-367
-366
-333
-337
-359
-405
-435
-408
-356
-329
-294
-287
-274
-214
-152
-72
-11
42
105
158
246
317
346
357
382
453
504
531
544
516
529
575
613
633
546
405
345
349
339
272
91
-86
-184
-274
-359
-417
-474
-571
-709
-844
-901
-887
-867
-872
-883
-887
-851
-770
-676
-619
-566
-477
-336
-185
-107
-82
-57
20
153
236
278
299
317
328
349
405
464
487
421
362
373
398
427
421
388
342
281
271
296
316
291
205
141
95
89
95
85
65
6
-48
-57
-28
-11
-16
-14
15
26
40
72
96
123
124
161
229
275
260
207
214
274
347
383
362
350
341
348
360
349
333
300
231
170
167
141
88
6
-67
-119
-152
-156
-142
-196
-311
-424
-457
-368
-313
-341
-462
-550
-591
-543
-484
-442
-449
-479
-500
-501
-452
-393
-328
-286
-275
-272
-239
-201
-135
-103
-56
-37
-2
56
56
34
25
40
75
124
124
96
33
25
37
77
125
130
92
43
47
108
203
235
201
129
100
127
203
246
256
252
203
178
194
274
346
355
328
288
271
279
306
353
357
317
266
238
239
255
227
209
190
111
5
-90
-93
-82
-134
-250
-353
-421
-454
-479
-505
-543
-589
-647
-669
-648
-618
-601
-610
-584
-526
-458
-386
-319
-233
-176
-117
-74
10
104
163
200
223
236
236
255
290
322
332
336
316
302
296
307
320
333
341
314
304
315
315
296
278
279
280
265
238
205
196
165
145
115
79
33
-27
-96
-140
-154
-203
-266
-357
-395
-409
-426
-427
-456
-473
-471
-450
-402
-354
-308
-246
-224
-170
-108
-37
39
122
176
203
252
304
359
383
400
417
452
474
474
460
455
452
451
444
393
360
323
312
268
201
127
48
10
-20
-53
-113
-203
-289
-337
-347
-330
-338
-374
-431
-459
-453
-410
-362
-324
-309
-317
-315
-292
-226
-185
-144
-130
-134
-97
-47
-29
-17
-24
-20
11
34
65
46
19
-9
-11
25
57
32
-26
-61
-60
-41
-7
24
29
16
13
32
95
159
208
237
267
272
284
317
358
412
414
405
415
419
408
388
369
375
337
282
233
180
146
95
49
25
-33
-92
-155
-196
-203
-210
-226
-271
-321
-344
-336
-300
-287
-289
-328
-347
-339
-315
-297
-293
-307
-298
-306
-320
-311
-314
-311
-323
-306
-283
-274
-277
-294
-285
-254
-204
-175
-165
-157
-168
-153
-119
-73
-32
-9
-14
-3
25
87
115
140
177
205
242
240
260
301
322
327
324
339
350
375
367
367
364
369
379
354
342
320
295
287
283
291
280
252
200
177
167
163
184
163
116
58
0
11
23
41
26
-30
-93
-158
-158
-131
-91
-98
-156
-227
-277
-268
-227
-199
-191
-212
-273
-296
-255
-180
-113
-93
-89
-72
-39
-14
16
87
138
176
177
165
144
137
151
168
179
165
117
66
35
21
25
13
2
-15
-41
-73
-89
-84
-61
-60
-62
-68
-84
-74
-77
-90
-90
-81
-80
-70
-55
-53
-65
-76
-64
-66
-69
-86
-99
-126
-158
-180
-204
-208
-220
-239
-278
-273
-279
-275
-278
-297
-279
-252
-226
-208
-189
-145
-129
-96
-72
-44
4
49
91
109
150
186
223
229
235
257
272
294
301
293
309
293
292
274
288
306
293
283
266
256
225
214
198
206
198
187
186
160
139
135
143
145
142
118
118
110
104
59
39
26
19
6
-40
-80
-102
-120
-144
-177
-240
-275
-298
-317
-350
-378
-399
-432
-467
-468
-453
-443
-434
-431
-425
-400
-329
-293
-266
-247
-236
-183
-125
-56
2
29
52
65
111
161
209
240
249
261
258
272
305
321
335
324
307
302
309
335
328
307
289
283
280
261
254
239
221
214
189
164
133
128
117
87
47
8
-16
-36
-54
-69
-91
-116
-139
-163
-166
-185
-193
-201
-212
-188
-196
-182
-198
-193
-186
-170
-153
-151
-149
-127
-85
-69
-46
-50
-7
17
18
47
77
76
72
58
55
67
74
66
49
31
16
-11
-19
-24
-37
-37
-65
-84
-94
-97
-82
-73
-50
-55
-69
-57
-50
-51
-30
-7
18
44
16
17
51
80
103
93
90
87
84
79
98
120
107
85
53
42
44
54
30
-6
-38
-61
-69
-87
-90
-96
-126
-157
-178
-163
-141
-126
-107
-101
-102
-78
-57
-46
-9
5
38
65
75
80
85
101
112
130
129
122
120
106
88
75
70
66
52
11
-15
-38
-51
-47
-68
-66
-72
-65
-76
-64
-49
-37
-18
-7
15
22
46
49
73
86
113
116
123
130
103
106
109
125
104
90
74
43
36
11
11
6
-3
-11
-39
-75
-87
-99
-122
-146
-153
-156
-164
-190
-196
-191
-186
-158
-152
-142
-134
-110
-84
-54
-28
-8
7
27
47
74
123
146
130
118
117
120
147
145
140
128
104
96
80
70
73
68
26
3
-7
-15
-14
-33
-45
-50
-53
-55
-58
-63
-66
-53
-45
-37
-34
-28
-24
-31
-16
-10
1
5
6
1
7
-7
12
27
43
58
44
52
75
98
107
115
121
128
106
93
86
77
49
19
-7
-25
-31
-57
-85
-98
-105
-104
-101
-115
-107
-113
-101
-86
-79
-52
-42
-29
-11
25
56
71
76
82
96
105
113
116
127
134
123
121
127
119
96
51
12
-18
-62
-87
-132
-149
-167
-198
-210
-247
-241
-238
-255
-248
-249
-251
-230
-203
-177
-166
-130
-94
-68
-26
-4
26
69
94
121
146
151
159
155
158
171
170
174
151
125
114
107
104
83
79
70
53
54
58
72
79
76
73
68
75
75
56
40
54
53
61
44
28
14
5
12
14
11
-9
-36
-36
-25
-23
-28
-29
-49
-67
-75
-58
-48
-50
-55
-61
-77
-60
-46
-43
-29
-41
-33
-39
-35
-34
-40
-30
-42
-24
-13
-31
-35
-30
-26
-12
10
4
13
11
19
19
31
26
27
47
37
41
32
42
45
39
27
13
8
16
29
21
4
-13
-18
-20
-17
-20
-33
-19
-21
-32
-31
-41
-33
-41
-39
-45
-45
-54
-63
-70
-62
-45
-42
-29
-32
-20
-19
-8
16
35
39
46
51
59
80
75
88
95
98
80
58
52
57
48
34
21
14
0
-22
-27
-39
-42
-46
-50
-73
-94
-109
-108
-105
-93
-89
-102
-88
-77
-60
-43
-9
21
39
56
62
89
111
133
150
146
140
123
119
129
148
146
141
148
120
109
90
81
73
70
39
1
-35
-46
-44
-58
-70
-89
-110
-144
-154
-153
-149
-153
-158
-158
-154
-152
-153
-145
-117
-98
-83
-66
-56
-41
-24
-6
18
28
38
40
43
52
62
57
62
59
51
51
32
32
12
7
4
15
11
-11
-14
-24
-6
-1
-9
3
10
25
36
52
72
84
113
122
132
134
122
125
133
134
121
110
97
81
71
49
21
2
-24
-44
-66
-82
-107
-137
-141
-156
-162
-173
-191
-199
-189
-178
-186
-192
-178
-150
-137
-129
-107
-83
-48
-33
-15
-5
20
51
55
72
82
96
98
94
111
124
114
104
96
94
89
71
74
62
64
50
40
50
30
34
35
43
43
37
43
52
47
56
54
53
63
56
71
51
51
54
51
50
51
52
41
33
21
24
12
20
16
8
-5
-12
-24
-35
-41
-46
-54
-58
-72
-95
-109
-112
-122
-111
-117
-124
-126
-140
-127
-118
-101
-92
-70
-62
-53
-42
-51
-36
-12
-15
-9
-10
-12
-8
-5
-5
0
7
2
-7
-4
6
25
24
31
35
30
40
53
44
38
48
48
49
45
51
65
66
57
67
63
72
58
62
63
54
48
31
22
27
38
32
15
1
3
-1
3
13
13
-2
-11
-1
-1
11
22
9
3
-4
-15
-6
-11
-19
-38
-46
-51
-58
-55
-58
-71
-71
-89
-87
-78
-77
-86
-96
-96
-72
-55
-40
-22
-19
-8
11
29
46
68
83
97
103
120
139
134
147
145
145
147
134
136
123
108
96
91
58
35
19
-5
-7
-21
-50
-80
-97
-105
-118
-125
-140
-141
-140
-140
-127
-120
-118
-113
-110
-100
-82
-69
-65
-48
-34
-28
-16
-3
2
1
13
22
28
21
16
3
7
8
1
0
-7
-19
-18
-26
-18
-10
-9
-4
-2
4
5
19
29
32
45
50
57
56
71
85
82
81
73
86
80
88
92
95
95
94
92
83
66
40
31
30
19
1
-13
-42
-48
-64
-72
-66
-74
-94
-102
-109
-98
-81
-84
-79
-89
-75
-62
-63
-61
-47
-21
-6
-3
2
17
31
45
62
76
62
55
59
55
47
46
42
34
23
13
0
-12
-5
-7
-16
-18
-13
7
19
17
27
33
41
46
53
68
65
77
55
66
61
76
67
53
56
43
43
30
33
5
-8
-28
-33
-53
-68
-79
-101
-104
-109
-107
-113
-118
-111
-119
-112
-105
-96
-92
-79
-64
-45
-37
-24
-21
-7
2
4
18
12
19
27
19
17
18
19
22
20
38
31
25
10
12
8
-1
-15
-34
-33
-36
-45
-48
-45
-38
-43
-32
-16
-10
5
19
28
49
69
76
89
109
114
107
114
107
115
110
103
85
68
80
64
47
35
24
8
-14
-27
-41
-39
-40
-55
-56
-75
-86
-75
-61
-54
-47
-45
-47
-59
-43
-34
-8
-8
-6
14
8
17
26
37
48
44
41
42
33
39
40
50
50
44
29
18
6
7
2
-4
-2
-4
3
9
6
6
5
-2
12
12
2
2
1
1
5
15
31
26
15
14
10
9
16
11
2
0
-5
-7
-9
-24
-32
-51
-62
-71
-81
-93
-112
-115
-121
-123
-128
-140
-138
-137
-135
-123
-119
-121
-108
-90
-89
-65
-51
-41
-33
-18
8
27
50
60
69
70
75
92
98
116
121
114
117
105
110
114
115
109
104
96
85
71
65
49
39
37
24
21
-1
-8
-20
-14
-9
-5
-4
-1
14
20
17
39
44
54
60
55
51
43
49
50
45
32
30
14
4
-11
-20
-26
-33
-48
-67
-82
-98
-92
-94
-91
-90
-89
-89
-103
-99
-83
-54
-43
-41
-43
-30
-8
8
31
40
57
62
69
81
83
95
96
99
91
86
81
83
71
72
67
51
37
16
7
1
-3
-27
-43
-58
-64
-64
-68
-63
-68
-77
-81
-72
-65
-62
-59
-59
-60
-51
-41
-34
-26
-19
-23
-22
-19
-7
-6
-7
-2
-20
-26
-22
-26
-25
-35
-43
-42
-45
-38
-48
-46
-43
-40
-37
-37
-32
-26
-16
-13
-1
18
29
39
43
62
76
92
108
98
91
97
95
102
112
108
100
86
94
73
70
58
25
1
-17
-31
-50
-64
-82
-88
-88
-95
-97
-97
-90
-84
-65
-54
-41
-21
-16
8
14
25
39
50
56
57
66
72
67
72
71
57
52
44
44
37
40
29
12
2
-2
-8
-15
-11
-18
-29
-29
-30
-25
-23
-20
-8
-6
12
27
28
27
38
38
55
50
39
54
38
42
29
25
17
22
18
3
6
-2
-2
-19
-8
-11
-23
-35
-54
-47
-49
-47
-64
-81
-81
-81
-84
-78
-87
-89
-88
-92
-71
-67
-77
-77
-80
-72
-66
-61
-62
-62
-72
-69
-62
-63
-59
-56
-59
-58
-54
-35
-29
-27
-23
-22
-4
17
25
26
38
46
71
77
90
104
118
135
129
151
154
160
156
152
154
158
154
143
123
119
106
85
72
51
47
16
7
-1
-14
-16
-30
-40
-49
-59
-51
-58
-50
-48
-50
-48
-44
-37
-32
-25
-29
-18
-20
-13
-18
-18
-18
-14
-7
-15
-20
-32
-30
-40
-43
-45
-42
-36
-38
-36
-59
-46
-40
-45
-38
-39
-22
-13
-17
-9
-3
14
26
35
50
52
52
65
65
71
74
64
60
56
51
40
42
31
20
17
3
-19
-27
-41
-57
-58
-60
-69
-91
-88
-86
-87
-88
-80
-73
-66
-59
-55
-46
-30
-18
-17
-14
-10
6
16
22
17
20
29
32
19
25
19
11
4
0
-4
0
-3
-26
-12
-20
-24
-24
-24
-26
-35
-23
-17
-7
-5
4
7
11
19
35
47
63
71
81
83
77
85
91
98
91
93
92
85
76
75
59
58
46
38
32
13
10
-3
-10
-19
-38
-55
-56
-63
-76
-74
-79
-70
-71
-66
-57
-56
-42
-37
-19
-16
-3
6
10
24
27
31
31
32
33
22
25
28
29
32
19
16
17
7
9
-1
-9
-10
-11
-14
-13
-25
-24
-26
-21
-21
-21
-8
-5
-4
-9
-8
-1
5
12
19
11
14
5
13
6
13
6
-14
-9
-20
-29
-33
-37
-41
-40
-51
-42
-56
-55
-59
-63
-53
-55
-42
-34
-39
-36
-26
-20
-12
-8
0
0
3
6
3
13
8
24
32
29
29
28
24
14
18
9
26
13
9
8
-5
-4
-5
0
-9
-8
-6
12
5
8
13
11
24
24
38
46
40
46
59
61
74
75
72
70
68
77
77
65
74
69
77
69
50
54
38
31
25
2
-11
-10
-18
-33
-39
-59
-62
-66
-78
-64
-81
-81
-93
-100
-86
-90
-80
-90
-80
-80
-72
-55
-43
-29
-30
-12
-11
6
17
22
26
28
33
42
45
43
50
39
41
36
26
32
25
21
15
13
11
8
10
16
12
14
15
12
12
8
16
9
-3
-4
-6
-9
-14
-26
-20
-19
-16
-18
-27
-26
-29
-32
-30
-20
-22
-24
-25
-34
-43
-42
-37
-37
-37
-45
-35
-40
-36
-33
-26
-23
-21
-22
-26
-23
-11
-5
-8
8
0
12
20
26
40
40
52
46
46
56
47
44
52
45
52
50
57
67
63
58
50
48
53
53
47
33
47
39
29
37
32
31
19
15
12
10
8
-6
5
4
-1
5
0
1
-4
-9
-2
3
7
12
-1
-17
-10
-26
-19
-17
-25
-30
-45
-48
-57
-49
-48
-57
-67
-62
-65
-61
-50
-58
-55
-47
-36
-35
-24
-14
-6
-3
-10
0
4
12
9
9
1
1
10
11
12
8
-6
1
-2
0
-10
-10
-11
-21
-15
-21
-21
-17
-21
-25
-10
-13
-8
-13
1
4
-2
5
1
15
19
13
11
13
12
14
14
15
16
20
18
19
20
11
16
14
25
16
14
15
16
26
14
22
17
29
16
14
18
19
25
19
19
11
22
18
13
13
17
16
21
29
30
21
16
18
21
22
15
15
21
14
7
14
12
9
4
3
-2
1
-2
-2
-11
-18
-18
-25
-22
-26
-23
-32
-29
-30
-32
-31
-41
-36
-36
-27
-22
-33
-41
-34
-32
-33
-25
-31
-20
-18
-21
-4
-14
-5
-7
-5
-2
-1
-10
-11
-8
-6
-7
-5
-4
-3
5
6
11
14
20
6
12
20
14
19
16
16
30
29
29
26
18
26
28
23
18
15
18
13
12
13
14
20
18
13
7
7
7
0
2
-2
-9
-14
-17
-14
-24
-23
-19
-21
-20
-28
-27
-24
-29
-28
-30
-22
-20
-18
-19
-23
-17
-14
-20
-23
-24
-18
-1
-5
-4
-8
-1
2
1
5
16
19
19
19
32
36
41
38
38
46
49
49
50
56
53
51
42
43
41
35
27
24
17
20
14
12
14
2
3
-5
-6
-11
-17
-16
-17
-21
-23
-18
-21
-22
-30
-27
-36
-29
-25
-26
-37
-34
-33
-31
-28
-35
-23
-33
-18
-25
-26
-21
-28
-17
-17
-23
-21
-12
-9
-1
-2
-8
-8
-9
-7
1
3
4
5
8
9
19
12
13
15
17
13
11
2
4
4
5
7
9
3
8
5
2
2
-7
-2
2
8
6
8
4
8
7
12
11
12
10
-3
-2
2
10
9
10
14
13
4
3
4
4
10
-5
-7
-10
-13
-3
-8
-6
-11
-7
-5
-15
-10
-15
-14
-11
-8
-12
-12
-13
-12
-6
2
8
6
20
19
23
25
28
29
31
28
33
28
29
27
23
30
27
27
21
15
18
15
7
12
10
-5
0
-12
-12
-18
-14
-16
-19
-15
-24
-18
-21
-18
-17
-21
-7
-12
-8
-7
-5
-7
-10
-4
-15
-15
-14
-25
-28
-26
-32
-28
-24
-31
-29
-22
-23
-21
-17
0
-9
-14
-17
-1
2
-1
5
3
14
20
13
23
25
17
23
29
27
26
25
28
29
31
24
21
23
15
24
17
18
6
14
10
7
8
4
-5
-11
-7
-5
-13
-9
-9
-12
-11
-11
-17
-22
-21
-15
-16
-11
-9
-17
-10
-13
-7
5
-4
0
2
7
3
5
6
3
-8
-4
-18
-15
-11
-19
-11
-15
-6
-4
15
68
128
151
103
29
-4
29
62
26
-83
-159
-170
-126
-101
-127
-158
-153
-94
-35
-2
-5
-10
10
52
83
97
86
71
90
100
99
74
66
73
71
68
64
35
18
22
22
13
-13
-12
0
-6
-31
-48
-62
-47
-47
-57
-77
-76
-60
-55
-54
-59
-53
-28
6
18
14
9
22
24
30
26
32
29
35
31
17
16
17
23
17
15
-3
-14
-6
0
6
11
-13
-12
-12
-8
9
11
18
10
9
3
13
9
14
1
-10
-15
-14
-18
-25
-25
-20
-12
-14
-15
-23
-9
-10
-9
-9
-11
-5
1
8
7
4
6
18
17
18
16
17
30
14
13
8
11
24
8
-2
-10
-9
-9
-24
-29
-31
-33
-32
-35
-42
-38
-39
-44
-38
-31
-17
-10
-6
5
6
13
18
24
22
20
31
35
39
34
29
36
39
38
36
28
25
23
17
12
5
4
-12
-12
-21
-25
-29
-13
-25
-34
-32
-36
-29
-25
-18
-15
-7
-4
-1
2
10
11
22
17
12
11
7
19
21
18
5
12
7
5
7
5
0
-3
-7
-8
4
-3
-3
2
0
-4
-6
-7
-1
-3
5
6
2
11
7
19
19
20
34
40
46
29
40
39
43
33
24
18
12
10
4
-8
-16
-13
-20
-16
-21
-25
-31
-36
-32
-30
-29
-26
-29
-24
-18
-17
-17
-18
-11
-9
-1
-10
4
-2
-7
-7
-12
-2
-5
-8
-9
-9
6
5
0
-10
-4
-1
1
-6
-18
-19
-24
-18
-13
-14
-14
-15
-11
2
13
21
8
6
5
10
17
22
20
27
26
26
27
16
26
28
26
20
13
13
6
10
11
1
6
5
5
6
6
14
7
8
1
-2
-11
-11
-11
-20
-22
-15
-16
-17
-11
-18
-10
-17
-8
-3
-10
-1
-3
1
-10
-11
-14
-12
-15
-17
-16
-21
-37
-36
-34
-38
-33
-48
-44
-41
-40
-30
-25
-24
-23
-15
-10
-5
5
18
12
12
13
15
11
19
23
17
27
30
30
32
27
36
41
36
31
35
28
33
37
36
38
30
28
25
37
26
20
10
8
7
1
1
-3
-2
-11
-14
-16
-11
-12
-9
-15
-11
0
4
8
9
10
7
1
-1
-2
-6
-7
-13
-6
-5
-7
-3
-10
-9
-8
-10
-8
-5
-9
-18
-10
-11
-8
5
-9
-1
3
4
15
15
10
10
1
4
3
-2
4
4
10
6
10
2
2
7
6
6
2
1
-2
-1
-6
-4
-11
-10
-5
-3
3
-8
-5
-13
-13
-12
-22
-14
-16
-22
-24
-24
-26
-20
-26
-19
-18
-15
-10
-1
11
8
10
4
2
2
7
6
6
10
10
8
-6
-3
-5
-9
-12
-13
-14
-12
-7
-7
-8
-11
-10
-11
-11
-11
-8
-4
-3
6
7
8
8
8
8
8
10
10
14
13
7
14
12
11
1
15
13
13
9
4
13
19
30
29
11
8
11
9
15
9
13
5
8
8
7
9
19
14
15
21
19
15
15
22
18
13
12
16
17
11
1
1
3
-6
-12
-16
-16
-9
-6
-5
-9
-4
-11
-9
-11
-14
-3
-14
-15
-17
-17
-13
-19
-24
-22
-27
-21
-20
-22
-20
-19
-19
-24
-24
-24
-21
-21
-16
-17
-20
-17
-9
-9
-7
-10
-10
-7
-6
-1
1
-5
-9
2
4
1
-2
9
11
7
16
16
23
19
15
25
22
26
20
21
22
25
18
9
12
13
4
6
3
6
7
2
3
4
3
4
-3
-1
-1
-3
-6
-13
-10
-5
-7
-7
-4
-4
-5
-8
-2
-1
3
2
0
-5
4
6
4
5
-3
1
8
16
10
7
1
4
8
13
1
4
1
-7
-11
-12
-2
-3
-6
-10
-6
-9
-6
-6
2
-1
1
3
2
-3
-1
-4
-8
-6
-7
3
4
7
6
9
-4
-3
4
3
2
4
4
3
1
-3
4
0
3
-3
-2
-4
-5
-6
-6
8
13
8
11
14
13
18
11
15
2
5
3
2
12
3
-1
-6
-10
-6
-12
-12
-7
-11
-13
-20
-19
-26
-24
-21
-16
-21
-17
-11
-10
-4
-13
-6
-13
-11
-16
-9
-16
-11
-15
-15
-6
-12
-9
-13
-5
-16
-5
-7
4
1
3
7
13
19
11
12
11
15
7
11
17
19
17
18
23
21
24
24
33
33
29
23
15
16
19
19
14
11
12
8
7
10
7
10
8
6
9
2
-6
-8
-5
-8
-15
-15
-12
-18
-17
-9
-11
-9
-12
-14
-9
-10
-1
0
0
3
8
14
8
14
14
8
10
-1
3
6
2
1
-4
-1
0
6
4
-2
-3
-3
6
13
4
-4
-11
-13
-6
-1
-1
2
-9
-3
-12
-13
-10
-12
-7
-9
0
1
6
3
1
-1
-4
-5
-7
1
-3
-4
-4
-7
-12
-11
-12
-10
-12
-22
-13
-20
-17
-13
-14
-9
-13
-12
-16
-18
-12
-19
-13
-21
-20
-18
-14
-7
-11
-1
0
4
3
8
2
5
15
14
15
15
15
19
15
13
16
12
15
8
10
10
14
15
2
15
9
18
26
17
20
21
16
16
15
18
8
9
6
6
10
6
2
-1
4
10
6
2
0
7
3
7
11
3
9
7
9
10
1
3
-2
-3
-1
1
-1
0
-1
-3
1
-7
-5
-9
-8
-9
-9
-10
-14
-23
-22
-23
-20
-19
-19
-26
-21
-22
-17
-17
-20
-18
-17
-4
-8
-4
1
3
5
8
10
10
4
3
-13
-7
-7
-3
1
-1
-9
-13
-9
-14
-8
-9
-11
-11
-11
-11
-6
-7
-9
-3
-2
-5
2
-2
2
2
6
17
13
14
5
6
6
12
7
6
18
9
9
15
7
13
9
5
2
4
0
-9
-9
-4
-8
-6
-12
-10
1
1
13
8
13
11
18
17
11
13
14
12
2
5
14
11
23
21
12
18
18
26
22
14
12
13
13
17
10
-6
-2
-8
-3
-8
-13
-14
-11
-13
-15
-14
-12
-11
-17
-13
-13
-9
-4
0
0
2
7
1
1
0
4
4
-6
-2
-6
-6
-6
-10
1
-5
-4
1
4
2
-1
7
-3
-2
-2
-5
-7
-13
-9
-7
-8
-12
-7
-3
-9
-8
-11
-8
-10
-9
-3
-13
-5
-4
-5
2
4
6
3
2
6
-1
3
2
1
5
-3
-3
1
-3
-12
-4
1
-1
4
-5
-4
-2
-3
2
0
8
9
11
10
4
1
1
0
3
3
1
2
0
3
6
5
6
3
7
12
17
13
15
13
10
13
4
11
11
6
6
8
7
-1
11
5
4
2
1
0
4
2
3
-2
0
1
7
6
2
-2
-3
-4
-7
-8
-9
0
-4
-4
-4
-11
-3
-6
-9
-4
1
0
-2
-6
-6
2
-10
-9
-8
-10
-5
-15
-6
-12
-14
-19
-19
-12
-12
-8
-4
-1
-4
-6
-9
-4
-6
-4
-2
0
-2
-4
2
-3
2
-1
2
-4
-7
-6
-1
7
2
3
1
4
7
1
2
4
11
2
8
6
5
12
7
10
0
-6
-4
-10
-1
-3
-5
-7
-10
-8
-9
-8
-10
-13
-7
-10
-7
-16
-10
-9
-8
-2
0
0
0
2
-2
6
4
-2
1
1
10
12
4
6
4
6
11
10
11
17
22
23
20
25
21
23
21
23
24
13
10
12
12
11
8
2
3
1
5
3
1
3
1
-2
0
1
1
-2
1
-3
1
1
4
7
-2
-4
-1
5
-4
6
2
-2
6
-2
-2
-8
1
1
3
-2
-4
-2
-6
-3
-8
-5
-7
-15
-16
-17
-15
-15
-14
-16
-13
-11
-10
-15
-8
-7
-10
-4
