SAMPLES:	12746
BITSPERSAMPLE:	16
CHANNELS:	1
SAMPLERATE:	16000
NORMALIZED:	FALSE
-24
-19
-18
-16
-17
-21
-17
-13
-16
-13
-8
-6
-5
-5
-3
-1
5
6
7
2
3
5
5
10
8
11
11
8
12
10
10
14
12
11
8
16
15
18
16
9
8
2
7
11
12
10
6
4
4
1
-1
-2
-1
4
5
5
6
8
5
13
12
11
11
12
17
15
14
7
4
-2
0
-5
-6
-3
-2
0
0
3
5
5
1
3
2
1
-1
-5
-9
-11
-19
-22
-23
-22
-17
-18
-12
1
2
6
10
9
8
11
16
15
14
13
11
10
8
6
7
7
5
5
2
-2
1
0
-6
-12
-14
-13
-16
-13
-11
-11
-6
-8
-9
-10
-3
-3
-7
-11
-9
-4
0
5
7
6
10
5
4
6
4
6
-1
4
5
0
4
3
5
3
1
2
-1
-4
-2
-3
-4
-8
-7
-9
-8
-2
-6
-4
0
-1
5
4
11
10
4
6
1
5
3
-1
7
4
6
2
1
6
4
3
1
6
3
-3
-7
-8
-8
-13
-8
-10
-9
-8
-5
-6
-8
-7
-9
-10
-8
-11
-11
-13
-12
-11
-10
-10
-16
-7
-10
-6
-1
-2
1
-1
-2
-4
-7
1
2
3
8
7
12
12
10
11
9
5
4
8
6
5
8
11
17
21
23
29
28
29
30
26
26
21
16
12
8
8
0
-3
0
-3
4
5
6
8
13
11
10
7
10
6
6
2
3
2
-1
-6
-10
-11
-17
-22
-27
-19
-30
-28
-33
-32
-37
-35
-37
-41
-36
-45
-39
-35
-36
-32
-28
-21
-17
-18
-11
-8
-3
5
11
11
11
6
-2
2
-2
-4
-11
-15
-15
-14
-6
-6
-11
-10
-7
-5
-10
-4
-1
-1
6
3
4
5
5
7
0
-4
-1
-4
-4
-3
-3
0
1
2
6
9
4
12
8
4
6
0
3
-1
0
2
2
4
1
6
4
4
5
5
9
12
23
19
26
29
30
39
38
38
42
48
47
48
47
49
43
44
45
47
43
46
55
53
61
60
63
60
57
59
57
62
64
66
67
68
63
65
60
57
56
54
52
43
36
27
17
11
-1
-14
-32
-53
-65
-83
-94
-104
-116
-124
-135
-149
-153
-159
-167
-168
-170
-176
-177
-179
-177
-181
-176
-173
-175
-162
-152
-137
-128
-115
-100
-89
-76
-65
-48
-35
-18
-5
9
21
36
51
55
61
64
76
84
90
100
107
118
125
133
144
149
157
163
170
165
168
158
155
153
145
142
134
124
115
112
100
95
80
75
66
61
53
39
26
12
-1
-11
-22
-38
-49
-59
-68
-80
-81
-88
-91
-94
-98
-97
-99
-103
-106
-108
-105
-102
-95
-90
-77
-67
-64
-56
-42
-31
-20
-10
3
11
19
24
30
37
42
56
60
74
77
77
76
75
77
74
76
77
80
87
89
93
95
101
108
116
117
123
125
127
129
123
131
125
124
121
111
109
92
75
56
41
18
1
-19
-47
-69
-100
-131
-159
-186
-216
-245
-267
-287
-308
-327
-341
-353
-366
-372
-375
-371
-367
-363
-357
-344
-329
-310
-292
-272
-244
-220
-188
-163
-139
-108
-81
-52
-21
6
38
64
91
114
128
146
161
174
190
206
225
238
248
261
268
279
290
295
301
307
305
307
303
304
292
278
265
249
236
216
193
169
145
121
100
82
56
35
6
-20
-38
-57
-74
-89
-100
-113
-118
-125
-131
-139
-144
-143
-137
-131
-125
-119
-110
-102
-91
-76
-63
-51
-47
-34
-28
-20
-9
5
13
20
30
39
46
56
66
63
69
79
88
108
109
120
123
132
138
141
144
140
145
146
145
139
144
142
140
140
136
130
124
124
122
124
122
118
117
112
106
91
77
66
46
20
-4
-24
-53
-76
-104
-136
-166
-200
-240
-266
-297
-327
-351
-378
-400
-419
-444
-464
-477
-495
-502
-512
-513
-507
-495
-478
-462
-443
-419
-396
-365
-339
-303
-271
-232
-186
-143
-100
-55
-8
36
78
119
159
195
226
258
288
307
335
354
379
399
415
432
437
445
449
453
460
460
454
443
424
411
392
371
359
340
323
298
272
244
208
172
132
100
67
34
1
-36
-74
-104
-132
-149
-158
-181
-191
-199
-208
-215
-217
-209
-208
-198
-194
-183
-177
-172
-161
-147
-133
-118
-96
-76
-68
-49
-33
-26
-22
-6
12
23
33
50
63
61
75
83
104
116
120
121
128
132
132
126
126
121
122
123
121
116
117
117
117
117
125
134
130
138
143
148
142
133
126
123
118
104
100
85
69
50
25
0
-31
-57
-91
-122
-156
-189
-222
-259
-299
-338
-374
-405
-444
-475
-501
-526
-544
-556
-570
-575
-577
-573
-563
-550
-539
-520
-490
-461
-423
-385
-348
-307
-269
-225
-175
-129
-76
-29
24
79
131
183
223
267
302
337
368
399
427
454
470
486
498
510
522
532
531
523
513
499
489
472
453
431
402
374
345
312
284
253
222
186
156
123
92
58
26
-12
-43
-72
-92
-112
-134
-152
-171
-184
-194
-208
-200
-206
-200
-201
-200
-197
-187
-182
-169
-154
-142
-119
-110
-105
-98
-87
-75
-57
-41
-9
9
20
23
36
41
62
79
91
109
112
124
128
135
151
155
160
165
166
168
162
160
159
154
149
149
152
151
145
137
133
127
127
128
125
120
117
109
97
94
85
74
66
48
39
20
4
-19
-45
-75
-111
-142
-175
-204
-243
-281
-324
-358
-398
-433
-460
-485
-511
-536
-554
-574
-584
-587
-585
-579
-565
-552
-532
-512
-485
-454
-424
-379
-333
-282
-228
-179
-128
-75
-23
34
84
134
186
233
277
316
352
388
424
445
462
474
481
477
481
486
487
487
475
465
451
434
414
394
369
344
314
286
259
229
202
164
134
97
63
27
2
-23
-47
-77
-99
-119
-131
-141
-149
-157
-166
-178
-181
-170
-169
-152
-149
-139
-124
-116
-106
-93
-69
-66
-62
-45
-18
-3
-4
7
38
53
62
75
89
95
99
112
129
126
134
143
141
146
145
149
150
142
130
127
121
120
107
103
100
90
85
78
75
79
83
79
72
77
74
69
73
71
71
62
56
55
45
36
24
14
1
-17
-35
-63
-90
-125
-163
-196
-239
-276
-312
-352
-390
-424
-453
-486
-516
-542
-567
-573
-580
-579
-576
-577
-570
-562
-543
-518
-490
-453
-418
-381
-333
-276
-224
-172
-118
-69
-22
27
77
131
174
225
269
305
347
370
395
410
418
429
435
434
444
442
444
441
430
416
414
397
378
363
341
321
290
267
245
221
200
170
134
106
80
61
43
17
-12
-43
-74
-105
-114
-120
-126
-138
-158
-154
-149
-132
-125
-123
-109
-98
-87
-81
-48
-35
-31
-20
-1
18
36
50
70
81
95
109
122
135
135
145
144
156
161
168
175
176
171
170
178
172
165
156
147
150
142
142
139
127
107
89
72
54
45
41
34
30
26
21
20
14
17
20
24
26
32
41
43
38
35
32
24
13
-2
-21
-47
-74
-108
-133
-175
-209
-250
-294
-336
-385
-427
-465
-505
-544
-570
-591
-604
-611
-620
-627
-630
-620
-601
-574
-545
-510
-481
-440
-397
-355
-312
-264
-215
-166
-106
-43
20
70
118
151
195
237
277
307
328
357
365
379
399
411
421
421
432
448
457
461
442
421
414
406
399
386
374
345
314
284
261
240
215
182
169
143
104
71
40
12
-16
-32
-28
-24
-41
-44
-35
-49
-72
-75
-68
-73
-71
-71
-74
-79
-84
-59
-44
-33
-41
-42
-37
-16
-3
7
24
34
46
76
88
112
114
122
125
131
132
139
132
116
111
105
95
82
74
73
70
68
66
66
50
29
12
6
4
2
18
23
21
26
26
26
33
37
46
60
66
70
68
67
58
44
44
33
21
1
-28
-62
-99
-141
-176
-213
-249
-289
-337
-382
-425
-467
-509
-545
-567
-586
-601
-611
-619
-618
-620
-614
-602
-579
-553
-527
-495
-451
-414
-377
-327
-264
-199
-145
-74
-27
22
67
114
157
211
242
270
312
345
375
383
387
398
405
420
436
458
478
465
453
431
410
400
397
398
391
366
325
301
279
255
244
233
202
170
150
137
112
84
62
38
19
18
-8
0
-27
-45
-66
-72
-64
-61
-39
-48
-59
-81
-74
-38
-26
-5
22
54
69
79
98
113
122
113
130
139
149
142
131
126
120
120
123
127
111
95
73
50
56
56
67
47
18
3
-7
-13
-29
-50
-71
-90
-84
-61
-42
-31
-32
-29
-25
1
31
65
89
105
116
127
123
111
107
94
75
47
32
0
-35
-76
-131
-178
-233
-286
-328
-376
-430
-479
-538
-574
-605
-629
-643
-668
-680
-689
-687
-673
-654
-625
-589
-547
-510
-469
-439
-400
-358
-306
-252
-180
-104
-39
9
47
91
134
171
215
253
294
323
344
379
405
423
448
485
515
542
563
578
574
558
550
546
535
521
486
440
399
377
356
325
295
242
207
166
133
101
65
29
9
-13
-45
-37
-63
-83
-143
-141
-127
-125
-117
-90
-75
-93
-109
-80
-77
-92
-69
-63
-58
-48
-36
-9
-3
-16
11
58
78
73
81
85
74
75
79
93
94
70
91
92
66
77
86
96
82
88
88
54
9
10
19
13
-1
9
10
1
3
20
46
37
42
57
79
90
115
136
129
121
107
112
97
89
84
71
40
17
-3
-44
-94
-140
-178
-236
-281
-324
-383
-441
-491
-540
-590
-620
-643
-644
-671
-688
-689
-676
-665
-642
-616
-594
-557
-538
-494
-446
-390
-346
-292
-249
-194
-141
-87
-42
3
35
80
142
190
237
258
288
309
339
371
413
445
473
488
493
483
501
495
505
507
490
497
463
422
384
345
333
319
331
300
243
189
163
165
123
95
66
57
24
9
10
-41
-41
-33
-48
-73
-76
-80
-73
-83
-44
-14
-8
-18
-30
10
31
57
59
86
79
93
137
185
185
175
171
187
204
219
245
237
207
187
201
184
136
121
111
81
59
53
32
-5
-29
-35
-39
-59
-64
-65
-60
-76
-52
-23
-5
-5
8
7
-14
-15
0
33
44
55
60
48
31
28
29
11
-20
-44
-71
-106
-144
-181
-225
-280
-336
-382
-424
-465
-511
-565
-624
-660
-674
-690
-701
-703
-717
-714
-699
-675
-626
-588
-555
-530
-491
-434
-369
-303
-252
-214
-157
-91
-29
30
72
118
147
184
231
282
331
329
360
375
430
460
486
508
517
526
513
507
518
506
515
510
489
453
426
430
394
360
341
314
280
242
189
151
89
47
24
-12
3
-26
-44
-58
-84
-77
-70
-42
-36
-11
-45
-56
-61
-67
-62
-64
-28
-22
-15
24
35
40
29
54
52
101
140
146
136
146
189
223
231
231
249
243
210
167
154
144
129
106
103
71
39
21
11
22
-2
-25
-25
-30
-23
-9
1
23
31
40
38
32
38
49
65
69
82
86
73
53
33
25
12
-12
-49
-96
-153
-200
-258
-296
-350
-415
-461
-503
-545
-602
-629
-681
-709
-724
-724
-706
-701
-700
-697
-687
-677
-647
-612
-564
-519
-473
-422
-378
-331
-265
-198
-144
-82
-10
34
83
124
166
199
247
278
318
373
420
475
490
520
537
557
582
596
611
595
585
552
545
530
508
489
445
423
348
284
262
240
219
152
143
118
33
12
4
19
-28
-42
-99
-115
-102
-77
-100
-126
-98
-124
-109
-90
-63
-109
-119
-79
-70
-1
-18
9
-24
30
61
99
142
170
170
166
187
187
196
197
198
174
175
157
184
193
183
133
115
138
179
177
154
152
106
76
67
96
95
151
185
175
150
124
139
151
199
235
266
259
225
194
176
170
164
146
105
55
9
-74
-174
-250
-323
-381
-441
-532
-587
-664
-760
-857
-909
-914
-933
-947
-964
-992
-1030
-1037
-1013
-964
-905
-838
-784
-738
-688
-656
-566
-487
-394
-292
-185
-93
-38
39
89
156
232
321
391
434
479
505
554
612
713
746
762
740
683
678
693
742
734
718
629
554
491
433
432
428
398
300
245
186
159
89
73
23
3
47
0
-24
-64
-91
-95
-54
-14
24
-31
-97
-111
-63
4
-43
-36
-43
-85
-67
-20
60
-6
-18
-16
44
126
187
215
206
212
194
252
259
244
257
256
216
193
181
167
182
185
142
134
88
76
75
33
-9
38
175
264
309
276
193
146
211
320
442
452
391
271
173
177
202
262
226
103
-23
-103
-159
-234
-324
-451
-583
-691
-757
-807
-867
-987
-1097
-1181
-1194
-1164
-1119
-1083
-1143
-1203
-1225
-1175
-1080
-1000
-948
-918
-889
-817
-716
-569
-440
-333
-260
-183
-38
86
212
296
356
423
514
648
775
836
849
872
908
953
989
961
917
841
815
811
785
752
673
578
491
445
407
370
291
215
135
80
66
9
-2
-64
-135
-152
-134
-74
-109
-124
-118
-78
-51
10
32
29
25
13
40
75
115
145
123
113
115
123
152
181
213
141
100
114
143
97
87
138
128
100
149
145
122
118
80
46
75
138
133
67
17
-12
5
11
63
139
276
391
383
341
230
253
365
514
618
607
524
412
332
313
359
374
325
187
71
-64
-197
-310
-423
-548
-684
-797
-907
-1009
-1132
-1227
-1314
-1350
-1369
-1387
-1363
-1386
-1446
-1440
-1365
-1300
-1188
-1110
-1063
-1005
-942
-837
-704
-529
-407
-306
-219
-123
14
196
323
411
479
520
609
723
900
981
1032
1018
970
984
982
1056
1058
1036
958
874
808
740
694
623
528
428
347
264
191
100
23
-67
-100
-118
-152
-199
-250
-294
-241
-161
-99
-58
-44
-53
-18
66
151
224
246
258
266
316
323
318
347
381
347
309
256
219
174
158
172
167
165
125
137
159
154
124
133
130
88
75
73
44
22
7
-10
-7
-48
-114
-43
139
430
523
474
251
155
332
546
741
786
719
512
363
347
461
575
541
295
80
-74
-207
-320
-466
-639
-865
-1010
-1157
-1229
-1326
-1495
-1653
-1717
-1694
-1655
-1602
-1644
-1681
-1715
-1646
-1491
-1269
-1109
-1085
-1066
-1027
-823
-615
-395
-201
-139
-87
-5
128
314
488
608
662
732
806
920
1123
1204
1234
1199
1185
1220
1239
1213
1120
1039
927
823
736
639
524
359
228
154
100
26
-86
-248
-375
-452
-454
-434
-403
-399
-418
-407
-334
-223
-133
-40
53
199
318
377
385
430
481
578
701
722
646
534
516
585
654
677
610
516
443
406
429
414
341
230
118
68
20
-10
-68
-133
-162
-175
-195
-231
-241
-270
-268
-284
-203
-53
258
493
507
377
173
322
607
907
1012
927
717
481
441
535
660
664
457
98
-115
-239
-330
-433
-612
-850
-1121
-1314
-1465
-1509
-1632
-1765
-1853
-1863
-1832
-1828
-1827
-1848
-1840
-1765
-1595
-1424
-1277
-1216
-1171
-1088
-903
-647
-436
-269
-176
-124
-13
171
390
608
700
759
815
900
1073
1252
1393
1399
1354
1298
1296
1352
1303
1207
1073
973
862
771
663
467
269
120
10
-51
-134
-281
-411
-522
-569
-565
-558
-594
-624
-634
-562
-431
-292
-176
-132
-73
24
152
355
523
659
712
716
751
821
932
991
977
953
913
890
894
850
781
672
605
516
437
387
335
276
178
99
11
-113
-182
-202
-217
-308
-381
-425
-363
-133
255
441
371
102
-22
266
675
990
1017
889
684
569
640
788
852
693
305
-5
-103
-186
-321
-559
-821
-1041
-1216
-1389
-1528
-1627
-1803
-1996
-2071
-2034
-2026
-2057
-2150
-2153
-2032
-1876
-1697
-1566
-1501
-1476
-1371
-1166
-866
-627
-450
-341
-236
-107
69
300
533
749
862
968
1070
1214
1327
1417
1452
1438
1454
1436
1421
1374
1300
1158
1016
880
759
641
459
296
125
-31
-137
-218
-340
-462
-557
-586
-596
-561
-532
-516
-494
-461
-428
-371
-264
-163
-26
55
161
242
350
492
603
711
800
870
902
978
1031
1051
1055
1050
1062
1015
923
834
782
727
661
574
492
324
258
146
78
42
-46
-114
-227
-247
-410
-392
-223
290
572
514
186
-172
95
556
1035
1055
860
514
347
493
688
871
734
326
-60
-116
-152
-241
-491
-823
-1084
-1286
-1441
-1568
-1652
-1920
-2082
-2150
-2100
-2090
-2175
-2285
-2332
-2163
-1941
-1699
-1571
-1556
-1565
-1470
-1212
-813
-541
-409
-353
-323
-185
47
334
560
744
807
904
1007
1169
1384
1581
1706
1569
1441
1325
1375
1495
1488
1321
1084
852
660
560
503
435
218
-17
-254
-374
-473
-545
-611
-680
-737
-805
-809
-792
-734
-663
-563
-458
-350
-250
-161
-30
161
321
473
553
652
719
810
939
1041
1160
1167
1112
1052
1071
1123
1167
1152
1086
961
865
811
769
695
538
370
296
214
144
4
-151
-312
-293
-16
496
683
423
-63
-340
86
718
1141
975
611
274
219
489
796
932
677
160
-190
-149
-141
-234
-543
-867
-1122
-1284
-1444
-1604
-1723
-1948
-2059
-2116
-2108
-2157
-2289
-2395
-2315
-2085
-1900
-1777
-1751
-1747
-1642
-1406
-1124
-830
-662
-572
-494
-360
-138
126
361
521
656
787
940
1111
1325
1414
1447
1418
1415
1466
1496
1496
1396
1288
1119
1011
955
872
739
546
354
222
83
-83
-257
-410
-526
-579
-599
-652
-668
-738
-749
-683
-592
-500
-432
-378
-282
-148
-6
136
243
317
422
568
692
783
846
892
937
989
1057
1094
1062
995
962
989
1029
1045
925
791
644
626
567
530
396
245
121
-11
-105
-122
3
273
615
533
256
-207
-89
417
905
1014
704
432
257
405
637
854
808
487
73
-100
-104
-123
-309
-637
-896
-1084
-1266
-1482
-1594
-1737
-1893
-1968
-2029
-2093
-2195
-2291
-2302
-2079
-1858
-1770
-1769
-1811
-1721
-1505
-1208
-975
-763
-685
-604
-520
-363
-107
121
314
461
592
669
870
1083
1365
1408
1418
1250
1282
1386
1424
1423
1270
1121
920
853
815
777
612
378
124
24
-112
-234
-361
-476
-516
-615
-662
-735
-704
-678
-583
-507
-456
-387
-367
-253
-77
104
261
356
420
462
540
668
815
965
1045
1019
1017
1064
1111
1176
1153
1096
1063
1060
1023
944
822
729
675
623
524
397
259
100
15
-144
-166
-62
345
658
513
105
-362
-156
392
911
888
542
181
26
236
598
769
616
175
-252
-256
-129
-96
-399
-794
-1073
-1201
-1273
-1381
-1496
-1700
-1808
-1908
-1887
-1925
-2026
-2116
-2045
-1801
-1602
-1551
-1611
-1601
-1498
-1213
-945
-698
-602
-578
-559
-415
-172
46
229
311
455
647
846
994
1001
1013
1065
1213
1349
1353
1217
1057
1009
1008
1007
910
734
458
308
240
228
172
-34
-307
-520
-573
-538
-530
-589
-671
-742
-714
-645
-549
-483
-440
-348
-241
-73
37
124
182
308
477
660
787
800
821
866
1039
1165
1271
1215
1174
1110
1111
1174
1197
1236
1062
916
827
779
812
734
581
393
303
242
141
13
-21
155
609
705
437
-75
-341
74
677
958
636
255
-36
2
253
481
503
241
-181
-457
-373
-323
-489
-804
-1095
-1242
-1323
-1522
-1667
-1781
-1833
-1851
-1883
-1897
-1983
-2062
-2021
-1780
-1523
-1397
-1429
-1475
-1395
-1137
-805
-585
-430
-386
-374
-222
4
232
397
453
525
641
753
895
1079
1231
1235
1157
1019
1052
1182
1285
1210
1017
833
654
570
549
499
369
132
-96
-230
-275
-410
-541
-659
-729
-788
-882
-895
-855
-746
-704
-640
-637
-603
-519
-348
-108
76
144
141
233
343
557
733
807
837
863
972
1073
1149
1177
1142
1110
1109
1183
1199
1196
1108
976
875
873
864
835
729
616
458
345
250
247
388
768
908
679
192
-148
222
740
1027
716
309
32
23
235
424
410
139
-297
-599
-545
-509
-643
-958
-1251
-1387
-1456
-1602
-1776
-1887
-1921
-1880
-1859
-1864
-1989
-2070
-2015
-1778
-1472
-1353
-1363
-1390
-1321
-1071
-736
-468
-349
-288
-254
-81
164
379
511
551
631
755
916
1061
1170
1278
1288
1238
1182
1137
1179
1209
1159
1036
877
712
577
501
432
327
160
-54
-196
-304
-415
-520
-590
-666
-765
-838
-878
-858
-775
-733
-706
-710
-664
-584
-457
-270
-119
-16
6
58
173
370
572
683
711
742
773
876
985
1079
1063
1052
998
984
997
976
943
849
779
683
682
580
534
440
369
321
189
156
213
627
919
760
365
-20
309
848
1209
969
550
343
353
594
703
657
378
12
-257
-244
-186
-398
-771
-1083
-1217
-1239
-1406
-1647
-1803
-1866
-1847
-1894
-1933
-2044
-2123
-2094
-1919
-1631
-1519
-1555
-1617
-1501
-1197
-824
-625
-548
-502
-416
-206
83
327
436
498
557
733
981
1167
1202
1154
1203
1256
1395
1363
1304
1209
1144
1141
1069
934
710
541
418
369
288
130
-100
-323
-465
-503
-515
-558
-687
-800
-886
-889
-785
-734
-713
-720
-666
-536
-415
-301
-278
-189
-87
76
213
307
379
429
561
655
803
848
849
872
888
959
994
999
978
877
841
772
793
778
692
555
395
385
348
367
218
56
59
276
724
794
483
12
-134
431
950
1111
699
293
231
395
667
730
607
302
1
-118
-58
-69
-410
-768
-987
-994
-1065
-1330
-1581
-1736
-1685
-1645
-1706
-1858
-2031
-2064
-1926
-1657
-1455
-1492
-1612
-1624
-1405
-1059
-740
-636
-660
-610
-440
-161
96
246
271
334
509
703
896
962
1060
1236
1391
1470
1313
1134
1114
1290
1467
1400
1112
771
602
641
675
643
393
39
-225
-303
-258
-301
-426
-641
-801
-908
-901
-829
-780
-736
-774
-763
-737
-635
-531
-436
-280
-143
-46
-13
-7
112
311
511
630
692
691
703
806
972
1115
1092
985
892
944
1025
1037
889
747
659
641
630
571
486
335
241
107
100
171
486
742
614
278
-140
87
633
1025
852
373
179
241
497
622
576
355
63
-137
-183
-141
-271
-599
-854
-980
-1007
-1195
-1490
-1652
-1680
-1623
-1681
-1837
-2008
-2062
-1965
-1792
-1562
-1508
-1598
-1661
-1515
-1221
-922
-763
-709
-642
-516
-306
-71
67
194
296
438
655
807
946
1015
1123
1274
1382
1455
1377
1320
1330
1408
1450
1348
1162
950
841
832
775
616
384
156
-13
-106
-174
-285
-433
-594
-729
-789
-799
-776
-785
-791
-830
-824
-761
-691
-592
-502
-400
-306
-190
-91
2
74
187
317
475
579
621
625
688
797
914
991
947
852
820
852
891
919
841
757
661
576
526
457
414
319
205
81
-59
-49
127
539
578
333
-128
-225
282
764
951
554
272
251
420
635
632
530
318
95
11
27
-25
-282
-571
-735
-722
-838
-1116
-1362
-1469
-1411
-1415
-1539
-1715
-1858
-1856
-1729
-1566
-1453
-1517
-1638
-1609
-1378
-1115
-932
-920
-886
-752
-559
-374
-270
-169
-57
90
244
410
523
605
662
858
1118
1391
1376
1119
979
1069
1440
1602
1476
1095
817
781
882
1021
932
581
181
-31
-6
56
-29
-278
-524
-669
-720
-741
-746
-718
-720
-718
-723
-732
-723
-670
-515
-288
-127
-108
-188
-173
6
299
520
566
521
468
531
706
921
1014
944
817
726
801
944
1006
921
742
634
562
587
555
492
409
295
196
25
64
207
583
656
382
-41
-200
301
800
996
624
242
227
406
642
674
569
368
133
44
41
32
-243
-522
-735
-773
-824
-1117
-1353
-1478
-1394
-1380
-1527
-1687
-1843
-1807
-1663
-1512
-1409
-1465
-1570
-1566
-1365
-1101
-927
-889
-872
-783
-620
-461
-337
-201
-63
54
174
295
413
517
593
749
964
1191
1230
1052
928
986
1216
1373
1279
996
760
712
777
819
772
530
238
51
-1
-2
-85
-253
-451
-568
-643
-708
-740
-742
-722
-714
-716
-696
-694
-646
-537
-357
-195
-126
-101
-93
62
297
476
557
577
563
598
726
840
927
927
873
834
838
911
898
886
823
757
691
618
545
461
387
305
209
72
-37
-5
223
651
654
323
-155
-169
420
927
1012
566
257
317
583
791
812
671
457
265
205
217
150
-162
-441
-583
-577
-689
-1027
-1306
-1390
-1317
-1314
-1483
-1708
-1863
-1830
-1678
-1519
-1452
-1548
-1664
-1631
-1387
-1112
-960
-972
-963
-870
-680
-499
-389
-309
-225
-93
60
247
339
399
484
641
879
1034
1057
960
893
1009
1164
1255
1185
986
853
831
878
871
760
534
306
175
126
71
-61
-231
-409
-510
-576
-627
-649
-702
-699
-744
-748
-697
-679
-642
-570
-415
-296
-228
-189
-171
-33
131
301
395
433
488
520
602
724
837
899
916
878
867
874
908
945
917
851
737
608
548
460
412
307
263
168
64
-49
-80
152
568
671
378
-43
-142
383
877
1017
649
348
392
624
848
871
736
521
345
269
277
232
-32
-282
-428
-454
-562
-904
-1150
-1230
-1137
-1137
-1330
-1594
-1753
-1718
-1588
-1424
-1380
-1457
-1608
-1599
-1379
-1158
-993
-1038
-1059
-952
-801
-615
-514
-437
-332
-196
-63
57
170
251
338
451
638
876
1081
1070
863
764
814
1093
1237
1135
833
606
599
668
716
645
428
151
-26
-59
-50
-108
-279
-484
-589
-644
-670
-748
-788
-771
-727
-690
-728
-743
-674
-483
-269
-138
-107
-100
-40
130
362
544
619
626
633
717
863
975
1029
990
949
962
983
1037
1005
919
815
699
651
626
553
424
296
252
214
160
4
-57
-18
325
618
446
85
-227
105
652
985
814
443
399
517
752
860
809
648
397
230
201
259
108
-188
-432
-533
-551
-760
-1055
-1219
-1216
-1174
-1285
-1515
-1718
-1777
-1688
-1557
-1465
-1480
-1573
-1646
-1523
-1286
-1093
-997
-1022
-977
-810
-636
-498
-412
-311
-169
-57
93
220
328
388
419
563
766
1000
1013
895
811
864
1107
1220
1165
913
719
696
738
797
721
475
188
-2
-38
-13
-70
-232
-458
-619
-690
-730
-744
-775
-789
-800
-787
-766
-761
-713
-586
-423
-291
-224
-210
-148
14
247
437
533
556
553
624
755
884
1002
1033
976
904
908
986
1023
991
918
789
700
647
610
532
433
319
229
167
92
-44
-102
57
477
641
377
-72
-226
278
850
1069
720
349
373
601
864
923
780
552
320
237
294
303
43
-316
-518
-511
-531
-788
-1102
-1282
-1262
-1217
-1319
-1536
-1752
-1828
-1748
-1572
-1444
-1444
-1609
-1688
-1527
-1241
-980
-923
-959
-917
-779
-588
-449
-333
-208
-105
29
187
338
418
461
496
672
939
1182
1210
1017
896
887
1088
1259
1241
1016
755
659
655
679
635
451
191
-24
-140
-168
-228
-388
-603
-768
-852
-861
-905
-939
-959
-917
-847
-797
-776
-781
-685
-497
-266
-116
-70
-70
19
223
443
590
650
638
662
813
962
1065
1025
965
964
984
1090
1073
989
887
809
788
773
719
616
476
374
304
256
185
49
56
291
724
757
430
-57
-85
507
1035
1157
719
403
425
628
859
909
775
517
269
161
224
187
-114
-474
-684
-660
-741
-1028
-1338
-1480
-1455
-1448
-1545
-1732
-1918
-1968
-1883
-1681
-1507
-1529
-1700
-1753
-1560
-1254
-1000
-960
-992
-910
-725
-505
-346
-237
-133
-49
89
287
443
494
481
525
732
1062
1275
1251
969
830
898
1190
1392
1219
884
569
540
655
729
624
281
-40
-226
-221
-189
-234
-468
-734
-846
-869
-835
-878
-912
-904
-841
-745
-712
-702
-673
-526
-289
-79
35
22
31
171
413
624
749
757
704
731
872
1036
1125
1088
1008
953
956
1011
1001
958
853
741
650
614
569
477
345
224
162
136
59
28
87
501
839
694
292
-92
256
905
1326
1179
724
565
591
813
1004
1027
861
493
184
95
165
13
-330
-657
-840
-892
-1094
-1374
-1598
-1668
-1667
-1730
-1829
-2020
-2129
-2123
-1972
-1727
-1594
-1642
-1759
-1736
-1521
-1193
-941
-848
-808
-713
-563
-360
-150
10
131
243
369
539
662
694
698
826
1063
1272
1294
1160
1031
1007
1097
1152
1128
944
741
562
486
491
395
217
-9
-192
-297
-391
-451
-533
-660
-781
-898
-923
-872
-844
-843
-807
-730
-618
-550
-503
-417
-260
-80
73
191
273
337
406
542
678
834
870
809
809
886
1007
1078
1040
949
866
864
896
896
852
744
648
544
492
438
339
229
148
92
47
-39
-142
-93
233
752
881
601
111
35
602
1228
1504
1208
828
634
678
970
1190
1194
852
352
54
97
176
-45
-455
-810
-965
-1059
-1298
-1510
-1661
-1788
-1879
-1984
-2037
-2130
-2197
-2199
-2051
-1778
-1621
-1668
-1735
-1671
-1421
-1039
-773
-647
-619
-598
-482
-243
43
288
385
415
496
633
754
789
800
884
1043
1225
1329
1359
1229
1008
866
904
1032
1034
790
463
241
142
105
47
-73
-326
-562
-708
-706
-634
-678
-826
-961
-995
-1007
-936
-829
-719
-602
-547
-499
-409
-270
-130
48
222
389
492
486
510
605
797
931
978
963
935
936
925
964
1020
1010
925
770
680
711
697
638
492
377
304
256
189
124
69
21
-49
-143
-128
47
531
946
967
623
193
317
907
1488
1604
1318
990
796
852
1054
1190
1157
801
280
-10
1
4
-203
-599
-978
-1212
-1389
-1538
-1636
-1718
-1876
-2125
-2285
-2292
-2187
-2093
-2105
-2065
-1930
-1784
-1679
-1596
-1488
-1279
-1054
-851
-665
-474
-342
-264
-160
15
299
518
616
653
708
743
758
825
976
1134
1176
1131
1074
1153
1138
1003
803
685
750
746
601
329
93
-62
-176
-208
-239
-320
-488
-698
-795
-760
-676
-689
-778
-854
-863
-782
-643
-466
-343
-324
-334
-266
-101
117
315
431
492
528
544
615
724
818
897
938
907
846
830
847
856
860
811
754
707
620
543
458
413
403
322
257
170
98
59
9
-19
-31
-47
-80
-62
170
655
1030
1123
795
412
514
960
1494
1674
1504
1232
958
849
863
999
1120
936
482
30
-190
-222
-309
-597
-973
-1235
-1391
-1521
-1652
-1792
-1949
-2105
-2244
-2286
-2196
-2070
-2000
-2011
-2005
-1960
-1797
-1588
-1424
-1275
-1132
-979
-808
-613
-430
-288
-157
-50
103
347
557
654
643
595
587
667
843
976
1041
997
907
908
974
1007
942
803
630
536
495
473
379
217
44
-112
-194
-198
-178
-213
-320
-440
-503
-486
-412
-372
-364
-389
-363
-274
-193
-92
-15
33
72
160
294
428
492
556
578
583
649
687
721
691
633
646
657
665
657
587
514
460
429
443
423
387
313
252
202
144
140
171
173
127
69
5
17
49
80
66
39
29
-3
-15
40
273
517
679
641
426
294
311
507
692
783
746
639
551
463
382
329
325
308
235
85
-121
-309
-455
-597
-736
-846
-951
-1001
-1032
-1099
-1211
-1354
-1458
-1451
-1353
-1240
-1178
-1196
-1237
-1274
-1264
-1183
-1072
-960
-856
-818
-827
-798
-775
-749
-701
-646
-534
-420
-332
-272
-269
-294
-258
-160
-26
116
189
230
251
294
363
415
477
539
605
656
678
656
623
612
637
669
663
705
703
698
678
628
616
615
592
583
590
585
573
511
468
447
450
431
368
339
349
339
322
253
178
164
168
172
142
50
-16
-48
-43
-32
-67
-94
-149
-193
-202
-203
-186
-192
-201
-212
-186
-151
-121
-96
-101
-79
-48
10
79
161
213
231
253
269
323
381
430
476
509
544
557
567
560
571
585
569
531
480
429
382
359
345
309
261
163
61
-2
-63
-113
-194
-277
-336
-358
-369
-401
-442
-510
-591
-660
-673
-667
-657
-677
-702
-751
-833
-868
-901
-885
-857
-826
-817
-814
-824
-835
-802
-763
-724
-687
-696
-680
-633
-578
-518
-486
-478
-486
-481
-417
-349
-272
-238
-252
-227
-182
-123
-59
-7
12
53
91
128
191
222
263
285
350
414
460
508
557
616
650
696
727
755
760
790
820
849
847
816
813
786
763
729
688
627
564
514
466
455
402
348
274
209
151
121
94
66
37
20
12
5
-9
-44
-70
-52
-17
10
27
37
67
88
148
178
205
236
245
264
286
317
349
354
377
375
356
311
274
248
248
243
181
116
52
25
-8
-42
-114
-175
-264
-336
-364
-395
-415
-472
-516
-561
-596
-579
-558
-537
-521
-537
-551
-556
-517
-445
-382
-326
-322
-333
-372
-357
-293
-232
-203
-219
-235
-234
-203
-182
-208
-220
-223
-242
-265
-293
-321
-357
-375
-372
-388
-417
-448
-458
-435
-438
-435
-463
-492
-488
-474
-441
-412
-384
-345
-302
-235
-173
-121
-71
-20
68
151
229
268
339
416
462
504
501
553
598
661
689
693
646
581
576
585
612
622
611
585
571
558
512
433
386
371
388
399
393
390
379
347
292
229
205
190
178
173
175
199
229
215
209
264
340
362
299
224
210
206
191
109
3
1
52
83
-51
-293
-446
-424
-262
-159
-194
-279
-324
-310
-303
-335
-409
-420
-345
-250
-190
-174
-202
-209
-193
-208
-241
-288
-267
-225
-160
-108
-111
-131
-157
-133
-86
-75
-96
-117
-116
-107
-100
-106
-154
-146
-78
18
69
83
85
91
106
92
56
50
67
95
100
76
16
-16
-24
-26
-62
-130
-206
-273
-287
-301
-319
-391
-450
-516
-563
-562
-588
-575
-533
-512
-511
-495
-479
-442
-387
-326
-262
-204
-137
-75
1
86
137
141
136
174
278
408
465
479
488
532
574
584
565
533
531
525
544
586
625
671
684
654
602
548
540
558
541
517
458
425
432
429
427
361
248
160
82
79
112
151
151
102
6
-106
-201
-263
-285
-277
-274
-274
-334
-388
-405
-410
-371
-395
-430
-439
-382
-319
-283
-312
-379
-412
-403
-347
-323
-325
-323
-302
-231
-170
-131
-116
-141
-146
-139
-126
-93
-59
1
50
75
94
95
98
112
120
111
93
85
99
154
200
146
67
3
-13
73
197
364
546
684
733
688
581
483
456
464
465
470
481
481
438
349
208
15
-187
-347
-474
-576
-680
-755
-823
-895
-971
-1058
-1149
-1225
-1268
-1262
-1195
-1107
-988
-882
-758
-645
-560
-474
-384
-258
-131
2
133
268
407
543
638
674
684
692
706
738
783
805
839
823
771
727
651
602
557
522
488
426
401
390
404
437
456
453
386
283
206
153
194
228
274
243
173
106
39
35
-13
-97
-193
-273
-306
-323
-344
-375
-435
-505
-568
-592
-633
-659
-669
-678
-673
-664
-645
-611
-556
-509
-487
-476
-455
-407
-334
-260
-208
-153
-105
-19
65
159
197
168
176
194
262
342
394
404
393
382
411
405
395
369
314
309
297
334
324
318
306
307
329
325
358
478
709
1008
1261
1395
1367
1263
1184
1099
982
842
717
641
629
582
439
255
11
-263
-538
-836
-1127
-1386
-1572
-1691
-1767
-1815
-1817
-1808
-1825
-1853
-1879
-1904
-1848
-1683
-1496
-1261
-1036
-792
-539
-281
-51
127
278
389
493
589
703
833
969
1071
1130
1124
1114
1058
999
922
806
672
540
443
370
322
253
171
89
35
-46
-111
-185
-220
-216
-168
-35
101
235
326
364
381
357
314
278
229
213
213
208
219
218
205
141
26
-101
-223
-336
-442
-575
-670
-720
-747
-748
-734
-700
-686
-677
-678
-679
-667
-612
-525
-416
-292
-183
-68
53
178
259
329
393
452
518
549
576
604
635
661
705
701
717
719
670
630
560
517
475
475
462
432
412
435
419
427
414
426
528
758
1056
1312
1476
1480
1405
1261
1145
1001
804
592
405
265
159
59
-130
-338
-570
-830
-1108
-1413
-1726
-1999
-2185
-2287
-2347
-2330
-2242
-2148
-2027
-1914
-1792
-1700
-1583
-1450
-1318
-1112
-883
-598
-276
41
321
539
698
824
905
951
947
918
873
811
782
778
748
709
627
492
315
158
19
-140
-272
-395
-464
-449
-377
-290
-196
-126
-58
19
141
228
315
420
558
747
929
1086
1163
1162
1100
981
837
666
500
326
185
76
-29
-98
-188
-300
-416
-542
-672
-814
-947
-1053
-1134
-1125
-1110
-1050
-934
-805
-615
-459
-299
-175
-95
-14
69
170
299
449
586
686
794
890
974
1039
1041
1001
925
842
770
686
639
601
580
579
555
546
529
487
435
365
287
238
189
200
202
253
289
370
526
742
999
1234
1366
1374
1303
1161
1018
823
604
339
117
-69
-251
-408
-565
-744
-948
-1159
-1407
-1664
-1917
-2129
-2300
-2423
-2481
-2482
-2417
-2263
-2089
-1903
-1717
-1520
-1305
-1143
-1010
-877
-668
-423
-188
22
186
361
530
684
778
804
796
742
662
548
438
354
289
225
159
119
105
65
36
-16
-56
-87
-152
-172
-132
-75
13
134
245
376
515
656
785
902
1027
1161
1265
1322
1307
1264
1229
1155
1036
878
696
517
315
134
-53
-230
-373
-495
-609
-716
-799
-851
-880
-904
-911
-900
-874
-806
-703
-564
-402
-233
-44
144
339
495
632
754
837
899
923
942
952
948
941
908
856
788
721
635
532
433
312
194
102
15
-64
-120
-150
-156
-114
-71
-35
-18
-17
13
68
103
109
130
157
221
305
462
689
938
1196
1359
1440
1403
1302
1100
845
544
197
-141
-467
-733
-961
-1130
-1271
-1413
-1569
-1742
-1938
-2113
-2285
-2452
-2617
-2750
-2797
-2749
-2597
-2367
-2061
-1705
-1357
-1036
-754
-480
-229
-30
130
256
379
511
621
752
876
990
1073
1118
1093
1024
912
745
584
394
224
63
-63
-145
-163
-135
-97
-54
2
63
138
208
242
280
309
385
475
616
757
916
1097
1272
1465
1590
1645
1641
1592
1473
1322
1124
908
671
423
211
39
-80
-196
-284
-380
-474
-554
-625
-706
-787
-815
-815
-800
-749
-673
-553
-391
-194
19
199
360
471
557
629
643
621
576
524
466
436
413
378
309
241
160
97
11
-83
-163
-234
-285
-366
-425
-436
-390
-335
-250
-171
-55
74
138
211
274
306
325
340
326
303
274
249
249
305
425
576
752
892
976
963
882
732
518
266
-51
-379
-739
-1049
-1320
-1537
-1670
-1738
-1771
-1795
-1813
-1845
-1864
-1925
-1993
-2054
-2110
-2101
-2026
-1895
-1671
-1393
-1069
-724
-378
-73
202
418
568
672
704
721
710
735
739
765
805
839
860
864
866
835
773
668
548
405
256
129
29
-33
-45
-6
88
222
374
517
656
761
844
945
988
1015
1028
1061
1096
1129
1173
1232
1309
1402
1473
1508
1460
1349
1167
944
678
381
89
-219
-492
-739
-895
-992
-1043
-1044
-1033
-988
-951
-920
-901
-885
-870
-858
-817
-743
-649
-507
-315
-124
85
251
389
491
539
566
540
479
388
287
178
75
-4
-93
-130
-178
-200
-235
-288
-316
-373
-411
-457
-502
-523
-496
-440
-354
-270
-158
-4
137
277
386
469
494
508
504
455
400
358
317
312
369
454
568
689
840
929
950
895
722
521
273
-18
-351
-684
-995
-1265
-1455
-1590
-1678
-1735
-1735
-1708
-1676
-1625
-1608
-1605
-1596
-1612
-1592
-1544
-1445
-1280
-1079
-839
-552
-230
91
402
656
898
1060
1192
1245
1261
1230
1158
1098
1041
1012
972
967
942
910
869
804
729
629
514
398
269
173
84
32
16
42
114
195
315
428
532
613
690
750
768
790
782
751
719
677
643
622
600
576
554
546
511
461
395
257
92
-97
-313
-532
-737
-954
-1133
-1244
-1320
-1307
-1280
-1192
-1080
-949
-825
-685
-577
-489
-421
-399
-367
-343
-289
-225
-155
-63
32
117
208
281
330
336
303
261
161
42
-67
-178
-254
-315
-357
-351
-323
-282
-191
-91
10
88
149
215
266
328
378
416
459
466
494
536
573
599
611
610
579
539
464
402
332
296
256
248
262
304
367
418
454
418
365
273
147
-48
-264
-485
-681
-877
-1021
-1108
-1173
-1186
-1166
-1125
-1073
-1012
-957
-907
-851
-803
-762
-699
-631
-567
-467
-330
-182
-18
147
305
482
650
808
913
973
996
968
911
830
726
605
488
378
276
200
130
85
40
16
1
-33
-55
-93
-123
-175
-210
-206
-202
-143
-87
-5
102
198
285
348
412
455
477
476
446
397
351
299
216
163
103
51
22
-6
-42
-87
-153
-240
-338
-456
-567
-693
-788
-885
-954
-978
-944
-882
-784
-651
-486
-328
-170
-2
127
253
324
374
408
436
460
466
458
450
434
406
377
351
308
240
179
101
22
-63
-142
-227
-294
-349
-397
-400
-363
-295
-226
-117
7
128
251
370
480
565
635
671
689
698
687
686
672
650
622
575
542
502
466
423
334
279
241
218
209
205
242
270
279
280
264
234
183
94
-10
-143
-271
-402
-542
-658
-764
-855
-915
-960
-976
-976
-959
-937
-922
-863
-826
-804
-775
-730
-669
-600
-544
-464
-385
-317
-225
-131
-26
56
124
194
259
313
328
316
294
257
199
130
46
-38
-108
-205
-276
-337
-385
-406
-396
-375
-359
-328
-290
-231
-168
-123
-74
-33
2
59
131
224
320
402
481
553
620
672
699
744
758
736
710
665
624
593
557
522
472
386
300
236
179
82
-30
-133
-230
-286
-339
-388
-410
-422
-405
-358
-303
-241
-161
-80
-23
49
106
158
213
244
243
244
259
252
243
231
233
233
224
221
205
221
227
226
200
185
152
111
84
33
-19
-53
-71
-78
-54
-10
45
98
165
208
249
284
292
272
247
212
168
129
90
82
68
67
63
55
52
50
76
108
105
120
123
137
173
187
222
220
197
135
65
-14
-114
-231
-379
-545
-690
-830
-954
-1060
-1159
-1233
-1298
-1316
-1320
-1309
-1279
-1252
-1215
-1175
-1113
-1037
-954
-851
-763
-650
-547
-425
-286
-147
-12
104
218
327
419
504
571
620
659
634
615
545
468
386
313
265
206
152
115
99
93
115
139
160
204
252
292
342
405
459
511
543
588
630
668
712
752
804
831
863
862
866
840
816
795
758
702
617
532
439
343
240
144
37
-69
-179
-285
-371
-439
-480
-521
-529
-519
-488
-448
-380
-296
-220
-143
-66
-2
48
103
136
163
164
165
161
156
150
146
127
94
49
16
-15
-48
-77
-110
-144
-183
-228
-269
-299
-337
-359
-370
-371
-357
-343
-305
-249
-199
-137
-64
6
78
137
174
199
208
195
189
150
115
76
15
-40
-91
-153
-179
-208
-218
-223
-229
-196
-188
-152
-118
-77
-34
0
22
50
70
68
51
2
-39
-101
-181
-277
-389
-477
-558
-622
-674
-723
-745
-773
-780
-756
-728
-686
-637
-597
-567
-505
-433
-350
-297
-240
-160
-83
-6
80
167
262
347
420
486
539
599
637
663
670
656
625
586
537
492
450
406
371
330
290
268
270
291
309
328
348
361
372
391
408
401
427
448
457
462
464
468
483
492
478
466
451
426
378
349
323
300
250
188
129
59
8
-53
-111
-186
-255
-321
-390
-464
-537
-562
-586
-603
-597
-569
-527
-465
-410
-335
-263
-197
-136
-81
-36
-18
-9
-14
-42
-61
-88
-136
-180
-221
-253
-262
-287
-286
-260
-246
-245
-256
-246
-244
-242
-245
-241
-229
-204
-179
-138
-91
-34
36
102
156
213
258
291
297
293
282
261
229
179
132
104
76
43
24
17
21
12
8
15
13
23
52
73
93
131
171
223
271
319
366
386
389
391
350
317
276
196
109
2
-114
-192
-257
-316
-370
-422
-465
-491
-498
-514
-533
-533
-534
-532
-542
-540
-529
-477
-430
-372
-310
-224
-121
-38
75
146
221
282
325
352
386
392
401
401
370
353
312
270
241
193
144
103
54
20
-15
-50
-80
-101
-112
-84
-34
1
41
77
131
176
213
239
263
272
285
289
273
263
253
246
234
218
177
152
124
89
58
17
-34
-96
-140
-209
-245
-285
-325
-342
-359
-366
-386
-367
-356
-325
-294
-248
-186
-130
-59
-6
51
96
141
166
199
228
232
249
243
231
212
172
156
134
105
67
47
32
-1
-38
-60
-77
-99
-98
-96
-94
-101
-109
-114
-108
-93
-70
-37
-3
43
94
140
194
248
280
302
330
333
339
327
307
291
271
240
205
185
154
143
119
93
95
92
89
81
80
77
92
95
105
90
73
70
55
52
15
-23
-62
-110
-171
-231
-301
-378
-452
-522
-587
-647
-696
-746
-795
-829
-832
-826
-810
-786
-756
-706
-657
-599
-532
-456
-387
-312
-247
-188
-132
-82
-25
27
62
110
145
178
206
241
280
303
308
303
299
304
283
278
286
274
260
255
254
260
282
287
294
297
305
320
342
363
362
374
374
382
392
395
388
383
363
341
331
317
301
273
260
238
208
174
151
118
78
39
5
-24
-49
-86
-102
-107
-121
-113
-115
-101
-84
-74
-64
-64
-61
-56
-49
-38
-21
4
26
42
57
64
59
67
54
38
17
-13
-52
-94
-119
-145
-174
-202
-217
-208
-199
-180
-172
-144
-121
-107
-63
-46
-32
-25
-30
-30
-16
-28
-35
-31
-21
-4
13
19
29
26
17
20
11
8
-7
-16
-32
-48
-59
-73
-75
-86
-88
-89
-101
-110
-116
-98
-105
-100
-92
-101
-78
-70
-69
-64
-61
-49
-43
-40
-41
-53
-71
-107
-136
-173
-214
-253
-293
-329
-365
-372
-370
-365
-362
-345
-336
-314
-275
-259
-228
-190
-158
-125
-75
-22
27
75
117
163
198
222
253
273
285
306
305
312
330
326
328
334
314
319
316
299
271
244
242
232
232
228
218
224
228
243
252
258
277
283
290
308
302
296
286
277
254
249
230
206
182
142
100
72
41
8
-19
-38
-63
-84
-91
-103
-104
-107
-122
-163
-162
-178
-190
-201
-212
-213
-213
-215
-217
-212
-201
-188
-196
-181
-174
-152
-127
-107
-87
-74
-68
-55
-54
-54
-63
-84
-97
-113
-117
-133
-153
-177
-196
-215
-196
-195
-191
-182
-171
-159
-148
-142
-132
-124
-114
-97
-85
-71
-56
-45
-23
6
36
54
69
84
91
119
120
131
135
154
161
152
156
150
161
165
173
163
157
156
158
175
165
174
183
194
208
213
224
234
233
224
218
202
194
181
157
149
110
68
42
-5
-50
-84
-126
-153
-197
-225
-269
-302
-324
-352
-359
-366
-351
-347
-331
-315
-295
-249
-220
-203
-191
-167
-138
-112
-83
-58
-47
-25
-1
27
71
82
102
109
109
113
114
103
94
83
52
44
25
14
4
-19
-26
-36
-32
-36
-31
-35
-26
-6
-3
19
35
56
81
83
112
118
134
155
157
148
140
139
126
124
110
94
86
67
74
62
30
45
5
12
-21
-83
-73
-35
-102
-164
-97
-88
-123
-102
-94
-74
-34
-3
1
9
74
65
84
109
104
114
125
115
108
118
99
82
78
62
46
42
40
20
12
15
-8
-8
-7
-10
-7
17
16
37
62
65
81
92
100
101
108
114
124
132
139
135
130
140
144
142
143
157
157
151
148
124
129
99
71
40
16
5
-21
-30
-52
-57
-76
-85
-90
-88
-66
-58
-49
-49
-50
-42
-46
-53
-72
-94
-113
-146
-166
-195
-225
-248
-278
-308
-357
-388
-423
-454
-499
-536
-563
-581
-581
-562
-544
-517
-487
-445
-403
-354
-309
-270
-224
-174
-136
-92
-67
-45
-8
35
69
101
137
167
193
220
247
252
258
252
247
238
224
204
196
187
186
177
183
195
204
216
234
256
261
288
288
290
301
316
318
309
310
310
334
335
338
340
328
333
321
306
304
281
251
215
183
149
108
75
55
19
-14
-45
-81
-98
-108
-108
-118
-100
-100
-96
-86
-76
-50
-31
1
27
32
38
48
50
55
54
43
34
20
-4
-26
-56
-77
-104
-123
-136
-148
-161
-169
-179
-170
-176
-174
-166
-161
-155
-150
-137
-135
-133
-131
-111
-99
-75
-51
-24
2
18
25
30
22
22
8
7
-5
-32
-34
-58
-85
-114
-131
-154
-173
-192
-198
-202
-195
-197
-200
-195
-178
-170
-155
-127
-106
-78
-83
-63
-55
-45
-17
-18
-9
-5
7
17
38
42
52
61
63
64
47
31
20
-11
-37
-53
-91
-119
-138
-154
-159
-158
-158
-141
-126
-102
-87
-56
-43
-32
-4
20
38
54
71
109
128
161
196
228
253
279
289
300
308
321
317
310
304
283
282
269
254
233
233
212
201
205
192
182
173
165
158
141
130
126
117
109
102
102
92
82
84
72
53
48
36
29
7
-6
-27
-39
-68
-89
-110
-138
-154
-167
-182
-201
-209
-216
-222
-226
-214
-217
-207
-201
-194
-188
-172
-160
-150
-143
-136
-138
-144
-149
-156
-150
-147
-153
-150
-151
-144
-133
-132
-111
-112
-93
-88
-72
-82
-71
-61
-43
-11
5
29
44
58
75
91
107
124
127
147
140
151
152
142
141
149
144
136
130
121
119
112
101
86
90
74
65
45
42
40
22
22
24
33
41
56
63
80
81
79
77
69
53
39
27
15
-11
-18
-26
-43
-40
-40
-32
-34
-31
-27
-26
-28
-19
-42
-53
-68
-74
-83
-97
-99
-106
-106
-112
-129
-141
-130
-144
-145
-147
-136
-129
-124
-110
-107
-94
-93
-59
-39
-17
-7
9
17
10
20
22
28
41
35
41
38
34
27
11
21
20
22
18
16
9
-8
-19
-8
-16
-15
-17
-29
-26
-38
-31
-32
-29
-34
-34
-30
-30
-36
-35
-27
-26
-20
-25
-15
-10
-8
0
20
32
38
48
58
74
82
93
104
107
105
122
134
133
135
131
136
135
127
129
112
112
112
99
103
100
93
87
85
84
83
81
71
69
60
41
43
49
65
79
97
115
125
132
137
151
153
149
143
121
114
97
79
59
42
26
17
4
-3
-4
-23
-34
-58
-77
-78
-91
-107
-135
-152
-172
-184
-190
-189
-182
-191
-184
-182
-170
-146
-143
-139
-146
-148
-135
-147
-148
-141
-143
-141
-145
-130
-126
-127
-118
-111
-98
-87
-86
-84
-72
-71
-62
-63
-49
-39
-42
-31
-37
-36
-31
-28
-24
-25
-32
-37
-54
-59
-65
-66
-65
-65
-56
-52
-47
-47
-41
-25
-15
3
14
9
12
19
38
39
40
51
66
79
89
98
96
101
89
77
60
46
41
32
33
35
37
33
53
68
98
106
129
143
147
155
153
161
164
168
154
150
145
146
154
150
150
157
150
154
142
130
124
115
106
106
98
87
79
60
68
61
63
72
64
53
61
56
60
66
66
73
60
62
52
56
45
32
23
0
-23
-49
-89
-101
-111
-131
-155
-159
-178
-199
-205
-210
-204
-207
-195
-195
-188
-178
-168
-152
-142
-126
-107
-101
-86
-85
-79
-77
-81
-75
-81
-90
-97
-96
-111
-116
-133
-146
-146
-149
-151
-157
-148
-153
-138
-118
-111
-100
-100
-77
-71
-41
-23
-7
9
18
34
33
55
56
56
63
60
45
40
39
37
34
29
27
24
34
30
33
42
46
45
47
57
71
70
77
85
90
112
122
123
123
127
131
134
139
137
131
122
110
101
97
88
87
86
79
75
73
84
84
90
91
80
87
78
87
86
81
78
74
74
78
78
73
68
60
61
51
42
34
14
1
-16
-21
-42
-45
-57
-71
-71
-72
-65
-56
-51
-63
-47
-49
-34
-35
-31
-28
-33
-31
-36
-22
-30
-21
-25
-26
-20
-33
-46
-55
-74
-84
-91
-109
-111
-131
-140
-149
-146
-152
-151
-137
-125
-118
-104
-94
-93
-79
-78
-55
-52
-41
-33
-18
7
18
29
31
52
52
63
72
73
79
65
74
64
74
60
53
54
48
34
29
21
10
-4
-9
-13
-13
-7
-9
12
14
24
27
46
51
59
59
72
69
69
77
79
79
72
81
68
74
63
59
58
48
47
38
22
18
11
8
12
7
2
3
6
-3
0
1
-1
-3
-11
-11
-18
-31
-36
-34
-41
-41
-50
-48
-47
-56
-55
-57
-56
-69
-69
-66
-84
-86
-89
-85
-90
-85
-97
-88
-87
-93
-85
-79
-65
-67
-67
-66
-59
-51
-45
-39
-41
-32
-23
-26
-32
-23
-26
-19
-17
-13
-13
-12
-13
-11
-17
-17
-5
-7
-3
1
8
16
32
32
42
46
61
74
74
76
84
91
96
100
92
93
93
90
79
86
75
71
74
70
75
72
80
81
76
74
65
65
64
53
55
47
39
29
22
23
15
17
17
3
6
-4
-7
-1
-1
3
-1
-1
6
4
15
16
12
10
2
10
24
19
10
12
9
2
-5
-9
-12
-9
-10
-7
-9
-10
-15
-21
-16
-13
-16
-15
-19
-22
-14
-28
-25
-31
-35
-36
-45
-50
-58
-58
-65
-62
-64
-79
-79
-78
-80
-78
-79
-82
-82
-83
-80
-81
-91
-88
-79
-83
-81
-87
-87
-88
-96
-92
-95
-90
-86
-84
-78
-60
-51
-41
-35
-27
-16
-12
6
7
9
20
18
25
33
35
40
48
51
49
50
55
51
52
46
51
49
52
56
53
53
53
64
66
71
81
86
91
101
99
105
105
104
110
109
104
105
102
96
94
97
92
78
76
70
64
70
56
46
49
45
41
36
49
46
40
38
43
27
26
30
28
23
28
29
31
32
34
33
30
36
30
20
9
15
10
1
-2
-9
-9
-12
-15
-14
-22
-29
-41
-46
-63
-67
-74
-84
-75
-87
-80
-87
-90
-93
-99
-91
-99
-95
-107
-104
-102
-111
-111
-122
-120
-111
-103
-101
-101
-100
-99
-96
-99
-101
-90
-87
-86
-90
-90
-84
-92
-81
-90
-84
-75
-76
-70
-71
-66
-58
-53
-48
-39
-39
-26
-15
-3
4
17
30
40
43
52
64
64
71
69
72
73
73
72
79
81
80
82
77
89
85
84
85
81
77
65
61
74
69
61
65
61
62
63
67
61
65
73
78
76
82
84
81
72
73
87
79
91
91
92
89
90
95
86
89
80
74
70
60
43
55
49
40
32
17
13
-12
-22
-39
-39
-47
-53
-61
-59
-63
-67
-61
-71
-65
-70
-78
-68
-65
-65
-61
-60
-54
-56
-59
-56
-64
-57
-64
-73
-67
-69
-73
-75
-75
-82
-91
-84
-89
-86
-86
-87
-91
-92
-84
-85
-72
-70
-72
-67
-58
-51
-53
-48
-53
-50
-40
-37
-22
-25
-14
-14
-3
0
0
10
15
14
14
19
15
24
40
41
42
50
54
59
64
68
60
55
44
46
43
41
43
40
48
41
49
58
63
73
73
83
82
93
88
86
87
87
85
69
68
61
54
53
58
62
72
72
67
66
69
69
74
69
69
58
47
39
30
30
28
13
9
11
2
-1
-6
-9
-12
-15
-18
-27
-34
-37
-39
-46
-47
-48
-53
-56
-63
-63
-69
-63
-64
-77
-69
-57
-63
-69
-70
-67
-69
-69
-68
-68
-63
-66
-71
-66
-61
-64
-58
-65
-59
-51
-48
-41
-40
-31
-26
-27
-20
-23
-22
-15
-15
-12
-10
-13
-19
-13
0
-10
-10
-4
2
4
14
16
20
24
28
28
33
27
28
36
36
40
32
30
26
32
27
30
35
35
25
22
18
21
35
25
27
21
22
18
17
8
6
14
10
16
16
11
14
17
13
13
8
12
14
22
26
20
26
30
29
35
40
35
28
33
33
31
37
31
39
38
26
29
21
18
12
12
10
9
9
8
-1
-2
7
-7
-4
-15
-17
-28
-33
-30
-43
-43
-53
-52
-50
-48
-57
-52
-53
-52
-59
-58
-54
-52
-62
-60
-58
-65
-65
-71
-65
-74
-76
-79
-65
-66
-66
-64
-68
-60
-57
-45
-45
-43
-42
-28
-19
-10
-15
-13
2
2
8
14
24
27
33
37
38
44
48
51
53
59
55
57
62
53
53
59
62
63
63
65
61
62
60
66
63
68
63
59
68
63
55
54
51
46
40
29
25
23
21
20
14
12
13
13
11
15
24
20
18
13
18
21
20
18
17
11
8
4
6
0
5
3
-2
-6
-9
-3
-1
1
-3
3
4
-6
-14
-9
-14
-10
-12
-16
-28
-29
-25
-30
-30
-37
-31
-32
-29
-40
-41
-45
-50
-50
-55
-49
-53
-57
-52
-49
-44
-54
-42
-39
-35
-34
-36
-28
-32
-27
-34
-25
-25
-30
-30
-29
-23
-18
-21
-15
-16
-15
-16
-18
-19
-22
-23
-20
-20
-24
-14
-20
-18
-19
-18
-11
-6
-3
-1
1
3
9
13
22
30
37
40
46
51
55
65
65
67
74
74
71
70
65
67
69
59
63
52
47
45
39
44
39
34
31
28
18
22
14
15
17
13
18
16
18
13
13
22
12
12
14
10
15
21
20
19
21
21
23
18
12
16
7
11
10
-5
3
-10
-9
-15
-23
-17
-18
-13
-14
-15
-14
-15
-10
-13
-22
-22
-18
-18
-16
-22
-35
-33
-30
-36
-39
-44
-41
-41
-43
-53
-57
-65
-68
-66
-70
-73
-81
-83
-86
-90
-85
-77
-79
-78
-74
-64
-66
-74
-63
-64
-58
-60
-55
-50
-57
-49
-48
-45
-35
-37
-25
-22
-15
-11
-5
5
5
8
11
20
33
45
41
49
56
61
68
71
76
88
96
95
95
90
97
99
100
97
91
87
80
75
75
77
71
71
75
71
66
61
52
49
39
40
33
33
34
20
23
23
21
17
22
20
24
24
21
25
18
20
17
20
9
5
0
-2
-9
-12
-20
-23
-23
-38
-33
-42
-43
-40
-39
-45
-40
-36
-42
-35
-39
-31
-24
-30
-27
-23
-20
-23
-32
-28
-34
-35
-33
-37
-35
-39
-45
-51
-56
-52
-48
-45
-50
-44
-46
-38
-45
-52
-39
-41
-45
-43
-41
-42
-32
-33
-39
-45
-49
-48
-39
-42
-36
-31
-29
-25
-23
-13
-18
-16
-7
-12
-1
5
3
12
9
26
29
34
41
31
34
29
25
24
33
29
29
40
44
49
55
56
63
69
64
75
66
61
56
63
61
58
52
47
53
43
52
47
44
39
46
50
47
44
46
51
45
48
49
42
50
53
44
41
30
40
32
33
39
27
23
19
13
6
-4
-11
-20
-27
-28
-26
-29
-31
-41
-37
-32
-22
-25
-28
-21
-26
-20
-24
-33
-38
-42
-46
-47
-43
-47
-42
-47
-52
-47
-51
-41
-47
-48
-46
-49
-40
-44
-43
-40
-45
-47
-48
-48
-45
-49
-42
-43
-36
-33
-33
-37
-42
-34
-42
-36
-33
-38
-30
-29
-34
-30
-18
-14
-13
-14
-14
-12
-22
-24
-27
-18
-14
-9
-7
-5
-3
4
12
16
22
21
26
34
34
37
29
30
35
36
40
36
42
46
48
50
48
51
53
50
49
46
50
52
46
42
47
38
34
38
41
40
41
41
48
44
48
41
42
41
38
34
24
24
17
11
8
11
3
-4
-6
-14
-18
-18
-14
-17
-16
-14
-24
-18
-19
-28
-21
-20
-20
-20
-26
-21
-27
-21
-21
-22
-21
-29
-27
-24
-21
-18
-14
-30
-20
-19
-22
-24
-27
-22
-21
-18
-14
-9
-14
-19
-14
-12
-17
-13
-17
-23
-15
-15
-20
-19
-18
-19
-25
-22
-12
-15
-20
-12
-18
-12
-15
-8
-18
-15
-11
-7
-10
-6
-3
2
11
3
5
8
13
15
12
22
22
27
25
20
25
23
35
32
25
14
18
23
29
21
20
27
19
22
22
22
22
14
14
13
14
12
6
10
14
9
9
13
17
22
13
15
19
18
17
15
16
19
17
9
9
9
-2
-2
-3
1
0
-2
0
-5
-12
-5
-9
-2
-7
-7
2
-1
1
-3
0
-2
-9
-2
-12
-2
-3
4
-3
-5
-2
-8
-12
-15
-6
-17
-9
-18
-16
-19
-8
-10
-12
-21
-24
-15
-24
-12
-23
-20
-18
-22
-26
-29
-20
-25
-18
-22
-33
-26
-28
-26
-25
-28
-26
-32
-31
-25
-26
-19
-24
-25
-25
-11
-2
4
7
15
16
18
17
19
21
19
16
11
12
17
30
25
33
27
27
32
30
29
30
24
34
34
27
22
20
19
22
20
20
23
20
22
23
17
10
14
8
10
5
14
13
15
6
9
17
14
18
23
27
19
21
17
16
4
3
3
0
6
-10
-11
-10
-12
-7
-22
-18
-14
-15
-21
-15
-11
-18
-14
-15
-17
-28
-23
-15
-20
-23
-21
-22
-19
-28
-22
-22
-26
-26
-32
-32
-33
-30
-31
-23
-17
-21
-12
-9
-12
-11
-11
-9
-11
-19
-16
-19
-23
-23
-26
-19
-27
-21
-21
-18
-21
-17
-17
-23
-16
-13
-16
-12
-8
-5
1
5
7
4
12
14
17
19
14
19
24
22
29
27
30
30
28
36
35
36
38
34
39
39
40
44
35
36
34
37
37
41
44
39
35
35
38
34
31
25
24
18
19
17
20
24
19
18
16
14
10
14
2
1
-2
-7
-3
-9
-10
-21
-20
-23
-25
-21
-29
-31
-36
-28
-31
-35
-37
-37
-39
-44
-37
-43
-41
-35
-37
-26
-25
-23
-21
-20
-19
-17
-17
-17
-19
-18
-13
-20
-18
-30
-28
-22
-20
-11
-14
-17
-11
-4
-4
-5
0
-1
-2
-1
5
7
2
6
6
6
-1
0
0
7
5
5
6
5
5
3
6
17
14
11
8
2
12
5
-1
-1
-1
5
4
-2
-2
-1
9
11
11
14
22
22
26
20
18
24
26
31
28
36
38
31
36
31
32
39
40
42
42
42
39
35
29
39
32
30
32
28
27
24
22
18
9
7
1
2
2
1
-8
-9
-12
-17
-17
-20
-15
-17
-14
-23
-28
-29
-36
-34
-35
-32
-38
-36
-35
-31
-35
-43
-36
-35
-30
-33
-37
-39
-38
-35
-41
-30
-25
-28
-27
-26
-27
-28
-23
-16
-5
-6
-10
-2
-4
-3
8
7
9
14
13
13
15
12
13
18
16
13
9
7
2
1
0
-8
-3
-5
-12
-12
-15
-14
-11
-10
-10
-11
-5
-2
2
-6
0
-4
2
5
5
15
10
21
20
21
17
17
19
12
24
20
21
18
14
18
21
21
20
18
18
18
21
19
13
19
18
20
24
25
20
15
16
13
14
17
11
15
15
16
13
18
13
9
7
6
6
0
-6
-6
-5
-9
-8
0
2
8
0
3
-7
-9
-7
-9
-11
-7
-7
-13
-3
-10
-10
-21
-17
-26
-30
-22
-28
-24
-20
-27
-32
-31
-39
-39
-37
-36
-34
-32
-41
-41
-38
-35
-34
-37
-31
-31
-26
-19
-19
-20
-15
-12
-9
-8
-11
-9
-5
-4
-1
-4
-2
0
2
8
5
7
2
6
8
13
16
17
22
21
24
27
17
16
15
18
17
20
24
25
25
17
25
30
31
28
31
34
34
34
36
41
38
40
37
30
37
35
32
35
25
24
15
14
10
5
17
17
21
16
17
11
8
3
2
0
-5
-1
-4
-2
-2
-7
-8
-10
-6
-8
-2
3
-4
-6
-3
-7
-5
-11
-5
-11
-14
-12
-15
-14
-19
-16
-13
-14
-28
-25
-23
-26
-25
-26
-26
-28
-31
-33
-34
-34
-39
-42
-31
-28
-27
-23
-21
-20
-19
-21
-20
-13
-8
-9
-9
-5
-1
-9
-7
-2
-4
-3
1
1
5
2
-2
4
8
9
8
6
7
11
6
4
4
4
3
1
4
8
4
3
4
5
15
11
13
10
9
20
7
15
21
19
21
15
27
20
18
18
13
23
15
15
9
11
11
9
11
6
7
14
19
16
22
19
15
17
25
21
22
13
19
14
12
14
7
9
6
3
-3
-1
0
-1
4
-8
-5
-1
-7
-4
1
1
-9
-4
-7
3
-7
-12
-6
-10
-14
-21
-24
-22
-20
-18
-12
-6
-9
-13
-13
-15
-18
-14
-19
-18
-19
-20
-21
-20
-19
-20
-19
-21
-19
-20
-14
-14
-5
-10
-10
-8
-8
-1
-5
-9
-13
-15
-9
-14
-13
-11
-6
-10
-11
-9
-7
-6
-7
-4
-11
-9
-4
-12
0
-4
-14
-17
-13
-15
-14
-10
-8
-8
-6
-5
-3
-3
-6
0
-2
5
-1
6
6
11
10
8
16
14
12
19
24
29
29
28
28
25
31
37
37
29
34
38
42
39
41
44
41
43
43
40
35
38
42
37
38
32
30
29
25
20
20
20
21
18
15
14
10
12
5
3
6
-4
-6
-8
-6
-11
-7
-9
-6
-8
-10
-16
-22
-24
-24
-22
-32
-29
-41
-38
-45
-50
-47
-51
-45
-49
-45
-48
-51
-47
-47
-43
-47
-48
-44
-43
-43
-45
-46
-43
-33
-30
-33
-28
-31
-21
-21
-20
-16
-14
-9
-9
-8
-4
-6
-7
-2
1
-1
-1
-1
0
8
10
13
14
16
24
16
16
18
16
23
19
24
27
27
34
32
30
29
31
35
36
37
42
44
42
48
45
41
40
41
37
35
35
29
33
30
31
23
29
34
36
36
27
27
20
25
23
28
33
27
28
25
26
18
15
11
13
17
12
18
13
15
6
4
8
-1
0
-8
-12
-11
-20
-26
-22
-22
-28
-25
-26
-32
-29
-31
-28
-30
-33
-31
-39
-35
-40
-38
-43
-48
-40
-42
-46
-50
-45
-50
-48
-46
-47
-46
-45
-40
-37
-43
-45
-38
-33
-32
-32
-28
-25
-20
-19
-19
-26
-19
-16
-10
-13
-13
-10
-11
0
-2
3
7
2
12
13
13
7
13
20
16
15
15
21
23
21
15
19
21
20
19
18
20
16
17
18
15
26
19
13
19
20
27
18
17
18
18
25
18
20
23
21
20
17
29
22
18
18
22
29
24
24
23
26
29
26
34
29
28
26
25
23
21
21
21
21
23
15
16
9
8
7
3
7
0
8
0
1
0
-6
-8
-9
-13
-16
-16
-18
-14
-16
-19
-25
-26
-24
-23
-20
-18
-26
-30
-34
-27
-31
-34
-30
-33
-33
-36
-32
-36
-33
-32
-27
-29
-33
-31
-28
-21
-17
-18
-15
-13
-12
-15
-16
-11
-8
-6
-11
-12
-12
-12
-11
-3
-6
3
4
10
5
3
11
3
8
8
16
13
8
11
9
14
10
9
13
19
19
17
19
19
22
22
27
24
29
21
22
23
24
22
18
21
17
14
11
10
18
16
9
8
11
12
6
0
-1
-3
-3
-5
-11
-3
-5
-2
-2
2
5
8
7
6
11
12
14
16
12
12
16
13
14
12
6
17
3
4
6
-1
2
0
5
11
12
8
3
5
11
3
6
0
3
5
-2
-9
-14
-12
-9
-13
-10
-12
-14
-12
-12
-12
-11
-11
-7
-14
-20
-21
-21
-21
-24
-26
-33
-30
-35
-34
-36
-31
-34
-29
-29
-29
-30
-28
-23
-23
-20
-19
-15
-21
-14
-16
-22
-17
-15
-19
-19
-12
-14
-7
-8
-3
2
-2
3
-6
-2
0
11
12
17
19
17
18
11
17
21
21
20
21
31
27
29
30
27
26
20
19
25
24
21
21
21
29
29
34
36
33
40
32
35
28
24
26
24
23
18
16
11
12
11
10
10
5
2
2
3
2
-2
6
2
-1
3
-6
-4
-3
-5
-8
-7
-4
-5
-3
-10
-12
-16
-16
-18
-17
-19
-24
-27
-22
-21
-25
-20
-26
-23
-26
-20
-17
-13
-15
-13
-17
-16
-18
-19
-17
-21
-17
-24
-24
-27
-24
-27
-26
-23
-20
-18
-21
-21
-22
-20
-18
-13
-10
-11
-12
-9
-6
-1
0
2
6
8
10
6
6
7
6
11
8
11
13
16
15
20
22
20
18
23
24
25
22
19
22
14
16
11
20
20
11
14
10
14
8
4
6
14
18
21
22
24
26
25
29
27
22
23
21
18
24
17
14
16
11
8
8
6
4
6
2
4
5
1
2
-3
2
-2
-1
6
-1
-1
-2
-2
-5
-5
1
0
-3
-4
-3
-4
-10
-13
-19
-12
-15
-16
-16
-19
-23
-23
-21
-23
-26
-28
-34
-26
-25
-28
-27
-29
-27
-29
-25
-28
-30
-27
-24
-21
-15
-14
-12
-7
-5
-15
-6
-4
-3
0
0
1
-2
5
2
0
-7
2
0
-1
-4
0
1
4
2
2
3
2
13
13
15
13
19
19
19
19
17
13
16
19
20
12
10
13
13
16
7
8
11
9
7
3
4
1
7
10
5
9
6
4
-2
0
5
7
11
10
9
8
6
6
4
0
5
2
2
3
3
-1
-1
-1
3
-2
-4
2
3
-1
3
2
-2
-1
0
-1
-1
-1
-3
-2
-4
-4
-14
-13
-13
-10
-12
-16
-17
-15
-13
-14
-12
-13
-13
-10
-8
0
3
2
3
-3
4
-6
-3
-6
-9
-9
-17
-10
-10
-14
-6
-10
-16
-16
-13
-10
-9
-3
0
6
6
14
13
10
9
15
18
10
11
10
10
1
6
6
11
14
9
10
11
20
15
16
16
16
23
19
15
15
12
15
12
15
12
5
8
6
5
9
7
6
1
7
14
10
15
2
6
-2
-3
-7
-11
-4
-6
-2
-8
-13
-15
-16
-19
-12
-14
-15
-14
-17
-13
-7
-7
-9
-7
-7
-12
-4
-6
-8
-6
-6
-5
-2
-1
0
3
0
2
3
6
6
1
6
6
4
8
5
5
7
-2
-1
5
3
7
0
-2
-9
-4
-7
-6
-5
-4
-4
-9
-4
-4
0
2
-1
4
-1
-1
1
2
2
-1
4
1
0
-4
-3
-7
-6
