SAMPLES:	12814
BITSPERSAMPLE:	16
CHANNELS:	1
SAMPLERATE:	16000
NORMALIZED:	FALSE
-6
-2
-3
1
-3
-3
1
2
0
5
2
1
-1
2
2
3
3
0
0
-2
-3
-3
-2
-3
-3
-4
-3
-5
-1
-9
-4
-5
-8
-9
-8
-7
-5
-1
-4
-3
-1
4
2
1
-3
5
-2
1
4
4
9
6
6
7
6
7
6
6
7
7
10
2
11
11
4
4
7
6
6
6
5
2
-4
-4
-1
-7
-9
-1
-5
-2
1
-1
-1
-4
-2
2
1
-4
-4
-9
-8
-5
-5
-5
-5
-1
-8
-2
-1
-5
-1
0
-7
-5
0
3
-3
-1
1
0
3
1
1
2
-1
2
-1
7
4
-1
3
2
-4
-2
-4
0
5
2
7
5
13
3
8
7
3
12
8
13
6
8
11
9
3
8
6
11
4
7
13
10
7
7
12
4
7
4
7
2
7
1
-1
1
0
0
-1
4
1
4
2
-4
1
0
0
-2
-2
-5
-6
-10
-13
-7
-14
-16
-11
-14
-10
-14
-16
-13
-10
-4
-7
-9
-8
-5
-9
-7
-10
-10
-6
-10
-5
-9
-7
-8
-8
-6
-6
-2
-6
-5
0
3
1
4
8
9
6
12
9
11
8
8
9
8
2
5
3
2
-1
0
-1
2
2
5
4
0
7
3
5
4
6
10
9
8
6
7
6
4
3
2
1
2
2
-2
0
-6
-2
-4
-2
-4
-7
-4
-6
-6
-10
-5
-2
-8
-6
-7
-4
-6
-6
-4
-9
-5
-5
-6
-3
-7
-10
-7
-6
-2
-4
-1
1
0
-1
-2
1
-1
5
1
0
-4
-1
1
-4
-2
0
-1
-3
-4
4
3
2
2
-6
3
2
3
5
4
5
3
4
6
6
7
10
8
7
3
5
5
6
10
11
7
8
5
7
6
5
10
3
5
3
3
5
6
6
12
6
5
5
-3
5
3
6
0
0
-3
-5
0
-9
-4
-10
-6
-4
-7
-1
-5
-8
-9
-9
-9
-10
-9
-9
-6
-7
-9
-8
-9
-4
2
-3
-11
-10
-7
-9
-4
-7
-5
0
0
2
2
2
0
0
-3
2
2
0
2
2
0
0
5
-4
0
-3
5
4
0
5
-1
5
5
2
-1
3
6
4
4
4
4
3
1
6
8
0
3
0
2
3
3
0
1
0
-2
3
1
6
3
4
3
2
1
-1
4
-2
-3
-1
-2
-1
3
2
-2
1
1
3
0
2
-1
3
1
-5
1
1
-1
-2
-3
0
3
0
3
3
7
7
2
2
5
4
-3
9
3
9
4
6
4
-2
8
-1
1
-4
-3
-3
0
2
0
-1
0
-3
-5
3
2
-3
-2
-5
-2
-6
-10
-8
-8
-8
-6
-14
-4
-5
-11
-4
-11
-10
-12
-12
-8
-10
-8
-5
-4
-5
-6
2
-4
-1
-1
0
-2
-5
-3
-6
-6
-1
-1
-3
0
0
2
-3
0
1
3
3
2
-6
2
-1
2
-1
-8
1
-1
2
3
5
0
7
-4
7
6
3
4
4
7
7
5
6
8
6
6
3
7
0
5
6
2
6
5
3
4
2
4
6
1
1
9
2
3
1
2
4
0
6
0
6
1
4
2
-1
2
7
9
3
7
4
4
-1
-3
-3
-3
-2
0
3
-4
3
0
-6
-2
2
6
-1
-1
1
0
-1
0
2
2
0
-7
-7
-8
-6
-3
-8
-6
-6
-6
-2
0
-4
-3
-7
-2
-8
-6
-5
-6
-7
-6
1
-4
0
-4
0
-1
8
5
3
9
3
5
-1
1
1
-3
-3
-5
-7
-2
-5
-3
-4
5
4
3
0
2
3
5
9
10
5
5
7
2
1
3
8
3
6
9
7
8
4
4
1
3
0
1
-3
-1
-1
-7
1
-1
5
6
2
-1
-2
-2
1
-4
-1
-1
-3
-5
-2
-3
-5
-7
-10
-9
-4
-3
-8
-11
-15
-9
-10
-11
-8
-11
-7
-8
-7
-7
2
5
5
10
9
6
5
1
3
4
-1
1
1
4
2
1
2
5
5
0
5
9
4
1
3
5
1
3
7
4
8
8
8
7
6
2
7
-2
3
-1
-5
-3
-9
-3
-10
1
-7
-7
-3
-5
-4
-4
-4
-6
-8
-7
-2
-6
-7
-10
-12
-10
-7
-6
-1
0
-2
4
-1
8
5
0
0
0
2
6
-3
-1
-5
-2
1
-3
6
-2
-1
-5
0
2
0
5
0
1
6
2
2
7
7
8
4
5
0
4
-2
4
5
0
4
-1
9
1
0
-3
-1
-6
-4
1
-7
3
-2
-1
-1
-4
-1
1
2
2
5
5
5
9
1
0
1
3
-4
6
5
3
3
1
4
-2
-2
-4
-7
1
-2
0
1
3
-4
0
6
6
3
3
3
3
6
4
5
5
4
-2
1
1
3
4
2
-2
3
5
7
-1
3
9
4
7
9
6
3
-8
-4
-4
-8
3
-10
-2
-4
-4
-3
-6
1
-7
-4
-16
-13
-6
-3
-2
-4
-3
-10
-2
-12
-2
-5
-2
2
-7
8
-9
-7
-5
-12
-7
-1
1
5
-4
-7
1
-13
-1
-8
-3
3
-1
10
0
0
-4
8
6
11
10
5
11
9
7
7
7
-3
-6
-3
-1
-2
5
13
8
13
6
7
9
13
7
11
7
-3
4
5
6
2
11
3
9
11
3
1
-4
-9
-12
-6
-10
-10
-7
-1
3
-2
1
-6
-9
-8
-8
2
-9
-10
-10
-10
-5
-14
-13
-12
-14
-6
-14
-6
6
-8
1
-3
3
-9
-5
-8
-14
-4
3
-10
-8
1
-9
2
-4
-5
-1
8
4
3
7
8
-2
6
4
2
6
8
14
17
14
10
6
10
5
9
20
7
8
5
6
7
1
2
3
3
12
8
8
17
-2
10
1
-5
1
-6
3
-10
-11
-4
-3
-6
5
2
3
-12
-11
-3
-6
-12
-12
-12
-11
0
-8
-11
-2
-5
-1
-2
9
2
-9
1
-6
-12
1
4
-5
1
-7
8
-9
16
0
5
3
-2
-6
5
10
-3
11
1
-6
-3
-3
-11
-11
-4
-5
7
4
11
15
-2
4
-12
-2
-5
2
1
-1
-6
-7
4
1
9
-7
7
12
-8
21
1
1
-2
-4
11
3
8
-8
-1
21
-10
8
-2
-6
-5
-13
-4
-3
7
-1
2
-7
7
-8
6
-6
2
-20
-21
-5
-27
-1
-14
-6
-2
-7
2
-10
-6
-7
4
-5
1
14
8
20
-5
15
3
-2
17
2
-1
14
10
-6
16
11
-9
27
13
-19
14
5
0
4
2
3
0
22
4
18
19
10
10
14
12
3
-2
5
4
-12
12
10
-6
4
3
-4
-5
-9
12
-14
3
13
-1
7
-1
1
-10
8
1
5
9
5
-5
-1
-19
-4
-16
7
-18
-10
-8
-1
-2
-6
9
-32
6
-7
-17
-4
-7
-12
-29
13
-6
-5
14
-12
1
-17
-8
-9
-3
3
-4
-15
-2
4
-15
7
-1
-6
5
-2
18
-17
3
2
-4
19
7
7
1
14
-6
7
10
-2
16
-6
6
14
-5
5
-11
-2
-18
-7
-3
-11
-1
-1
4
-10
2
-10
-3
-1
-9
3
-11
2
-6
-10
22
-4
-24
9
7
-5
19
-4
7
-2
-6
-6
-9
12
-8
-9
6
2
-1
21
11
-6
3
-2
0
-4
-10
4
-8
7
1
1
2
-22
8
12
-4
28
13
29
11
18
-7
14
9
-8
4
1
26
-28
4
7
-26
7
-13
9
1
-2
4
3
3
-4
27
-31
0
-3
-36
17
-15
-4
4
-3
2
-6
-10
4
-6
4
-3
34
-12
-4
5
-16
-14
-15
-7
-29
15
-31
16
-32
7
20
-18
6
5
-7
-3
37
-10
-1
10
-17
7
-26
-10
4
6
10
-9
7
-26
22
-19
-7
6
-19
14
2
5
-10
25
-6
-4
11
-5
7
12
1
2
11
4
2
-19
5
-7
6
11
0
0
9
-10
30
13
18
15
12
12
-16
29
1
3
11
5
9
12
-22
3
-5
-20
8
4
12
28
-6
16
-30
1
-9
20
7
6
24
-20
18
10
-48
-6
26
-28
26
30
-12
-10
25
-16
-15
5
6
-9
-13
22
-4
11
2
11
-13
-7
16
-42
8
-20
-16
-6
-10
-18
23
-16
-33
23
-40
-5
-3
3
-6
-5
12
-44
6
-5
0
-5
8
-7
14
3
7
2
-14
13
-16
9
6
-13
16
4
21
-16
-3
-2
-17
-4
21
14
11
-5
10
13
1
1
11
11
-23
31
22
-3
2
6
17
-5
43
-26
15
-5
0
-20
-5
3
-14
29
-33
21
-25
4
5
-24
0
-7
-4
-19
13
-22
-6
-17
-26
-2
-10
19
-16
-9
-9
2
-3
-17
-12
-4
-14
7
-9
0
7
-36
1
7
-8
21
13
3
-28
23
-1
-16
14
-18
11
-40
2
-13
-28
9
-7
-6
7
32
-1
29
6
-6
6
4
-5
7
-14
19
-3
-11
7
-13
-21
27
5
-1
44
-2
17
-22
10
-20
7
8
7
25
-19
30
-11
20
21
-2
4
9
13
15
48
-4
3
12
-20
26
-14
22
-12
19
-7
7
33
-19
28
-30
31
-10
11
13
7
20
-7
-1
-13
15
-15
-18
-3
-15
-11
7
-24
3
-23
0
-41
9
-34
-1
16
-7
13
10
20
-12
-9
-16
3
-30
0
-5
-22
-11
4
-31
-4
-41
2
-23
-3
26
-12
22
-4
-8
13
-8
2
-6
-5
13
-18
-4
39
-34
-18
24
-8
30
26
36
-6
8
19
7
3
16
-7
1
-12
1
5
-17
50
-28
7
31
-15
20
-8
10
2
2
8
1
30
-16
11
-10
-27
-5
30
-23
7
6
-20
42
-16
-14
-3
-15
3
-9
5
11
-24
-3
-8
-30
10
-18
-7
0
-16
16
6
0
-30
1
-9
-13
8
1
-2
12
1
8
-14
-14
30
-19
39
-15
-39
31
-4
21
-8
11
11
-9
15
23
-7
29
22
-3
33
-25
26
-6
6
-4
2
22
4
9
9
-27
10
-21
7
-21
-4
15
-34
-11
-14
-14
2
-8
-25
2
-6
2
-17
-3
5
-12
17
7
-16
-13
32
-17
6
-13
29
-29
6
-10
-18
2
5
-15
23
2
-2
40
-36
13
-28
7
-2
7
-14
-5
-3
10
-18
22
-29
49
-70
41
8
-24
14
23
-8
-4
22
-45
50
-29
9
18
-57
24
-16
-2
3
-17
37
-63
61
-9
-6
17
-20
37
-34
-4
11
-4
-29
48
-33
-1
71
-26
6
35
-32
21
15
1
-6
5
26
-33
15
10
13
1
-11
6
8
-2
-16
-2
11
-47
10
-6
-26
12
9
6
-20
28
-17
-9
20
-23
-11
2
30
-23
-11
10
-2
-4
12
-5
-4
24
-3
-7
37
-29
39
-18
-17
20
-15
39
-31
-12
-3
-4
-2
-13
28
-34
22
28
-31
18
-17
9
14
-4
3
5
12
-27
-2
-19
20
18
-21
43
-5
-14
-7
-15
-6
-12
17
-3
12
15
16
35
-36
44
-3
-3
33
0
-25
23
-47
-19
8
11
6
-13
16
-10
20
-22
-16
5
-20
24
-23
2
-21
23
-39
7
-32
-14
22
-12
-3
-13
-1
-9
24
-9
-1
-5
18
-8
12
-21
-10
7
-17
13
-13
27
5
3
5
-4
3
6
-19
3
4
-18
22
-3
-16
23
-31
34
-22
-3
21
0
23
-43
17
3
-6
27
30
-15
22
-11
7
-11
3
18
-10
22
-6
22
-41
19
-41
40
-2
11
15
15
17
-12
22
-35
-2
16
-12
22
-8
10
-6
-27
-23
-17
18
-11
-12
-5
-5
-9
7
-11
28
-45
36
-32
21
-3
-14
-24
-13
-22
-34
54
-26
11
-30
5
23
-19
14
-2
-8
-6
7
-23
-5
19
-7
0
-6
-12
-1
40
-15
-12
27
-14
-15
-3
26
9
7
15
-7
-3
-21
-24
30
1
2
24
17
-3
0
16
-4
10
12
13
7
5
0
14
-14
11
-9
-18
48
2
20
-6
7
-22
-4
33
-22
-13
-1
-6
3
-7
22
11
22
-22
-6
-26
-4
-17
4
-10
-40
-36
14
-25
5
-2
21
15
5
-18
-2
27
-16
29
-18
27
-17
-11
10
-17
-7
28
18
-17
-15
-12
-38
15
-3
-2
26
1
19
2
-2
-1
-5
-16
-8
8
7
4
16
3
-19
-13
10
38
-11
15
13
-10
0
20
-26
9
-5
-19
10
15
-8
-15
5
-26
37
-9
-13
1
-38
-9
22
-8
-15
-2
18
-23
8
5
3
-14
-13
28
10
-14
19
26
-46
2
4
10
-8
26
-32
21
2
-6
33
-2
28
-12
10
27
-19
11
21
4
-8
7
11
-6
-10
13
-3
15
12
13
24
-9
-21
-11
27
-6
-1
24
-7
-11
-1
-13
-14
-14
-11
20
-2
-13
-16
-12
28
-39
10
-14
0
-4
7
18
-3
-6
2
-1
-18
11
-30
18
0
-10
37
-5
-1
-23
8
8
10
5
-33
37
-12
-19
-8
-24
-13
-21
-35
6
14
-15
-26
-4
-28
-13
1
9
-23
10
-9
-4
1
-17
5
-12
-28
-3
12
0
16
-19
-5
-10
24
30
9
25
8
-12
18
13
16
-5
10
6
-10
-4
-13
-20
-8
5
-6
21
26
11
-23
-24
4
8
30
15
10
11
-11
5
44
-18
8
12
13
-5
23
32
28
11
-4
12
-4
14
11
-2
-5
-8
-31
9
16
-13
-2
16
15
21
34
15
40
41
29
56
41
28
42
59
39
45
46
32
22
14
20
28
9
-4
-11
1
-19
-15
-21
-49
-32
-60
-93
-55
-85
-100
-83
-72
-135
-153
-95
-130
-110
-142
-98
-97
-116
-111
-43
-42
-83
-22
-52
-45
-52
-41
-25
-14
-71
-27
23
-24
-15
-3
12
-8
26
35
54
67
25
68
81
80
67
74
50
57
18
30
71
34
35
106
125
180
232
242
255
260
246
321
383
365
345
326
302
276
276
238
233
177
129
114
107
33
-8
-45
-101
-178
-200
-188
-194
-232
-325
-317
-372
-401
-380
-376
-386
-418
-398
-372
-347
-350
-313
-291
-274
-287
-232
-155
-145
-144
-125
-68
-5
0
60
149
170
160
177
206
201
163
193
240
213
164
150
129
57
23
12
18
-25
-58
-93
-88
-137
-167
-160
-118
-170
-173
-147
-131
-151
-180
-155
-180
-180
-201
-121
-123
-162
-177
-151
-102
-47
-14
17
39
0
16
48
72
70
55
78
90
107
255
524
742
859
912
964
1006
1055
1159
1286
1400
1352
1281
1167
1048
896
723
581
436
301
176
69
-105
-366
-668
-872
-977
-1070
-1115
-1144
-1206
-1354
-1490
-1551
-1564
-1509
-1414
-1285
-1166
-1117
-1047
-943
-791
-679
-554
-345
-165
-19
111
226
302
390
494
651
739
742
733
697
648
552
535
540
454
433
439
458
416
275
140
25
-7
1
32
31
-86
-286
-410
-485
-474
-449
-420
-363
-383
-402
-354
-301
-275
-288
-269
-214
-169
-146
-153
-158
-221
-256
-231
-179
-136
-135
-131
-126
-94
-41
46
105
107
137
149
257
471
914
1446
1893
2087
2087
2089
2066
2139
2308
2560
2666
2468
2043
1624
1245
857
505
284
41
-277
-596
-887
-1258
-1717
-2151
-2369
-2379
-2366
-2339
-2359
-2464
-2652
-2800
-2691
-2383
-2094
-1828
-1604
-1425
-1251
-1033
-723
-376
-104
129
426
705
882
975
1053
1129
1287
1433
1572
1587
1368
1129
926
755
571
446
413
354
133
-39
-237
-294
-307
-328
-174
-67
-41
-57
-102
-72
-116
-68
59
180
242
135
61
-4
-9
-1
88
135
74
-110
-269
-327
-429
-485
-510
-498
-553
-673
-740
-756
-755
-757
-715
-569
-491
-365
-288
-144
-53
29
295
701
1408
2097
2637
2783
2641
2553
2648
2942
3184
3383
3299
2825
2168
1543
1176
810
409
7
-380
-754
-1246
-1692
-2140
-2560
-2954
-3088
-2946
-2862
-2908
-3066
-3172
-3196
-3073
-2763
-2290
-1885
-1684
-1485
-1210
-905
-575
-200
213
553
824
1085
1325
1437
1381
1338
1409
1570
1685
1665
1441
1055
731
466
330
162
-46
-259
-423
-592
-638
-670
-587
-491
-410
-169
84
297
386
492
589
717
879
1026
1054
1031
852
704
646
622
605
547
376
144
-168
-386
-526
-681
-836
-995
-1130
-1241
-1351
-1444
-1457
-1462
-1388
-1300
-1154
-980
-823
-705
-524
-321
-50
231
528
866
1450
2253
2921
3300
3206
3141
3159
3330
3577
3753
3716
3264
2480
1711
1237
849
379
-76
-589
-1110
-1667
-2190
-2593
-2977
-3352
-3530
-3415
-3289
-3270
-3415
-3482
-3423
-3222
-2814
-2261
-1802
-1542
-1382
-1163
-775
-332
123
552
906
1103
1276
1447
1540
1468
1379
1420
1605
1732
1594
1240
785
457
314
353
348
156
-212
-563
-796
-823
-675
-519
-443
-342
-73
233
535
612
675
777
981
1333
1635
1716
1532
1130
860
834
927
966
818
446
-16
-379
-565
-648
-862
-1153
-1407
-1573
-1653
-1711
-1815
-1905
-1950
-1865
-1655
-1333
-1137
-988
-843
-663
-347
29
370
601
746
950
1375
1985
2828
3420
3704
3584
3345
3334
3484
3697
3721
3555
3118
2409
1556
915
471
1
-490
-972
-1447
-1986
-2606
-3108
-3438
-3647
-3746
-3657
-3538
-3502
-3636
-3692
-3490
-3124
-2654
-2175
-1711
-1425
-1255
-1042
-640
-120
399
840
1179
1333
1341
1361
1431
1546
1640
1704
1762
1707
1432
1058
677
475
433
469
374
133
-254
-646
-848
-883
-740
-546
-425
-379
-256
111
436
660
809
1013
1304
1441
1607
1668
1629
1456
1202
1107
1119
1004
715
387
30
-350
-659
-852
-994
-1219
-1500
-1722
-1818
-1927
-2032
-2089
-2015
-1825
-1649
-1348
-1083
-903
-820
-591
-163
259
623
860
1059
1237
1413
1731
2205
2871
3488
3835
3861
3526
3342
3289
3377
3389
3294
2968
2269
1333
502
-47
-469
-898
-1372
-1847
-2431
-3102
-3607
-3834
-3921
-3968
-3979
-3864
-3771
-3792
-3775
-3490
-3050
-2587
-2178
-1713
-1338
-1095
-804
-345
222
729
1120
1415
1671
1728
1731
1807
1959
2084
2061
1975
1916
1742
1410
1059
810
692
612
412
138
-210
-547
-706
-790
-770
-719
-711
-750
-743
-592
-246
198
526
758
891
991
1103
1242
1408
1523
1519
1394
1199
935
656
399
155
-60
-320
-631
-919
-1195
-1427
-1627
-1734
-1791
-1841
-1902
-1882
-1802
-1616
-1397
-1102
-823
-566
-314
-71
227
592
903
1122
1325
1454
1695
1848
2112
2333
2728
3274
3578
3637
3254
2927
2792
2797
2812
2684
2333
1625
718
-155
-639
-939
-1309
-1750
-2285
-2802
-3318
-3692
-3873
-3850
-3873
-3915
-3805
-3614
-3449
-3336
-3095
-2699
-2246
-1863
-1441
-1037
-699
-375
15
522
950
1235
1460
1668
1822
1934
2073
2227
2238
2030
1781
1643
1641
1536
1333
1079
800
513
243
-14
-234
-427
-622
-694
-678
-689
-775
-926
-1009
-812
-477
13
453
685
690
506
512
766
1096
1375
1506
1364
1043
657
443
422
364
170
-39
-327
-632
-953
-1191
-1254
-1275
-1332
-1432
-1445
-1442
-1425
-1350
-1131
-828
-602
-442
-266
-105
126
381
701
985
1121
1172
1213
1308
1470
1586
1703
1858
2156
2564
2743
2670
2289
2037
1951
2036
2063
1958
1577
841
51
-553
-784
-931
-1225
-1621
-2071
-2504
-2854
-3031
-2988
-2896
-3012
-3128
-3084
-2929
-2747
-2557
-2290
-1942
-1682
-1563
-1302
-1018
-718
-349
62
512
768
778
800
962
1202
1481
1674
1772
1706
1490
1362
1422
1572
1556
1404
1094
846
651
449
308
149
3
-157
-317
-369
-296
-354
-500
-579
-487
-219
8
200
313
353
307
235
406
636
817
825
722
581
330
124
70
104
75
-85
-274
-497
-711
-899
-909
-775
-747
-861
-984
-1052
-1008
-920
-742
-533
-384
-356
-339
-207
5
205
343
520
645
682
689
738
833
904
969
1161
1454
1933
2237
2362
2153
1863
1812
1883
2048
2112
2009
1584
935
249
-102
-143
-230
-469
-940
-1500
-2010
-2343
-2404
-2343
-2388
-2612
-2813
-2926
-2950
-2896
-2649
-2335
-2084
-2011
-1896
-1719
-1528
-1287
-911
-427
-30
137
202
360
604
907
1238
1496
1616
1601
1589
1711
1934
2053
1968
1786
1572
1458
1413
1332
1163
899
635
421
243
122
19
-155
-349
-458
-538
-571
-578
-521
-413
-350
-282
-237
-183
-141
-85
22
203
252
140
5
-60
-37
-1
51
34
-78
-289
-506
-542
-471
-405
-413
-531
-650
-743
-796
-704
-617
-538
-492
-430
-333
-262
-149
-48
87
205
315
483
597
631
597
666
796
1019
1202
1455
1865
2095
2133
1900
1737
1741
1885
1960
1987
1875
1457
826
177
-121
-141
-253
-489
-924
-1439
-1963
-2310
-2366
-2227
-2200
-2396
-2585
-2740
-2765
-2718
-2512
-2228
-1979
-1841
-1715
-1491
-1234
-1004
-724
-373
-69
226
452
680
845
953
1123
1342
1558
1602
1650
1703
1795
1769
1640
1468
1311
1251
1216
1176
1015
742
409
157
31
58
147
144
-5
-247
-408
-416
-315
-157
1
77
55
-65
-154
-122
24
175
228
171
35
-112
-250
-355
-382
-396
-452
-603
-766
-879
-916
-892
-866
-823
-812
-804
-807
-736
-629
-563
-452
-341
-187
-46
73
226
407
565
662
717
818
963
1086
1149
1118
1044
984
943
938
952
1021
1148
1216
1226
1108
953
850
797
803
744
684
454
152
-207
-463
-557
-635
-718
-896
-1109
-1328
-1459
-1457
-1345
-1267
-1333
-1408
-1439
-1372
-1248
-1055
-889
-793
-807
-834
-749
-595
-463
-398
-341
-300
-254
-233
-180
-125
-51
-4
76
106
132
189
283
461
593
670
681
678
710
830
979
1133
1199
1131
1033
1003
1097
1240
1265
1148
930
726
625
579
532
484
366
149
-71
-228
-316
-388
-470
-588
-683
-805
-909
-999
-1088
-1141
-1175
-1167
-1141
-1097
-1072
-1024
-943
-848
-707
-549
-327
-128
27
159
242
319
420
576
742
876
913
881
784
721
688
744
775
745
634
467
327
235
183
134
101
-2
-144
-287
-392
-433
-448
-450
-427
-387
-361
-331
-262
-144
-6
83
135
183
215
253
323
455
580
584
507
425
402
376
385
390
353
276
125
-2
-90
-170
-190
-229
-265
-336
-424
-470
-464
-469
-507
-496
-476
-415
-372
-324
-264
-254
-269
-212
-98
38
137
146
140
118
124
122
121
131
95
36
-56
-172
-317
-399
-424
-433
-461
-513
-563
-580
-594
-585
-520
-478
-438
-409
-329
-210
-142
-130
-96
-35
88
234
353
471
520
539
587
658
728
783
834
853
882
870
816
735
641
596
615
633
559
447
312
213
124
49
7
3
-61
-205
-304
-343
-363
-416
-447
-459
-439
-430
-478
-553
-616
-646
-624
-567
-518
-539
-595
-641
-635
-565
-522
-480
-452
-413
-387
-352
-295
-238
-184
-137
-48
34
129
174
189
230
317
449
567
665
742
855
940
1032
1145
1247
1326
1357
1378
1380
1368
1338
1284
1227
1136
1042
941
822
686
508
310
136
-24
-180
-329
-491
-640
-828
-996
-1153
-1246
-1293
-1367
-1427
-1504
-1514
-1490
-1455
-1460
-1422
-1367
-1271
-1170
-1106
-1029
-1003
-963
-871
-715
-576
-494
-452
-386
-305
-221
-126
-24
82
99
105
151
254
356
434
477
475
487
514
571
634
690
732
770
760
748
742
752
791
814
867
867
856
789
722
726
726
691
620
549
497
412
313
272
205
156
71
-18
-90
-206
-315
-386
-400
-438
-502
-585
-649
-674
-682
-666
-636
-577
-569
-586
-544
-468
-384
-313
-256
-185
-85
-2
79
154
184
187
206
284
403
469
497
490
437
368
347
393
453
467
431
347
283
222
161
146
124
88
27
-15
-37
-69
-116
-173
-241
-242
-240
-261
-255
-279
-315
-342
-321
-267
-201
-181
-157
-163
-145
-128
-112
-19
59
104
123
95
91
98
112
130
151
141
102
58
51
78
85
100
101
82
68
37
18
37
32
9
-33
-67
-99
-151
-178
-199
-199
-227
-250
-246
-253
-267
-313
-332
-322
-285
-283
-308
-335
-361
-353
-339
-327
-315
-327
-325
-316
-289
-272
-244
-237
-167
-113
-90
-68
-69
7
86
173
233
250
260
254
267
333
424
488
476
428
376
349
392
438
473
479
442
388
336
291
268
276
313
344
318
264
188
155
142
134
177
214
204
120
30
-21
-25
-56
-98
-133
-164
-183
-245
-278
-299
-308
-350
-377
-360
-338
-309
-313
-276
-251
-238
-206
-167
-73
7
90
136
150
162
162
213
297
399
438
438
393
383
392
403
426
416
410
373
321
237
182
154
137
93
32
-40
-106
-166
-242
-300
-345
-384
-459
-537
-580
-591
-621
-653
-671
-686
-666
-627
-613
-625
-653
-638
-564
-472
-371
-347
-359
-360
-298
-183
-51
30
72
100
114
164
239
319
370
424
453
462
438
417
425
452
464
457
428
381
316
258
231
226
247
217
174
108
39
9
43
59
78
83
28
-22
-75
-75
-4
70
107
96
27
-30
-56
-37
40
63
70
28
3
-23
-21
-40
-25
11
34
71
63
44
-4
-22
10
84
122
121
106
81
65
83
85
85
77
50
51
57
38
13
-1
-10
-26
-27
-24
-28
-77
-121
-130
-116
-100
-124
-162
-225
-228
-217
-190
-183
-237
-270
-264
-211
-179
-163
-174
-151
-112
-123
-122
-114
-103
-74
-34
20
42
20
-4
-18
5
61
116
122
100
69
49
64
93
135
154
150
125
95
73
87
99
102
99
60
39
-7
-41
-41
-51
-48
-94
-159
-222
-260
-245
-241
-210
-174
-182
-211
-224
-230
-182
-137
-77
-23
2
-7
-28
-21
25
114
175
211
188
149
142
189
284
374
413
381
320
305
338
403
467
525
542
490
414
360
316
316
331
351
340
291
172
46
-36
-36
-8
-23
-34
-121
-230
-343
-393
-373
-354
-359
-387
-442
-510
-566
-585
-531
-452
-415
-410
-424
-464
-488
-438
-347
-259
-200
-193
-193
-158
-127
-44
35
108
134
125
130
121
152
192
238
268
279
266
246
232
203
214
229
245
248
196
170
144
134
141
124
115
81
64
43
25
-10
-50
-25
-14
-30
-61
-100
-108
-117
-151
-156
-138
-132
-132
-139
-146
-152
-157
-156
-124
-86
-79
-76
-91
-90
-100
-91
-56
-32
-10
1
-15
-8
4
10
53
77
101
125
136
147
189
217
227
244
232
236
238
259
310
345
335
301
271
267
269
249
224
210
175
130
73
34
-9
-51
-79
-106
-136
-194
-247
-261
-265
-263
-265
-276
-299
-296
-286
-266
-236
-229
-221
-230
-221
-192
-148
-101
-69
-59
-46
-33
7
47
74
107
118
142
149
133
136
114
96
91
94
92
51
15
-48
-90
-128
-139
-134
-157
-203
-247
-237
-237
-195
-185
-180
-157
-147
-143
-132
-79
-66
-41
-16
11
46
59
113
149
185
222
251
255
258
286
299
313
302
297
284
278
267
235
210
186
178
146
112
99
66
45
27
-7
-31
-77
-111
-112
-81
-56
-71
-104
-166
-183
-180
-139
-96
-77
-74
-104
-133
-143
-131
-111
-96
-85
-92
-93
-111
-115
-122
-85
-45
-32
-40
-43
-51
-46
-6
34
73
52
21
4
32
88
131
134
111
89
75
87
155
193
206
211
175
187
171
159
170
198
228
191
142
113
68
18
-16
-15
5
0
-73
-178
-239
-275
-268
-240
-227
-234
-277
-314
-343
-371
-347
-307
-286
-272
-280
-286
-288
-289
-234
-193
-168
-143
-132
-113
-77
-50
-24
20
65
123
164
162
163
178
214
268
316
301
286
276
275
308
306
304
276
243
212
193
203
215
212
182
137
112
105
87
103
75
49
17
-38
-73
-83
-85
-84
-95
-114
-140
-188
-203
-204
-182
-169
-177
-175
-203
-202
-182
-154
-115
-95
-83
-105
-91
-96
-97
-72
-32
17
50
50
35
33
33
64
98
153
192
201
169
151
161
170
178
182
197
197
171
148
159
153
141
133
120
107
57
31
13
10
2
-25
-31
-39
-66
-95
-92
-72
-75
-102
-123
-127
-124
-149
-158
-156
-142
-150
-169
-182
-181
-186
-196
-183
-161
-150
-170
-181
-171
-155
-127
-118
-118
-101
-88
-91
-104
-84
-69
-43
-9
13
18
10
14
25
64
93
102
108
113
112
130
132
146
185
209
217
188
163
148
158
165
196
198
156
93
37
23
43
66
46
23
-33
-81
-84
-81
-50
-46
-67
-73
-89
-104
-87
-73
-51
-31
-32
0
11
35
63
73
105
128
125
130
129
134
156
182
195
171
126
83
58
60
69
56
30
-1
-24
-53
-68
-57
-67
-71
-95
-95
-89
-82
-76
-69
-58
-47
-42
-45
-46
-61
-72
-84
-73
-55
-47
-60
-85
-95
-106
-118
-104
-98
-92
-107
-127
-161
-173
-177
-177
-150
-120
-96
-105
-121
-131
-107
-51
7
40
45
24
32
55
110
146
160
155
159
157
148
150
128
141
137
125
110
84
51
14
-14
-24
-27
-34
-57
-72
-111
-110
-129
-138
-135
-151
-149
-143
-137
-137
-108
-86
-75
-54
-46
-22
22
52
78
105
123
139
143
156
172
189
213
208
201
174
156
163
164
162
164
154
125
90
57
41
42
50
58
46
6
-28
-42
-17
7
28
38
24
-2
-7
5
30
66
56
47
11
-1
-26
-40
-34
-62
-49
-102
-134
-159
-191
-203
-217
-218
-223
-232
-251
-258
-258
-237
-217
-208
-193
-167
-148
-119
-85
-31
8
44
85
119
136
159
206
248
284
306
309
291
280
264
268
267
253
228
183
128
75
28
-25
-56
-80
-126
-161
-199
-232
-264
-289
-305
-293
-290
-281
-276
-271
-259
-259
-230
-190
-140
-119
-125
-107
-79
-48
11
67
99
100
89
90
120
159
188
178
168
159
159
152
146
159
140
137
129
119
93
95
114
120
123
111
99
100
116
117
136
153
153
156
162
157
175
174
179
186
177
166
143
117
82
52
34
0
-26
-69
-125
-175
-226
-248
-274
-289
-304
-327
-353
-384
-388
-370
-352
-322
-302
-282
-266
-229
-194
-155
-85
-31
26
64
80
115
142
205
232
261
287
295
302
288
291
281
261
245
222
192
141
94
49
14
-15
-53
-104
-139
-174
-217
-223
-247
-264
-265
-266
-248
-244
-240
-224
-208
-174
-134
-92
-65
-71
-58
-25
-1
55
90
125
130
112
114
115
138
153
165
158
129
98
77
51
55
57
56
45
8
-4
-33
-28
-28
-14
21
33
38
27
25
29
42
66
88
113
122
99
90
94
103
118
136
135
105
76
36
13
4
-4
-12
-40
-65
-111
-142
-162
-174
-154
-163
-150
-153
-160
-152
-143
-126
-92
-52
-22
-10
-7
20
54
82
126
145
153
155
166
181
192
221
225
205
172
160
151
160
150
116
65
1
-37
-55
-64
-67
-97
-139
-179
-208
-225
-229
-239
-241
-231
-239
-251
-263
-271
-259
-237
-205
-169
-156
-139
-134
-109
-84
-37
2
41
56
57
55
65
79
95
117
142
131
104
103
97
104
108
115
127
110
92
97
99
115
106
102
124
134
143
132
125
131
133
141
147
135
104
93
82
82
76
53
29
12
-8
-42
-54
-76
-111
-137
-171
-187
-204
-213
-207
-218
-225
-237
-238
-222
-200
-190
-163
-133
-122
-98
-73
-38
-8
29
58
108
133
166
190
219
238
259
267
281
290
290
297
270
269
246
226
228
194
156
111
75
45
7
-13
-44
-68
-103
-141
-173
-204
-216
-230
-237
-234
-255
-268
-271
-260
-239
-215
-205
-189
-164
-150
-116
-98
-77
-63
-32
4
9
18
19
27
37
38
56
69
52
37
29
42
37
36
28
16
-1
-9
-9
9
13
12
5
6
14
13
16
8
22
32
43
47
49
53
52
71
80
88
75
64
54
51
52
53
50
32
9
-19
-19
-39
-47
-58
-65
-65
-84
-85
-89
-93
-78
-54
-46
-47
-60
-45
-14
18
46
64
76
93
113
131
152
180
201
202
205
215
215
207
201
189
192
196
170
154
125
90
54
25
9
-26
-56
-102
-127
-171
-179
-205
-227
-244
-271
-280
-281
-278
-275
-262
-251
-234
-228
-197
-173
-141
-118
-98
-72
-39
-8
25
63
78
95
103
124
136
158
173
178
173
165
158
148
139
116
94
87
83
70
39
7
-22
-44
-63
-75
-86
-99
-109
-112
-120
-130
-128
-134
-123
-118
-102
-95
-95
-92
-81
-75
-58
-46
-40
-31
-39
-29
-16
14
26
26
22
23
31
35
46
62
72
73
63
46
50
68
77
92
124
131
122
120
125
134
157
176
199
198
189
193
191
204
207
217
220
205
193
170
155
146
123
101
69
21
-17
-54
-78
-125
-143
-185
-217
-245
-265
-275
-303
-295
-300
-297
-295
-296
-288
-278
-252
-238
-206
-178
-160
-141
-115
-88
-41
-1
29
59
73
98
104
116
138
155
179
180
178
182
182
175
185
171
165
162
136
116
89
73
56
41
42
24
-5
-29
-42
-44
-53
-52
-59
-64
-99
-110
-110
-105
-106
-97
-108
-131
-141
-148
-134
-122
-96
-96
-93
-98
-97
-93
-79
-72
-44
-42
-35
-23
-29
-21
-8
26
49
61
76
92
111
113
124
139
167
180
187
196
199
187
186
194
179
178
155
136
126
91
84
69
45
20
-9
-23
-50
-66
-82
-109
-113
-125
-151
-151
-159
-160
-156
-136
-129
-118
-109
-115
-106
-90
-62
-36
-9
5
20
40
29
44
57
71
74
74
79
61
51
44
50
54
61
42
25
5
3
-2
-3
1
1
-5
-20
-23
-40
-46
-54
-43
-27
-34
-33
-38
-44
-46
-38
-32
-19
-17
-19
-13
-27
-31
-22
-16
-21
-30
-36
-46
-56
-56
-65
-63
-66
-55
-48
-48
-49
-61
-52
-56
-33
-29
-19
-2
10
25
55
60
87
107
103
110
81
62
18
-28
-47
-60
-41
-11
33
78
121
143
164
170
154
129
93
63
21
-20
-43
-70
-78
-69
-75
-48
-24
10
23
51
69
66
67
58
28
7
-51
-87
-71
-91
-15
-14
-18
-2
-69
-67
-82
-65
2
25
93
145
176
211
224
215
202
150
126
96
58
63
47
58
56
53
63
41
4
-8
-34
-59
-68
-109
-113
-131
-136
-106
-95
-80
-83
-106
-129
-139
-180
-186
-218
-244
-252
-244
-214
-163
-101
-43
41
64
87
70
15
0
-33
-22
-19
-15
-5
-13
-15
-10
-6
8
7
15
47
71
102
146
166
180
186
146
119
67
24
-9
-7
-7
4
21
26
17
19
18
23
27
25
30
52
33
30
-3
-46
-74
-123
-124
-151
-130
-109
-84
-76
-50
-65
-75
-65
-80
-53
-42
-22
3
35
51
74
63
69
69
87
93
97
106
103
80
77
75
46
58
43
45
66
82
94
112
122
132
127
122
97
85
34
64
41
48
35
-17
-36
-105
-94
-99
-85
-58
-34
-29
-39
-61
-88
-109
-133
-122
-106
-97
-68
-52
-71
-35
-61
-71
-61
-49
-75
-39
-48
-17
-6
16
-1
-21
-20
-45
-16
-11
14
0
5
-48
-59
-52
-51
-27
-47
-44
-42
-50
-20
-40
-52
-60
-57
-27
-27
-19
-40
38
35
65
59
64
64
26
50
20
71
96
73
98
58
77
70
87
50
11
39
-11
80
12
75
30
-10
-25
-38
-19
-40
14
-23
28
-1
7
-26
-27
-19
-67
-3
-33
30
52
51
72
31
74
51
32
13
48
63
81
105
71
103
48
29
36
-23
22
-14
32
-21
12
-41
-41
-50
-50
-27
-70
-2
-61
-26
-43
-15
3
18
28
-34
18
10
39
24
52
55
4
61
-14
50
9
3
-4
6
45
9
38
-33
-14
-81
-45
-68
-97
-77
-76
-108
-145
-153
-152
-113
-140
-124
-125
-146
-99
-90
-114
-42
-86
-72
-33
-27
0
6
30
21
46
38
109
43
54
134
18
131
76
138
128
116
107
51
95
59
59
45
52
29
5
41
-2
12
-1
42
19
1
44
-16
-3
31
7
45
1
-6
17
-20
12
40
45
21
47
-2
7
-4
-22
-2
17
20
-1
15
2
20
-29
-19
-3
-65
-23
-4
-9
-26
28
-20
-23
-22
-48
-31
-6
2
-20
-5
-73
-38
-84
-67
-35
-50
-19
-18
12
-1
46
-9
45
7
10
32
46
47
47
70
5
-21
2
-42
-5
2
20
8
32
17
-2
49
2
56
8
54
31
0
-20
-46
-71
-103
-66
-104
-105
-88
-103
-53
-115
-82
-63
-33
-72
-19
-32
-32
35
-30
-2
-15
-18
-2
3
15
10
21
40
18
19
-13
-7
-47
-8
54
32
71
78
18
8
24
28
41
72
25
33
27
-8
13
-27
17
6
2
33
44
32
70
42
27
24
30
15
32
75
45
73
76
71
65
113
78
76
90
-10
39
-13
1
-18
-44
-95
-103
-118
-113
-45
-41
5
-5
-37
-105
7
-120
-5
-22
-68
39
-26
16
-38
-7
-90
-38
-43
-44
-28
-15
10
-71
22
-2
0
49
-10
79
-23
89
64
55
99
25
42
18
46
-64
28
-13
26
0
14
-5
-30
-17
-52
4
-44
69
-13
87
26
56
41
-21
6
-42
36
-16
16
-37
4
-25
-33
12
-106
53
-43
-37
28
-67
5
-72
-12
-85
-47
-43
-67
-60
-64
-37
-61
20
-28
2
22
18
-8
-33
23
-35
1
5
43
21
70
42
32
50
63
20
96
54
74
109
73
63
65
51
21
24
-26
67
0
40
34
-48
38
-48
14
35
-31
45
-33
56
-39
3
0
16
13
-18
52
-58
35
-25
-23
-36
-93
6
-86
11
-21
-90
-32
-134
-39
-86
13
-36
-14
33
-60
18
-139
-42
-108
-61
-32
-91
49
-92
11
-71
41
40
14
112
7
126
42
137
45
32
87
-13
96
24
40
34
7
52
-25
69
51
43
27
-5
-58
-36
-52
-42
-15
-59
-2
20
-67
9
-91
-111
-78
-39
-69
-2
-40
-39
0
-60
-14
-129
-19
-97
-21
-56
24
62
-30
85
20
40
16
64
-5
55
127
2
186
60
47
16
-10
-20
41
61
16
111
-51
69
-72
-35
47
-11
94
13
73
12
76
11
22
64
42
83
26
60
-25
27
-42
-23
-3
-48
22
-27
-34
-24
-67
-89
-60
-82
-99
-35
-95
-67
-74
-95
-71
-70
-63
-44
-23
-57
-13
-45
-51
-76
-43
-35
28
9
87
55
20
28
-11
4
50
30
94
94
56
48
6
51
0
34
-3
27
48
18
44
17
43
-36
-8
-28
36
72
-41
59
-51
6
7
-6
10
-18
44
0
53
11
54
14
-40
7
-31
-47
-12
-13
-22
2
-19
-35
-28
-32
-16
-44
23
8
-10
-29
-11
-24
6
-3
43
8
8
76
-43
60
36
28
16
13
44
-42
48
20
-19
-24
9
14
-8
122
19
73
29
19
20
-18
65
-32
47
50
-20
4
-41
-44
-18
-58
66
-48
8
-16
-35
-16
-20
44
-25
73
5
2
16
-45
39
-58
65
31
30
23
-45
15
-85
22
-90
-18
-13
-92
-11
-28
-6
-29
-31
-80
-96
-50
-80
-11
-13
-42
-21
-104
-92
-55
-66
-12
-6
-50
-74
29
-85
-23
31
-54
30
-46
21
4
-19
0
-75
-34
-35
55
42
17
99
-23
-9
-17
5
5
89
82
33
133
28
77
77
26
114
0
91
66
44
129
32
88
8
101
20
22
89
27
105
21
81
21
21
48
-69
35
-90
-31
-71
-34
25
-69
41
-95
-46
-61
-60
-29
-111
-36
-113
-24
-46
-19
-27
-23
8
-41
-8
-55
55
10
106
111
61
106
31
52
-31
0
5
13
39
26
60
-9
-14
-56
-61
-37
-59
13
-16
-2
6
2
-1
-55
-38
-69
-59
-58
-26
-16
-7
-49
-50
-74
-63
-75
-40
-15
-24
22
2
24
80
-23
43
9
-19
37
0
36
-7
37
-43
48
-48
27
-1
-33
55
-49
40
-26
29
2
2
28
-42
69
-12
49
-6
52
26
43
124
26
113
1
59
12
-32
58
-14
43
1
-14
-79
-19
-58
-28
0
-63
11
-32
-11
-27
-36
-37
-44
-21
-3
23
12
6
-12
-15
62
33
48
42
73
15
72
33
33
44
44
42
-5
47
19
82
-32
81
-25
-72
39
-71
42
-25
-4
-41
-49
-27
-115
-6
-95
-17
-35
-76
-4
-45
-73
-18
-32
-72
-28
28
-3
41
2
-6
-19
-51
-25
-2
22
5
4
30
7
31
10
-14
38
-68
48
-52
2
-7
-43
44
-5
4
21
41
42
36
60
-12
75
32
39
19
-5
60
-60
34
-30
24
11
-24
23
-81
75
-27
9
-14
-40
-17
-67
-57
-95
-4
-74
-2
6
-50
41
-38
-8
-21
-26
-4
-2
24
-64
100
-33
65
55
-8
62
16
44
5
68
15
59
61
6
50
6
34
31
-20
0
-8
34
-32
71
-39
-5
18
-31
-6
8
27
-24
35
-8
26
1
32
0
6
-20
-54
-10
-46
-6
-31
-11
-47
-36
-54
-2
-30
-25
1
-15
16
-35
-29
-11
-57
-42
-55
-46
-11
-77
10
-37
-19
-17
6
-7
3
-6
-7
-7
-12
11
4
24
28
0
40
8
74
56
62
93
49
140
47
91
46
18
15
-40
-12
-38
-53
15
-8
-13
9
-24
-3
-45
-24
-48
15
-23
21
25
-25
-45
-56
-25
-74
-28
9
-6
58
9
43
59
-23
40
12
22
0
73
-22
21
2
-70
19
-10
14
-3
24
6
5
12
-24
15
13
-28
14
-21
20
11
-3
-22
-6
6
-30
14
-5
17
42
-4
31
-29
-20
-27
-2
-21
-34
13
-53
13
-1
-11
42
-15
9
-1
-48
-15
-31
-37
18
-15
-36
-26
-50
-7
-9
-50
8
6
62
12
62
34
-29
-8
-44
-8
71
30
73
45
19
43
-11
48
-10
37
-10
29
36
45
-4
12
-19
-79
-12
-27
32
12
-6
20
-52
-20
-27
-78
-43
-76
-33
1
4
14
-11
-42
-24
-39
-31
29
16
45
42
40
26
6
15
6
-25
18
-40
35
-5
16
23
3
40
-22
34
-47
56
-17
30
7
50
23
20
70
-42
68
-32
18
-8
-46
37
-18
4
-18
8
11
-46
70
-40
15
4
0
20
-15
56
-45
-17
-35
9
-15
-16
41
-37
-41
-32
-65
-41
-27
-39
-47
9
10
32
20
0
43
-36
13
-1
-32
24
18
-11
13
1
-26
2
-34
19
-27
1
20
7
38
-8
25
-1
-38
-17
-35
-46
-6
-39
0
-13
-2
24
3
-36
0
-47
-44
13
0
27
-57
17
-60
-62
-17
-95
-22
-12
-13
5
-7
3
19
1
1
42
19
34
19
38
70
41
81
58
64
50
14
40
19
2
39
20
30
96
48
64
13
20
14
19
33
38
89
37
60
-8
15
-5
-4
-2
5
43
-9
49
-13
-48
-23
-66
-52
-59
-41
-32
-56
-16
-42
-1
-36
-36
3
-32
-15
9
-2
-18
11
-60
-34
-30
-40
-32
-35
-37
8
9
13
-8
-1
-23
6
29
22
25
18
-4
-17
13
-17
7
2
3
0
-23
-6
-14
-8
18
11
30
5
-8
-14
-60
-46
19
1
55
35
-11
26
-16
-43
26
-15
-38
-60
-31
-32
-42
-11
-35
-45
-44
-21
-55
-11
-6
-17
27
28
16
-12
33
32
6
29
5
63
-8
22
22
22
38
16
40
14
108
13
38
26
-15
31
1
44
31
25
33
44
-10
-10
38
36
27
55
11
-9
-36
-37
-39
-40
-37
-19
-21
2
-3
1
33
31
4
13
26
37
17
-5
0
-36
-23
-30
-11
-4
-55
-22
-14
-20
41
7
-23
41
-29
-3
18
-31
15
-17
1
-17
-11
-41
6
-10
0
27
3
2
-37
-16
-9
2
-43
-6
-32
-38
-41
-35
-20
11
21
-5
19
-22
-12
-24
-26
-24
-24
18
16
-24
-26
-43
-24
-54
54
22
36
98
14
86
22
44
29
38
29
8
31
-20
30
-9
-19
-22
-26
-27
-8
-11
26
11
6
-27
20
-39
-28
-36
-60
15
-57
-6
9
11
-22
2
-50
-44
-43
-7
8
-3
-4
4
-2
0
2
-9
21
26
34
13
96
36
72
46
40
58
14
11
12
17
-11
0
-31
16
6
-5
12
27
-4
34
50
49
62
63
40
64
34
2
4
-13
5
-14
-21
-41
2
-27
15
-26
-33
-2
-3
-14
-23
-20
-11
-3
-25
-2
-42
-60
-8
-73
-44
-30
-29
-38
-62
-23
-48
-34
-20
-51
-25
-23
-46
-28
-20
-7
19
-23
-5
-10
-19
36
46
56
66
22
-23
-8
-46
23
1
17
18
-22
-3
-27
-11
14
-7
29
1
33
-1
1
21
-63
9
-48
-31
8
-1
-29
41
22
-12
62
-7
2
-22
-9
-7
5
21
25
61
34
73
7
31
36
27
12
32
65
-34
52
-22
-50
-25
-35
7
-33
54
1
63
21
-8
40
-50
58
-9
36
49
63
65
35
55
-2
33
12
4
61
13
65
26
-11
35
-45
-32
-46
-17
-56
-24
-31
-47
12
-48
-6
-33
-27
-44
-61
-47
-46
-30
-51
-57
-1
-40
25
-9
-10
19
-48
-5
-10
24
0
58
-9
9
-6
-43
-12
1
-5
29
-9
7
8
-43
-6
-36
-13
-43
33
-47
-1
0
-39
-1
-53
-39
-36
20
-20
9
3
-10
-11
-17
-26
-10
-5
-9
32
-24
19
10
-1
49
-10
14
21
-16
21
6
51
18
-11
38
-29
46
34
53
28
45
31
27
22
32
26
0
77
-6
-9
21
4
23
6
7
17
-25
51
-24
-12
2
-34
-10
-33
11
-20
6
13
-23
-18
3
21
-12
31
-29
-19
-3
-49
14
-35
5
4
-6
32
-1
0
3
2
-8
11
64
52
53
91
57
69
37
-18
15
19
-14
34
2
21
10
-86
-45
-95
-91
-74
-38
-40
-44
-27
-45
-57
-39
-46
-37
-25
-30
-24
-13
-6
-11
-4
-30
20
-50
-16
13
-31
14
-7
20
5
-1
-17
-39
-32
-59
1
12
42
72
8
31
29
-19
-10
17
16
26
82
19
52
41
20
28
5
37
14
51
20
61
47
32
54
-28
30
12
-10
38
-14
11
-29
11
-42
-4
-38
-23
4
-41
20
-36
33
-35
1
7
-10
8
-41
-11
-4
-12
17
-15
12
31
-31
-1
8
-8
42
21
18
33
36
44
22
11
-24
-7
-20
2
9
10
25
16
0
-22
-7
-31
-40
-23
-25
-27
-10
-20
6
-7
16
-2
-4
-4
-5
13
0
9
-7
-16
-24
-5
-34
-51
-31
-24
-43
-45
15
1
-9
29
-35
15
-1
13
-5
-33
21
-4
-24
-14
1
-21
4
-19
-13
-16
37
17
18
41
30
13
16
16
-2
-5
-20
12
2
41
50
31
8
-17
-40
-68
-41
-47
5
40
26
-9
-7
-34
-49
-25
-13
8
36
-9
-11
-43
-61
-19
-40
-8
-9
57
26
66
41
54
40
22
37
13
40
38
52
25
38
30
14
22
10
-15
5
-20
-4
-23
9
-19
15
-26
-27
-16
-32
10
-20
13
-23
-11
-19
35
20
37
37
30
-31
8
-39
-54
-15
-43
22
16
50
21
40
10
3
3
-10
19
31
29
12
-13
-42
-42
-70
-61
-23
7
-15
15
-32
0
-7
-11
10
26
-24
0
10
-44
13
-27
18
-16
11
-4
-1
-13
-12
10
-2
-6
22
-1
6
0
-35
-24
-49
-19
-54
7
-62
-17
4
-25
9
3
-16
-33
-28
-5
10
19
-2
38
28
-5
34
0
39
-2
55
22
47
41
4
49
-5
30
18
23
37
-5
38
-5
12
14
-1
31
6
36
-3
39
28
33
29
-6
31
-10
11
16
18
7
-11
3
-26
-21
-19
-21
-2
-19
-6
-13
3
-25
-11
-27
4
4
-12
18
-34
1
-42
10
-46
-28
-11
-37
-3
-47
-24
-38
-21
-22
-27
-1
-22
-7
-16
8
4
1
33
4
16
4
19
-5
7
-22
-25
-4
-19
-10
12
-2
5
19
-7
14
11
1
-3
-9
6
-27
5
7
-25
-15
-20
-9
-16
6
-2
12
-2
20
9
-2
18
-15
13
23
7
12
22
29
24
19
16
-4
-14
-20
6
-37
-7
11
3
6
6
-40
-30
-21
-38
23
14
30
49
32
-1
14
-25
9
26
8
-7
12
5
-6
32
18
10
18
23
28
51
12
52
25
12
20
-19
12
13
-5
1
-1
-23
-13
-1
4
-8
-19
-6
3
-29
-20
-21
-23
-12
9
17
1
21
9
-1
0
-37
6
5
-9
16
2
18
-6
-13
-37
-8
-29
-34
15
-10
21
-13
13
-33
-6
-28
-40
16
-35
18
-21
26
-10
-11
0
-21
18
-10
4
-14
5
-11
-15
-4
-28
6
7
4
-9
-14
8
-4
27
36
37
24
-18
-13
-28
-16
-8
8
12
0
-3
1
4
-25
-12
-32
-7
0
1
15
-17
-9
-1
16
14
-12
19
-42
-5
-13
-4
24
-7
21
-28
9
-10
19
18
-26
6
-14
-8
2
-3
44
7
-4
14
11
32
19
35
-6
31
4
-9
44
-11
28
13
23
18
57
29
30
33
14
29
19
40
17
13
1
-4
-21
-30
17
-2
-9
0
-34
-1
-24
-8
-28
-23
-20
-52
3
-45
-22
-20
-22
-14
-29
-9
-8
-2
-18
-10
-11
-11
-30
-19
0
6
-5
-10
3
-25
-32
-19
-22
-45
7
-43
-21
-6
2
7
-3
-2
-3
35
18
35
18
6
24
0
4
4
10
14
-9
25
8
37
14
16
18
0
39
24
51
26
10
-18
-17
-21
-15
16
-11
3
-20
-9
6
-12
1
-23
-2
-21
5
17
-1
26
-2
7
1
-13
12
15
-5
23
23
20
27
25
-4
-5
-3
-9
10
9
18
-5
-9
7
3
-9
6
10
18
15
4
15
6
-14
-4
3
-9
1
-4
4
15
15
30
17
0
5
-8
-12
3
-14
1
2
-18
-34
-38
-42
-60
-40
-36
-24
-23
-6
-24
-25
-42
-45
-6
-42
-22
-14
-5
2
0
3
12
13
22
5
17
18
17
27
20
15
7
4
-10
3
-7
4
-16
15
30
18
42
1
38
-9
-12
-8
11
6
24
22
11
14
-19
-21
-17
-36
-19
12
-2
6
20
10
8
29
-4
16
4
-14
9
21
20
17
5
-15
-5
-21
-15
0
-8
1
-7
-4
-30
3
7
-10
-7
-37
-4
-13
-2
23
12
27
-5
-16
4
2
2
8
-6
-11
10
8
26
13
-20
0
-2
1
2
9
4
8
16
-3
3
-18
-32
-32
-17
-22
10
-1
15
21
-1
10
5
4
-4
0
16
22
44
30
31
4
-14
-36
-33
12
8
32
14
49
11
19
-11
-28
-2
-11
8
6
25
-5
2
-19
-39
-37
-57
-41
-28
-2
-11
10
0
-2
18
4
18
-15
6
-8
1
18
-5
37
-12
-2
-21
-34
-23
-13
9
-6
16
6
26
5
0
8
-26
4
-31
-14
-17
-22
11
-11
27
-9
4
3
1
10
7
14
13
22
3
-11
-15
-9
-36
-39
-24
-8
-12
33
26
18
38
15
5
3
-4
4
14
10
9
6
-6
-20
-11
-41
-20
-30
-25
11
7
15
1
25
27
22
12
-9
9
10
5
30
21
26
8
-25
-16
-27
-29
-26
-25
-15
11
15
13
34
30
38
14
6
10
9
-5
12
1
-16
-13
-16
-31
-19
-24
-17
-11
-2
6
16
47
18
38
20
15
34
25
30
13
3
4
-1
4
-1
15
-3
-19
-8
-21
-13
-14
-8
-15
-3
-9
-27
-2
-24
-8
4
-6
7
5
11
2
14
-2
-27
-26
-38
-11
-25
-5
-8
-21
18
-7
18
11
19
17
-1
14
6
22
7
-7
-6
-36
-32
-38
-37
-2
4
4
14
7
-1
7
-5
-4
-2
-2
-6
11
-9
-2
11
0
-17
-3
8
5
28
4
22
24
-3
18
-17
-28
-41
-30
-11
-7
21
9
27
8
11
29
19
22
3
4
-1
0
5
3
20
-18
2
-5
12
1
15
1
5
6
-3
13
2
-2
-27
-6
-28
-22
-14
1
-3
0
22
16
17
16
-5
4
-23
2
-9
8
13
5
-15
-27
-29
-52
-8
-7
7
17
42
24
23
23
16
9
-19
-12
-16
-4
10
22
17
14
-12
-6
-14
3
15
1
6
-8
-3
-2
-7
-10
2
4
0
-1
2
1
-1
-19
-9
-18
-16
-17
-24
-17
-11
12
0
22
15
13
6
-13
16
-3
1
9
6
-2
3
-11
-21
-8
-30
-8
-10
3
-8
-2
2
-3
-8
-7
-7
-14
-10
0
4
18
0
-11
8
4
10
1
1
2
4
-1
13
16
-4
6
-7
-8
-11
17
7
10
3
-9
-11
-18
-21
-20
-4
-18
11
11
13
1
6
5
9
-2
-6
16
1
27
25
30
26
12
31
23
13
25
10
-13
2
8
3
-3
-8
-11
-8
-1
-6
8
16
14
32
2
3
5
-3
-4
-7
-10
4
14
-2
-9
-7
-12
1
-6
4
3
5
10
9
8
-10
-25
-27
-12
-25
-6
-9
-8
1
-25
-8
-14
-10
-6
-1
-1
-12
-3
-19
-7
-8
-13
3
8
1
13
21
0
6
-3
-6
-1
-19
-2
-9
-6
-4
9
12
12
12
-14
9
-7
18
17
5
5
-16
-5
-29
-2
-30
-20
-7
-32
-7
5
14
11
18
17
9
-2
-14
-19
-2
-12
13
-6
-5
-5
-16
-5
-26
-4
-3
20
25
23
12
9
-5
13
4
9
20
22
23
14
20
-1
-5
-7
-4
-4
6
1
15
-8
-16
-11
2
1
16
20
9
4
-6
-15
-13
3
-4
1
-2
15
15
5
-6
-17
5
-19
2
-13
-14
-9
-28
-17
-19
-3
2
-13
-7
0
17
22
7
23
17
14
10
0
-15
-3
2
-5
-1
-2
-4
8
1
13
33
32
14
21
3
6
22
-4
17
-2
-4
-13
-8
-8
5
3
14
7
6
31
20
12
5
0
-29
-10
-18
-20
-14
-10
-19
-10
-13
-7
-8
-8
-18
-5
7
1
15
-19
13
-11
2
-4
-26
-8
-19
5
-9
16
12
9
21
12
-7
-22
-17
-17
-14
-9
-9
-16
-23
-10
-15
-11
-6
2
16
6
-4
-5
-7
-13
-15
-17
2
-2
-13
-10
-13
-18
-11
0
8
12
15
13
9
10
15
5
3
9
12
22
10
-2
3
-2
12
4
23
15
14
11
22
19
15
16
0
-2
-3
7
-7
-3
-6
-6
-12
0
4
12
13
-8
-5
-9
-3
2
-16
1
1
0
13
4
4
2
1
-9
1
-6
-7
5
-1
1
-6
-7
-4
-7
2
7
12
4
3
2
-1
-4
-8
-9
-8
4
-4
3
-4
-4
-6
-16
10
-1
3
7
3
0
-10
-1
-19
-23
-11
-13
-4
-9
-9
-1
-7
-10
-8
-6
-5
-6
-14
-3
-5
-9
2
1
2
0
5
14
14
19
7
20
11
12
23
21
22
5
22
14
14
21
17
25
0
-4
12
1
-5
0
10
11
7
-1
-11
-7
-10
6
2
6
3
7
7
4
-9
-9
-1
-7
3
-3
9
-2
2
-17
-8
-3
-5
7
-7
-5
-7
-11
-11
-21
-21
-9
-6
-4
4
-4
-5
-14
-10
-7
-9
1
4
7
13
-4
2
-3
7
7
-2
1
-3
-10
-12
-5
-9
1
6
-6
4
-11
-14
-9
-2
-2
-4
7
-2
6
0
2
4
-9
-1
-6
-11
-13
-8
-14
-2
-7
0
-2
0
3
-20
0
-11
4
7
4
9
1
1
4
5
7
17
8
6
2
2
10
4
9
8
5
10
1
2
0
8
7
6
7
4
5
-7
-9
1
8
-3
2
11
8
16
11
10
3
9
13
8
13
-3
0
-10
-3
1
-3
14
6
-1
-3
5
4
-5
-5
-2
3
-2
3
3
-3
-6
-11
-7
0
0
0
-12
-4
-2
1
-5
-2
-4
-2
8
6
4
6
8
3
-4
-8
-4
-11
-17
-14
-12
-14
-9
-15
-14
-23
-16
-10
-12
-19
-12
-15
-19
5
-8
-8
-7
-10
-9
-8
2
-2
0
-8
-9
0
-8
-7
-10
-7
13
18
14
23
20
14
27
14
7
17
9
13
10
5
3
-10
-7
-9
2
1
1
1
3
11
12
8
-3
-3
-1
10
8
6
1
4
4
2
-1
1
0
2
-3
4
0
9
8
2
4
4
5
8
5
2
6
3
10
12
13
7
8
13
14
12
16
10
13
14
7
-4
0
-4
7
7
7
9
9
6
-4
1
2
5
10
1
2
4
5
-3
-12
-20
-19
-25
-24
-31
-27
-20
-19
-6
-13
0
-14
-6
3
4
-4
1
-4
3
-4
-8
-1
-8
-10
-9
-12
-12
-9
-7
-9
-8
-10
-14
-17
-12
-17
-5
-9
-8
3
-12
3
4
9
0
0
1
0
3
6
14
8
8
-12
-3
-2
-2
0
5
15
9
8
10
8
-2
1
1
2
1
7
12
8
2
3
-2
-5
-3
13
8
3
6
0
-2
3
-10
-1
3
5
7
5
14
12
13
8
6
6
11
6
6
2
4
13
8
-1
-1
-5
-6
1
-1
8
1
-4
0
-7
-4
3
8
4
7
5
0
-3
-7
-4
-3
-5
-9
-13
-11
-6
-2
-9
-12
-3
-6
-5
9
9
5
2
1
7
7
3
-1
5
3
-10
-9
-5
-4
-3
4
2
-3
-6
-2
-4
-2
-2
-4
-6
-5
-8
-6
-10
-15
-13
-10
-1
-2
-2
2
0
5
9
7
9
-2
7
4
1
6
6
11
3
-1
-6
-7
-8
-9
-7
-10
-5
-10
-10
-4
-8
-3
-6
-2
-4
-6
-4
0
-3
6
10
-1
8
5
7
-2
1
1
2
6
1
-2
3
7
7
-2
-5
-5
-7
1
-2
2
-1
-1
-4
1
-6
-3
4
7
5
0
7
-4
3
1
2
11
6
7
7
3
6
6
7
7
-3
-2
9
9
8
4
6
5
13
12
0
13
-1
5
8
-6
7
3
-2
10
1
5
1
6
1
3
0
-5
-2
-5
2
-7
-6
-7
-1
-11
2
2
3
9
7
3
3
3
-2
3
2
0
1
9
0
-1
-5
-3
-3
4
4
4
4
12
0
0
-2
-4
-3
-9
-14
-7
-9
-13
-10
-12
-6
-3
-3
-8
0
0
0
4
-4
-8
-1
-5
1
2
-2
-4
-2
1
-5
-9
-8
-7
-15
-13
-6
-10
-7
-5
0
8
6
5
3
2
3
-8
2
-3
2
-7
-7
-10
-11
3
-2
5
-3
-1
1
4
-1
9
8
4
1
-1
2
-3
3
3
-5
3
10
3
4
-3
2
7
4
2
6
5
14
10
8
8
1
5
1
1
-2
-2
-7
-7
1
-5
-8
-9
-3
2
-2
-1
0
-2
5
2
2
2
-2
7
5
4
6
8
3
6
10
7
1
3
-1
-2
0
-10
-8
-5
-5
-6
-6
-9
-5
0
-4
1
-7
-6
-7
1
2
1
-3
-3
-3
-6
-5
-2
-3
-8
-4
-19
-9
-10
-8
-10
-9
-1
-5
-9
-14
-3
-1
1
-7
0
3
3
7
10
7
16
17
12
12
9
6
10
9
12
16
13
14
6
7
13
14
16
11
3
3
-1
3
-2
7
4
-5
-10
-5
-4
-5
-4
-6
-2
-5
1
-5
-10
0
-6
1
3
-5
-2
0
3
7
-4
-3
2
-4
-2
-4
-4
5
3
-2
-2
-6
-3
-7
-1
4
-2
3
1
-4
-1
4
-1
5
-1
-6
0
-10
5
1
3
2
-9
0
-4
5
-7
-4
-7
-9
-4
-10
-2
2
-1
3
3
3
1
-1
-2
-1
1
-6
-4
-10
-10
-17
-17
-14
-4
-4
-3
1
-3
4
-2
8
4
11
12
6
12
1
7
10
11
16
15
15
20
9
7
15
11
15
9
16
18
7
12
13
5
6
10
2
11
8
11
15
3
5
-8
0
-12
-6
-6
-7
-8
-16
-15
-13
-11
-16
-6
-11
-2
-2
-12
0
-5
-2
-2
-7
-4
-7
-9
-12
-11
-11
-10
-4
-6
-3
-12
-11
-13
-10
-9
-15
-8
-16
-5
-9
-4
-11
-2
-4
-6
-4
-12
-2
-2
2
7
6
-1
0
-6
5
2
0
4
5
7
4
6
-1
4
0
2
10
5
5
4
6
5
1
9
6
4
10
5
13
4
4
7
3
11
9
9
11
6
2
1
1
-2
3
6
7
2
2
3
3
8
5
0
-3
8
11
9
7
5
6
0
-4
-4
-9
-5
0
-2
-3
-7
-4
-4
0
9
3
8
2
5
5
7
-3
-6
1
-2
-1
-1
-5
2
-3
-4
-2
-7
2
6
1
-6
0
-5
-8
-8
-5
-10
-14
-14
-8
-5
-5
-2
-10
-6
2
-2
1
3
0
-5
-7
-1
-4
1
-2
-3
1
1
0
-3
6
1
-7
6
0
-5
1
-9
-5
-5
-2
-4
-2
-4
-4
-9
-8
-5
-3
-5
1
-3
0
7
4
1
-5
10
-1
1
-2
-4
2
-5
6
2
3
2
4
12
2
0
-6
-5
0
-7
-7
-7
-3
-9
-9
-1
-4
0
-7
-2
-1
-2
-3
3
3
11
6
7
13
4
3
7
4
3
8
8
7
4
0
10
5
3
5
4
11
15
16
10
15
15
14
10
15
9
8
10
12
6
9
4
5
2
0
-2
2
4
5
6
1
10
-2
10
3
3
2
-5
-2
-1
3
0
1
-6
-2
-5
-3
-2
-5
-3
-9
-10
-6
-4
-12
-6
-8
-3
-13
-9
-11
-7
4
0
-4
-1
-12
-9
-1
-8
4
-4
-3
0
-1
0
5
4
4
7
6
0
4
5
0
2
-5
-8
-7
-3
0
-6
-6
-7
-3
0
-6
-4
-4
-7
-9
-7
-7
-11
-10
-6
-7
-8
-8
-13
-10
-16
-11
-10
-10
-10
-11
-11
-9
-10
-6
1
2
7
7
2
4
10
8
12
8
5
14
13
5
5
3
5
5
7
7
5
5
13
5
7
7
12
10
5
10
14
8
11
18
15
15
10
7
3
10
3
1
0
0
3
0
-6
-1
-7
-3
-11
-9
-2
-10
-3
-7
-6
-10
-8
-8
-12
-10
0
-2
3
-5
-3
-5
-3
-4
-1
-2
-5
-7
-8
-2
-9
-10
-16
-10
-11
-8
0
1
2
0
-2
4
-1
-1
-4
-1
0
-7
-5
-6
-6
-5
-3
-3
-3
3
-3
1
2
3
3
-1
9
2
-3
-2
-6
1
1
6
13
9
9
10
9
12
7
7
16
14
16
9
13
16
8
7
6
10
13
8
11
10
10
10
2
5
0
-2
4
3
-3
-8
-4
-3
-6
-9
-7
-9
-14
-14
-11
-13
-11
-13
-13
-7
-23
-18
-14
-13
-2
-12
-6
-10
-2
1
-5
5
5
6
4
5
3
4
1
6
-2
1
0
1
1
0
5
5
3
4
3
2
10
8
2
8
13
12
12
7
11
10
10
12
12
14
15
12
9
8
5
9
6
3
4
-2
1
1
-5
-3
-6
-10
-15
-7
-10
-10
-7
-5
-3
-13
-14
-20
-9
-11
-6
-9
-5
-7
-8
-4
-14
-9
-6
-6
-3
-4
0
-3
-1
5
-4
4
3
1
7
2
5
-1
-1
-1
2
6
8
7
14
10
4
7
2
6
3
1
2
1
4
1
1
6
3
-3
-6
-4
0
3
1
-6
-7
-9
-10
-3
-8
-13
-11
-11
-6
-4
-7
-4
-3
2
5
-1
1
-3
4
2
1
6
-3
0
-6
1
0
-5
-5
2
0
5
0
-5
4
5
-1
-3
-4
-5
-1
-5
-4
-8
-4
-4
-1
0
0
5
8
-1
-1
4
0
2
-3
-6
1
0
3
-1
4
-4
-1
-1
-2
2
0
-4
-3
6
8
7
5
8
5
4
8
7
5
7
8
6
10
3
5
4
-1
-4
-6
-3
-2
-3
0
-1
-4
-4
1
1
-4
2
10
12
9
10
8
4
10
6
2
-1
-4
0
4
2
1
1
2
5
3
10
9
5
7
10
9
9
12
8
12
6
3
7
8
5
-2
-4
-1
-4
-4
-2
-6
-5
-9
-6
-11
-7
-9
-10
-10
-4
-4
-8
-6
-13
-13
-10
-7
-7
-14
-16
-16
-11
-13
-19
-14
-18
-13
-20
-11
-9
-8
-6
-5
-4
2
-1
2
0
3
0
5
10
4
5
2
5
7
9
8
8
10
12
14
9
7
7
6
11
9
6
5
4
3
1
-2
-1
-5
0
-2
0
2
6
-1
5
0
-6
4
-6
-4
-1
-3
-2
-3
-1
1
-7
-6
-10
-6
-6
-6
-9
-6
-10
-3
1
-2
4
0
4
5
4
8
-1
6
7
6
11
-1
2
4
6
14
11
10
3
0
7
6
6
0
-1
5
-1
3
1
1
1
-5
-1
5
0
1
4
3
0
-4
-1
0
-2
-1
-3
-7
-3
0
4
3
4
3
-3
-3
-3
-5
-3
-2
-5
-6
-6
-4
0
-3
-3
0
0
4
4
1
4
4
5
2
0
1
2
5
3
3
9
2
6
-4
0
1
-8
4
-3
2
3
2
2
-6
-6
0
4
3
-2
-4
-1
-3
-2
-2
4
-10
-6
-8
-11
-10
-15
-9
-12
-14
-18
-4
-7
-9
-7
-6
-3
-8
5
-1
-2
-1
-5
1
-1
-1
5
8
1
6
5
5
4
6
5
6
7
4
4
-1
2
5
4
3
2
3
4
4
-4
-4
3
-4
1
-4
1
-2
-4
2
-7
1
3
3
3
6
1
2
8
8
8
6
6
-1
3
2
-2
1
5
5
2
5
1
4
10
6
8
7
4
7
0
2
7
8
10
2
7
4
3
8
8
5
2
4
-1
3
-7
-2
-1
2
-5
-6
-10
-11
-3
-11
-9
-7
-3
-7
-6
-8
-9
-6
-7
-2
-5
-4
0
-6
-6
1
0
-4
-3
-2
-6
-4
-5
-6
-5
-3
-4
0
1
0
-5
-2
-3
-5
-1
1
4
-1
0
-2
-3
-8
-1
2
-4
0
3
-2
-5
-7
-6
-5
0
-4
-4
2
-2
2
11
10
10
8
7
12
11
9
10
13
4
4
1
1
4
0
8
7
1
8
10
9
1
5
1
1
4
-5
0
1
-3
0
-2
-2
-6
-4
-10
-1
-5
-8
-2
-4
-1
-6
-4
-2
1
-4
-3
1
-4
-1
-1
-5
-5
-4
-4
-2
-4
-8
-3
4
-4
-7
-6
-4
-2
1
-4
-5
-5
-11
-5
-3
-1
-2
2
1
3
3
6
4
5
8
5
6
3
6
10
5
8
6
-4
3
4
1
6
-4
-3
-3
-4
5
2
8
-1
4
0
3
0
-2
-2
0
1
-4
-1
-1
-1
4
2
4
5
-2
-5
3
14
2
5
4
0
3
-2
6
-1
2
1
-4
-2
-4
2
3
3
0
3
5
5
2
1
3
2
5
9
-1
-2
0
-4
2
-2
0
1
-3
-2
2
-8
-9
-9
-13
-4
-5
-3
-11
-9
-7
-5
0
-4
-3
-1
-4
3
2
-3
0
-4
-1
-4
-4
1
-8
2
-4
1
-2
-4
1
-1
1
-3
9
-1
1
3
1
5
4
5
0
2
8
4
8
3
4
10
3
7
3
5
-3
8
2
-1
7
1
6
-2
2
5
7
9
5
7
8
13
10
5
7
2
5
8
-1
5
2
5
3
3
0
2
5
-1
-7
-13
-3
-6
-2
-3
3
-4
-5
-3
-8
0
-3
-1
2
-7
-3
2
3
5
2
2
-8
-4
-2
-8
-2
-9
-7
-10
-4
-7
-12
-7
-13
-4
-7
0
-12
-6
-8
-3
-7
-12
-6
-6
-1
-7
-4
-6
-3
-5
-3
-2
-3
-4
-3
-7
-5
-4
-9
-7
-7
-2
-4
-7
-7
0
-4
-1
0
-1
1
8
7
1
5
2
4
7
9
3
1
0
5
10
7
5
4
5
-1
0
3
-1
10
6
7
5
-2
2
9
10
6
8
5
8
3
1
4
-1
3
4
-1
-3
0
2
-3
1
4
0
1
5
10
6
-4
1
-1
1
3
6
-3
-2
2
-2
-3
0
-2
-4
0
-5
-5
-5
-2
-3
0
-2
-5
1
-3
-2
-4
-5
-1
2
-1
7
2
6
4
2
8
1
3
-6
4
0
-4
1
-2
-2
-2
-3
1
4
-4
6
0
-1
3
9
4
4
-1
0
0
-2
6
-2
0
-6
-4
1
-2
-2
-2
-2
0
2
5
6
9
5
5
6
3
0
7
2
6
