SAMPLES:	10195
BITSPERSAMPLE:	16
CHANNELS:	1
SAMPLERATE:	16000
NORMALIZED:	FALSE
18
15
16
14
11
7
10
9
5
8
9
1
-5
0
-1
-4
-2
-1
-4
-4
-3
1
4
10
10
7
8
1
5
-1
-9
-9
-6
-4
-6
-5
-6
-11
-3
-2
-4
-7
-9
-3
-3
-8
-7
-15
-10
-9
-13
-9
-10
-9
-10
-10
-10
-9
-7
-6
-7
-6
-4
-9
-3
-5
-6
-5
-9
-7
-6
-6
-11
-8
-3
-4
-2
-5
-4
-1
0
0
2
3
3
5
-4
-2
0
-4
-7
-10
-10
-6
-5
1
-1
-3
0
4
3
3
7
6
8
3
6
2
3
9
0
1
4
2
1
-6
-7
-1
0
1
3
6
4
2
5
2
1
-2
0
5
5
1
3
3
3
3
8
6
10
13
9
8
8
6
1
5
5
5
8
4
-2
-2
-4
-2
-7
-3
-5
-7
-5
-3
-5
-5
-9
-7
-3
-9
-7
-7
-1
-5
-4
-8
-9
-6
-6
-5
-6
3
6
3
5
4
2
-1
6
9
10
10
6
6
1
5
3
1
-1
-2
2
-2
-4
2
-1
-5
-5
-7
-1
-5
-7
-2
0
2
-1
0
-5
-3
-3
-11
-11
-13
-6
-9
-8
-6
-7
-1
-7
-4
-3
-1
-2
4
2
3
6
7
0
-1
5
0
-3
-2
-1
-4
-12
-12
-11
-11
-9
-8
-8
-3
-6
1
-1
1
1
-1
6
-2
6
1
7
5
3
8
4
6
6
9
11
12
16
13
15
12
9
9
11
10
16
16
10
10
15
14
8
7
11
10
9
8
12
10
8
10
5
2
9
8
2
6
6
4
6
6
8
11
7
10
5
8
10
2
3
7
5
4
2
0
-4
-5
-4
-1
-1
3
2
3
5
2
5
4
-1
3
-3
-4
-3
-7
-4
-11
-4
-9
-7
-4
-5
-3
-9
-7
-9
-8
-2
-1
4
-3
-2
-4
-7
-14
-14
-12
-13
-11
-16
-12
-19
-11
-12
-9
-4
-7
-7
-7
-13
-15
-13
-18
-13
-18
-19
-21
-17
-11
-11
-12
-4
2
36
31
9
4
-17
-23
-26
-34
-35
-29
-21
-19
-20
-19
-19
-18
-4
6
14
30
35
43
42
51
71
70
34
3
11
4
-12
-31
-43
-38
-39
-19
8
13
25
20
5
-10
-21
-39
-58
-83
-77
-74
-75
-60
-66
-42
-24
-26
-6
-1
18
34
37
47
48
67
70
90
101
112
116
115
113
96
73
69
55
62
67
38
28
23
23
16
6
-16
-18
-29
-59
-110
-153
-168
-135
-90
-44
-32
-50
-57
-42
-52
-75
-57
-27
-5
-27
-44
-34
-19
-14
16
72
112
132
109
87
73
58
64
73
50
49
37
3
-18
-38
-34
-1
6
-1
6
-2
-44
-71
-65
-32
-41
-33
7
4
-13
-3
8
36
74
48
83
119
134
114
83
69
72
66
2
-46
-89
-169
-218
-271
-283
-277
-289
-217
-104
-47
-39
-54
-65
-32
-20
-13
-4
-12
-27
35
105
106
155
158
195
221
197
168
126
38
-36
-48
-46
-36
-63
-35
-20
-60
-47
-11
26
61
22
-5
43
60
16
61
116
82
46
-10
-19
-1
-11
-23
28
35
-21
-48
-31
17
-8
-21
-3
8
-1
-27
-5
18
34
43
65
29
-10
17
56
69
57
50
65
63
22
6
23
5
-27
10
24
4
-8
-32
-18
-26
-64
-63
-76
-106
-118
-155
-151
-105
-89
-95
-48
-24
-12
-17
-30
-12
-35
-11
37
81
88
90
114
122
119
91
94
98
69
37
28
23
13
-31
-58
-56
-48
-74
-109
-101
-103
-107
-116
-101
-97
-96
-77
-41
-15
-8
47
72
92
121
110
109
104
100
87
70
57
50
32
37
29
18
0
-7
-35
-64
-66
-69
-88
-120
-99
-82
-61
-48
-47
-50
-58
-50
-27
-36
-34
-32
-43
-25
-3
15
19
38
52
67
84
94
102
64
55
47
43
59
53
27
-3
-37
-71
-70
-75
-41
-33
-13
14
12
-1
-27
-18
11
26
71
113
105
75
57
30
13
-1
8
37
25
25
-18
-42
-46
-42
-17
-11
3
-6
-43
-58
-59
-51
-21
8
36
37
35
25
11
18
9
8
4
-4
-29
-39
-36
-23
-12
6
24
24
28
9
-1
-4
-9
-3
-3
13
-7
-14
-10
-1
12
18
32
29
16
-18
-13
-20
-26
1
-3
-15
-32
-32
-19
-20
-32
-43
-36
-25
-14
0
-3
-17
-33
-33
-39
-41
-40
-30
-2
-7
-33
-30
3
6
-6
-18
-18
-2
2
-20
-38
-40
-38
-22
-6
-14
-3
3
5
9
8
11
29
43
60
64
65
80
70
41
5
12
77
87
38
-5
-35
-5
22
-23
-50
8
45
25
-22
-52
16
56
48
60
73
122
133
75
49
25
54
87
47
28
24
24
12
-14
-39
-34
-3
-21
-55
-36
0
24
34
41
43
53
48
37
34
23
18
14
-2
7
-22
-41
-27
-21
-5
-6
-20
-35
-42
-47
-48
-52
-63
-53
-21
-45
-71
-75
-57
9
26
27
27
25
42
12
-29
-57
-63
-34
-16
-59
-92
-84
-68
-68
-73
-78
-56
-48
-67
-79
-72
-76
-74
-52
-65
-55
-34
-14
-19
-30
-47
-53
-72
-50
-41
-50
-34
1
-17
-39
-4
-10
-15
-17
7
20
-6
10
67
54
24
-10
-2
41
37
52
48
33
25
17
25
41
61
72
81
90
75
72
60
66
61
59
65
54
55
61
72
49
61
67
69
81
81
87
64
60
75
34
27
36
63
70
68
65
56
50
64
70
55
47
53
50
14
5
25
19
10
16
-2
-13
5
19
9
11
-6
-2
-5
-20
-25
-43
-32
-21
-64
-90
-80
-85
-77
-75
-61
-57
-67
-66
-78
-75
-75
-66
-62
-67
-60
-66
-52
-50
-54
-50
-64
-61
-49
-46
-48
-45
-53
-56
-56
-59
-74
-82
-75
-68
-41
-41
-43
-45
-49
-41
-18
-24
-31
-38
-22
-16
-23
-21
-32
-18
-8
-11
-4
-11
2
0
-5
-1
-22
-22
-21
-17
-23
-34
-29
-28
-32
-17
3
14
12
14
21
21
40
52
60
38
23
18
15
31
32
32
28
37
44
58
58
54
55
62
55
64
87
88
92
80
78
92
92
103
100
108
118
122
123
115
103
92
91
91
86
89
95
90
82
72
60
34
11
21
20
15
29
26
38
25
2
1
-5
-3
-12
-8
-22
-16
-9
-20
-28
-38
-51
-62
-51
-54
-46
-54
-46
-48
-52
-43
-46
-43
-36
-22
-23
-15
-13
-39
-65
-73
-83
-94
-95
-92
-89
-75
-61
-76
-71
-46
-61
-49
-24
-10
-2
-14
-24
-14
-19
-19
-29
-40
-23
-31
-7
-24
-37
-47
-47
-37
-34
5
68
120
67
-68
-176
-120
-84
-148
-183
-208
-178
-94
-71
-89
-104
-57
32
69
43
-20
-17
7
11
69
66
67
80
28
37
45
35
15
17
47
67
28
21
51
13
-34
-33
10
26
47
30
7
51
79
90
109
183
241
295
233
167
123
14
-18
-24
-28
-61
-171
-250
-223
-258
-316
-288
-217
-120
-45
-91
-89
38
172
228
230
297
395
401
286
165
175
251
275
215
156
129
97
69
-6
-34
-25
-20
-11
35
7
-55
-114
-150
-135
-97
-57
-51
-21
-18
-30
-63
-48
4
42
52
49
27
-6
10
-7
-27
-6
40
41
12
16
23
-16
-83
-14
47
-15
-47
-32
-1
-64
-128
-100
-37
-36
-124
-173
-125
-82
-155
-251
-218
-85
-57
-143
-184
-135
-75
-93
-142
-109
-13
58
3
-70
-36
42
18
-42
-12
47
23
-75
-131
-124
-43
-83
-196
-132
-54
-87
-171
-178
-82
-1
-27
-83
-44
25
48
17
-31
-20
18
24
40
68
51
58
112
123
65
40
94
110
48
4
33
111
110
41
52
137
212
222
189
179
212
278
237
206
239
278
295
216
152
185
244
191
65
54
133
132
33
0
93
107
12
-41
23
77
74
-6
-58
44
165
177
103
77
175
208
128
87
168
283
228
119
107
129
97
17
-59
-50
-17
-61
-132
-194
-258
-294
-328
-377
-416
-427
-417
-414
-445
-480
-497
-451
-384
-382
-403
-402
-345
-306
-322
-334
-324
-245
-177
-164
-142
-111
-95
-112
-101
-54
-11
-28
-51
-31
5
2
-42
-6
89
152
138
107
106
165
187
99
60
152
245
197
100
94
154
150
72
66
138
174
168
117
82
138
160
120
72
100
185
195
135
95
116
139
100
78
78
115
129
93
86
57
55
57
57
99
123
97
40
66
158
140
91
105
181
202
136
104
125
150
153
128
111
142
146
134
36
-20
27
37
2
-29
-44
-6
39
66
103
130
123
97
90
84
129
200
237
280
268
226
195
153
128
64
25
4
-36
-100
-164
-252
-326
-362
-417
-450
-470
-493
-527
-576
-603
-614
-622
-625
-585
-506
-488
-517
-519
-445
-375
-408
-451
-375
-223
-178
-241
-256
-155
-54
-95
-142
-65
42
81
19
2
75
150
162
120
139
239
307
306
259
284
324
336
318
282
303
316
329
316
275
258
259
218
184
164
141
117
98
132
156
103
53
51
89
94
40
18
47
67
23
-17
-21
10
-17
-36
35
63
28
-7
11
51
64
62
110
187
195
135
119
167
182
155
163
173
174
137
111
146
166
127
74
46
59
50
7
36
157
288
356
272
154
159
250
328
369
407
486
480
383
294
281
299
226
124
92
66
-2
-162
-358
-491
-565
-642
-668
-660
-698
-781
-892
-948
-936
-883
-855
-801
-723
-705
-709
-676
-616
-536
-451
-385
-309
-239
-190
-166
-169
-152
-135
-74
17
76
81
62
89
150
182
217
251
306
323
297
284
309
368
416
407
361
325
303
292
276
280
259
258
247
175
110
75
18
0
46
100
96
43
1
-41
-21
41
66
94
109
130
124
78
66
112
134
127
188
198
173
150
148
180
186
213
248
241
206
204
211
174
145
138
188
205
134
81
79
118
112
35
0
21
68
159
271
424
488
358
237
266
405
575
639
607
564
529
463
343
276
273
211
132
-3
-144
-254
-439
-640
-763
-822
-847
-879
-992
-1109
-1226
-1305
-1303
-1277
-1242
-1209
-1156
-1088
-1018
-954
-886
-791
-651
-521
-422
-291
-199
-123
-69
6
90
197
306
407
492
511
506
531
593
669
692
629
577
552
561
545
526
497
425
327
217
134
118
94
42
-14
-61
-84
-122
-205
-265
-256
-221
-171
-136
-129
-154
-171
-166
-102
28
162
219
233
231
217
250
320
407
453
455
484
490
435
388
368
394
400
422
455
435
373
279
235
273
312
291
216
177
155
89
37
40
56
15
-6
123
316
485
502
313
191
255
439
643
769
770
692
586
472
392
412
386
250
108
-80
-265
-431
-651
-870
-1012
-1102
-1168
-1217
-1311
-1479
-1633
-1697
-1661
-1566
-1478
-1413
-1345
-1310
-1245
-1149
-1003
-800
-632
-517
-390
-240
-123
-31
94
228
386
495
571
623
658
687
735
844
928
945
916
824
791
811
794
726
612
513
435
345
208
116
43
-89
-262
-381
-437
-482
-535
-595
-623
-599
-578
-556
-511
-458
-370
-291
-206
-66
78
193
263
362
454
554
638
671
772
833
851
851
862
864
820
761
726
693
673
624
555
470
377
345
319
290
239
193
140
74
29
-40
16
288
532
675
558
267
171
328
543
763
844
731
561
408
279
219
271
235
97
-67
-283
-494
-713
-939
-1087
-1166
-1235
-1324
-1451
-1610
-1749
-1834
-1827
-1713
-1614
-1598
-1568
-1514
-1432
-1338
-1185
-1012
-813
-632
-522
-391
-249
-102
54
238
390
498
582
661
749
814
863
923
1018
1074
1104
1030
919
871
878
847
770
664
504
398
263
118
31
-25
-146
-303
-449
-562
-598
-646
-705
-727
-728
-708
-707
-716
-663
-546
-470
-360
-243
-109
14
125
248
399
579
709
809
869
916
965
1026
1052
1073
1066
1025
987
926
885
878
807
706
627
558
475
424
409
284
176
86
88
341
600
724
572
256
109
280
567
766
782
614
377
228
139
138
259
215
-61
-331
-571
-752
-849
-1015
-1175
-1287
-1405
-1548
-1661
-1748
-1840
-1860
-1821
-1715
-1628
-1653
-1664
-1580
-1445
-1251
-1032
-848
-682
-570
-482
-299
-22
236
374
440
511
575
679
791
895
1023
1076
1079
1068
1076
1124
1117
1099
1115
1109
994
803
635
512
470
412
253
79
-78
-266
-410
-504
-561
-600
-675
-798
-915
-938
-917
-871
-849
-818
-770
-720
-627
-494
-364
-233
-109
21
158
290
403
502
629
740
839
926
992
1022
1035
1024
1019
1056
1048
989
925
867
801
730
679
629
569
460
319
171
178
404
611
716
563
217
88
307
615
792
764
528
298
196
191
266
331
212
-74
-354
-564
-691
-850
-1047
-1181
-1290
-1436
-1599
-1770
-1872
-1879
-1857
-1802
-1748
-1756
-1793
-1752
-1575
-1322
-1084
-924
-831
-739
-596
-396
-72
209
376
483
505
596
751
892
1049
1184
1235
1248
1253
1276
1263
1283
1275
1258
1250
1175
1062
888
772
645
545
436
276
84
-119
-269
-410
-518
-625
-755
-910
-1038
-1106
-1097
-1022
-998
-1033
-1079
-1018
-881
-739
-577
-455
-392
-347
-259
-98
106
287
400
463
499
576
711
857
949
974
957
966
1023
1042
1022
978
928
906
873
807
737
663
548
448
367
490
735
816
694
365
109
206
585
778
733
495
184
21
71
184
223
160
-146
-460
-660
-767
-812
-936
-1070
-1188
-1341
-1522
-1660
-1786
-1863
-1836
-1756
-1698
-1710
-1809
-1879
-1699
-1417
-1160
-993
-939
-866
-724
-492
-179
118
276
341
401
537
755
946
1065
1111
1151
1208
1267
1414
1510
1492
1455
1400
1413
1409
1331
1159
1038
1009
912
744
511
275
98
-2
-57
-134
-292
-538
-760
-912
-942
-931
-921
-952
-1025
-1140
-1162
-1073
-950
-797
-723
-701
-674
-559
-389
-202
-13
116
209
290
384
515
656
774
823
857
885
907
920
921
907
901
915
887
819
739
672
652
615
531
423
471
678
764
683
423
159
210
503
680
604
398
150
7
59
154
175
86
-190
-463
-592
-656
-740
-885
-1032
-1152
-1259
-1444
-1585
-1685
-1754
-1737
-1700
-1659
-1713
-1811
-1834
-1659
-1357
-1157
-1103
-1105
-1021
-793
-520
-229
-11
76
116
209
442
723
920
971
980
1043
1126
1233
1353
1440
1418
1380
1349
1376
1392
1330
1219
1121
1122
1069
954
771
594
453
368
331
226
51
-192
-429
-564
-595
-595
-656
-771
-871
-962
-1010
-1003
-909
-809
-769
-758
-765
-696
-566
-421
-265
-153
-75
2
58
171
338
507
636
674
688
689
730
784
851
935
976
919
818
748
729
754
739
637
462
319
447
683
715
544
206
14
209
547
579
363
164
7
-32
74
144
99
-65
-343
-553
-603
-636
-752
-953
-1104
-1176
-1308
-1476
-1569
-1607
-1614
-1607
-1605
-1644
-1667
-1674
-1619
-1379
-1128
-1045
-1101
-1073
-839
-509
-220
-62
-20
5
113
320
590
821
891
861
878
970
1107
1198
1304
1341
1328
1319
1262
1276
1270
1245
1132
1068
1060
975
804
607
502
425
395
294
106
-75
-263
-399
-481
-490
-558
-674
-764
-812
-833
-857
-872
-847
-779
-758
-734
-712
-648
-521
-418
-358
-264
-163
-127
-22
122
301
414
457
478
522
626
702
819
906
958
933
852
809
819
866
870
807
655
456
382
584
795
769
537
184
95
412
678
567
313
127
14
36
132
177
107
-106
-385
-525
-515
-535
-707
-938
-1048
-1107
-1291
-1461
-1520
-1550
-1556
-1577
-1640
-1665
-1666
-1666
-1541
-1305
-1118
-1127
-1151
-997
-696
-386
-206
-128
-74
30
161
340
578
719
719
718
829
1018
1125
1127
1166
1222
1263
1276
1232
1241
1270
1205
1063
1024
1024
920
788
654
578
523
428
227
32
-65
-152
-266
-395
-470
-561
-710
-789
-825
-833
-871
-904
-923
-867
-810
-800
-760
-646
-520
-432
-337
-265
-204
-106
19
220
420
464
453
470
559
666
788
841
877
891
835
794
828
911
950
850
690
540
467
563
808
927
736
411
139
228
613
781
525
256
104
64
160
207
182
44
-182
-429
-540
-550
-629
-804
-997
-1063
-1155
-1382
-1576
-1603
-1529
-1487
-1556
-1686
-1735
-1710
-1658
-1470
-1197
-1102
-1167
-1187
-986
-634
-352
-234
-207
-92
73
235
431
616
685
686
738
867
1019
1076
1103
1187
1238
1295
1255
1223
1278
1321
1272
1131
1109
1055
945
789
685
652
565
419
194
31
-29
-143
-294
-400
-457
-554
-711
-819
-845
-839
-883
-918
-903
-881
-854
-861
-819
-701
-570
-470
-404
-345
-238
-104
60
256
365
381
379
431
566
695
780
782
766
802
789
806
833
861
830
735
632
514
492
595
791
798
597
291
107
319
682
703
402
186
107
128
232
261
186
4
-227
-426
-493
-479
-551
-759
-959
-1037
-1172
-1369
-1491
-1472
-1414
-1424
-1526
-1671
-1706
-1653
-1556
-1356
-1176
-1129
-1218
-1199
-957
-625
-406
-323
-272
-140
51
228
425
558
661
702
752
903
1055
1110
1122
1181
1254
1317
1285
1268
1334
1382
1295
1141
1100
1113
1119
983
800
694
605
472
281
166
84
-60
-281
-434
-497
-581
-712
-844
-892
-874
-867
-898
-945
-911
-854
-841
-784
-665
-559
-526
-519
-409
-256
-115
30
129
177
264
364
466
576
689
727
728
784
804
832
836
839
834
779
673
569
508
551
759
812
639
427
227
263
558
758
556
241
91
101
233
294
203
31
-144
-316
-436
-501
-539
-658
-899
-1042
-1113
-1310
-1479
-1503
-1455
-1399
-1478
-1649
-1772
-1729
-1596
-1409
-1253
-1209
-1263
-1294
-1152
-819
-510
-406
-395
-346
-165
75
259
416
544
617
683
799
977
1105
1172
1199
1246
1360
1385
1366
1405
1461
1479
1318
1210
1224
1261
1191
1006
846
725
642
484
298
206
100
-60
-259
-365
-418
-546
-668
-748
-753
-746
-817
-886
-899
-858
-822
-782
-701
-579
-513
-511
-463
-350
-210
-97
-23
58
141
196
281
376
483
568
601
602
671
720
725
724
727
749
716
624
509
510
694
891
803
548
299
257
498
736
670
353
161
147
242
311
247
61
-150
-290
-421
-478
-522
-626
-829
-1030
-1093
-1222
-1393
-1481
-1470
-1425
-1477
-1631
-1771
-1782
-1627
-1438
-1302
-1247
-1281
-1311
-1185
-882
-565
-420
-464
-453
-286
-46
180
285
353
440
517
616
757
927
1022
1078
1130
1225
1326
1348
1377
1401
1452
1386
1267
1222
1215
1218
1083
936
836
754
608
424
286
207
111
-75
-226
-301
-370
-488
-593
-654
-658
-694
-780
-844
-811
-747
-710
-671
-601
-531
-492
-480
-403
-216
-77
-23
38
96
171
251
347
469
585
621
570
589
663
713
727
734
793
788
664
475
449
659
918
888
614
347
269
467
741
754
467
233
162
217
309
277
111
-90
-253
-367
-451
-551
-661
-806
-994
-1111
-1238
-1432
-1559
-1554
-1494
-1509
-1642
-1824
-1900
-1748
-1544
-1399
-1368
-1420
-1408
-1287
-1006
-692
-516
-508
-492
-332
-64
191
312
358
451
577
696
819
933
1028
1091
1166
1210
1294
1331
1360
1417
1423
1395
1301
1276
1288
1282
1158
1003
888
822
732
558
399
277
189
28
-133
-251
-365
-452
-550
-632
-654
-696
-756
-818
-828
-781
-762
-738
-694
-605
-545
-530
-475
-368
-241
-140
-67
4
103
199
271
382
503
596
617
598
638
699
745
769
788
794
698
585
513
649
949
948
713
410
320
533
834
865
592
361
281
325
390
370
228
52
-121
-258
-367
-499
-620
-730
-888
-1026
-1174
-1402
-1561
-1558
-1494
-1515
-1619
-1823
-1926
-1811
-1628
-1484
-1445
-1483
-1529
-1439
-1167
-850
-658
-641
-636
-472
-199
78
218
282
377
489
598
724
882
1005
1110
1175
1187
1244
1309
1395
1451
1475
1434
1338
1318
1319
1309
1191
1034
931
863
780
607
423
267
166
47
-138
-227
-306
-406
-500
-605
-645
-683
-695
-732
-757
-732
-691
-650
-639
-582
-519
-484
-448
-348
-237
-140
-69
-25
36
110
191
312
425
491
545
544
561
619
665
689
703
732
661
540
510
685
962
950
737
486
412
672
978
928
626
422
391
407
457
388
217
77
-87
-227
-373
-501
-631
-748
-860
-983
-1173
-1428
-1600
-1558
-1466
-1510
-1681
-1922
-2016
-1889
-1680
-1538
-1525
-1597
-1638
-1536
-1236
-886
-692
-687
-685
-526
-285
-9
195
282
383
475
562
683
859
1048
1169
1229
1239
1292
1360
1449
1537
1570
1502
1400
1363
1374
1389
1279
1105
989
907
812
654
461
335
208
68
-72
-187
-258
-365
-472
-581
-643
-695
-751
-784
-818
-828
-824
-822
-774
-671
-587
-540
-500
-407
-281
-182
-57
58
118
168
245
313
411
506
555
586
615
662
681
679
729
807
779
676
591
721
964
961
755
497
443
684
935
855
553
420
412
448
471
375
227
94
-28
-216
-369
-529
-648
-768
-890
-1015
-1209
-1508
-1676
-1647
-1569
-1590
-1777
-1969
-2049
-1901
-1705
-1539
-1507
-1555
-1590
-1493
-1211
-875
-675
-693
-694
-553
-328
-70
142
266
367
443
526
664
878
1069
1189
1246
1238
1289
1357
1474
1563
1589
1500
1374
1366
1345
1365
1299
1146
1043
972
852
671
516
378
272
106
-52
-169
-264
-360
-498
-607
-661
-706
-741
-779
-774
-780
-794
-786
-715
-631
-574
-541
-520
-436
-324
-230
-132
-25
62
128
218
307
429
551
605
643
716
742
750
776
833
899
835
704
683
886
1028
944
743
550
632
887
960
755
535
506
539
561
469
307
173
57
-57
-201
-362
-540
-710
-855
-962
-1065
-1290
-1575
-1688
-1658
-1625
-1693
-1898
-2063
-2061
-1931
-1775
-1664
-1647
-1687
-1672
-1517
-1227
-958
-820
-806
-700
-488
-295
-90
76
240
415
503
565
676
863
1038
1169
1179
1196
1283
1363
1484
1558
1554
1473
1447
1449
1439
1387
1271
1154
1088
1007
835
665
507
401
274
65
-115
-229
-327
-424
-536
-639
-714
-787
-827
-841
-814
-839
-862
-855
-793
-675
-609
-561
-519
-415
-337
-236
-118
17
125
145
193
301
437
517
592
634
693
766
767
780
884
950
903
764
735
949
1146
1084
871
663
675
913
1060
913
658
562
550
591
565
402
230
123
11
-143
-328
-518
-676
-800
-907
-1018
-1246
-1525
-1663
-1654
-1605
-1654
-1834
-2019
-2045
-1923
-1783
-1683
-1679
-1706
-1675
-1528
-1269
-1011
-859
-813
-706
-519
-297
-92
62
183
356
496
600
680
818
980
1108
1156
1169
1233
1303
1416
1493
1501
1417
1350
1329
1344
1313
1211
1113
1014
910
790
626
484
363
256
66
-144
-268
-340
-452
-587
-689
-757
-797
-832
-847
-841
-842
-837
-809
-767
-676
-584
-530
-507
-398
-307
-220
-86
36
121
172
225
315
455
559
617
661
684
756
779
766
822
906
882
766
689
819
1100
1110
898
663
627
842
1077
1035
715
557
549
590
568
456
314
184
89
-76
-253
-422
-537
-650
-781
-931
-1128
-1394
-1566
-1566
-1527
-1580
-1744
-1918
-2013
-1912
-1750
-1664
-1631
-1629
-1611
-1503
-1292
-1038
-843
-771
-703
-522
-307
-114
43
171
335
514
620
698
809
962
1103
1198
1207
1202
1248
1321
1412
1473
1423
1305
1247
1228
1270
1205
1079
938
809
734
584
442
306
194
17
-194
-320
-380
-443
-585
-729
-822
-854
-887
-921
-940
-916
-900
-884
-852
-786
-671
-585
-537
-448
-333
-246
-145
-53
54
171
245
321
399
504
620
677
719
751
771
791
839
913
904
800
699
748
1000
1098
920
654
532
662
951
1024
753
496
473
549
584
512
357
249
134
14
-157
-310
-446
-548
-679
-841
-986
-1232
-1460
-1502
-1443
-1444
-1570
-1767
-1920
-1865
-1694
-1589
-1568
-1583
-1563
-1497
-1310
-1062
-844
-745
-709
-570
-367
-162
10
141
278
436
562
633
758
921
1082
1163
1152
1179
1218
1304
1416
1484
1434
1302
1222
1213
1290
1278
1127
935
794
741
639
499
332
203
75
-144
-279
-331
-382
-504
-690
-812
-859
-862
-882
-925
-921
-890
-866
-883
-841
-731
-610
-536
-492
-418
-323
-209
-126
-29
81
182
231
312
444
531
624
640
659
714
766
810
859
863
783
695
638
764
990
997
754
539
495
692
939
901
577
410
462
514
550
446
279
148
43
-100
-276
-395
-486
-598
-761
-904
-1058
-1288
-1440
-1427
-1379
-1443
-1576
-1774
-1855
-1735
-1582
-1494
-1487
-1484
-1457
-1361
-1151
-880
-680
-613
-582
-432
-204
33
201
301
395
527
654
743
887
1006
1106
1163
1141
1175
1234
1316
1408
1485
1408
1251
1178
1199
1276
1255
1120
916
782
721
615
469
325
172
-21
-214
-307
-370
-464
-620
-761
-828
-844
-868
-931
-972
-948
-918
-910
-932
-897
-774
-666
-613
-548
-444
-362
-247
-149
-60
63
157
211
295
440
576
654
662
670
745
817
863
910
868
799
738
730
799
996
1031
789
596
521
656
874
896
618
370
386
472
530
464
256
108
4
-100
-211
-331
-447
-546
-696
-881
-1047
-1217
-1355
-1378
-1358
-1431
-1597
-1778
-1849
-1711
-1553
-1474
-1476
-1498
-1460
-1341
-1126
-884
-704
-616
-611
-475
-230
-43
122
187
275
425
538
626
731
850
933
1048
1042
1041
1127
1200
1298
1371
1287
1115
1073
1143
1249
1242
1060
832
768
773
712
593
407
257
136
-27
-140
-178
-301
-451
-591
-682
-712
-769
-863
-907
-845
-821
-860
-895
-861
-732
-629
-591
-540
-481
-352
-234
-167
-82
44
134
181
262
404
520
581
603
644
719
792
800
770
763
774
757
681
640
730
874
807
646
512
466
607
786
750
489
364
415
512
561
436
225
65
-6
-68
-186
-304
-431
-577
-794
-979
-1070
-1167
-1253
-1319
-1425
-1549
-1648
-1689
-1698
-1612
-1510
-1460
-1452
-1435
-1315
-1116
-912
-746
-624
-571
-486
-310
-95
78
193
244
307
433
580
689
765
822
891
985
998
1030
1071
1134
1226
1245
1148
1066
1094
1124
1124
1022
878
767
705
652
560
435
307
183
37
-114
-203
-265
-373
-467
-572
-678
-747
-811
-824
-792
-779
-832
-911
-875
-756
-649
-590
-573
-513
-409
-319
-214
-122
-1
95
154
206
321
442
505
536
558
631
703
733
722
754
776
784
750
671
648
769
900
862
718
590
526
649
842
824
617
438
451
535
546
430
263
145
71
-33
-175
-327
-471
-616
-824
-947
-997
-1125
-1298
-1446
-1502
-1477
-1509
-1605
-1663
-1618
-1507
-1394
-1343
-1308
-1217
-1088
-940
-791
-610
-494
-431
-306
-137
56
169
215
289
430
577
659
696
738
866
970
979
980
993
1062
1132
1175
1149
1067
1035
987
962
965
928
829
678
619
549
462
369
219
51
-106
-152
-214
-326
-432
-575
-675
-736
-722
-740
-792
-833
-879
-861
-829
-772
-711
-682
-635
-576
-489
-387
-294
-191
-108
-16
51
146
252
349
452
502
544
593
657
699
715
745
765
730
684
663
657
624
592
678
748
657
473
337
379
591
702
530
292
268
377
480
457
295
149
77
26
-78
-202
-321
-455
-609
-769
-876
-1010
-1150
-1236
-1256
-1282
-1389
-1517
-1558
-1446
-1273
-1203
-1225
-1218
-1119
-936
-759
-587
-471
-391
-368
-279
-109
62
170
221
289
341
422
486
564
687
792
830
801
789
824
904
970
977
977
918
859
865
889
875
815
748
690
629
524
429
328
278
233
80
-99
-227
-283
-329
-415
-503
-614
-697
-742
-767
-761
-749
-732
-750
-751
-709
-669
-610
-559
-454
-367
-283
-229
-164
-56
32
122
192
268
339
434
478
521
601
657
690
658
630
639
656
670
624
528
435
415
570
666
548
365
229
298
532
643
472
268
303
407
450
384
243
141
96
52
-81
-268
-400
-488
-594
-700
-778
-903
-1098
-1160
-1139
-1127
-1158
-1239
-1297
-1257
-1120
-1016
-959
-920
-858
-778
-685
-563
-430
-352
-304
-221
-103
-4
89
138
209
318
390
402
399
496
629
755
756
667
618
678
815
909
895
804
754
751
784
765
716
698
637
561
491
396
328
285
210
74
-61
-157
-236
-314
-369
-430
-524
-637
-709
-690
-656
-630
-649
-684
-675
-600
-550
-510
-431
-346
-291
-261
-207
-99
0
52
102
173
260
342
413
451
502
557
563
546
570
611
629
623
584
517
450
354
368
526
637
504
306
172
231
510
643
486
258
238
326
370
353
273
189
83
-53
-162
-234
-275
-343
-524
-718
-798
-836
-917
-966
-977
-1035
-1121
-1213
-1206
-1097
-966
-917
-928
-932
-891
-794
-680
-546
-419
-396
-421
-372
-223
-68
34
79
95
151
228
306
393
503
594
589
536
520
599
703
776
792
734
669
710
773
781
758
665
598
583
596
526
428
349
307
241
102
-26
-93
-122
-169
-253
-389
-523
-576
-568
-543
-505
-522
-617
-656
-592
-471
-391
-395
-406
-388
-315
-231
-149
-99
-15
41
74
162
276
339
381
425
471
540
573
552
526
543
583
585
501
430
398
377
319
405
524
479
361
251
257
434
596
519
316
255
324
352
336
240
157
116
42
-73
-186
-282
-359
-438
-562
-669
-726
-834
-928
-938
-945
-994
-1067
-1128
-1108
-1014
-945
-921
-919
-878
-817
-734
-637
-529
-426
-416
-366
-258
-150
-82
-25
15
102
194
213
251
316
441
542
562
515
544
632
713
739
718
666
667
727
775
757
644
581
582
626
605
503
372
290
294
275
156
20
-82
-179
-221
-252
-339
-450
-549
-619
-599
-560
-547
-579
-614
-568
-507
-453
-416
-371
-325
-262
-175
-97
-28
38
89
131
216
312
353
372
400
469
529
535
491
489
511
548
565
525
492
461
394
383
484
560
460
289
207
281
485
569
430
241
229
320
380
373
260
179
100
0
-71
-111
-171
-292
-425
-570
-635
-695
-804
-889
-911
-927
-983
-1032
-1065
-1031
-968
-908
-875
-839
-801
-786
-736
-623
-466
-381
-384
-373
-274
-152
-57
-31
11
86
128
186
239
334
393
442
447
449
511
574
620
627
640
659
685
689
709
670
604
590
595
564
522
450
336
255
232
151
33
-43
-114
-155
-254
-338
-426
-501
-528
-558
-562
-586
-611
-626
-612
-525
-440
-407
-403
-377
-301
-196
-95
-24
32
55
75
163
248
313
344
338
362
408
455
458
451
489
512
521
503
465
447
379
342
392
518
512
374
242
184
333
512
507
328
230
280
366
395
349
282
232
165
86
11
-52
-126
-244
-381
-485
-532
-620
-728
-758
-792
-864
-946
-985
-963
-889
-869
-900
-856
-802
-731
-714
-657
-540
-415
-359
-386
-319
-198
-96
-39
-10
27
69
122
170
247
348
399
383
341
389
487
548
579
578
592
597
638
643
629
626
605
586
579
539
431
339
283
249
212
86
-55
-147
-199
-241
-315
-405
-504
-563
-609
-601
-552
-550
-599
-622
-581
-498
-444
-417
-425
-375
-262
-167
-93
-62
-12
53
139
237
297
310
298
367
456
503
503
474
468
481
523
499
459
430
392
363
335
415
501
434
327
196
217
390
531
486
306
259
319
403
439
391
285
192
117
68
37
-24
-149
-312
-443
-491
-522
-649
-763
-809
-814
-820
-881
-938
-936
-832
-753
-729
-711
-719
-702
-635
-526
-404
-324
-346
-383
-305
-179
-71
-16
21
66
138
181
214
308
408
463
458
429
457
534
565
573
603
612
650
645
622
594
557
533
531
554
477
327
234
165
142
75
-55
-184
-282
-305
-330
-399
-482
-569
-598
-606
-575
-560
-594
-588
-553
-489
-435
-414
-423
-379
-291
-211
-112
-57
-30
14
65
143
228
303
339
363
436
488
492
474
450
495
513
492
429
362
329
317
316
337
419
392
275
188
173
307
469
459
316
252
320
377
402
374
299
225
152
64
-9
-57
-138
-275
-423
-549
-566
-639
-721
-769
-798
-841
-891
-928
-940
-882
-822
-783
-747
-705
-700
-632
-523
-414
-325
-301
-332
-279
-134
-26
38
52
74
143
240
300
376
467
511
502
472
536
618
690
677
658
670
656
670
645
612
590
573
570
501
416
328
266
219
142
57
-74
-192
-242
-280
-317
-393
-500
-594
-608
-574
-549
-544
-595
-608
-578
-503
-430
-405
-398
-344
-256
-190
-98
-27
9
57
122
195
267
303
312
315
363
408
415
392
374
399
409
399
349
310
297
296
296
317
400
360
254
196
223
347
472
452
294
252
322
350
343
315
227
170
78
-19
-81
-131
-210
-333
-469
-575
-589
-641
-732
-787
-806
-845
-897
-920
-886
-811
-757
-749
-737
-713
-653
-597
-529
-435
-343
-296
-306
-234
-116
-9
80
116
148
216
298
323
373
434
514
531
527
578
611
673
671
680
668
682
707
686
614
576
571
565
526
434
335
242
211
184
108
5
-107
-193
-244
-294
-339
-398
-480
-552
-558
-527
-510
-528
-553
-542
-480
-418
-393
-388
-334
-267
-194
-123
-57
17
69
95
112
202
273
322
331
334
383
380
382
374
364
396
388
346
324
311
294
266
284
380
386
287
191
173
278
401
426
296
212
248
278
283
235
180
134
51
-43
-116
-138
-198
-308
-435
-551
-579
-636
-702
-755
-793
-838
-879
-886
-867
-834
-796
-765
-720
-665
-618
-568
-511
-427
-320
-253
-252
-211
-114
-1
79
116
139
176
239
319
386
451
502
517
530
554
595
659
681
680
655
600
579
603
601
553
513
483
425
377
321
257
206
152
67
-40
-116
-170
-238
-298
-362
-404
-456
-511
-535
-523
-510
-502
-514
-536
-483
-412
-336
-277
-247
-218
-161
-86
-17
56
80
84
101
156
222
262
284
284
298
314
341
343
356
370
367
335
303
314
288
271
291
359
376
313
219
164
241
358
401
291
194
189
219
229
218
191
112
14
-43
-93
-118
-159
-250
-356
-451
-485
-535
-601
-636
-640
-683
-732
-742
-707
-676
-649
-642
-613
-548
-519
-509
-470
-387
-302
-250
-229
-199
-118
-35
30
80
129
174
210
254
303
388
448
469
488
519
523
527
550
548
542
534
509
472
438
398
370
359
330
278
203
143
103
58
-8
-95
-148
-198
-261
-321
-359
-387
-442
-477
-499
-502
-452
-420
-412
-417
-369
-317
-256
-188
-152
-129
-113
-62
14
84
123
120
115
155
210
245
262
261
298
312
306
326
333
353
359
367
357
328
313
290
289
356
383
347
251
190
211
307
372
320
242
173
175
185
173
154
79
-22
-96
-150
-187
-196
-242
-322
-412
-474
-493
-493
-502
-528
-558
-599
-623
-640
-615
-575
-553
-538
-517
-466
-437
-406
-351
-278
-204
-156
-130
-101
-26
54
98
111
146
194
247
297
349
377
396
395
401
438
482
515
493
461
446
459
466
411
368
313
266
264
236
185
101
52
36
3
-56
-121
-189
-234
-251
-273
-314
-371
-399
-430
-423
-391
-371
-374
-381
-348
-287
-223
-192
-174
-180
-158
-87
-5
32
33
34
28
75
131
155
149
149
174
204
220
236
273
298
309
315
293
277
269
282
279
237
218
206
210
176
156
151
167
189
189
133
68
97
115
132
105
54
5
-33
-56
-68
-82
-126
-201
-267
-284
-284
-310
-348
-372
-387
-382
-389
-404
-403
-388
-371
-350
-347
-356
-361
-340
-272
-206
-152
-137
-133
-114
-45
29
80
95
110
143
179
205
243
285
278
284
294
302
310
312
300
309
319
284
277
271
265
243
223
209
189
166
115
63
28
-6
-49
-101
-162
-197
-218
-216
-248
-264
-296
-312
-288
-282
-253
-253
-267
-262
-225
-160
-131
-130
-136
-124
-61
-21
4
-9
-8
16
69
119
128
124
141
151
196
215
208
213
225
254
244
211
174
190
191
216
176
120
65
44
90
80
50
31
8
30
48
26
0
-33
-14
26
26
1
-17
-29
-22
-17
-22
-46
-77
-91
-92
-96
-101
-143
-178
-175
-165
-163
-203
-227
-232
-210
-188
-202
-217
-216
-188
-161
-135
-117
-105
-95
-52
-26
11
42
44
46
64
95
120
135
138
149
169
192
208
210
206
212
210
198
195
173
159
147
139
126
108
86
63
26
15
-3
-20
-49
-97
-111
-131
-116
-135
-158
-180
-161
-143
-148
-149
-135
-125
-97
-79
-70
-54
-43
-29
7
36
59
47
23
40
73
104
98
88
81
91
112
137
139
117
111
115
147
160
134
86
54
54
76
61
23
-2
-10
-15
-15
-47
-69
-76
-83
-92
-92
-73
-65
-50
-54
-50
-56
-53
-30
-7
3
-22
-59
-75
-58
-43
-52
-72
-98
-103
-93
-104
-106
-103
-101
-110
-123
-112
-109
-95
-82
-95
-77
-98
-110
-79
-45
-14
15
21
32
57
82
95
113
118
119
115
124
144
160
153
132
122
127
116
97
70
63
68
70
37
8
-7
-32
-54
-56
-71
-85
-93
-112
-119
-124
-109
-121
-126
-127
-104
-79
-76
-71
-49
-37
-31
0
31
53
57
60
78
117
148
152
119
119
135
142
139
147
132
115
93
83
89
67
67
56
37
31
13
4
-4
-1
-9
-29
-40
-52
-47
-29
-18
-15
-21
-43
-60
-48
-44
-29
-40
-62
-69
-84
-83
-77
-56
-35
-43
-31
-33
-21
-6
-2
-8
-32
-28
-21
-15
-26
-36
-36
-48
-44
-45
-43
-52
-50
-48
-52
-39
-43
-43
-43
-14
-8
10
6
5
30
31
64
69
59
58
73
87
97
86
68
49
48
55
46
24
-16
-33
-46
-33
-48
-72
-76
-97
-99
-102
-100
-92
-90
-78
-85
-86
-83
-73
-53
-47
-47
-50
-34
-14
-11
3
32
47
65
73
84
86
109
125
134
135
106
113
114
95
90
100
80
80
75
68
78
66
57
39
49
53
49
54
37
48
66
45
44
18
-3
-2
-1
-11
-43
-31
-33
-49
-46
-50
-51
-55
-69
-50
-51
-46
-46
-48
-44
-42
-48
-51
-47
-28
-32
-38
-58
-50
-34
-29
-37
-50
-53
-42
-20
-14
-19
-13
-2
15
49
47
59
46
51
76
94
95
103
103
94
97
99
103
89
84
58
51
36
31
10
-8
-1
-16
-39
-69
-85
-89
-93
-96
-95
-116
-112
-108
-99
-95
-97
-100
-118
-127
-128
-123
-106
-97
-94
-108
-101
-79
-81
-68
-65
-69
-72
-63
-38
-35
-31
-14
-9
14
40
46
47
55
59
63
69
58
44
48
62
54
60
62
80
72
77
87
72
70
63
83
76
69
48
30
44
44
47
62
52
32
21
10
9
11
19
-5
-9
-9
-9
-17
-29
-16
-7
-6
-11
-13
0
0
-1
7
-7
8
8
-2
-2
8
11
0
3
6
5
5
-1
15
25
22
29
27
41
58
67
67
60
61
63
79
84
81
91
76
83
83
78
68
61
46
28
23
1
-2
-20
-18
-24
-33
-41
-58
-52
-48
-52
-59
-68
-69
-79
-82
-84
-77
-88
-95
-104
-111
-102
-103
-102
-112
-98
-110
-99
-79
-75
-87
-98
-100
-88
-78
-86
-81
-83
-72
-68
-54
-53
-56
-44
-44
-47
-38
-30
-29
-38
-14
-4
12
12
14
36
45
43
32
17
27
28
29
28
40
40
29
17
28
48
56
70
46
56
42
53
54
52
70
63
65
62
82
79
81
66
63
73
71
61
50
51
47
52
46
38
34
40
47
27
42
50
56
65
55
74
65
70
66
74
83
83
88
78
69
91
87
95
94
89
104
84
93
74
55
44
23
21
8
15
8
-12
-14
-25
-38
-31
-41
-49
-58
-73
-63
-58
-65
-77
-97
-101
-102
-108
-110
-109
-122
-125
-127
-118
-113
-125
-141
-140
-129
-130
-126
-129
-121
-116
-112
-102
-95
-85
-76
-71
-62
-57
-63
-47
-43
-31
-25
-34
-38
-32
-19
-5
-9
-23
-39
-29
-13
-15
-15
-18
-21
-11
-18
-22
-13
-8
-5
-3
11
22
20
7
13
9
32
29
37
44
48
64
63
52
50
57
57
62
56
69
75
71
61
63
59
56
42
39
55
56
59
67
93
103
101
114
113
111
118
130
133
134
135
135
132
125
128
122
107
103
88
82
65
51
42
31
27
16
6
5
13
8
-3
-12
-24
-12
-4
-3
-12
-25
-26
-35
-58
-59
-59
-67
-65
-71
-75
-86
-97
-90
-97
-119
-120
-137
-126
-120
-123
-128
-133
-133
-141
-121
-121
-101
-97
-93
-80
-74
-59
-55
-61
-67
-49
-56
-48
-44
-37
-29
-35
-46
-36
-30
-20
-19
-13
-17
-26
-24
-25
-4
4
0
-4
0
5
13
12
14
16
14
18
25
9
8
18
24
22
8
9
11
7
6
-1
10
8
11
23
21
20
15
23
25
51
56
61
76
83
95
99
110
114
121
122
108
101
87
79
65
58
75
68
69
80
69
85
78
66
84
76
75
71
71
52
61
59
52
52
45
49
47
53
44
32
32
20
6
-2
-9
-15
-23
-26
-38
-40
-35
-37
-36
-52
-65
-57
-59
-62
-76
-81
-90
-93
-87
-95
-86
-83
-87
-94
-77
-70
-63
-50
-56
-62
-64
-54
-64
-74
-69
-66
-62
-61
-64
-54
-56
-63
-63
-71
-60
-70
-66
-62
-66
-60
-63
-50
-44
-32
-29
-33
-14
6
11
14
11
9
20
30
30
37
45
36
31
31
20
15
11
15
20
18
27
25
28
21
24
28
23
26
29
38
37
41
57
68
63
61
62
55
60
64
68
58
47
47
49
54
56
50
56
42
40
48
53
58
56
60
52
67
69
81
83
74
65
62
56
52
38
21
17
3
8
-8
0
-6
-22
-21
-30
-26
-29
-31
-27
-29
-35
-32
-35
-38
-45
-47
-50
-54
-56
-54
-60
-57
-49
-53
-58
-73
-69
-62
-67
-74
-84
-94
-89
-77
-68
-65
-71
-73
-75
-75
-55
-68
-71
-67
-64
-44
-44
-39
-36
-19
-2
-8
-4
-6
-5
7
11
5
5
9
20
35
40
49
38
39
39
38
40
33
32
33
25
16
26
29
30
27
32
33
36
41
45
46
51
52
49
45
55
63
62
68
58
54
52
44
28
20
18
24
3
4
5
8
12
1
9
-8
-2
-1
-8
1
12
19
20
22
20
20
16
15
21
11
5
3
-2
5
-3
-11
-16
-17
-10
-12
-19
-24
-25
-31
-26
-30
-26
-24
-30
-21
-26
-13
7
4
11
14
11
9
0
-6
-12
-16
-24
-37
-38
-43
-35
-26
-29
-35
-33
-36
-33
-27
-38
-42
-51
-57
-41
-35
-39
-40
-46
-42
-49
-38
-33
-27
-25
-28
-23
-15
-7
-8
-1
0
4
10
12
8
8
-2
2
2
11
26
25
21
15
26
32
42
48
52
42
44
54
54
55
66
71
69
61
50
55
47
48
49
49
50
36
33
37
34
30
23
15
17
9
3
-7
-4
-14
-14
-10
-4
1
1
6
7
9
9
12
13
24
17
11
7
0
3
-9
-11
-6
-14
2
5
-3
0
-9
-10
-16
-17
-21
-19
-24
-25
-25
-21
-24
-22
-28
-32
-31
-25
-25
-38
-28
-40
-45
-49
-49
-52
-37
-30
-35
-45
-50
-46
-44
-41
-58
-56
-59
-52
-51
-52
-53
-61
-41
-41
-36
-38
-34
-25
-30
-14
-21
-18
-17
-8
3
11
11
10
16
15
17
27
20
31
26
21
29
18
30
32
44
54
55
57
63
69
60
64
59
49
49
48
43
45
42
35
32
42
49
53
48
47
52
57
46
29
30
28
29
16
11
0
10
13
6
-4
-10
-4
1
15
38
62
71
68
52
37
37
28
22
30
26
29
7
-7
-5
-16
-21
-18
-33
-27
-28
-38
-37
-51
-59
-58
-64
-66
-73
-70
-78
-67
-58
-71
-79
-83
-75
-71
-62
-51
-58
-53
-46
-55
-50
-55
-49
-48
-45
-42
-51
-48
-38
-33
-28
-29
-37
-42
-29
-26
-22
-22
-7
-1
-4
5
0
10
21
19
19
13
7
8
-4
-10
-18
-17
-22
-22
-27
-19
-11
-7
1
-3
8
24
18
14
17
37
52
50
57
70
76
78
78
84
92
88
92
94
96
88
81
81
80
76
79
79
74
77
78
76
76
71
76
76
66
61
65
70
62
57
42
45
33
32
26
20
8
4
3
-3
-4
-18
-12
-15
-15
-19
-23
-35
-40
-35
-43
-61
-67
-68
-72
-70
-70
-64
-74
-79
-64
-72
-73
-71
-69
-61
-62
-54
-52
-66
-51
-50
-51
-44
-48
-57
-61
-56
-58
-56
-54
-58
-46
-37
-45
-44
-47
-40
-34
-31
-33
-35
-35
-36
-31
-30
-14
-17
-16
-16
-15
-28
-19
-15
-21
-19
-24
-19
-15
-11
4
4
3
10
8
12
13
15
17
16
15
25
33
34
35
39
34
38
29
38
49
45
51
43
38
38
39
42
48
40
53
53
52
63
63
60
61
51
57
50
54
61
68
70
64
62
60
59
63
56
57
58
45
44
40
46
30
16
13
10
10
7
14
0
-2
-9
-16
-15
-20
-19
-17
-29
-22
-18
-24
-25
-20
-11
-22
-26
-33
-25
-43
-46
-49
-44
-39
-36
-31
-24
-41
-36
-31
-33
-37
-42
-26
-32
-25
-34
-41
-34
-38
-31
-40
-44
-44
-41
-41
-50
-53
-61
-60
-62
-61
-51
-50
-51
-51
-45
-43
-47
-56
-51
-51
-46
-36
-24
-27
-22
-12
-6
-6
0
4
9
12
3
16
23
27
32
25
27
26
31
48
49
53
51
41
49
45
47
44
31
30
35
45
41
35
41
57
55
57
62
54
58
66
61
66
69
60
58
58
52
46
47
33
33
27
15
5
-4
-4
1
2
0
-4
-2
2
6
12
3
0
1
-1
4
2
-7
-18
-26
-22
-23
-24
-36
-26
-18
-12
-12
-22
-27
-25
-25
-22
-22
-25
-19
-18
-28
-32
-35
-27
-31
-24
-31
-38
-36
-35
-26
-23
-18
-17
-8
-13
-9
-8
-11
-10
-5
-10
-20
-19
-24
-29
-23
-17
-16
-15
-18
-17
-20
-11
-18
-26
-21
-19
-11
-14
-10
-6
-2
-1
-5
4
6
4
12
11
13
18
14
20
21
18
11
5
5
5
9
3
4
5
7
8
13
19
23
23
24
23
23
31
16
19
16
23
22
30
12
28
19
14
19
11
19
15
18
9
7
9
13
6
15
15
13
19
17
14
9
11
15
12
20
13
15
10
3
0
-5
-8
-11
-8
-3
-11
-16
-21
-21
-3
-8
-6
-1
0
-2
-13
-7
-13
-21
-13
-14
-21
-23
-26
-27
-22
-21
-7
-13
-8
-9
-15
-10
-12
-16
-15
-8
-8
-15
-15
-11
-11
-15
-10
-16
-11
-7
-17
-15
-27
-23
-16
-5
-8
-14
-12
-17
-13
-18
-24
-13
-15
-8
3
-1
-4
1
2
-7
-3
8
5
11
10
1
15
7
12
0
3
9
11
7
16
13
19
19
21
32
31
40
33
34
33
37
30
37
35
38
34
34
32
25
25
14
18
0
0
4
0
-7
-11
-9
-8
-10
-12
-10
-15
-12
-5
-10
-5
-7
-2
4
-3
-3
-11
-5
1
-1
-5
-11
-15
-17
-9
-11
-15
-19
-28
-16
-20
-21
-25
-25
-23
-24
-20
-29
-24
-26
-27
-27
-27
-18
-24
-12
-12
-6
-7
-5
6
-4
-2
-3
-1
-8
-1
5
-4
-1
-8
-19
-21
-11
-4
-2
1
-1
8
9
14
13
24
30
34
31
24
26
27
17
19
13
22
16
10
24
11
11
3
7
11
2
2
16
20
15
13
17
22
32
27
30
26
22
28
23
21
17
19
14
21
18
16
25
16
23
23
28
24
20
24
13
14
-2
-15
-27
-35
-29
-26
-14
8
18
30
23
13
11
0
-4
-6
-6
-15
-9
-20
-14
-5
-6
-6
-11
-10
-12
-15
-27
-37
-31
-18
-15
2
1
-17
-31
-54
-78
-91
-99
-89
-61
-48
-33
-27
-21
-32
-49
-68
-69
-51
-35
-5
-4
5
9
9
-2
-23
-29
-33
-27
-37
-39
-32
-17
3
12
23
-6
-14
-8
8
9
-7
8
7
16
20
23
28
25
27
30
39
41
40
31
35
44
51
43
31
27
25
26
15
25
27
31
44
46
61
60
46
45
40
45
43
39
34
24
28
23
25
22
27
34
32
40
36
23
10
8
5
8
4
2
4
4
11
3
-4
2
-2
4
16
7
8
10
17
19
18
27
24
23
14
-8
-38
-35
-28
-33
-41
-45
-30
-26
-33
-47
-55
-55
-51
-50
-53
-65
-65
-61
-61
-68
-70
-65
-74
-72
-64
-63
-55
-53
-51
-52
-45
-34
-45
-45
-39
-38
-37
-41
-37
-30
-23
-19
-24
-18
-14
-14
-9
-3
-3
2
2
11
21
21
26
27
21
23
24
22
20
26
30
32
33
36
33
41
40
45
44
47
47
32
36
24
23
19
10
13
24
33
31
37
41
51
55
60
66
56
61
52
59
56
47
42
30
30
32
28
26
27
37
37
29
20
20
25
15
6
10
14
15
16
23
28
25
14
16
15
13
15
7
9
11
3
-2
1
0
-1
-4
-12
-12
-21
-19
-21
-25
-23
-39
-48
-53
-41
-50
-58
-48
-55
-53
-63
-57
-55
-59
-46
-45
-38
-32
-42
-46
-43
-49
-58
-58
-57
-48
-41
-41
-41
-36
-24
-20
-21
-22
-17
-17
-9
-17
-14
-19
-15
-21
-25
-13
-9
-3
-3
-4
-7
-3
-5
0
0
2
2
14
12
14
23
18
6
-3
-9
-3
5
13
11
9
14
19
28
33
37
33
30
26
29
29
22
20
23
33
32
43
41
37
31
33
39
35
47
40
35
24
27
27
22
25
16
17
19
18
34
36
37
32
37
43
41
38
32
30
24
19
24
18
7
4
14
4
-2
2
-2
3
-7
-2
-2
-9
-9
-9
-3
4
-5
-10
-17
-20
-28
-32
-27
-29
-36
-37
-28
-32
-26
-29
-35
-32
-27
-33
-38
-40
-42
-35
-40
-41
-33
-49
-50
-49
-40
-43
-40
-33
-37
-42
-34
-38
-34
-28
-30
-25
-21
-19
-19
-17
-23
-15
-10
-6
0
0
0
3
-4
1
4
2
7
4
3
3
-1
6
1
0
3
2
1
11
18
26
24
27
27
21
23
18
22
17
7
11
-1
8
8
0
0
7
6
10
16
13
21
24
25
23
21
27
27
33
41
38
36
35
35
31
23
26
28
28
23
31
45
34
27
25
29
30
30
38
33
23
15
9
9
-1
0
4
7
0
5
8
7
0
-7
-9
-11
-12
-11
-17
-19
-17
-26
-27
-30
-31
-38
-31
-31
-23
-22
-19
-17
-11
-9
-6
-5
-13
-6
-14
-5
-17
-20
-16
-21
-18
-28
-21
-24
-24
-20
-25
-24
-27
-19
-23
-16
-22
-18
-14
-13
-12
-12
-11
-16
-14
-20
-12
-11
-6
-6
1
2
3
-1
2
3
2
7
3
1
7
5
11
7
11
23
26
28
22
25
29
24
28
25
22
30
18
26
24
16
12
3
8
8
12
21
15
20
20
25
27
27
22
19
15
6
5
9
8
7
4
4
3
4
4
-5
-1
-13
-6
-4
0
-7
-16
-15
-18
-17
-19
-15
-20
-12
-16
-28
-19
-20
-14
-18
-15
-19
-16
-15
-16
-15
-12
-10
-11
-16
-12
-11
-16
-15
-14
-11
-12
-15
-9
-10
-8
2
2
5
4
11
10
7
5
3
0
0
6
-3
-9
-3
2
8
6
-2
2
2
2
2
-7
-2
-2
6
11
4
10
2
5
12
6
7
0
3
11
12
17
23
21
13
7
0
4
9
3
4
-4
-3
-2
-3
-3
-14
-13
-9
-6
-3
1
11
12
18
18
9
10
5
14
10
7
3
-7
-11
0
6
4
-2
-2
1
-3
-3
-8
-5
-7
-3
-9
-11
-5
-4
-1
-8
-3
-2
0
0
-1
-1
-9
-13
-20
-18
-19
-16
-14
-5
-18
-17
-12
-13
-15
-14
-16
-10
-6
-2
-7
-8
-2
-8
-10
-7
-9
-7
-4
-13
-13
-9
-4
2
-1
-2
-13
-20
-14
-11
-7
-9
-5
2
3
2
-2
-6
2
-2
4
10
16
16
16
18
13
22
24
29
28
29
29
25
23
16
19
23
26
26
35
30
35
36
25
28
29
28
24
22
16
20
17
23
13
12
10
7
16
4
6
8
4
10
5
-1
4
9
2
5
9
0
0
9
5
4
9
5
8
9
10
11
18
19
11
-4
-5
-1
-4
-4
-11
-3
-9
-13
-15
-16
-18
-23
-23
-25
-18
-25
-26
-22
-26
-24
-26
-22
-28
-36
-30
-38
-36
-37
-36
-34
-43
-34
-40
-42
-41
-38
-33
-28
-31
-29
-31
-30
-35
-38
-34
-35
-31
-22
-20
-13
-7
-2
10
1
11
14
13
8
10
16
12
13
5
16
10
11
10
9
11
12
21
23
29
29
30
23
23
25
19
17
12
9
15
20
14
9
14
11
11
14
14
18
18
23
25
29
35
31
33
32
29
27
25
24
15
14
11
10
12
11
13
17
19
20
19
25
23
25
23
19
11
10
13
5
10
2
1
3
5
1
-7
-9
-9
-4
1
-1
-10
-11
-9
-12
-19
-26
-28
-25
-21
-23
-29
-34
-32
-39
-35
-35
-42
-33
-37
-33
-29
-27
-28
-37
-36
-37
-24
-26
-22
-28
-32
-30
-29
-28
-32
-27
-31
-23
-16
-17
-23
-14
-10
-8
-4
-10
-7
-5
1
-7
3
2
9
19
19
19
13
13
8
10
3
6
6
4
9
14
17
13
12
19
26
33
24
34
23
23
23
18
20
17
13
-1
8
7
14
15
10
10
14
10
9
10
16
16
21
21
24
21
22
17
13
12
13
14
13
18
18
21
20
22
17
15
16
17
16
20
19
14
17
12
23
18
13
10
15
16
14
15
7
13
7
7
7
6
11
1
4
9
-7
-3
-10
-12
-6
-14
-8
-6
-8
-9
-10
-14
-13
-21
-16
-15
-21
-16
-23
-18
-21
-26
-24
-38
-29
-31
-27
-27
-27
-23
-28
-33
-28
-30
-32
-32
-37
-34
-41
-33
-30
-30
-25
-18
-18
-19
-19
-17
-11
-10
-5
-6
-8
-7
-3
-5
-6
-3
-2
-5
-7
-2
-5
3
3
2
1
1
7
8
7
6
11
19
19
12
22
16
13
11
9
19
15
8
11
18
17
15
12
14
23
15
19
19
17
20
16
21
23
22
19
23
25
29
17
23
22
26
24
19
19
18
20
14
19
14
13
10
12
16
15
15
9
8
10
5
0
3
2
8
5
2
-2
-2
-2
-5
-3
-5
-9
-8
-3
-12
-6
-11
-13
-12
-17
-11
-16
-8
-20
-22
-23
-17
-18
-23
-17
-24
-21
-27
-27
-27
-23
-23
-23
-19
-15
-20
-21
-21
-16
-19
-25
-25
-28
-35
-34
-28
-25
-23
-26
-23
-22
-13
-6
-3
-6
-11
-6
-8
-6
-12
-3
-5
-3
0
-2
-1
0
-1
0
7
5
10
10
9
8
8
11
17
15
