SAMPLES:	12103
BITSPERSAMPLE:	16
CHANNELS:	1
SAMPLERATE:	16000
NORMALIZED:	FALSE
1
-5
-3
1
0
-1
1
3
1
0
-4
4
2
3
2
-2
6
0
0
4
1
3
3
-1
-2
2
4
2
2
1
6
9
3
7
0
7
4
8
4
-1
-3
-4
-4
-5
-1
0
4
-2
-1
0
3
-1
3
-2
2
0
0
-1
1
-1
-9
0
-7
-5
-1
-1
-4
-6
-8
-4
0
-5
-4
-4
-4
-4
-10
-5
-5
-6
-4
-3
-4
-1
3
1
0
0
-3
1
4
2
-4
1
4
1
-5
-6
-1
0
-1
1
-1
-2
1
1
-1
0
-5
-3
-3
-3
0
1
-1
1
2
6
5
4
9
10
4
5
10
7
5
5
3
2
4
1
2
2
-4
-1
2
-1
5
-3
3
1
4
5
2
1
3
-1
2
-2
-5
1
-6
-6
-3
-7
-5
-6
-7
-5
-6
1
-4
2
-1
0
-1
0
-3
-7
-2
-5
-3
-7
-7
-2
-1
0
-1
-2
-2
1
-6
-4
-1
-6
-2
2
2
2
0
3
7
6
4
3
5
-1
4
2
0
1
4
6
7
8
4
7
3
6
2
7
2
7
3
4
3
-2
2
0
3
-2
1
-3
3
1
-3
4
0
0
-1
-2
-2
-2
-2
-5
0
-1
-6
-2
-2
-3
-1
-3
-5
-4
-2
-2
-2
-5
-2
-6
-5
-2
-6
-4
-3
-5
-2
3
-5
-1
1
0
6
-1
2
4
4
6
-1
6
10
6
5
9
3
4
6
7
6
7
10
4
10
5
6
4
5
7
6
-1
-1
2
-2
2
-4
-3
-1
2
-3
-6
-7
-3
-1
0
-3
-4
-1
-4
-3
-3
-6
0
-1
-4
1
-1
-6
-8
-6
-3
0
-2
1
2
-1
4
5
3
8
6
0
7
4
5
2
3
6
-5
-1
-4
0
0
1
0
4
0
3
0
0
-4
-4
-5
-6
-4
-8
-3
-5
0
-3
-1
-3
-9
-9
-6
-8
-10
-6
-11
-8
-8
-10
-11
-11
-8
-9
-6
-9
-9
-12
-10
-12
-14
-10
-14
-12
-12
-10
-7
-10
-6
-8
-4
0
-3
0
3
2
3
5
3
3
5
11
10
13
11
11
10
9
10
11
14
12
15
17
17
21
23
23
22
25
29
23
26
24
27
28
29
27
26
21
28
29
29
26
30
31
29
30
25
31
25
26
22
17
19
19
13
4
3
-2
-6
-10
-15
-19
-20
-23
-31
-41
-42
-47
-48
-52
-61
-55
-57
-61
-59
-63
-63
-64
-67
-65
-68
-69
-67
-66
-65
-63
-60
-52
-50
-44
-46
-42
-31
-28
-24
-21
-18
-12
-8
-6
4
6
11
18
18
21
29
34
42
47
48
51
56
68
67
66
68
68
70
70
71
67
63
66
58
62
55
52
52
47
48
43
42
37
31
25
24
19
20
15
6
5
2
-7
-11
-15
-15
-27
-23
-28
-32
-32
-36
-38
-44
-38
-44
-43
-41
-45
-45
-45
-46
-42
-43
-45
-39
-36
-34
-31
-23
-13
-11
-5
3
15
22
28
39
45
55
61
67
77
86
88
92
98
103
104
102
104
101
104
98
93
88
81
71
57
48
34
20
6
-3
-18
-31
-41
-54
-65
-75
-86
-92
-103
-118
-123
-132
-142
-145
-152
-156
-156
-162
-162
-163
-168
-168
-167
-158
-159
-157
-148
-144
-136
-123
-120
-112
-102
-94
-84
-75
-59
-54
-42
-31
-21
-11
1
12
22
36
42
56
66
75
79
89
101
106
117
128
140
150
164
169
181
191
203
208
210
216
211
209
210
207
197
189
181
171
161
148
131
117
105
91
74
62
42
29
18
-4
-18
-31
-44
-57
-70
-85
-97
-106
-115
-123
-129
-133
-140
-151
-157
-158
-155
-162
-158
-159
-159
-152
-151
-137
-131
-119
-115
-109
-99
-86
-66
-57
-39
-26
-15
3
14
38
53
71
95
108
124
144
154
168
183
197
203
215
221
223
228
227
228
223
213
208
198
176
167
140
121
100
69
50
23
-3
-28
-54
-82
-105
-132
-160
-185
-204
-230
-248
-266
-286
-298
-322
-324
-333
-339
-339
-340
-341
-338
-330
-329
-319
-303
-296
-281
-268
-249
-231
-210
-194
-174
-148
-125
-102
-75
-57
-26
-4
14
46
67
90
108
131
156
172
195
214
230
252
272
287
294
311
327
338
347
356
361
365
368
358
356
347
338
327
308
291
274
256
236
204
180
160
127
106
77
46
26
-1
-27
-46
-74
-98
-115
-137
-158
-181
-190
-206
-221
-231
-237
-245
-250
-247
-252
-250
-242
-244
-235
-221
-213
-203
-195
-180
-167
-150
-130
-107
-87
-61
-43
-20
9
39
66
93
116
147
171
203
229
256
279
294
317
329
336
347
348
344
339
323
308
287
263
230
202
170
133
96
58
21
-18
-56
-93
-126
-168
-198
-232
-263
-291
-325
-351
-373
-388
-409
-429
-438
-447
-455
-452
-461
-455
-447
-436
-427
-412
-395
-373
-350
-332
-307
-282
-258
-235
-204
-177
-148
-115
-85
-58
-26
8
40
70
99
130
155
185
207
233
256
277
296
313
335
344
362
372
385
397
413
417
425
433
439
439
440
436
428
418
401
387
374
351
324
294
268
238
211
178
140
109
69
36
6
-31
-66
-90
-126
-153
-181
-209
-231
-250
-281
-290
-310
-326
-332
-347
-347
-349
-341
-339
-330
-319
-310
-291
-276
-258
-238
-219
-197
-175
-151
-124
-103
-73
-48
-18
12
36
67
92
129
155
191
220
246
284
302
332
359
378
395
411
423
426
421
417
406
384
364
332
299
261
218
171
126
77
30
-18
-72
-121
-166
-214
-259
-300
-336
-374
-406
-434
-468
-486
-505
-523
-536
-544
-553
-556
-554
-546
-539
-527
-508
-487
-468
-446
-415
-389
-357
-324
-293
-259
-220
-183
-144
-102
-63
-20
18
59
94
136
176
198
236
270
294
323
344
370
389
413
427
442
455
465
475
489
502
511
519
523
525
519
517
504
495
473
449
426
393
366
328
295
254
216
182
140
103
65
23
-15
-52
-91
-127
-163
-195
-230
-269
-294
-323
-342
-361
-385
-396
-407
-410
-415
-412
-406
-395
-380
-369
-349
-325
-305
-278
-254
-224
-195
-164
-135
-107
-78
-49
-15
19
50
77
108
136
175
203
243
276
311
350
385
420
447
470
485
499
502
506
498
478
452
423
381
344
298
238
184
128
78
16
-46
-100
-154
-215
-267
-315
-364
-408
-443
-478
-515
-542
-565
-582
-604
-610
-622
-626
-622
-622
-608
-589
-575
-544
-527
-500
-471
-440
-404
-374
-336
-302
-259
-218
-175
-133
-92
-50
-4
40
85
127
167
204
240
271
310
338
369
396
416
443
457
472
482
493
500
511
520
525
537
539
545
540
538
537
532
520
503
479
451
417
385
349
302
263
213
169
128
78
34
-9
-53
-93
-136
-169
-206
-244
-278
-310
-338
-359
-381
-399
-415
-433
-439
-447
-454
-451
-445
-436
-416
-398
-375
-351
-322
-291
-260
-225
-197
-161
-130
-101
-66
-26
-1
30
61
93
133
170
206
243
289
330
382
430
476
510
539
566
578
600
600
589
570
536
504
464
413
358
292
229
161
90
23
-47
-114
-183
-247
-303
-359
-411
-457
-503
-533
-569
-596
-620
-636
-652
-671
-672
-684
-678
-670
-667
-652
-631
-610
-587
-552
-519
-485
-446
-407
-364
-315
-272
-221
-171
-118
-70
-25
26
78
122
174
220
263
300
332
369
398
429
453
474
488
507
515
522
523
528
535
533
540
552
564
564
576
566
566
554
543
532
505
476
444
403
359
313
265
210
159
106
56
8
-44
-90
-138
-187
-230
-273
-313
-350
-389
-418
-451
-472
-490
-509
-514
-518
-516
-510
-505
-498
-481
-455
-429
-393
-359
-322
-283
-239
-193
-153
-110
-67
-30
7
47
78
108
140
179
212
248
292
327
377
425
479
535
577
614
641
663
687
705
699
681
652
608
560
513
452
372
283
194
111
30
-49
-135
-214
-293
-365
-428
-494
-543
-594
-638
-677
-708
-732
-758
-777
-786
-787
-795
-788
-790
-776
-752
-730
-698
-672
-635
-599
-551
-509
-464
-410
-365
-312
-257
-195
-136
-75
-19
40
97
153
210
265
309
355
398
435
473
501
528
553
572
596
607
616
618
622
623
620
609
606
594
594
601
610
617
608
603
579
559
533
501
467
415
363
304
247
187
125
57
-10
-73
-134
-185
-241
-281
-334
-381
-418
-453
-489
-517
-535
-563
-575
-586
-593
-594
-589
-570
-559
-538
-514
-480
-445
-399
-347
-306
-246
-202
-144
-91
-45
3
45
88
123
166
196
240
270
305
348
381
432
484
543
609
662
702
737
756
764
782
772
753
707
641
580
510
441
354
262
150
54
-45
-140
-220
-311
-393
-463
-532
-585
-644
-693
-741
-784
-813
-838
-867
-879
-884
-880
-866
-861
-847
-833
-808
-774
-733
-689
-650
-606
-560
-513
-460
-408
-347
-287
-229
-168
-99
-28
31
96
150
211
272
329
383
430
475
520
561
593
617
641
661
674
688
692
688
691
688
688
683
682
677
673
672
675
676
668
662
637
607
569
524
472
417
345
275
208
134
62
-19
-85
-154
-223
-292
-349
-398
-455
-496
-540
-579
-610
-632
-656
-674
-685
-691
-677
-644
-605
-581
-578
-551
-513
-473
-445
-421
-382
-333
-278
-234
-187
-138
-86
-22
36
96
161
236
324
403
496
587
684
801
918
1028
1104
1157
1190
1178
1150
1083
989
908
798
661
517
363
205
60
-94
-249
-391
-529
-623
-692
-739
-754
-774
-793
-797
-784
-763
-740
-711
-684
-665
-636
-606
-586
-572
-575
-601
-626
-639
-656
-675
-688
-703
-702
-701
-692
-687
-674
-643
-595
-533
-468
-386
-297
-168
-47
59
157
261
351
450
541
617
690
738
781
807
810
807
797
774
742
706
689
656
631
591
556
510
475
464
474
508
594
733
871
980
1006
966
881
734
586
434
282
146
8
-145
-322
-497
-645
-756
-849
-880
-887
-865
-827
-782
-729
-705
-700
-719
-715
-683
-642
-595
-554
-515
-488
-440
-367
-294
-222
-154
-93
-43
25
101
152
171
183
203
219
241
269
324
380
461
557
693
914
1200
1468
1614
1614
1523
1374
1161
938
707
514
337
136
-75
-304
-509
-657
-781
-870
-909
-893
-834
-739
-599
-434
-332
-330
-353
-351
-313
-276
-258
-261
-286
-348
-406
-471
-583
-718
-856
-984
-1098
-1151
-1157
-1135
-1111
-1075
-1017
-963
-889
-801
-673
-515
-335
-172
-36
89
226
336
446
518
557
594
624
674
732
773
738
686
639
577
526
511
534
571
592
597
590
598
639
684
703
712
732
782
842
892
929
965
1051
1187
1258
1217
1075
848
549
171
-183
-450
-702
-894
-979
-1017
-1106
-1215
-1231
-1156
-1070
-921
-673
-482
-372
-272
-144
-129
-241
-347
-409
-484
-572
-571
-541
-589
-634
-645
-595
-538
-446
-310
-206
-112
-3
139
185
170
159
188
228
296
376
473
586
697
818
943
1191
1616
2028
2225
2187
1990
1638
1180
713
339
16
-257
-390
-494
-640
-826
-917
-931
-931
-900
-783
-616
-416
-153
86
176
84
-77
-280
-470
-581
-595
-624
-709
-778
-851
-969
-1088
-1180
-1292
-1404
-1429
-1345
-1230
-1105
-978
-839
-736
-654
-565
-475
-364
-227
-65
96
189
247
299
307
325
364
424
440
482
571
665
732
763
762
701
640
603
622
677
769
862
875
860
839
838
857
808
749
733
726
762
824
891
914
922
997
1161
1135
933
695
366
-63
-521
-812
-1001
-1180
-1232
-1075
-974
-1042
-1046
-921
-807
-692
-507
-264
-129
-191
-169
-167
-332
-520
-651
-791
-926
-927
-803
-718
-685
-627
-527
-413
-294
-96
71
211
346
417
394
326
277
251
249
319
433
528
647
790
982
1249
1689
2165
2363
2265
2036
1694
1165
635
208
-132
-396
-538
-550
-615
-762
-839
-834
-838
-845
-735
-533
-330
-126
74
176
74
-164
-413
-683
-897
-966
-992
-1009
-997
-967
-920
-935
-988
-1118
-1232
-1309
-1271
-1140
-1007
-888
-800
-715
-625
-551
-502
-425
-326
-194
-21
126
234
313
344
368
403
429
457
500
590
700
782
818
790
739
678
653
640
650
720
802
868
875
877
896
947
930
808
714
700
715
755
807
842
857
883
979
1081
964
725
493
152
-323
-741
-983
-1116
-1165
-1091
-906
-807
-867
-872
-777
-669
-561
-412
-242
-188
-226
-267
-326
-508
-719
-838
-939
-1022
-990
-859
-703
-572
-462
-326
-218
-100
49
189
294
341
367
309
219
156
149
199
241
312
441
616
805
1027
1369
1865
2332
2454
2320
2064
1604
1025
476
3
-375
-571
-586
-545
-538
-604
-670
-678
-656
-639
-549
-364
-184
-29
112
147
-27
-319
-598
-892
-1121
-1202
-1182
-1131
-1046
-948
-899
-899
-962
-1073
-1170
-1217
-1167
-1065
-931
-805
-717
-643
-592
-585
-578
-525
-426
-273
-77
107
245
343
409
438
448
470
519
574
664
775
850
872
833
763
671
619
601
634
697
792
837
869
907
951
927
837
754
686
667
701
789
809
804
839
944
1095
1109
866
601
292
-210
-669
-957
-1150
-1256
-1174
-957
-795
-780
-774
-679
-566
-495
-442
-323
-208
-210
-209
-270
-473
-743
-944
-1034
-1070
-1064
-956
-771
-596
-443
-291
-155
-45
54
180
289
345
371
338
281
253
198
159
218
332
418
626
892
1102
1437
1996
2446
2505
2365
2062
1532
895
369
-119
-493
-658
-648
-583
-519
-518
-573
-568
-520
-533
-518
-366
-188
-37
84
105
-51
-337
-632
-919
-1161
-1286
-1318
-1307
-1208
-1060
-912
-842
-869
-959
-1059
-1111
-1119
-1101
-1010
-869
-768
-678
-596
-543
-524
-503
-413
-297
-183
-14
165
336
462
550
573
555
556
569
642
732
805
842
840
772
686
611
555
555
617
727
813
870
948
1051
1046
927
812
722
662
676
751
821
839
885
996
1169
1109
836
580
230
-224
-642
-944
-1165
-1247
-1176
-999
-812
-752
-749
-681
-578
-523
-451
-326
-234
-215
-221
-266
-462
-747
-979
-1102
-1144
-1131
-1019
-849
-653
-440
-228
-43
74
160
236
336
421
422
374
284
200
136
148
189
273
455
632
818
1070
1460
1971
2420
2552
2369
2043
1501
809
217
-222
-540
-685
-624
-520
-466
-440
-439
-453
-438
-431
-404
-318
-135
31
102
108
-77
-416
-755
-1061
-1304
-1413
-1419
-1358
-1229
-1033
-871
-813
-878
-969
-1068
-1129
-1141
-1094
-1029
-897
-748
-653
-560
-527
-502
-488
-397
-287
-146
16
199
386
518
624
654
634
597
617
660
725
784
801
804
778
692
599
543
527
593
668
756
807
892
1014
1113
1093
1008
970
906
852
792
776
721
666
630
596
695
764
536
326
180
-221
-713
-986
-1111
-1196
-1111
-912
-734
-668
-689
-670
-588
-530
-538
-477
-356
-339
-375
-435
-574
-802
-1033
-1135
-1124
-1092
-982
-792
-598
-398
-246
-97
5
106
263
432
534
531
482
402
308
269
312
368
431
575
767
972
1132
1336
1683
2135
2416
2341
2109
1731
1153
517
6
-403
-673
-726
-636
-500
-401
-391
-435
-433
-387
-389
-366
-273
-146
-56
-32
-124
-376
-704
-983
-1236
-1428
-1464
-1415
-1325
-1201
-1051
-973
-996
-1068
-1129
-1149
-1124
-1055
-997
-908
-808
-714
-637
-599
-562
-534
-433
-275
-100
79
248
420
559
664
691
677
655
665
717
793
844
860
835
795
741
649
600
567
606
728
861
947
964
990
1013
1044
1071
1068
1081
1048
938
852
739
574
478
396
312
257
346
381
171
39
-142
-547
-941
-1100
-1114
-1106
-1005
-821
-642
-618
-751
-772
-665
-615
-586
-496
-429
-520
-660
-712
-787
-931
-1027
-999
-940
-818
-631
-427
-274
-197
-115
1
157
302
471
588
644
648
599
510
397
316
324
439
572
734
900
1019
1085
1201
1508
1941
2237
2237
2068
1764
1228
553
29
-348
-581
-655
-570
-461
-450
-528
-607
-584
-580
-610
-606
-525
-379
-247
-186
-240
-477
-841
-1177
-1465
-1609
-1562
-1476
-1400
-1314
-1207
-1116
-1064
-1054
-1042
-1004
-959
-888
-812
-716
-637
-592
-530
-436
-367
-279
-143
32
231
418
542
600
607
607
659
724
777
815
875
921
943
947
903
829
733
639
618
624
689
792
889
951
927
909
924
919
885
915
889
729
619
565
464
364
330
272
171
84
120
239
192
15
-121
-330
-700
-995
-1079
-1051
-1013
-908
-729
-634
-699
-742
-666
-671
-749
-739
-682
-719
-795
-812
-798
-828
-845
-806
-747
-649
-504
-366
-241
-141
-55
84
240
446
642
770
799
754
662
539
398
267
273
400
532
641
787
872
894
937
1080
1412
1937
2349
2402
2228
1885
1315
616
97
-269
-551
-650
-589
-521
-580
-742
-893
-971
-1013
-994
-885
-691
-483
-319
-281
-455
-778
-1085
-1360
-1547
-1572
-1448
-1311
-1218
-1113
-1009
-962
-984
-1000
-981
-962
-920
-825
-710
-609
-506
-450
-398
-302
-171
-13
121
262
385
453
501
528
528
576
642
738
840
903
921
937
936
935
934
877
801
733
671
663
691
778
869
854
791
699
624
534
429
399
523
699
745
735
741
638
434
312
194
34
-115
-50
88
-53
-248
-442
-683
-964
-1078
-987
-896
-824
-690
-554
-651
-878
-987
-1012
-1074
-1005
-795
-645
-611
-579
-501
-506
-545
-509
-415
-327
-215
-65
-11
7
36
89
186
322
512
668
758
767
679
539
381
302
304
336
443
585
702
795
909
977
1009
1116
1433
1910
2263
2266
2030
1654
1098
484
39
-305
-564
-662
-718
-803
-1045
-1272
-1397
-1415
-1271
-1044
-843
-664
-511
-458
-506
-693
-946
-1200
-1359
-1340
-1172
-1010
-941
-937
-1000
-1079
-1150
-1153
-1036
-861
-707
-505
-315
-220
-181
-162
-180
-186
-138
-47
67
200
333
416
460
472
464
498
560
653
746
840
918
963
1002
1003
963
896
822
735
673
656
633
610
595
532
403
276
225
253
286
303
348
495
733
871
828
703
556
331
79
-68
-229
-389
-473
-329
-95
-149
-252
-288
-432
-647
-698
-643
-717
-878
-909
-914
-1044
-1150
-1049
-883
-770
-559
-311
-229
-277
-275
-212
-207
-164
-27
79
80
101
124
87
36
12
42
142
340
596
730
751
659
449
233
149
148
145
207
404
587
659
723
804
816
840
1029
1445
2018
2418
2420
2057
1497
829
167
-340
-699
-974
-1099
-1144
-1227
-1429
-1629
-1712
-1671
-1443
-1121
-804
-589
-491
-473
-503
-627
-768
-874
-952
-956
-860
-776
-801
-908
-1024
-1019
-895
-684
-443
-275
-201
-200
-225
-253
-261
-309
-306
-196
17
238
385
477
509
497
434
419
458
526
626
769
891
972
1004
974
908
876
846
790
716
606
467
341
279
254
238
202
128
37
20
90
198
307
391
484
571
650
704
667
584
461
230
-29
-261
-388
-472
-415
-182
-167
-326
-499
-677
-871
-962
-865
-742
-736
-687
-605
-643
-715
-698
-583
-485
-327
-108
68
87
70
41
-49
-99
-58
14
58
125
154
105
20
3
21
119
319
522
607
529
395
232
107
88
152
250
347
450
625
686
667
698
748
836
960
1138
1276
1537
1902
1913
1464
875
324
-245
-639
-753
-807
-951
-1104
-1269
-1540
-1760
-1753
-1579
-1326
-1003
-670
-521
-500
-535
-634
-721
-741
-696
-631
-471
-314
-252
-331
-491
-666
-804
-798
-678
-437
-236
-149
-155
-192
-217
-216
-101
40
178
291
367
370
339
339
322
294
305
377
480
620
748
866
889
881
859
784
753
691
612
497
333
213
67
-72
-138
-136
-88
-25
7
37
74
146
246
284
347
428
525
630
657
605
505
337
108
-100
-281
-407
-482
-394
-231
-255
-300
-304
-401
-603
-681
-606
-616
-655
-624
-603
-652
-595
-366
-153
-10
168
277
194
87
41
28
31
118
256
272
171
52
-94
-189
-185
-80
75
216
326
343
263
131
97
63
85
267
434
559
597
617
584
470
421
474
556
593
655
719
815
1091
1383
1322
904
432
35
-321
-478
-495
-650
-902
-1081
-1296
-1519
-1564
-1429
-1229
-1044
-887
-762
-672
-592
-538
-488
-331
-87
9
-26
-39
-84
-230
-437
-582
-641
-599
-417
-205
-34
4
-91
-233
-350
-308
-129
69
194
208
170
84
-12
11
131
283
438
595
721
769
777
686
545
428
387
396
377
360
318
277
176
27
-117
-217
-245
-251
-216
-112
15
86
94
149
239
324
344
301
252
255
327
415
517
579
593
479
261
81
-28
-118
-129
-12
0
-113
-241
-434
-609
-616
-471
-346
-293
-271
-263
-306
-283
-161
-61
-18
85
144
90
24
-44
-116
-167
-121
-62
-42
-61
-127
-201
-290
-318
-229
-98
44
178
255
300
303
363
414
484
580
635
573
385
221
115
135
262
442
550
551
500
394
308
504
938
1202
1114
831
445
46
-228
-393
-601
-854
-1006
-1190
-1343
-1324
-1244
-1179
-1069
-901
-755
-580
-415
-336
-228
-27
113
128
98
71
2
-47
-82
-143
-172
-160
-179
-225
-268
-394
-581
-724
-744
-673
-487
-288
-197
-182
-214
-225
-185
-30
152
266
302
293
277
253
252
239
282
350
418
457
432
397
341
294
217
183
230
279
314
296
266
209
120
23
-42
-46
7
85
118
152
218
340
488
636
793
930
955
843
661
437
176
-26
-53
82
151
76
-21
-189
-388
-419
-321
-283
-254
-264
-295
-366
-429
-354
-245
-161
-58
40
12
-83
-191
-237
-254
-300
-259
-206
-237
-282
-300
-327
-317
-199
-60
44
58
26
-7
-33
54
179
242
258
220
127
14
-52
-34
41
150
249
331
356
381
396
382
438
689
1123
1395
1329
1038
691
391
244
184
81
-70
-274
-568
-883
-1066
-1081
-1027
-977
-893
-772
-673
-646
-656
-558
-371
-184
-57
19
11
-44
-91
-140
-160
-141
-141
-196
-250
-305
-397
-508
-589
-598
-560
-483
-466
-506
-575
-607
-555
-406
-158
26
114
132
110
77
82
122
163
292
433
496
526
572
616
595
534
461
391
327
273
191
114
93
135
205
188
158
136
170
268
386
502
577
640
685
690
641
591
568
577
551
477
378
260
235
407
502
368
164
-85
-320
-470
-464
-518
-643
-742
-815
-889
-896
-735
-588
-504
-400
-242
-181
-202
-143
-4
64
97
139
69
-110
-233
-288
-339
-328
-237
-186
-199
-224
-197
-143
-94
-10
94
197
231
252
263
241
249
294
357
352
315
294
322
371
476
602
701
928
1320
1528
1336
963
683
529
474
480
372
120
-166
-478
-767
-873
-807
-787
-821
-918
-1005
-1046
-1108
-1111
-978
-733
-521
-396
-312
-247
-182
-74
-7
18
1
-122
-290
-441
-542
-573
-622
-696
-760
-754
-739
-772
-762
-723
-655
-495
-281
-116
-43
-30
-7
61
226
419
568
655
679
624
572
587
608
624
643
615
557
516
494
488
463
432
421
429
391
279
188
157
213
292
301
267
241
233
280
355
424
498
522
492
424
462
614
694
575
520
600
462
231
16
-249
-534
-725
-754
-860
-993
-1015
-1037
-1078
-959
-737
-587
-532
-457
-278
-210
-174
-51
58
85
112
126
27
-111
-162
-174
-190
-169
-108
-110
-132
-107
-35
43
100
154
166
158
203
221
195
163
223
271
273
313
373
412
425
529
624
632
673
809
1124
1432
1392
1024
698
653
777
904
801
438
38
-335
-668
-855
-903
-1007
-1208
-1418
-1572
-1561
-1437
-1300
-1096
-821
-625
-568
-562
-482
-324
-129
11
41
23
-68
-252
-364
-400
-432
-486
-591
-720
-694
-575
-496
-482
-462
-419
-344
-248
-201
-160
-76
50
176
301
401
411
373
412
511
708
918
1005
992
908
810
738
700
676
625
515
382
276
236
209
110
-18
-107
-93
-27
-2
-31
5
123
259
399
473
508
473
482
478
495
529
572
567
404
188
129
289
161
-50
-199
-390
-535
-550
-507
-631
-779
-821
-891
-916
-766
-646
-678
-680
-543
-335
-188
-117
41
153
157
145
91
52
97
189
229
157
68
0
-64
-40
83
205
201
139
35
-3
55
130
145
135
116
128
166
217
281
354
442
479
464
502
548
597
767
1035
1296
1224
841
447
365
502
577
451
106
-242
-524
-755
-901
-955
-1021
-1228
-1473
-1549
-1379
-1136
-1000
-934
-831
-798
-802
-736
-586
-379
-213
-103
-80
-53
39
6
-65
-64
-59
-110
-248
-333
-273
-183
-186
-246
-333
-387
-391
-326
-230
-118
9
96
138
178
279
399
466
542
609
634
649
650
694
764
797
772
689
574
463
392
358
346
340
305
202
61
-47
-73
-22
-20
-80
-137
-133
-35
77
166
236
308
417
478
462
432
382
342
343
430
591
525
247
56
-27
-33
-15
-40
-204
-409
-531
-570
-630
-648
-664
-745
-792
-767
-669
-598
-528
-410
-287
-173
-110
-11
113
234
281
229
150
100
132
206
280
318
244
119
-2
-42
-44
-21
-24
-78
-139
-168
-148
-78
-7
36
86
151
201
234
294
321
331
349
393
398
422
673
921
870
624
435
441
557
594
433
154
-127
-324
-494
-596
-695
-856
-1026
-1100
-1098
-1011
-947
-994
-928
-771
-671
-673
-650
-491
-234
-24
88
132
159
156
162
199
253
252
136
23
-42
-29
-65
-209
-348
-407
-434
-440
-437
-450
-426
-335
-237
-150
-55
16
101
194
325
459
553
564
525
521
559
580
555
489
425
380
333
270
186
152
138
97
14
-36
-25
-14
-20
-46
0
116
265
338
317
312
294
293
310
398
484
552
536
481
458
595
739
580
479
403
322
246
185
66
-130
-306
-429
-562
-658
-686
-815
-931
-868
-736
-614
-534
-501
-406
-265
-190
-106
-11
73
139
155
133
81
65
36
37
36
29
-24
-136
-231
-237
-187
-153
-201
-277
-271
-247
-162
-134
-152
-135
-61
8
72
140
182
200
194
220
267
349
412
605
882
948
785
605
651
827
922
745
409
154
33
-95
-248
-369
-576
-819
-979
-1036
-988
-904
-944
-927
-739
-574
-505
-474
-351
-167
14
145
168
181
174
99
54
112
124
10
-162
-317
-351
-290
-317
-438
-523
-527
-495
-444
-388
-360
-323
-275
-225
-204
-124
-66
-28
15
114
218
314
367
401
464
515
521
511
520
553
571
502
449
429
437
424
315
242
242
265
238
183
161
192
277
318
336
335
334
336
349
397
471
524
528
524
545
688
785
645
562
541
491
383
247
77
-122
-285
-452
-634
-756
-860
-1023
-1151
-1112
-1028
-983
-965
-912
-770
-586
-485
-432
-351
-265
-171
-120
-47
7
27
-2
-51
-53
-22
1
-25
-2
6
-63
-113
-164
-144
-81
-72
-67
-65
-85
-122
-83
-15
91
183
234
233
240
320
463
607
722
793
889
1151
1176
1004
849
859
1026
1033
798
409
145
20
-96
-232
-333
-457
-688
-854
-897
-839
-785
-850
-926
-827
-673
-637
-622
-520
-361
-258
-252
-307
-267
-167
-126
-110
-106
-133
-222
-314
-298
-216
-153
-205
-400
-488
-489
-489
-479
-465
-433
-444
-440
-424
-355
-242
-134
-72
6
80
159
227
334
468
588
686
685
690
709
743
759
768
722
678
629
547
455
393
390
386
378
294
242
271
347
415
428
395
354
346
362
439
540
560
510
415
379
415
596
623
451
334
212
99
11
-44
-181
-364
-506
-680
-837
-926
-971
-1090
-1162
-1128
-1136
-1138
-1101
-997
-815
-642
-583
-508
-387
-291
-165
-73
-8
34
33
43
36
104
159
151
137
110
118
135
160
102
74
119
124
156
200
179
145
176
184
211
271
337
334
316
379
463
572
657
658
753
1014
1052
827
638
623
756
810
683
426
264
124
-115
-287
-314
-369
-572
-801
-911
-884
-824
-897
-993
-902
-820
-883
-933
-845
-684
-556
-536
-536
-422
-272
-204
-200
-118
-64
-100
-150
-141
-74
-22
-85
-247
-348
-396
-404
-416
-390
-343
-316
-301
-277
-220
-128
-24
70
140
202
246
271
387
526
641
732
763
757
760
791
800
780
754
736
733
684
561
473
454
503
473
388
322
311
343
316
234
131
105
120
166
181
185
149
75
56
81
155
177
216
324
173
25
-60
-122
-84
-51
-164
-389
-561
-676
-744
-754
-751
-871
-1064
-1093
-1011
-908
-779
-715
-703
-645
-590
-499
-255
-21
125
121
79
102
169
242
287
307
290
246
164
167
231
247
203
112
60
133
236
269
281
292
253
182
131
149
187
184
175
173
175
248
267
269
339
400
487
624
791
786
643
556
646
795
779
549
258
125
96
15
-106
-266
-523
-818
-933
-907
-819
-789
-915
-980
-911
-877
-915
-879
-716
-553
-477
-480
-497
-466
-410
-339
-283
-141
-87
-136
-106
-59
-23
-40
-141
-215
-210
-178
-185
-232
-263
-270
-278
-243
-144
-61
-2
31
68
157
267
331
380
457
533
598
667
687
760
852
908
888
794
713
686
695
676
614
544
493
409
301
196
130
109
106
75
57
68
83
54
15
-11
-19
12
28
57
55
43
11
93
116
6
-22
-15
56
120
59
-138
-273
-322
-358
-400
-468
-549
-686
-770
-755
-738
-733
-747
-796
-725
-596
-487
-399
-296
-177
-129
-111
-74
21
135
256
289
295
273
222
183
186
211
199
166
74
22
47
27
12
-4
-24
-46
-66
-57
-11
35
61
42
91
244
356
454
529
572
599
633
658
718
923
986
748
527
511
678
779
661
330
94
26
-49
-156
-281
-408
-603
-760
-791
-792
-837
-942
-1026
-928
-762
-725
-766
-714
-623
-533
-528
-523
-461
-342
-294
-307
-280
-231
-220
-232
-158
-106
-123
-181
-297
-328
-258
-237
-252
-268
-238
-170
-140
-128
-67
3
72
141
195
288
367
458
584
675
749
735
725
727
738
774
751
698
648
624
596
552
478
399
351
334
282
198
162
188
194
152
86
35
54
133
186
190
154
85
44
73
203
242
124
26
-3
47
88
51
-72
-134
-148
-216
-286
-341
-426
-564
-661
-700
-735
-765
-788
-810
-788
-730
-712
-693
-580
-420
-340
-318
-271
-178
-50
56
100
108
92
103
177
254
272
214
174
149
166
195
174
148
165
166
139
128
124
136
151
167
175
178
194
230
298
368
410
398
404
477
522
539
488
419
423
440
502
606
606
429
214
170
290
361
262
33
-129
-175
-194
-293
-410
-478
-596
-720
-753
-756
-768
-830
-903
-888
-840
-815
-796
-718
-617
-546
-560
-584
-529
-411
-292
-248
-219
-181
-188
-171
-93
-5
1
-22
-62
-63
7
37
13
33
96
127
147
173
206
255
296
343
396
463
506
526
567
585
614
606
601
622
641
616
550
484
458
465
454
395
327
246
208
200
188
169
129
133
133
115
73
40
16
23
13
-27
-53
-34
-39
-46
-44
-40
-14
-125
-205
-206
-178
-182
-214
-271
-364
-384
-405
-444
-457
-491
-589
-682
-657
-560
-527
-513
-477
-438
-355
-296
-248
-165
-44
36
44
75
145
215
227
248
273
267
251
253
273
293
297
297
280
237
251
231
245
278
283
238
186
194
191
177
122
78
58
84
106
55
20
20
19
56
111
127
162
169
139
94
93
89
85
101
126
136
65
23
10
77
136
81
-43
-134
-137
-109
-119
-191
-267
-329
-409
-483
-508
-499
-523
-605
-652
-639
-620
-586
-540
-508
-491
-491
-483
-397
-271
-180
-181
-186
-178
-140
-77
1
94
157
167
152
156
200
268
323
339
316
293
257
255
245
227
224
207
206
189
200
227
215
229
223
200
200
202
217
235
248
254
245
275
300
302
276
222
193
207
192
160
140
115
104
103
56
6
-18
-35
-15
-28
-43
-81
-87
-88
-35
26
78
64
-50
-6
37
89
130
66
-53
-76
-59
-101
-123
-113
-175
-243
-235
-202
-212
-225
-211
-220
-199
-172
-185
-179
-122
-88
-88
-84
-33
42
81
56
31
46
62
105
141
131
107
74
84
91
107
110
58
-21
-73
-114
-144
-145
-131
-127
-153
-187
-204
-186
-155
-120
-94
-91
-71
-54
-13
77
118
144
152
141
160
218
283
299
275
222
216
252
299
303
280
302
252
204
186
152
126
96
-9
-82
-98
-149
-262
-329
-322
-374
-407
-451
-497
-500
-491
-494
-490
-467
-449
-445
-401
-343
-313
-262
-232
-158
-54
5
-13
-11
12
23
44
60
46
20
-12
-31
-21
-3
24
-10
-6
3
46
85
109
120
140
178
212
262
263
248
257
284
293
309
304
290
276
272
287
280
261
248
225
256
285
274
254
203
168
152
133
112
106
88
83
77
49
9
-9
30
69
109
136
65
52
101
145
176
138
60
20
43
34
-13
-55
-129
-225
-259
-267
-304
-349
-375
-386
-407
-408
-434
-437
-394
-319
-277
-258
-246
-195
-137
-97
-34
-2
43
92
138
153
166
134
112
123
105
79
29
-31
-54
-61
-37
-18
-50
-60
-54
-45
-18
-17
-34
-23
-10
14
29
30
82
115
147
198
260
302
328
355
364
374
367
329
278
279
259
218
166
137
142
63
3
-20
-10
12
-44
-160
-234
-232
-225
-259
-300
-302
-354
-403
-435
-453
-443
-442
-449
-454
-432
-427
-454
-419
-356
-318
-299
-306
-285
-227
-169
-141
-128
-103
-90
-75
-23
8
25
35
25
38
75
118
152
182
224
252
265
277
302
342
357
351
311
291
278
254
274
272
236
212
187
193
217
220
213
174
167
164
172
194
175
182
197
214
251
220
199
193
224
266
221
169
140
145
189
206
129
110
55
8
69
61
25
-31
-84
-120
-143
-164
-235
-304
-334
-345
-370
-409
-408
-419
-398
-361
-382
-349
-328
-295
-234
-206
-198
-175
-147
-113
-63
-46
-40
-55
-75
-85
-81
-75
-64
-67
-60
-40
-20
-19
-26
-31
14
49
92
119
112
142
143
174
188
201
186
172
181
206
228
227
203
199
234
249
230
224
222
189
202
222
220
223
189
170
152
181
209
108
68
68
103
132
71
-52
-85
-52
-51
-102
-171
-238
-309
-352
-383
-402
-428
-475
-530
-537
-545
-585
-599
-551
-505
-496
-489
-479
-453
-368
-311
-297
-261
-224
-183
-150
-103
-49
-20
4
11
33
106
137
152
166
185
196
198
224
254
285
274
273
264
275
272
282
304
324
326
302
312
320
386
424
441
425
397
402
427
462
447
425
407
403
394
383
340
321
292
254
190
116
95
81
71
79
80
22
-58
-81
-72
-73
-94
-144
-203
-226
-228
-263
-282
-289
-339
-403
-440
-449
-454
-477
-494
-515
-527
-513
-495
-448
-418
-405
-406
-407
-342
-269
-217
-197
-197
-181
-148
-107
-77
-41
1
44
80
114
131
160
196
223
233
236
242
249
263
270
269
265
256
222
216
221
229
211
198
177
143
192
213
229
250
250
220
220
269
284
286
259
216
195
233
284
274
200
148
112
124
150
89
5
-69
-103
-130
-205
-289
-353
-419
-485
-549
-611
-632
-648
-662
-672
-681
-675
-639
-586
-510
-445
-412
-400
-348
-269
-208
-148
-120
-91
-60
-19
24
48
62
72
80
100
103
105
117
154
191
216
237
263
280
305
331
364
376
380
400
404
414
425
433
443
428
398
402
385
392
371
335
314
289
271
260
203
161
126
87
58
20
-7
-33
-47
-58
-75
-86
-83
-83
-77
-82
-67
-75
-78
-90
-85
-58
-81
-97
-117
-154
-191
-206
-205
-229
-245
-279
-309
-340
-357
-346
-350
-347
-344
-353
-333
-303
-279
-247
-229
-189
-150
-116
-67
-46
-21
34
66
104
135
168
193
195
210
219
219
214
219
220
205
196
188
165
154
137
136
144
114
91
84
71
76
83
80
72
77
78
72
78
108
102
78
70
63
71
51
10
-35
-54
-46
-52
-54
-64
-93
-72
-73
-67
-50
-56
-50
-36
-18
-9
-42
-64
-77
-84
-77
-95
-121
-160
-171
-183
-179
-178
-195
-202
-210
-210
-214
-215
-210
-203
-186
-187
-206
-215
-199
-172
-166
-154
-123
-107
-69
-54
-22
1
10
48
61
115
139
147
154
164
199
206
214
199
190
196
211
227
226
224
217
200
183
181
182
173
151
117
119
118
99
88
68
62
51
52
44
39
31
39
45
58
53
45
43
54
92
97
91
96
122
129
135
133
120
112
128
130
106
68
11
-32
-39
-49
-82
-136
-161
-179
-201
-212
-238
-259
-264
-252
-229
-237
-229
-225
-233
-212
-198
-179
-168
-147
-113
-92
-86
-80
-73
-54
-41
-35
-28
-28
-24
-13
13
37
42
50
68
70
73
82
89
94
105
124
121
125
135
123
109
116
132
137
134
115
91
99
110
110
110
106
83
84
103
104
101
89
98
129
132
142
118
104
102
100
103
79
27
-12
-34
-40
-56
-96
-139
-169
-188
-204
-223
-252
-275
-316
-329
-330
-330
-333
-348
-368
-368
-373
-363
-354
-334
-330
-305
-273
-252
-215
-195
-165
-128
-88
-48
-22
0
42
66
110
133
156
167
171
196
200
226
237
216
205
212
218
233
245
237
248
255
233
231
239
246
237
229
236
228
235
252
254
245
232
225
224
234
223
201
187
187
182
151
127
85
66
48
21
7
-2
-13
-22
-25
-49
-73
-89
-89
-78
-99
-119
-144
-167
-192
-227
-236
-239
-239
-247
-266
-264
-261
-265
-255
-257
-244
-242
-246
-237
-227
-209
-204
-202
-197
-167
-140
-131
-97
-79
-62
-39
-12
21
52
80
112
136
167
170
185
205
223
230
206
180
174
191
194
175
153
133
116
95
82
66
62
71
74
76
68
53
49
58
70
79
90
102
102
106
108
106
111
112
127
116
119
111
88
70
46
30
-11
-45
-84
-117
-139
-172
-186
-218
-246
-269
-293
-297
-308
-300
-313
-315
-310
-299
-288
-289
-277
-260
-252
-232
-217
-211
-201
-185
-172
-156
-141
-139
-123
-105
-77
-45
-32
-29
-18
4
24
50
69
70
83
99
126
158
174
178
188
204
217
226
244
249
257
259
257
254
264
274
265
274
262
257
244
249
243
235
237
212
204
181
172
167
161
154
129
126
124
123
115
95
74
59
59
72
82
74
54
38
34
27
11
-15
-50
-79
-107
-149
-162
-182
-197
-215
-226
-234
-245
-260
-267
-274
-280
-273
-272
-273
-264
-252
-248
-239
-230
-221
-200
-178
-159
-137
-125
-107
-86
-56
-38
-27
-14
-25
-13
1
12
-2
4
13
17
16
17
23
16
40
46
50
51
47
33
33
44
59
69
81
82
93
111
129
147
171
187
201
216
221
235
227
223
204
189
185
182
177
153
140
128
115
108
104
101
90
76
54
37
34
17
-17
-67
-97
-127
-154
-178
-204
-225
-243
-271
-278
-289
-295
-303
-326
-328
-317
-297
-302
-304
-308
-297
-288
-269
-245
-229
-200
-189
-169
-143
-99
-68
-42
-7
14
49
73
98
123
130
154
179
192
202
210
222
223
225
250
249
248
252
246
255
259
255
251
237
237
233
218
199
185
177
162
161
141
130
121
101
91
92
79
64
60
49
55
39
23
15
8
-1
-33
-71
-95
-109
-121
-124
-131
-138
-132
-118
-114
-90
-74
-56
-55
-58
-56
-49
-44
-55
-71
-82
-98
-97
-83
-85
-81
-97
-101
-105
-97
-95
-114
-127
-134
-126
-113
-101
-99
-104
-99
-81
-66
-60
-47
-40
-25
-25
-26
-16
0
22
35
24
35
44
43
52
46
59
66
80
82
83
81
67
65
68
91
92
82
75
70
67
76
82
76
74
69
75
80
83
77
53
53
51
53
42
45
32
12
4
-8
8
-4
-12
-17
-29
-39
-47
-47
-40
-55
-68
-79
-77
-64
-81
-91
-86
-92
-96
-106
-111
-116
-133
-148
-153
-143
-156
-145
-154
-149
-136
-128
-111
-90
-88
-84
-73
-74
-48
-31
-13
6
16
25
31
46
35
33
45
53
60
64
72
73
78
75
65
66
60
56
68
82
78
69
78
72
78
82
86
89
87
90
91
90
87
79
82
70
67
63
52
55
51
55
54
53
62
60
64
65
83
91
94
96
88
103
113
115
108
106
82
73
80
75
60
55
24
28
26
22
11
1
13
0
-1
14
17
17
19
4
0
-15
-31
-51
-77
-99
-140
-158
-165
-184
-194
-210
-224
-228
-224
-217
-207
-209
-192
-180
-179
-172
-174
-181
-172
-154
-152
-129
-130
-110
-93
-85
-68
-57
-42
-20
2
16
42
62
74
89
93
101
125
130
130
141
142
149
153
151
146
154
160
157
153
134
133
120
121
115
111
100
86
77
69
65
63
65
53
51
43
37
27
25
11
-12
-22
-29
-25
-30
-35
-65
-72
-69
-90
-93
-103
-106
-107
-105
-106
-103
-100
-96
-91
-76
-68
-55
-58
-59
-42
-55
-47
-62
-65
-59
-71
-62
-68
-61
-49
-56
-53
-65
-61
-51
-55
-60
-55
-54
-48
-53
-48
-45
-33
-22
-28
-16
-13
0
0
8
19
26
23
29
36
44
67
74
90
86
93
95
102
119
126
133
128
122
135
140
138
145
129
129
125
115
108
105
109
103
89
92
83
83
74
71
64
54
42
29
29
34
44
20
3
3
-3
2
-11
-19
-23
-35
-43
-48
-50
-59
-63
-66
-67
-66
-76
-76
-84
-82
-66
-54
-39
-29
-25
-12
7
9
20
11
12
13
2
-1
-24
-34
-54
-82
-77
-85
-109
-104
-100
-104
-101
-110
-122
-141
-148
-137
-134
-124
-123
-117
-127
-119
-97
-87
-75
-62
-42
-37
-19
-12
0
10
18
29
35
43
45
54
59
53
50
58
63
68
70
84
78
82
89
93
96
100
97
93
94
84
91
93
90
101
95
99
102
86
81
97
100
91
83
79
85
76
65
60
57
48
36
30
32
13
-1
-17
-10
-22
-35
-58
-85
-77
-84
-95
-108
-117
-132
-129
-138
-138
-142
-154
-146
-145
-146
-145
-142
-129
-124
-111
-103
-100
-91
-96
-86
-82
-78
-65
-56
-47
-36
-27
-11
-3
1
7
23
26
34
49
51
52
55
55
63
71
78
87
88
88
79
72
64
62
77
79
68
76
80
84
82
84
86
80
92
94
85
79
85
79
74
71
69
53
58
64
68
64
55
46
39
46
38
49
36
30
25
24
23
13
15
7
-1
-10
-20
-19
-7
-24
-23
-35
-39
-42
-38
-30
-27
-20
-4
7
21
20
20
5
6
23
14
0
-22
-39
-65
-71
-73
-97
-110
-131
-137
-145
-141
-145
-162
-172
-170
-152
-143
-129
-128
-130
-130
-121
-115
-93
-77
-58
-49
-35
-20
-18
-2
3
26
47
67
66
71
81
88
98
106
113
110
123
133
138
134
141
127
131
126
128
124
117
112
103
113
105
91
88
76
72
65
52
45
34
34
13
14
-12
-27
-30
-46
-53
-63
-54
-58
-72
-72
-83
-85
-86
-83
-89
-79
-79
-87
-91
-98
-99
-99
-104
-102
-110
-106
-109
-115
-114
-129
-113
-110
-100
-93
-97
-87
-77
-72
-76
-78
-72
-73
-64
-62
-56
-47
-47
-31
-19
-12
3
10
42
47
66
83
93
112
109
121
124
133
141
148
144
150
153
139
149
144
147
138
133
129
118
114
105
102
93
88
81
74
70
60
57
54
48
47
47
48
38
38
29
30
29
23
2
-1
-16
-17
-24
-31
-36
-47
-49
-60
-68
-72
-85
-82
-78
-81
-82
-88
-96
-88
-75
-71
-66
-69
-66
-65
-55
-45
-34
-29
-24
-23
-13
-4
-10
-7
-14
-10
-9
-17
-10
-7
-4
1
-2
9
16
17
19
14
15
26
27
26
33
26
21
24
20
25
24
13
11
5
0
-15
-25
-29
-35
-22
-32
-42
-51
-53
-63
-58
-54
-62
-57
-59
-57
-57
-56
-45
-46
-44
-44
-42
-28
-24
-12
-15
-8
-7
-4
6
1
-1
-2
-7
4
6
15
17
18
29
26
29
34
39
40
45
39
44
54
46
50
55
56
53
48
59
56
47
48
54
53
52
43
28
28
22
20
14
10
-1
-2
-1
-9
-18
-26
-29
-26
-13
-15
-16
-29
-30
-23
-27
-18
-32
-33
-28
-34
-21
-23
-27
-32
-37
-27
-15
-8
-7
21
36
47
51
51
41
38
51
52
40
25
11
-12
-14
-25
-35
-36
-50
-51
-48
-44
-43
-51
-49
-48
-39
-44
-30
-27
-34
-28
-38
-38
-32
-22
-11
-3
1
5
4
19
26
22
26
25
38
48
55
49
53
51
55
58
65
83
79
86
92
87
93
88
85
68
73
67
67
68
57
58
38
38
34
32
26
20
16
10
-1
-7
-14
-29
-35
-34
-40
-43
-38
-47
-46
-51
-47
-52
-57
-58
-67
-69
-60
-71
-73
-77
-75
-78
-86
-90
-104
-101
-102
-111
-108
-106
-105
-106
-108
-104
-105
-107
-99
-90
-80
-81
-65
-64
-60
-44
-37
-25
-20
-12
-11
4
17
36
46
49
60
76
69
77
82
89
98
95
94
88
93
91
89
89
82
83
89
87
85
83
80
77
78
81
84
76
75
77
72
71
77
75
71
73
65
65
68
61
56
53
48
41
39
24
19
8
7
-7
-14
-16
-25
-18
-22
-29
-34
-41
-46
-51
-53
-60
-66
-74
-83
-84
-86
-85
-91
-95
-87
-84
-78
-76
-75
-73
-73
-72
-70
-61
-62
-51
-58
-47
-39
-39
-26
-18
-7
2
8
10
18
20
18
13
10
18
21
18
16
21
15
11
14
22
27
18
14
12
14
4
11
1
3
4
8
5
4
4
2
4
1
3
2
2
2
7
9
7
6
4
9
0
-17
-18
-14
-21
-16
-28
-36
-30
-40
-34
-40
-27
-23
-20
-18
-11
-7
-2
6
7
12
10
21
23
37
42
43
46
48
56
54
61
58
56
63
61
66
64
62
60
53
45
41
49
43
40
30
24
29
30
26
19
16
9
3
-10
-6
-1
-9
-14
-25
-33
-29
-31
-39
-36
-38
-43
-44
-53
-49
-52
-52
-55
-55
-52
-63
-53
-46
-44
-40
-36
-27
-23
-18
-10
-5
-7
-7
-2
0
6
5
3
11
5
-4
0
-3
6
7
9
2
13
17
12
20
20
29
33
28
25
24
23
23
26
27
23
20
17
23
26
30
28
30
24
22
24
21
11
8
4
-4
-7
-5
-8
-8
-11
-17
-17
-11
-17
-22
-17
-17
-10
-11
-18
-28
-34
-43
-46
-40
-47
-47
-48
-55
-47
-45
-49
-51
-50
-38
-38
-41
-38
-35
-35
-30
-33
-30
-34
-24
-18
-6
-6
-2
14
8
8
13
23
25
32
30
41
50
54
51
52
61
59
57
52
56
52
59
53
55
55
47
49
45
39
47
49
44
40
43
38
39
41
46
39
31
27
15
14
8
15
13
3
-6
-4
-7
-7
-19
-18
-22
-23
-19
-19
-16
-26
-18
-26
-31
-32
-35
-27
-38
-44
-47
-44
-43
-36
-36
-39
-38
-34
-33
-35
-31
-31
-28
-34
-27
-27
-25
-19
-14
-10
-11
-15
-8
-5
-10
-11
-9
-7
-3
-1
-11
-4
-4
3
1
-4
-2
2
1
-4
2
-1
4
4
3
0
-4
-3
3
6
2
3
-3
-2
1
-5
-1
-6
-10
-11
-8
-3
-3
4
10
10
20
16
23
21
18
21
23
29
24
32
32
33
34
26
31
29
27
36
28
34
25
25
29
21
23
12
5
4
0
1
-4
-10
-18
-19
-19
-16
-20
-25
-26
-28
-32
-34
-30
-29
-23
-29
-27
-30
-21
-21
-16
-5
-11
-11
-17
-2
-6
-2
-1
-6
6
10
6
6
7
13
13
17
17
15
19
16
26
23
13
16
12
9
10
16
15
20
24
24
22
25
21
18
14
7
18
10
8
4
-1
0
2
-4
-7
-1
-5
0
-4
-4
-10
-14
-12
-14
-27
-27
-24
-27
-21
-24
-19
-21
-16
-20
-26
-17
-19
-16
-19
-20
-19
-21
-27
-27
-28
-21
-18
-17
-13
-14
-5
2
1
3
2
1
6
11
14
5
11
10
17
20
12
10
6
8
6
-5
-1
6
-3
-3
-5
-8
-2
-1
5
6
5
15
14
19
21
23
25
33
33
33
29
28
31
29
33
34
35
29
34
31
27
19
22
21
12
14
0
-3
-8
-10
-13
-16
-14
-18
-12
4
13
16
23
22
23
26
29
22
18
8
-8
-11
-21
-27
-37
-47
-48
-58
-58
-62
-60
-64
-54
-63
-62
-65
-66
-64
-65
-57
-56
-53
-50
-41
-41
-32
-26
-29
-24
-10
7
13
17
10
13
22
19
29
26
32
34
28
29
34
32
33
35
23
22
26
25
30
32
39
31
37
34
45
42
32
42
30
38
31
35
30
28
39
21
24
24
23
23
27
32
22
18
11
15
11
0
2
-4
-2
-1
-2
-1
-14
-6
-12
-10
-16
-21
-23
-32
-28
-35
-30
-32
-42
-45
-43
-48
-44
-47
-45
-42
-41
-38
-49
-49
-49
-47
-55
-53
-48
-48
-46
-43
-42
-40
-36
-24
-22
-15
-13
-18
-1
5
16
13
20
25
18
22
23
30
26
33
33
36
31
28
34
31
35
41
46
50
54
53
48
49
56
56
56
57
53
46
51
53
47
54
58
53
50
43
41
36
24
33
24
25
31
24
18
10
8
-2
-9
-16
-17
-13
-22
-28
-31
-39
-37
-43
-50
-50
-53
-56
-58
-63
-65
-60
-64
-56
-59
-62
-59
-61
-51
-57
-51
-51
-49
-46
-38
-28
-24
-17
-11
-8
-7
-1
4
2
-3
1
6
12
13
14
15
21
20
26
31
28
28
30
24
22
18
18
11
13
7
12
9
8
15
8
12
0
9
3
6
7
4
7
2
4
-2
2
0
-3
1
2
2
8
1
3
5
5
5
2
2
-4
-4
-12
-9
-7
-8
-11
-10
-6
-11
-17
-17
-7
-10
-10
-3
1
-4
3
0
8
5
-2
2
16
14
20
26
22
26
31
43
34
34
34
39
38
35
35
33
34
30
29
31
35
24
20
20
24
27
18
11
17
17
15
14
13
13
5
7
5
12
9
10
0
-10
-8
-14
-12
-20
-26
-26
-35
-42
-48
-55
-59
-59
-58
-58
-63
-67
-77
-78
-72
-74
-82
-81
-75
-72
-67
-61
-58
-52
-48
-46
-39
-36
-32
-28
-23
-18
-12
-10
1
-2
-2
5
5
13
18
29
36
41
42
47
48
47
48
44
47
52
47
53
50
51
54
50
50
45
46
44
44
43
45
50
43
42
30
29
29
28
22
7
6
7
0
2
1
-2
-1
-2
-3
-8
-5
-4
0
-1
-5
-3
-9
-10
-14
-11
-9
-12
-14
-9
-6
-9
-4
-5
-8
-7
-7
2
-6
-2
-9
-4
-3
-3
1
0
0
1
4
3
3
-1
7
9
9
13
8
9
7
8
12
5
8
8
1
0
4
4
2
-10
-9
-13
-20
-20
-22
-19
-21
-16
-17
-20
-14
-17
-9
-6
-7
-13
-14
-12
-19
-18
-23
-17
-16
-14
-14
-14
-22
-14
-24
-21
-15
-21
-21
-17
-13
-12
-17
-12
-7
-6
-9
-8
6
3
-2
-1
0
2
5
3
5
-6
4
3
9
8
5
6
2
7
3
11
10
13
10
7
12
12
9
11
14
9
12
9
11
9
9
10
13
17
14
19
19
22
26
33
30
28
27
30
26
29
18
15
13
6
-1
-1
-2
-10
-2
-10
-3
-15
-12
-9
-14
-5
-14
-13
-14
-17
-11
-7
-10
0
-4
-5
0
-4
0
-7
-4
-7
-3
-1
0
4
-4
-4
-9
-7
-6
-6
-5
1
2
4
6
1
7
8
3
2
2
1
5
2
8
6
7
6
2
6
4
4
1
1
-6
1
3
8
3
3
6
10
10
6
-3
-10
-8
-6
-3
-13
-11
-9
-8
-11
-15
-19
-18
-21
-21
-19
-23
-30
-33
-34
-39
-34
-21
-27
-33
-29
-28
-19
-10
-9
-11
-11
-7
-8
-5
-13
-12
-9
-7
-10
-10
-8
-3
-2
0
3
6
15
18
26
23
26
27
31
31
34
36
32
32
30
29
27
23
28
29
23
24
21
21
24
19
18
24
14
12
20
17
15
13
8
8
7
7
5
0
6
4
2
7
3
4
5
1
-4
0
-1
-2
-4
-4
-11
-14
-16
-17
-22
-19
-19
-27
-23
-27
-21
-23
-27
-27
-22
-19
-15
-14
-16
-13
-12
-8
-10
-5
-4
-4
-4
-12
-11
-9
-8
-5
-11
2
8
5
6
15
22
22
27
27
31
27
26
23
18
16
16
12
10
10
4
5
8
7
3
7
10
4
12
11
12
10
4
1
1
7
6
-2
3
1
-5
-7
-19
-20
-24
-29
-30
-24
-20
-28
-22
-18
-17
-14
-16
-13
-17
-8
-11
-10
-10
-22
-23
-22
-23
-19
-20
-25
-15
-20
-19
-21
-20
-8
-11
-6
-5
-3
5
-1
10
14
15
17
19
25
23
31
28
28
28
32
31
28
27
24
28
25
24
20
23
26
19
21
13
16
10
13
8
0
4
5
3
1
-3
-4
-2
-2
-7
-11
-8
-7
-8
-10
-13
-15
-12
-12
-20
-17
-16
-15
-19
-20
-16
-19
-16
-13
-10
-9
-11
-6
-7
-13
-9
-3
-4
-7
-4
-3
-1
-1
8
9
8
9
1
7
1
8
7
7
7
1
6
-3
-1
2
3
5
8
4
10
12
12
20
13
15
11
13
11
5
7
7
7
9
3
5
5
1
8
-3
0
-5
-2
-5
-11
-15
-14
-11
-8
-14
-15
-12
-14
-14
-18
-10
-18
-16
-17
-20
-14
-17
-19
-14
-9
-16
-15
-10
-11
-12
-12
-7
-10
-12
-10
-11
-6
6
-6
1
3
-1
11
6
8
4
5
12
9
1
2
5
7
4
9
8
14
17
9
20
20
25
21
26
18
25
29
21
21
8
12
10
8
4
5
1
3
-2
-1
2
3
1
-6
-4
0
-4
-3
0
2
2
9
8
7
3
0
2
-5
-4
-13
-11
-13
-16
-13
-11
-6
-8
-1
-8
-9
-9
-4
-7
-4
-2
3
18
10
16
11
15
18
17
17
8
17
17
16
19
8
6
6
8
3
8
7
9
5
3
-2
-3
2
1
0
0
-3
-6
-3
-6
-1
-3
-3
-6
-6
-7
-5
-9
-7
-16
-14
-12
-11
-17
-19
-20
-16
-16
-19
-9
-24
-19
-19
-25
-16
-20
-24
-21
-16
-13
-3
-6
-1
-2
1
2
0
-1
4
7
7
0
8
9
1
13
6
10
4
6
7
4
4
6
8
3
5
4
7
-7
-3
-2
-6
1
-3
-3
6
-4
-2
-3
-4
2
4
-2
1
-2
-8
-8
-9
-11
-13
-11
-8
-8
-1
-3
-5
0
-2
-1
-4
0
-10
-7
-5
-8
-7
-7
-1
-7
1
1
8
12
7
13
12
21
25
20
15
12
11
10
17
12
15
9
9
8
8
10
9
15
9
16
16
13
9
12
11
18
24
21
21
20
24
12
19
19
19
16
6
10
9
10
1
5
1
-1
-1
-1
-5
-8
-8
-10
-6
-6
-6
-12
-16
-19
-21
-23
-23
-25
-27
-32
-29
-31
-30
-32
-25
-23
-26
-27
-28
-25
-28
-29
-23
-26
-28
-25
-26
-27
-22
-16
-19
-16
-16
-9
-3
-1
11
8
13
14
7
7
11
10
10
15
11
13
15
11
7
11
9
10
13
17
12
14
13
12
16
14
20
14
23
22
21
24
22
26
21
23
26
23
19
18
23
18
14
11
15
11
15
7
4
8
5
5
2
6
3
-1
-6
-4
-10
-9
-11
-10
-9
-11
-10
-11
-11
-15
-10
-15
-8
-8
-8
-7
-9
-5
-11
-7
-4
-6
-7
-13
-9
-6
-10
-14
-11
-14
-12
-12
-12
-13
-10
-10
-14
-6
-17
-10
-14
-9
-15
-17
-4
-10
0
-1
0
1
0
3
9
10
6
2
4
1
-1
4
7
1
-2
-2
-3
0
1
4
9
4
2
9
10
11
6
11
12
7
9
16
14
9
10
13
8
6
5
2
2
2
-7
-4
3
-3
0
-3
3
-7
-6
-7
-9
-10
-2
-5
-5
-11
-11
-6
-4
-5
-11
0
-6
-1
3
1
6
6
5
8
11
15
4
3
9
3
5
3
4
3
5
7
7
9
10
18
15
19
14
7
10
9
8
8
4
-4
1
-1
7
2
-1
-4
0
9
8
10
8
4
12
9
-3
-7
-11
-16
-22
-29
-32
-32
-30
-24
-30
-25
-24
-24
-21
-13
-10
-8
0
5
-1
-2
2
7
4
2
-3
-1
1
-3
-7
-13
-12
-5
-4
0
-3
-3
-4
-1
3
3
1
4
6
0
5
4
9
12
5
11
14
14
12
13
14
13
13
4
-4
-4
2
-5
-9
-3
-6
-5
-7
-13
-16
-12
-6
-9
-8
-7
-1
0
-1
0
-1
4
6
6
7
9
7
8
10
5
3
0
1
-6
-7
-4
-9
-5
-4
-7
-2
-6
-2
3
3
6
9
7
2
9
12
14
14
15
19
19
18
16
21
16
21
21
22
18
15
18
17
11
15
13
10
11
9
4
-2
0
-1
-6
-7
-7
-5
-10
-11
-7
-10
-10
-8
-14
-10
-12
-11
-10
-18
-16
-19
-22
-13
-19
-17
-18
-23
-25
-25
-27
-19
-27
-23
-30
-24
-15
-17
-16
-12
-11
-10
-7
-12
-3
-3
-4
1
0
1
-2
0
5
4
2
4
10
13
10
7
5
14
12
12
11
12
15
7
12
14
10
10
18
19
17
20
18
17
17
13
20
14
18
19
8
11
12
17
12
12
8
2
9
3
-3
-4
-4
-2
-1
0
-1
0
-6
2
-5
-2
-3
-8
-10
-14
-5
-5
-7
-9
-5
-3
-2
-3
1
-2
-3
-5
2
0
-2
0
0
-4
-1
0
0
7
9
6
3
8
5
11
6
5
7
3
-1
-6
0
-1
-4
0
-2
-6
-8
-11
-10
-4
-6
-7
-1
-4
-9
-14
-11
-6
-10
-18
-19
-23
-22
-21
-23
-27
-22
-25
-22
-21
-19
-18
-20
-12
-7
-6
-3
-3
-6
0
5
0
1
1
1
10
9
8
9
8
8
7
10
13
15
20
17
21
26
28
29
25
28
25
29
21
17
18
16
19
17
16
19
17
11
9
4
8
10
8
8
6
6
6
3
5
2
-10
-8
-7
-12
-9
-14
-17
-15
-18
-11
-16
-13
-18
-20
-22
-20
-18
-10
-10
-8
-14
-14
-8
-14
-6
-14
-13
-13
-6
-9
-9
-8
-10
-9
-16
-13
-18
-10
-11
-12
-5
-8
0
0
4
5
8
6
15
19
16
15
17
22
17
21
15
13
15
16
19
8
4
5
2
6
5
0
-6
-9
-6
-7
-7
-8
-8
-3
-7
-6
-7
-11
-9
-16
-10
-7
0
1
3
3
1
2
-2
1
3
4
3
9
5
8
0
0
7
4
-2
3
8
17
7
10
16
14
13
3
8
3
1
-3
-7
-11
-7
-3
-8
-5
-3
-8
-6
-10
-5
-3
-3
5
2
4
6
8
1
13
7
4
6
12
6
3
2
-8
-4
-3
-5
-8
-5
-8
-3
-5
-5
2
-1
0
12
2
9
10
4
9
4
7
9
5
8
6
5
2
4
1
0
-1
-2
-5
-9
-3
-7
-5
-14
-15
-10
-10
-7
-3
-5
-1
2
-5
2
2
0
-1
5
7
-5
0
-3
-1
-3
-3
-7
-7
-7
-6
-3
-9
-14
-18
-14
-11
-10
-9
-6
-8
1
-3
4
5
-1
4
2
-4
2
-3
-4
-1
1
0
-6
-2
0
-4
-2
-4
-1
0
0
6
3
0
8
9
5
13
7
13
6
11
13
8
3
2
8
5
13
5
11
6
9
16
10
13
10
10
9
12
10
8
5
2
-5
1
5
4
5
3
6
-3
-1
2
-3
-4
-7
-6
-5
-7
-3
3
-2
4
-2
3
0
0
0
-6
-3
-9
-9
-8
-10
-10
-15
-12
-8
-14
-11
-10
-5
-4
-2
0
-4
-4
-11
-11
-14
-11
-11
-13
-11
-15
-11
-15
-22
-21
-14
-15
-13
-8
-8
-2
-6
5
3
5
8
0
10
3
9
7
6
7
-1
3
0
10
9
10
18
14
14
11
13
10
7
8
4
-1
2
8
3
1
2
0
2
5
8
7
2
1
15
12
5
12
15
10
11
12
9
15
14
18
12
13
13
17
17
9
7
3
2
2
-3
-4
-1
-2
-5
-4
-8
-8
-6
-7
-1
-6
-6
-8
-9
-11
-13
-11
-11
-13
-17
-14
-10
-10
-11
-13
-13
-11
-9
-12
-10
-12
-14
-9
-6
-6
-4
-4
-6
0
-2
-2
3
3
-4
3
0
2
2
-3
-5
-6
0
-6
3
2
6
7
9
13
11
11
8
3
8
16
10
14
8
13
10
3
10
11
10
8
3
5
6
0
-3
-3
-7
-8
-7
-5
-7
-8
-4
-6
-2
-2
-6
-3
-10
-5
-6
-5
-4
-5
-6
-7
-5
-5
-4
-9
-14
-11
-10
-7
-5
-8
-6
-12
-11
-9
-8
-6
-1
0
-1
-1
6
6
4
11
11
12
11
10
11
12
11
8
9
13
14
19
13
14
13
10
12
16
19
12
13
19
19
16
5
3
11
9
15
10
9
5
-6
-1
-3
-3
-2
-2
-7
0
-3
-3
-10
-9
-9
-13
-7
-12
-15
-12
-17
-17
-16
-17
-19
-19
-15
-17
-18
-9
-14
-15
-15
-15
-11
-13
-4
-1
-7
-8
-5
-11
-7
-8
-7
-2
-10
-12
-11
-10
-14
-11
-12
-7
-7
-1
-2
-1
7
9
9
11
14
12
18
21
22
22
25
20
19
22
18
12
15
13
12
16
14
14
10
8
3
6
9
12
7
12
15
7
10
5
9
10
9
8
2
3
5
9
3
2
3
5
5
-2
3
-2
-5
-6
-7
-7
-7
-3
-6
-5
-5
-6
-5
-12
-5
-12
-10
-14
-18
-16
-16
-12
-14
-15
-15
-12
-7
-7
-5
-2
-6
-6
-6
-3
-8
-7
-7
-5
-4
1
-5
-6
-9
-8
-8
-6
-3
-7
-2
-5
-1
4
5
1
2
1
5
2
1
0
-1
2
0
5
6
6
4
5
5
3
4
-2
3
0
-2
-2
0
3
-5
-3
-5
-4
-3
0
-3
-5
-6
-7
-3
-4
-3
-2
6
-1
2
2
-5
0
-5
4
2
2
-1
7
11
8
10
7
15
13
11
6
6
4
3
3
3
11
12
9
11
9
11
12
9
14
12
11
12
6
11
1
4
4
-2
7
1
7
3
8
12
11
9
6
2
7
7
10
10
9
6
6
9
-5
-1
-3
-7
-9
-12
-11
-15
-15
-15
-18
-18
-22
-17
-17
-13
-14
-12
-12
-14
-9
-12
-11
-6
-9
-10
-15
-10
-6
-10
-10
-10
-7
-9
-9
-3
-7
-2
-4
-5
-2
-8
0
0
1
-4
-6
0
0
1
0
-1
-1
6
4
6
9
11
11
8
12
12
11
7
5
8
5
4
3
1
-1
-5
-4
-2
2
7
5
4
2
4
4
1
7
3
2
-1
4
10
11
11
10
14
16
14
11
10
7
10
13
10
7
6
-2
3
0
-1
-3
-4
-9
-13
-13
-15
-14
-7
-8
-7
-8
-9
-4
-1
1
2
-1
0
3
-4
0
0
-2
-3
-8
-6
-10
-12
-10
-6
-8
-12
-6
-8
-8
-8
-11
-3
-5
-9
-4
-8
-3
0
-4
-8
-5
-4
-1
4
0
1
3
4
6
6
4
5
7
9
9
11
10
11
12
11
9
10
12
11
12
8
9
5
6
-1
-3
-4
-7
-5
3
3
-3
1
0
-1
-3
-3
-1
1
-6
-1
-4
-4
-5
-3
-6
-9
-5
-11
-9
-9
-8
-1
0
-3
-7
-2
-1
-2
-1
4
-5
-6
0
-1
-3
-1
6
-1
6
3
3
7
0
1
5
0
2
5
-1
3
2
5
5
9
8
9
6
8
9
5
10
5
5
4
5
0
-6
-5
-6
-4
2
-1
0
4
4
-6
-9
-6
-5
0
-1
-2
-2
-5
-5
-5
-3
-3
-7
-3
-4
-5
-2
-1
3
-2
-4
0
1
-1
1
4
2
3
4
3
4
2
4
-4
3
5
1
1
4
3
1
2
-4
0
-2
1
5
7
7
2
8
3
4
5
1
2
-4
0
0
-4
3
2
2
0
-3
6
-7
0
3
5
9
2
8
3
3
3
10
9
5
8
11
9
2
7
-2
0
1
4
5
-3
-1
-6
-5
-5
-10
-12
-12
-7
-7
-12
-14
-14
-13
-12
-11
-10
-10
-11
-9
-13
-8
-7
-9
-11
-10
-11
-6
-8
-5
-3
-2
-6
-7
-6
-1
-2
-7
-5
-5
-1
-5
0
-2
5
-1
-3
4
5
6
7
10
10
10
5
10
10
5
8
6
12
7
7
5
5
0
-3
-3
-3
1
-3
1
6
3
3
