SAMPLES:	7872
BITSPERSAMPLE:	16
CHANNELS:	1
SAMPLERATE:	16000
NORMALIZED:	FALSE
-1
-2
-1
-3
1
2
-4
-1
-4
-1
1
-2
-2
-3
-3
-6
-5
-4
-5
-4
-9
-10
-9
-8
-10
-5
-8
-7
-9
-15
-6
-7
-4
-1
-6
-4
-8
0
-2
-7
-5
-10
-2
0
2
6
2
-1
1
3
-2
3
1
2
3
0
0
1
4
0
2
2
2
1
-1
1
2
5
4
6
2
3
7
7
7
11
7
6
11
8
5
-1
7
6
9
12
8
1
-2
1
1
4
5
3
4
2
1
1
4
3
0
1
2
5
-3
1
-5
-4
-6
-6
-2
-5
-4
-7
-6
-3
-2
-3
-1
-1
0
-7
-1
-3
-1
0
-2
1
-8
-6
-4
0
-2
-7
-4
-5
-3
-5
-2
1
-1
2
6
4
8
6
3
4
-4
2
2
1
0
1
2
-1
-1
-2
0
-3
-2
-3
3
2
3
4
5
6
2
9
2
6
1
-1
2
0
-1
1
1
-2
-1
0
0
-4
2
1
-2
-1
-3
-1
0
-2
-2
-7
-5
-4
-6
-2
-6
1
-3
-3
1
0
3
-1
3
0
1
6
3
6
10
6
3
0
1
-3
-3
-2
3
4
4
2
0
-2
1
7
2
2
0
4
1
-1
-2
1
2
-1
2
4
7
4
8
2
2
2
6
10
5
9
21
49
104
128
121
101
60
9
-64
-127
-135
-91
-45
-42
-61
-91
-135
-169
-205
-204
-156
-93
-55
-56
-68
-79
-87
-89
-59
-12
46
115
153
142
108
102
125
167
184
179
171
173
164
126
121
151
182
173
137
69
32
8
-3
0
-1
2
1
-31
-61
-77
-98
-119
-132
-125
-122
-122
-119
-87
-61
-37
-30
-40
-32
-36
-39
-36
-12
31
68
58
54
39
11
-14
-39
-45
-39
-39
-44
-57
-69
-66
-75
-68
-67
-86
-102
-114
-110
-84
-80
-68
-48
-37
-28
-33
-27
-15
5
13
23
39
58
79
80
80
80
82
83
73
59
51
37
19
4
-12
-19
-17
2
14
17
2
-26
-47
-49
-37
-31
-12
6
36
29
7
-6
-20
-31
-43
-33
-14
-8
-6
-5
1
2
-16
-10
9
26
41
44
54
54
42
41
51
76
82
90
99
122
142
130
130
116
111
98
89
102
118
122
112
89
85
91
104
122
141
175
215
264
284
310
355
366
373
347
325
306
272
254
193
130
79
17
-52
-141
-238
-311
-394
-481
-591
-694
-746
-793
-841
-865
-867
-863
-843
-832
-796
-759
-701
-632
-571
-485
-397
-303
-202
-107
-14
82
167
244
317
373
429
476
513
557
611
707
788
850
873
833
783
700
597
467
343
254
178
95
-14
-105
-174
-249
-348
-454
-545
-597
-664
-723
-748
-732
-667
-606
-531
-447
-344
-237
-146
-64
-2
52
97
174
265
359
450
527
586
609
595
555
530
495
444
426
392
362
348
332
351
339
340
305
275
253
186
187
141
152
141
142
156
166
225
244
324
384
488
616
676
732
740
736
727
660
614
516
429
348
238
114
-21
-157
-289
-450
-641
-835
-1053
-1226
-1394
-1556
-1673
-1752
-1796
-1818
-1824
-1795
-1751
-1648
-1559
-1465
-1348
-1212
-1042
-898
-719
-535
-337
-129
57
237
392
532
672
794
892
945
1009
1053
1076
1112
1123
1148
1142
1120
1104
1058
1027
961
904
833
744
627
482
365
251
144
14
-111
-231
-332
-432
-525
-591
-625
-643
-667
-675
-666
-637
-601
-569
-519
-442
-365
-294
-209
-104
-10
94
190
278
346
406
445
471
490
474
468
438
429
422
397
394
380
369
350
334
352
356
382
375
383
380
337
336
307
328
317
312
298
288
330
337
416
515
664
810
911
962
950
956
925
859
755
588
450
283
122
-65
-239
-352
-484
-641
-859
-1072
-1267
-1471
-1677
-1865
-1999
-2105
-2165
-2184
-2167
-2077
-1967
-1825
-1679
-1518
-1352
-1208
-1063
-915
-742
-554
-362
-173
19
241
443
644
808
939
1060
1136
1181
1188
1185
1188
1197
1187
1162
1154
1137
1135
1089
1039
982
906
788
628
470
315
171
4
-155
-281
-382
-472
-557
-621
-654
-675
-702
-756
-763
-723
-692
-646
-613
-556
-467
-370
-271
-141
13
166
293
380
457
532
600
642
676
686
702
701
694
690
665
668
646
630
611
560
519
453
419
365
317
280
227
193
133
96
73
54
6
-29
-21
-5
41
110
250
424
583
686
733
806
859
873
823
727
629
507
358
156
-25
-164
-283
-431
-600
-739
-900
-1061
-1248
-1447
-1598
-1724
-1829
-1962
-2025
-1997
-1931
-1830
-1729
-1595
-1428
-1275
-1107
-956
-793
-636
-503
-374
-252
-111
54
218
372
532
668
788
897
983
1071
1132
1154
1144
1104
1064
1005
952
886
841
837
836
811
726
640
571
468
342
160
-29
-173
-354
-515
-656
-705
-711
-718
-717
-681
-594
-518
-471
-436
-416
-373
-360
-352
-286
-186
-42
116
250
402
554
668
760
787
823
823
794
740
635
574
530
484
485
472
474
486
494
496
447
415
328
255
173
92
23
-38
-70
-123
-152
-165
-116
-39
57
228
386
551
670
726
797
822
818
730
636
558
441
318
146
25
-58
-158
-268
-421
-555
-680
-845
-1021
-1219
-1359
-1486
-1635
-1737
-1802
-1805
-1762
-1696
-1593
-1470
-1329
-1184
-1043
-892
-747
-624
-516
-414
-318
-208
-97
45
183
324
444
577
713
822
916
988
1048
1063
1059
1023
975
927
847
773
737
706
699
679
642
601
537
448
312
168
16
-158
-345
-519
-655
-741
-775
-804
-783
-716
-620
-556
-501
-431
-363
-303
-289
-239
-174
-118
-61
12
112
227
357
486
616
726
826
892
903
891
867
787
730
652
567
493
419
408
400
401
407
406
418
383
327
262
182
102
-16
-145
-242
-309
-300
-255
-126
50
246
412
550
682
791
840
816
744
636
512
329
116
-50
-152
-247
-362
-488
-577
-638
-715
-810
-905
-1008
-1125
-1272
-1427
-1546
-1620
-1649
-1672
-1654
-1573
-1461
-1308
-1127
-935
-733
-549
-403
-284
-192
-115
-66
-9
55
130
189
259
342
467
615
736
851
945
1012
1028
1032
984
910
837
773
720
664
609
574
525
473
410
344
281
188
89
-27
-171
-328
-468
-594
-692
-760
-784
-765
-729
-676
-597
-501
-393
-283
-187
-103
-27
34
85
139
171
213
243
287
384
484
607
705
790
848
871
888
856
826
736
654
564
488
438
350
323
288
296
279
267
253
204
166
76
-40
-137
-179
-201
-182
-133
-15
128
244
381
531
685
794
820
805
743
662
518
314
145
-45
-194
-385
-558
-679
-777
-845
-919
-978
-1022
-1070
-1152
-1246
-1324
-1362
-1395
-1440
-1461
-1460
-1419
-1352
-1263
-1122
-957
-774
-610
-460
-309
-147
-12
90
168
198
211
243
282
309
365
424
497
554
614
668
744
798
817
844
841
859
840
806
748
653
581
481
372
270
170
79
-31
-135
-239
-315
-370
-435
-471
-502
-510
-505
-525
-510
-471
-429
-383
-337
-250
-187
-111
-24
54
130
168
253
324
382
461
544
620
655
681
695
711
714
720
704
674
654
606
591
549
521
488
431
383
300
249
184
129
35
-71
-128
-184
-173
-150
-96
19
131
268
375
505
637
706
740
742
711
628
472
290
121
-47
-220
-405
-581
-704
-793
-882
-952
-999
-1028
-1064
-1118
-1180
-1214
-1267
-1291
-1313
-1332
-1343
-1312
-1260
-1178
-1072
-946
-794
-655
-493
-355
-203
-51
86
170
223
274
306
335
358
367
396
433
461
489
534
606
678
747
807
860
907
907
866
766
709
612
510
373
238
141
19
-83
-204
-269
-312
-346
-389
-419
-402
-377
-398
-422
-438
-420
-418
-425
-380
-335
-250
-194
-136
-51
48
135
206
288
351
430
484
530
582
596
608
606
621
643
664
677
676
678
661
620
570
546
483
421
365
279
230
142
53
-23
-73
-134
-187
-173
-117
-24
65
137
240
366
488
596
655
704
726
709
631
510
361
199
27
-157
-350
-524
-649
-767
-862
-942
-1009
-1038
-1057
-1084
-1111
-1126
-1120
-1136
-1182
-1221
-1240
-1255
-1239
-1204
-1147
-1048
-936
-809
-667
-523
-353
-189
-50
42
113
183
236
280
305
332
338
357
369
387
412
449
504
566
666
764
818
834
836
850
822
756
644
543
436
314
164
12
-72
-159
-234
-311
-384
-404
-412
-402
-418
-398
-348
-331
-305
-300
-260
-238
-210
-176
-155
-114
-60
-7
80
173
257
337
413
502
559
628
681
752
804
826
839
840
800
744
694
607
538
467
375
304
226
176
138
110
67
8
-36
-84
-82
-77
-66
-31
36
103
156
199
258
361
451
522
554
583
599
542
443
335
223
84
-79
-279
-446
-579
-729
-870
-976
-1045
-1068
-1082
-1108
-1106
-1071
-1050
-1034
-1026
-1031
-1034
-1035
-1041
-1031
-1003
-967
-902
-816
-708
-610
-479
-347
-213
-99
-16
86
161
203
230
254
276
292
302
305
329
365
389
446
499
593
678
739
789
809
840
821
811
767
698
600
457
311
149
15
-114
-234
-320
-389
-446
-458
-453
-446
-404
-368
-329
-290
-264
-230
-203
-179
-175
-165
-150
-134
-85
-31
54
134
212
318
441
563
668
770
848
905
925
920
913
879
806
701
616
502
394
279
197
144
86
58
31
8
-25
-23
-34
-9
39
86
147
212
250
300
369
441
512
545
574
565
556
520
457
365
253
124
-28
-186
-357
-516
-652
-773
-882
-965
-1033
-1089
-1156
-1164
-1175
-1182
-1181
-1203
-1203
-1202
-1192
-1180
-1153
-1097
-1045
-984
-900
-803
-682
-577
-467
-360
-271
-199
-121
-37
41
114
163
228
291
349
382
407
452
504
547
589
643
711
772
795
812
832
857
833
781
743
672
596
467
328
194
79
-29
-139
-227
-305
-370
-409
-446
-450
-430
-418
-410
-369
-334
-285
-262
-237
-207
-185
-159
-132
-62
12
97
194
305
434
555
676
800
903
980
1019
1027
1006
980
907
789
671
533
416
284
170
94
19
-10
-65
-74
-103
-91
-69
-66
-23
12
59
129
209
286
362
430
520
601
658
699
705
700
642
540
441
297
170
14
-156
-311
-453
-567
-708
-827
-922
-1000
-1063
-1129
-1190
-1227
-1258
-1276
-1304
-1322
-1320
-1333
-1308
-1276
-1222
-1153
-1083
-1004
-914
-825
-732
-631
-546
-446
-357
-260
-165
-90
-11
56
161
243
314
393
466
532
586
630
684
745
809
865
918
953
960
969
963
962
909
857
780
669
553
399
275
132
4
-121
-253
-338
-428
-468
-503
-513
-505
-523
-495
-491
-459
-398
-382
-355
-320
-280
-220
-141
-46
69
194
314
431
565
674
782
863
942
968
971
949
902
851
763
652
532
450
364
291
222
163
116
90
37
5
-14
-29
-55
-57
-30
9
101
161
255
351
442
537
632
694
731
743
729
687
582
463
337
201
69
-97
-268
-429
-545
-676
-799
-902
-976
-1042
-1121
-1169
-1217
-1242
-1276
-1314
-1345
-1343
-1347
-1329
-1291
-1248
-1196
-1153
-1086
-1017
-935
-858
-789
-693
-602
-489
-381
-282
-160
-62
49
141
225
310
391
439
501
550
580
618
665
730
799
873
938
992
1017
1055
1081
1082
1052
985
915
814
691
556
396
247
85
-54
-207
-341
-420
-495
-551
-606
-625
-637
-629
-619
-579
-528
-485
-425
-366
-294
-218
-135
-11
109
216
310
415
515
602
680
742
773
801
803
773
734
693
645
570
523
453
399
329
265
211
161
113
52
22
-19
-47
-59
-49
-36
21
87
188
305
401
515
596
692
760
817
839
839
806
729
632
511
388
254
117
-57
-216
-379
-511
-651
-791
-906
-1013
-1114
-1212
-1277
-1339
-1364
-1384
-1404
-1415
-1415
-1408
-1390
-1369
-1344
-1309
-1270
-1210
-1154
-1104
-1030
-929
-810
-706
-578
-446
-329
-182
-64
67
160
253
358
425
493
557
603
657
702
754
849
937
1006
1061
1112
1136
1175
1177
1161
1132
1062
967
832
692
536
375
214
42
-98
-239
-341
-441
-521
-566
-611
-619
-622
-612
-566
-521
-474
-413
-351
-278
-203
-111
-4
96
188
274
353
437
518
567
615
658
689
720
731
742
722
694
637
583
547
491
431
376
326
272
215
144
100
53
18
-27
-40
-39
-14
29
72
168
262
357
447
520
604
692
745
780
774
763
727
668
579
463
337
191
29
-152
-324
-505
-683
-841
-982
-1104
-1221
-1317
-1389
-1434
-1479
-1503
-1524
-1538
-1535
-1538
-1509
-1491
-1462
-1434
-1376
-1304
-1234
-1132
-1050
-947
-832
-711
-601
-472
-334
-205
-81
33
156
257
340
444
538
624
692
758
823
896
960
1029
1094
1152
1184
1206
1194
1186
1165
1111
1063
983
882
757
624
469
324
171
37
-115
-225
-318
-404
-467
-517
-545
-550
-542
-511
-472
-431
-361
-314
-252
-203
-141
-51
45
133
231
315
391
461
495
550
596
629
647
651
650
651
648
645
609
565
518
451
389
328
269
230
171
116
67
18
-2
-32
-37
-32
-2
71
127
210
324
404
509
586
678
765
799
832
816
766
686
568
421
266
103
-79
-295
-485
-674
-829
-1001
-1153
-1277
-1381
-1459
-1529
-1577
-1612
-1623
-1611
-1608
-1590
-1572
-1536
-1484
-1424
-1371
-1306
-1245
-1181
-1091
-1000
-907
-802
-665
-531
-392
-273
-136
-7
126
251
377
496
591
694
779
844
908
941
962
984
1006
1034
1073
1095
1114
1113
1102
1092
1082
1066
1012
958
889
790
662
520
387
246
98
-59
-189
-292
-385
-465
-522
-541
-555
-555
-528
-508
-452
-396
-340
-269
-210
-130
-59
14
89
165
237
315
384
455
495
521
546
558
557
549
537
530
521
494
475
451
426
400
361
327
302
270
228
192
165
125
96
72
68
85
124
159
237
298
388
482
553
630
710
761
766
771
728
656
551
408
247
72
-112
-308
-504
-709
-885
-1053
-1199
-1312
-1419
-1505
-1557
-1585
-1588
-1596
-1584
-1552
-1521
-1472
-1429
-1387
-1351
-1302
-1261
-1214
-1165
-1123
-1049
-993
-908
-788
-671
-539
-408
-267
-120
31
176
311
429
539
644
734
811
863
915
953
981
999
1017
1045
1080
1118
1139
1144
1152
1154
1152
1147
1112
1068
996
906
792
653
530
405
272
120
-12
-138
-265
-355
-413
-472
-521
-564
-578
-568
-542
-496
-440
-382
-311
-246
-176
-97
4
93
166
232
287
333
368
404
430
456
450
437
423
422
417
398
384
362
336
312
294
270
264
254
243
221
211
218
192
194
205
220
244
270
300
337
404
447
475
513
556
611
613
594
556
505
435
300
162
20
-139
-302
-495
-688
-882
-1050
-1208
-1347
-1443
-1523
-1579
-1630
-1641
-1628
-1599
-1532
-1474
-1420
-1363
-1332
-1266
-1199
-1161
-1113
-1061
-1005
-955
-896
-823
-735
-633
-534
-420
-296
-163
-34
103
246
377
502
608
727
822
915
982
1042
1073
1092
1107
1120
1135
1143
1164
1158
1151
1144
1129
1117
1089
1063
1037
989
914
838
738
625
523
405
271
129
-16
-149
-272
-363
-445
-523
-582
-642
-661
-650
-614
-562
-503
-443
-383
-309
-224
-133
-38
45
102
184
239
287
319
328
335
338
346
326
320
320
325
332
333
341
367
395
422
444
472
494
500
488
464
420
377
337
304
274
241
221
209
215
232
249
254
287
323
337
338
332
302
259
180
62
-55
-196
-355
-524
-695
-872
-1024
-1164
-1294
-1401
-1480
-1518
-1551
-1576
-1554
-1515
-1461
-1407
-1364
-1312
-1244
-1176
-1117
-1064
-1026
-977
-940
-896
-844
-789
-718
-643
-559
-457
-341
-221
-90
53
191
324
469
598
717
837
947
1028
1093
1140
1177
1195
1215
1210
1201
1187
1186
1175
1160
1160
1140
1145
1130
1111
1087
1052
1016
951
859
749
633
494
347
195
55
-99
-235
-359
-474
-572
-658
-710
-759
-773
-772
-738
-701
-636
-567
-501
-412
-317
-210
-125
-46
29
89
156
190
223
244
247
259
260
274
299
323
346
352
373
402
434
463
466
496
495
490
462
422
374
313
233
157
94
39
-13
-37
-40
-21
2
44
110
174
245
305
336
356
353
315
248
147
44
-93
-232
-397
-580
-740
-867
-1003
-1132
-1235
-1306
-1375
-1404
-1438
-1459
-1446
-1425
-1376
-1335
-1290
-1234
-1167
-1104
-1039
-992
-931
-875
-800
-744
-669
-607
-535
-445
-350
-245
-139
-20
101
223
354
489
610
743
855
964
1056
1128
1185
1229
1252
1260
1266
1260
1254
1249
1228
1215
1215
1191
1173
1152
1132
1113
1073
1021
952
874
775
652
505
360
206
64
-108
-271
-432
-573
-683
-788
-878
-932
-972
-984
-970
-938
-886
-808
-698
-597
-493
-409
-297
-193
-98
-11
77
148
213
247
277
303
334
355
365
387
391
405
417
412
397
398
398
387
364
343
318
279
237
191
143
100
62
44
38
45
51
67
107
137
189
223
268
302
319
346
334
322
273
206
125
32
-68
-207
-343
-489
-650
-790
-944
-1060
-1166
-1267
-1344
-1394
-1410
-1407
-1395
-1345
-1290
-1220
-1147
-1089
-999
-924
-847
-790
-739
-685
-640
-596
-545
-494
-443
-375
-309
-221
-122
-6
105
217
346
462
585
697
818
934
1027
1101
1144
1197
1233
1254
1268
1268
1244
1209
1183
1163
1143
1126
1105
1083
1046
1006
952
897
822
746
643
518
403
260
118
-26
-161
-296
-429
-542
-647
-725
-794
-839
-875
-897
-901
-883
-831
-775
-685
-607
-517
-426
-328
-227
-120
-24
69
142
197
254
274
288
301
304
279
259
239
220
210
203
205
200
207
214
222
240
244
257
259
240
240
226
212
186
158
140
100
95
77
85
100
102
115
127
159
185
199
222
221
192
152
88
21
-72
-165
-276
-397
-516
-635
-743
-842
-941
-1025
-1095
-1129
-1149
-1157
-1145
-1117
-1087
-1038
-975
-935
-874
-821
-767
-710
-659
-613
-563
-511
-449
-399
-340
-300
-248
-171
-99
-11
84
186
294
384
489
585
690
791
877
963
1026
1095
1129
1150
1156
1162
1143
1102
1059
1006
956
898
861
818
764
737
694
646
616
592
551
504
437
362
279
180
88
-20
-135
-257
-363
-464
-546
-613
-684
-731
-780
-806
-820
-818
-792
-750
-699
-635
-564
-507
-428
-349
-284
-220
-143
-86
-18
27
65
115
130
156
161
173
176
189
210
231
248
257
271
287
316
332
355
364
365
361
340
325
291
261
214
180
152
119
94
62
54
49
51
62
83
93
127
165
158
161
148
140
101
53
-11
-79
-141
-237
-320
-414
-487
-575
-638
-703
-753
-800
-844
-850
-862
-845
-831
-814
-788
-761
-725
-683
-633
-585
-541
-512
-479
-456
-417
-372
-332
-280
-228
-174
-115
-54
19
96
180
246
321
397
488
556
617
668
720
759
789
807
813
842
842
841
830
821
805
782
758
734
726
699
681
653
626
593
563
521
471
409
337
262
162
80
-25
-115
-211
-304
-392
-482
-548
-614
-673
-725
-780
-804
-814
-809
-789
-767
-707
-647
-583
-511
-437
-356
-267
-195
-133
-65
1
55
102
133
165
189
194
214
227
233
249
265
257
265
260
259
254
255
260
258
248
237
221
202
176
156
134
106
106
94
86
97
99
123
157
177
201
237
271
311
342
376
379
383
388
354
310
268
209
152
78
5
-83
-179
-268
-363
-440
-516
-587
-654
-716
-752
-789
-826
-838
-848
-848
-848
-836
-806
-775
-744
-716
-687
-647
-609
-567
-516
-465
-432
-379
-333
-288
-234
-164
-81
-18
45
135
217
301
377
445
518
572
649
703
740
765
795
800
795
781
755
745
713
691
655
633
622
607
583
555
542
530
509
493
456
418
367
303
239
162
74
-13
-114
-222
-328
-418
-505
-571
-641
-696
-747
-766
-775
-755
-731
-696
-637
-587
-504
-421
-354
-293
-226
-167
-104
-69
-31
0
13
35
39
37
38
47
47
40
56
76
106
129
167
211
264
306
355
403
428
458
476
488
499
497
483
473
455
434
416
401
401
399
400
406
435
443
468
496
508
522
513
500
466
427
374
300
213
104
-6
-122
-238
-360
-491
-632
-745
-843
-943
-994
-1054
-1077
-1094
-1099
-1108
-1087
-1075
-1049
-1016
-996
-948
-928
-890
-871
-856
-825
-790
-753
-714
-676
-614
-543
-463
-382
-291
-190
-86
18
134
264
371
474
580
676
764
825
891
931
957
973
979
982
978
965
935
902
863
836
798
771
754
741
721
695
684
655
630
591
560
499
429
339
229
108
-12
-151
-289
-413
-536
-631
-725
-792
-857
-907
-919
-928
-926
-893
-861
-810
-758
-688
-620
-563
-495
-408
-333
-264
-189
-125
-60
-16
51
101
149
203
252
310
335
384
436
491
542
579
623
645
676
696
725
723
714
686
664
635
595
559
515
479
423
394
362
317
302
283
274
287
281
276
281
279
277
264
246
219
181
145
92
36
-43
-111
-199
-296
-385
-490
-588
-700
-790
-883
-964
-1042
-1102
-1161
-1204
-1236
-1261
-1267
-1263
-1248
-1224
-1197
-1169
-1127
-1083
-1038
-979
-916
-860
-794
-729
-654
-562
-454
-350
-233
-117
2
126
245
358
467
582
689
776
858
935
1010
1075
1127
1168
1194
1206
1206
1197
1178
1141
1103
1046
963
887
792
711
640
556
497
439
389
331
267
214
161
118
70
26
-28
-95
-162
-233
-314
-379
-456
-534
-600
-671
-710
-741
-758
-764
-770
-755
-730
-682
-625
-558
-484
-412
-340
-265
-176
-102
-24
42
97
155
210
259
307
350
382
408
437
465
484
509
535
556
567
592
596
601
589
558
540
517
481
450
404
357
309
259
211
149
114
78
48
8
-24
-43
-61
-62
-68
-67
-59
-49
-38
-31
-31
-35
-40
-82
-117
-152
-218
-285
-347
-419
-496
-581
-675
-755
-823
-886
-941
-994
-1028
-1047
-1060
-1052
-1061
-1037
-997
-965
-903
-854
-775
-703
-636
-564
-481
-403
-326
-245
-183
-103
-20
59
135
208
278
340
401
452
518
577
621
675
713
754
786
795
820
832
826
819
806
800
774
752
728
695
670
634
613
590
549
518
485
462
412
369
321
289
264
229
196
156
131
92
41
-3
-52
-103
-162
-220
-289
-347
-398
-456
-517
-557
-577
-601
-608
-608
-586
-554
-519
-474
-433
-381
-313
-251
-197
-127
-59
11
66
110
151
186
236
263
296
321
338
340
322
311
296
278
245
221
210
184
162
139
124
105
99
88
76
59
61
45
34
22
-3
-16
-32
-47
-56
-48
-48
-52
-51
-38
-27
-15
-7
9
17
21
8
-1
-1
-23
-47
-67
-94
-111
-145
-182
-239
-293
-336
-387
-435
-486
-526
-561
-590
-620
-652
-674
-689
-694
-676
-669
-644
-618
-597
-563
-517
-466
-413
-351
-294
-245
-188
-124
-62
5
73
143
200
263
309
355
408
464
529
579
621
665
708
753
785
808
819
822
819
815
801
763
725
691
646
589
549
482
428
363
317
275
216
181
126
79
37
7
-17
-36
-71
-103
-124
-141
-163
-176
-206
-228
-259
-306
-344
-376
-417
-456
-489
-510
-523
-530
-535
-517
-494
-471
-436
-408
-350
-294
-251
-200
-161
-121
-91
-72
-42
-14
16
45
68
87
104
105
105
112
107
115
108
105
110
101
101
113
119
124
146
143
151
150
161
188
182
188
187
181
178
173
164
162
157
151
150
164
174
174
184
177
180
191
197
191
193
191
162
137
111
77
43
-6
-72
-132
-175
-223
-281
-327
-363
-410
-455
-482
-515
-535
-534
-533
-549
-550
-542
-529
-494
-463
-442
-412
-370
-334
-287
-255
-220
-177
-150
-117
-81
-35
-11
25
62
103
154
211
258
293
352
389
433
472
495
520
520
517
526
537
535
521
496
456
420
389
349
312
273
219
173
139
96
52
22
-1
-22
-28
-48
-57
-60
-61
-59
-68
-79
-82
-105
-127
-145
-157
-180
-204
-225
-248
-268
-283
-290
-297
-299
-310
-310
-304
-291
-277
-254
-227
-201
-183
-165
-147
-130
-102
-80
-53
-35
-18
19
39
53
85
97
109
111
121
121
121
121
129
139
142
144
143
148
154
158
163
167
167
177
174
181
188
181
173
160
157
155
151
147
157
163
171
187
208
224
238
259
268
289
308
324
326
324
327
316
304
273
237
203
152
97
35
-12
-73
-133
-177
-241
-280
-340
-386
-421
-451
-467
-498
-505
-528
-549
-561
-584
-601
-610
-611
-619
-612
-608
-587
-566
-546
-511
-476
-437
-398
-354
-307
-262
-216
-169
-129
-83
-48
-15
14
37
79
111
146
171
196
238
256
284
296
305
317
322
329
343
345
352
360
374
374
368
363
353
355
353
347
337
326
315
298
284
281
272
265
244
230
207
189
168
150
125
97
71
31
1
-20
-63
-81
-127
-156
-185
-216
-223
-255
-274
-292
-292
-298
-293
-289
-275
-257
-230
-189
-169
-137
-105
-90
-53
-41
-22
4
35
54
73
88
101
124
145
167
173
189
194
203
200
201
205
209
206
198
204
203
214
220
225
229
236
235
225
216
206
191
181
169
156
135
125
122
114
113
98
92
88
84
78
71
57
37
22
2
-17
-40
-78
-118
-155
-185
-236
-279
-329
-374
-424
-467
-519
-556
-577
-619
-636
-667
-681
-691
-696
-677
-672
-655
-643
-632
-611
-581
-556
-529
-495
-448
-398
-344
-299
-242
-197
-155
-94
-40
6
63
115
174
234
276
331
373
424
443
473
502
524
558
574
584
588
604
610
615
602
597
580
560
540
523
506
471
443
415
383
360
321
292
278
253
234
199
174
143
125
103
83
60
29
2
-42
-76
-125
-151
-182
-206
-232
-273
-283
-300
-302
-313
-323
-320
-315
-305
-289
-264
-246
-215
-194
-156
-127
-86
-57
-29
2
14
26
36
48
59
66
76
76
91
94
105
107
108
115
115
130
125
131
128
130
132
132
132
130
133
117
102
83
77
50
38
0
-20
-46
-68
-77
-101
-108
-115
-103
-97
-91
-90
-70
-64
-55
-50
-52
-52
-52
-57
-77
-92
-105
-124
-140
-157
-176
-195
-214
-230
-259
-275
-279
-295
-298
-318
-332
-338
-355
-353
-351
-352
-353
-339
-339
-333
-321
-307
-289
-289
-277
-260
-241
-219
-207
-181
-145
-115
-79
-47
4
48
99
144
187
225
271
314
346
393
413
436
458
467
471
468
478
475
462
457
443
450
436
426
415
390
378
362
351
326
314
288
270
268
246
235
205
188
172
153
135
109
87
54
16
-14
-43
-74
-101
-133
-157
-184
-202
-209
-219
-237
-254
-261
-273
-271
-277
-274
-266
-263
-256
-247
-231
-213
-189
-171
-150
-132
-118
-99
-76
-58
-42
-28
-16
10
23
43
56
67
87
94
95
95
94
91
82
74
66
50
37
24
-2
-20
-39
-54
-68
-73
-81
-86
-88
-97
-96
-90
-84
-84
-75
-63
-46
-36
-6
0
1
7
18
37
34
40
48
44
51
52
54
62
54
52
52
61
66
72
78
81
81
86
79
71
50
39
25
12
-1
-19
-46
-72
-97
-118
-154
-195
-220
-240
-244
-263
-281
-290
-310
-317
-319
-305
-303
-280
-268
-262
-230
-221
-194
-182
-156
-127
-115
-87
-61
-40
-15
13
41
82
126
165
209
253
286
322
347
381
404
436
458
464
467
448
457
441
423
412
386
355
317
299
259
234
200
167
138
97
65
44
23
-9
-24
-44
-64
-82
-106
-120
-138
-160
-171
-202
-228
-244
-265
-280
-287
-289
-282
-284
-285
-277
-267
-243
-218
-190
-165
-141
-106
-68
-50
-24
3
17
41
59
66
72
62
58
55
51
47
45
46
48
45
36
32
36
52
49
44
46
58
64
66
71
83
75
82
80
84
91
90
97
96
95
87
91
93
95
97
104
109
116
124
132
139
152
145
142
134
116
104
82
58
47
7
-11
-38
-71
-99
-129
-153
-185
-223
-246
-278
-300
-309
-331
-341
-359
-356
-367
-364
-366
-385
-378
-377
-366
-355
-344
-336
-315
-312
-296
-274
-259
-229
-208
-183
-150
-113
-87
-53
0
37
79
126
162
207
240
275
322
341
369
401
413
431
425
429
424
408
391
376
364
355
339
325
320
310
302
281
265
243
226
212
194
174
147
120
92
58
22
-12
-41
-78
-103
-128
-166
-191
-215
-232
-264
-288
-301
-302
-298
-292
-298
-279
-265
-239
-215
-194
-173
-144
-115
-88
-56
-37
-16
-2
11
33
51
67
90
112
141
161
180
197
216
220
230
251
255
258
250
242
238
236
212
189
171
140
108
91
53
31
19
-19
-39
-59
-88
-109
-126
-125
-139
-147
-163
-177
-188
-190
-205
-212
-204
-205
-195
-195
-184
-185
-183
-179
-174
-171
-162
-155
-152
-123
-124
-107
-98
-78
-62
-39
-23
2
23
27
44
51
71
70
77
66
60
58
50
42
14
10
-2
-13
-19
-39
-29
-34
-29
-32
-44
-42
-40
-40
-33
-35
-36
-36
-36
-31
-38
-27
-26
-22
-30
-27
-12
-1
2
17
26
35
48
53
55
62
56
65
54
62
75
69
70
59
61
70
76
78
88
96
94
98
94
97
92
97
96
92
85
73
67
66
52
43
40
33
29
22
29
24
28
30
35
34
35
43
43
36
26
25
31
36
39
36
33
45
47
35
43
49
55
56
57
53
54
54
56
50
40
32
17
3
-10
-26
-47
-55
-70
-88
-94
-111
-122
-132
-146
-140
-143
-138
-125
-133
-127
-119
-117
-114
-104
-86
-78
-57
-51
-56
-45
-31
-31
-17
-19
-4
5
8
22
26
28
32
42
46
57
64
70
75
83
83
100
98
99
102
95
98
96
86
82
73
45
26
6
-12
-32
-48
-70
-86
-95
-103
-101
-106
-113
-120
-123
-119
-129
-145
-156
-177
-185
-191
-190
-196
-211
-197
-197
-183
-176
-181
-160
-146
-125
-111
-91
-83
-53
-25
0
12
26
47
68
88
103
121
142
159
182
194
208
219
223
233
246
257
257
262
245
233
220
205
188
170
153
137
124
108
86
69
44
24
20
-7
-28
-49
-64
-77
-104
-120
-128
-144
-147
-144
-149
-140
-127
-127
-123
-106
-95
-81
-63
-37
-28
-14
-4
11
30
32
44
55
71
75
87
105
99
118
105
110
108
111
115
122
123
116
116
109
108
100
94
76
85
76
71
60
53
41
32
26
9
2
-1
-8
-19
-22
-21
-13
-29
-22
-28
-39
-42
-46
-47
-70
-80
-85
-98
-103
-108
-101
-104
-108
-108
-106
-97
-87
-92
-95
-97
-97
-104
-90
-87
-93
-105
-112
-114
-117
-121
-129
-141
-150
-136
-140
-145
-138
-132
-129
-124
-122
-116
-113
-110
-99
-89
-82
-71
-74
-63
-63
-70
-53
-39
-34
-31
-21
-11
-1
18
35
51
71
79
92
98
103
120
143
159
166
181
179
185
178
165
161
165
155
146
120
100
100
88
81
76
65
49
43
35
39
41
36
36
35
40
43
50
49
44
38
38
41
40
52
53
57
62
57
59
65
68
73
86
100
107
119
120
116
113
119
105
104
99
84
78
59
50
34
22
16
13
6
-2
-8
-21
-19
-26
-28
-28
-32
-33
-32
-35
-30
-31
-33
-40
-49
-52
-57
-65
-81
-79
-92
-112
-122
-134
-153
-168
-179
-188
-190
-188
-195
-198
-202
-197
-188
-194
-177
-172
-158
-135
-123
-116
-105
-94
-89
-82
-77
-78
-73
-70
-56
-38
-40
-37
-35
-27
-22
-17
-21
-28
-25
-17
-21
-12
-4
-8
-7
-9
-4
-13
-16
-7
-12
1
2
10
22
13
27
28
35
48
57
65
69
88
86
100
104
108
124
118
125
134
143
134
134
129
127
125
113
103
99
99
99
83
84
87
82
87
83
87
83
79
83
81
78
80
79
78
76
74
77
73
69
73
63
71
67
76
73
71
71
69
88
72
67
58
50
46
46
36
27
7
-7
3
-11
-3
-14
-19
-21
-34
-41
-52
-59
-72
-76
-74
-91
-104
-112
-110
-114
-124
-120
-126
-125
-129
-137
-141
-140
-145
-142
-143
-137
-140
-128
-120
-111
-97
-98
-91
-99
-91
-85
-79
-75
-70
-56
-59
-47
-43
-37
-40
-30
-26
-25
-20
-18
-21
-16
-26
-24
-35
-33
-16
-30
-21
-19
-9
6
6
6
3
7
13
12
6
-3
3
9
7
12
16
31
45
44
52
47
59
59
64
64
63
67
73
80
71
74
75
81
82
79
76
83
72
78
83
84
87
83
84
74
75
76
60
60
58
57
57
55
48
38
33
34
27
27
28
33
36
40
41
46
43
47
60
54
52
48
41
45
35
36
38
22
13
13
5
-8
-27
-40
-57
-62
-75
-71
-79
-84
-89
-93
-83
-75
-69
-67
-54
-49
-31
-34
-35
-39
-36
-44
-44
-48
-60
-63
-71
-72
-82
-89
-90
-94
-93
-95
-107
-105
-112
-106
-106
-102
-97
-99
-89
-81
-80
-65
-54
-43
-33
-11
7
18
39
49
64
69
87
100
111
124
127
125
133
127
109
105
95
95
96
81
78
61
50
43
25
28
17
4
-3
-22
-26
-34
-36
-47
-55
-55
-48
-44
-49
-30
-33
-18
-20
-25
-19
-18
-2
4
7
10
17
13
18
27
30
39
39
41
43
43
45
45
34
24
25
17
10
1
1
1
-5
-3
-3
0
-11
-7
-2
-2
-5
-14
-18
-22
-29
-28
-39
-44
-54
-54
-44
-39
-35
-26
-25
-24
-14
-8
-11
-11
-5
-4
6
-14
-15
-11
-20
-30
-32
-32
-35
-39
-28
-21
-22
-12
-8
-7
-1
-2
4
8
6
18
14
15
31
27
32
34
34
38
43
42
49
53
61
57
58
70
71
73
65
72
69
78
72
64
58
57
48
37
45
36
32
27
24
27
25
17
22
25
20
21
17
18
23
13
20
11
13
17
8
10
-15
-22
-22
-26
-31
-35
-41
-45
-42
-36
-44
-38
-43
-44
-36
-45
-47
-46
-41
-48
-53
-58
-56
-60
-63
-55
-55
-43
-47
-48
-50
-53
-48
-43
-48
-46
-44
-46
-48
-46
-59
-55
-60
-63
-65
-67
-70
-78
-70
-73
-63
-66
-55
-54
-60
-57
-52
-51
-56
-45
-42
-22
-28
-18
-14
-6
9
11
11
23
30
34
37
41
51
51
54
57
57
50
45
46
50
56
52
47
46
51
56
58
55
51
49
54
57
57
57
53
61
62
66
69
71
69
68
67
60
74
74
67
72
72
61
59
64
60
69
63
64
65
53
61
48
51
47
47
38
28
24
15
13
9
4
-12
-18
-23
-16
-18
-15
-11
-16
-16
-11
-18
-18
-17
-23
-22
-26
-31
-26
-29
-41
-33
-33
-43
-44
-49
-48
-48
-56
-55
-61
-61
-71
-72
-70
-81
-76
-76
-79
-77
-78
-77
-80
-75
-68
-67
-72
-66
-67
-67
-63
-65
-62
-58
-57
-55
-58
-50
-41
-40
-40
-52
-52
-49
-41
-48
-44
-39
-26
-18
-17
-11
-12
-17
0
-4
6
11
4
9
19
19
30
28
34
36
33
46
49
58
50
49
54
61
62
69
75
79
87
89
93
92
92
101
98
96
88
89
89
89
81
81
76
65
60
55
48
44
46
48
47
41
54
47
48
43
45
36
40
41
33
45
46
53
51
47
48
43
39
41
41
37
39
31
32
30
21
18
1
-3
-16
-20
-31
-41
-54
-55
-57
-64
-55
-58
-61
-60
-61
-67
-67
-70
-78
-79
-84
-85
-90
-90
-104
-110
-113
-115
-108
-103
-94
-97
-96
-104
-94
-98
-90
-85
-89
-86
-84
-81
-81
-71
-75
-71
-74
-77
-75
-70
-61
-54
-44
-30
-22
-17
-8
-1
4
7
14
17
19
23
22
32
33
40
44
40
36
39
39
47
48
57
53
58
56
54
59
53
55
54
50
50
52
46
53
53
49
57
55
58
64
63
68
54
69
59
61
66
63
65
72
67
72
87
88
79
76
86
78
79
75
72
66
58
60
59
54
47
42
32
27
27
25
15
13
7
0
8
-7
-16
-25
-21
-22
-40
-36
-45
-52
-56
-59
-56
-68
-69
-69
-65
-65
-68
-69
-68
-69
-71
-77
-81
-84
-93
-85
-84
-85
-86
-87
-85
-86
-91
-85
-80
-75
-76
-74
-72
-70
-65
-71
-60
-56
-44
-42
-37
-23
-18
-13
-14
-5
-1
-4
1
-2
1
4
3
9
5
9
13
12
15
19
16
22
27
30
21
21
27
30
40
43
51
52
61
57
52
57
64
79
76
79
75
79
78
73
69
70
62
58
62
65
58
52
59
46
48
42
45
51
46
43
44
43
41
34
27
20
12
13
11
8
12
14
11
13
13
15
15
16
6
10
8
5
12
11
19
14
20
20
12
13
22
22
27
20
-2
-8
-11
-11
-16
-20
-15
-21
-23
-30
-34
-41
-45
-55
-57
-60
-69
-76
-70
-78
-74
-74
-80
-85
-82
-73
-83
-88
-94
-97
-92
-94
-98
-92
-86
-82
-80
-87
-81
-79
-74
-66
-56
-49
-45
-33
-31
-23
-22
-26
-21
-15
-2
1
2
6
10
16
26
26
36
44
42
49
55
57
46
46
36
45
54
46
50
51
59
61
62
62
60
71
70
57
53
58
58
53
49
50
49
42
43
36
36
32
32
34
26
26
16
17
23
17
22
25
26
29
29
39
39
38
37
31
38
42
35
37
32
25
17
13
9
13
6
-1
1
-3
-4
-10
-9
-9
-9
-13
-20
-24
-28
-28
-20
-23
-30
-35
-28
-29
-34
-31
-35
-37
-45
-46
-50
-49
-48
-54
-55
-60
-64
-58
-58
-53
-48
-46
-42
-48
-49
-44
-53
-51
-48
-48
-51
-52
-51
-53
-51
-47
-41
-39
-32
-32
-28
-14
-20
-10
-7
-6
4
8
13
9
8
0
4
11
13
17
11
22
21
27
26
28
33
28
38
42
44
46
39
42
49
48
52
57
57
58
56
54
55
56
53
52
50
48
49
44
35
32
34
31
33
32
34
30
32
33
42
43
41
44
49
47
43
45
34
28
35
28
22
22
16
16
6
-2
-7
-11
-9
-19
-24
-32
-30
-28
-28
-39
-37
-45
-49
-44
-51
-46
-50
-52
-58
-59
-58
-59
-65
-63
-64
-65
-64
-64
-58
-56
-53
-54
-49
-39
-37
-35
-30
-29
-25
-23
-23
-11
-13
-12
-11
-12
-12
-18
-11
-19
-12
-9
-9
-6
-1
-5
1
12
8
13
13
31
20
27
29
32
30
20
25
20
27
19
25
20
21
21
18
14
23
24
17
20
17
16
10
16
15
23
28
26
24
18
23
13
13
9
7
5
1
-4
-7
-5
-5
-10
-14
-11
-8
6
1
0
11
17
25
25
25
21
18
18
13
17
5
8
5
8
4
7
11
12
17
14
25
26
35
29
31
38
26
25
20
26
19
14
10
5
11
0
-1
-8
-12
-15
-26
-24
-33
-26
-32
-45
-43
-36
-32
-35
-35
-36
-41
-34
-39
-42
-43
-46
-42
-41
-42
-40
-45
-45
-44
-38
-41
-39
-46
-34
-34
-28
-19
-22
-17
-13
-7
-6
6
6
8
13
14
13
13
14
18
18
18
16
21
15
21
25
25
29
30
34
32
42
34
41
36
28
28
20
15
9
6
10
8
2
1
1
0
9
3
6
3
-2
0
3
1
-4
-1
-1
1
10
16
13
16
16
7
10
11
10
9
7
9
8
12
12
14
19
17
22
18
16
18
20
25
23
23
25
16
22
18
17
14
11
16
4
0
2
-9
-9
-2
-6
-10
-10
-14
-11
-24
-27
-24
-24
-19
-21
-27
-30
-34
-33
-32
-36
-33
-30
-28
-24
-24
-24
-20
-20
-33
-30
-30
-31
-26
-28
-24
-21
-17
-7
-16
-11
-6
-9
-5
-6
-4
-4
-2
4
0
9
9
9
15
16
13
8
15
8
9
12
10
12
10
12
10
16
11
11
21
22
16
19
19
24
21
21
25
29
25
29
32
33
39
27
31
22
14
5
-2
-4
-3
-7
-13
-13
-16
-5
-9
-10
-11
-14
-2
-10
-7
-11
-7
-6
-5
-1
-13
-12
-3
-6
-8
-9
-7
-6
-4
2
0
10
10
11
13
13
9
11
11
6
8
7
10
10
7
3
3
-2
5
1
1
4
3
-1
-6
-10
-4
-2
-10
-11
-15
-9
-19
-23
-26
-18
-22
-26
-27
-37
-38
-46
-50
-47
-45
-45
-41
-42
-33
-34
-26
-31
-35
-30
-29
-21
-24
-30
-14
-18
-12
-9
-9
-2
-5
5
9
10
14
17
21
30
33
37
42
39
46
50
47
53
48
54
49
48
51
46
51
41
44
35
32
34
28
31
26
23
23
21
20
8
0
0
-5
-9
-18
-22
-25
-21
-21
-27
-28
-31
-30
-27
-22
-18
-24
-22
-25
-16
-18
-14
-12
-11
-3
0
2
5
8
7
13
6
14
15
5
13
13
10
11
8
4
5
7
10
11
12
11
19
20
19
20
20
21
18
17
13
13
3
4
-2
0
-5
-7
-4
-5
-4
-12
-7
-12
-17
-14
-15
-22
-21
-25
-22
-22
-18
-22
-17
-20
-25
-22
-21
-19
-22
-28
-28
-24
-25
-21
-17
-19
-20
-20
-16
-7
-6
-3
-10
-9
-5
3
6
6
8
10
14
17
18
14
23
32
28
27
32
27
29
31
24
25
22
25
22
23
35
28
31
25
21
19
11
16
11
6
7
-3
-8
-15
-20
-21
-22
-17
-20
-25
-19
-21
-18
-24
-25
-22
-30
-29
-38
-35
-34
-32
-30
-24
-20
-19
-22
-20
-23
-18
-11
-10
-9
-9
-11
-15
-10
-7
-6
-6
3
2
4
5
5
17
16
24
23
26
23
21
26
21
19
17
11
18
24
19
21
18
23
13
16
9
3
8
3
4
3
1
-4
4
0
6
0
-3
-1
-8
-6
-11
-14
-8
-10
-13
-19
-16
-15
-15
-16
-16
-18
-11
-17
-22
-10
-16
-6
-4
0
7
4
7
7
6
6
13
15
16
16
15
13
12
16
13
21
19
25
34
29
34
28
29
34
32
40
33
26
30
31
28
23
25
24
23
17
13
10
7
8
4
1
-1
-6
-13
-13
-20
-20
-14
-20
-22
-29
-22
-23
-22
-21
-29
-22
-19
-20
-23
-25
-29
-34
-34
-28
-27
-28
-32
-30
-26
-22
-18
-20
-16
-13
-10
-13
-10
-6
-10
-9
-7
-10
-9
-5
-6
-8
-6
-7
-4
