SAMPLES:	15158
BITSPERSAMPLE:	16
CHANNELS:	1
SAMPLERATE:	16000
NORMALIZED:	FALSE
-1
-9
-4
-2
-2
3
-2
4
3
-7
4
0
-5
-1
-10
-5
-10
-4
-5
-11
-6
1
-4
-11
-3
-5
1
3
2
1
-4
-3
-6
3
4
2
3
15
15
16
11
6
7
5
6
5
11
3
2
2
-4
-4
-4
-9
-7
-7
-5
-7
-3
-8
-11
-9
-8
-5
-12
-9
-3
-5
-5
-3
1
-6
-13
-6
-7
-1
3
-6
-4
2
-3
0
-1
-2
-2
7
3
5
10
7
16
14
15
10
3
1
6
8
6
8
6
10
11
15
15
16
11
11
10
5
3
1
2
-1
1
2
2
-4
-7
-6
-6
-7
-9
-13
-15
-12
-15
-14
-10
-21
-17
-19
-18
-9
-17
-16
-18
-7
-5
-9
-12
-9
-10
-9
-8
-8
-8
-10
-9
-10
-1
-3
1
4
4
9
9
7
6
4
3
5
2
6
10
9
9
10
12
10
13
13
17
18
15
9
13
17
11
10
11
12
7
4
6
11
5
5
6
6
3
-2
-3
-5
0
-2
-2
-8
-4
0
-9
-4
-4
-4
1
-3
0
-1
1
-3
-3
-7
-4
-8
-8
-8
-7
-3
-10
-9
-20
-18
-14
-14
-15
-13
-10
-18
-18
-17
-10
-4
-2
0
-3
-7
-7
-9
-8
-5
-5
-5
-1
0
-5
0
-7
-13
-14
-21
-11
-13
-9
-2
6
9
3
-3
-2
1
-2
-1
0
2
-3
-2
-6
-10
-14
-16
-11
-12
-6
-10
-4
-3
-2
2
6
7
10
7
13
13
12
8
11
10
8
10
9
10
10
11
12
13
13
13
13
19
19
18
16
25
32
31
24
21
23
23
22
17
12
18
22
10
12
15
21
16
16
12
9
12
8
15
11
9
11
10
7
6
4
0
7
8
4
4
4
6
-3
-4
-2
-2
-3
-3
-3
-2
-2
-5
-7
-3
-7
-8
-8
-12
-10
-11
-10
-15
-10
-13
-9
-10
-6
-3
-15
-6
-10
-8
-5
-7
-10
-13
-9
-9
-7
-7
-13
-16
-17
-16
-18
-24
-17
-16
-18
-18
-16
-10
-10
-9
-11
-6
-7
-10
-15
-5
-6
-15
-15
-16
-14
-7
-8
-7
-6
3
13
9
3
2
2
7
11
9
14
12
16
16
15
11
5
7
1
2
3
2
9
7
9
6
13
18
19
21
17
19
13
12
20
17
18
8
3
8
1
2
-7
-4
-2
-4
-7
-4
-10
-7
-10
-12
-8
-10
-13
-17
-14
-17
-16
-14
-17
-11
-12
-15
-16
-18
-12
-9
-13
-11
-6
-9
-9
-11
-4
-2
-3
-6
-12
-1
1
-10
-4
-1
2
-1
-7
-2
-9
-7
-8
-8
-1
1
3
3
6
8
4
4
4
9
9
8
11
9
4
-6
-1
15
13
3
9
10
4
4
-2
4
8
11
11
10
9
0
5
4
3
7
4
-3
0
-1
-4
-4
-8
-5
-1
-13
-17
-12
-8
-17
-16
-15
-5
-2
-11
-5
-5
8
-1
4
7
7
3
2
1
-3
-4
-5
0
10
20
10
15
8
9
11
7
8
0
7
6
13
7
15
18
20
15
19
22
19
28
28
21
18
19
15
17
6
-2
12
10
5
10
13
9
14
6
5
8
6
-3
-2
-2
0
7
-10
-16
-7
-4
-15
-10
-1
-8
-2
-13
-4
1
-7
-3
-11
0
1
3
-2
-10
-1
0
-10
-13
-6
-9
-7
-12
-17
-4
-2
-11
-11
-4
1
3
-7
5
5
-6
-9
-3
0
2
-8
-8
-7
-10
-10
-8
-1
-6
-16
-18
2
4
2
-1
4
7
1
-12
-2
3
1
-9
-10
-1
-4
-2
-11
-18
-10
-7
-24
-18
-15
-9
-7
-10
-2
4
0
-12
-13
0
5
-3
-5
5
4
4
0
1
12
5
0
-2
1
0
-7
-2
-1
-6
0
-6
-1
10
3
4
14
13
11
16
12
18
8
5
0
-6
1
4
-5
3
5
-5
4
6
8
4
1
1
13
14
14
5
1
17
16
6
10
15
10
-7
-4
8
3
2
-8
-7
-2
-15
-9
7
1
-8
3
0
-9
-12
-24
-14
-6
-2
-16
-8
-3
-11
-7
-11
-9
0
-11
-11
6
8
-12
-16
2
-8
-11
-2
-2
-2
-6
-12
1
7
-8
-15
-8
-16
-9
3
-14
-18
-5
5
-1
-2
-3
4
-7
-5
13
16
19
4
-2
3
13
-5
4
0
-7
10
4
-15
-14
7
6
-1
4
16
10
-19
-11
2
1
4
-1
5
-5
7
12
9
-1
11
15
1
2
-5
9
5
4
17
12
8
14
19
21
21
-4
7
11
8
3
16
19
5
-4
2
17
13
11
10
13
13
12
3
9
25
15
0
6
14
14
-6
-8
10
1
7
1
-9
10
-6
-8
16
9
-3
6
1
-7
-7
10
-13
-16
-8
2
-3
-19
-10
4
-8
-16
-4
-5
-6
8
4
-2
5
19
9
-2
-3
0
5
-11
1
0
-7
-15
-1
8
-5
-3
-13
-4
7
8
10
-1
8
-9
-2
3
7
-11
-7
-7
-4
12
-13
-14
-21
-3
-28
-35
-7
16
-5
-14
-18
-16
18
-11
-14
4
-5
-8
-21
-9
0
-6
-17
-20
-1
-5
-11
-24
7
10
-9
2
5
2
11
-7
18
13
11
10
12
30
-11
-6
20
-1
0
-24
-12
14
-12
-20
-3
3
4
-2
3
4
9
4
-19
18
2
-18
1
-11
-9
8
-2
-12
-14
-9
2
-12
-18
-1
-2
-4
-18
-4
13
6
-7
-2
10
5
3
3
14
1
-7
-3
6
-8
-24
-18
-8
0
-2
-6
8
9
-7
1
-14
-2
27
3
7
11
24
14
-12
14
19
-10
1
14
19
13
-26
7
24
3
-15
-2
13
25
-23
-30
10
16
-8
-42
-7
22
-8
-35
2
19
20
-23
-34
16
4
-18
-5
-7
-3
10
-9
-16
-3
7
-16
1
-4
-5
19
-22
-34
20
24
-29
-24
41
7
-27
18
16
2
-1
14
5
7
25
5
37
4
-10
39
-5
-14
25
30
-8
-13
28
28
-12
-5
40
15
-7
-2
30
10
5
18
39
33
-13
23
31
2
30
13
26
6
8
26
1
9
-1
24
4
-7
16
8
-12
14
6
7
4
-17
13
14
-24
-38
26
-26
-36
5
-16
-14
-3
-9
-25
-16
5
4
-26
-18
-3
8
-7
-36
0
6
-27
-12
3
-43
-22
-19
-30
-16
-23
-15
-8
-23
-9
-2
-10
12
-6
-12
19
-8
21
8
-16
-5
-1
17
-16
0
9
-12
-25
20
1
-14
-7
19
-7
-26
12
-9
-13
10
-6
22
22
-38
-6
46
-10
-24
21
6
12
-6
-22
12
9
-22
21
32
4
-15
3
15
19
-26
20
31
-27
-14
13
16
35
-9
1
42
10
17
17
18
43
35
-13
4
38
3
-13
2
-2
15
-11
-42
28
10
-51
15
-14
-34
6
-6
-16
-49
-20
22
-24
-74
-5
36
-49
-68
-9
33
-13
-73
-39
42
-43
-60
23
3
-28
-11
-16
-6
-18
-13
28
-21
4
2
24
12
-2
39
32
-7
-9
24
17
2
-14
7
-13
-3
16
-8
-2
0
29
-14
-32
42
9
-17
-24
9
19
-6
-36
16
24
-7
34
-12
18
22
-5
-8
12
24
15
-12
-22
45
27
-27
-18
51
26
-31
1
14
35
-21
-22
15
10
4
5
-9
-1
31
-15
-6
18
23
5
-6
-11
-1
13
-10
-6
34
43
-10
0
31
45
17
-32
3
51
11
-37
-33
26
-14
-38
1
2
28
-37
-27
10
24
13
6
-10
26
40
-4
-2
32
3
-5
-17
-33
62
-1
-49
-36
11
29
-27
-42
34
6
-6
-2
16
24
-13
2
0
25
-16
-1
-23
-18
-14
15
-31
-37
18
18
-29
-36
25
25
3
-9
-1
28
14
10
-25
45
5
-16
7
-19
10
-17
-17
-25
24
-6
-19
-19
31
-8
-12
16
4
7
1
16
8
-11
9
-17
5
23
3
-4
22
14
-8
20
-33
-7
-3
-17
0
-2
-23
-31
3
-2
-25
-4
-12
13
-13
-17
0
-2
12
-14
5
-2
-28
9
1
-33
-26
-11
-12
-5
-41
26
-23
-21
21
9
7
-6
-2
45
-9
-29
11
-9
35
-30
-33
28
6
-34
13
17
13
-44
18
13
-11
-2
-2
38
14
-29
24
34
-2
2
5
35
-10
10
17
-33
18
-21
-28
35
-16
-16
2
-24
19
45
-18
21
-23
25
26
-31
1
2
-26
-6
-9
-11
-3
-26
-2
7
30
-20
-12
39
-16
21
29
-32
26
-18
-22
8
4
-11
-21
0
-16
12
-26
-8
-11
-11
5
6
-16
17
-33
19
6
-1
35
-39
10
-1
14
12
-15
10
7
-13
10
2
20
-12
7
27
-18
31
-15
-19
43
-38
49
22
-27
19
23
9
-29
1
12
2
-4
5
16
-14
3
1
4
8
-31
9
31
-11
0
39
5
-34
13
41
-34
-7
21
-20
46
-15
-7
57
-3
-14
7
43
3
-26
34
4
-23
-14
-6
38
-20
-24
35
-7
-3
7
7
2
-40
25
5
-24
-9
0
1
-9
-33
-7
9
-20
5
2
13
-9
32
11
-44
3
-10
3
20
-12
3
-4
-17
2
41
-30
-10
5
-37
0
5
28
8
-51
23
24
-48
24
16
19
-32
-47
60
-5
-30
10
29
6
-28
12
29
11
-6
13
12
-12
27
2
-3
-32
2
18
5
-8
-8
4
-11
11
33
15
-16
-10
-13
12
1
-27
17
-30
-28
36
3
17
-45
24
-8
0
-49
1
-7
3
2
-2
-10
-16
-1
-22
54
-52
-20
32
-35
-15
-5
23
-28
0
20
-30
6
-8
33
-31
-18
38
-8
-48
5
14
29
-38
13
-14
4
-17
5
16
-31
-2
22
-18
-55
31
-23
16
-23
13
6
-23
-16
3
23
-17
-14
44
9
-21
16
17
-13
-16
-29
40
-29
-29
23
-12
-11
-26
47
2
-23
47
31
3
-11
33
16
-12
-13
37
23
-25
11
13
42
-20
54
-6
-20
20
12
18
-12
32
-10
0
-13
10
36
-3
-14
-10
23
4
-20
35
2
-43
12
-3
-19
13
-43
2
-10
20
-27
-23
31
-37
25
-10
-33
44
-24
-37
22
-29
13
-40
-5
40
-49
-6
32
-18
-16
2
23
-20
-23
13
15
-17
-24
-8
42
-5
-9
23
0
-6
31
24
7
24
12
50
4
6
31
-10
14
22
-40
22
21
8
-35
-4
29
-13
20
-16
26
6
-22
25
37
-2
1
6
-11
16
-19
30
-21
5
-23
-24
48
-21
-13
5
22
-19
-6
31
-9
-7
-27
15
34
-26
-16
41
24
-57
-32
4
17
-31
7
-24
-10
4
-20
24
-22
16
22
2
11
-23
16
0
-41
-1
26
-28
-8
-43
-15
3
-23
7
1
7
-25
18
-11
-3
30
-9
14
-1
-45
38
14
-39
12
-22
-41
-10
22
-12
-2
0
-24
14
23
0
21
1
-5
18
-21
47
-15
-4
5
10
39
-31
22
-30
11
25
0
9
-32
2
2
-2
1
9
11
-1
6
15
14
-33
32
-20
23
36
-18
2
-24
19
-39
-20
30
-28
4
-4
-14
-4
-3
-5
-10
9
-16
-5
-7
-29
-4
34
-24
5
-6
1
1
6
14
6
-8
-16
21
4
-2
-18
23
4
-1
-14
28
-3
-22
12
2
12
-12
-7
16
-7
-9
-5
0
-34
-46
4
-16
-11
-8
-21
2
-19
-19
26
-20
-10
9
6
11
0
9
-11
-5
8
-2
-3
-55
3
21
-18
-2
1
-9
-20
20
-14
2
13
14
-10
-15
30
42
-7
-22
43
18
12
0
-3
6
12
-7
15
-10
2
-7
23
34
17
2
-7
19
-13
45
2
14
13
20
10
2
6
10
46
-32
28
25
21
0
-8
23
9
-1
14
15
-31
33
-14
12
25
-9
18
-6
16
2
13
-18
11
6
-5
-13
-19
10
-14
-2
-29
-16
12
-22
-11
28
2
-27
-36
-6
38
-15
0
-2
-5
11
-2
2
18
-2
-26
12
4
-6
-14
-4
-7
-13
-14
19
0
-8
-31
3
28
7
-28
-3
30
-51
18
2
-25
2
-8
-40
34
-29
-16
41
-31
-8
-3
0
-8
-14
12
-40
-11
-4
-30
21
-28
-16
20
-1
-14
-23
2
-6
-26
25
8
-20
-11
36
20
7
8
-29
-3
4
16
-11
-19
6
-2
13
14
11
1
4
36
25
-2
40
-5
-2
39
-18
20
-2
0
35
12
-4
22
7
-22
17
4
6
-5
28
-16
0
4
21
3
-18
36
-36
16
23
-4
-4
3
-9
0
12
-42
24
-7
-19
38
-8
0
-9
-25
0
41
-12
12
-20
-23
-1
-11
14
-41
-31
-18
-33
-9
-40
-38
-37
-22
-39
-26
5
-39
-46
22
-10
-35
10
19
2
-38
8
34
-15
-16
16
-44
14
-10
-5
19
-29
-6
9
11
25
15
-9
-13
17
45
-4
19
12
-15
14
11
-25
15
-5
44
-8
-6
48
5
-8
17
14
-7
27
9
31
43
-30
17
-15
-12
12
11
-22
4
-18
15
59
-38
29
11
29
12
27
-13
31
34
-56
54
7
-34
5
26
-23
5
14
4
36
-39
30
3
-13
-1
7
22
5
4
-35
-2
7
-35
34
13
-57
27
-45
6
20
-38
15
-27
-20
12
4
2
-60
3
-2
9
14
7
-10
1
39
53
41
9
59
-1
45
-5
-13
-8
-20
7
-63
1
-39
5
-2
-24
15
-5
20
1
24
33
29
-22
33
41
35
9
-4
-35
-7
20
-10
-8
-52
-29
-44
-48
23
-1
-36
19
-55
28
23
-8
26
19
20
16
6
14
-11
-31
-15
-54
-23
-49
-46
-18
-77
-38
-28
-16
-23
-7
37
-14
-1
7
14
26
7
4
55
-45
27
6
13
6
-52
-11
8
16
-8
-9
18
-1
-19
48
2
10
5
27
50
-10
43
43
6
18
-15
24
14
-11
16
5
4
-16
-18
45
-10
19
41
-16
-27
22
-7
-8
33
-28
14
-5
-4
2
1
-15
1
18
0
-13
12
-21
-13
7
-32
0
-23
-15
-15
-56
-19
28
-51
7
-17
-27
15
-12
25
-2
3
-33
5
11
-35
-37
-29
-25
-39
-16
-16
11
-23
-11
21
-12
-10
24
16
-5
5
5
29
-16
-29
-15
-1
-13
8
-8
15
-13
-27
-2
9
16
-14
33
2
15
21
35
18
22
22
27
23
15
16
9
-6
12
-11
-13
17
11
-34
-4
-5
-25
19
-5
1
9
-12
15
25
13
17
43
-7
26
24
20
66
5
-23
-6
20
-23
49
-36
-29
-11
-54
-2
-1
-54
-10
19
-15
11
18
23
-13
7
45
17
4
44
14
-7
25
0
-15
19
25
22
23
-11
-10
21
13
1
-8
9
-23
-11
-13
20
-25
-41
-4
-6
-11
-19
-15
-16
-12
-35
-27
19
26
7
-5
-17
10
-7
11
13
3
-9
-21
4
7
-15
6
-8
-10
-6
-6
41
13
-11
-6
-11
7
23
9
2
-2
-34
17
26
12
-9
0
-6
-21
-28
-13
6
-54
-48
-46
-14
-34
-25
-26
-19
3
-17
8
32
26
22
44
7
37
32
38
30
4
40
28
28
10
4
10
20
-5
-9
39
25
-8
1
13
-9
7
4
0
-15
-35
-16
5
-17
-24
-31
-36
13
3
-2
14
11
-15
2
10
5
-11
1
2
-6
-4
1
13
16
17
16
11
-20
-17
9
-21
-20
-27
-35
-4
-33
-23
-31
-36
-32
-36
-13
2
-9
-21
-18
7
7
3
28
14
-13
2
4
17
-3
-15
3
3
-14
2
11
-17
-12
-19
-1
12
-6
4
27
15
1
10
34
18
33
24
19
14
9
28
23
20
20
16
17
3
8
3
14
17
3
18
31
12
13
19
27
20
25
51
12
8
-2
15
1
-3
-4
-13
-28
-28
-38
-48
-38
-57
-69
-68
-50
-79
-59
-71
-72
-90
-74
-63
-65
-63
-78
-52
-57
-49
-38
-30
-48
-23
-20
-30
-26
-41
-33
-7
-25
-8
0
-10
8
14
27
14
20
26
56
79
60
60
69
56
46
80
80
81
89
86
93
86
87
66
42
26
50
68
54
64
62
140
258
288
289
277
270
309
345
372
390
362
282
203
155
127
78
-14
-75
-113
-178
-231
-282
-342
-390
-450
-462
-434
-424
-426
-425
-404
-401
-393
-349
-321
-301
-276
-257
-208
-179
-138
-96
-72
-36
-15
40
76
98
105
129
104
145
185
241
261
214
158
146
147
170
207
177
129
32
-12
-21
-23
-32
-37
-101
-80
-84
-85
-83
-93
-76
-47
-18
20
61
33
20
6
24
59
57
21
-2
-59
-93
-126
-141
-152
-187
-192
-180
-169
-171
-157
-131
-94
-41
-3
69
152
192
211
261
299
335
361
391
386
374
332
312
322
394
525
756
1014
1089
1027
933
934
1032
1085
1072
1030
871
623
342
122
-87
-297
-568
-736
-854
-1007
-1201
-1345
-1458
-1520
-1526
-1451
-1299
-1196
-1102
-998
-865
-734
-582
-467
-312
-225
-153
-33
36
67
112
104
126
133
120
135
121
53
-28
-71
-108
-109
-155
-131
-163
-236
-366
-401
-330
-241
-182
-123
-75
-92
-89
6
186
465
768
877
958
970
982
1058
1085
1102
1064
885
703
491
283
82
-183
-350
-463
-562
-624
-709
-807
-873
-887
-806
-706
-554
-454
-362
-243
-131
-6
105
201
311
398
484
551
556
569
554
515
511
558
557
552
481
388
324
271
254
207
101
49
31
44
108
174
443
855
1181
1242
1082
934
955
1019
1047
1039
945
656
200
-188
-451
-663
-943
-1209
-1354
-1446
-1566
-1713
-1768
-1759
-1713
-1553
-1314
-1034
-801
-645
-528
-370
-183
-11
134
236
284
298
303
290
259
236
175
89
20
-54
-96
-198
-339
-424
-476
-470
-439
-388
-338
-347
-413
-412
-258
-69
108
235
328
373
354
398
532
675
852
1008
1166
1294
1330
1266
1064
850
631
504
407
217
-108
-522
-886
-1156
-1318
-1354
-1308
-1292
-1230
-1122
-975
-769
-537
-249
56
368
600
788
878
901
921
934
957
933
850
709
513
304
161
56
55
44
-26
-149
-196
-217
-212
-183
-204
-169
-167
-110
24
158
283
400
589
1025
1516
1689
1535
1253
1142
1149
1088
973
778
440
-49
-540
-886
-1145
-1427
-1744
-1914
-1949
-1918
-1887
-1838
-1748
-1597
-1343
-995
-592
-214
122
381
551
724
858
945
1025
1026
947
827
625
410
245
16
-180
-395
-586
-721
-837
-961
-1085
-1105
-1098
-990
-805
-616
-417
-336
-260
-94
151
436
686
852
875
826
766
745
778
876
888
786
673
659
791
830
622
237
-154
-385
-433
-424
-470
-615
-906
-1245
-1334
-1210
-955
-726
-530
-323
-169
19
239
482
682
864
958
1055
1081
963
772
607
476
349
221
38
-139
-357
-537
-681
-706
-640
-555
-483
-442
-348
-258
-159
-63
54
189
347
479
576
653
711
764
882
1177
1654
1990
1882
1433
1008
787
709
624
439
188
-225
-793
-1249
-1497
-1648
-1822
-1944
-1863
-1648
-1447
-1295
-1131
-923
-694
-385
55
527
903
1132
1195
1169
1116
1043
941
830
647
355
34
-320
-619
-862
-1096
-1282
-1415
-1422
-1365
-1332
-1278
-1168
-1022
-770
-456
-92
239
437
497
545
743
987
1227
1287
1194
1001
746
584
492
473
369
155
-117
-372
-503
-552
-449
-208
-117
-213
-349
-393
-302
-192
-65
7
3
-56
-122
-79
59
112
97
114
221
301
318
333
311
262
236
215
187
120
-15
-110
-181
-244
-304
-338
-405
-470
-504
-516
-432
-316
-200
-104
-51
-7
56
145
210
304
339
376
411
388
412
467
559
636
811
1202
1618
1659
1297
890
722
782
789
633
410
39
-447
-869
-1042
-1057
-1100
-1200
-1237
-1108
-953
-812
-674
-519
-286
-102
101
424
701
892
956
844
696
534
352
208
43
-172
-455
-770
-1033
-1205
-1286
-1386
-1436
-1376
-1244
-1087
-912
-738
-572
-402
-184
121
454
718
756
659
583
612
727
803
767
560
229
-136
-285
-254
-216
-275
-457
-628
-699
-643
-496
-301
-102
199
527
702
688
601
568
631
732
824
854
780
508
160
-52
-159
-204
-255
-251
-250
-311
-400
-436
-416
-369
-297
-210
-81
-15
-28
-82
-118
-128
-104
-92
-72
-71
-105
-160
-182
-124
-53
-35
-20
-3
-2
-13
2
130
241
322
356
378
501
638
783
1057
1505
1829
1718
1305
954
878
934
840
610
320
17
-361
-697
-809
-806
-921
-1092
-1097
-884
-646
-536
-492
-371
-196
-49
152
425
682
752
635
468
361
246
53
-142
-326
-545
-791
-989
-1116
-1202
-1338
-1482
-1503
-1407
-1187
-990
-879
-797
-735
-561
-268
83
369
481
427
310
287
409
599
664
546
264
-12
-157
-139
-47
-14
-72
-191
-266
-243
-122
33
176
238
437
815
1072
1038
836
676
660
788
865
860
675
304
-127
-415
-458
-461
-485
-521
-578
-594
-594
-539
-459
-387
-301
-180
2
146
198
158
102
57
72
102
122
79
-23
-187
-283
-300
-283
-226
-225
-217
-228
-219
-176
-62
117
267
380
516
638
758
878
957
1132
1535
1954
2054
1770
1315
990
883
829
676
501
231
-189
-668
-980
-1139
-1205
-1265
-1250
-1115
-968
-928
-860
-726
-525
-300
-33
267
482
554
500
399
317
239
96
-57
-228
-427
-644
-867
-1040
-1151
-1283
-1388
-1402
-1337
-1234
-1123
-1006
-847
-661
-458
-236
-10
215
379
399
355
393
476
603
680
620
471
251
78
-15
23
122
147
55
-111
-226
-219
-104
66
239
357
534
763
953
935
806
742
760
827
788
647
434
120
-217
-491
-555
-509
-533
-607
-635
-666
-688
-672
-546
-370
-179
-24
56
107
71
49
72
146
205
210
148
89
-39
-194
-261
-225
-147
-94
-121
-181
-201
-129
7
176
383
544
645
672
754
888
1015
1099
1217
1546
1959
2099
1782
1234
845
749
759
663
444
59
-459
-987
-1280
-1305
-1282
-1323
-1403
-1343
-1201
-1075
-938
-767
-536
-342
-123
150
422
588
563
457
349
231
127
17
-120
-318
-607
-915
-1177
-1319
-1396
-1481
-1508
-1467
-1344
-1199
-1057
-944
-795
-584
-302
42
387
596
608
515
489
651
894
1057
1048
863
586
325
177
157
208
177
48
-149
-316
-352
-249
-84
9
65
147
347
581
738
692
630
585
609
673
680
609
387
49
-174
-191
-160
-175
-272
-392
-511
-563
-537
-439
-316
-264
-257
-207
-148
-125
-112
-85
-40
-20
-32
-6
13
1
-50
-30
1
29
44
51
91
110
101
101
171
291
408
518
560
567
613
680
794
938
1197
1591
1816
1610
1140
742
652
715
659
421
76
-281
-665
-942
-1063
-1065
-1105
-1240
-1252
-1081
-872
-771
-714
-584
-354
-121
101
324
476
526
479
412
363
273
94
-105
-332
-550
-825
-1110
-1306
-1450
-1534
-1581
-1547
-1440
-1338
-1257
-1194
-1014
-727
-421
-125
209
470
590
563
546
689
900
1075
1096
962
703
412
166
93
167
201
84
-133
-323
-392
-391
-275
-82
113
251
392
578
781
928
939
948
977
1023
1029
951
739
446
106
-155
-282
-356
-489
-715
-932
-1067
-1058
-960
-823
-717
-651
-572
-487
-358
-190
-31
107
220
308
379
394
392
331
283
266
285
293
241
179
88
45
5
3
30
108
200
300
379
411
452
503
587
693
811
1038
1436
1858
1944
1592
1054
743
804
939
923
667
213
-330
-834
-1128
-1098
-1050
-1172
-1324
-1394
-1323
-1228
-1143
-984
-749
-523
-323
-137
77
254
272
191
164
172
103
-62
-255
-476
-679
-932
-1120
-1193
-1215
-1290
-1396
-1421
-1348
-1214
-1072
-878
-660
-463
-299
-100
153
377
491
526
577
732
861
940
901
790
600
420
349
362
412
385
270
89
-25
-37
38
192
326
407
402
431
564
770
897
889
789
658
560
480
409
305
113
-200
-443
-607
-636
-664
-731
-741
-733
-726
-705
-596
-452
-335
-246
-134
11
150
200
225
250
289
307
303
324
313
293
192
118
100
112
148
187
219
200
151
109
121
213
351
508
565
620
648
646
653
689
933
1362
1727
1682
1269
714
428
444
536
516
334
-15
-469
-891
-1099
-1071
-1026
-1121
-1278
-1307
-1195
-1069
-972
-880
-743
-634
-528
-358
-113
80
73
-50
-184
-229
-268
-339
-418
-556
-753
-1035
-1227
-1227
-1173
-1179
-1228
-1222
-1152
-1036
-918
-763
-560
-361
-164
67
366
624
703
631
631
752
974
1145
1149
1030
817
593
456
498
619
651
500
266
109
44
29
85
152
194
229
313
517
700
753
590
426
445
552
644
592
412
108
-242
-461
-487
-393
-375
-519
-676
-738
-678
-544
-440
-336
-276
-244
-161
-32
133
199
186
174
202
280
323
328
290
205
139
98
144
228
227
149
48
-20
-58
-29
14
129
228
275
279
322
429
499
503
516
760
1233
1708
1790
1463
964
652
679
791
855
718
369
-161
-702
-979
-1023
-1060
-1245
-1493
-1620
-1557
-1421
-1298
-1184
-1109
-1099
-1063
-847
-488
-101
66
12
-104
-142
-122
-130
-157
-207
-383
-589
-774
-832
-828
-945
-1116
-1185
-1109
-964
-802
-689
-588
-477
-367
-169
163
465
640
621
639
807
1055
1238
1295
1265
1138
927
790
801
881
877
707
444
240
163
156
184
191
156
76
62
225
464
593
532
350
230
207
256
298
299
172
-109
-359
-483
-448
-419
-456
-506
-514
-482
-442
-395
-344
-314
-303
-262
-140
32
156
188
144
119
101
122
198
264
293
225
95
2
-18
-2
-9
-18
-41
-92
-119
-80
18
151
248
295
326
405
497
543
585
657
876
1255
1612
1715
1453
1017
673
579
638
656
541
220
-247
-778
-1178
-1308
-1305
-1367
-1553
-1700
-1691
-1589
-1465
-1319
-1159
-1053
-970
-792
-457
-66
163
179
106
64
50
64
51
-19
-129
-323
-482
-565
-589
-679
-834
-901
-877
-790
-670
-566
-437
-320
-232
-108
55
224
352
469
613
792
963
1073
1030
924
809
714
724
785
873
817
623
378
206
179
191
211
200
158
98
45
82
214
386
467
400
258
124
32
23
59
109
46
-110
-267
-411
-443
-420
-362
-271
-188
-143
-122
-111
-70
-4
72
127
197
297
338
307
201
69
-32
-79
-84
-68
-69
-132
-256
-358
-423
-425
-374
-259
-140
-29
8
24
71
184
354
492
594
680
709
656
667
783
1089
1450
1621
1484
1110
758
550
468
423
363
217
-55
-426
-831
-1101
-1220
-1359
-1490
-1555
-1476
-1328
-1246
-1174
-1103
-1028
-981
-899
-702
-373
-35
158
152
63
-51
-160
-226
-208
-69
4
-60
-238
-434
-569
-666
-690
-614
-479
-415
-417
-446
-416
-361
-297
-166
7
186
263
280
380
553
708
733
690
708
738
761
771
804
866
841
746
686
660
651
568
454
395
360
367
371
389
403
339
206
36
-72
-84
-33
8
-39
-129
-265
-406
-504
-513
-424
-320
-244
-182
-119
-78
-56
-47
20
132
221
249
219
167
119
54
-14
-82
-181
-305
-396
-407
-356
-324
-358
-389
-400
-361
-282
-154
1
91
87
92
196
356
499
589
606
577
558
583
663
816
978
1166
1285
1245
1046
805
677
603
502
317
181
51
-197
-539
-892
-1102
-1243
-1392
-1483
-1478
-1399
-1371
-1347
-1301
-1166
-1056
-998
-915
-702
-396
-152
-27
-20
-23
-95
-157
-118
6
118
87
-25
-101
-154
-185
-246
-294
-298
-313
-331
-333
-276
-189
-140
-143
-159
-140
-117
-84
32
224
414
502
539
539
524
541
603
752
940
1082
1062
977
883
788
723
647
640
681
704
677
613
532
451
340
196
138
122
79
-32
-178
-296
-422
-545
-671
-748
-733
-699
-608
-542
-447
-365
-326
-231
-98
81
182
193
168
192
252
304
308
219
82
-63
-145
-139
-93
-53
-102
-200
-288
-310
-249
-171
-142
-143
-169
-182
-158
-126
-53
16
61
70
96
157
241
314
355
480
690
954
1168
1183
1085
948
873
848
806
747
644
425
77
-257
-499
-635
-741
-912
-1108
-1251
-1370
-1452
-1456
-1357
-1248
-1210
-1185
-1160
-1012
-792
-618
-453
-282
-154
-68
23
104
161
179
167
167
258
356
393
332
231
128
9
-90
-115
-41
21
41
7
-40
-93
-164
-209
-153
-6
138
241
251
246
213
213
280
387
532
639
694
685
681
678
712
729
744
721
696
678
698
741
769
724
612
464
265
112
-24
-158
-307
-439
-598
-745
-843
-908
-914
-936
-927
-868
-734
-521
-302
-153
-49
7
74
132
229
378
453
463
354
256
158
72
-17
-103
-145
-158
-198
-273
-316
-337
-340
-300
-280
-217
-168
-190
-219
-236
-183
-83
52
153
192
183
165
142
168
242
388
618
867
1091
1152
1088
975
926
941
957
944
900
802
595
295
-28
-251
-415
-585
-759
-937
-1069
-1188
-1286
-1301
-1257
-1233
-1262
-1315
-1276
-1087
-872
-694
-593
-505
-456
-411
-361
-245
-84
-2
33
42
89
178
239
267
289
241
183
153
154
235
317
319
276
197
77
-13
-70
-34
45
95
102
79
75
50
32
57
140
215
271
319
367
463
525
570
611
622
634
603
627
705
816
939
974
889
693
500
322
204
66
-41
-155
-315
-474
-627
-719
-763
-793
-829
-799
-653
-456
-283
-138
-71
-53
-101
-137
-76
45
123
93
17
-46
-93
-169
-228
-253
-271
-287
-323
-295
-227
-183
-201
-271
-313
-324
-297
-250
-144
-41
28
62
74
106
174
222
243
320
433
534
577
541
524
553
686
857
975
1030
966
873
799
775
746
686
590
492
389
275
168
39
-94
-283
-462
-610
-727
-776
-839
-862
-865
-932
-1029
-1088
-1120
-1112
-1058
-983
-933
-881
-812
-770
-700
-639
-587
-527
-441
-304
-174
-49
57
149
207
214
228
243
299
355
414
476
490
457
325
186
92
75
83
63
23
-33
-43
-59
-35
46
129
186
233
283
398
515
572
608
581
565
560
561
590
645
712
772
801
777
717
584
426
308
197
118
34
-73
-201
-342
-478
-555
-649
-721
-743
-734
-654
-572
-494
-440
-426
-443
-458
-426
-337
-253
-185
-179
-225
-251
-300
-330
-323
-267
-229
-215
-234
-213
-133
-87
-24
40
95
110
89
91
135
211
266
302
309
326
328
327
359
396
437
437
425
441
505
580
677
818
980
1107
1117
1078
1090
1124
1119
1028
905
784
663
517
339
182
27
-204
-469
-705
-851
-956
-1064
-1159
-1229
-1264
-1363
-1479
-1543
-1516
-1432
-1368
-1274
-1139
-999
-912
-875
-811
-729
-630
-550
-476
-393
-289
-223
-202
-197
-191
-159
-150
-114
-48
32
141
230
334
419
493
548
567
601
645
701
764
802
799
793
748
676
610
529
498
487
499
541
576
560
485
398
317
293
317
365
459
562
614
585
497
386
283
211
151
115
59
-43
-193
-371
-485
-560
-633
-708
-772
-793
-757
-720
-674
-631
-613
-630
-653
-629
-569
-476
-406
-356
-321
-296
-234
-227
-196
-152
-74
-5
41
99
153
214
226
243
293
361
415
445
477
535
564
557
562
580
631
650
626
618
620
613
598
589
619
619
577
562
582
665
779
867
863
785
663
542
471
432
369
280
137
-53
-257
-437
-559
-665
-792
-955
-1108
-1237
-1336
-1390
-1419
-1443
-1446
-1461
-1499
-1496
-1453
-1354
-1237
-1115
-985
-887
-772
-689
-575
-470
-385
-275
-161
-31
61
133
193
248
295
323
358
395
420
482
547
583
595
583
568
591
610
630
644
609
580
545
542
576
564
552
519
480
455
448
439
420
415
393
372
350
316
322
308
301
314
336
366
373
344
264
142
8
-124
-213
-297
-378
-443
-537
-616
-695
-743
-800
-813
-810
-767
-677
-576
-458
-392
-366
-350
-321
-236
-144
-31
40
92
129
131
168
206
259
267
283
322
374
410
432
470
516
527
529
557
561
538
511
492
475
501
522
500
452
389
315
257
229
244
277
259
196
125
44
-6
-41
-52
-5
80
140
126
50
-16
-41
-84
-127
-178
-233
-293
-391
-471
-539
-622
-737
-853
-991
-1099
-1166
-1251
-1285
-1297
-1298
-1287
-1276
-1267
-1204
-1095
-932
-751
-599
-421
-279
-148
-24
78
191
284
383
445
502
541
585
608
602
573
530
507
464
446
431
436
427
418
401
393
404
429
458
494
550
613
652
688
687
691
664
608
561
515
491
465
411
361
276
164
37
-63
-118
-130
-112
-108
-107
-122
-124
-152
-198
-256
-303
-334
-345
-337
-341
-359
-391
-435
-432
-430
-412
-379
-334
-259
-192
-130
-72
-39
-8
23
49
114
185
242
302
323
313
285
247
230
224
250
280
300
279
252
214
192
153
134
108
78
64
34
21
6
-15
-16
-22
-24
-26
-22
2
50
94
127
158
182
160
115
47
9
-39
-62
-73
-65
-19
-17
-46
-128
-186
-235
-250
-256
-268
-278
-316
-347
-414
-459
-470
-499
-515
-573
-616
-646
-660
-662
-643
-592
-573
-559
-565
-532
-474
-394
-313
-222
-135
-65
-3
35
89
150
195
247
280
318
363
388
405
410
388
375
358
379
427
462
477
446
413
392
385
372
353
340
318
298
268
257
257
249
253
262
251
241
211
170
188
196
203
188
130
72
7
-24
-19
-15
4
-46
-97
-127
-130
-75
-65
-74
-128
-189
-249
-257
-232
-201
-198
-229
-281
-306
-271
-184
-117
-83
-76
-59
-6
35
92
141
148
129
73
49
69
65
59
11
-41
-91
-122
-116
-91
-64
-50
-52
-73
-74
-46
10
41
86
120
125
120
91
78
63
40
30
11
-5
-29
-69
-94
-90
-74
-52
-50
-67
-96
-117
-110
-105
-59
7
112
219
263
262
230
216
213
217
207
205
185
128
41
-58
-117
-182
-252
-319
-378
-434
-473
-508
-518
-493
-465
-446
-464
-459
-407
-328
-216
-123
-62
-31
-23
-13
18
63
109
127
129
138
172
187
181
178
154
178
184
205
257
286
295
282
274
255
235
217
240
236
253
253
230
208
158
110
69
28
20
11
-7
-17
-37
-36
-56
-85
-87
-98
-97
-81
-50
18
61
69
60
47
86
166
246
291
263
204
146
90
3
-50
-122
-183
-232
-286
-313
-311
-302
-316
-328
-342
-281
-202
-118
-34
28
57
32
10
52
84
106
103
64
38
-7
-48
-109
-137
-129
-125
-122
-122
-109
-85
-76
-50
-9
30
42
64
66
75
101
100
135
148
149
128
110
126
141
176
186
170
156
123
98
71
75
130
238
366
475
514
475
433
400
374
380
387
397
364
266
144
13
-91
-204
-328
-439
-522
-585
-630
-662
-678
-697
-736
-794
-814
-753
-663
-553
-464
-383
-314
-256
-210
-170
-109
-44
26
72
126
195
226
233
199
157
128
120
135
180
213
228
192
155
101
44
13
1
38
64
76
58
20
-36
-79
-95
-68
-30
11
25
36
53
92
117
140
148
135
144
169
190
210
212
180
161
133
139
173
229
320
398
421
363
265
157
81
14
-26
-61
-123
-204
-311
-416
-493
-534
-541
-518
-483
-394
-299
-197
-130
-99
-93
-102
-90
-43
69
167
212
193
126
48
-23
-58
-66
-51
-33
-24
-20
-13
27
45
56
49
53
76
149
213
258
289
276
281
278
294
327
363
400
455
487
496
482
445
414
365
349
408
542
702
775
719
586
432
310
245
224
185
130
11
-180
-344
-500
-599
-733
-891
-1007
-1047
-1044
-1038
-1013
-1007
-1031
-1064
-1094
-1050
-903
-730
-558
-436
-361
-302
-256
-198
-136
-50
53
116
171
234
280
316
303
268
239
209
194
210
238
246
232
142
84
14
-43
-77
-85
-58
-39
-2
4
-15
-45
-62
-40
19
128
266
355
388
399
386
402
434
475
524
552
563
534
498
443
350
272
183
135
101
75
49
36
57
57
30
-55
-111
-126
-134
-156
-183
-212
-253
-315
-400
-444
-455
-462
-451
-432
-381
-299
-228
-172
-140
-89
-26
36
108
197
290
322
281
232
194
171
156
117
96
62
31
9
16
42
36
19
-8
8
88
152
200
236
236
243
232
243
303
383
425
432
450
482
506
504
437
364
330
319
332
423
557
647
574
357
127
3
-32
-47
-88
-174
-328
-553
-790
-977
-1055
-1114
-1220
-1330
-1367
-1311
-1250
-1236
-1229
-1183
-1125
-1068
-957
-739
-475
-264
-158
-114
-64
24
103
176
298
405
476
474
448
455
439
391
315
254
248
275
260
214
167
116
46
-11
-48
-30
5
52
90
128
189
193
193
209
230
291
370
485
598
682
688
640
594
565
572
592
603
570
514
416
296
190
100
3
-109
-207
-261
-290
-321
-345
-379
-344
-240
-177
-144
-137
-124
-97
-79
-59
-38
-18
-40
-106
-171
-211
-210
-191
-195
-185
-172
-151
-164
-169
-130
-90
-46
-22
-3
52
128
128
103
77
47
23
-12
-2
50
114
117
87
69
102
135
168
229
270
319
343
347
342
343
332
321
330
325
319
293
261
220
174
121
55
5
-54
-89
-151
-165
-76
44
124
48
-129
-276
-324
-311
-260
-234
-262
-372
-562
-709
-795
-791
-790
-816
-812
-802
-755
-730
-727
-710
-671
-623
-568
-433
-246
-63
32
41
39
59
92
170
260
354
407
396
369
347
327
304
276
247
244
253
246
216
170
119
78
50
44
76
118
118
104
104
112
142
174
201
239
267
308
363
451
488
484
446
404
421
444
471
447
393
310
205
120
55
20
-20
-104
-206
-306
-352
-344
-340
-359
-382
-389
-358
-213
-24
121
140
60
-3
23
108
197
244
204
105
-41
-160
-182
-175
-161
-170
-219
-204
-143
-109
-70
-36
-27
-4
33
101
222
276
245
173
91
79
124
157
168
146
94
36
-27
-35
12
6
-32
-72
-113
-101
-91
-102
-143
-173
-177
-135
-78
-54
-99
-145
-173
-161
-98
-58
-39
-82
-141
-170
-99
82
325
483
471
319
160
141
239
312
299
199
29
-172
-348
-437
-466
-501
-621
-735
-782
-759
-710
-701
-706
-682
-620
-527
-392
-214
-24
61
73
74
126
240
356
423
470
476
463
402
354
346
300
233
151
88
52
16
-57
-165
-263
-324
-324
-276
-231
-208
-229
-236
-197
-97
30
135
165
190
221
286
416
528
626
651
634
612
624
656
660
617
528
412
306
234
171
122
50
-36
-159
-235
-257
-258
-264
-308
-324
-317
-280
-218
-133
14
201
330
368
305
265
308
350
386
394
345
238
76
-78
-182
-211
-276
-345
-396
-421
-421
-478
-532
-570
-545
-509
-444
-393
-306
-223
-233
-225
-198
-131
-48
-7
-5
-4
1
-15
-24
9
59
95
101
97
106
122
120
89
67
88
88
74
84
69
46
-3
-32
8
114
204
228
210
178
177
194
280
461
699
876
858
698
546
488
497
519
487
388
195
-80
-352
-540
-607
-680
-774
-879
-947
-968
-983
-1004
-1008
-959
-872
-784
-658
-488
-313
-227
-217
-197
-107
7
103
164
174
148
69
-1
-6
25
44
6
-70
-125
-149
-177
-202
-192
-171
-113
-61
22
62
74
72
84
189
354
526
630
692
715
713
714
763
854
944
978
932
862
785
722
628
532
430
326
231
107
9
-75
-174
-280
-412
-501
-551
-558
-563
-584
-588
-598
-572
-532
-437
-316
-97
141
250
259
166
112
163
252
304
321
219
39
-157
-309
-340
-338
-383
-457
-551
-584
-558
-553
-521
-455
-388
-303
-195
-75
60
122
120
118
199
276
353
391
358
298
232
202
229
276
304
217
96
34
-10
-1
-5
-26
-72
-85
-69
4
70
75
16
-32
-12
94
231
324
336
236
159
111
159
267
387
492
631
681
597
416
245
204
241
257
162
5
-202
-456
-704
-838
-884
-910
-973
-1065
-1122
-1130
-1126
-1127
-1070
-896
-718
-555
-431
-313
-158
-53
22
126
253
390
445
471
455
422
369
311
311
321
319
255
181
98
71
53
25
36
63
113
172
230
259
269
262
289
399
533
652
688
640
568
534
540
611
671
666
562
411
276
184
128
64
-18
-136
-265
-404
-523
-597
-649
-704
-736
-771
-734
-685
-625
-568
-539
-486
-404
-244
-87
43
127
188
303
507
746
843
781
643
530
497
488
442
361
173
-99
-331
-454
-471
-480
-513
-556
-572
-561
-522
-474
-375
-244
-142
-28
73
141
222
231
226
263
327
345
308
232
147
46
-47
-72
-77
-75
-103
-169
-230
-270
-277
-290
-242
-211
-183
-135
-119
-57
14
25
18
61
145
253
339
402
382
333
297
305
372
438
449
405
425
536
634
595
424
214
121
113
93
41
-73
-252
-494
-676
-732
-696
-698
-784
-892
-931
-872
-790
-692
-601
-506
-412
-324
-190
3
187
275
278
298
362
401
385
347
281
217
137
74
57
41
-53
-196
-285
-309
-257
-226
-227
-239
-253
-234
-175
-67
40
106
131
179
304
457
535
536
499
462
458
489
539
547
469
307
117
8
-14
-16
-40
-114
-204
-295
-354
-358
-331
-293
-271
-243
-206
-139
-70
-1
58
94
126
184
261
319
353
360
370
410
517
592
557
419
260
168
124
104
58
-42
-198
-390
-541
-593
-589
-596
-582
-544
-487
-428
-419
-371
-278
-178
-73
57
151
221
250
189
159
188
216
206
177
139
83
18
-38
-69
-85
-98
-105
-120
-90
-57
-64
-50
-30
12
69
130
187
257
285
284
281
309
368
382
424
429
392
347
290
256
260
252
198
136
21
-57
-21
97
190
142
-44
-221
-272
-197
-146
-181
-253
-390
-525
-607
-618
-594
-568
-610
-667
-644
-556
-512
-531
-529
-494
-393
-298
-202
-106
-60
-67
-89
-42
53
124
104
48
-27
-63
-67
-74
-60
-37
-69
-117
-112
-60
18
68
92
142
221
293
361
429
443
431
384
403
480
565
580
491
396
298
254
225
221
211
158
79
0
-30
-31
-29
-43
-54
-37
-15
-11
-13
-31
-46
-34
-20
17
71
78
38
-31
-80
-105
-82
-30
-31
-50
-92
-138
-156
-124
-48
109
237
261
216
119
106
161
211
236
210
132
39
-53
-97
-114
-131
-138
-115
-58
-18
-54
-82
-83
-17
65
139
168
132
90
0
-20
-7
0
-53
-172
-262
-312
-332
-350
-380
-393
-346
-313
-266
-180
-148
-128
-105
-42
87
219
282
273
256
206
170
153
175
170
147
93
29
-21
-83
-127
-155
-128
-98
-105
-146
-186
-213
-178
-73
121
337
415
317
164
139
234
334
367
319
203
52
-89
-179
-218
-301
-416
-514
-552
-561
-582
-614
-623
-595
-552
-486
-394
-277
-197
-157
-112
-28
49
104
107
112
140
158
156
152
176
200
206
178
178
177
161
154
157
187
207
186
168
185
209
205
158
130
154
199
229
221
190
129
19
-36
25
134
211
195
140
91
90
117
170
209
242
231
178
140
147
154
138
132
107
106
73
36
18
5
-12
-6
13
33
49
12
-13
-12
28
93
129
165
204
304
351
290
200
98
89
124
107
43
-63
-271
-432
-504
-488
-459
-482
-545
-600
-606
-571
-528
-499
-417
-344
-260
-173
-160
-180
-196
-203
-147
-51
-12
-63
-157
-249
-275
-220
-130
-42
-29
-55
-52
-44
34
113
173
249
300
320
336
306
279
310
312
292
285
296
289
239
179
140
123
146
195
210
229
204
110
81
92
147
253
368
403
324
190
70
69
107
125
80
-12
-155
-335
-458
-515
-530
-548
-546
-567
-566
-562
-598
-575
-514
-389
-261
-153
-86
-40
-4
33
97
155
241
255
233
218
181
155
116
94
88
79
42
9
-22
-61
-71
-82
-51
-10
24
43
68
85
93
105
110
172
210
222
203
171
164
146
146
175
212
217
186
145
120
134
144
141
118
92
57
14
-33
-100
-138
-172
-189
-185
-181
-188
-209
-226
-220
-195
-152
-103
-72
-22
7
32
69
82
103
110
119
144
135
109
74
78
191
274
234
151
9
-44
1
-14
-34
-73
-182
-271
-328
-333
-296
-291
-277
-258
-203
-128
-89
-54
3
83
145
215
223
192
194
163
157
184
143
57
-4
-63
-88
-109
-118
-127
-129
-138
-123
-91
-17
40
18
55
122
183
214
198
179
221
229
222
194
161
157
131
142
171
154
128
100
72
108
124
92
48
8
-16
-24
-29
-17
35
78
66
-4
-60
-94
-96
-60
-19
-16
-71
-174
-270
-293
-302
-281
-299
-323
-362
-415
-435
-447
-408
-380
-337
-311
-280
-228
-218
-202
-175
-112
-45
-15
-12
-13
-20
-38
-19
17
61
96
102
95
69
70
85
108
153
196
202
210
221
228
236
199
174
180
207
244
271
242
178
102
58
52
70
104
97
71
12
-31
-49
-34
-2
26
61
67
44
4
-16
-17
10
73
127
127
86
37
31
35
43
59
74
91
83
49
-5
-46
-47
-53
-41
-14
-16
-21
-19
2
97
240
270
241
191
157
205
259
261
245
158
19
-63
-108
-113
-122
-168
-217
-229
-232
-246
-263
-257
-231
-212
-169
-101
-91
-118
-128
-150
-120
-92
-112
-134
-159
-172
-153
-146
-154
-140
-145
-134
-93
-66
-45
-36
-33
10
37
41
71
78
100
131
115
120
100
77
88
69
74
53
34
9
-4
-5
13
34
23
26
32
29
31
38
20
34
42
49
64
78
80
69
53
44
23
15
-1
-42
-91
-133
-169
-194
-213
-246
-256
-254
-251
-260
-255
-251
-220
-167
-86
-54
-21
16
45
81
132
160
172
179
173
181
181
159
151
129
87
57
22
4
1
-1
-16
-5
-29
-41
-55
-42
11
40
67
70
67
58
90
141
183
218
218
202
187
181
192
193
188
168
141
139
133
113
97
68
56
63
65
85
83
49
-5
-64
-51
-2
30
30
12
-16
-43
-71
-49
-25
-14
-3
-19
-14
-25
-27
-49
-56
-56
-50
-37
3
93
96
48
-6
-65
-52
-26
-49
-56
-114
-187
-218
-255
-259
-268
-279
-247
-216
-188
-166
-184
-178
-148
-115
-76
-47
-49
-83
-79
-88
-85
-68
-117
-137
-127
-133
-123
-153
-180
-153
-119
-86
-42
-23
-19
0
28
89
144
167
180
187
212
244
251
223
211
193
206
239
227
197
159
131
133
153
174
190
188
175
166
131
117
105
92
85
86
81
50
14
-39
-65
-38
-2
41
59
41
6
-56
-46
-26
14
46
43
18
-33
-60
-77
-80
-87
-102
-106
-117
-152
-175
-197
-208
-191
-173
-167
-145
-140
-150
-132
-128
-104
-88
-48
-25
-30
-39
-56
-56
-54
-37
-44
-50
-41
-41
-49
-76
-95
-94
-86
-67
-54
-54
-54
-90
-110
-100
-67
-26
-3
-4
-28
-52
-77
-41
0
30
61
85
99
95
89
80
80
104
126
150
159
141
108
91
87
104
120
135
142
140
141
141
140
140
153
158
163
158
151
153
135
148
160
163
172
166
174
165
141
112
71
53
15
-15
-38
-63
-100
-142
-171
-205
-206
-201
-203
-208
-220
-218
-194
-180
-144
-115
-106
-101
-99
-84
-66
-30
-29
-17
-2
-19
-18
-34
-33
-19
-25
-26
-27
-4
1
-18
-8
-6
10
35
43
57
74
70
56
48
53
65
76
85
94
97
83
72
60
60
96
123
128
97
86
57
45
45
41
30
-5
-27
-71
-74
-93
-100
-104
-117
-121
-132
-129
-130
-115
-110
-101
-73
-55
-38
-33
-27
-36
-25
-4
25
40
29
20
-1
-15
-35
-39
-34
-25
-35
-54
-87
-118
-141
-150
-145
-128
-117
-122
-123
-140
-146
-140
-130
-114
-104
-105
-103
-115
-107
-93
-57
-33
-15
8
34
50
68
79
86
96
101
115
106
105
94
91
97
109
130
136
115
97
81
83
99
125
153
140
137
133
141
171
197
225
249
263
277
276
276
267
250
235
243
246
223
183
146
125
123
123
129
126
101
82
31
3
-9
-12
-16
-21
-42
-85
-126
-165
-185
-193
-192
-196
-197
-222
-229
-230
-231
-224
-230
-238
-232
-233
-248
-253
-266
-276
-267
-272
-272
-271
-270
-261
-238
-204
-170
-160
-127
-87
-61
-28
7
52
69
89
118
131
137
127
111
106
125
125
116
89
68
56
31
28
30
42
39
45
37
34
46
46
61
78
72
69
70
83
82
82
92
82
99
106
109
118
107
92
79
78
72
76
75
56
29
-14
-39
-50
-56
-81
-94
-111
-124
-119
-118
-115
-109
-106
-105
-105
-98
-85
-66
-59
-48
-51
-51
-38
-46
-42
-31
1
3
2
3
-19
-25
-34
-22
-24
-36
-36
-54
-68
-53
-41
-51
-57
-57
-45
-16
12
30
33
37
39
55
84
111
126
150
151
168
190
197
217
217
215
213
207
203
207
186
178
165
160
151
129
110
81
52
32
32
38
28
0
-24
-47
-57
-62
-59
-52
-46
-56
-61
-61
-67
-49
-35
-14
1
15
15
4
-13
-33
-10
-7
0
-34
-89
-146
-163
-162
-168
-162
-186
-188
-203
-193
-187
-172
-156
-153
-131
-111
-83
-76
-71
-82
-87
-66
-63
-71
-75
-68
-80
-93
-95
-110
-101
-91
-73
-66
-75
-56
-54
-32
8
41
73
85
98
107
114
141
159
181
191
193
189
171
174
181
181
182
203
208
190
170
150
152
159
180
206
186
165
118
95
91
82
84
58
32
14
17
11
-14
-34
-70
-68
-53
-53
-63
-83
-100
-130
-135
-146
-150
-164
-186
-196
-194
-198
-200
-205
-213
-229
-237
-227
-230
-229
-220
-202
-185
-180
-169
-156
-155
-125
-98
-68
-47
-41
-21
-26
-7
-5
2
12
22
30
23
28
28
24
27
30
29
41
39
45
51
61
77
87
112
124
128
140
159
165
168
168
161
161
172
174
176
176
173
156
151
154
160
156
148
136
111
100
95
110
101
96
88
87
103
118
127
123
118
122
126
130
127
96
70
40
8
-1
5
-6
-30
-70
-102
-114
-134
-133
-135
-138
-146
-172
-191
-205
-220
-212
-214
-192
-176
-179
-186
-200
-213
-219
-201
-191
-176
-153
-149
-148
-144
-132
-120
-102
-89
-64
-42
-38
-26
-21
-11
12
31
45
64
83
101
97
100
100
116
133
156
162
155
133
130
154
159
178
163
144
126
117
119
132
150
142
119
100
75
61
60
55
49
31
16
-6
-14
-24
-33
-27
-23
-29
-55
-72
-93
-113
-120
-114
-95
-97
-97
-102
-119
-114
-112
-101
-110
-110
-99
-92
-102
-106
-116
-105
-93
-78
-73
-80
-83
-86
-87
-76
-67
-58
-39
-42
-34
-38
-54
-46
-28
-14
3
3
10
8
5
12
27
34
42
58
76
80
96
84
80
90
94
117
124
139
128
111
111
122
141
138
138
119
110
113
120
123
114
105
86
69
64
67
74
85
79
68
61
45
33
22
10
13
7
2
7
4
-5
-12
-14
-1
9
21
28
19
-5
-14
-30
-38
-32
-38
-44
-74
-97
-108
-126
-144
-144
-136
-145
-144
-152
-151
-138
-128
-125
-115
-97
-80
-72
-77
-75
-83
-78
-76
-64
-64
-69
-73
-89
-97
-95
-88
-86
-80
-67
-59
-49
-42
-32
-29
-14
-7
4
21
27
31
27
33
38
41
44
50
44
49
47
56
57
69
90
104
109
107
116
119
136
142
139
141
141
147
149
143
145
147
144
143
141
134
104
86
85
86
88
83
75
64
42
33
27
28
23
9
-24
-40
-53
-58
-57
-74
-76
-85
-91
-102
-103
-95
-94
-88
-94
-103
-117
-127
-139
-146
-148
-155
-143
-143
-132
-137
-148
-153
-160
-158
-152
-138
-124
-114
-106
-116
-123
-114
-109
-84
-70
-61
-55
-55
-58
-35
-19
5
38
57
68
80
93
115
132
148
170
175
182
180
186
190
197
217
234
228
218
199
195
192
190
185
171
167
153
134
111
102
85
85
80
63
61
32
16
3
3
16
31
32
31
12
-7
-9
-25
-25
-25
-32
-43
-68
-95
-113
-128
-130
-126
-143
-142
-157
-154
-150
-164
-167
-172
-160
-157
-142
-140
-130
-116
-116
-104
-96
-100
-94
-85
-56
-65
-65
-65
-57
-40
-23
-15
-26
-29
-28
-14
2
21
29
25
18
26
34
41
48
59
71
65
68
65
54
49
37
49
70
73
75
74
68
68
72
85
91
95
94
86
83
80
70
55
51
56
51
43
30
19
12
-7
-19
-26
-26
-33
-35
-46
-49
-57
-68
-65
-63
-52
-45
-49
-57
-61
-54
-25
-28
-22
-21
-30
-34
-36
-47
-42
-44
-48
-49
-58
-57
-63
-69
-86
-77
-88
-74
-61
-56
-59
-63
-58
-62
-51
-53
-47
-41
-41
-51
-43
-41
-26
-4
-3
2
16
23
25
38
44
65
70
69
81
90
87
92
96
115
112
113
106
100
97
94
101
98
92
91
81
74
70
65
83
81
89
93
88
88
89
77
70
65
75
67
59
50
46
45
35
16
19
11
11
6
-11
-8
-7
-8
-19
-14
-18
-31
-44
-63
-74
-69
-63
-73
-87
-97
-101
-97
-97
-94
-95
-85
-81
-83
-79
-75
-66
-62
-50
-50
-56
-58
-59
-69
-77
-84
-92
-94
-88
-82
-79
-74
-69
-65
-58
-32
-21
-17
-12
-11
-11
4
22
36
45
48
38
41
46
68
87
94
99
96
100
98
98
97
108
101
96
91
75
64
65
63
59
54
51
54
52
57
47
43
49
48
62
60
54
54
54
48
44
43
40
22
4
-13
-20
-20
-44
-53
-57
-67
-77
-92
-94
-105
-101
-98
-111
-128
-147
-149
-143
-146
-147
-149
-138
-124
-122
-116
-110
-84
-68
-57
-46
-38
-34
-28
-28
-18
-5
-10
7
7
13
14
10
6
-1
-4
0
1
-6
-3
2
10
10
28
30
27
38
42
58
62
78
77
68
62
57
69
77
84
92
89
90
90
83
77
88
88
93
92
74
76
65
62
62
68
64
56
49
44
43
40
39
43
42
47
41
29
24
26
25
20
21
9
13
0
-23
-34
-40
-42
-48
-53
-56
-54
-63
-53
-41
-38
-25
-36
-31
-44
-42
-30
-36
-42
-60
-71
-85
-80
-89
-87
-96
-107
-102
-106
-96
-99
-99
-102
-95
-83
-78
-80
-80
-74
-87
-76
-79
-82
-78
-74
-53
-45
-46
-48
-37
-26
-12
10
27
32
44
61
76
93
104
115
116
110
102
97
105
108
115
115
114
103
85
82
90
100
103
105
106
99
98
101
100
101
93
92
95
105
108
90
69
55
49
40
35
25
14
4
-12
-22
-41
-40
-54
-65
-69
-85
-73
-96
-102
-93
-104
-81
-80
-89
-88
-93
-94
-87
-83
-74
-69
-74
-68
-71
-73
-77
-81
-77
-77
-69
-67
-63
-52
-45
-45
-52
-47
-32
-33
-18
-16
-15
-7
-5
-1
-5
3
0
5
7
8
13
20
23
30
37
33
39
47
52
47
52
53
41
42
50
45
61
70
68
77
72
66
64
57
58
63
60
62
53
57
54
51
64
58
56
57
59
56
49
32
24
18
22
18
16
7
-4
-6
-16
-23
-37
-38
-43
-39
-43
-58
-72
-84
-88
-82
-78
-70
-61
-53
-54
-60
-53
-42
-29
-9
-17
-16
-7
6
24
33
41
37
40
50
53
51
54
35
16
10
10
1
-1
-6
-25
-26
-17
-7
-7
-12
-12
-10
-4
1
-5
-11
-10
-10
-18
-26
-44
-58
-64
-72
-68
-73
-83
-88
-90
-85
-69
-64
-56
-49
-37
-28
-21
-16
-12
4
10
21
18
23
30
32
36
43
43
39
45
50
58
58
58
61
58
52
62
62
57
52
43
42
40
39
27
19
12
5
4
-9
-15
-25
-20
-25
-23
-28
-40
-42
-44
-43
-43
-41
-45
-51
-59
-46
-49
-50
-55
-53
-49
-54
-49
-48
-49
-48
-30
-30
-20
-8
-1
5
9
11
17
27
34
38
43
49
56
70
81
90
85
87
82
77
75
75
77
68
58
47
41
31
31
28
25
25
11
-4
-6
1
-5
0
-7
-9
-11
-16
-7
-6
-13
-16
-29
-29
-27
-34
-27
-27
-29
-36
-43
-42
-33
-25
-23
-23
-14
-25
-26
-23
-15
-3
7
17
20
19
14
13
20
31
34
38
34
35
34
32
34
37
33
32
24
15
21
21
23
26
26
18
19
10
6
9
5
14
8
7
8
6
4
-1
-1
8
17
21
11
7
15
17
13
13
11
13
17
5
2
-9
-8
-8
-8
6
0
-2
-6
-20
-23
-26
-35
-34
-45
-49
-48
-60
-80
-91
-86
-86
-91
-89
-100
-113
-115
-110
-117
-115
-122
-123
-113
-110
-103
-103
-93
-94
-81
-75
-68
-62
-62
-55
-55
-40
-25
-13
6
19
32
52
60
79
81
97
109
114
118
119
124
127
132
130
135
130
121
122
126
120
129
125
128
116
113
114
108
102
89
81
78
75
73
63
37
34
17
9
9
9
-4
-18
-30
-52
-54
-54
-50
-53
-50
-47
-57
-63
-63
-48
-51
-53
-49
-44
-40
-42
-45
-49
-47
-53
-44
-46
-53
-55
-60
-56
-46
-41
-49
-41
-44
-37
-39
-44
-40
-44
-40
-51
-44
-38
-50
-49
-46
-52
-43
-33
-36
-31
-34
-32
-25
-17
-18
-13
-17
-16
-8
-2
17
13
24
23
26
34
29
32
28
33
31
33
29
30
24
28
24
32
43
46
57
64
67
70
74
81
79
81
87
77
74
66
69
67
67
68
60
53
44
34
33
27
13
5
6
7
4
3
-6
-8
-18
-31
-31
-33
-43
-40
-41
-33
-46
-47
-52
-49
-46
-46
-54
-58
-53
-60
-54
-56
-59
-59
-55
-59
-55
-48
-34
-32
-37
-31
-43
-42
-45
-46
-38
-39
-37
-42
-37
-30
-27
-18
-17
-5
0
4
5
10
24
20
35
36
45
49
49
46
40
41
46
50
38
32
33
24
22
25
25
31
38
40
56
72
80
91
86
87
90
95
105
96
92
79
60
57
45
39
27
21
16
6
2
-12
-26
-32
-33
-34
-32
-45
-50
-56
-47
-53
-66
-75
-79
-83
-81
-63
-68
-73
-84
-93
-99
-89
-79
-79
-72
-72
-66
-60
-60
-53
-53
-45
-31
-31
-29
-26
-19
-15
-6
12
7
7
5
14
25
29
35
38
50
54
65
73
82
83
79
82
79
77
68
69
69
57
51
41
39
33
38
36
21
24
12
9
1
3
3
2
4
-6
-10
-9
-9
-15
-16
-15
-16
-21
-29
-29
-25
-24
-31
-32
-34
-39
-39
-43
-45
-51
-51
-54
-54
-45
-47
-38
-42
-47
-52
-44
-35
-31
-24
-29
-28
-26
-29
-27
-24
-27
-22
-21
-21
-14
-11
-4
-2
3
7
9
8
9
12
15
17
12
13
18
19
26
28
30
35
29
35
29
31
32
26
37
47
45
43
48
58
53
51
39
40
41
32
45
44
37
38
35
35
39
41
40
24
21
15
12
10
9
14
19
7
10
7
10
14
18
21
20
14
12
17
15
18
12
15
10
2
-3
-13
-17
-20
-27
-21
-21
-16
-22
-25
-26
-28
-15
-21
-20
-23
-24
-23
-27
-29
-23
-24
-27
-33
-41
-39
-46
-42
-38
-40
-38
-34
-35
-34
-36
-32
-24
-15
-21
-19
-15
-25
-20
-22
-32
-36
-23
-35
-34
-44
-40
-42
-51
-44
-45
-45
-39
-43
-37
-34
-20
-13
-11
8
10
13
18
19
15
15
16
35
36
31
35
33
42
44
41
52
56
54
60
58
61
62
62
64
63
62
68
65
61
52
41
39
27
32
23
9
11
1
-5
0
-4
-2
-11
-6
1
-7
2
-9
-15
-24
-27
-25
-31
-33
-36
-32
-33
-38
-39
-42
-42
-42
-40
-35
-27
-29
-20
-14
-13
-5
5
19
15
23
21
22
26
32
28
28
24
25
26
26
26
24
21
14
14
15
13
18
12
17
17
11
10
11
16
20
22
10
11
7
4
13
12
9
4
-9
-15
-21
-23
-30
-36
-39
-40
-50
-50
-47
-48
-43
-49
-55
-52
-50
-46
-54
-49
-52
-46
-48
-41
-31
-37
-25
-26
-23
-13
-19
-15
-17
-18
-10
-13
-16
-15
-12
-17
-14
-11
-9
-6
-12
-14
-7
0
7
12
7
3
9
14
17
20
27
29
33
38
44
39
40
40
37
43
46
51
52
49
58
58
53
49
51
53
51
37
40
42
43
41
40
40
41
32
33
29
19
29
20
33
36
36
32
29
27
22
18
21
15
-4
-5
-9
-15
-19
-29
-31
-31
-32
-40
-39
-43
-43
-41
-47
-41
-45
-54
-54
-50
-40
-42
-40
-43
-51
-36
-34
-41
-38
-43
-36
-37
-24
-19
-16
-9
-8
-8
-10
-6
-3
0
8
14
18
18
12
24
29
34
37
41
32
34
37
25
22
28
23
24
29
32
22
29
26
23
19
8
9
9
10
8
-3
-8
-11
-11
-15
-19
-14
-22
-27
-32
-26
-18
-23
-19
-22
-13
-14
-15
-11
-9
-13
-15
-14
-20
-16
-24
-19
-18
-19
-8
-11
-17
-16
-19
-17
-15
-20
-11
-14
-19
-25
-29
-29
-32
-25
-22
-21
-19
-15
-21
-24
-18
-10
-9
-6
2
2
3
2
12
14
18
19
13
21
17
16
21
21
19
21
19
28
32
35
37
39
43
50
51
44
43
55
58
55
52
41
46
41
31
38
34
35
37
28
26
23
18
11
8
6
7
-2
-5
-6
-15
-13
-19
-26
-26
-30
-26
-24
-29
-33
-38
-37
-43
-47
-48
-45
-49
-42
-50
-36
-40
-42
-38
-34
-30
-33
-37
-38
-32
-28
-24
-27
-23
-24
-20
-25
-18
-14
-13
-4
-11
-12
-7
-11
-3
0
3
16
17
14
7
15
15
14
18
22
20
25
25
29
20
17
28
31
41
40
39
39
36
36
30
29
30
32
30
26
28
27
34
23
19
22
18
27
17
22
19
15
21
13
16
8
15
14
7
4
-3
-1
0
-9
-7
-11
-10
-14
-13
-7
0
6
1
6
-3
-8
-11
-15
-9
-17
-26
-32
-34
-34
-34
-35
-36
-35
-45
-45
-37
-37
-41
-41
-43
-40
-42
-36
-27
-28
-24
-25
-25
-21
-21
-23
-22
-15
-8
-13
-7
0
1
7
12
9
17
20
16
21
16
21
23
26
31
31
39
35
35
36
40
39
42
39
36
37
33
35
29
32
36
32
29
32
28
25
19
22
20
20
21
13
18
14
17
16
11
11
9
3
-1
-6
-2
-4
-5
-10
-8
-4
-7
-11
-9
-19
-17
-30
-33
-35
-36
-31
-39
-30
-45
-36
-35
-40
-38
-39
-37
-42
-38
-42
-40
-36
-36
-35
-40
-39
-42
-40
-35
-31
-23
-22
-29
-18
-14
-5
2
3
0
-8
-6
4
8
3
8
4
3
3
9
10
11
11
10
13
6
11
10
18
20
15
19
18
25
20
18
20
17
21
14
10
13
1
10
11
6
8
0
2
-2
-1
-4
-4
-4
-1
0
-2
0
0
-4
-1
-6
-10
-14
-6
-3
-3
-5
-15
-5
-8
-9
2
-2
9
8
8
12
3
15
12
11
12
18
16
9
18
22
23
32
30
24
27
26
31
31
28
31
28
31
26
28
35
35
46
46
43
39
40
41
41
44
33
29
27
23
20
12
15
10
15
19
12
5
1
7
0
-3
-7
-13
-15
-16
-21
-32
-33
-29
-38
-47
-46
-54
-55
-53
-59
-60
-60
-58
-62
-65
-58
-66
-57
-58
-57
-51
-42
-38
-35
-28
-29
-19
-20
-18
-12
-15
-14
-11
-9
-9
-7
-10
-10
-2
-2
7
-2
0
2
3
9
11
17
17
21
25
22
24
25
24
33
33
36
41
44
35
36
35
25
34
29
31
31
14
17
20
17
21
19
17
9
6
6
1
1
6
2
1
3
-1
1
-4
5
6
5
2
5
3
3
9
4
9
3
17
21
13
13
14
15
5
7
4
7
-3
-3
-8
-12
-5
-1
0
-6
-9
-13
-6
-17
-14
-13
-11
-18
-10
-6
-11
-17
-22
-17
-18
-16
-17
-19
-21
-27
-24
-28
-37
-42
-46
-40
-38
-29
-39
-37
-31
-30
-29
-29
-28
-23
-21
-10
-5
-10
6
10
7
4
11
18
15
19
17
20
23
18
9
16
9
6
2
1
3
5
9
4
12
11
8
10
7
5
6
5
7
3
5
2
0
-3
-1
-2
2
-1
3
2
5
1
1
10
2
13
7
3
2
-5
4
3
0
2
1
7
1
2
4
7
15
12
12
12
18
15
11
16
19
15
11
15
8
7
3
1
4
7
8
3
6
3
11
12
7
4
8
4
4
8
6
10
17
13
15
15
12
13
12
25
26
24
18
15
15
14
18
17
11
10
13
3
3
-1
-3
-6
-6
-11
-10
-7
-5
-4
-10
-17
-13
-13
-12
-18
-18
-10
-14
-11
-7
-13
-7
-12
-9
-6
-10
-12
-22
-17
-23
-27
-30
-26
-30
-33
-28
-24
-31
-33
-27
-21
-14
-9
-10
-9
-2
-2
1
-2
-4
-5
-9
-4
-2
-5
-1
1
-4
8
3
9
8
8
8
8
9
6
11
15
11
13
15
13
11
15
14
14
14
12
16
17
21
25
20
18
16
19
13
12
11
11
12
12
3
5
7
8
7
9
14
16
19
11
14
3
6
5
8
10
8
10
6
7
-2
-2
0
2
0
-1
-2
0
-5
-6
-6
-9
-4
-9
-14
-16
-22
-19
-25
-26
-27
-32
-33
-34
-41
-43
-40
-44
-33
-38
-32
-34
-31
-31
-32
-24
-24
-22
-35
-34
-30
-28
-18
-23
-24
-22
-21
-18
-15
-10
-16
-14
3
1
2
2
-5
3
7
11
12
6
14
18
25
24
23
26
29
28
23
34
34
34
31
27
35
31
32
35
32
35
40
39
41
40
39
33
30
35
34
30
24
18
23
15
16
12
3
-2
-2
-3
-5
-7
-12
-10
-7
-14
-16
-14
-19
-16
-20
-17
-22
-15
-16
-14
-21
-15
-11
-11
-15
-15
-15
-18
-13
-7
-5
-8
-1
-4
-1
-4
11
7
5
3
0
10
15
13
13
16
14
13
10
11
13
13
13
13
12
9
11
9
7
7
0
0
3
3
-2
6
4
2
-3
-4
1
-3
-7
-2
-10
-9
-12
-7
-13
-18
-19
-20
-10
-17
-13
-17
-15
-17
-20
-19
-18
-19
-23
-17
-19
-17
-18
-17
-17
-20
-13
-15
-7
-15
-19
-16
-13
-8
-7
-5
-5
-2
-2
-2
-3
3
12
12
14
15
16
21
23
21
23
28
29
26
28
24
22
32
33
33
30
31
23
23
22
11
10
6
11
11
7
11
5
7
3
-1
3
-7
-3
-5
-9
-5
-12
-17
-25
-24
-20
-16
-17
-15
-16
-16
-16
-17
-15
-11
-8
-8
-9
-2
-6
-6
3
-5
-5
-8
-6
-6
1
-1
2
8
12
11
12
13
10
11
10
10
15
7
8
5
6
2
-3
6
2
4
2
-1
11
-2
-7
-2
-1
0
-6
-3
-4
-4
-9
-13
-13
-7
-13
-14
-11
-11
-5
-13
-17
-19
-11
-11
-21
-15
-23
-21
-24
-27
-23
-29
-21
-25
-25
-19
-17
-16
-9
-7
-9
-11
-7
-7
0
6
7
11
7
3
2
6
7
0
6
6
12
7
12
15
13
16
12
17
22
18
21
25
23
25
22
20
23
25
23
18
18
21
16
15
11
11
6
5
11
9
2
0
3
3
2
-6
-12
-6
-5
-3
-5
2
2
4
7
4
1
-2
2
1
0
-3
-3
-1
-6
-7
-4
-12
-8
-8
-3
-3
0
0
-6
-2
-4
3
-7
2
0
-1
-4
-4
-2
-7
-6
-13
1
-6
-9
-13
-7
-8
-12
-9
-8
-8
-7
-5
-11
-4
9
5
4
11
7
9
0
6
1
5
5
11
9
7
9
12
15
15
22
23
24
20
23
23
21
19
19
22
21
26
22
17
22
11
7
16
12
10
9
7
12
5
-1
-6
-7
-14
-13
-11
-19
-13
-20
-22
-18
-16
-19
-10
-13
-8
-10
-11
-13
-16
-17
-24
-18
-17
-15
-17
-23
-20
-21
-23
-18
-16
-18
-12
-7
-14
-14
-11
-10
-18
-12
-17
-14
-12
-10
-12
-7
-10
-9
-12
-15
-10
-10
-9
-10
-8
-6
1
0
5
5
7
2
4
3
7
4
0
13
4
11
6
8
13
10
22
17
18
15
10
18
16
15
11
11
14
4
8
17
16
20
19
16
14
7
8
9
5
-2
-6
-3
-5
-7
-14
-15
-18
-18
-20
-16
-19
-14
-17
-18
-11
-11
-9
-12
-6
-13
-9
-12
-9
-4
-10
-5
-2
2
3
4
5
4
8
4
4
9
8
8
4
9
9
16
10
6
6
14
18
18
20
14
20
14
19
16
13
14
17
16
8
14
2
7
2
-1
-2
-1
4
-2
-3
-7
-1
-4
-4
-13
-8
-12
-12
-11
-15
-5
-11
-6
-5
-6
0
-7
-5
-1
-3
3
2
5
-6
-3
0
-8
-3
-9
-2
-1
-5
-3
-9
-2
-4
-5
1
5
5
1
4
6
-1
6
4
4
7
2
6
6
12
5
4
9
7
5
1
7
7
0
2
1
3
4
-3
0
-5
2
1
-4
-10
-9
-8
-6
-10
-7
-7
-8
-5
-1
-4
-1
1
0
6
7
6
9
9
3
5
0
5
6
7
4
7
13
15
13
15
9
8
11
12
12
9
6
2
8
15
14
12
15
10
8
9
2
0
-1
-5
-2
-6
-2
0
7
-2
-8
-3
-11
-15
-17
-16
-18
-12
-17
-11
-13
-19
-10
-16
-17
-15
-21
-19
-18
-23
-21
-18
-21
-18
-18
-20
-25
-23
-28
-24
-23
-19
-12
-14
-10
-12
-3
1
5
3
-7
0
1
-1
2
3
5
0
5
1
8
6
8
11
8
10
8
17
17
15
16
15
15
16
14
16
12
19
25
22
22
23
23
17
14
17
6
8
9
14
9
9
8
0
5
-2
5
-3
-11
-14
-12
-13
-19
-19
-23
-20
-19
-19
-18
-18
-12
-19
-11
-16
-15
-20
-16
-18
-14
-7
-15
-12
-9
-10
-7
-3
-1
-1
4
6
8
5
3
2
-2
0
-2
3
6
6
6
4
16
17
16
12
16
18
15
14
14
11
13
10
8
14
11
12
4
7
13
2
4
7
6
12
8
8
6
8
4
-2
-4
-1
-6
-6
-7
-1
6
2
-1
0
-2
-1
-1
-2
0
-1
4
0
1
2
4
6
4
8
7
12
11
11
15
10
9
11
10
10
8
11
20
15
13
6
5
-2
4
7
2
6
-5
2
-7
1
-2
-9
-2
0
6
0
5
-3
-2
-6
-11
-15
-15
-18
-15
-17
-17
-21
-18
-18
-17
-17
-20
-12
-19
-9
-13
-14
-13
-11
-13
-16
-15
-14
-13
-10
-6
-3
-5
-4
0
-5
-3
-4
-4
2
0
6
9
10
13
16
11
6
12
3
14
10
17
15
11
16
14
13
9
15
13
16
5
5
6
5
7
6
7
9
7
7
-1
-1
5
-1
5
-3
-1
6
6
3
5
6
3
5
2
-5
0
1
-7
-9
-15
-17
-19
-24
-22
-29
-27
-26
-25
-22
-20
-18
-13
-13
-6
-11
-15
-9
-14
-9
-16
-7
3
-4
1
-1
-7
-5
-7
-7
1
-4
0
-4
-5
-1
-10
-5
-4
1
2
-4
0
0
3
7
6
8
4
7
5
7
5
2
2
9
6
6
2
5
8
10
7
9
4
7
6
2
14
-1
-4
-12
-8
-9
-8
-7
-11
-10
-10
-11
-11
-7
-14
-5
-4
-1
-1
-8
0
-1
5
4
3
0
0
0
5
7
2
7
3
8
6
10
12
15
12
10
11
13
18
15
19
10
13
14
16
14
16
12
14
9
13
16
9
14
11
9
11
15
11
19
12
7
8
6
11
3
7
5
10
9
7
5
5
4
3
13
12
11
8
6
-1
-10
-5
-5
-14
-6
-3
-7
-11
-10
-3
-2
-3
-10
-5
-8
-8
-14
-16
-21
-41
-53
-44
-24
-21
-22
-31
-18
-4
-5
-3
12
27
33
36
34
32
32
33
22
14
8
8
4
-12
-9
-3
-5
-15
-16
-6
-8
-12
-6
-2
0
1
4
17
8
9
4
4
1
-7
-6
-6
-2
-4
-8
-17
-14
-12
-17
-15
-8
-4
-2
-8
-4
-2
-3
-6
-7
-5
-5
-9
-10
-8
-7
-1
-3
-4
-7
-6
-5
-6
-3
-1
-1
-7
-2
1
7
3
1
-3
-1
-2
1
-1
-5
7
1
4
-1
5
9
5
8
2
4
9
4
-2
-3
-7
-10
-3
-3
-6
-9
-2
-8
-6
-4
4
1
0
8
8
7
1
10
9
12
18
13
13
16
13
9
12
3
10
7
-1
-1
-6
-4
-7
-8
-7
-9
-13
-14
-10
-4
-11
-16
-19
-20
-20
-15
-18
-20
-12
-8
-15
-21
-19
-8
-3
1
1
0
0
1
7
6
3
-3
-2
-4
2
2
-3
-3
-5
-13
-5
-1
1
5
1
2
-5
-10
-6
0
8
6
11
11
10
10
8
8
10
9
15
8
11
14
3
6
8
11
14
5
-2
4
1
0
-3
-8
-7
-3
-4
0
-3
1
7
5
10
5
9
16
15
14
13
15
9
6
5
9
15
13
13
13
13
14
9
13
9
8
8
4
2
3
-4
-8
1
3
0
7
9
11
8
7
11
12
11
3
9
2
0
1
-3
-8
-11
-4
-5
-9
-9
-8
-7
10
-1
-1
-4
-5
-3
-8
-9
-11
-8
-7
-2
3
3
3
-1
-1
-2
-1
-4
-2
-4
0
-3
-4
3
0
5
4
5
6
-3
-2
-9
-11
-10
-12
-16
-12
-9
-4
-3
-8
-10
-14
-5
0
-8
-4
-1
-7
-6
-5
-9
-11
-5
-7
-9
-9
-12
-13
-4
-3
-5
-1
-1
7
6
6
-1
-3
-1
-5
2
2
1
0
6
3
8
12
14
7
10
12
19
16
11
14
11
16
7
11
12
12
13
8
13
12
11
14
11
7
4
6
-1
1
-2
-6
-10
-12
-4
-11
-13
-19
-21
-24
-22
-11
-18
-18
-22
-29
-21
-20
-19
-13
-12
-17
-16
-16
-11
-12
-14
-15
-13
-10
-10
-3
-1
1
-8
-4
-3
-11
-8
-3
-6
-2
7
4
5
5
4
4
6
0
4
-2
-6
-7
-3
5
3
6
4
10
8
2
-1
2
3
6
7
1
12
12
16
19
12
11
12
10
5
4
8
10
6
7
9
13
9
10
5
7
3
1
9
15
18
11
22
20
16
13
7
4
2
-3
1
-1
-2
-7
-5
0
-13
-11
-10
-11
-8
-14
-4
-7
0
4
7
6
4
6
-2
0
-3
2
-1
0
-6
-14
-9
-4
-5
-3
-7
-5
-7
-6
0
0
4
-1
6
8
6
1
7
4
1
-3
-7
-5
-2
-3
-12
-12
-11
-8
-9
-10
-13
-5
-5
-5
-1
-2
4
3
-3
-1
2
-3
1
2
6
3
-3
0
5
6
5
15
9
18
17
19
23
19
13
10
7
9
10
9
17
17
15
11
9
10
7
11
13
11
17
12
11
4
-1
5
7
9
-4
-1
4
1
0
-8
-3
-5
-4
-12
-15
-13
-13
-16
-12
-17
-17
-18
-17
-10
-11
-13
-19
-9
-7
-12
-12
-12
-8
-6
-8
-10
-10
-6
-4
0
2
2
-1
-7
-4
0
-1
-2
-6
-6
1
-3
-3
7
5
-3
3
0
5
2
6
5
-5
1
3
6
9
9
9
11
3
6
-4
-6
-4
-5
-2
-7
-3
-5
-1
3
1
-1
0
2
-3
-1
0
-1
4
-1
3
-1
0
0
2
6
1
2
-8
-3
-8
-12
-8
-24
-21
-16
-20
-11
-11
-11
-7
-18
-22
-7
-5
-8
-3
-8
-9
-9
-8
-4
0
-2
3
-1
-2
4
-3
-7
-7
-11
-3
1
-3
5
12
11
14
15
18
13
12
20
13
17
7
9
9
6
10
1
5
0
3
2
-6
8
6
6
9
7
4
3
5
10
3
6
1
1
9
-2
2
7
6
9
7
3
2
-2
-8
-12
-6
0
1
-1
6
3
2
4
1
0
4
12
6
6
5
7
-3
-10
1
6
3
10
6
11
2
8
8
5
12
10
18
11
6
1
1
-1
-6
0
-5
-2
0
-2
2
-4
2
-1
7
10
6
6
9
8
-1
-8
-5
-3
2
3
-3
0
0
-5
-8
-8
-8
-12
-16
-16
-15
-15
-29
-22
-14
-13
-12
-2
5
1
-9
-23
-19
-17
-6
-8
-4
-2
1
-1
-13
-14
-8
-6
-4
-10
1
10
14
15
11
18
13
12
13
13
7
10
11
14
10
11
8
6
5
7
2
-3
6
5
6
-1
4
5
2
9
13
14
10
12
5
9
6
1
10
5
8
4
1
3
-1
-12
-10
-10
-9
-9
-7
-2
0
-3
-7
-5
-3
2
-3
0
-3
-3
3
-4
-1
-1
-2
2
2
5
0
-1
6
-2
2
-7
-5
-5
-17
-12
-4
0
-1
-9
-4
-3
-12
-4
-5
-10
-12
-10
-9
-10
-6
-5
-9
-14
-15
-19
-23
-22
-18
-20
-18
-9
-7
-9
-13
-14
-8
-5
0
-7
-10
-9
-4
2
-1
-1
-4
3
4
5
6
1
4
5
18
12
10
8
11
17
11
16
13
19
11
15
15
10
16
9
6
3
12
11
5
3
-4
-8
-8
-16
-14
-2
-2
-9
-4
1
5
-1
1
8
6
8
4
10
0
2
-1
-2
-1
4
5
1
0
-7
-2
-4
-8
-13
-3
1
0
-6
2
0
5
-4
-3
5
8
12
3
8
8
5
8
3
1
10
8
7
5
3
2
3
-1
-1
-8
-8
-4
-8
-4
-8
1
5
3
11
7
8
4
6
7
9
12
11
19
14
10
13
9
18
14
12
4
6
0
-2
-1
-4
2
-1
-1
-4
5
10
10
9
5
8
9
4
4
1
0
8
12
14
7
3
-8
-3
-3
-4
-8
-19
-11
-5
-2
-10
-11
-9
-12
-18
-22
-12
-3
-6
-10
-2
-5
-4
-6
-10
-10
-9
-15
-13
-11
-19
-23
-22
-21
-17
-6
-10
-6
-9
-1
-3
-6
1
-5
-1
2
6
1
-6
-1
2
3
10
12
15
13
10
12
9
4
6
1
0
0
3
0
-4
8
1
7
3
-3
-6
-13
-7
-4
-4
-3
-1
4
7
3
8
3
0
-3
-7
-3
-7
-6
3
7
8
10
11
4
0
1
3
13
14
14
9
8
9
13
14
9
7
10
17
15
5
1
-5
-10
-9
-12
-16
-15
-15
-17
-15
-10
-11
-9
-7
-17
-19
-26
-18
-15
-21
-22
-24
-13
-13
-16
-15
-13
-12
-7
-3
0
-5
-2
-4
-7
-4
4
14
15
12
19
12
8
20
11
7
15
5
9
13
15
12
8
9
13
13
1
3
3
2
2
12
13
7
6
4
-2
-6
-2
-1
0
-3
10
8
7
11
8
10
2
7
-1
-2
-7
-7
-8
-1
6
6
7
2
1
3
-2
-5
-12
-11
-7
-15
-11
-8
-8
-17
-12
-16
-18
-14
-21
-6
-5
-11
-3
3
9
7
6
10
10
16
14
17
9
15
14
11
12
12
15
20
19
13
12
10
6
6
-1
4
5
-1
0
0
2
0
0
-5
-1
-2
5
9
3
12
0
2
1
-3
-5
-7
5
-1
-10
-10
5
-1
-7
-8
1
8
2
0
7
0
-4
-4
-10
-3
2
8
9
9
3
-4
2
3
-2
2
3
3
-3
-8
1
8
11
11
8
3
2
-1
-1
-7
-2
6
3
-7
-8
-15
-19
-15
-12
-13
-13
-11
-15
-15
-20
-19
-17
-12
-11
-9
-7
-10
-4
-11
-11
-6
-1
-2
-14
-12
-6
-3
-1
-1
-6
-4
-4
-6
1
-2
6
3
-3
3
0
-2
10
6
9
8
-4
-3
-5
-1
3
6
9
9
6
1
5
14
9
9
12
14
14
6
6
5
0
1
-1
-3
-5
-5
-2
3
0
-3
4
-5
-8
1
-10
-3
-10
-2
-3
-10
-5
-5
-5
-1
-3
-11
-5
-12
2
-11
-1
-1
-4
-7
-6
2
1
-5
-1
4
-4
5
1
5
-4
3
8
7
10
2
2
-1
3
11
5
8
5
1
-1
-6
-8
-4
-5
1
2
4
6
10
12
20
17
3
10
9
7
-1
-8
-5
4
8
6
2
5
9
14
11
10
8
9
14
5
5
3
-3
-1
-5
-4
-6
-15
-9
-6
-14
-14
-5
-4
-6
-2
3
-2
-3
-1
3
9
10
4
6
4
-2
2
-1
5
-1
-6
-11
-8
1
2
-4
6
2
-1
5
4
10
3
4
4
13
10
7
6
6
19
16
18
10
8
5
9
2
-4
6
6
10
5
-1
-8
-8
-5
-8
-8
-7
-4
-2
