SAMPLES:	9517
BITSPERSAMPLE:	16
CHANNELS:	1
SAMPLERATE:	16000
NORMALIZED:	FALSE
5
-1
-5
1
1
7
1
1
-7
2
2
2
1
-1
1
-5
-3
-10
-10
-2
-2
-3
-5
-5
-3
-4
-5
-3
4
3
-3
-1
-7
-7
-5
-12
-12
-15
-14
-14
-18
-20
-18
-21
-25
-26
-22
-18
-14
-21
-23
-7
-11
-18
-20
-22
-24
-14
-17
-20
-14
-16
-11
-9
-12
-15
-16
-19
-19
-21
-17
-12
-13
-6
-7
-1
0
-2
0
-2
-2
0
1
8
11
7
6
9
15
14
8
10
13
13
4
1
3
12
12
20
20
17
17
13
14
18
19
17
26
21
25
30
27
21
17
17
16
14
9
5
13
26
21
18
10
8
14
14
23
12
10
6
2
1
0
11
7
16
17
13
18
21
24
17
12
3
2
4
7
6
2
5
4
-3
-6
-8
-7
-9
-9
2
8
5
0
-10
-3
-7
-7
-13
-19
-14
-15
-18
-21
-17
-18
-19
-19
-21
-25
-23
-17
-10
-11
-10
-2
-3
-1
-11
-13
-12
-14
-11
-14
-16
-17
-19
-18
-17
-17
-21
-20
-19
-15
-12
-16
-13
-11
-8
-5
-4
-2
-6
-6
5
10
15
17
15
14
9
10
9
11
6
7
7
8
4
6
7
3
6
1
0
1
4
2
3
9
15
12
5
1
5
11
15
15
13
10
9
14
16
14
15
15
8
7
5
8
9
7
7
7
11
13
8
-1
-2
-4
-4
-11
-8
0
5
9
5
9
2
-1
-4
-1
1
-5
-4
-8
-8
-7
-14
-11
-15
-5
0
1
6
0
-4
0
-1
1
-4
-4
4
-5
-5
-7
-2
-5
-9
-8
-13
-11
-17
-23
-21
-16
-11
-8
-14
-8
-7
-4
-9
-10
-3
-3
-5
-9
-8
-9
-8
-9
-2
-8
-7
-10
-14
-15
-17
-23
-26
-28
-22
-8
-16
-15
-12
-12
0
-2
0
3
-1
6
5
11
9
7
6
7
12
9
11
14
12
9
12
11
7
13
17
18
23
22
20
17
19
17
20
24
20
19
9
5
12
12
14
15
17
14
4
1
0
0
4
6
10
10
9
10
10
12
5
7
4
1
9
7
4
5
-1
1
3
-1
1
-4
-4
-1
2
4
2
-5
-5
-12
-4
-3
2
5
4
7
5
1
2
6
7
10
0
-8
-11
-11
-13
-8
-14
-18
-12
-12
-7
-11
-11
-9
-10
-4
-2
-3
-7
-5
-5
-6
-8
-10
-8
-14
-13
-11
-20
-18
-15
-13
-12
-14
-14
-15
-16
-15
-18
-15
-13
-12
-12
-15
-8
-7
-4
-4
-4
0
0
6
3
9
13
12
14
13
12
11
12
10
12
9
17
15
15
21
24
24
25
24
16
18
15
13
14
13
14
4
5
-6
-2
6
2
0
-15
-1
0
5
1
-2
3
1
5
6
8
8
9
6
5
3
2
2
-4
2
2
-1
3
-7
1
-5
1
3
-1
-1
-1
7
4
4
9
8
7
6
5
3
-1
2
-4
-4
-7
-8
-10
-12
-13
-7
-6
-6
-2
1
2
-4
-3
-3
-4
-4
-2
-6
-6
-16
-21
-23
-19
-13
-14
-11
-16
-21
-26
-24
-19
-17
-15
-19
-15
-7
-10
-15
-14
-15
-10
-17
-18
-9
-8
-4
-6
-8
-3
-3
-1
-8
-7
-6
-4
-5
-8
-1
0
1
0
-9
-6
1
0
1
5
9
15
17
19
18
14
20
12
7
12
7
14
11
6
11
8
11
9
7
7
0
-10
-8
0
7
15
11
7
3
9
17
15
11
7
11
0
-2
-8
-1
9
7
9
5
10
2
-2
4
9
3
5
0
3
6
4
13
15
23
26
27
26
21
22
19
17
20
20
26
15
17
16
16
17
17
16
21
18
14
20
20
19
4
5
0
0
-1
-6
-2
-5
-1
-7
-10
-15
-18
-18
-22
-25
-19
-13
-15
-13
-21
-31
-26
-29
-28
-28
-34
-30
-29
-31
-34
-34
-30
-25
-28
-28
-30
-27
-24
-26
-32
-36
-37
-44
-40
-39
-33
-32
-29
-28
-27
-22
-18
-18
-15
-11
-8
-6
1
1
-2
-6
-5
-1
-2
-7
0
-2
-3
0
0
3
8
5
8
16
21
21
25
29
28
36
34
38
40
42
40
34
37
45
49
53
52
49
59
59
65
67
62
54
59
59
57
59
61
61
57
55
55
61
61
65
67
66
72
75
80
82
84
78
71
67
61
54
45
40
29
19
7
-7
-15
-23
-37
-48
-59
-69
-77
-85
-100
-108
-122
-128
-137
-148
-152
-158
-165
-168
-177
-188
-182
-184
-176
-173
-163
-156
-147
-137
-131
-119
-113
-107
-100
-91
-77
-66
-52
-40
-33
-19
-11
-3
7
12
21
32
38
48
54
59
65
68
77
78
82
83
86
91
99
110
108
113
111
110
108
112
107
110
114
113
114
109
105
96
96
86
84
80
69
58
56
45
38
30
24
22
17
15
9
3
-6
-6
-11
-11
-22
-24
-26
-23
-20
-17
-23
-23
-21
-26
-27
-27
-29
-25
-25
-28
-26
-33
-28
-28
-22
-20
-16
-18
-19
-7
1
5
1
-5
0
5
8
2
5
5
8
6
10
16
20
25
23
24
31
44
45
54
53
60
69
68
68
69
68
62
66
53
56
53
47
38
27
25
9
0
-9
-25
-41
-53
-62
-71
-81
-99
-111
-121
-131
-141
-152
-163
-171
-180
-182
-191
-195
-192
-189
-179
-181
-163
-151
-134
-121
-120
-98
-81
-69
-52
-31
-25
-21
-13
0
12
23
35
45
58
63
70
79
91
102
108
108
108
109
109
111
110
119
113
110
106
106
102
100
96
93
87
75
74
60
51
43
40
39
31
23
4
1
-3
-6
-15
-15
-21
-22
-17
-28
-29
-39
-48
-50
-55
-58
-57
-57
-54
-54
-48
-36
-36
-33
-24
-9
2
9
15
20
26
33
45
56
64
68
77
85
97
98
95
97
112
119
116
118
119
132
138
143
142
150
163
160
162
161
169
179
180
178
175
173
160
148
133
120
109
92
63
41
27
0
-31
-58
-91
-124
-152
-179
-204
-228
-252
-275
-294
-314
-327
-334
-343
-355
-366
-371
-374
-378
-371
-363
-353
-333
-319
-307
-284
-263
-245
-220
-193
-172
-161
-138
-122
-95
-80
-64
-48
-33
-7
17
34
55
77
96
114
130
149
160
171
179
192
193
205
207
205
215
212
219
212
212
213
210
212
209
200
190
183
182
174
172
162
156
146
134
124
116
103
92
78
59
45
35
21
13
-1
-16
-13
-19
-23
-36
-41
-45
-47
-54
-59
-54
-53
-54
-57
-53
-51
-49
-51
-47
-43
-40
-32
-13
-18
-10
-2
7
16
20
30
39
47
59
63
72
75
75
87
89
93
105
104
103
112
114
121
124
132
143
146
151
150
152
145
148
148
137
131
119
105
82
68
49
21
-9
-39
-70
-100
-137
-170
-199
-235
-259
-299
-333
-361
-385
-407
-428
-451
-461
-462
-451
-445
-437
-432
-418
-394
-366
-334
-305
-282
-254
-227
-203
-181
-151
-132
-104
-78
-59
-29
-11
15
37
61
81
103
127
154
174
198
217
235
250
259
270
281
286
296
300
305
306
305
299
296
286
274
271
263
260
252
246
235
226
215
203
184
158
140
121
114
96
74
55
36
9
-11
-25
-41
-57
-66
-69
-83
-90
-93
-99
-102
-101
-99
-111
-110
-105
-100
-96
-86
-82
-74
-67
-68
-57
-56
-39
-27
-21
-16
-4
5
10
10
15
21
27
40
38
48
56
65
72
77
82
86
95
106
115
121
130
136
153
153
162
165
169
178
178
173
170
171
165
154
149
136
124
111
85
59
23
-7
-42
-78
-122
-172
-213
-255
-296
-332
-374
-399
-428
-450
-460
-474
-479
-474
-472
-474
-468
-457
-439
-414
-395
-369
-344
-320
-291
-269
-239
-213
-180
-156
-127
-100
-80
-54
-28
-5
20
41
66
97
119
136
167
192
213
227
240
252
271
283
294
300
304
310
316
321
321
325
322
316
320
305
300
286
271
265
251
242
221
196
174
159
135
120
103
85
63
43
18
1
-14
-31
-46
-66
-75
-88
-93
-95
-98
-102
-103
-100
-106
-110
-109
-98
-98
-88
-79
-73
-59
-57
-53
-54
-44
-41
-36
-32
-24
-13
-13
-1
-1
7
12
24
35
43
51
49
58
64
77
90
99
109
121
129
140
149
161
170
179
190
196
206
206
211
213
211
209
204
185
173
165
145
114
86
58
32
-1
-43
-92
-132
-181
-222
-265
-313
-348
-381
-412
-445
-473
-495
-498
-506
-509
-512
-510
-504
-491
-478
-462
-433
-408
-377
-354
-326
-296
-273
-241
-213
-178
-158
-134
-105
-78
-47
-16
13
45
73
94
116
139
162
189
211
231
249
268
295
311
323
331
338
349
358
366
366
369
373
370
365
364
351
345
326
306
290
271
253
233
209
186
156
128
109
85
59
32
18
-2
-25
-48
-65
-78
-97
-96
-112
-124
-134
-140
-148
-154
-152
-158
-151
-145
-142
-140
-135
-131
-118
-111
-103
-82
-80
-66
-51
-43
-30
-15
3
7
21
28
40
58
60
73
82
94
104
112
119
124
133
145
146
153
159
170
182
186
199
207
216
229
240
242
246
241
233
227
215
196
175
150
116
78
37
-9
-56
-107
-150
-197
-233
-282
-322
-360
-402
-426
-455
-473
-490
-504
-510
-518
-512
-509
-493
-482
-460
-449
-427
-401
-378
-351
-327
-297
-266
-236
-212
-189
-166
-142
-114
-84
-53
-27
-3
30
54
82
107
127
155
180
195
217
232
254
261
273
284
284
308
311
328
331
337
346
344
343
337
324
305
293
277
266
249
231
206
185
158
140
118
93
66
37
21
1
-11
-28
-38
-52
-66
-70
-72
-76
-76
-74
-73
-82
-89
-90
-83
-83
-86
-84
-87
-76
-71
-61
-65
-54
-43
-31
-20
-8
8
17
27
36
43
56
71
78
88
98
115
120
118
132
134
144
147
153
167
171
187
195
201
212
219
229
238
253
264
274
275
270
256
244
241
216
189
155
116
72
17
-36
-102
-159
-218
-273
-324
-383
-431
-472
-509
-548
-582
-599
-628
-637
-643
-648
-640
-626
-606
-585
-554
-524
-484
-445
-395
-351
-315
-269
-236
-191
-152
-123
-85
-52
-13
19
40
69
94
124
144
166
192
211
232
259
276
290
304
314
327
326
340
345
353
356
365
368
358
351
350
338
328
313
291
267
248
224
206
180
152
122
94
73
43
15
-11
-23
-37
-55
-72
-84
-97
-107
-113
-120
-118
-119
-118
-116
-113
-103
-91
-78
-69
-70
-56
-47
-37
-23
-15
-6
1
13
22
32
42
51
70
83
93
98
117
126
136
151
158
171
172
175
170
181
195
191
206
218
225
244
255
267
281
296
317
330
335
343
347
341
333
314
288
250
205
143
82
13
-61
-130
-201
-279
-352
-419
-486
-542
-595
-639
-682
-727
-756
-778
-789
-799
-792
-783
-764
-729
-691
-645
-607
-556
-503
-440
-379
-331
-267
-216
-166
-122
-85
-56
-24
7
34
65
86
113
139
164
187
219
239
259
283
301
317
327
342
349
358
365
378
386
383
394
399
407
401
396
392
384
364
340
317
284
245
204
164
130
98
65
32
2
-27
-57
-81
-98
-109
-128
-143
-162
-168
-175
-178
-180
-190
-179
-159
-138
-121
-101
-77
-49
-27
-4
14
32
50
72
84
102
111
117
133
145
153
154
159
162
163
168
174
179
189
193
201
201
206
210
217
224
230
243
252
272
288
311
343
368
396
421
439
449
454
444
423
387
331
268
186
91
-3
-119
-225
-341
-455
-558
-661
-745
-812
-868
-920
-957
-977
-981
-981
-975
-967
-943
-900
-852
-800
-736
-658
-578
-485
-398
-311
-221
-146
-70
-3
51
97
134
159
183
198
208
209
212
222
227
236
244
253
265
274
284
303
318
322
327
335
343
354
364
380
392
406
422
436
454
476
487
484
470
446
411
362
309
242
178
110
35
-30
-89
-135
-177
-207
-238
-267
-282
-305
-313
-316
-326
-325
-324
-298
-287
-264
-243
-214
-178
-139
-95
-54
-16
28
64
97
137
160
186
196
200
199
202
206
211
213
213
217
215
212
216
215
219
220
222
237
248
268
282
301
319
339
372
417
472
533
580
622
658
682
687
671
621
545
449
313
169
15
-150
-326
-495
-671
-819
-962
-1078
-1162
-1230
-1274
-1303
-1315
-1308
-1270
-1225
-1167
-1103
-1037
-963
-857
-746
-622
-495
-376
-245
-120
4
123
232
302
348
381
391
390
365
328
279
227
178
131
94
65
52
53
57
76
100
129
171
215
261
306
339
372
409
450
493
536
586
630
676
716
747
776
776
753
696
611
510
388
245
100
-52
-197
-317
-423
-511
-567
-598
-602
-587
-562
-529
-492
-444
-404
-356
-316
-288
-248
-206
-155
-101
-45
10
84
150
210
273
316
345
355
361
344
321
287
234
196
152
113
86
68
68
74
84
105
133
166
200
225
265
313
351
392
445
529
628
745
837
908
979
1014
1028
999
916
782
612
391
129
-148
-427
-692
-951
-1203
-1416
-1575
-1694
-1748
-1756
-1739
-1683
-1600
-1491
-1357
-1215
-1079
-946
-814
-678
-538
-389
-243
-89
63
196
317
445
554
631
671
667
642
579
481
358
215
58
-78
-203
-308
-380
-412
-406
-363
-301
-212
-108
7
125
243
361
475
582
664
742
812
870
924
971
1027
1095
1148
1190
1204
1186
1127
1019
866
671
439
168
-121
-401
-677
-906
-1087
-1217
-1279
-1290
-1252
-1172
-1052
-897
-742
-593
-452
-319
-192
-90
-2
72
128
189
242
306
379
447
487
499
499
472
438
380
294
214
122
22
-68
-141
-208
-239
-246
-229
-186
-116
-31
80
199
312
413
507
603
701
797
891
1023
1154
1292
1380
1426
1447
1432
1375
1239
1033
759
426
33
-387
-785
-1171
-1524
-1840
-2105
-2273
-2354
-2355
-2278
-2142
-1960
-1740
-1505
-1256
-1000
-758
-547
-358
-174
-10
145
293
428
567
676
757
807
839
823
762
653
489
315
98
-130
-351
-566
-763
-913
-1023
-1077
-1052
-961
-806
-631
-426
-193
51
289
509
705
865
1003
1113
1197
1274
1341
1384
1413
1416
1454
1490
1513
1503
1407
1287
1090
832
529
168
-216
-605
-1001
-1353
-1623
-1794
-1865
-1839
-1717
-1512
-1242
-944
-614
-286
-5
224
371
487
572
609
597
558
521
498
471
461
464
458
424
351
259
136
4
-142
-302
-457
-590
-687
-737
-725
-666
-561
-414
-245
-54
167
392
600
806
962
1077
1174
1209
1216
1213
1223
1285
1374
1455
1469
1439
1367
1246
1082
829
502
111
-339
-836
-1325
-1773
-2139
-2412
-2621
-2740
-2727
-2591
-2351
-2036
-1684
-1315
-943
-584
-259
49
301
474
584
674
722
757
773
765
757
703
643
537
410
276
119
-90
-343
-605
-853
-1068
-1245
-1372
-1468
-1478
-1405
-1233
-979
-674
-307
71
436
773
1078
1339
1538
1679
1744
1764
1739
1668
1591
1505
1405
1293
1183
1108
1039
910
747
507
238
-57
-382
-701
-1028
-1309
-1540
-1715
-1804
-1767
-1610
-1360
-1056
-722
-379
-11
340
637
848
957
982
952
861
753
609
415
238
62
-77
-168
-259
-307
-356
-406
-463
-527
-548
-549
-549
-543
-525
-465
-370
-263
-105
57
256
436
624
820
992
1141
1209
1250
1258
1248
1198
1146
1174
1268
1385
1457
1423
1334
1224
1085
871
545
122
-348
-829
-1343
-1812
-2190
-2473
-2659
-2734
-2710
-2569
-2314
-1966
-1538
-1118
-745
-416
-106
173
449
649
750
815
821
796
746
674
607
533
395
200
7
-193
-385
-590
-856
-1122
-1358
-1531
-1633
-1658
-1616
-1495
-1284
-984
-623
-203
219
610
982
1286
1555
1741
1854
1890
1863
1792
1669
1515
1333
1176
1028
860
683
499
407
349
253
153
-8
-179
-345
-537
-708
-874
-1011
-1088
-1144
-1153
-1065
-883
-638
-353
-65
193
451
690
864
967
957
879
738
569
375
141
-73
-311
-505
-635
-739
-772
-730
-689
-645
-590
-528
-439
-326
-205
-104
-4
97
219
337
442
543
636
713
800
882
916
945
943
908
862
796
757
728
777
907
1057
1202
1208
1142
1071
949
759
447
39
-409
-843
-1301
-1739
-2067
-2291
-2401
-2424
-2360
-2169
-1886
-1559
-1156
-775
-448
-161
75
291
488
619
644
627
594
576
531
443
338
214
56
-170
-409
-659
-878
-1085
-1303
-1501
-1635
-1682
-1626
-1472
-1255
-976
-640
-275
128
549
935
1267
1510
1676
1791
1823
1803
1722
1580
1380
1182
983
792
637
468
303
144
-3
-106
-104
-114
-79
-82
-171
-217
-252
-264
-268
-293
-322
-352
-360
-341
-251
-120
-3
125
236
349
455
525
553
523
405
214
21
-171
-334
-479
-635
-760
-828
-820
-753
-623
-454
-297
-170
-58
45
183
287
365
412
414
434
445
465
481
521
529
548
568
581
604
600
587
567
548
510
498
560
732
937
1138
1231
1204
1150
1063
915
636
229
-261
-731
-1194
-1671
-2015
-2247
-2352
-2342
-2308
-2126
-1813
-1431
-1020
-624
-300
-39
173
355
506
614
634
603
550
486
419
341
242
83
-114
-373
-625
-878
-1110
-1310
-1484
-1658
-1755
-1725
-1599
-1345
-1026
-664
-279
111
513
918
1257
1532
1709
1786
1774
1702
1586
1435
1247
1005
748
536
357
212
102
-23
-140
-254
-341
-322
-193
-54
96
183
217
294
325
356
359
279
183
59
-57
-110
-119
-120
-90
-39
-9
43
94
115
106
30
-117
-278
-431
-535
-585
-632
-656
-642
-559
-440
-266
-51
117
227
307
364
409
432
430
379
296
238
186
162
175
198
235
248
250
278
293
337
383
428
469
501
578
743
1007
1310
1578
1693
1668
1586
1422
1185
790
251
-369
-1037
-1623
-2130
-2500
-2706
-2754
-2677
-2509
-2193
-1770
-1278
-793
-358
-6
261
481
661
835
955
967
907
806
696
577
440
256
-2
-311
-672
-1063
-1409
-1691
-1889
-2045
-2136
-2089
-1928
-1603
-1160
-692
-232
236
694
1118
1474
1717
1878
1930
1844
1703
1507
1296
1062
830
582
330
121
-68
-206
-328
-416
-480
-549
-549
-477
-275
8
314
627
814
977
1086
1112
1083
934
701
414
58
-264
-504
-648
-709
-731
-694
-613
-467
-316
-166
-69
-31
-37
-73
-122
-145
-136
-130
-108
-42
32
158
284
370
403
361
293
189
78
-42
-161
-271
-353
-365
-332
-245
-97
99
258
364
433
522
629
717
744
746
712
733
801
872
1093
1382
1674
1832
1765
1541
1272
929
449
-196
-910
-1557
-2116
-2598
-2898
-2992
-2885
-2616
-2258
-1801
-1255
-687
-169
274
599
799
900
938
983
997
911
728
532
366
215
18
-222
-517
-837
-1180
-1551
-1868
-2081
-2191
-2190
-2099
-1889
-1521
-1033
-469
83
597
1028
1405
1681
1854
1907
1821
1663
1437
1150
872
599
357
171
-10
-131
-220
-289
-371
-415
-417
-426
-390
-312
-119
157
487
863
1182
1441
1567
1572
1458
1253
935
506
46
-417
-810
-1131
-1303
-1318
-1210
-997
-770
-502
-186
87
309
403
423
399
357
303
265
257
237
216
193
173
167
92
-17
-133
-261
-373
-530
-637
-654
-621
-540
-433
-269
-49
214
474
687
834
896
942
952
931
871
774
693
669
669
649
668
826
1106
1347
1442
1270
989
664
313
-184
-807
-1410
-1911
-2247
-2558
-2683
-2582
-2279
-1864
-1418
-967
-493
-32
378
688
824
841
790
719
641
569
403
203
16
-154
-340
-587
-855
-1132
-1372
-1645
-1868
-1992
-1988
-1861
-1652
-1330
-927
-430
97
594
1039
1353
1544
1644
1673
1611
1461
1233
980
752
514
323
188
70
-13
-90
-183
-255
-307
-312
-278
-221
-121
-15
171
421
735
1076
1353
1548
1631
1602
1415
1126
738
291
-229
-729
-1124
-1379
-1474
-1444
-1295
-1056
-738
-396
-43
277
494
618
673
638
594
499
399
296
195
110
12
-55
-130
-211
-339
-447
-553
-646
-683
-703
-601
-429
-249
-43
163
418
642
833
973
1029
1025
960
891
761
618
482
352
282
265
213
214
365
667
993
1183
1144
933
658
367
-10
-498
-995
-1438
-1764
-2036
-2177
-2141
-1892
-1522
-1150
-803
-468
-137
146
396
512
504
417
364
359
358
298
178
19
-145
-359
-617
-893
-1165
-1416
-1657
-1857
-1965
-1891
-1661
-1339
-968
-550
-99
357
796
1126
1317
1376
1348
1263
1128
952
767
622
480
358
234
150
111
72
-3
-107
-213
-288
-289
-258
-165
-46
127
340
578
886
1252
1571
1794
1857
1689
1372
990
585
134
-383
-885
-1261
-1482
-1510
-1403
-1155
-799
-433
-106
200
475
679
778
754
662
493
320
172
85
0
-122
-240
-362
-443
-493
-526
-558
-580
-561
-529
-472
-333
-163
41
266
440
608
734
836
885
845
767
645
559
490
407
329
241
170
140
141
209
393
707
1069
1319
1358
1193
973
703
331
-177
-737
-1224
-1612
-1897
-2097
-2145
-1977
-1680
-1324
-1001
-673
-331
-29
208
345
413
404
381
341
322
241
100
-69
-271
-487
-774
-1081
-1368
-1607
-1778
-1915
-1952
-1827
-1539
-1153
-738
-309
114
543
929
1190
1349
1353
1289
1176
1012
840
641
467
327
210
116
13
-53
-87
-133
-160
-154
-138
-85
20
181
360
552
768
999
1224
1399
1553
1675
1716
1627
1362
963
546
111
-332
-772
-1116
-1336
-1427
-1398
-1244
-963
-607
-236
89
381
596
728
788
766
665
471
214
-7
-149
-307
-463
-617
-692
-713
-702
-706
-674
-598
-495
-370
-264
-131
2
179
336
479
617
705
755
772
750
664
555
442
319
170
52
-46
-117
-113
-83
-1
78
221
519
910
1341
1615
1618
1411
1105
741
278
-278
-860
-1368
-1757
-2000
-2087
-1952
-1636
-1259
-911
-627
-314
-36
186
281
261
172
74
-16
-45
-76
-163
-283
-426
-563
-720
-934
-1171
-1366
-1475
-1517
-1525
-1430
-1218
-874
-501
-99
285
629
912
1092
1154
1091
1006
866
700
516
341
180
70
27
-31
-68
-70
-92
-146
-164
-119
-43
87
223
374
567
797
1043
1280
1478
1598
1642
1634
1596
1462
1212
801
345
-123
-583
-963
-1256
-1437
-1466
-1381
-1174
-879
-491
-116
182
437
616
751
783
713
567
367
180
11
-140
-272
-358
-427
-519
-574
-596
-609
-614
-589
-530
-442
-320
-194
-25
176
367
519
645
740
722
664
570
426
276
105
-42
-178
-256
-248
-203
-91
92
278
471
680
982
1345
1679
1853
1735
1394
963
519
-25
-622
-1165
-1559
-1781
-1862
-1801
-1618
-1325
-1017
-747
-516
-324
-168
-97
-53
-51
-61
-62
-58
-11
-5
-58
-217
-425
-653
-905
-1154
-1422
-1615
-1643
-1546
-1397
-1137
-820
-460
-80
265
555
722
815
809
768
708
632
562
466
407
369
286
198
132
41
-44
-130
-203
-210
-157
-22
162
354
607
883
1149
1357
1468
1513
1504
1415
1267
1096
914
761
584
374
136
-126
-413
-699
-929
-1081
-1112
-1030
-873
-640
-365
-108
152
395
603
691
648
492
315
162
14
-134
-277
-397
-493
-544
-595
-622
-654
-699
-706
-668
-598
-474
-303
-81
134
343
520
636
726
753
691
535
345
130
-35
-141
-217
-242
-208
-94
37
163
305
444
575
701
774
907
1161
1467
1682
1633
1329
908
507
40
-485
-963
-1320
-1501
-1572
-1583
-1487
-1240
-915
-652
-443
-314
-256
-208
-204
-184
-166
-151
-100
-83
-89
-161
-281
-446
-629
-877
-1180
-1420
-1539
-1503
-1374
-1202
-988
-706
-401
-98
128
323
506
617
643
601
530
524
544
526
460
353
251
168
67
-61
-185
-250
-251
-207
-54
165
437
729
992
1218
1354
1428
1431
1371
1255
1075
878
684
528
420
335
276
230
129
-44
-255
-447
-587
-662
-698
-678
-552
-381
-173
31
194
299
334
265
160
61
-32
-116
-205
-285
-367
-417
-451
-505
-572
-651
-700
-707
-654
-533
-381
-183
38
231
358
420
422
355
239
117
-33
-137
-150
-104
-20
87
244
391
491
521
505
450
436
427
409
410
434
499
635
916
1261
1586
1658
1404
997
521
74
-393
-786
-1061
-1202
-1240
-1196
-1103
-930
-746
-653
-638
-671
-638
-602
-588
-561
-482
-335
-212
-140
-152
-224
-337
-505
-735
-1003
-1206
-1294
-1225
-1079
-908
-729
-571
-395
-233
-127
-81
-37
48
127
214
307
375
455
507
484
359
203
83
-46
-146
-205
-190
-31
215
462
704
917
1130
1287
1313
1250
1146
1061
971
896
781
651
537
457
390
336
295
241
201
147
53
-72
-169
-223
-252
-290
-322
-342
-292
-220
-138
-82
-40
-10
29
35
5
-22
-99
-184
-286
-394
-505
-583
-589
-568
-525
-485
-432
-374
-288
-249
-248
-263
-272
-273
-259
-203
-149
-57
65
247
425
568
648
643
616
563
480
404
324
281
222
199
216
256
369
486
579
589
592
687
921
1218
1437
1396
1132
773
391
-22
-455
-793
-988
-1027
-1039
-1063
-1073
-1002
-889
-806
-777
-806
-841
-810
-738
-635
-511
-392
-307
-268
-261
-325
-419
-522
-620
-700
-814
-838
-804
-727
-650
-641
-682
-722
-692
-666
-638
-546
-374
-181
33
200
325
431
510
570
570
577
613
642
703
737
758
792
802
764
682
568
489
452
408
407
442
521
607
675
692
674
620
555
490
439
450
490
576
633
640
547
401
202
-66
-334
-553
-649
-643
-622
-563
-464
-342
-250
-209
-204
-205
-182
-151
-92
-70
-100
-146
-228
-303
-388
-485
-578
-656
-694
-694
-633
-515
-347
-151
15
144
272
375
481
512
491
461
416
355
296
225
129
61
43
77
171
252
315
349
379
393
422
426
452
498
570
762
1067
1425
1660
1627
1252
771
262
-200
-577
-842
-1033
-1069
-1014
-971
-931
-917
-947
-1023
-1059
-1097
-1068
-949
-747
-547
-340
-192
-95
-17
19
-56
-236
-408
-570
-659
-777
-923
-1089
-1208
-1291
-1354
-1370
-1297
-1137
-896
-608
-289
49
364
647
836
923
935
948
949
958
949
879
760
634
462
270
84
-65
-131
-146
-117
0
194
426
651
859
1027
1145
1229
1237
1193
1163
1122
1107
1078
994
865
698
479
167
-148
-447
-741
-965
-1043
-980
-822
-588
-353
-145
5
61
46
-1
-41
-58
-37
-65
-109
-200
-309
-415
-476
-487
-484
-439
-375
-291
-261
-253
-277
-332
-371
-372
-320
-258
-169
-60
24
107
180
248
316
341
325
256
183
134
135
183
267
349
404
419
426
433
465
529
562
572
513
456
444
593
879
1198
1379
1223
830
364
-13
-276
-461
-589
-655
-680
-746
-899
-1080
-1223
-1286
-1264
-1149
-978
-772
-566
-372
-213
-132
-137
-224
-364
-517
-648
-773
-852
-905
-956
-1029
-1092
-1102
-1063
-941
-773
-593
-399
-216
-27
146
290
407
455
461
452
440
484
526
560
563
554
492
393
304
188
147
166
228
323
459
622
827
1001
1100
1159
1197
1207
1209
1179
1091
990
790
548
304
104
-8
-39
-7
59
110
88
39
-86
-187
-246
-270
-249
-220
-202
-212
-258
-297
-329
-359
-347
-285
-182
-74
-12
-13
-87
-226
-401
-524
-620
-669
-686
-690
-674
-639
-572
-476
-382
-282
-169
-73
9
40
69
83
98
125
165
242
343
443
498
529
515
473
372
254
167
101
100
98
103
143
252
377
526
620
666
667
715
877
1070
1246
1182
871
434
26
-233
-332
-339
-340
-375
-462
-673
-929
-1192
-1394
-1500
-1497
-1371
-1208
-1039
-885
-729
-583
-486
-467
-447
-383
-287
-164
-119
-122
-211
-344
-476
-617
-739
-849
-903
-915
-845
-746
-610
-442
-260
-40
179
350
521
636
745
874
962
1050
1107
1132
1120
1048
897
762
644
532
420
318
296
288
307
302
293
335
436
555
687
816
896
924
925
901
850
784
646
516
395
299
211
74
-93
-284
-494
-686
-799
-843
-782
-657
-523
-437
-422
-466
-529
-538
-491
-397
-302
-233
-223
-230
-249
-329
-381
-426
-444
-442
-444
-444
-443
-446
-504
-569
-601
-528
-368
-164
18
139
220
247
273
289
348
432
489
515
524
527
518
489
433
392
331
261
186
154
171
228
297
398
471
533
634
719
806
898
1038
1202
1293
1129
756
256
-176
-387
-421
-338
-309
-417
-646
-933
-1229
-1501
-1666
-1723
-1596
-1375
-1148
-943
-827
-753
-673
-565
-455
-335
-254
-177
-152
-194
-270
-396
-495
-551
-523
-468
-374
-260
-180
-117
-109
-94
-99
-72
30
167
327
430
470
495
508
535
583
629
679
735
787
819
871
925
995
1021
988
930
840
722
569
439
342
300
311
365
418
454
467
449
412
367
318
243
170
85
-2
-65
-105
-152
-253
-379
-517
-600
-622
-602
-569
-554
-600
-674
-778
-848
-873
-806
-681
-545
-396
-302
-253
-251
-244
-222
-144
-71
-23
14
14
-21
-52
-102
-154
-221
-254
-253
-229
-169
-88
3
68
110
134
187
248
356
508
673
794
822
782
679
593
589
628
656
603
484
363
246
213
199
175
137
37
-23
-5
117
347
558
750
799
643
370
48
-181
-259
-209
-150
-176
-314
-561
-843
-1093
-1288
-1421
-1468
-1418
-1297
-1181
-1068
-995
-927
-795
-606
-377
-157
16
131
201
179
107
23
-50
-113
-128
-102
-59
-64
-87
-128
-181
-190
-158
-84
13
126
220
337
420
490
550
598
665
732
806
843
884
900
898
895
880
823
765
657
541
421
279
166
69
8
-36
-71
-88
-84
-87
-98
-107
-144
-181
-198
-168
-122
-57
4
27
19
-49
-146
-264
-363
-394
-428
-471
-530
-596
-660
-703
-720
-645
-534
-393
-287
-229
-221
-238
-276
-261
-202
-106
24
127
192
202
174
121
94
50
66
122
222
290
301
281
252
248
263
324
370
421
471
495
486
459
405
318
250
163
123
87
66
74
36
1
-17
-21
30
82
175
239
253
227
148
70
1
-8
35
152
234
234
187
90
-2
-73
-101
-76
-52
-80
-163
-308
-483
-665
-829
-888
-867
-798
-725
-692
-627
-539
-445
-362
-282
-215
-147
-52
12
74
114
134
140
161
175
178
177
165
157
129
81
7
-55
-117
-156
-161
-166
-160
-148
-121
-87
-57
8
93
174
232
301
337
342
316
249
167
92
3
-44
-51
-57
-60
-48
-11
58
117
164
211
234
245
249
240
240
256
239
207
188
150
114
67
33
8
-36
-76
-109
-143
-149
-107
-56
-1
58
125
142
149
123
83
55
38
18
29
37
48
48
21
-33
-90
-135
-158
-156
-145
-131
-167
-163
-170
-163
-136
-126
-95
-88
-55
-42
-7
33
60
89
74
10
-49
-55
-37
2
36
56
56
33
10
4
28
97
131
161
163
134
103
107
129
133
157
199
235
257
271
270
277
306
339
359
346
302
269
256
251
271
268
209
168
134
85
64
46
49
25
-33
-84
-170
-243
-349
-443
-534
-618
-674
-724
-752
-763
-735
-691
-637
-597
-556
-512
-457
-404
-381
-357
-342
-350
-347
-363
-388
-420
-465
-495
-515
-507
-496
-453
-421
-352
-263
-164
-80
-30
45
116
195
272
329
373
420
443
464
505
582
647
680
698
698
707
711
699
698
705
692
709
695
652
588
532
508
500
524
514
504
491
448
407
331
255
172
89
-13
-120
-208
-279
-306
-317
-298
-308
-337
-389
-422
-434
-457
-441
-440
-407
-391
-368
-342
-353
-365
-379
-365
-356
-336
-311
-285
-275
-268
-270
-300
-307
-306
-301
-271
-248
-191
-144
-98
-30
54
170
252
332
381
405
413
398
395
401
404
404
402
388
386
419
452
464
474
450
450
449
468
497
509
509
467
433
371
322
275
238
213
176
148
112
57
-33
-141
-229
-312
-366
-438
-498
-571
-643
-722
-798
-870
-939
-979
-1017
-995
-951
-891
-845
-814
-773
-734
-680
-626
-555
-480
-427
-395
-379
-362
-337
-323
-293
-276
-281
-271
-243
-193
-101
-26
49
127
189
272
334
391
438
475
525
590
621
644
681
727
755
753
749
744
717
684
650
652
662
662
670
666
660
644
628
595
563
541
523
492
436
364
287
199
131
33
-63
-145
-229
-308
-374
-441
-486
-503
-531
-527
-544
-528
-515
-499
-493
-498
-498
-507
-482
-443
-379
-321
-290
-267
-230
-185
-132
-120
-125
-139
-134
-135
-147
-163
-155
-147
-142
-93
-30
70
181
272
355
412
449
492
483
475
477
453
452
436
413
378
317
259
185
157
144
120
134
138
164
192
219
223
207
196
174
155
123
115
105
90
84
76
40
-17
-84
-148
-200
-231
-246
-288
-371
-438
-502
-559
-589
-595
-567
-531
-529
-543
-573
-588
-592
-577
-568
-557
-522
-480
-450
-430
-390
-344
-311
-300
-316
-307
-273
-249
-206
-201
-196
-183
-159
-110
-71
-20
36
63
104
117
136
150
188
261
349
406
443
463
482
508
504
486
429
408
371
372
386
412
425
435
455
470
487
484
483
471
492
503
515
505
475
416
329
268
215
193
172
171
172
145
108
85
38
-16
-36
-79
-95
-130
-179
-229
-264
-264
-257
-202
-171
-153
-155
-157
-147
-140
-101
-92
-98
-102
-155
-194
-237
-283
-291
-291
-274
-226
-200
-190
-184
-198
-181
-178
-161
-151
-153
-134
-119
-76
-32
7
40
39
43
21
-5
-16
-26
-41
-55
-68
-100
-122
-145
-153
-118
-87
-68
-14
11
42
92
155
210
263
293
304
281
250
222
195
200
211
221
212
189
159
120
76
49
55
52
20
-2
-29
-58
-73
-100
-104
-108
-115
-157
-204
-226
-247
-295
-340
-392
-427
-438
-456
-456
-466
-461
-440
-408
-356
-333
-329
-320
-329
-321
-325
-314
-283
-252
-219
-159
-101
-70
-35
-19
-5
9
9
24
40
68
81
107
142
193
269
336
389
463
546
597
621
623
633
642
649
648
656
664
638
612
593
577
567
533
492
437
368
315
274
253
238
221
184
164
146
124
101
78
55
38
12
-8
-31
-101
-168
-253
-329
-386
-453
-490
-497
-514
-500
-484
-474
-476
-472
-446
-428
-395
-373
-369
-372
-365
-353
-319
-290
-272
-255
-238
-232
-251
-268
-270
-244
-220
-193
-155
-106
-82
-51
-10
14
35
63
96
140
198
240
286
307
299
269
223
203
200
193
194
194
178
179
177
189
222
254
291
318
337
326
335
337
321
313
314
318
285
244
205
177
145
95
34
-31
-82
-157
-222
-266
-305
-323
-343
-334
-340
-341
-339
-342
-356
-368
-380
-413
-425
-436
-417
-406
-383
-373
-369
-366
-388
-383
-389
-369
-348
-336
-313
-303
-266
-252
-208
-153
-89
-4
55
115
151
186
234
264
277
293
318
320
321
327
336
352
361
381
394
417
444
477
504
522
529
518
490
475
461
464
452
456
450
424
394
346
312
259
208
145
86
23
-25
-42
-91
-139
-176
-218
-248
-249
-236
-215
-201
-212
-231
-260
-270
-267
-272
-257
-254
-251
-259
-284
-281
-277
-263
-250
-242
-225
-226
-230
-224
-231
-223
-196
-174
-143
-119
-97
-70
-47
-13
13
34
47
54
56
83
89
91
93
81
61
38
34
27
55
68
74
91
84
65
67
77
81
73
70
58
48
50
57
69
71
67
71
77
91
109
120
123
127
130
132
144
143
138
134
138
133
113
103
87
59
38
24
8
5
8
-3
-13
-50
-77
-108
-109
-105
-94
-88
-106
-130
-169
-196
-228
-250
-284
-313
-329
-328
-315
-328
-315
-305
-279
-273
-263
-232
-213
-201
-177
-148
-138
-137
-138
-132
-106
-91
-64
-51
-52
-46
-54
-36
-14
15
48
63
80
96
113
143
164
207
237
281
308
311
331
329
331
348
358
374
385
381
373
359
342
312
286
267
248
235
231
221
179
154
118
95
79
54
40
37
37
24
14
-11
-31
-43
-29
-22
-24
-12
-38
-56
-89
-109
-140
-148
-177
-169
-150
-157
-159
-174
-157
-157
-142
-144
-133
-128
-133
-145
-153
-160
-188
-204
-202
-198
-179
-161
-154
-157
-150
-140
-121
-91
-70
-48
-48
-40
-23
-28
-37
-50
-66
-62
-51
-29
-19
1
12
21
41
33
47
60
83
103
109
132
148
173
196
215
232
230
221
220
229
234
226
210
194
173
152
126
111
96
88
94
117
137
139
129
96
67
30
11
-4
-38
-73
-136
-195
-226
-260
-294
-306
-321
-313
-336
-378
-389
-387
-394
-404
-400
-385
-363
-353
-331
-310
-296
-260
-220
-182
-154
-139
-125
-120
-101
-91
-86
-75
-69
-55
-22
8
30
56
77
97
128
164
205
248
289
307
323
345
371
384
384
405
395
400
393
384
361
337
320
301
299
277
265
230
217
228
225
240
237
245
239
219
194
176
161
133
107
70
39
5
-34
-65
-85
-117
-151
-163
-172
-196
-210
-235
-234
-231
-235
-218
-186
-163
-160
-166
-163
-163
-154
-138
-130
-124
-127
-122
-117
-123
-140
-168
-197
-198
-183
-162
-140
-133
-114
-120
-110
-100
-103
-95
-90
-76
-63
-45
-39
-34
-17
-11
-10
1
14
43
59
63
55
52
49
37
26
27
47
61
81
115
164
180
171
157
125
108
79
62
56
59
54
66
61
71
69
78
103
78
80
52
48
46
38
42
34
33
32
37
31
36
21
3
-13
-30
-44
-64
-75
-93
-113
-148
-172
-193
-202
-195
-196
-185
-162
-144
-148
-149
-148
-148
-140
-149
-147
-147
-160
-177
-181
-174
-155
-134
-114
-96
-96
-85
-55
-29
-8
17
43
55
65
69
86
98
129
162
170
186
201
193
193
204
221
230
227
216
200
199
197
210
211
207
197
201
193
190
180
179
176
165
156
132
124
119
113
92
73
65
48
32
7
-6
-10
-25
-23
-44
-56
-89
-99
-102
-106
-101
-92
-91
-100
-122
-138
-157
-188
-203
-213
-216
-223
-226
-217
-203
-181
-161
-156
-149
-135
-117
-104
-82
-56
-45
-16
3
27
46
39
40
33
27
0
-16
-32
-43
-43
-40
-45
-27
-25
-18
3
32
63
81
94
108
116
128
139
130
130
122
112
100
103
85
81
57
54
48
46
67
63
77
66
68
80
72
59
48
46
44
40
42
36
33
17
8
-9
-23
-34
-40
-44
-36
-25
-35
-27
-29
-24
-14
-3
-10
-23
-41
-61
-96
-112
-134
-143
-147
-165
-172
-165
-159
-161
-156
-143
-150
-147
-141
-121
-114
-106
-91
-91
-80
-83
-61
-43
-37
-30
-32
-27
-21
-21
-12
-3
12
18
15
19
47
68
72
95
104
106
100
97
93
77
74
78
82
75
81
71
72
76
66
82
83
64
65
59
71
68
70
79
85
80
64
53
58
67
72
82
100
105
104
94
80
79
65
37
14
0
-12
-13
-33
-45
-33
-23
-29
-24
-19
4
21
31
36
40
40
42
34
24
22
14
21
21
20
31
14
4
6
0
-2
-1
-8
-6
-16
-15
-13
-12
-1
2
19
17
1
-22
-40
-41
-55
-84
-112
-122
-116
-117
-89
-82
-72
-59
-45
-27
-30
-42
-64
-75
-70
-78
-81
-69
-72
-77
-93
-92
-80
-58
-56
-37
-29
-35
-27
-33
-26
-33
-32
-30
-27
-7
-1
-1
-2
-6
-7
-15
-19
-23
-13
2
15
10
20
20
27
23
42
58
68
70
64
56
46
32
-2
-2
-26
-43
-53
-63
-72
-70
-57
-39
-38
-30
-23
-15
-10
-17
-24
-23
-26
-39
-41
-48
-39
-36
-18
1
21
36
38
35
35
26
26
39
48
51
45
43
48
58
72
76
75
87
86
87
96
103
108
115
106
102
89
84
89
76
80
72
73
76
65
70
68
59
46
44
61
56
50
40
28
13
11
5
-7
5
15
20
17
20
16
8
8
-6
-24
-28
-20
-26
-27
-32
-21
-22
-32
-33
-38
-27
-25
-26
-18
-25
-21
-41
-60
-61
-74
-63
-53
-56
-60
-59
-55
-55
-39
-30
-26
-25
-28
-29
-34
-52
-74
-78
-86
-75
-83
-77
-78
-64
-45
-53
-42
-40
-29
-20
-19
-12
-1
-8
-10
-6
-8
-6
-4
1
-1
8
7
7
6
-2
-4
-10
0
4
14
29
37
47
45
43
40
42
52
54
55
41
47
41
47
47
33
26
15
9
-1
-6
-12
-18
-22
-27
-44
-40
-40
-21
-26
-31
-39
-62
-65
-79
-76
-71
-62
-54
-52
-49
-41
-38
-28
-25
-22
-19
-11
-10
-2
-2
-6
-4
-7
-4
-9
-1
11
24
34
23
25
38
40
60
72
93
93
76
75
76
87
94
95
100
96
96
82
71
74
67
51
43
30
20
17
12
3
-3
-1
-3
-12
-36
-32
-33
-30
-27
-34
-30
-30
-32
-45
-50
-42
-33
-31
-38
-52
-65
-54
-46
-35
-18
-3
4
16
12
0
-12
-22
-27
-23
-9
-3
8
7
11
7
-3
6
15
40
50
44
38
54
56
40
40
43
43
44
33
19
18
12
7
1
-11
-12
-9
-10
-3
4
20
14
0
-18
-18
-15
-12
-10
-11
3
7
1
-5
-7
-11
-9
-8
7
11
0
-3
-18
-18
-27
-35
-17
-12
-13
-10
-17
-12
-8
-17
-25
-33
-31
-35
-45
-49
-44
-46
-48
-44
-33
-19
-9
-6
-12
-10
-8
-8
-7
-7
-17
-10
-3
11
24
36
41
24
9
7
3
-4
-4
-11
-9
-28
-27
-20
-6
-3
6
24
12
19
15
0
-5
-13
-19
-12
-22
-22
-32
-41
-38
-46
-44
-42
-41
-50
-43
-44
-36
-28
-31
-45
-53
-56
-52
-45
-39
-38
-46
-42
-57
-63
-47
-33
-19
-15
4
13
32
44
52
60
64
72
73
76
84
90
88
89
89
88
94
95
94
103
123
137
143
156
157
140
129
129
119
128
126
129
124
124
120
98
86
82
82
72
69
63
42
26
13
0
1
-10
-15
-25
-24
-12
-11
-20
-27
-22
-31
-26
-41
-52
-76
-102
-113
-127
-138
-131
-130
-124
-116
-113
-122
-132
-139
-131
-123
-122
-108
-108
-110
-106
-107
-97
-90
-86
-93
-90
-100
-100
-103
-99
-95
-103
-101
-106
-89
-93
-86
-80
-63
-52
-34
-20
-12
2
4
12
-1
4
-11
-20
-36
-41
-41
-34
-34
-32
-23
-21
-15
-19
7
12
25
25
28
48
50
79
102
117
99
95
92
94
89
80
93
100
101
84
80
83
90
95
99
98
108
118
116
114
111
112
112
119
113
102
97
97
100
98
95
89
78
81
71
64
46
34
26
6
-9
-5
-12
-12
-15
-14
-2
-4
15
6
-4
-6
-12
6
-1
-10
-8
-10
-12
-7
-8
0
3
-16
-19
-34
-37
-44
-45
-40
-39
-33
-41
-42
-51
-46
-42
-46
-46
-60
-53
-48
-46
-41
-50
-37
-20
-13
-23
-44
-44
-45
-41
-28
-26
-16
-19
-36
-40
-45
-48
-59
-62
-72
-72
-76
-83
-74
-67
-56
-49
-56
-47
-50
-42
-37
-42
-41
-53
-56
-71
-76
-75
-65
-54
-49
-50
-53
-56
-69
-64
-65
-62
-51
-48
-36
-34
-26
-22
-19
-22
-15
-9
-7
-7
-7
0
5
2
4
9
11
22
36
53
59
77
90
104
105
111
124
128
128
120
116
106
102
101
100
102
99
91
88
75
80
75
72
79
88
94
93
89
91
93
94
87
87
60
53
46
34
39
32
34
28
33
38
34
27
25
20
27
26
23
32
29
24
15
7
-2
-7
-23
-35
-40
-53
-59
-56
-52
-54
-42
-31
-23
-34
-30
-36
-48
-40
-49
-37
-39
-52
-50
-59
-54
-47
-43
-38
-48
-49
-51
-63
-66
-84
-95
-92
-91
-81
-71
-63
-74
-72
-73
-71
-61
-80
-77
-76
-73
-70
-74
-84
-100
-113
-115
-108
-93
-82
-82
-71
-59
-64
-51
-40
-37
-20
-16
-4
1
13
15
16
28
35
33
30
40
51
48
39
29
25
43
56
60
79
78
95
102
104
103
101
88
78
75
71
79
66
68
53
42
31
38
44
41
44
43
50
49
35
28
19
20
18
20
14
18
13
5
2
3
6
-1
5
-3
-9
-5
0
14
9
11
9
17
32
23
23
26
44
35
25
18
4
0
-9
-6
2
12
25
15
13
23
47
56
58
56
48
52
55
50
41
51
50
47
47
43
45
46
40
36
32
31
11
5
-9
-19
-26
-26
-40
-35
-44
-54
-50
-64
-49
-57
-58
-73
-70
-74
-89
-95
-109
-113
-111
-108
-111
-116
-117
-116
-117
-125
-123
-114
-119
-113
-107
-102
-89
-96
-95
-91
-89
-83
-74
-69
-68
-63
-54
-43
-37
-29
-12
2
24
32
33
34
42
50
50
56
66
68
69
72
65
51
51
50
51
60
64
74
82
89
92
95
91
81
84
76
68
64
55
50
46
35
29
25
19
10
2
5
-3
-4
-8
-11
-6
-11
-12
-8
-4
1
8
24
22
10
11
12
10
4
-6
0
-3
2
4
4
8
8
14
20
29
44
54
54
58
57
61
64
63
58
51
47
46
45
36
33
30
22
21
21
25
29
30
34
48
55
38
30
25
26
20
12
12
4
-7
-15
-30
-34
-34
-31
-37
-39
-49
-54
-65
-78
-77
-82
-71
-74
-81
-87
-96
-101
-111
-111
-115
-114
-107
-103
-91
-87
-89
-75
-76
-76
-76
-74
-67
-72
-65
-63
-59
-50
-47
-42
-31
-29
-21
-10
5
16
14
15
13
14
17
26
33
35
33
38
38
36
24
16
22
30
51
59
60
61
58
61
65
68
70
71
80
75
76
73
62
58
48
45
39
41
45
29
28
13
14
15
7
1
-1
10
14
22
18
25
22
18
13
14
18
9
15
13
15
11
10
13
8
6
5
18
13
14
12
9
15
21
25
24
14
13
12
11
14
10
1
-1
-2
0
7
7
16
12
11
8
-7
3
-10
-17
-25
-34
-36
-46
-50
-45
-43
-48
-52
-48
-39
-32
-30
-48
-46
-37
-36
-32
-32
-35
-31
-38
-38
-38
-20
-15
-15
-21
-24
-18
-15
-20
-22
-25
-27
-19
-28
-22
-20
-14
-19
-18
-19
-23
-21
-23
-24
-19
3
11
20
15
27
38
31
28
22
30
19
12
11
11
8
-6
-3
-9
-9
-4
1
-2
-13
-16
-21
-23
-18
-5
-16
-20
-6
3
12
10
17
15
11
6
7
22
29
34
24
11
10
11
11
13
16
11
9
13
5
7
15
22
33
23
17
24
19
33
30
25
17
13
16
16
20
18
26
17
11
10
17
20
23
23
20
23
24
26
21
17
14
19
21
21
23
19
7
-2
-9
-16
-21
-26
-39
-35
-30
-30
-24
-38
-45
-52
-45
-44
-27
-22
-21
-22
-21
-11
-15
-14
-10
-9
-13
-3
6
2
-4
-5
-20
-21
-21
-13
0
3
16
9
14
21
13
29
23
18
25
28
36
28
22
15
10
10
7
9
15
0
-10
-9
-4
3
-2
-5
-4
-5
-6
-10
-7
-8
-3
5
10
17
10
10
5
13
6
-8
-18
-23
-39
-49
-53
-53
-55
-54
-47
-41
-36
-35
-35
-24
-12
-10
6
9
4
2
0
1
1
3
-1
-1
7
6
2
-7
1
7
13
15
13
20
25
42
38
37
26
25
30
32
37
34
36
24
16
25
36
39
45
41
40
35
27
30
18
14
6
21
19
12
11
12
18
13
29
23
30
23
21
15
0
1
-4
-7
-14
-21
-31
-38
-46
-47
-50
-55
-64
-58
-38
-35
-35
-38
-30
-28
-23
-15
-14
-17
-21
-17
-25
-28
-33
-35
-31
-39
-39
-40
-30
-20
-6
5
2
-4
-6
1
3
3
4
-3
5
7
10
6
8
11
12
9
-1
4
5
-5
-6
-8
-16
-14
-24
-13
-14
-14
-6
-2
0
-5
-6
-7
-5
5
3
0
0
-3
1
-8
-4
-13
-13
-9
0
13
17
19
22
14
11
16
15
15
17
24
31
43
47
57
50
48
50
42
44
32
32
25
21
23
17
3
13
13
16
31
29
27
16
10
6
-3
-7
-6
-4
-10
-16
-12
-15
-13
-28
-30
-20
-20
-23
-28
-28
-27
-29
-23
5
1
6
3
-9
-3
3
6
2
-4
-13
-19
-22
-27
-22
-20
-26
-18
-21
-7
10
9
9
14
9
17
15
8
18
8
0
-1
1
-3
5
2
6
23
17
22
20
17
20
22
15
11
12
9
10
2
-1
7
10
7
1
-1
5
10
10
4
0
-1
-6
-11
-13
-7
-13
-22
-24
-17
-17
-13
-1
-3
-2
-21
-20
-23
-26
-27
-38
-42
-44
-39
-34
-27
-31
-24
-25
-15
-19
-18
-18
-24
-21
-18
-8
-10
-9
-18
-10
-9
-9
-17
-12
-3
-2
15
6
17
20
20
30
26
30
33
36
37
35
35
31
33
33
26
26
22
15
9
9
20
20
19
27
25
30
33
38
41
48
43
34
32
26
19
15
8
6
-2
-8
-9
-9
-4
-8
-4
-4
-4
-8
-16
-19
-11
-9
-4
-4
-13
-10
-14
-16
-9
-5
-5
-13
-28
-30
-30
-38
-31
-19
-13
-13
3
3
10
9
3
15
6
0
-17
-20
-22
-17
-7
-10
-8
3
-1
-9
-12
-12
-14
-12
-6
5
7
4
-1
-10
-9
-14
-21
-20
-20
-14
-15
-24
-19
-24
-18
-10
-10
-8
-9
-2
0
0
-4
-9
-7
3
1
0
-7
-16
-17
-17
-8
-11
-12
-14
-12
-8
-1
3
-5
0
3
5
16
26
21
14
13
7
1
6
8
2
-8
-13
-15
-18
-20
-11
-18
-14
-4
2
12
9
21
26
31
26
23
15
14
13
10
3
5
0
-4
1
1
15
21
24
26
30
35
39
49
47
36
30
31
35
36
28
28
20
15
17
8
15
5
3
6
8
11
14
12
6
13
16
20
16
21
10
-3
0
3
2
-10
-11
-14
-13
-8
-13
-14
-20
-16
-20
-10
-13
-17
-25
-36
-39
-40
-36
-33
-28
-27
-13
-4
4
4
-6
-9
-21
-20
-28
-31
-32
-37
-28
-35
-34
-34
-28
-21
-13
-6
-8
-10
-5
0
-1
4
11
16
11
10
3
7
5
9
2
-12
-2
1
20
13
8
13
9
12
9
5
12
12
6
8
6
13
12
2
2
-1
1
5
3
16
15
14
9
9
19
22
18
11
18
26
23
17
19
17
11
1
-2
-4
4
8
6
5
4
-4
-17
-15
-20
-16
-13
-14
-11
-8
-11
-14
-11
-5
0
7
11
-1
-2
-11
9
6
-5
-2
-1
9
8
21
19
28
30
18
13
10
9
9
5
3
-8
-4
-3
1
-4
-7
-1
-4
1
6
3
1
0
-4
-4
-3
-5
-5
-6
-12
-20
-26
-19
-19
-18
-16
-11
1
-2
-5
-7
-12
-11
-9
-25
-20
-16
-19
-27
-30
-33
-34
-31
-31
-26
-24
-26
-22
-14
-19
-26
-26
-25
-18
-8
-5
-2
8
6
0
-6
-13
-6
-7
-8
-10
-2
-5
-10
-8
-13
-17
-14
-15
-9
-10
-6
-10
-12
-2
-4
2
2
3
2
14
23
17
22
18
22
20
22
19
17
32
36
36
45
41
45
53
40
42
51
56
61
55
47
45
46
43
37
39
35
44
41
45
41
37
32
21
21
9
21
16
15
31
25
22
18
10
17
25
16
18
16
-3
-5
-14
-11
-9
-21
-19
-23
-20
-24
-38
-35
-32
-34
-35
-36
-40
-44
-54
-58
-49
-44
-44
-50
-49
-48
-45
