SAMPLES:	14948
BITSPERSAMPLE:	16
CHANNELS:	1
SAMPLERATE:	16000
NORMALIZED:	FALSE
-1
-3
-3
-5
-5
-2
-1
-5
-3
-4
-8
-7
-12
-11
-9
-6
2
-1
-1
0
2
6
3
2
7
-1
2
0
-3
0
-4
1
-1
1
2
-1
3
-1
2
6
1
0
-1
-4
-2
-2
-3
-2
-2
-2
3
2
2
-2
0
-1
-9
-9
-9
-10
-8
-10
-7
-8
-7
-8
-4
-3
-6
1
1
2
2
-1
4
1
3
6
1
2
5
6
5
7
11
14
14
6
8
7
11
6
6
9
8
8
7
9
4
12
4
1
2
-1
2
-3
-1
-3
-4
-2
-7
-2
4
-3
-1
-3
-1
2
-1
-1
-8
-7
-8
-9
-10
-2
-9
-16
-12
-11
-9
-9
-8
-4
-4
-7
1
4
3
4
2
7
7
2
12
7
8
9
9
8
9
11
10
12
6
13
10
8
10
10
12
13
7
8
7
7
8
5
6
8
7
6
12
2
2
6
5
5
5
1
3
1
-2
7
6
3
1
-3
-5
1
-1
-3
-3
-6
-2
-4
-8
-7
-9
-8
-7
-9
-7
-8
-7
-6
-4
-6
-1
-1
0
2
0
-1
0
3
2
-1
-2
-7
-2
-5
-6
-10
-11
-13
-11
-8
-12
-13
-14
-11
-6
0
-9
-8
-5
-11
-9
-12
-11
-4
-1
-3
-2
-4
-3
-6
-5
-4
-1
1
-2
0
4
10
6
12
14
12
7
15
10
4
7
1
-1
-2
1
2
1
3
3
1
2
3
-3
1
3
0
6
3
3
2
4
5
7
6
3
5
0
4
1
5
4
-3
-4
-4
-6
-6
-7
-1
-5
-3
1
3
4
2
2
7
5
3
7
7
9
7
4
4
3
7
0
3
-1
-3
-3
-6
-6
-7
-12
-3
-3
-8
-7
-6
-2
-5
-3
-3
-3
-1
-5
-4
-1
-6
-10
-15
-11
-10
-7
-8
-8
-1
-3
-4
-1
-5
-5
-7
-4
-2
0
2
-7
-4
-3
-1
-4
-3
-8
-7
-7
-5
-1
2
-1
-5
-3
-3
4
-4
3
-3
0
0
1
-3
-10
-5
-7
-6
-2
1
1
1
6
4
4
3
5
7
9
9
5
8
10
8
4
8
6
10
9
13
14
9
13
10
17
14
12
14
10
8
10
5
14
9
8
8
8
10
11
8
9
8
8
8
10
10
4
6
3
1
-2
3
-2
-2
3
-2
-3
-5
-3
-8
-8
-3
-6
-2
-5
-5
-5
-9
-3
-1
-1
-1
0
-3
-7
-3
0
-2
5
9
-1
-2
-10
-6
-7
-7
-4
-4
-4
-7
-7
-11
-5
-2
-1
-7
-6
-6
-9
-7
-6
1
-7
-7
-5
-4
-4
-4
0
0
2
3
2
1
3
3
7
10
6
12
9
6
11
3
4
-1
0
-5
-5
-5
-4
0
-6
-1
-1
2
1
-1
4
3
6
7
3
3
0
-8
-9
-9
-8
-2
-2
-4
1
-2
-6
-1
2
2
0
5
1
2
3
-4
0
-1
2
0
-1
-6
-4
-4
-2
1
0
2
0
3
0
-2
-5
0
0
0
3
-3
-2
-6
-2
-3
0
0
-6
-6
-8
-8
-5
-2
-5
-10
-4
-6
-6
-1
-10
-7
-7
-7
-8
-6
-9
-5
-7
-8
-5
-2
-2
3
2
-2
6
-2
-1
1
-2
0
-2
-3
2
-4
6
5
5
7
-2
5
2
2
3
4
3
5
11
9
7
7
7
4
10
7
6
-2
5
3
5
10
12
5
3
7
1
7
4
8
-7
-7
-4
-8
-9
-15
-18
-9
-6
-7
-3
0
-6
-9
-4
-1
-2
1
0
-2
1
-4
3
1
-5
-6
-3
-1
-4
2
-5
-2
-4
-8
-3
-4
-5
0
1
3
4
4
15
8
8
8
7
7
6
14
14
16
16
11
25
19
19
18
19
15
17
12
12
18
10
14
9
14
14
10
8
4
6
4
3
8
15
5
0
0
1
4
-5
-4
1
2
-1
-1
-4
-1
2
-4
-4
-1
-5
-6
-6
-3
-7
-11
-16
-13
-3
-6
-4
-12
-15
-11
-14
-11
-11
-18
-16
-14
-13
-9
-12
-11
-11
-17
-16
-8
-10
-11
-2
-12
-16
-9
-12
-9
-7
-9
-1
-3
-6
-8
-3
0
4
7
3
1
3
5
5
4
5
10
12
10
2
5
7
5
5
11
13
7
8
1
4
7
5
7
3
2
-4
-6
-8
-2
-6
-4
1
0
2
6
1
2
-2
-1
3
-3
0
-2
-4
-9
-7
-4
-2
-1
-5
-4
-2
3
1
-7
3
-4
-4
2
1
4
-10
-4
-6
-4
-1
1
6
5
5
3
3
4
7
-4
0
0
2
4
-1
-6
-8
-6
-1
-3
-6
-4
-4
-4
-5
-4
-3
0
-7
-9
-8
1
-7
1
1
-2
-12
-7
-6
-7
1
-8
-1
0
-6
1
-2
2
5
-3
8
1
0
4
3
0
4
5
0
-6
-4
0
2
1
1
-3
5
10
5
3
3
0
-4
-7
-6
-2
-1
5
9
2
-10
1
2
3
11
15
7
5
3
11
16
8
15
17
12
8
10
6
3
3
4
1
2
1
4
11
13
14
9
3
4
13
7
4
6
8
9
-3
10
17
1
7
7
4
14
4
0
0
3
10
6
4
-5
-1
15
-2
2
2
2
-2
-6
3
-10
-19
-13
-1
-12
-5
-4
-15
-8
-3
-4
3
-12
-10
2
-8
-11
-5
-6
-6
-7
-4
-3
-16
-10
-4
0
-13
-3
-10
-12
-2
-13
-3
-2
-6
0
10
-13
-9
-3
-6
-7
-9
-14
-11
-5
-10
5
-11
-12
-2
3
1
11
7
-3
9
6
11
-4
2
11
6
2
-4
-11
-1
1
-2
17
-11
-2
-7
-8
5
1
20
10
16
24
19
16
12
25
15
10
7
7
-2
-13
-8
3
1
-8
-3
3
11
1
5
14
9
16
9
7
5
8
0
-10
11
0
10
-4
-9
5
-7
-5
5
-7
-12
-9
-5
10
-3
-14
-4
-7
-11
-1
1
-13
-11
-4
-12
-13
-23
-1
-16
-6
-10
-14
-4
-12
-24
-11
-3
-15
-1
-9
-5
-14
-9
-6
-4
0
-3
-8
-9
-14
-5
-5
3
-11
4
-11
-14
0
-7
16
16
2
-1
9
9
18
6
3
3
0
5
7
5
4
-7
4
1
6
-10
10
-13
-11
-2
-13
-15
10
9
-14
12
9
6
8
3
-8
5
4
-2
7
-16
-20
-6
3
-5
-10
-7
-11
-13
-3
12
-7
9
32
-3
5
16
5
9
16
10
24
7
-4
18
3
-9
2
9
14
12
18
17
5
10
22
27
16
7
26
20
-11
10
22
24
1
11
18
11
11
17
-2
13
17
-11
16
12
-11
13
9
-15
22
7
-7
6
1
12
-3
-15
11
-3
0
-2
-5
3
-12
-19
-11
-9
3
-18
-22
-12
-9
-6
-8
-32
-5
0
-31
-11
-8
3
-18
-12
-1
0
-23
-20
-7
-11
-11
-16
-19
0
-22
-22
-1
-28
-11
14
-5
-18
6
-11
-9
2
-4
0
-7
-10
21
8
-10
3
-3
2
5
12
19
8
-1
24
13
0
13
18
19
5
6
4
11
-1
12
14
-8
-1
7
-5
10
-9
8
7
-10
-1
1
-8
-22
2
-23
-4
15
10
-13
2
9
13
12
-5
15
-6
-19
9
-8
-10
-8
-18
-7
11
-2
-11
4
-16
-5
-7
0
6
5
-7
16
9
-11
2
-2
0
0
-8
3
6
-21
0
9
-30
-6
8
-16
8
-8
1
19
-7
0
16
6
7
4
-12
12
21
-11
8
3
-4
11
-6
-18
14
-12
-21
-1
-11
-5
2
1
5
13
1
-7
6
14
1
-11
-2
4
3
-5
-27
-18
0
11
-7
-16
-4
-24
-6
10
19
-13
-3
-5
-7
11
-1
9
-7
15
-4
0
-12
12
20
-44
15
2
4
3
-16
11
17
-3
9
-13
-12
8
11
-12
0
6
21
6
-19
6
7
-14
-2
27
19
30
-22
8
38
-8
8
13
3
11
20
-2
1
8
-9
11
-8
-3
43
-9
-17
21
12
10
-1
2
2
-8
-12
-7
2
-16
1
-12
6
9
3
-13
20
6
6
14
-12
9
12
-25
-14
11
-15
-15
6
-16
-5
14
-34
-8
-3
3
25
-7
-33
14
10
-18
32
8
5
5
-11
19
3
-17
-5
15
-15
23
14
-11
2
-1
7
-2
5
6
22
-3
5
-3
14
13
-26
25
13
-19
7
-4
-8
29
-15
-17
8
2
-37
-3
10
-5
6
4
7
11
-4
-11
9
0
19
-11
-7
5
-12
-5
-18
-26
-8
14
-29
-5
15
-8
-23
-2
-1
0
3
-25
5
8
13
-1
-33
1
-1
-24
-15
13
-19
-14
2
-38
24
14
-55
4
30
-23
-11
-8
0
24
-23
4
20
0
-14
-10
26
4
17
13
21
-7
-2
40
-34
12
25
-10
-17
22
-8
-19
-9
-34
2
33
2
-21
17
-6
-11
5
2
7
-47
10
27
-28
21
0
-24
10
37
-13
-3
-13
-8
-4
-5
14
-13
-31
-36
31
-14
-4
23
-13
1
24
5
10
-27
-22
39
5
-12
35
5
-7
-8
36
6
-11
7
0
37
15
-21
-3
27
5
6
3
9
-22
-35
-6
2
-19
17
-6
-18
5
-2
25
9
-7
5
-13
16
8
-45
22
-26
-23
27
7
-14
-9
-14
23
5
-13
12
15
-15
11
-3
6
22
-7
-2
35
-19
4
38
-14
3
0
22
-26
8
25
-6
8
35
13
-14
26
40
-27
4
17
-28
22
23
-11
-11
-4
20
5
17
-8
-10
38
-5
-7
22
8
-29
-44
45
-23
-30
20
-21
0
13
-36
32
37
-47
-18
53
14
-54
32
6
-39
-11
16
-12
-45
-8
32
-17
12
-43
1
14
-44
0
21
-6
-36
-24
14
-7
-20
-22
-3
4
-56
-10
8
17
-21
6
45
4
-13
28
-17
14
22
3
25
-6
-33
43
14
-22
37
21
-14
14
3
51
11
-32
26
27
-12
-19
11
1
14
0
12
-3
-28
-7
6
1
-10
-2
-24
-11
-2
-4
25
-10
11
-2
7
-4
15
12
-23
-6
3
20
-18
-24
3
-18
-4
-2
-5
-12
-15
-3
13
1
-2
-6
-40
13
5
14
-10
22
27
-8
13
-12
20
16
-44
18
7
-38
-4
-13
-14
2
-24
20
-4
-30
17
-1
28
-5
-15
8
21
9
-13
6
-23
-3
12
-34
4
-3
-32
-60
-4
-4
-35
4
-34
-20
1
-13
12
14
-24
2
-17
34
21
-22
41
-9
-18
26
39
-37
13
37
-49
-9
12
14
18
-33
14
41
29
15
38
8
-26
15
-1
24
-29
-10
-4
-11
-7
27
20
-1
-11
-48
14
-6
-1
-8
2
35
-21
35
44
-1
-14
18
41
-10
5
-9
-16
19
-7
-44
15
6
-8
4
48
11
-23
22
-3
31
30
-21
7
7
-22
-5
25
21
-2
-5
26
-3
-50
24
-3
-31
47
29
2
34
-31
-35
53
-5
-11
22
26
-20
-37
29
31
-61
1
27
-3
-1
-2
7
24
-9
-10
33
-36
-10
-1
-9
-8
-11
13
-9
-24
-5
-13
-1
-5
-32
9
16
-35
17
16
-17
-33
-31
41
13
-26
-19
9
-46
-3
-3
-7
-18
3
-18
14
15
-15
18
10
0
-29
-4
-41
-3
7
-7
7
0
-8
0
-43
25
4
0
62
-37
-1
15
10
9
23
-1
23
-11
-38
12
25
-26
5
53
-10
20
20
1
46
-6
-27
49
-1
1
23
6
-11
11
-14
-15
-1
-9
18
-2
0
20
5
52
-14
-26
17
40
-61
-18
36
-54
-6
-17
-10
-2
1
-60
36
11
-31
11
-12
22
-9
1
5
-29
-2
17
13
12
40
-35
-20
18
-38
-19
14
15
-36
4
-13
-14
15
-6
-10
3
-51
8
16
-12
51
-58
0
28
-56
27
1
-24
9
-5
17
-20
-20
0
-18
1
-21
16
31
-49
-1
13
55
24
-39
27
5
1
-7
-46
39
-33
-11
37
-72
6
-21
12
65
-43
-14
28
-9
-9
30
56
-37
-39
19
6
-21
-33
26
-6
-44
5
-2
54
-15
-63
43
-15
-47
33
38
12
-14
27
51
-33
20
11
43
-29
-12
45
-33
34
-8
-32
41
-25
-21
76
-25
9
44
42
27
4
6
-42
-18
43
13
-3
30
15
13
32
33
5
-3
-9
-33
21
9
-2
20
-18
-10
15
8
-17
55
-15
3
15
-3
-52
-26
18
-11
0
5
-23
1
-1
-7
40
-30
9
52
5
-41
-45
-7
16
-27
-2
6
-12
-17
-40
14
53
-15
-30
43
15
-12
-40
19
28
-38
15
8
-3
-53
-34
40
-21
-70
22
-4
-14
12
23
25
-41
-37
40
47
10
4
5
-25
-46
25
-2
-29
-8
-34
17
-2
-8
-7
16
-1
-25
4
55
10
-44
45
-24
-8
59
7
-23
-32
-32
62
-21
-78
5
-3
-36
38
11
-12
-32
-17
73
5
-4
8
5
-12
-8
11
24
-22
7
-2
33
-11
-46
29
-1
-13
15
25
7
-25
12
12
23
-57
-28
9
5
-4
-9
-6
-15
11
21
25
-29
-9
4
6
34
-23
29
9
-30
25
42
-12
-30
-9
-10
38
-18
-7
50
21
-6
-19
-19
23
-20
-27
16
6
-31
38
16
-18
-9
-23
43
27
-11
-15
10
-31
11
17
14
19
-28
-24
37
-16
-21
16
0
-25
-12
21
1
-55
-13
13
-10
-11
-41
16
-12
-18
13
-6
8
1
-4
28
-40
-28
24
-1
-14
-22
50
1
-16
24
-1
-18
15
30
13
-9
-26
5
21
-19
3
18
-40
1
22
14
-8
-33
23
21
16
-3
1
33
-11
19
20
-7
6
5
-10
18
0
-7
41
-3
6
-21
-7
-5
27
5
25
-7
-27
29
-36
-39
25
-5
18
-25
-24
38
-13
-15
3
25
-11
6
-5
-18
-9
24
-3
23
-11
-32
5
30
-49
16
33
-34
12
-3
9
55
-21
-20
63
-42
27
49
5
-7
-24
-4
20
12
-9
5
-13
-43
38
-25
3
22
-19
48
18
-45
32
-2
-53
27
41
-40
4
9
-44
38
-23
-16
-5
-25
23
4
-31
48
-43
-30
25
-12
11
-8
-8
-31
-9
-6
-4
33
-28
-22
18
-10
44
-18
-7
23
-10
20
-27
41
-18
-22
42
-4
42
-1
-8
60
-49
-39
24
-42
26
-43
-10
28
-47
5
36
10
-14
13
8
7
72
-38
-16
20
-40
-18
37
-18
-12
-28
27
17
-53
21
12
-31
24
6
47
-8
-15
33
-1
-2
-2
21
-36
5
-23
-33
9
37
-11
-42
-7
3
-26
8
15
-35
11
-3
-10
26
-22
-11
17
-13
-56
26
17
-67
48
-26
-26
10
-30
-1
18
36
6
-51
18
7
6
14
15
19
44
-17
16
-17
-23
17
13
-7
11
3
-46
26
-3
10
36
-3
2
42
-14
-9
36
-23
-6
22
-27
29
-25
-24
17
-16
-49
-25
-27
2
37
-32
8
-11
-33
43
35
-16
-36
-19
-10
-6
63
-41
22
2
-31
1
26
-50
9
-43
-25
68
-38
22
26
-20
-12
55
20
-3
15
-6
43
61
-86
-3
41
-1
7
-4
12
13
-31
4
30
-70
2
24
34
-6
-6
32
51
9
-17
81
10
-36
40
-18
-16
-29
13
64
12
-90
12
-4
-3
22
-25
13
-32
-18
39
27
-41
0
31
-11
-14
11
-14
15
15
5
-10
-50
-30
-18
5
40
-39
-29
44
-19
-17
13
-15
-2
22
-8
5
30
-10
-5
34
15
-7
20
16
-23
5
23
14
-32
-9
11
-3
-8
22
-4
1
21
-46
15
12
-14
4
3
14
-3
-4
-9
4
-8
0
4
16
-25
-23
18
-2
15
27
11
23
-53
-18
9
-20
5
5
3
-26
15
8
13
-20
-3
-4
-6
29
2
-18
-21
-5
-41
-20
4
-38
3
39
-8
-19
-4
-22
29
-33
-9
20
-4
-5
-27
-11
32
13
-19
-5
-5
10
-29
-31
1
-19
22
37
1
-19
-51
10
-14
-3
7
-6
16
-2
1
59
5
-42
26
32
42
37
-19
27
-25
-39
-4
13
24
23
-16
38
-25
-81
14
34
-9
4
38
-31
17
-44
-5
65
-43
15
95
2
-26
-28
9
-4
3
0
27
11
-53
-5
17
-9
-17
17
-1
10
-59
-11
28
-43
-18
0
17
6
-10
-2
-10
-27
-47
47
29
-44
8
5
-29
-21
9
-8
9
6
7
38
9
-54
-18
4
-6
16
2
31
-6
-30
23
33
-19
-3
-31
29
36
-10
-2
2
-19
-1
3
-10
20
6
23
53
13
-15
10
-3
11
17
0
-4
-4
-15
7
40
-16
-11
15
10
34
-8
18
47
-28
7
17
-19
38
-12
-33
50
6
-19
10
12
-3
41
0
-19
-8
-29
31
11
-28
14
-10
-38
3
-23
-7
29
-16
13
34
-15
-8
0
-22
-13
23
1
4
-3
-35
-17
-7
-5
23
5
-25
7
-13
-22
3
-30
-14
-41
-37
32
11
-32
-4
-16
-7
-17
-5
-2
4
-7
-29
3
-3
13
-8
-44
-23
4
-8
21
-23
-16
-3
0
25
23
-11
-8
16
6
39
32
-26
3
-9
1
35
-28
-16
15
8
2
23
19
9
19
-15
19
62
10
28
44
-3
42
45
18
40
22
32
28
25
23
38
-2
19
31
24
31
40
43
72
56
32
61
23
32
32
19
23
4
0
-1
-32
-22
-30
-49
-51
-77
-40
-76
-96
-93
-88
-81
-88
-86
-84
-107
-96
-66
-99
-97
-114
-94
-104
-99
-90
-86
-82
-80
-73
-59
-45
-58
-42
-35
-25
-39
-20
-34
-1
18
0
20
10
14
-6
-7
2
5
4
30
56
63
77
66
80
107
126
130
115
98
86
105
130
122
136
107
96
173
290
333
330
294
295
340
372
436
441
416
340
305
304
279
224
124
35
0
-39
-79
-170
-262
-355
-413
-432
-419
-430
-501
-495
-496
-514
-494
-476
-479
-448
-421
-418
-347
-297
-288
-240
-238
-210
-138
-83
-47
1
-2
57
77
83
135
168
196
181
173
148
148
157
178
215
255
241
178
118
103
170
178
181
183
124
73
36
48
21
-30
-25
-23
-2
12
-12
-56
-107
-128
-123
-65
-52
-80
-117
-130
-164
-140
-146
-169
-185
-267
-223
-199
-161
-174
-183
-168
-145
-88
-43
19
36
32
100
187
228
275
293
323
343
317
305
352
425
464
509
550
698
895
1013
1018
942
948
1016
1104
1095
1034
912
699
454
310
225
53
-242
-489
-645
-770
-916
-1097
-1177
-1282
-1400
-1380
-1273
-1206
-1187
-1172
-1075
-959
-836
-708
-584
-507
-451
-324
-209
-91
-16
37
76
85
122
163
192
177
131
97
98
82
46
45
26
-78
-176
-196
-194
-181
-162
-148
-157
-193
-190
-153
-39
81
159
285
466
700
898
1003
1030
1036
1053
1091
1133
1084
947
727
483
286
118
-64
-289
-483
-638
-778
-876
-945
-984
-1033
-997
-911
-786
-671
-607
-491
-403
-260
-96
54
197
255
338
398
454
519
589
642
659
661
625
616
570
520
462
384
313
224
191
209
224
218
263
460
803
1002
978
816
714
720
784
790
766
631
329
19
-154
-305
-505
-765
-940
-1011
-1082
-1150
-1261
-1344
-1414
-1388
-1263
-1065
-903
-773
-674
-593
-489
-285
-167
-110
-57
-17
62
140
158
186
167
73
7
7
-11
-62
-135
-236
-249
-257
-260
-193
-136
-152
-207
-252
-179
-63
63
141
190
146
140
167
214
331
397
474
492
534
592
734
947
1059
1038
917
795
736
622
482
346
100
-173
-419
-620
-771
-946
-1096
-1164
-1118
-1044
-943
-828
-686
-522
-272
-9
232
412
544
666
769
905
959
948
892
777
665
587
473
351
175
14
-80
-178
-241
-320
-442
-531
-543
-484
-416
-358
-302
-223
-54
143
438
871
1289
1414
1278
1083
1094
1230
1220
1121
968
679
309
-81
-353
-577
-887
-1189
-1363
-1379
-1410
-1498
-1566
-1614
-1562
-1395
-1147
-833
-562
-372
-183
68
260
388
509
578
633
693
711
702
615
468
292
125
-25
-141
-248
-380
-573
-747
-820
-837
-809
-768
-661
-626
-674
-692
-534
-248
3
173
244
287
337
426
614
784
921
921
869
818
785
731
686
732
846
881
722
462
168
-11
-165
-285
-357
-468
-681
-915
-1030
-1017
-986
-977
-840
-651
-441
-250
-56
145
297
482
647
808
882
890
853
758
646
519
393
226
27
-163
-347
-529
-651
-707
-722
-745
-763
-729
-647
-543
-455
-278
-106
46
209
367
556
706
900
1281
1752
2053
1981
1627
1371
1386
1426
1312
1012
607
129
-363
-750
-965
-1122
-1460
-1739
-1805
-1705
-1592
-1563
-1521
-1342
-1122
-849
-454
-42
322
568
698
860
996
1021
996
923
844
696
493
251
-11
-260
-558
-820
-1008
-1137
-1216
-1327
-1429
-1465
-1446
-1327
-1117
-845
-536
-304
-205
-74
160
529
883
1084
1149
1096
1015
1008
1083
1135
1078
878
650
380
207
101
-55
-200
-318
-244
-76
-40
-258
-511
-640
-530
-314
-67
111
52
-97
-210
-151
47
181
246
359
399
413
380
352
297
224
184
189
202
111
-101
-335
-484
-578
-580
-556
-558
-649
-756
-785
-708
-544
-388
-254
-184
-145
-116
14
179
327
470
579
671
764
848
936
1046
1197
1511
1931
2102
1842
1375
1050
952
881
732
491
154
-288
-722
-986
-1074
-1202
-1409
-1474
-1371
-1191
-1033
-934
-820
-657
-431
-91
282
622
795
776
725
684
610
507
354
134
-77
-356
-623
-874
-1097
-1342
-1549
-1642
-1585
-1447
-1399
-1396
-1369
-1224
-952
-574
-181
138
303
344
335
438
710
989
1138
1055
847
666
521
410
345
306
198
48
-104
-212
-317
-403
-440
-385
-181
150
472
648
604
485
506
660
846
965
1003
841
535
224
24
-54
-139
-216
-231
-279
-378
-523
-658
-718
-664
-548
-347
-222
-267
-368
-485
-477
-315
-127
-3
3
-81
-144
-155
-125
-66
6
62
93
135
166
143
126
155
273
486
609
642
616
598
730
1039
1585
1982
1975
1550
1126
1011
1109
1135
929
614
250
-160
-499
-698
-829
-1031
-1259
-1288
-1132
-976
-907
-938
-901
-723
-511
-203
71
289
348
296
229
236
206
53
-105
-270
-458
-670
-868
-1049
-1205
-1409
-1517
-1545
-1490
-1391
-1256
-1115
-1003
-850
-639
-366
-49
269
460
501
435
516
720
963
1090
993
767
550
426
405
476
504
381
130
-74
-160
-155
-105
-35
35
118
304
619
849
841
702
604
644
780
847
782
581
213
-130
-332
-325
-299
-402
-488
-583
-667
-723
-738
-672
-540
-385
-246
-109
-60
-108
-154
-152
-39
110
166
124
-23
-147
-220
-204
-118
-71
-106
-163
-177
-123
-6
90
166
267
434
536
622
697
779
950
1212
1650
2088
2196
1843
1300
1003
1042
1115
1009
680
216
-319
-768
-1021
-1110
-1192
-1372
-1482
-1434
-1283
-1187
-1130
-1044
-832
-556
-280
36
356
521
548
479
424
421
389
291
118
-142
-445
-752
-984
-1136
-1278
-1438
-1588
-1607
-1548
-1405
-1294
-1224
-1146
-957
-645
-278
86
323
337
233
281
560
936
1129
1097
867
624
465
425
483
479
373
187
27
-85
-160
-192
-171
-141
-44
156
407
688
852
820
699
653
759
896
944
819
537
180
-141
-306
-293
-277
-370
-523
-656
-746
-767
-710
-576
-390
-222
-83
-25
-54
-87
-69
56
178
259
256
160
11
-116
-161
-107
-33
-15
-43
-62
-45
-15
36
128
260
422
551
634
689
711
783
870
1031
1338
1711
1939
1781
1303
856
710
773
769
524
166
-248
-676
-974
-1123
-1184
-1288
-1391
-1406
-1278
-1091
-1014
-966
-860
-634
-338
-11
285
464
509
426
395
414
377
264
61
-174
-445
-719
-980
-1207
-1401
-1558
-1620
-1604
-1480
-1391
-1338
-1311
-1216
-987
-621
-216
120
369
449
448
456
645
938
1176
1208
1079
846
580
379
280
290
287
182
-22
-228
-352
-381
-344
-184
-26
166
312
536
817
997
1053
982
931
961
1028
1041
943
661
278
-44
-172
-206
-271
-443
-667
-805
-856
-756
-659
-602
-554
-502
-433
-312
-197
-135
-87
-50
21
127
175
128
61
-24
-42
-7
99
198
203
100
22
95
241
320
331
362
437
506
574
671
756
783
786
955
1382
1774
1756
1326
867
673
687
692
564
283
-90
-511
-849
-991
-1027
-1112
-1280
-1315
-1199
-1012
-920
-879
-755
-556
-304
-42
189
361
406
331
242
209
160
36
-183
-406
-691
-987
-1246
-1387
-1453
-1483
-1533
-1578
-1523
-1454
-1317
-1160
-909
-632
-326
-53
208
449
574
609
689
854
1051
1181
1165
1021
753
492
304
273
323
311
183
-42
-229
-341
-313
-203
-72
65
173
311
488
707
941
1101
1113
1072
1000
962
925
766
533
231
-68
-345
-561
-712
-881
-1045
-1144
-1116
-1029
-961
-911
-798
-633
-427
-234
-29
144
221
282
404
550
656
628
475
356
276
259
287
269
190
51
-58
-32
53
146
145
95
102
245
390
512
582
570
605
660
915
1341
1779
1870
1513
1010
714
708
795
742
526
154
-319
-735
-999
-1066
-1113
-1230
-1307
-1301
-1209
-1128
-1115
-1014
-806
-560
-353
-126
100
243
211
116
99
95
17
-153
-349
-529
-762
-1016
-1186
-1277
-1354
-1443
-1504
-1465
-1349
-1266
-1170
-1034
-840
-598
-301
8
316
532
610
637
707
863
1054
1208
1197
1039
789
557
447
474
524
488
336
137
-4
-58
-47
0
58
93
140
251
444
763
1082
1146
1000
785
697
759
805
695
464
81
-333
-628
-727
-722
-814
-965
-1083
-1096
-1011
-868
-712
-519
-293
-75
104
296
405
495
550
616
752
779
684
495
317
188
83
32
45
5
-24
-102
-182
-220
-191
-139
-34
142
284
369
390
386
436
524
616
775
1011
1389
1664
1652
1289
809
579
604
715
715
485
93
-412
-845
-1046
-1060
-1088
-1221
-1383
-1424
-1349
-1261
-1185
-1095
-982
-837
-632
-400
-182
-45
-68
-146
-188
-173
-127
-177
-333
-589
-865
-1049
-1075
-1015
-1015
-1124
-1252
-1290
-1186
-972
-752
-543
-397
-254
-35
251
558
742
756
699
767
1004
1259
1371
1229
955
689
552
561
632
643
508
259
56
-34
-46
-47
-61
-28
7
91
207
391
699
959
958
849
725
679
699
604
483
309
4
-327
-590
-715
-780
-911
-1010
-1003
-938
-812
-727
-630
-500
-336
-152
22
239
378
491
545
603
688
659
562
434
351
275
149
76
38
21
-26
-109
-199
-197
-181
-176
-100
19
118
222
279
336
419
444
475
615
1015
1557
1882
1776
1342
887
738
777
835
789
556
139
-379
-866
-1190
-1326
-1461
-1581
-1657
-1602
-1525
-1522
-1546
-1532
-1381
-1136
-781
-426
-104
64
12
-47
-70
-10
63
69
-15
-163
-422
-657
-809
-913
-961
-1041
-1083
-1016
-903
-818
-781
-755
-588
-316
3
356
619
699
614
578
752
1104
1398
1498
1395
1120
816
653
657
760
784
626
399
181
46
22
-6
-57
-111
-124
-44
94
237
364
559
654
595
491
421
432
435
330
215
66
-129
-368
-521
-558
-566
-626
-649
-624
-568
-470
-458
-374
-190
-12
111
253
385
490
497
441
458
492
443
335
201
123
29
-70
-157
-224
-282
-318
-334
-287
-199
-177
-173
-95
26
139
266
345
424
491
556
712
1038
1485
1788
1776
1482
1073
799
735
747
656
376
-1
-450
-855
-1170
-1402
-1584
-1748
-1869
-1829
-1672
-1496
-1381
-1346
-1245
-1008
-699
-372
-47
229
373
368
336
315
232
95
-31
-128
-196
-329
-542
-774
-980
-1119
-1168
-1105
-989
-871
-784
-713
-607
-481
-298
-98
182
453
643
778
868
979
1066
1087
1073
1026
971
891
784
695
599
489
364
258
202
173
145
82
65
53
11
-7
49
232
541
750
694
483
272
215
328
435
471
370
104
-158
-324
-351
-321
-332
-390
-413
-410
-344
-295
-283
-179
-87
-29
71
123
153
172
177
187
203
169
33
-143
-260
-302
-319
-308
-287
-270
-237
-239
-232
-93
35
87
137
239
373
465
469
481
565
615
609
645
857
1209
1463
1474
1207
858
580
414
387
380
304
44
-322
-771
-1140
-1353
-1489
-1550
-1560
-1512
-1430
-1379
-1353
-1256
-1125
-976
-810
-568
-214
105
297
310
180
14
-108
-136
-41
59
-7
-205
-475
-681
-749
-764
-765
-722
-684
-655
-636
-554
-427
-304
-183
-21
209
403
527
556
579
684
816
910
964
958
866
758
668
679
751
808
748
608
481
383
307
217
179
175
173
139
112
156
322
472
490
421
321
304
344
345
307
244
74
-137
-286
-333
-324
-373
-452
-547
-552
-490
-405
-311
-230
-174
-166
-156
-103
3
105
136
73
-10
-83
-145
-160
-170
-149
-150
-194
-192
-128
11
66
54
66
85
182
296
361
394
375
312
283
338
413
468
473
565
808
1091
1264
1174
864
548
381
367
440
441
304
-9
-477
-883
-1130
-1211
-1241
-1315
-1378
-1365
-1283
-1200
-1172
-1144
-1087
-1000
-842
-540
-168
105
179
60
-97
-188
-127
-41
62
125
28
-140
-331
-442
-472
-494
-523
-505
-459
-397
-395
-393
-341
-301
-210
-91
69
240
351
401
447
537
651
752
818
824
801
775
800
844
922
916
815
658
520
436
420
437
448
383
248
97
9
63
265
459
448
245
-11
-105
-95
-53
-78
-168
-281
-419
-501
-460
-379
-354
-421
-481
-431
-247
-64
38
67
35
-44
-76
0
113
199
202
136
16
-69
-125
-151
-203
-250
-325
-357
-269
-174
-125
-164
-277
-328
-226
-62
87
172
186
132
98
100
211
390
473
517
604
870
1230
1404
1280
983
733
638
648
689
719
575
193
-295
-682
-849
-886
-966
-1150
-1303
-1400
-1415
-1364
-1257
-1095
-1024
-1022
-997
-780
-421
-85
103
152
138
95
77
93
163
223
224
152
89
10
-100
-206
-333
-411
-467
-433
-358
-253
-192
-214
-277
-331
-308
-208
-33
132
278
368
424
425
381
385
421
468
575
716
846
889
793
640
506
468
510
576
593
543
426
364
376
444
449
329
172
-1
-81
-96
-99
-112
-244
-442
-600
-659
-603
-521
-443
-423
-384
-336
-251
-101
18
90
104
142
209
366
491
525
445
255
77
-21
-45
-52
-89
-203
-341
-474
-556
-562
-534
-460
-405
-363
-305
-265
-202
-144
-105
-26
57
160
228
266
308
330
397
575
875
1238
1461
1454
1251
1050
987
1000
1019
949
779
526
197
-152
-439
-647
-851
-1078
-1269
-1349
-1355
-1358
-1342
-1305
-1245
-1195
-1133
-993
-708
-403
-191
-55
5
68
86
105
118
179
223
188
144
125
107
33
-93
-245
-318
-330
-301
-292
-283
-291
-314
-342
-309
-262
-255
-230
-193
-47
100
184
218
192
190
221
321
460
594
677
666
587
553
545
540
541
543
585
661
704
730
709
638
520
389
295
255
220
119
-62
-277
-465
-637
-742
-818
-789
-724
-648
-583
-513
-397
-262
-116
12
139
266
374
462
524
537
488
340
177
49
22
-6
-65
-135
-265
-402
-535
-584
-575
-511
-454
-437
-411
-404
-383
-347
-287
-211
-110
10
130
252
360
434
490
560
652
804
1038
1255
1346
1292
1162
1083
1019
958
864
720
543
326
79
-152
-344
-541
-712
-880
-1012
-1087
-1113
-1123
-1112
-1052
-1000
-955
-909
-855
-743
-574
-416
-264
-189
-129
-106
-114
-92
-90
-69
-25
33
75
84
42
-13
-62
-88
-93
-82
-86
-56
-9
30
33
-16
-89
-155
-186
-185
-120
-56
-28
-62
-133
-185
-195
-154
-86
-24
49
87
170
280
440
586
676
764
847
981
1094
1185
1240
1246
1150
1011
851
703
525
291
43
-149
-291
-431
-575
-730
-863
-934
-946
-885
-777
-635
-517
-428
-348
-237
-85
28
112
150
173
201
220
224
222
156
86
-6
-118
-183
-222
-235
-243
-252
-284
-315
-347
-362
-358
-341
-285
-219
-136
-72
26
95
111
114
146
200
275
368
499
673
868
1033
1101
1102
1067
1058
1056
1053
1030
961
877
741
561
384
201
8
-232
-423
-562
-644
-721
-813
-918
-1021
-1131
-1238
-1304
-1293
-1175
-1023
-922
-898
-912
-913
-880
-770
-601
-438
-315
-280
-256
-206
-113
3
88
111
94
69
70
118
183
228
237
199
94
-28
-96
-107
-85
-56
-34
-50
-93
-109
-127
-99
-43
72
238
375
496
565
617
683
716
772
848
910
971
998
1011
1001
947
868
772
651
534
416
268
89
-115
-298
-435
-507
-566
-628
-710
-791
-825
-796
-673
-524
-370
-284
-248
-241
-234
-170
-78
19
47
42
-24
-124
-195
-220
-221
-224
-253
-271
-269
-250
-231
-205
-161
-120
-105
-83
-51
22
116
202
288
331
341
287
258
254
312
368
381
419
444
541
663
826
942
963
955
976
1062
1127
1123
1042
915
768
623
510
428
334
153
-121
-419
-639
-740
-775
-837
-954
-1105
-1281
-1411
-1433
-1363
-1274
-1261
-1276
-1280
-1237
-1156
-1072
-960
-874
-788
-683
-603
-490
-380
-269
-156
-61
30
98
135
152
141
183
276
349
382
333
249
152
107
112
142
175
170
179
185
188
202
223
284
336
426
519
604
667
655
652
618
602
624
649
712
800
851
872
847
757
671
538
433
344
237
128
34
-61
-158
-265
-385
-463
-535
-570
-544
-438
-333
-258
-243
-284
-311
-343
-343
-304
-244
-197
-183
-213
-272
-360
-424
-449
-447
-407
-361
-332
-299
-269
-207
-168
-125
-80
-26
52
144
236
281
328
370
403
419
427
433
449
452
457
486
478
481
474
494
622
816
994
1068
1056
982
942
905
868
873
857
765
601
421
232
16
-235
-513
-727
-884
-1019
-1114
-1236
-1366
-1478
-1588
-1669
-1658
-1599
-1527
-1447
-1367
-1262
-1152
-1043
-933
-828
-708
-574
-465
-379
-315
-256
-204
-131
-44
1
-1
-14
-28
12
119
211
290
333
355
366
398
452
539
604
619
656
681
705
706
679
670
663
650
643
624
612
583
554
506
466
437
395
380
397
438
506
560
612
643
630
592
512
447
393
361
313
232
126
10
-124
-284
-420
-535
-618
-668
-704
-710
-713
-744
-761
-782
-818
-787
-717
-629
-529
-462
-399
-361
-321
-267
-198
-146
-75
-13
40
92
145
222
260
280
296
302
323
337
358
391
389
389
358
355
358
354
382
406
412
402
392
392
426
490
606
749
870
938
929
918
876
810
690
559
465
349
218
43
-170
-374
-569
-739
-913
-1073
-1162
-1229
-1286
-1304
-1316
-1346
-1400
-1469
-1481
-1402
-1291
-1185
-1097
-1037
-981
-943
-896
-818
-710
-631
-573
-489
-380
-244
-137
-39
50
110
181
286
432
602
736
817
881
887
879
833
784
798
816
831
826
760
684
594
504
450
430
424
424
437
470
497
492
459
425
412
439
488
540
577
613
613
622
646
676
705
634
499
334
193
59
-67
-217
-356
-519
-659
-780
-880
-897
-900
-887
-874
-823
-757
-696
-618
-537
-446
-380
-343
-305
-261
-217
-183
-183
-170
-169
-158
-167
-176
-161
-141
-94
-53
-7
77
151
208
268
321
362
413
470
530
595
634
668
650
608
560
535
485
434
405
358
328
252
190
202
304
401
453
457
425
391
386
381
363
326
233
119
-20
-144
-268
-392
-532
-719
-906
-1063
-1186
-1254
-1285
-1328
-1390
-1488
-1568
-1575
-1499
-1388
-1287
-1192
-1117
-1029
-918
-780
-620
-462
-331
-218
-74
88
248
401
498
583
610
640
687
741
823
863
881
871
864
850
817
770
718
698
681
660
611
569
536
466
436
457
477
517
535
551
598
594
579
553
533
475
379
329
280
264
268
227
204
168
135
120
77
11
-65
-144
-231
-314
-400
-491
-578
-664
-726
-782
-826
-831
-832
-824
-805
-755
-673
-619
-566
-508
-458
-420
-353
-279
-191
-111
-36
25
76
133
155
174
166
196
251
308
383
409
408
383
350
346
343
346
338
319
310
299
287
252
203
169
124
116
162
219
252
254
219
187
174
185
259
333
422
498
502
424
316
218
151
61
-2
-68
-158
-249
-396
-527
-661
-767
-873
-981
-1051
-1076
-1091
-1132
-1151
-1125
-1086
-1042
-988
-927
-831
-715
-585
-474
-356
-251
-161
-62
35
132
210
270
333
393
467
561
628
668
703
708
705
710
730
764
811
854
847
807
727
650
604
558
547
517
476
442
385
353
307
241
188
124
74
42
59
87
98
108
97
61
6
-30
-65
-74
-80
-87
-81
-95
-116
-130
-170
-214
-263
-318
-394
-455
-495
-532
-573
-639
-713
-758
-783
-786
-733
-671
-609
-539
-472
-383
-294
-203
-109
-19
81
173
245
309
358
381
375
343
311
318
328
330
333
317
304
262
231
220
222
231
227
227
232
215
208
182
175
180
188
193
188
164
137
133
133
123
94
54
18
-34
-84
-109
-86
-4
87
165
190
138
89
42
-4
-28
-74
-97
-136
-199
-258
-327
-418
-512
-612
-710
-741
-744
-732
-689
-670
-645
-640
-637
-588
-510
-374
-240
-111
-6
89
169
208
237
289
339
389
443
484
499
491
442
386
344
290
275
254
260
277
271
268
237
205
189
153
159
191
239
270
268
237
205
188
166
157
122
92
47
36
20
0
-35
-89
-150
-195
-208
-204
-219
-221
-232
-248
-260
-281
-265
-237
-195
-153
-107
-61
-30
-35
-61
-107
-138
-151
-145
-156
-170
-168
-177
-196
-216
-216
-215
-166
-114
-45
40
106
158
201
211
201
209
241
290
332
336
319
293
240
187
129
86
46
32
41
60
93
106
108
83
66
68
77
103
113
130
156
139
122
91
50
36
27
30
4
-13
-44
-75
-91
-121
-153
-163
-83
61
236
341
344
299
241
205
194
222
241
251
212
115
3
-105
-200
-284
-384
-455
-511
-522
-523
-501
-486
-510
-547
-586
-568
-488
-367
-248
-185
-144
-126
-94
-55
-32
-16
-7
25
51
115
192
218
221
188
149
102
78
74
86
135
164
179
152
84
30
-10
4
34
68
107
103
52
-21
-101
-152
-157
-142
-99
-84
-82
-72
-84
-88
-105
-104
-73
-41
22
74
111
140
115
93
49
46
55
102
172
227
283
331
343
298
244
197
184
160
119
105
88
45
-5
-97
-165
-205
-234
-228
-194
-131
-68
-31
-17
-5
-4
13
19
48
104
129
131
128
108
45
-25
-90
-141
-131
-96
-43
-17
-8
-18
-54
-86
-94
-57
9
75
127
144
162
150
128
111
88
94
85
115
128
132
113
81
27
-3
-2
6
76
209
376
519
559
517
469
429
423
428
405
379
325
212
97
-45
-188
-343
-503
-628
-685
-712
-718
-713
-724
-749
-790
-819
-786
-703
-590
-483
-393
-319
-262
-237
-216
-207
-162
-124
-81
-15
2
17
13
-8
-57
-84
-108
-94
-76
-5
63
98
122
96
51
6
-11
5
46
102
151
150
104
27
-45
-77
-49
16
110
180
218
221
205
211
229
259
283
334
374
417
455
484
507
483
431
386
369
372
360
358
359
356
383
401
375
278
167
63
10
-11
-28
-45
-125
-223
-342
-423
-463
-457
-440
-417
-377
-330
-271
-215
-156
-117
-100
-75
-44
4
72
98
108
78
15
-37
-83
-97
-102
-114
-131
-150
-127
-95
-66
-47
-62
-70
-47
-15
56
110
167
171
170
160
158
195
216
271
302
321
315
308
290
301
291
282
301
372
536
656
698
639
529
427
359
309
257
182
70
-75
-259
-423
-572
-732
-888
-1033
-1131
-1187
-1173
-1149
-1137
-1133
-1156
-1157
-1115
-983
-812
-591
-430
-324
-252
-198
-127
-66
27
125
241
320
382
401
394
376
301
246
227
227
253
266
238
194
127
69
19
3
5
41
87
128
169
200
209
215
203
207
268
348
469
562
608
622
599
577
572
576
600
631
628
584
525
456
389
293
178
66
-12
-42
-76
-120
-206
-311
-431
-501
-495
-399
-274
-196
-206
-278
-339
-361
-356
-353
-325
-313
-321
-321
-314
-294
-277
-295
-295
-280
-174
-56
40
117
146
108
50
14
18
85
142
183
191
150
90
38
-3
-26
-24
-11
44
110
186
238
249
233
212
224
290
383
462
535
548
487
427
378
331
297
262
228
188
140
66
-36
-148
-254
-332
-379
-327
-198
-54
7
-65
-183
-278
-307
-289
-249
-210
-219
-289
-411
-519
-575
-635
-718
-787
-826
-789
-723
-648
-611
-599
-594
-594
-542
-433
-256
-106
6
75
117
154
211
238
269
302
341
391
422
439
433
385
335
278
258
275
274
285
266
252
245
240
217
193
179
177
194
224
241
247
228
199
178
181
212
245
286
311
290
255
219
189
154
138
141
128
104
72
39
5
-21
-62
-98
-145
-179
-216
-236
-250
-293
-323
-368
-388
-355
-301
-193
-70
29
75
59
21
39
106
157
202
220
186
134
96
78
70
61
69
64
69
121
154
161
148
116
73
79
95
136
182
177
146
79
16
-39
-71
-96
-90
-88
-93
-65
-85
-110
-158
-200
-223
-239
-213
-171
-140
-147
-178
-219
-250
-247
-205
-197
-191
-200
-194
-156
-116
-91
-95
-137
-172
-171
-124
-27
113
269
397
462
444
382
345
362
369
361
311
257
156
35
-103
-214
-303
-394
-475
-519
-527
-548
-566
-622
-645
-611
-545
-474
-392
-274
-147
-53
7
34
70
86
111
146
199
259
288
268
217
145
84
37
15
23
26
21
-8
-40
-63
-83
-78
-47
-55
-57
-60
-24
53
114
160
171
177
183
201
273
379
452
483
466
435
411
402
405
414
378
343
302
265
252
228
171
88
1
-55
-69
-55
-29
-58
-114
-190
-256
-271
-240
-175
-129
-61
5
113
265
369
409
367
303
286
333
377
395
342
204
44
-103
-192
-254
-304
-352
-405
-448
-490
-524
-564
-602
-625
-635
-601
-551
-457
-371
-353
-385
-403
-399
-358
-283
-209
-133
-78
-49
-28
-8
29
74
125
173
222
280
355
399
376
345
303
267
283
300
315
322
285
249
228
233
203
150
114
106
133
175
239
325
456
544
535
451
342
299
292
272
235
158
38
-117
-297
-439
-542
-623
-708
-786
-853
-896
-926
-969
-986
-964
-919
-861
-764
-643
-510
-400
-314
-254
-180
-81
-3
85
181
256
307
324
335
338
353
381
386
386
409
419
418
412
371
359
360
369
373
355
351
346
375
395
395
370
341
321
299
349
394
461
487
440
376
295
283
279
273
253
195
121
48
-11
-73
-127
-184
-256
-308
-359
-378
-412
-428
-444
-493
-505
-521
-486
-462
-422
-376
-337
-277
-211
-105
61
192
234
211
154
170
219
254
268
212
89
-63
-175
-211
-222
-224
-253
-333
-399
-414
-409
-404
-388
-356
-309
-246
-188
-96
12
51
45
47
81
158
228
286
318
305
274
216
187
206
223
238
231
225
225
224
184
120
87
45
59
79
90
60
16
-41
-65
-52
-29
-17
-31
-37
-41
-33
-25
-5
-30
-30
23
158
293
320
238
114
41
38
77
80
43
-59
-190
-319
-420
-452
-467
-501
-568
-617
-623
-593
-557
-528
-495
-429
-325
-217
-68
89
202
256
279
333
422
524
589
578
543
507
470
443
439
395
322
234
164
125
73
25
-51
-99
-152
-157
-143
-162
-209
-261
-271
-239
-153
-62
-13
-17
-59
-84
-67
-25
40
96
103
70
43
40
68
76
49
16
-18
-25
-24
-23
-42
-87
-143
-192
-192
-171
-143
-128
-129
-147
-149
-104
-52
2
51
77
112
162
206
286
362
451
579
663
660
573
462
406
402
368
316
211
47
-125
-286
-398
-438
-482
-532
-556
-568
-518
-467
-453
-422
-376
-294
-175
-71
21
85
87
45
64
88
123
130
85
31
-8
-30
-35
-20
-35
-35
-48
-27
17
42
55
73
68
84
112
156
204
219
183
146
125
161
218
254
267
245
200
181
174
181
192
185
167
161
202
290
368
361
260
134
71
64
74
50
-24
-155
-302
-410
-483
-539
-582
-628
-694
-724
-706
-656
-607
-579
-566
-531
-480
-387
-279
-177
-93
-64
-65
-68
-33
3
34
52
24
11
-1
27
37
28
0
-38
-30
-1
35
43
59
53
49
77
137
187
231
243
258
297
353
401
408
382
323
283
276
306
346
345
310
251
200
168
166
170
156
135
94
47
19
-8
-1
-30
-81
-90
-92
-75
-68
-88
-117
-163
-172
-136
-93
-48
-27
16
76
135
181
190
184
199
215
233
236
205
162
87
21
-31
-59
-107
-158
-186
-214
-238
-267
-261
-239
-201
-183
-170
-168
-142
-105
-73
-40
-5
13
27
34
9
-10
-38
-40
-40
-33
-15
-23
-45
-53
-57
-37
-27
-7
23
42
74
73
79
71
59
36
48
71
86
84
57
40
19
-2
-8
-6
-1
15
-6
-6
1
-14
-23
-68
-89
-100
-111
-119
-130
-78
2
51
44
-35
-88
-88
-60
-35
-52
-89
-154
-235
-301
-310
-303
-302
-335
-383
-400
-389
-369
-337
-291
-221
-152
-113
-68
-15
29
97
149
204
278
319
332
350
355
362
372
370
371
342
308
265
234
213
189
137
105
80
68
78
79
69
54
29
-13
-10
6
27
46
47
51
63
87
120
142
145
159
159
169
197
199
214
189
147
105
72
57
44
28
20
12
-32
-63
-94
-116
-138
-127
-102
-71
-37
-43
-40
-36
-46
-24
6
32
52
67
99
186
292
299
224
88
5
29
61
49
-21
-184
-354
-475
-540
-518
-488
-510
-569
-606
-593
-532
-484
-446
-383
-314
-225
-155
-112
-64
-49
-48
15
87
150
166
120
43
18
24
47
74
59
44
-17
-33
-15
36
80
97
115
103
123
132
154
168
174
172
179
227
255
267
244
233
224
250
301
351
373
349
300
226
162
141
147
156
154
158
138
65
-11
-102
-142
-118
-92
-79
-125
-199
-274
-342
-363
-322
-285
-253
-258
-278
-285
-290
-260
-224
-165
-96
-56
-38
-19
-24
-15
2
24
44
74
85
53
3
-25
-20
-6
7
8
5
3
-2
-19
-24
-2
26
47
73
88
128
148
167
183
182
198
242
271
292
286
228
184
135
101
96
94
79
41
0
-60
-96
-101
-125
-122
-132
-161
-190
-205
-209
-200
-194
-192
-163
-152
-138
-142
-108
-96
-64
-28
-15
4
8
31
46
50
38
26
18
13
7
27
63
164
268
258
186
60
18
75
113
120
84
-16
-124
-177
-189
-188
-175
-196
-191
-158
-98
-47
-46
-27
33
120
186
207
182
161
151
154
207
216
141
64
-45
-96
-75
-49
-33
-61
-100
-126
-132
-100
-35
-5
11
22
50
102
138
145
177
202
211
226
233
243
255
236
188
149
125
104
101
107
97
62
0
-65
-100
-111
-114
-112
-115
-90
-89
-121
-161
-203
-212
-172
-146
-161
-206
-268
-319
-350
-353
-327
-311
-326
-348
-367
-370
-339
-299
-249
-179
-107
-75
-62
-31
12
62
105
173
213
221
197
164
157
145
153
153
154
130
98
66
27
5
1
0
7
30
21
10
2
2
15
17
49
58
59
71
64
52
48
49
43
56
58
47
31
-2
-19
-9
9
30
51
53
29
27
35
28
33
45
66
89
99
93
66
62
53
64
79
104
119
109
100
84
81
83
87
106
117
120
150
176
269
365
361
308
215
186
234
259
217
134
1
-117
-185
-204
-202
-237
-301
-353
-348
-303
-263
-263
-262
-220
-160
-101
-51
-67
-75
-72
-68
-29
-17
-44
-99
-169
-209
-199
-194
-182
-190
-204
-212
-207
-197
-169
-144
-129
-87
-56
-28
-20
-16
22
66
94
99
82
68
86
119
166
192
178
140
107
124
179
225
222
191
159
136
125
115
79
44
18
26
62
60
16
-58
-111
-96
-68
-52
-62
-122
-169
-195
-190
-172
-154
-178
-220
-224
-193
-146
-133
-129
-115
-91
-58
-28
-13
14
44
68
86
95
91
76
56
54
61
70
65
50
13
20
21
15
41
30
28
28
21
43
57
63
90
120
150
159
171
163
170
168
182
195
195
174
139
131
118
114
104
83
57
47
39
37
26
16
-6
-34
-36
-18
-2
3
-17
-56
-56
-51
-32
-12
0
0
-22
-32
-21
-4
0
-14
-15
-8
-18
-27
-21
-27
-59
-53
-39
54
168
180
133
19
-52
-8
38
25
-13
-135
-234
-278
-306
-276
-294
-327
-350
-343
-285
-237
-241
-217
-159
-88
-5
23
-14
-46
-49
-16
40
78
59
-13
-89
-134
-113
-97
-66
-32
-35
-19
-7
17
58
99
140
187
250
250
262
240
244
255
238
230
184
174
164
167
157
140
113
98
81
98
126
135
139
116
102
69
55
61
43
24
-8
-39
-65
-88
-78
-83
-65
-81
-130
-158
-154
-108
-83
-60
-68
-79
-99
-105
-110
-128
-125
-122
-117
-131
-155
-158
-165
-163
-144
-132
-118
-107
-88
-74
-50
-11
31
55
53
58
59
63
69
71
62
66
55
24
-7
-70
-87
-77
-79
-70
-84
-137
-183
-192
-162
-102
-70
-68
-85
-94
-94
-48
3
12
26
46
62
87
110
127
128
121
119
136
154
158
148
118
107
113
124
136
124
111
85
63
76
94
107
104
97
100
110
121
129
129
121
111
120
126
140
148
180
261
262
219
135
64
68
57
39
3
-96
-184
-248
-299
-285
-286
-292
-309
-308
-281
-267
-237
-198
-169
-117
-62
-23
-4
3
29
59
77
97
85
58
41
30
25
36
36
41
31
30
42
34
58
86
122
145
164
166
131
128
133
158
168
139
78
44
41
54
64
28
-15
-53
-52
-25
-12
-24
-37
-63
-75
-55
-52
-61
-84
-110
-130
-132
-162
-183
-221
-247
-241
-228
-215
-204
-173
-159
-142
-132
-92
-59
-29
-12
2
16
28
26
6
6
-22
-37
-38
-57
-67
-87
-102
-112
-117
-112
-110
-102
-97
-80
-53
-19
11
25
36
44
40
46
63
75
94
80
60
40
36
40
40
43
51
58
54
51
34
32
22
39
48
43
40
65
73
94
106
92
95
80
104
114
135
140
123
109
94
111
130
150
142
129
122
122
122
118
124
127
129
126
141
140
128
111
105
112
108
99
84
74
58
45
20
42
52
53
118
123
88
-11
-98
-67
-36
-35
-52
-142
-230
-282
-335
-332
-318
-315
-297
-289
-269
-248
-249
-239
-180
-87
-23
6
-16
-55
-50
-36
-12
15
-1
-29
-67
-100
-72
-62
-79
-73
-53
-40
-13
-35
-62
-50
-35
-4
17
36
53
42
33
48
47
40
18
18
51
76
88
57
23
-12
12
62
97
104
83
62
57
57
67
77
69
65
48
31
-2
-26
-58
-56
-34
-28
-42
-71
-95
-101
-85
-37
26
64
69
50
52
56
86
100
101
104
91
72
46
15
-23
-37
-45
-29
-27
-40
-77
-102
-99
-92
-64
-57
-38
-40
-43
-34
-35
-27
-11
-11
-14
-16
-22
-21
-35
-39
-43
-31
-10
-3
7
-1
8
26
45
68
76
80
118
114
132
127
121
131
136
164
154
138
105
92
97
118
137
137
112
77
63
55
63
63
64
48
13
4
-7
-14
-21
-28
-27
-15
-18
-25
-45
-57
-68
-56
-29
0
59
97
92
56
16
19
44
31
31
-3
-82
-132
-166
-188
-208
-256
-290
-276
-256
-244
-247
-258
-243
-217
-176
-133
-120
-113
-105
-82
-60
-14
11
-14
-29
-43
-31
-4
-5
-16
-35
-58
-48
-41
-40
-26
-28
-17
10
25
43
50
65
82
118
141
144
157
155
178
202
223
226
214
205
197
225
243
244
234
212
190
161
143
132
122
112
81
43
4
-37
-63
-70
-73
-78
-87
-95
-131
-154
-155
-157
-144
-132
-114
-107
-105
-120
-130
-121
-98
-61
-51
-49
-60
-75
-89
-86
-76
-57
-31
-27
-31
-52
-80
-88
-81
-65
-45
-41
-38
-57
-71
-51
-27
3
6
-4
-14
-21
-9
18
36
32
7
13
10
4
16
8
12
2
3
-3
-8
-5
-14
-7
2
19
19
25
21
35
45
64
74
62
71
72
80
77
78
85
91
93
99
102
97
79
58
49
56
71
73
62
39
21
12
1
17
25
18
24
33
33
41
55
60
68
77
88
97
90
81
83
84
75
72
55
29
4
-21
-44
-59
-67
-80
-80
-88
-106
-109
-106
-104
-100
-99
-84
-90
-89
-87
-88
-77
-81
-66
-70
-58
-63
-74
-76
-78
-76
-71
-72
-72
-79
-84
-83
-77
-59
-37
-32
-31
-28
-31
-39
-26
-13
3
26
23
20
7
5
9
24
40
56
69
63
55
60
77
92
99
112
123
123
129
121
122
133
143
164
154
143
125
108
100
92
89
90
92
77
50
23
14
13
14
22
24
11
0
-13
-30
-44
-67
-64
-47
-60
-84
-113
-144
-154
-151
-155
-156
-164
-174
-178
-178
-177
-193
-203
-202
-186
-171
-161
-159
-172
-178
-175
-164
-148
-132
-124
-109
-99
-77
-63
-48
-42
-18
1
10
18
25
42
48
62
69
73
75
71
88
112
128
148
165
158
171
174
173
174
187
195
186
173
176
172
157
153
164
161
147
142
130
131
119
105
97
92
83
81
74
66
52
36
21
15
20
5
-5
-23
-30
-50
-63
-81
-100
-106
-118
-110
-104
-113
-111
-97
-81
-62
-38
-15
-9
-6
0
9
19
15
6
-14
-22
-13
-27
-27
-43
-74
-88
-98
-77
-67
-85
-94
-104
-102
-92
-86
-87
-85
-71
-68
-63
-60
-52
-50
-61
-58
-41
-46
-43
-41
-38
-39
-26
-14
-23
-17
-15
2
18
28
44
47
43
45
28
45
48
60
65
61
65
67
71
75
84
98
102
107
113
109
114
116
133
139
150
143
111
93
80
75
60
59
50
38
31
3
-10
-28
-35
-43
-53
-51
-54
-65
-79
-92
-89
-76
-76
-75
-95
-106
-106
-117
-110
-119
-130
-125
-130
-122
-116
-117
-124
-127
-129
-124
-119
-97
-95
-93
-93
-84
-66
-62
-52
-56
-47
-42
-22
-4
7
17
7
18
30
47
68
77
89
90
97
104
122
136
149
138
139
147
151
169
170
165
155
153
150
148
152
143
124
104
96
95
96
99
87
72
53
50
55
51
46
34
21
16
14
1
-14
-38
-54
-62
-76
-81
-81
-76
-57
-61
-48
-57
-55
-47
-48
-46
-40
-36
-43
-56
-74
-86
-90
-84
-97
-100
-101
-106
-100
-123
-130
-129
-142
-117
-108
-91
-77
-75
-60
-52
-46
-39
-34
-13
-6
-5
-3
-10
-15
-13
-5
2
1
3
1
16
30
33
32
28
26
33
45
57
55
40
45
56
62
54
67
59
60
59
59
65
62
66
70
67
71
73
71
77
69
62
62
44
37
36
22
20
18
18
19
14
11
-3
-7
-18
-33
-27
-34
-38
-47
-50
-55
-61
-61
-54
-51
-51
-52
-52
-60
-57
-56
-55
-49
-61
-61
-59
-57
-68
-70
-77
-77
-73
-71
-66
-68
-73
-70
-72
-61
-49
-54
-44
-34
-23
-23
-16
0
10
21
30
39
52
50
40
33
41
45
60
54
39
35
28
38
44
50
51
54
50
48
48
52
66
75
78
95
90
88
85
73
88
98
105
104
93
83
80
77
67
67
63
65
57
32
20
7
13
28
33
35
38
35
22
13
-3
-3
11
18
23
25
29
24
29
26
14
20
19
20
10
-9
-39
-68
-76
-68
-71
-77
-95
-109
-114
-117
-106
-123
-118
-121
-125
-125
-116
-108
-121
-113
-104
-87
-85
-78
-75
-70
-54
-38
-28
-25
-32
-32
-17
-11
-1
6
6
12
16
19
17
22
27
17
28
33
35
42
40
45
49
58
58
57
57
56
64
68
60
59
52
56
54
52
45
39
29
17
9
3
1
-9
-15
-24
-25
-29
-29
-38
-35
-42
-42
-47
-56
-54
-53
-57
-50
-51
-62
-57
-50
-51
-43
-36
-24
-25
-18
-8
-3
-3
-7
0
-9
7
20
23
24
18
10
5
6
10
14
15
19
20
9
-4
-2
-6
2
9
15
13
9
7
11
16
20
31
40
40
33
33
22
15
16
25
46
57
49
46
30
28
23
25
28
31
28
20
0
6
10
8
22
24
33
38
15
9
4
13
16
18
24
19
20
8
9
11
17
18
14
14
13
0
-1
8
12
16
7
-1
-10
-18
-17
-12
-10
-13
-12
-9
-13
-9
-8
0
7
8
7
-2
-14
-13
-16
-24
-29
-35
-36
-48
-47
-62
-72
-62
-53
-41
-37
-33
-45
-56
-61
-53
-43
-37
-38
-47
-52
-57
-73
-76
-71
-58
-50
-38
-30
-36
-28
-28
-5
6
24
30
32
34
38
44
40
47
50
70
61
58
40
39
43
42
57
53
45
28
25
43
58
76
77
73
68
75
81
92
105
111
112
107
110
100
101
91
79
78
79
71
68
54
38
21
9
8
-1
-9
-29
-30
-48
-57
-74
-79
-81
-85
-90
-94
-93
-99
-99
-112
-119
-129
-124
-123
-121
-113
-123
-112
-113
-116
-110
-126
-122
-120
-116
-105
-103
-101
-99
-89
-80
-74
-65
-44
-29
-21
-12
-4
6
10
14
29
38
45
48
50
51
51
60
71
76
83
81
82
85
84
103
110
123
113
104
97
96
101
98
90
92
88
77
68
40
33
26
14
11
8
-4
-3
-2
-7
-16
-18
-21
-27
-16
-11
-19
-22
-20
-24
-12
-12
-16
-17
-16
-12
-13
-18
-22
-20
-10
0
11
17
12
16
11
17
15
18
29
34
44
54
67
71
64
56
46
49
48
58
55
41
20
2
-6
-15
-12
-20
-29
-42
-50
-45
-45
-62
-75
-81
-77
-74
-67
-59
-61
-58
-67
-77
-84
-91
-93
-92
-92
-95
-94
-88
-91
-77
-68
-55
-43
-34
-14
-2
1
18
27
33
35
34
37
31
20
24
30
33
37
19
23
25
28
33
36
40
36
34
47
43
39
41
30
34
26
20
19
12
10
4
-5
-17
-12
-14
-2
-3
-5
-1
-11
-6
-16
-2
3
8
-3
-9
-3
-7
-13
-12
-12
-8
2
-6
-1
-7
-5
-3
6
18
18
19
18
14
21
18
9
27
33
40
50
50
43
38
52
64
74
82
78
71
63
68
72
70
70
58
52
38
23
19
15
13
4
5
-10
-23
-22
-26
-26
-31
-23
-32
-36
-36
-37
-36
-30
-42
-50
-56
-55
-47
-59
-52
-66
-64
-60
-65
-56
-64
-65
-66
-54
-39
-30
-23
-21
-30
-22
-23
-23
-20
-17
-6
-9
-7
-9
-11
-9
-1
-5
13
17
7
17
7
10
20
17
17
10
12
11
4
0
3
5
0
-2
-7
-12
-10
-8
-5
-7
-4
-11
-8
-7
1
7
1
16
15
22
17
30
24
21
38
31
50
42
36
39
34
36
28
17
20
17
19
19
15
19
19
30
32
37
42
32
31
27
31
26
29
35
34
43
38
33
20
18
20
29
32
27
19
7
6
-9
-15
-19
-31
-41
-47
-57
-53
-60
-71
-75
-85
-86
-94
-93
-97
-98
-86
-83
-91
-100
-85
-76
-65
-68
-67
-60
-54
-50
-40
-36
-41
-36
-40
-35
-26
-26
-18
-20
-13
-8
-16
-11
-12
-1
18
26
40
30
26
25
17
37
50
58
58
65
74
71
76
72
65
74
78
76
71
72
73
72
60
61
58
52
45
40
43
37
32
24
26
14
21
24
10
11
3
-2
-1
0
-7
-13
-13
-14
-12
-17
-22
-23
-25
-25
-27
-29
-29
-15
-19
-18
-22
-21
-13
-22
-20
-26
-33
-29
-25
-12
-2
7
4
11
9
16
20
30
33
40
44
45
49
49
53
60
55
58
65
58
73
60
69
60
55
60
52
48
34
30
30
26
16
14
9
0
-4
-6
-9
-16
-27
-29
-34
-39
-38
-43
-46
-52
-56
-57
-66
-76
-85
-82
-83
-87
-95
-100
-100
-94
-90
-95
-103
-104
-104
-100
-89
-85
-78
-74
-78
-74
-69
-55
-45
-40
-40
-18
-20
-22
-11
-6
-6
5
7
3
6
16
25
34
41
34
40
47
47
50
50
58
59
57
63
53
54
52
47
43
41
32
37
41
35
41
42
47
39
35
49
47
48
49
48
48
41
49
54
53
49
45
39
39
34
25
26
19
13
6
-1
-1
1
-5
-1
-3
-7
-8
-12
-9
-5
-1
1
2
3
4
-3
-9
-9
-12
-3
-20
-26
-19
-22
-25
-33
-29
-31
-27
-20
-9
-3
10
5
0
-6
-8
-5
-13
-16
-30
-34
-43
-42
-52
-45
-46
-50
-49
-49
-37
-38
-41
-44
-46
-37
-42
-36
-41
-38
-30
-29
-35
-38
-42
-39
-27
-22
-22
-30
-22
-18
-9
3
4
11
15
22
26
37
47
46
56
66
67
62
63
61
69
65
57
55
41
38
29
36
39
38
41
26
17
11
15
12
9
15
10
12
6
-10
-15
-17
-14
-13
-25
-26
-27
-22
-15
-16
-26
-26
-28
-20
-12
-15
-12
-15
-7
-10
-14
-2
-4
-4
-3
-16
-7
-4
0
-1
-1
-2
2
-6
-8
12
11
10
12
8
9
10
17
19
15
10
14
12
14
4
0
4
0
4
2
4
6
-1
7
13
15
7
6
10
9
19
15
20
22
19
23
29
27
25
21
24
25
22
22
19
10
3
-2
4
8
14
10
4
2
-3
2
-8
-1
0
-3
3
-4
-11
-12
-19
-10
-14
-12
-12
-13
-17
-26
-26
-31
-26
-29
-27
-29
-37
-40
-40
-36
-31
-35
-32
-21
-25
-11
-7
-8
-14
-16
-16
-21
-15
-14
-8
-13
-15
-22
-23
-15
-19
-12
-10
-7
-1
5
8
17
23
18
21
18
21
14
12
23
25
23
15
16
11
13
17
19
22
28
19
11
18
16
17
14
19
7
10
8
1
4
-7
-6
-11
-8
-5
-7
-4
-3
-8
-13
-19
-19
-22
-14
-20
-27
-21
-17
-20
-28
-26
-31
-31
-32
-23
-20
-29
-26
-23
-25
-27
-23
-23
-16
-18
-17
-14
-12
-7
-3
-2
1
7
6
12
5
11
17
21
15
17
12
11
19
12
13
13
13
10
18
12
12
14
10
11
8
6
9
13
11
13
20
19
12
14
9
18
20
18
17
15
13
16
16
10
5
3
8
5
5
1
1
-4
7
8
1
7
2
13
12
11
17
20
28
29
21
19
16
12
18
22
18
12
10
6
7
3
2
-5
4
10
6
5
-1
6
3
8
12
7
4
5
5
5
5
3
2
6
7
6
-2
-3
-2
-6
1
-1
-7
-12
-11
-12
-11
-11
-10
-10
-18
-22
-21
-20
-16
-1
-6
-2
-10
-13
-8
-7
3
-6
-17
-22
-28
-31
-33
-32
-27
-35
-35
-36
-37
-44
-40
-38
-43
-28
-31
-27
-10
-6
-12
-14
-12
-13
-15
-10
-12
-14
-9
0
5
6
11
4
8
18
18
23
30
37
34
39
41
44
46
41
43
43
47
55
57
47
36
28
33
35
40
37
20
16
11
15
18
22
17
16
15
8
-7
-10
-10
-13
-16
-18
-20
-23
-27
-25
-19
-23
-19
-25
-27
-33
-38
-36
-41
-36
-34
-31
-29
-32
-28
-24
-24
-21
-19
-13
-13
-15
-4
-3
-9
-15
-13
-11
-12
-17
-18
-11
-15
-18
-12
-12
-7
-10
-4
1
-5
-5
-9
-13
-17
-17
-17
-14
-16
-19
-21
-22
-21
-21
-18
-18
-13
-12
-12
-10
-15
-13
-6
-10
-9
-9
1
0
2
10
5
14
23
27
34
24
33
30
31
39
45
50
50
57
56
56
53
62
57
53
48
46
46
48
42
26
27
24
30
18
12
13
15
17
15
15
11
5
7
1
3
-1
-1
-7
-14
-11
-18
-18
-21
-18
-13
-13
-12
-15
-14
-17
-15
-14
-7
-9
0
2
-5
2
3
3
9
7
15
19
28
23
24
16
20
21
7
17
5
3
-3
-1
-8
-17
-23
-19
-26
-31
-30
-34
-33
-40
-38
-47
-46
-48
-51
-44
-47
-55
-52
-51
-46
-44
-37
-33
-34
-27
-30
-28
-30
-24
-21
-22
-19
-22
-23
-24
-18
-16
-13
-9
-5
-15
-7
6
10
16
12
16
20
21
21
27
31
42
41
44
47
45
57
52
56
58
54
57
52
51
50
46
43
40
34
29
29
30
22
12
14
11
8
11
16
17
21
11
13
9
6
3
0
3
-7
-9
-13
-16
-12
-11
-13
-14
-12
-14
-13
-8
-12
-6
-16
-24
-17
-15
-13
-13
-16
-21
-22
-25
-17
-20
-15
-21
-15
-19
-21
-8
-10
2
0
2
0
-12
-9
-16
-17
-8
-6
-1
-8
-13
-18
-14
-11
-12
-6
-3
-4
-5
-2
-2
0
-6
-9
-8
-6
-2
-8
-9
-14
-17
-19
-13
-5
-15
-15
-15
-11
-9
-10
-5
-2
-2
-9
-6
-3
-11
-3
-2
-1
6
12
10
12
9
14
14
15
12
4
0
-4
0
-4
-10
-5
-4
1
3
4
6
-3
1
-1
7
4
6
10
6
11
6
12
10
17
20
13
14
9
10
13
17
10
12
7
2
10
10
18
14
8
7
12
8
13
10
10
3
-3
2
-3
1
-3
-2
-8
-8
-6
-2
1
-2
-6
-7
-2
-3
-5
-7
-17
-16
-11
-13
-15
-15
-9
-7
-9
-10
-9
-6
-7
-2
2
3
4
3
3
0
1
13
11
19
28
21
20
15
15
20
23
19
22
21
16
17
25
24
21
17
18
12
7
11
14
17
13
12
5
9
7
6
8
14
8
4
7
2
0
-1
-5
-10
-10
-9
-13
-6
-12
-18
-23
-20
-18
-12
-13
-17
-21
-20
-24
-28
-27
-23
-30
-25
-16
-21
-18
-20
-18
-22
-19
-24
-21
-10
-8
-5
-7
-2
-4
-2
-4
-4
2
5
-5
-10
-11
-16
-9
-8
-13
-16
-19
-9
-6
-9
-9
-6
-5
5
5
9
16
15
19
20
25
23
27
21
29
17
20
27
18
25
19
25
21
20
13
1
13
10
1
-2
-10
-5
-12
-8
-13
-14
-9
-11
-5
-3
2
-2
-6
0
2
5
-2
-4
-1
-4
-5
-1
-2
-2
-2
-6
-3
-6
0
-1
-6
-5
-10
-4
-4
-4
-3
1
6
-1
-1
-3
5
11
8
-1
11
3
8
0
-7
-5
0
3
-1
5
4
5
2
-2
-6
-2
-7
1
-4
-1
1
-6
-4
-11
1
-4
-1
-9
-7
-2
-4
-4
1
2
-1
9
2
0
1
1
1
0
-3
-4
-4
-11
-9
-7
-5
-3
-3
3
1
-1
-1
-10
0
-2
-4
1
-1
1
-5
-3
-6
-1
-3
5
8
2
-3
-8
-1
-4
1
4
-5
3
-1
0
1
3
4
5
10
5
6
2
5
8
4
0
-4
-7
-4
-2
6
14
10
13
1
11
9
10
14
6
1
-4
1
7
-2
-8
-2
-4
-5
-12
-6
-1
-3
-2
-4
6
4
1
1
-6
7
4
6
8
5
6
5
4
3
5
6
2
5
9
17
21
22
22
24
29
25
26
23
14
13
10
10
13
10
7
4
3
5
4
1
1
-2
-6
2
2
-2
-4
0
7
-8
-7
-7
-11
-14
-14
-9
-19
-9
-12
-6
-8
-9
-6
-11
-6
-8
-4
-6
0
2
-6
-3
-1
-5
-3
1
4
-3
2
-2
4
-6
-2
0
-1
2
0
1
-7
-3
-10
-6
-2
-10
-11
3
1
3
2
2
-7
-3
-7
-6
-8
-14
-11
-15
-10
-19
-21
-22
-25
-19
-19
-20
-23
-26
-24
-18
-17
-21
-20
-19
-21
-19
-18
-17
-17
-20
-16
-11
-9
-4
-4
-1
-1
0
1
8
5
2
5
2
12
12
9
10
4
11
9
11
11
13
13
11
9
9
13
15
19
16
17
14
12
12
6
10
13
18
22
15
12
7
16
17
12
13
5
0
2
3
4
3
12
6
3
4
1
5
8
10
10
8
11
8
7
16
2
-1
3
1
5
-4
1
-2
-5
-4
-5
-8
-9
-7
-11
-7
3
-2
1
-2
-5
-13
-13
-6
-10
-4
-13
-12
-9
-10
-6
-13
-15
-13
-12
-7
-6
-9
-15
-11
-10
-14
-9
-13
-16
-14
-17
-14
-7
-5
-9
-8
4
5
12
13
6
15
13
14
13
7
4
4
7
8
11
11
22
23
16
14
18
18
19
17
19
22
23
26
24
28
30
25
26
24
24
22
28
27
29
26
23
25
23
29
27
22
28
21
17
17
9
9
7
5
-3
-7
-9
-6
-13
-13
-13
-12
-11
-14
-18
-19
-16
-23
-25
-31
-28
-31
-30
-33
-36
-40
-36
-40
-42
-31
-33
-31
-35
-44
-39
-44
-37
-39
-38
-36
-41
-34
-33
-33
-41
-31
-27
-25
-23
-24
-16
-12
-7
-5
-5
-11
0
3
13
12
11
14
9
17
20
20
21
15
13
23
23
27
35
32
27
31
30
36
34
24
25
26
18
23
19
24
25
19
20
14
14
12
16
9
4
1
1
2
0
1
9
3
2
-2
2
5
-1
-3
-6
-6
-10
1
-3
-8
-13
-13
-10
-8
-7
-6
3
-2
-2
-1
3
-1
4
1
8
8
10
5
0
-1
3
0
-1
4
0
1
6
7
7
7
3
3
5
7
7
-2
-1
1
4
-3
-8
-12
-14
-9
-14
-13
-15
-18
-15
-17
-19
-25
-24
-18
-21
-13
-17
-16
-11
-12
-9
-5
-5
-8
-15
-17
-9
-11
-6
-13
-10
-10
-18
-9
-9
-8
-2
0
5
4
2
1
-2
-1
-1
1
0
3
6
-2
-1
0
-2
-3
-2
-2
1
-2
3
10
5
7
9
12
15
14
21
22
20
20
24
23
20
23
19
19
16
21
24
27
19
23
28
27
29
23
15
14
18
19
15
18
13
10
14
5
4
2
2
6
13
8
6
6
-2
3
5
5
-2
0
3
5
2
-5
-1
-5
1
-1
-7
-8
-13
-8
-6
-10
-9
-2
-1
0
5
-2
-7
-9
-7
-12
-8
-19
-18
-15
-18
-16
-13
-6
-16
-11
-15
-15
-14
-21
-20
-22
-17
-20
-16
-7
-6
-2
-12
-16
-19
-20
-25
-20
-10
-9
-11
-16
-10
-16
-15
-18
-18
-11
-11
-14
-14
-10
-22
-17
-17
-19
-18
-15
-14
-10
-8
-16
-8
-8
-4
8
14
16
19
18
22
20
25
25
23
26
27
25
26
26
17
20
19
21
19
23
26
25
18
22
23
23
25
21
17
16
14
13
20
24
17
17
20
6
8
7
6
8
9
9
3
5
7
0
-2
-6
-13
-13
-21
-15
-15
-10
-7
-11
-12
-19
-17
-16
-16
-15
-9
-12
-15
-17
-16
-8
-7
0
-8
-11
-7
-6
-1
-7
-1
-2
-2
-3
-3
1
0
4
-6
-4
-5
0
-1
-3
-9
-13
-15
-12
-14
-17
-13
-17
-10
-13
-15
-20
-16
-12
-17
-20
-18
-22
-14
-21
-14
-13
-18
-11
-12
-5
-10
-9
-12
-13
-9
-12
-9
-5
-6
-3
-2
1
-4
-3
0
3
5
0
5
6
6
13
12
10
7
6
10
17
21
15
7
15
15
19
16
13
14
11
15
18
22
22
23
29
28
28
26
24
28
24
23
28
26
23
23
24
22
21
22
26
26
21
15
21
22
19
17
13
19
20
23
23
19
18
15
7
6
9
8
8
9
16
5
0
2
-3
-9
-13
-11
-7
-5
-14
-16
-17
-12
-8
-13
-19
-12
-18
-12
-15
-15
-24
-22
-17
-28
-29
-26
-21
-27
-28
-29
-30
-30
-29
-31
-27
-20
-19
-14
-19
-16
-21
-18
-15
-20
-10
-13
-12
-19
-23
-23
-27
-23
-20
-19
-19
-14
-14
-10
-6
-12
-3
-2
0
4
0
-2
-7
-6
0
-9
-15
-17
-13
-5
-4
3
1
7
5
15
26
25
33
32
29
40
39
38
40
38
34
30
32
31
28
20
15
16
10
11
11
3
7
4
7
10
9
12
11
10
5
12
5
3
1
-1
5
1
1
1
2
-5
-9
-8
-13
-16
-18
-16
-11
-18
-14
-16
-19
-11
-20
-19
-18
-23
-22
-27
-26
-26
-15
-21
-14
-9
-14
-16
-17
-11
-8
-1
7
8
7
7
9
11
12
11
2
13
13
17
13
11
17
12
12
7
11
12
11
7
8
2
4
9
7
6
8
2
-3
-5
-7
5
-2
-7
-12
-17
-20
-19
-6
-14
-6
-9
-6
-12
-16
-14
-12
-11
-6
-1
-5
-5
-5
2
5
6
5
2
0
7
5
6
-1
9
11
12
10
8
10
12
15
14
16
12
13
11
14
16
17
18
21
17
22
16
17
12
13
17
13
14
15
23
13
6
1
-3
-9
-12
-7
-4
-5
-10
-7
-8
-13
-10
-8
-8
-6
-9
-9
-1
-2
-2
-2
-5
0
-5
-6
-4
-1
5
-5
-9
-8
-12
-4
-11
-16
-11
-9
-9
-11
-12
-9
-9
-9
-4
-4
-3
-7
-12
-7
-7
-9
-6
-11
-6
-6
-7
-4
-7
-6
-6
-4
5
-2
0
-2
9
13
2
8
-3
2
3
0
5
-4
-8
-7
-8
3
-5
-6
-7
-6
0
-1
-2
-4
-2
1
-4
2
0
0
5
-2
1
-1
4
5
0
6
13
2
13
12
10
19
17
17
14
6
4
13
13
9
9
11
13
15
9
5
4
5
4
5
17
10
9
6
7
13
7
10
5
10
9
11
14
13
10
11
13
3
1
-10
-8
-8
-12
-10
-18
-19
-18
-21
-18
-19
-27
-17
-13
-15
-14
-17
-13
-15
-15
-11
-15
-20
-18
-18
-14
-13
-18
-18
-22
-15
-16
-20
-13
-18
-17
-13
-9
-3
-5
-7
4
2
3
8
3
5
8
7
5
7
8
5
3
4
1
7
7
5
11
12
14
14
17
23
18
9
6
8
8
10
6
5
10
3
3
6
5
3
-2
-10
-10
-10
-11
-14
-14
-16
-18
-19
-13
-15
-10
-11
-13
0
-5
-7
-6
-7
-2
2
5
5
5
5
7
10
10
7
9
8
8
14
12
13
22
22
19
25
22
23
22
28
28
21
28
20
25
22
22
21
20
14
19
16
19
9
6
8
5
4
-1
8
6
3
2
6
2
6
0
-10
-15
-20
-14
-15
-13
-17
-19
-20
-20
-17
-13
-10
-14
-10
-11
-11
-13
-15
-18
-11
-14
-14
-10
-16
-11
-12
-2
-11
-19
-15
-18
-9
-9
-14
-10
-9
-10
-12
-16
-13
-18
-14
-17
-17
-14
-20
-20
-9
-1
-2
11
12
13
9
7
11
8
12
4
11
3
-4
1
0
-1
8
9
5
10
7
9
10
16
13
13
16
12
11
11
13
15
8
8
7
12
11
16
21
17
10
11
6
11
8
6
11
5
9
6
13
10
6
9
2
6
5
3
6
8
5
1
-1
3
-5
-7
-7
-6
-5
-6
-5
-11
-7
-5
-7
-6
-12
-7
-11
-16
-15
-13
-16
-18
-13
-17
-10
-12
-14
-12
-17
-21
-19
-19
-11
-15
-13
-11
-19
-8
-18
-13
-13
-14
-10
-15
-10
-16
-14
-12
-12
-8
-5
-3
-4
-4
-7
0
2
5
1
-4
-8
-6
-3
-4
-4
-1
-4
-4
0
4
5
2
0
5
12
12
15
8
13
15
16
20
15
9
10
11
8
10
4
8
12
13
13
16
8
-2
8
14
12
13
11
7
9
3
10
15
10
11
4
10
9
8
6
3
4
0
1
4
8
8
13
9
14
13
9
13
20
16
14
18
15
19
11
14
14
16
10
9
8
2
1
-1
0
-4
-11
-10
-4
-3
-6
-9
-9
1
3
-1
1
-7
-3
-9
-9
-6
-4
-9
-12
-13
-12
-9
-10
-13
-9
-13
-6
-5
-4
-4
-8
-6
-8
-12
-15
-13
-9
-13
-13
-8
-9
-7
-12
-19
-18
-19
-17
-14
-15
-15
-14
-13
-12
-13
-8
-10
-1
2
1
5
2
6
-4
-4
0
1
2
0
-3
-4
-8
-6
-7
3
3
-4
2
2
6
1
9
12
12
11
16
15
15
11
8
12
4
7
9
10
16
11
7
6
6
4
4
6
8
11
6
10
9
6
2
9
7
3
9
3
9
0
-1
-7
-3
-2
-2
-10
-12
-8
-7
-1
-2
-6
-4
-5
0
0
0
-3
-3
-4
-4
-5
1
0
1
7
-1
3
1
3
1
1
1
-3
2
3
5
-2
-1
1
-3
-5
-7
-3
-3
-3
-10
-6
-2
-11
-6
-11
-8
-2
2
-2
-4
-8
-9
-11
-7
-5
-9
-6
-7
2
-11
-6
-5
-8
-4
-6
-2
-4
-1
-6
-5
-5
-8
-9
-9
-11
-9
-9
-7
-2
-3
5
1
4
5
6
9
6
9
6
6
4
7
11
10
9
8
11
5
10
12
9
6
3
0
-2
-1
-2
2
0
3
6
0
-1
3
3
2
2
3
4
2
-3
-3
-4
-5
-1
3
1
4
2
4
11
5
9
8
4
3
8
9
3
4
4
7
9
12
9
15
9
11
13
11
17
15
18
7
11
11
10
8
6
6
3
2
3
3
2
6
4
3
0
2
2
-3
0
-5
-8
-11
-13
-14
-16
-14
-19
-17
-18
-16
-12
-9
-10
-14
-14
-16
-15
-12
-13
-9
-8
-7
-3
-14
-7
-5
-7
-9
-5
-8
-6
1
-8
-2
0
-1
4
1
5
6
6
2
8
6
7
12
9
12
11
12
11
10
14
11
10
11
12
5
6
6
2
9
4
10
2
6
13
6
14
10
13
4
1
4
5
0
-1
-2
-3
2
-11
-10
-9
-12
-11
-10
-12
-11
-6
-5
-8
-6
-11
-2
-4
-12
-7
-18
-16
-10
-11
-8
-10
-12
-12
-12
-10
-12
-10
-7
-12
-11
-13
-9
-10
-11
-11
-13
-16
-11
-8
-8
-2
-7
-1
-5
-7
-5
-5
-3
3
0
-1
1
0
2
2
6
4
7
2
8
5
7
12
2
10
9
11
13
11
14
14
14
13
14
9
9
8
8
6
9
6
7
11
1
10
7
6
12
8
11
4
4
3
1
1
-7
-5
-12
-15
-13
-15
-11
-2
-7
-7
-4
-6
-3
-1
0
-1
-2
-6
-6
0
1
7
1
6
10
8
4
3
1
1
3
8
7
-1
1
-2
3
-1
-1
-1
3
5
0
8
4
8
5
5
2
3
6
7
16
12
15
9
10
3
2
2
-1
-1
4
3
0
1
-1
-1
-4
6
6
6
-5
-1
-4
4
1
-1
0
-6
3
-2
0
1
-4
-2
-6
-7
-2
-7
-9
-8
-6
0
-1
1
4
3
1
0
-1
2
-3
-5
-5
-3
-3
2
2
-1
3
-1
1
7
1
-1
3
6
8
1
1
-3
-8
-3
-2
-4
-1
-3
-5
2
-6
-5
-2
-4
-8
-13
-5
-7
-4
-7
-4
-13
-17
-20
-10
-9
-8
-6
-17
-10
-9
-10
-17
-15
-17
-14
-18
-17
-12
-9
-5
-6
-2
-1
-1
4
3
6
5
6
7
9
7
7
9
13
14
4
10
7
12
13
6
7
9
12
8
13
12
12
8
11
14
10
15
12
11
11
4
6
8
15
12
13
9
14
8
10
13
3
5
2
6
6
-2
-3
-2
0
0
-4
-7
-1
-2
-4
-1
-5
-2
-1
1
-7
1
-1
0
0
-4
1
1
1
-7
-5
-4
-7
-8
-3
-7
-4
-4
-11
-6
-8
-10
-11
-8
-3
-7
-9
-5
-8
-10
-12
-9
-8
-9
-10
-13
-10
-10
-12
-10
-7
-8
-8
-8
-10
-8
-10
-6
-5
-4
-4
-5
-5
-13
-15
-7
-5
-1
-1
-1
0
0
2
10
11
6
10
12
13
15
13
11
11
12
11
8
6
2
6
5
0
3
0
3
-1
-4
5
-1
-4
-1
