SAMPLES:	8970
BITSPERSAMPLE:	16
CHANNELS:	1
SAMPLERATE:	16000
NORMALIZED:	FALSE
-33
-35
-22
-12
0
7
-1
2
3
-2
-7
-5
7
0
-25
-35
-29
-18
-10
5
13
-2
-4
-7
10
18
20
17
11
10
5
9
10
19
24
30
24
5
0
17
36
36
27
22
15
5
-14
-4
14
13
25
24
14
10
16
19
1
-7
-8
-2
-4
-3
5
25
28
21
9
-1
-11
-22
-2
13
25
14
7
8
1
-7
-23
-23
-18
-7
-2
0
-8
-23
-31
-39
-46
-34
-24
-22
-20
-25
-29
-39
-48
-54
-45
-38
-28
-6
2
6
7
0
-9
-6
-6
-4
8
14
5
-4
3
5
-3
-2
4
7
3
1
2
2
13
20
22
16
6
-11
0
-2
-6
0
-8
-5
8
12
13
7
9
14
20
25
26
13
8
13
-1
0
10
33
37
28
16
18
15
8
7
9
4
0
5
11
2
-6
-2
0
1
3
2
3
1
3
8
10
7
3
5
11
15
15
9
8
9
-4
3
2
5
8
7
2
4
-1
4
1
-1
-3
-10
-11
-10
-15
-18
-17
-20
-14
-4
9
6
0
-1
8
10
3
11
13
0
-2
-7
-5
-10
-19
-14
-4
5
3
1
4
6
-6
-15
-6
-7
-13
-17
-19
-11
0
-5
-6
2
11
15
17
32
20
20
19
23
18
17
12
4
7
7
-4
-12
-5
-3
3
-4
2
8
1
-16
-20
-11
-14
-17
-28
-29
-29
-23
-29
-22
-16
-14
-6
-4
-2
1
4
8
3
1
-4
-7
-2
-6
-10
-20
-24
-26
-24
-20
-23
-18
-19
-10
-9
-5
3
13
10
8
13
12
15
10
7
18
20
20
23
22
19
22
20
14
3
-7
7
4
5
1
1
4
-1
-4
1
-1
-4
-3
-6
11
13
21
22
27
22
23
17
10
16
12
16
15
11
11
1
1
0
-1
8
5
6
9
8
1
-1
0
2
2
7
12
15
13
11
10
18
14
11
11
4
0
2
1
-4
5
-5
-11
-16
-27
-20
-26
-27
-32
-28
-18
-31
-34
-39
-39
-43
-40
-45
-56
-63
-66
-73
-74
-76
-78
-85
-86
-83
-79
-72
-68
-59
-60
-47
-41
-41
-37
-34
-32
-31
-38
-29
-28
-21
-14
-12
-9
-8
-17
-14
-13
-7
1
12
20
16
21
36
34
34
46
52
73
79
83
89
92
100
109
101
95
101
105
98
100
106
111
127
150
193
236
286
319
362
391
418
442
438
420
388
350
288
205
126
50
-27
-113
-214
-289
-359
-399
-437
-447
-437
-424
-399
-386
-360
-339
-311
-286
-269
-251
-245
-226
-212
-187
-161
-134
-97
-53
-7
35
75
112
146
166
161
137
122
87
51
-5
-67
-125
-176
-213
-255
-274
-279
-264
-236
-195
-130
-43
37
97
137
161
199
223
230
211
181
136
102
69
28
-4
-25
-36
-50
-73
-81
-88
-78
-66
-77
-79
-90
-98
-98
-102
-95
-75
-51
-32
-7
16
52
95
127
165
203
238
262
280
304
322
320
317
308
305
288
278
263
239
213
197
202
204
219
268
353
488
627
728
796
889
978
1020
998
918
821
688
497
243
-20
-282
-517
-760
-1009
-1234
-1386
-1472
-1510
-1516
-1485
-1395
-1289
-1164
-1041
-915
-769
-621
-496
-393
-293
-210
-108
-11
82
171
265
363
450
531
594
639
650
621
559
440
299
141
-27
-207
-416
-598
-744
-849
-915
-932
-899
-806
-668
-514
-330
-114
116
342
535
692
828
949
1033
1105
1135
1113
1067
970
866
748
607
451
266
70
-130
-320
-481
-641
-767
-872
-945
-972
-961
-898
-802
-663
-498
-329
-170
13
190
363
533
651
746
813
855
885
879
852
797
733
647
540
449
367
267
151
44
-62
-155
-247
-323
-373
-406
-390
-350
-281
-147
67
353
641
886
1089
1293
1473
1581
1571
1443
1261
1030
688
256
-210
-641
-1030
-1397
-1776
-2083
-2268
-2349
-2343
-2278
-2147
-1952
-1709
-1438
-1160
-897
-626
-346
-106
86
252
407
567
723
853
956
1053
1121
1156
1150
1119
1068
950
789
583
333
65
-199
-468
-728
-952
-1140
-1265
-1312
-1310
-1230
-1091
-882
-632
-376
-112
172
469
743
988
1179
1349
1464
1521
1530
1515
1450
1319
1114
892
646
379
103
-204
-484
-759
-1004
-1205
-1350
-1438
-1459
-1405
-1308
-1152
-938
-704
-438
-142
136
386
624
834
989
1097
1159
1184
1158
1096
1013
905
774
640
488
325
162
-6
-149
-286
-409
-526
-638
-730
-783
-808
-792
-726
-612
-452
-231
65
437
830
1155
1439
1695
1924
2054
2025
1882
1671
1405
1030
506
-54
-577
-1046
-1505
-1947
-2285
-2502
-2585
-2565
-2489
-2314
-2053
-1757
-1438
-1120
-801
-485
-160
132
363
552
713
872
1032
1167
1255
1319
1356
1358
1302
1200
1077
899
692
438
134
-191
-533
-839
-1110
-1377
-1602
-1741
-1796
-1771
-1658
-1474
-1219
-897
-559
-204
162
540
886
1177
1435
1649
1831
1909
1898
1840
1723
1546
1286
965
636
293
-71
-448
-780
-1069
-1315
-1497
-1612
-1646
-1614
-1517
-1367
-1140
-876
-597
-318
-28
263
506
716
902
1055
1173
1215
1201
1174
1104
1004
881
740
593
425
244
83
-72
-225
-368
-500
-601
-710
-772
-810
-825
-784
-701
-575
-389
-142
190
594
1014
1385
1667
1937
2175
2329
2342
2177
1935
1629
1222
673
45
-536
-1032
-1518
-1997
-2392
-2638
-2735
-2721
-2639
-2469
-2194
-1869
-1523
-1184
-825
-485
-158
143
409
608
755
896
1053
1180
1240
1300
1337
1343
1291
1191
1052
873
638
351
35
-314
-639
-968
-1258
-1499
-1725
-1863
-1899
-1868
-1761
-1577
-1309
-978
-600
-231
136
538
928
1253
1506
1717
1889
2026
2056
1991
1867
1669
1417
1116
768
387
20
-363
-743
-1082
-1386
-1602
-1734
-1782
-1747
-1646
-1474
-1238
-929
-610
-285
69
380
672
898
1085
1245
1346
1393
1353
1279
1178
1068
917
754
588
415
223
37
-163
-358
-519
-641
-756
-864
-968
-1023
-1005
-967
-880
-755
-569
-336
-20
357
829
1269
1640
1941
2182
2389
2490
2430
2222
1945
1600
1123
511
-119
-699
-1206
-1686
-2151
-2514
-2718
-2784
-2739
-2612
-2407
-2080
-1729
-1371
-1007
-641
-272
71
376
623
824
961
1087
1217
1310
1366
1371
1345
1276
1164
1021
836
623
376
83
-259
-623
-958
-1268
-1515
-1751
-1945
-2048
-2067
-2007
-1867
-1655
-1348
-982
-589
-178
222
650
1049
1418
1722
1958
2109
2189
2190
2133
2003
1775
1462
1089
704
282
-126
-546
-936
-1252
-1534
-1742
-1865
-1880
-1796
-1662
-1458
-1186
-862
-521
-163
197
531
822
1046
1226
1336
1406
1434
1406
1324
1195
1042
886
711
516
325
116
-81
-256
-436
-597
-748
-864
-947
-1004
-1040
-1050
-1008
-910
-751
-563
-326
-49
311
771
1247
1671
1986
2261
2511
2684
2689
2514
2233
1885
1472
887
200
-457
-1034
-1552
-2048
-2505
-2825
-2979
-2968
-2865
-2669
-2370
-2001
-1590
-1178
-749
-322
65
436
737
971
1128
1221
1297
1358
1399
1346
1261
1155
1058
902
695
478
254
23
-276
-594
-929
-1202
-1456
-1711
-1922
-2101
-2152
-2125
-2054
-1906
-1667
-1329
-931
-521
-71
386
849
1306
1693
2003
2228
2376
2428
2407
2291
2078
1769
1378
966
494
18
-455
-893
-1263
-1563
-1802
-1954
-1983
-1888
-1724
-1481
-1189
-842
-459
-99
265
593
895
1139
1298
1406
1473
1496
1444
1363
1237
1099
936
757
576
383
197
-12
-192
-361
-529
-689
-832
-937
-1021
-1062
-1108
-1097
-1015
-875
-678
-464
-199
138
579
1066
1554
1948
2262
2540
2741
2819
2702
2428
2088
1684
1155
481
-248
-908
-1460
-1951
-2457
-2861
-3077
-3120
-3023
-2851
-2605
-2227
-1779
-1326
-897
-476
-53
326
663
929
1097
1194
1276
1347
1376
1361
1300
1218
1132
1035
876
662
458
259
19
-294
-661
-991
-1272
-1553
-1844
-2112
-2265
-2309
-2258
-2149
-1934
-1616
-1230
-784
-321
180
697
1168
1588
1935
2209
2412
2509
2504
2396
2205
1924
1543
1110
655
177
-291
-741
-1157
-1508
-1777
-1947
-2040
-2033
-1936
-1739
-1468
-1117
-759
-399
-17
347
697
988
1204
1364
1477
1525
1518
1452
1356
1240
1089
900
722
556
365
182
-20
-217
-397
-576
-739
-877
-977
-1053
-1124
-1150
-1135
-1074
-910
-707
-436
-166
155
612
1122
1648
2084
2402
2690
2906
3006
2917
2643
2281
1836
1290
588
-179
-906
-1525
-2050
-2546
-2984
-3248
-3307
-3185
-2968
-2704
-2310
-1837
-1343
-869
-425
-12
397
760
1000
1161
1247
1300
1331
1344
1306
1235
1133
1014
928
796
630
412
181
-47
-359
-710
-1082
-1392
-1682
-1982
-2240
-2428
-2478
-2419
-2270
-2034
-1682
-1227
-726
-177
388
944
1479
1932
2303
2580
2742
2755
2660
2467
2172
1814
1361
864
366
-129
-604
-1009
-1381
-1647
-1830
-1955
-1972
-1904
-1712
-1473
-1207
-918
-582
-227
124
446
737
1008
1244
1417
1512
1553
1564
1529
1454
1323
1148
947
744
536
316
99
-151
-368
-586
-775
-947
-1107
-1193
-1246
-1262
-1269
-1212
-1090
-881
-659
-406
-116
217
680
1189
1683
2103
2427
2680
2864
2939
2874
2641
2261
1800
1259
598
-153
-901
-1553
-2084
-2555
-2985
-3282
-3357
-3242
-3018
-2715
-2335
-1851
-1307
-801
-330
111
526
880
1150
1317
1425
1487
1498
1508
1474
1413
1312
1179
1052
903
708
456
178
-96
-408
-768
-1151
-1536
-1846
-2129
-2376
-2536
-2577
-2474
-2287
-1998
-1616
-1131
-552
28
604
1167
1691
2148
2480
2697
2776
2743
2581
2304
1965
1559
1098
579
70
-393
-822
-1191
-1509
-1727
-1868
-1938
-1947
-1872
-1702
-1463
-1206
-933
-615
-287
67
378
664
945
1182
1356
1469
1550
1601
1580
1499
1341
1175
973
734
468
190
-50
-308
-557
-795
-988
-1135
-1255
-1326
-1349
-1320
-1250
-1157
-1007
-791
-526
-243
61
387
788
1269
1762
2213
2558
2799
2963
3060
3037
2820
2432
1932
1385
745
-14
-802
-1499
-2072
-2540
-2966
-3297
-3439
-3335
-3074
-2734
-2355
-1904
-1339
-794
-326
137
548
902
1186
1375
1484
1523
1542
1533
1511
1455
1351
1201
1037
865
694
445
126
-210
-545
-923
-1334
-1756
-2095
-2341
-2546
-2700
-2742
-2631
-2389
-2037
-1612
-1109
-514
92
691
1226
1721
2175
2490
2687
2753
2709
2539
2267
1959
1581
1148
652
128
-322
-748
-1131
-1486
-1770
-1936
-2016
-2046
-2036
-1899
-1664
-1352
-1039
-732
-352
45
454
815
1109
1381
1598
1754
1822
1816
1769
1701
1530
1314
1050
750
449
149
-123
-395
-657
-897
-1078
-1221
-1313
-1366
-1355
-1308
-1185
-1060
-922
-727
-481
-199
88
378
711
1070
1485
1931
2354
2710
2920
3021
3047
2985
2774
2392
1852
1260
634
-80
-863
-1628
-2224
-2681
-3043
-3329
-3512
-3467
-3238
-2877
-2459
-2014
-1486
-932
-425
30
444
813
1131
1370
1516
1586
1593
1567
1525
1452
1336
1160
954
731
508
245
-101
-453
-823
-1181
-1547
-1916
-2246
-2470
-2591
-2640
-2618
-2483
-2197
-1808
-1321
-784
-197
410
989
1520
2001
2406
2692
2828
2839
2743
2531
2211
1830
1421
997
510
-19
-515
-932
-1241
-1541
-1779
-1936
-1973
-1933
-1863
-1738
-1511
-1181
-834
-516
-209
152
535
897
1214
1453
1660
1806
1877
1900
1867
1743
1579
1342
1047
734
373
21
-298
-589
-865
-1131
-1382
-1528
-1570
-1544
-1492
-1396
-1227
-1016
-763
-525
-266
35
340
664
951
1239
1531
1873
2244
2582
2810
2900
2895
2806
2646
2350
1908
1330
712
62
-649
-1399
-2101
-2633
-3027
-3325
-3567
-3649
-3514
-3203
-2784
-2320
-1812
-1242
-656
-119
347
765
1144
1447
1654
1754
1773
1732
1623
1509
1361
1170
922
634
350
92
-211
-584
-970
-1308
-1639
-1978
-2291
-2526
-2640
-2656
-2597
-2474
-2217
-1836
-1339
-793
-220
379
983
1528
2030
2452
2743
2947
3018
2967
2790
2475
2097
1667
1230
758
244
-283
-747
-1118
-1421
-1666
-1861
-1957
-1969
-1895
-1789
-1601
-1317
-980
-616
-275
72
459
856
1200
1505
1743
1906
2014
2018
1972
1850
1657
1399
1062
704
291
-134
-530
-879
-1179
-1448
-1689
-1830
-1886
-1826
-1712
-1570
-1361
-1116
-828
-551
-262
44
347
655
940
1181
1419
1636
1869
2146
2409
2624
2724
2679
2570
2453
2236
1854
1330
723
126
-497
-1199
-1884
-2453
-2875
-3168
-3381
-3481
-3420
-3144
-2722
-2236
-1712
-1175
-590
-32
480
932
1307
1590
1779
1879
1874
1778
1607
1412
1208
987
705
373
48
-257
-518
-821
-1160
-1479
-1747
-1977
-2174
-2349
-2430
-2382
-2276
-2089
-1850
-1521
-1083
-566
-39
470
976
1445
1861
2196
2469
2637
2706
2662
2507
2242
1896
1516
1103
667
218
-233
-705
-1087
-1380
-1593
-1752
-1854
-1872
-1816
-1685
-1495
-1246
-936
-569
-199
172
536
886
1211
1511
1722
1864
1941
1923
1849
1698
1464
1169
827
482
91
-316
-678
-987
-1240
-1441
-1577
-1688
-1703
-1626
-1507
-1314
-1119
-868
-598
-288
21
299
598
854
1094
1308
1508
1680
1842
2035
2249
2449
2571
2589
2494
2340
2164
1899
1496
983
388
-192
-789
-1402
-2017
-2507
-2866
-3090
-3231
-3304
-3211
-2937
-2539
-2092
-1624
-1120
-589
-68
390
792
1121
1389
1573
1656
1636
1532
1357
1146
965
711
419
106
-203
-491
-731
-1012
-1306
-1554
-1771
-1895
-2008
-2098
-2111
-2022
-1877
-1705
-1484
-1188
-807
-374
44
464
854
1226
1572
1845
2061
2201
2266
2244
2124
1951
1717
1453
1180
853
505
149
-219
-559
-845
-1068
-1283
-1430
-1541
-1579
-1534
-1433
-1261
-1013
-689
-355
-3
352
721
1072
1364
1572
1721
1771
1752
1642
1442
1207
916
603
253
-84
-418
-695
-926
-1114
-1246
-1328
-1349
-1331
-1239
-1097
-923
-749
-578
-350
-124
112
335
533
742
926
1092
1261
1407
1556
1736
1927
2102
2263
2349
2325
2232
2067
1874
1576
1156
642
90
-431
-985
-1576
-2123
-2549
-2837
-3025
-3151
-3172
-3030
-2728
-2334
-1905
-1435
-935
-431
42
468
849
1130
1336
1474
1510
1463
1333
1173
992
791
559
277
-25
-305
-517
-745
-997
-1241
-1453
-1597
-1719
-1864
-1939
-1956
-1875
-1762
-1639
-1452
-1186
-818
-433
-63
315
702
1077
1404
1696
1941
2113
2186
2190
2137
2029
1850
1612
1333
1051
740
401
46
-296
-594
-873
-1109
-1323
-1472
-1548
-1535
-1463
-1311
-1088
-810
-500
-153
210
569
884
1172
1384
1526
1599
1594
1518
1375
1169
902
630
332
40
-242
-493
-710
-851
-961
-1039
-1063
-1048
-979
-872
-755
-633
-471
-275
-83
98
283
431
589
757
938
1105
1288
1468
1649
1886
2123
2332
2420
2420
2331
2228
2030
1679
1203
651
87
-496
-1124
-1773
-2347
-2773
-3072
-3285
-3421
-3420
-3229
-2893
-2483
-2024
-1531
-1008
-449
51
512
887
1184
1416
1539
1583
1536
1414
1245
1071
856
587
289
-5
-262
-511
-760
-1041
-1311
-1518
-1704
-1859
-2007
-2097
-2086
-2049
-1967
-1824
-1600
-1271
-899
-496
-67
375
825
1257
1652
2017
2294
2476
2582
2623
2586
2462
2243
1947
1630
1267
873
424
-22
-408
-788
-1122
-1432
-1667
-1787
-1844
-1825
-1721
-1523
-1242
-905
-555
-175
225
619
974
1257
1476
1616
1673
1670
1597
1444
1235
984
694
413
122
-165
-435
-649
-819
-955
-1079
-1138
-1145
-1109
-1038
-959
-847
-707
-534
-345
-159
54
278
479
687
905
1114
1357
1562
1754
1993
2216
2417
2521
2525
2429
2278
2058
1710
1267
714
138
-467
-1098
-1732
-2321
-2818
-3196
-3437
-3567
-3565
-3419
-3125
-2719
-2217
-1698
-1131
-522
38
555
1009
1346
1593
1746
1794
1750
1611
1406
1143
863
556
202
-124
-433
-693
-934
-1179
-1388
-1589
-1730
-1866
-1967
-2047
-2049
-1983
-1892
-1747
-1524
-1232
-886
-488
-72
416
891
1337
1768
2157
2490
2724
2876
2910
2845
2702
2450
2124
1725
1293
840
365
-120
-570
-966
-1323
-1604
-1817
-1937
-1955
-1907
-1769
-1560
-1276
-942
-567
-167
229
604
928
1188
1392
1524
1600
1631
1576
1463
1281
1046
794
514
229
-59
-321
-561
-778
-969
-1129
-1233
-1303
-1312
-1272
-1210
-1089
-939
-718
-487
-241
32
308
599
850
1098
1343
1591
1804
1947
2065
2170
2284
2396
2400
2304
2104
1845
1555
1194
721
164
-400
-952
-1473
-2039
-2559
-2960
-3205
-3302
-3330
-3269
-3060
-2694
-2207
-1672
-1126
-590
-35
501
958
1315
1577
1733
1810
1769
1619
1379
1071
741
402
79
-251
-580
-877
-1100
-1283
-1471
-1631
-1761
-1845
-1887
-1897
-1893
-1829
-1724
-1547
-1334
-1102
-798
-440
-23
398
831
1247
1655
2021
2342
2570
2697
2734
2682
2553
2328
2022
1667
1281
880
439
-1
-410
-756
-1051
-1316
-1540
-1702
-1768
-1743
-1670
-1531
-1329
-1067
-744
-425
-107
233
566
875
1141
1350
1495
1557
1563
1504
1385
1191
947
672
381
102
-175
-428
-691
-897
-1053
-1169
-1231
-1263
-1222
-1127
-999
-850
-683
-449
-187
83
347
599
841
1077
1266
1434
1594
1730
1832
1886
1903
1907
1918
1895
1818
1649
1392
1129
811
459
40
-434
-886
-1325
-1716
-2139
-2478
-2713
-2791
-2765
-2685
-2515
-2255
-1864
-1419
-971
-547
-127
283
627
880
1027
1104
1095
1018
853
634
373
68
-181
-412
-623
-821
-1011
-1143
-1221
-1272
-1353
-1422
-1426
-1410
-1374
-1344
-1304
-1177
-1019
-844
-645
-419
-125
202
550
889
1198
1507
1782
1998
2161
2248
2274
2202
2071
1894
1632
1341
1025
703
379
87
-214
-457
-642
-768
-874
-959
-967
-929
-842
-750
-646
-515
-351
-165
-2
150
317
494
649
750
833
884
907
901
848
752
630
486
302
116
-87
-286
-478
-650
-793
-908
-971
-986
-956
-882
-755
-610
-432
-204
47
269
463
652
830
960
1052
1070
1079
1080
1070
1038
955
893
856
862
907
932
907
830
744
677
588
403
127
-151
-423
-701
-1015
-1349
-1626
-1794
-1867
-1922
-1965
-1921
-1760
-1522
-1262
-1009
-780
-529
-303
-111
20
112
150
163
121
41
-80
-227
-302
-364
-403
-445
-488
-511
-503
-447
-403
-400
-399
-416
-428
-432
-459
-479
-467
-439
-386
-323
-246
-120
63
270
482
668
856
1040
1209
1353
1431
1466
1467
1442
1401
1316
1177
1051
935
804
650
490
390
296
192
45
-110
-226
-311
-412
-526
-623
-682
-707
-706
-674
-606
-502
-373
-230
-76
91
236
356
474
552
611
597
559
484
407
322
188
69
-58
-161
-241
-299
-342
-347
-322
-292
-225
-166
-107
-54
-7
45
88
133
140
118
106
107
137
177
248
320
409
561
754
988
1211
1350
1443
1499
1509
1456
1280
1016
670
318
-81
-555
-1042
-1468
-1824
-2108
-2354
-2566
-2649
-2597
-2449
-2251
-2018
-1772
-1469
-1132
-818
-544
-289
-71
120
274
370
422
456
493
530
545
522
479
446
426
384
296
165
28
-85
-211
-369
-537
-670
-755
-832
-877
-885
-835
-705
-532
-325
-88
174
457
748
1032
1290
1508
1702
1841
1944
1974
1972
1915
1841
1717
1547
1353
1116
896
647
366
66
-257
-568
-847
-1106
-1337
-1540
-1657
-1708
-1673
-1593
-1441
-1204
-900
-574
-235
95
415
690
958
1143
1233
1252
1203
1118
983
791
567
336
93
-118
-327
-494
-607
-694
-729
-778
-800
-786
-769
-724
-682
-643
-582
-522
-439
-326
-205
-58
103
310
579
833
1077
1345
1649
1963
2207
2361
2399
2364
2262
2076
1768
1324
811
259
-313
-900
-1507
-2067
-2505
-2839
-3084
-3254
-3316
-3225
-2984
-2638
-2253
-1843
-1419
-960
-500
-93
268
546
776
969
1079
1109
1103
1079
1034
982
873
745
598
461
325
158
-27
-237
-442
-629
-819
-1001
-1169
-1277
-1341
-1345
-1299
-1210
-1020
-760
-444
-99
278
654
1047
1412
1739
2014
2225
2376
2443
2445
2330
2175
1974
1726
1422
1078
739
405
97
-192
-488
-747
-987
-1190
-1352
-1476
-1553
-1576
-1531
-1429
-1288
-1121
-883
-610
-292
27
316
592
855
1087
1251
1313
1328
1278
1185
1001
763
502
205
-61
-328
-577
-816
-989
-1121
-1222
-1230
-1225
-1170
-1072
-922
-763
-589
-415
-229
-32
146
337
500
662
828
1014
1176
1348
1464
1589
1695
1797
1897
1931
1910
1780
1572
1324
1020
653
206
-293
-807
-1284
-1747
-2202
-2589
-2854
-2990
-3051
-3019
-2887
-2621
-2239
-1811
-1361
-918
-473
-57
308
593
823
971
1042
1067
1016
937
812
656
523
393
265
119
-12
-90
-158
-252
-379
-512
-630
-711
-824
-928
-1000
-1032
-982
-931
-804
-626
-364
-62
263
603
953
1297
1611
1888
2094
2215
2264
2222
2117
1959
1738
1457
1149
857
559
273
-6
-241
-409
-540
-648
-751
-809
-834
-842
-857
-877
-877
-847
-808
-764
-666
-544
-372
-185
16
202
395
585
703
814
849
828
760
640
487
290
60
-195
-410
-608
-796
-947
-1062
-1094
-1069
-1016
-937
-805
-650
-457
-289
-105
73
247
409
520
619
702
774
830
877
906
932
977
998
988
986
991
1001
1011
998
915
779
598
421
216
-42
-364
-706
-1004
-1292
-1576
-1812
-1999
-2087
-2078
-2031
-1939
-1799
-1557
-1265
-949
-659
-389
-125
119
331
481
578
629
651
622
567
495
416
340
281
210
132
37
-38
-82
-144
-221
-335
-421
-477
-518
-546
-566
-565
-523
-418
-298
-136
55
263
510
731
924
1094
1267
1411
1520
1584
1566
1503
1402
1277
1131
959
766
554
366
196
36
-116
-215
-293
-368
-435
-522
-577
-618
-658
-699
-731
-750
-724
-663
-615
-532
-416
-284
-142
-5
123
254
364
457
501
506
484
406
306
199
63
-95
-269
-412
-531
-634
-724
-792
-811
-787
-734
-658
-547
-420
-262
-113
38
184
337
488
611
690
746
785
794
779
733
690
647
603
536
469
399
387
430
487
542
551
546
501
484
413
301
136
-105
-333
-593
-851
-1091
-1316
-1463
-1552
-1581
-1587
-1515
-1351
-1109
-832
-586
-332
-105
124
284
397
451
443
371
267
119
-21
-161
-281
-343
-397
-400
-385
-323
-232
-83
28
101
154
203
248
222
187
119
75
50
19
-13
-7
52
150
254
386
510
620
735
825
885
905
883
805
704
572
428
282
143
26
-67
-144
-186
-199
-190
-159
-115
-70
-40
-7
22
26
-13
-69
-123
-182
-235
-280
-303
-297
-269
-225
-177
-116
-36
28
84
115
112
83
30
-23
-95
-189
-277
-365
-415
-453
-458
-439
-400
-298
-197
-71
25
124
232
321
399
442
428
405
374
310
237
152
77
-4
-65
-101
-104
-71
-15
65
162
275
409
569
743
906
997
1041
1006
949
857
713
506
256
7
-249
-488
-727
-948
-1094
-1171
-1220
-1233
-1218
-1149
-1032
-903
-785
-694
-624
-557
-522
-489
-473
-441
-395
-341
-254
-159
-27
93
250
414
557
673
733
805
812
781
678
517
331
129
-74
-309
-498
-632
-729
-798
-797
-746
-635
-495
-334
-161
21
185
334
459
556
614
641
659
654
654
639
625
613
625
678
735
743
716
640
573
491
362
184
-14
-213
-382
-546
-693
-801
-855
-850
-813
-741
-639
-504
-353
-183
-24
75
170
248
304
325
298
285
248
220
175
120
88
52
43
24
7
-23
-48
-55
-81
-129
-205
-255
-301
-324
-360
-368
-356
-311
-250
-167
-69
35
165
294
447
583
717
835
930
1014
1070
1100
1131
1157
1173
1146
1039
895
761
611
423
195
-75
-340
-583
-824
-1064
-1270
-1427
-1515
-1557
-1572
-1520
-1422
-1251
-1054
-860
-646
-457
-266
-103
50
147
212
265
319
335
300
265
217
191
170
116
32
-70
-150
-206
-301
-419
-539
-638
-720
-783
-839
-854
-823
-760
-649
-530
-354
-154
50
262
456
639
801
941
1061
1136
1158
1138
1074
997
931
824
695
571
458
365
259
154
99
88
122
117
109
93
74
72
44
7
-64
-134
-184
-245
-284
-333
-346
-329
-274
-217
-175
-135
-67
-5
35
36
5
-26
-63
-103
-174
-266
-329
-384
-417
-434
-423
-413
-356
-290
-236
-167
-116
-46
19
73
91
101
104
110
120
134
123
113
121
135
156
191
225
288
374
448
527
609
694
815
960
1083
1159
1189
1170
1128
1094
970
801
576
337
98
-171
-429
-667
-849
-984
-1090
-1198
-1261
-1236
-1195
-1110
-1057
-1022
-986
-949
-892
-838
-783
-737
-677
-596
-490
-389
-268
-116
41
202
318
415
474
514
532
461
332
162
-19
-203
-380
-562
-720
-827
-879
-878
-843
-738
-588
-396
-201
-9
185
357
509
642
737
792
837
848
870
884
915
906
899
915
922
923
902
883
829
763
661
535
379
197
23
-165
-345
-510
-647
-752
-815
-844
-836
-814
-746
-643
-533
-403
-275
-131
-2
121
218
301
359
391
409
377
347
325
280
224
140
38
-52
-132
-212
-307
-391
-460
-494
-522
-539
-523
-504
-452
-380
-297
-194
-89
37
170
304
411
504
587
677
777
838
893
938
978
1049
1099
1145
1197
1231
1285
1314
1296
1207
1058
893
715
483
187
-146
-462
-788
-1074
-1345
-1579
-1750
-1857
-1897
-1916
-1883
-1793
-1649
-1460
-1274
-1117
-959
-794
-621
-459
-335
-231
-135
-35
50
133
199
241
280
287
264
202
124
48
-56
-168
-311
-440
-555
-614
-637
-648
-607
-517
-392
-248
-99
61
245
433
587
698
792
864
915
947
956
933
922
912
894
869
850
820
781
742
691
600
488
362
234
108
-22
-150
-264
-332
-378
-385
-390
-361
-284
-200
-90
-15
74
138
179
208
204
180
117
63
-22
-86
-176
-244
-301
-343
-365
-403
-416
-436
-423
-413
-404
-390
-379
-328
-293
-242
-189
-129
-55
10
81
154
210
278
334
382
409
427
460
475
500
505
507
487
464
464
467
474
432
416
409
402
403
387
406
432
477
541
565
560
543
516
458
359
188
1
-204
-423
-632
-877
-1118
-1329
-1486
-1626
-1720
-1784
-1788
-1739
-1641
-1537
-1418
-1259
-1085
-883
-709
-537
-383
-204
-42
103
211
301
409
501
563
579
567
551
526
487
414
323
233
140
81
14
-44
-84
-116
-117
-124
-118
-89
-63
-12
17
59
112
170
269
386
511
646
786
920
1051
1179
1274
1330
1354
1323
1246
1125
957
771
554
337
114
-99
-295
-449
-553
-610
-620
-613
-589
-562
-509
-455
-412
-380
-361
-369
-360
-354
-348
-312
-280
-215
-147
-67
0
103
179
242
283
270
241
178
114
19
-84
-194
-308
-403
-458
-505
-517
-511
-490
-445
-387
-294
-192
-75
37
154
256
355
440
544
608
663
706
703
698
661
610
549
503
456
398
346
303
270
259
258
300
342
376
394
350
287
225
128
1
-152
-335
-510
-682
-847
-991
-1091
-1171
-1218
-1231
-1239
-1216
-1185
-1132
-1073
-1028
-988
-940
-867
-794
-706
-607
-481
-330
-166
11
157
319
473
586
665
707
708
684
624
562
469
370
285
207
152
103
72
70
68
66
67
76
95
112
128
137
171
189
216
259
316
386
463
543
617
691
749
803
816
832
795
739
670
576
499
405
302
204
99
-10
-101
-200
-269
-332
-414
-487
-546
-583
-616
-604
-603
-586
-536
-472
-367
-270
-171
-84
-11
48
86
97
90
72
41
-11
-76
-141
-208
-237
-262
-276
-292
-294
-274
-241
-213
-189
-175
-147
-127
-105
-98
-87
-54
-4
26
54
108
161
251
325
381
417
439
462
486
487
487
490
469
475
472
464
465
464
472
492
508
518
524
503
458
363
256
113
-29
-220
-403
-589
-761
-919
-1073
-1198
-1296
-1343
-1376
-1385
-1368
-1331
-1250
-1150
-1023
-884
-742
-551
-364
-195
-33
140
293
431
539
620
667
685
700
697
677
619
564
498
439
370
296
215
120
49
-30
-110
-167
-226
-260
-276
-280
-256
-210
-120
-7
117
249
378
522
656
776
859
910
941
930
898
836
754
655
556
436
304
160
32
-98
-199
-288
-371
-445
-516
-542
-547
-527
-493
-448
-386
-347
-315
-275
-231
-199
-190
-175
-174
-155
-138
-104
-62
-29
21
56
75
77
82
68
42
-2
-71
-140
-214
-274
-315
-344
-362
-354
-327
-299
-249
-179
-97
-27
47
96
154
226
277
308
323
339
344
350
348
334
326
324
302
280
272
270
274
279
264
254
251
245
216
202
188
167
176
183
228
258
265
272
250
210
130
29
-82
-210
-347
-497
-660
-802
-923
-1015
-1080
-1121
-1132
-1111
-1058
-1002
-907
-786
-644
-492
-318
-147
14
199
358
516
640
715
784
801
808
783
722
653
557
462
373
277
168
62
-39
-118
-192
-265
-339
-382
-414
-430
-419
-399
-356
-282
-183
-81
56
162
276
387
498
574
619
676
698
694
656
596
498
396
297
184
59
-69
-197
-309
-412
-490
-551
-580
-603
-588
-540
-480
-411
-384
-325
-272
-222
-172
-107
-48
18
94
167
243
308
382
433
464
454
411
356
274
157
26
-110
-234
-335
-421
-481
-499
-496
-468
-405
-336
-239
-143
-43
65
178
278
374
447
509
554
576
573
543
512
454
398
341
273
206
146
96
42
-4
-49
-78
-92
-90
-96
-96
-123
-156
-161
-163
-140
-119
-67
-14
51
137
232
310
397
448
446
424
349
248
126
-18
-175
-334
-496
-636
-762
-848
-914
-947
-962
-956
-945
-903
-829
-719
-580
-438
-283
-139
47
217
362
477
570
621
630
602
547
492
424
350
264
191
109
28
-22
-97
-136
-196
-256
-316
-369
-406
-439
-411
-382
-323
-266
-187
-102
-42
43
123
185
234
269
328
382
442
499
544
574
596
583
559
510
433
350
239
143
23
-78
-160
-226
-254
-261
-254
-250
-230
-216
-183
-161
-147
-140
-134
-116
-80
-29
14
59
88
129
165
189
210
218
227
235
230
213
200
193
189
172
146
99
44
-4
-77
-123
-154
-163
-154
-124
-100
-57
-10
38
63
51
44
28
4
-36
-68
-105
-116
-125
-123
-110
-81
-53
-52
-40
-34
-32
-17
-4
22
45
72
95
110
135
133
129
111
89
70
34
9
20
27
54
76
96
107
104
88
25
-33
-117
-194
-248
-308
-333
-354
-351
-317
-282
-262
-241
-220
-233
-251
-262
-266
-254
-246
-208
-167
-121
-82
-44
3
32
40
27
24
3
-9
-23
-22
-33
-36
-34
-30
-28
-52
-73
-105
-147
-192
-226
-238
-219
-187
-134
-66
10
93
161
227
279
306
314
331
344
341
357
359
363
366
367
365
356
329
296
246
201
149
109
68
30
24
31
51
63
67
65
32
8
-7
-27
-35
-46
-47
-48
-34
1
32
38
30
10
-26
-68
-117
-153
-157
-159
-146
-136
-116
-96
-66
-52
-44
-59
-86
-117
-118
-110
-95
-83
-59
-32
2
45
63
75
49
38
13
-8
-32
-49
-45
-41
-37
-24
-15
-17
-11
-18
-20
-19
-14
-8
17
50
85
139
187
238
280
309
331
354
357
382
387
393
415
433
444
408
371
314
227
118
-10
-158
-283
-392
-504
-573
-622
-654
-665
-670
-674
-679
-689
-685
-692
-679
-655
-627
-565
-492
-399
-300
-196
-94
-18
50
101
140
168
172
160
145
128
105
95
65
36
16
-22
-49
-76
-95
-95
-88
-61
-13
44
111
166
230
293
336
380
400
408
407
429
452
485
515
546
590
611
634
630
603
557
469
377
273
179
89
20
-33
-107
-157
-206
-244
-266
-288
-288
-296
-291
-286
-271
-233
-191
-152
-132
-127
-133
-121
-123
-132
-139
-154
-157
-153
-122
-105
-92
-69
-56
-39
-29
-23
-37
-50
-73
-95
-112
-137
-156
-172
-187
-184
-165
-145
-115
-88
-63
-6
38
101
155
208
272
320
360
387
416
406
398
369
345
323
287
263
221
190
163
147
134
124
100
72
42
2
-29
-64
-97
-131
-154
-173
-175
-170
-162
-159
-163
-148
-139
-142
-149
-167
-184
-217
-251
-277
-292
-317
-331
-344
-365
-386
-409
-422
-426
-418
-407
-377
-349
-302
-251
-202
-165
-135
-112
-86
-51
-24
0
21
46
74
112
157
208
242
283
314
310
301
283
274
256
248
222
198
179
166
162
159
164
150
138
115
90
88
86
99
105
105
119
126
139
144
135
127
112
107
100
98
83
74
65
61
65
77
81
60
43
-3
-55
-101
-131
-150
-159
-174
-178
-189
-188
-203
-210
-214
-220
-213
-201
-171
-127
-78
-30
29
73
119
165
204
229
235
240
233
241
240
240
244
241
240
223
216
183
164
127
89
51
13
-15
-35
-58
-87
-96
-125
-145
-164
-184
-206
-220
-224
-212
-197
-177
-154
-127
-106
-91
-90
-90
-81
-80
-72
-64
-59
-55
-47
-41
-18
2
20
55
76
95
108
102
107
110
97
96
82
92
92
84
77
43
29
-2
-37
-50
-66
-78
-97
-120
-150
-174
-208
-240
-261
-288
-298
-320
-317
-310
-308
-294
-282
-257
-223
-182
-144
-110
-81
-43
-25
-10
18
40
40
48
66
81
101
111
120
119
126
137
143
128
117
110
92
83
60
53
48
54
68
80
93
115
148
192
220
247
267
288
312
327
334
343
324
306
291
259
246
230
208
188
170
139
101
72
39
8
-3
-17
-21
-22
-27
-30
-42
-46
-57
-74
-67
-68
-46
-25
-10
14
26
37
32
17
7
-7
-28
-47
-84
-107
-117
-132
-158
-175
-183
-206
-234
-257
-281
-290
-324
-331
-330
-312
-283
-245
-196
-163
-147
-128
-112
-104
-70
-29
11
47
76
102
128
132
160
169
177
182
193
183
166
150
111
59
20
3
-21
-19
-10
-26
-25
-36
-35
-20
15
42
58
79
90
126
141
158
165
163
157
128
104
84
39
9
-42
-104
-147
-203
-241
-284
-315
-344
-362
-364
-356
-350
-353
-345
-343
-319
-296
-265
-221
-188
-154
-116
-84
-24
10
39
74
92
118
138
168
188
202
223
220
222
235
235
245
237
229
218
218
221
209
208
209
213
216
232
237
242
242
232
220
216
194
192
182
180
172
163
161
143
131
97
75
41
0
-28
-61
-109
-147
-204
-245
-268
-293
-302
-323
-326
-328
-322
-294
-260
-224
-194
-154
-118
-79
-47
-15
-6
4
13
20
30
39
59
73
88
92
101
94
79
54
29
-7
-41
-58
-84
-101
-125
-138
-137
-121
-132
-110
-82
-46
-7
12
59
77
118
142
170
198
207
223
209
196
176
142
134
107
80
49
10
-10
-47
-76
-116
-135
-159
-187
-208
-235
-245
-249
-252
-242
-206
-175
-126
-82
-44
7
29
62
84
115
140
156
175
173
160
154
142
122
108
78
56
31
13
-5
-18
-29
-46
-59
-53
-40
-23
-1
4
25
38
57
81
113
147
173
192
208
233
254
258
253
240
229
203
174
142
105
65
17
-16
-69
-98
-138
-168
-206
-249
-262
-265
-271
-264
-245
-232
-187
-161
-138
-106
-91
-65
-40
-37
-40
-43
-49
-61
-58
-56
-66
-73
-84
-97
-111
-122
-143
-156
-178
-172
-163
-165
-158
-144
-119
-98
-76
-49
-17
8
30
43
63
67
83
94
117
121
138
162
165
174
163
177
180
195
207
205
194
176
148
119
91
65
44
22
16
6
3
5
7
13
30
51
69
73
72
68
47
34
36
43
41
29
9
-7
-21
-25
-32
-26
-7
16
18
14
-5
-11
-26
-8
6
12
29
29
40
32
42
37
43
45
42
39
37
33
22
11
1
-5
-6
-4
-7
-3
-1
4
-6
-20
-16
-18
-28
-35
-43
-41
-39
-56
-69
-81
-89
-102
-106
-116
-126
-130
-139
-142
-153
-158
-178
-175
-176
-182
-186
-199
-197
-189
-182
-190
-180
-178
-161
-147
-152
-140
-148
-134
-119
-111
-100
-85
-70
-57
-45
-30
-17
1
33
57
73
86
97
113
128
131
134
140
141
150
160
158
157
152
156
162
159
169
163
167
172
166
167
175
182
184
193
169
150
121
92
76
52
45
40
52
68
80
92
100
104
101
94
85
94
86
93
94
86
70
50
25
9
-20
-36
-44
-53
-49
-36
-10
-1
14
22
33
35
40
42
38
32
12
-2
-8
-19
-43
-41
-51
-52
-51
-56
-57
-52
-41
-36
-22
-13
-19
-10
-19
-21
-43
-61
-67
-77
-70
-74
-88
-91
-91
-94
-101
-99
-84
-80
-73
-74
-74
-70
-64
-56
-67
-61
-77
-84
-101
-116
-121
-124
-126
-121
-105
-99
-88
-98
-97
-106
-112
-106
-88
-72
-58
-45
-40
-36
-38
-47
-49
-54
-49
-56
-58
-48
-39
-33
-14
-2
6
11
5
6
5
14
12
10
11
18
22
35
44
49
54
68
68
82
95
115
127
124
117
112
116
98
102
74
50
42
24
8
4
16
25
32
35
32
36
44
59
74
88
112
120
144
146
158
161
161
170
182
200
211
231
236
233
209
194
170
141
116
103
68
41
15
-9
-21
-46
-65
-85
-90
-95
-109
-114
-113
-94
-68
-63
-47
-38
-32
-28
-34
-41
-45
-41
-48
-61
-71
-71
-82
-77
-62
-65
-66
-86
-96
-118
-138
-149
-171
-193
-208
-213
-220
-237
-235
-243
-241
-227
-215
-186
-160
-129
-100
-58
-33
-15
0
38
59
71
86
96
111
116
111
91
76
59
43
11
-21
-28
-34
-32
-33
-34
-33
-41
-42
-42
-35
-24
-17
-6
6
17
47
59
74
86
80
88
81
71
72
67
77
76
78
68
56
50
27
11
-19
-34
-45
-48
-69
-79
-83
-79
-84
-81
-84
-85
-80
-61
-47
-27
7
23
50
81
105
120
147
161
172
179
188
191
183
189
192
194
189
181
168
159
153
147
143
137
141
130
117
95
84
62
41
37
29
18
19
7
7
-3
-12
-16
-34
-51
-62
-75
-81
-82
-87
-96
-112
-126
-143
-159
-159
-155
-156
-151
-150
-145
-145
-136
-137
-130
-130
-129
-130
-143
-138
-144
-138
-120
-129
-107
-86
-67
-42
-34
-19
-20
-12
0
11
14
28
37
52
60
54
61
56
59
48
44
41
52
58
59
66
71
76
74
70
63
64
56
46
54
52
63
65
69
71
55
66
60
58
58
57
66
65
71
68
58
56
45
45
48
40
35
30
37
23
12
-6
-18
-29
-44
-36
-41
-42
-50
-60
-56
-58
-48
-50
-42
-46
-47
-51
-66
-70
-66
-56
-54
-48
-35
-34
-31
-46
-54
-54
-48
-47
-39
-23
-19
-14
-18
-8
-12
-16
-40
-61
-74
-86
-96
-97
-91
-78
-61
-64
-54
-67
-68
-69
-56
-35
-28
-8
13
21
43
64
59
62
61
51
36
15
8
1
-10
-9
-22
-4
0
1
3
4
-3
-1
-2
10
15
11
15
10
15
19
27
37
47
59
81
100
114
138
149
168
168
166
156
138
127
113
104
102
91
84
72
51
34
24
17
14
18
22
33
31
26
19
19
18
12
4
-1
-4
-10
-3
1
4
8
12
22
19
9
2
-17
-34
-34
-54
-56
-71
-79
-92
-99
-104
-111
-110
-122
-111
-116
-115
-115
-110
-110
-117
-114
-117
-126
-127
-129
-136
-125
-109
-96
-84
-74
-64
-51
-41
-32
-26
-13
-6
-9
4
12
9
14
13
8
9
13
9
2
-6
-9
-23
-21
-13
-1
12
16
20
31
43
50
58
70
74
76
77
59
52
36
35
38
36
34
27
32
38
43
48
40
34
27
25
32
36
34
44
52
45
57
53
61
61
54
64
65
73
70
81
77
86
96
105
101
100
94
80
90
70
69
71
77
68
63
57
44
29
14
1
-14
-20
-34
-37
-38
-45
-42
-46
-34
-36
-19
-14
-17
0
8
21
21
26
25
22
16
-1
-17
-26
-37
-59
-69
-72
-72
-81
-97
-94
-90
-100
-89
-101
-105
-100
-85
-82
-74
-57
-59
-47
-39
-30
-30
-34
-38
-36
-48
-55
-61
-66
-71
-70
-78
-81
-75
-76
-76
-85
-92
-92
-77
-75
-74
-67
-65
-47
-37
-21
-8
2
25
40
63
73
86
98
100
106
119
122
112
105
97
76
71
50
34
30
4
-7
-27
-34
-38
-48
-38
-36
-36
-28
-24
-11
-15
-12
-4
-7
-10
-6
4
19
27
29
36
46
54
52
59
50
44
50
54
69
76
80
87
84
75
69
52
47
58
60
58
57
53
52
48
53
47
53
55
58
63
51
56
45
33
20
11
3
6
-4
-18
-29
-39
-54
-51
-54
-61
-59
-61
-71
-67
-66
-58
-45
-43
-32
-29
-35
-29
-36
-34
-26
-18
-24
-30
-37
-46
-51
-58
-65
-73
-70
-69
-74
-78
-78
-78
-56
-64
-62
-63
-63
-46
-47
-41
-49
-57
-63
-58
-55
-38
-35
-25
-18
-18
-16
-18
-11
-8
-1
-1
-8
-13
-3
-1
-4
-3
0
-11
-7
-9
-3
9
14
18
22
25
28
39
41
54
71
77
85
90
96
100
103
96
92
81
78
79
74
70
69
75
70
68
73
71
68
60
43
47
37
35
36
32
33
25
33
40
36
52
56
59
66
65
65
55
56
54
48
38
29
31
38
35
38
34
27
24
26
27
16
16
9
6
-9
-17
-24
-36
-50
-56
-61
-73
-77
-89
-89
-98
-106
-103
-102
-105
-109
-110
-113
-111
-122
-123
-120
-131
-133
-132
-126
-122
-109
-110
-108
-108
-102
-94
-90
-76
-66
-52
-49
-37
-31
-24
-22
-11
1
-1
1
6
13
22
24
25
19
19
16
23
26
28
41
38
37
38
39
48
55
59
61
63
60
57
61
69
79
89
95
106
124
136
136
133
129
128
117
114
99
92
91
78
63
51
42
29
19
15
6
-6
-12
-16
-24
-31
-32
-38
-44
-42
-38
-39
-33
-28
-15
-8
6
21
24
30
29
38
37
33
25
10
7
-6
-13
-14
-32
-33
-43
-51
-50
-55
-64
-66
-66
-57
-59
-48
-44
-53
-45
-53
-55
-44
-49
-42
-40
-44
-39
-42
-41
-40
-42
-26
-31
-20
-20
-22
-34
-36
-30
-41
-47
-49
-55
-56
-62
-73
-65
-71
-60
-61
-47
-43
-42
-32
-30
-15
-4
3
3
4
20
22
28
31
40
50
48
53
47
36
32
33
27
16
19
13
14
9
1
-2
-13
-5
-5
10
12
19
20
18
30
35
47
42
41
44
50
54
58
65
68
68
75
73
72
65
66
76
74
70
58
56
54
56
54
47
41
43
40
37
25
17
15
11
13
17
8
8
3
-5
-10
-14
-19
-25
-30
-33
-32
-34
-32
-42
-45
-49
-39
-47
-43
-48
-53
-48
-52
-41
-46
-34
-29
-25
-12
-8
2
12
11
13
12
14
13
8
10
10
9
-5
-5
-6
-10
-16
-25
-19
-27
-34
-34
-38
-31
-39
-39
-31
-30
-33
-24
-17
-11
-13
-8
-3
1
17
20
25
36
45
38
36
40
35
49
45
46
39
17
18
1
5
-2
-16
-31
-39
-39
-45
-58
-60
-57
-58
-52
-52
-47
-45
-39
-37
-25
-19
-14
-13
-8
-1
-6
0
5
12
16
17
19
15
11
19
10
3
7
0
4
1
5
6
1
5
1
2
0
10
12
24
32
43
55
54
53
58
61
65
75
72
68
63
68
52
44
38
36
28
29
14
16
10
10
5
0
-3
-16
-17
-31
-27
-28
-25
-32
-33
-32
-23
-32
-28
-29
-26
-23
-23
-24
-19
-8
-10
-5
-14
-16
-15
-24
-26
-29
-32
-26
-49
-46
-50
-54
-46
-49
-39
-38
-39
-30
-31
-25
-12
-6
6
9
17
22
20
25
14
23
23
14
18
13
8
9
1
-4
-6
-8
-8
-16
-16
-20
-29
-31
-37
-36
-24
-25
-23
-23
-22
-17
-9
-1
0
-4
-9
-7
-1
3
3
7
-1
-6
-2
-19
-18
-17
-25
-35
-41
-38
-44
-36
-38
-28
-16
2
12
23
42
51
67
72
78
88
97
93
104
100
98
98
95
90
80
73
72
61
66
63
53
58
54
47
32
23
21
20
1
-3
-6
-7
-9
-15
-22
-21
-25
-20
-21
-21
-26
-30
-32
-36
-38
-58
-60
-69
-64
-72
-70
-63
-69
-60
-62
-58
-53
-52
-57
-69
-62
-55
-45
-47
-40
-44
-37
-23
-9
1
7
13
7
10
16
26
32
30
27
26
20
26
29
40
45
45
44
40
37
33
34
37
40
38
44
42
46
42
44
51
55
57
49
53
52
50
44
37
33
31
28
12
4
-2
-9
-8
-14
-16
-22
-24
-43
-48
-45
-61
-65
-70
-70
-71
-72
-67
-65
-57
-52
-50
-46
-37
-28
-20
-18
-16
-10
-5
3
0
7
2
8
8
1
9
4
10
9
6
3
3
0
0
0
-3
-8
2
4
3
8
3
8
13
18
33
33
33
40
46
46
42
42
36
21
14
22
8
2
-15
-30
-27
-32
-27
-30
-35
-33
-34
-37
-44
-44
-42
-51
-39
-23
-15
-13
-10
-8
-2
-3
3
16
22
30
32
30
33
27
26
27
25
30
26
15
13
19
18
10
6
10
12
18
7
10
1
9
8
14
25
12
15
15
10
7
7
7
10
5
10
14
15
14
14
18
15
18
7
2
-1
-9
-13
-17
-27
-19
-21
-25
-26
-26
-25
-27
-28
-33
-32
-33
-35
-40
-52
-54
-57
-51
-52
-53
-63
-59
-54
-54
-47
-52
-38
-36
-25
-21
-23
-15
-18
-11
-10
-2
0
-5
-5
2
-1
-3
-6
-2
8
6
5
3
9
10
20
27
29
29
28
34
30
25
29
30
27
29
29
26
28
26
38
49
62
66
65
65
65
73
62
66
64
54
44
32
37
33
22
10
7
-2
-3
-2
-11
-11
-13
-10
-8
-10
-8
2
3
5
7
7
9
16
14
19
20
26
20
20
26
21
16
14
13
7
0
-3
5
5
-2
-7
-12
-8
-16
-12
-4
-5
-5
-13
-16
-18
-16
-17
-16
-15
-12
-19
-20
-12
-8
-9
-5
-12
-16
-7
-16
-16
-20
-34
-28
-26
-23
-17
-24
-21
-26
-31
-34
-41
-35
-37
-30
-33
-35
-31
-30
-26
-21
-19
-16
-8
0
-12
-11
-16
-14
-13
-20
-23
-22
-24
-34
-35
-37
-44
-34
-32
-26
-22
-11
-8
-14
-11
-10
-2
-7
-4
8
12
16
26
31
36
39
41
42
43
51
49
36
39
34
36
28
18
21
18
12
6
6
0
0
6
13
13
17
20
25
34
35
41
46
42
40
47
48
54
52
46
48
52
48
40
36
27
31
25
21
14
0
-7
-16
-30
-30
-26
-24
-23
-28
-28
-22
-23
-17
-12
-6
2
-8
1
4
10
-3
-10
-13
-15
-8
-2
5
4
10
4
-6
-15
-25
-26
-30
-44
-41
-44
-49
-51
-45
-51
-56
-55
-59
-63
-67
-66
-62
-60
-53
-41
-42
-30
-23
-9
-5
0
-3
1
4
2
-2
-4
0
-4
-3
-13
-15
-17
-21
-19
-17
-12
-10
-7
-5
-1
8
10
17
14
18
21
15
16
8
8
8
5
5
4
12
17
12
11
16
17
13
19
19
12
13
10
7
11
4
5
4
10
20
15
17
20
25
28
27
31
31
30
23
22
29
30
33
23
26
24
23
26
26
33
28
32
29
29
24
18
13
8
15
11
14
2
13
20
23
31
31
41
46
51
38
41
39
34
32
24
31
25
19
22
14
5
6
-6
-12
-15
-23
-20
-20
-17
-22
-19
-28
-33
-40
-40
-34
-45
-39
-55
-61
-60
-51
-57
-57
-59
-60
-48
-47
-32
-39
-40
-37
-37
-38
-34
-29
-36
-26
-26
-27
-27
-30
-24
-26
-22
-18
-12
-3
-8
0
10
2
2
3
7
8
3
5
5
8
7
8
9
14
20
22
33
27
32
27
34
34
37
43
33
29
31
28
24
23
19
12
13
17
16
17
18
18
22
27
27
22
21
20
24
24
21
23
14
15
12
10
9
16
13
11
8
-5
-5
-9
-10
-10
-13
-11
-13
-11
-6
-5
1
0
4
9
11
7
-1
-3
0
2
5
4
-4
0
-1
-1
-5
-13
-15
-18
-15
-17
-18
-24
-26
-24
-28
-27
-31
-31
-35
-34
-31
-19
-15
-14
-10
-10
-10
-1
-9
-9
2
-6
-9
-22
-20
-22
-37
-28
-40
-39
-35
-44
-41
-43
-36
-29
-31
-25
-15
-20
-8
-8
-14
-6
-6
-3
5
15
16
25
19
27
27
29
29
31
34
26
31
27
22
15
13
7
1
-1
-1
-12
-9
-9
-12
-13
1
7
10
10
5
15
18
29
26
31
35
32
36
32
26
27
22
12
15
10
7
6
-1
-1
0
-2
0
-2
-10
-10
-13
-12
-17
-17
-22
-20
-12
-20
-3
0
-1
4
15
21
30
39
42
52
54
52
43
37
36
30
22
9
8
3
-6
-13
-13
-11
-14
-12
-17
-14
-9
-17
-16
-16
-17
-22
-21
-36
-32
-23
-22
-15
-11
-9
-16
-12
-17
-11
-7
-11
-7
-9
-9
-11
-20
-13
-12
-7
-10
-23
-22
-28
-28
-25
-18
-13
-15
-2
-2
2
3
4
11
11
23
23
24
32
25
30
30
30
23
18
22
25
21
15
16
23
20
19
26
28
30
29
26
32
29
27
28
15
15
13
11
12
9
7
6
6
2
5
-5
-2
-1
-1
0
-9
-3
-8
-11
-12
-7
-15
-15
-12
-11
-13
-12
-6
-12
-13
-16
-15
-17
-15
-11
-7
0
-1
5
5
-6
-1
-8
-10
-10
-11
-8
-17
-11
-20
-20
-30
-31
-30
-27
-26
-31
-28
-32
-26
-24
-23
-16
-20
-20
-12
-21
-22
-26
-21
-15
-10
-7
-3
1
-3
7
-2
0
3
1
0
-1
-6
-9
-6
-3
-8
-3
-11
-14
-4
-6
0
5
9
6
13
