SAMPLES:	7418
BITSPERSAMPLE:	16
CHANNELS:	1
SAMPLERATE:	16000
NORMALIZED:	FALSE
6
21
9
5
10
9
6
6
4
8
8
-6
-1
-5
-3
-6
-6
-2
0
-2
4
-1
-7
-1
-3
-6
9
11
-2
-10
-11
3
-4
-17
-2
-3
0
-3
-12
0
-1
-3
-1
11
16
0
-6
3
7
4
2
3
9
15
-9
-9
-2
-6
-10
-13
-18
-21
-4
-9
-7
-5
-3
-4
-4
3
5
9
5
8
10
10
4
2
6
4
-1
-6
-5
-11
-7
-7
-12
-18
-13
-16
-11
-12
-10
-12
-13
-8
-9
-6
-13
-6
-15
-9
-12
-8
-10
-17
0
-6
-4
-15
-13
-11
-10
-9
-6
-11
-11
-2
4
5
9
12
3
11
10
16
11
9
15
16
9
7
14
14
9
9
11
8
12
9
9
9
17
9
9
14
22
19
7
9
9
6
4
5
3
9
5
8
7
5
9
-3
0
4
1
-10
-3
-2
-8
-10
-2
7
1
6
8
12
8
12
8
13
16
14
15
13
19
24
23
15
13
18
17
18
18
18
17
23
20
16
19
19
12
12
12
9
6
3
12
3
4
6
6
4
1
1
3
1
-2
0
-1
-4
-10
-12
-15
-15
-21
-19
-22
-27
-21
-26
-33
-41
-45
-36
-44
-48
-45
-54
-53
-50
-51
-56
-58
-56
-54
-52
-53
-51
-49
-47
-46
-44
-41
-45
-41
-44
-42
-38
-39
-29
-25
-30
-27
-22
-15
-19
-16
-7
-6
-1
-12
-8
-8
-3
-3
-13
2
6
15
23
22
35
44
53
43
58
65
60
60
55
61
60
62
53
54
62
60
70
72
85
100
112
138
180
245
313
362
398
425
444
433
405
346
301
225
124
29
-64
-123
-188
-254
-292
-312
-321
-341
-351
-332
-309
-288
-266
-227
-173
-115
-65
-2
59
102
125
114
91
60
2
-69
-158
-238
-312
-392
-457
-504
-511
-528
-524
-499
-447
-373
-300
-218
-113
-2
90
163
248
335
416
471
508
551
578
572
538
491
423
327
212
66
-50
-158
-270
-365
-434
-476
-484
-476
-447
-375
-299
-210
-123
-31
55
133
181
222
240
238
213
169
117
62
1
-61
-105
-137
-161
-170
-166
-165
-129
-82
-32
13
62
119
152
177
196
231
247
267
280
296
307
292
276
235
218
214
228
259
318
404
507
688
924
1159
1322
1396
1389
1291
1091
772
398
38
-335
-733
-1094
-1363
-1498
-1558
-1584
-1534
-1387
-1233
-1103
-930
-713
-452
-242
-68
99
266
424
502
553
553
497
343
113
-133
-372
-599
-827
-1010
-1136
-1220
-1272
-1262
-1175
-1021
-852
-648
-424
-170
92
337
578
805
1008
1118
1145
1123
1069
959
772
557
350
143
-25
-162
-218
-188
-122
-55
22
115
202
246
264
277
264
226
159
113
103
112
87
47
13
-2
-34
-71
-87
-71
-38
-6
37
112
176
241
294
333
346
323
279
190
141
78
10
-67
-138
-180
-223
-236
-256
-248
-223
-217
-210
-174
-114
-50
0
32
93
152
195
213
238
253
275
309
359
424
497
577
661
861
1133
1347
1439
1377
1186
881
474
-33
-534
-932
-1293
-1607
-1823
-1854
-1722
-1505
-1265
-971
-610
-284
-62
147
382
608
733
733
696
656
548
342
103
-138
-406
-748
-1085
-1332
-1456
-1514
-1533
-1449
-1279
-1064
-847
-612
-310
15
282
509
728
918
1055
1073
1026
939
760
467
123
-171
-385
-580
-729
-801
-769
-639
-496
-293
-19
273
510
699
866
1046
1221
1402
1520
1478
1349
1008
520
13
-493
-914
-1226
-1388
-1442
-1335
-1040
-657
-219
234
633
943
1134
1239
1243
1181
1032
835
578
265
-35
-321
-559
-737
-884
-1004
-1092
-1133
-1068
-913
-689
-408
-105
169
368
495
576
608
576
464
316
191
101
39
-10
-35
-35
5
45
84
187
344
503
765
1210
1692
1996
2066
1908
1570
1102
478
-226
-801
-1218
-1596
-1875
-1962
-1790
-1481
-1182
-894
-544
-199
6
142
318
566
770
835
799
735
612
370
26
-320
-688
-1124
-1541
-1828
-1891
-1796
-1626
-1355
-989
-603
-273
-29
207
439
620
676
726
793
803
747
617
453
237
-69
-437
-763
-969
-1054
-1074
-979
-761
-443
-68
296
661
1022
1288
1415
1427
1415
1376
1298
1200
1070
898
653
257
-206
-675
-1083
-1408
-1614
-1634
-1476
-1185
-754
-217
319
798
1132
1317
1357
1306
1139
928
703
449
182
-105
-379
-616
-814
-1002
-1147
-1222
-1209
-1132
-966
-719
-422
-56
276
515
668
719
696
606
484
343
193
77
-20
-57
-55
-56
-67
-53
2
79
191
365
586
847
1230
1825
2422
2747
2698
2286
1640
844
-89
-1040
-1688
-2032
-2283
-2427
-2343
-1966
-1414
-882
-497
-110
308
580
747
965
1220
1418
1438
1239
894
436
-127
-767
-1332
-1798
-2219
-2517
-2593
-2359
-1917
-1410
-873
-342
102
351
464
553
673
745
719
654
598
499
314
49
-262
-580
-953
-1333
-1570
-1540
-1281
-912
-465
64
598
1019
1333
1558
1734
1775
1623
1374
1110
889
657
422
246
67
-145
-438
-748
-990
-1111
-1122
-990
-711
-323
87
475
878
1167
1311
1258
1071
857
634
411
223
119
35
-69
-250
-452
-648
-843
-1020
-1154
-1203
-1144
-1001
-772
-445
-70
281
521
673
751
750
679
576
458
350
229
102
-9
-43
-54
-76
-117
-184
-250
-312
-290
-185
43
380
752
1103
1393
1646
2020
2432
2570
2321
1749
965
130
-704
-1486
-2007
-2159
-2146
-2101
-1947
-1584
-1039
-514
-96
249
599
850
950
1067
1172
1164
956
556
43
-497
-1045
-1592
-1977
-2191
-2340
-2398
-2268
-1884
-1346
-786
-324
76
393
580
650
692
748
738
620
438
235
16
-257
-505
-715
-874
-989
-1059
-988
-737
-322
103
495
863
1190
1405
1470
1465
1441
1352
1128
826
505
215
-5
-217
-380
-474
-480
-417
-280
-43
228
455
632
730
748
711
611
526
437
341
197
30
-102
-167
-211
-233
-233
-225
-213
-256
-312
-350
-363
-371
-401
-397
-385
-346
-250
-120
54
220
335
382
405
435
424
350
241
95
-51
-192
-313
-379
-383
-333
-276
-209
-152
-89
-25
80
201
339
494
696
847
955
1104
1417
1877
2106
1935
1400
659
-137
-892
-1514
-1848
-1803
-1584
-1393
-1193
-881
-505
-228
-54
99
252
385
492
613
776
807
612
219
-308
-887
-1485
-1967
-2178
-2170
-2057
-1890
-1570
-1090
-550
-84
266
523
682
738
712
703
733
697
547
298
18
-287
-628
-917
-1047
-1074
-1055
-962
-746
-341
176
664
1028
1317
1511
1555
1493
1420
1326
1190
975
663
285
-73
-356
-593
-769
-868
-861
-728
-445
-24
475
994
1493
1726
1629
1284
741
158
-320
-608
-826
-874
-760
-685
-640
-510
-389
-333
-198
-26
144
352
563
697
697
585
322
-81
-429
-688
-840
-849
-721
-508
-316
-141
-24
70
170
259
336
377
393
376
330
236
95
-55
-178
-258
-271
-221
-183
-90
5
86
192
297
426
524
675
1055
1695
2309
2550
2326
1736
895
-32
-885
-1499
-1714
-1631
-1565
-1582
-1471
-1263
-1055
-861
-690
-431
-104
205
499
820
1092
1161
953
515
-65
-738
-1325
-1714
-1903
-1993
-2050
-1979
-1712
-1299
-871
-411
68
491
739
820
820
800
698
497
249
18
-129
-273
-373
-390
-368
-405
-476
-518
-478
-284
-7
281
603
898
1120
1253
1363
1429
1393
1197
864
474
104
-203
-400
-470
-474
-443
-403
-347
-260
-140
61
428
916
1338
1442
1326
1046
559
47
-345
-575
-653
-619
-608
-662
-582
-424
-351
-221
39
324
556
805
955
920
739
338
-200
-667
-979
-1155
-1146
-948
-747
-642
-589
-529
-408
-167
132
448
756
944
969
889
729
525
276
31
-187
-293
-333
-393
-401
-357
-281
-231
-129
18
207
413
613
873
1413
2085
2439
2309
1833
1129
324
-379
-899
-1131
-1094
-1081
-1293
-1556
-1636
-1636
-1631
-1439
-1044
-519
19
471
849
1146
1214
971
505
-25
-507
-929
-1145
-1173
-1180
-1305
-1476
-1547
-1518
-1365
-1077
-665
-156
256
467
615
724
768
708
538
349
263
195
75
-31
-155
-330
-568
-771
-857
-744
-414
-9
388
726
923
995
971
932
855
749
633
493
337
214
170
166
148
94
4
-96
-123
-72
92
324
587
891
1130
1120
944
716
416
97
-113
-253
-336
-295
-316
-460
-530
-469
-429
-316
-27
263
523
666
612
372
63
-295
-653
-862
-907
-861
-777
-672
-589
-537
-463
-337
-103
222
546
797
916
901
776
520
200
-58
-278
-412
-506
-541
-494
-456
-419
-368
-233
-9
267
587
890
1088
1163
1164
1346
1795
2095
1927
1469
910
304
-282
-747
-942
-922
-946
-1264
-1634
-1705
-1560
-1371
-1110
-675
-178
216
417
568
713
711
503
144
-230
-513
-702
-820
-824
-912
-1167
-1465
-1621
-1601
-1423
-1117
-735
-340
-113
-93
-109
-5
138
196
213
269
423
558
518
359
189
26
-185
-350
-347
-180
97
310
355
285
178
87
61
142
351
617
881
1062
1087
1078
1064
1047
991
881
747
585
477
338
194
52
-23
77
173
145
83
5
-123
-229
-277
-282
-174
29
123
87
116
170
133
110
152
192
187
132
-61
-276
-441
-621
-777
-872
-921
-922
-874
-766
-644
-487
-290
-54
195
370
467
500
493
384
172
-45
-178
-250
-299
-386
-479
-481
-471
-458
-406
-217
118
476
752
975
1104
1071
964
799
845
1316
1852
2037
1788
1278
668
155
-197
-370
-299
-213
-373
-724
-1070
-1254
-1411
-1548
-1455
-1199
-886
-595
-345
-81
108
138
21
-41
45
175
280
321
241
-75
-546
-994
-1251
-1360
-1382
-1340
-1325
-1377
-1483
-1564
-1478
-1182
-850
-501
-78
403
883
1207
1339
1402
1419
1364
1250
1094
944
756
458
25
-404
-700
-846
-861
-719
-481
-201
77
283
487
764
1118
1477
1735
1857
1845
1692
1405
1043
669
392
190
62
-72
-361
-671
-956
-1135
-1122
-923
-573
-161
209
385
455
503
504
459
379
316
308
264
131
-123
-422
-686
-958
-1169
-1264
-1227
-1126
-1032
-990
-931
-790
-567
-285
-30
230
388
421
384
295
247
224
192
116
4
-67
-100
-82
-14
-3
-1
39
135
267
395
528
668
732
743
731
759
898
1259
1736
2024
1903
1400
854
522
403
344
375
382
108
-394
-976
-1449
-1645
-1806
-1894
-1729
-1411
-1136
-994
-881
-708
-471
-291
-167
73
337
455
387
181
-124
-446
-743
-947
-1003
-1047
-1144
-1278
-1387
-1454
-1440
-1311
-1079
-771
-499
-213
100
436
723
900
992
1049
1102
1095
1059
995
922
812
662
515
333
128
-49
-199
-260
-249
-198
-104
38
235
433
606
746
832
906
971
1022
1044
1054
1095
1190
1256
1152
847
432
86
-147
-281
-361
-408
-537
-798
-1134
-1330
-1318
-1169
-964
-720
-415
-101
90
199
269
325
393
408
408
377
273
50
-242
-520
-724
-878
-958
-1001
-1009
-985
-944
-845
-676
-429
-165
64
270
463
609
746
860
958
1028
994
925
835
720
635
579
502
425
369
284
228
200
155
185
452
953
1382
1404
1071
730
622
688
750
731
637
312
-237
-774
-1097
-1208
-1336
-1536
-1585
-1533
-1520
-1586
-1649
-1489
-1208
-961
-754
-505
-298
-199
-197
-204
-146
-80
-73
-118
-122
-167
-308
-517
-751
-886
-957
-950
-893
-835
-783
-756
-656
-465
-227
3
237
446
659
872
1043
1211
1360
1458
1449
1367
1240
1004
783
631
522
466
371
218
73
-63
-144
-187
-162
-19
165
321
407
468
529
570
635
788
1043
1141
994
668
283
24
-94
-178
-249
-354
-554
-826
-984
-1028
-1007
-913
-808
-613
-418
-311
-220
-149
-51
7
6
-20
-96
-250
-437
-565
-561
-445
-339
-269
-226
-176
-150
-176
-173
-110
25
196
321
367
388
419
435
462
499
579
647
702
663
575
575
581
617
610
569
507
442
357
336
604
1081
1432
1374
956
533
384
440
497
452
290
-62
-531
-923
-1159
-1260
-1377
-1548
-1580
-1487
-1406
-1435
-1443
-1346
-1206
-1058
-895
-653
-474
-401
-398
-358
-240
-194
-209
-221
-139
-75
-116
-216
-285
-295
-338
-397
-446
-442
-459
-462
-408
-280
-32
122
154
155
218
377
566
742
882
1016
1072
1036
957
878
863
871
875
866
797
653
507
404
342
333
300
204
71
-58
-96
-48
63
183
258
289
302
321
304
306
289
219
137
60
-6
-95
-194
-339
-470
-586
-684
-727
-701
-615
-510
-466
-438
-450
-514
-550
-556
-468
-349
-308
-294
-293
-259
-244
-199
-94
42
147
188
190
168
151
174
178
217
266
290
331
403
511
586
616
578
510
511
524
552
577
559
495
437
437
462
500
468
389
407
642
899
962
756
509
515
706
831
730
454
81
-328
-654
-849
-991
-1177
-1463
-1696
-1703
-1648
-1671
-1759
-1770
-1648
-1407
-1126
-847
-641
-560
-540
-455
-232
21
180
274
338
374
346
193
49
-110
-225
-314
-358
-330
-325
-328
-404
-444
-395
-300
-192
-64
122
325
485
594
677
766
875
944
948
906
887
922
956
974
947
891
831
774
708
625
547
439
332
245
204
193
143
74
-4
-67
-91
-115
-171
-247
-346
-422
-433
-407
-397
-443
-530
-589
-554
-434
-248
-54
96
148
100
26
-46
-75
-87
-86
-98
-181
-359
-588
-752
-815
-797
-726
-620
-539
-453
-374
-299
-170
10
196
405
601
759
829
836
848
875
869
804
738
663
602
529
460
361
220
54
-27
-11
98
206
238
262
297
455
757
1048
1072
793
497
370
419
458
337
169
-33
-252
-427
-551
-631
-773
-982
-1154
-1201
-1268
-1378
-1524
-1591
-1594
-1583
-1561
-1546
-1461
-1386
-1232
-965
-658
-384
-230
-74
147
367
519
595
601
610
596
512
448
358
225
62
-93
-129
-92
-107
-122
-126
-79
-16
37
101
166
289
420
543
649
695
746
792
863
897
885
839
778
751
748
739
730
694
642
635
645
633
547
410
236
91
-39
-173
-325
-490
-634
-808
-914
-974
-989
-977
-919
-776
-608
-438
-272
-140
-59
-14
18
93
183
226
221
147
55
-80
-215
-273
-262
-197
-171
-154
-174
-226
-277
-328
-342
-311
-278
-205
-115
-24
67
138
171
269
427
596
724
792
863
960
1071
1147
1171
1144
1068
941
821
713
566
348
107
-33
76
288
282
51
-215
-260
-27
213
283
190
57
-93
-174
-172
-175
-286
-556
-852
-1021
-1158
-1379
-1604
-1748
-1766
-1720
-1590
-1447
-1296
-1150
-1019
-801
-537
-297
-197
-116
60
255
363
348
260
174
106
52
76
157
189
137
119
179
304
386
408
414
469
517
536
491
388
322
256
204
194
164
131
152
225
337
418
487
547
640
771
866
921
903
828
757
683
655
606
492
302
70
-106
-236
-319
-385
-461
-548
-612
-592
-559
-568
-614
-682
-740
-748
-723
-718
-727
-728
-713
-667
-604
-523
-448
-341
-200
-61
111
267
394
509
578
581
540
460
346
202
69
-53
-154
-259
-309
-297
-254
-193
-136
-39
115
303
496
657
768
858
973
1083
1137
1161
1090
969
848
740
692
619
450
243
114
127
326
474
402
181
-8
54
289
456
320
23
-272
-496
-564
-624
-732
-906
-1136
-1294
-1307
-1326
-1422
-1519
-1530
-1416
-1286
-1220
-1194
-1196
-1152
-967
-710
-461
-312
-295
-277
-130
38
160
212
247
287
377
442
503
558
495
412
382
413
471
459
353
290
290
276
221
143
83
142
220
307
350
324
333
386
490
571
631
625
588
574
594
594
548
451
341
294
273
317
334
323
255
177
162
142
134
60
-71
-215
-360
-467
-576
-662
-741
-833
-902
-933
-915
-891
-887
-859
-735
-582
-434
-320
-207
-65
81
183
285
363
400
434
455
428
379
300
200
161
142
135
102
70
67
75
100
127
148
181
234
284
304
379
435
469
513
546
565
597
584
547
547
556
586
588
557
431
351
337
467
699
671
385
62
-43
128
283
174
-89
-356
-514
-561
-576
-667
-819
-1026
-1157
-1089
-1050
-1148
-1319
-1462
-1422
-1299
-1246
-1256
-1272
-1231
-1102
-875
-702
-604
-552
-483
-237
67
275
411
516
600
733
858
939
944
889
773
702
665
613
471
268
125
60
88
78
53
43
70
128
157
139
124
149
247
356
447
455
397
330
296
311
323
321
259
210
158
141
179
208
254
285
307
310
256
198
172
152
104
39
-121
-289
-456
-601
-709
-777
-822
-894
-936
-950
-922
-821
-703
-571
-440
-298
-209
-113
-7
96
214
280
313
333
340
369
408
418
420
385
350
348
356
341
325
269
224
228
270
267
281
263
239
264
267
292
303
287
280
276
266
264
262
282
336
366
371
351
327
290
277
381
546
584
401
135
82
292
456
387
137
-97
-245
-312
-369
-479
-646
-863
-1056
-1110
-1083
-1195
-1353
-1439
-1426
-1350
-1349
-1399
-1382
-1280
-1114
-896
-677
-529
-461
-369
-173
140
394
497
506
515
568
656
743
777
760
659
563
523
531
507
451
383
377
414
383
307
196
124
89
44
3
-98
-197
-252
-245
-195
-132
-101
-84
-16
74
195
305
389
437
468
500
561
609
621
597
549
475
378
255
149
115
71
-6
-138
-281
-389
-397
-375
-377
-396
-443
-513
-548
-511
-465
-427
-406
-411
-380
-344
-308
-252
-173
-101
-50
12
49
76
123
210
297
392
486
490
482
487
470
436
377
321
274
235
199
177
179
181
156
101
90
121
182
225
214
188
160
156
180
204
189
155
154
183
222
218
195
200
304
475
517
374
161
74
232
424
393
176
-101
-299
-344
-323
-360
-469
-674
-912
-1004
-946
-892
-958
-1071
-1147
-1140
-1111
-1103
-1035
-959
-871
-729
-642
-578
-548
-551
-439
-221
2
106
138
191
299
429
561
643
673
662
621
625
665
662
576
442
353
329
294
182
43
-45
-86
-106
-119
-119
-146
-136
-87
-18
42
83
89
94
128
160
188
176
166
167
164
196
233
264
309
356
415
422
405
396
407
438
444
431
334
177
55
-24
-83
-153
-306
-467
-566
-620
-623
-598
-587
-601
-594
-558
-466
-345
-223
-154
-91
-21
16
89
141
209
219
209
205
226
249
275
296
352
392
391
392
366
399
446
455
405
344
249
161
113
99
79
48
17
-16
11
-5
-21
24
59
118
174
209
254
300
312
303
318
408
460
363
138
-31
-9
126
193
69
-130
-277
-307
-252
-188
-197
-306
-461
-561
-549
-500
-549
-658
-762
-806
-858
-939
-987
-1032
-1039
-1015
-969
-911
-886
-892
-844
-669
-442
-288
-189
-130
-64
54
201
309
392
430
420
449
512
604
617
583
519
474
479
465
423
414
405
364
275
203
156
145
157
142
148
147
129
113
125
172
174
148
132
101
84
49
89
123
163
193
198
248
298
354
411
466
482
475
447
411
369
321
257
171
94
-17
-144
-260
-358
-424
-498
-549
-563
-565
-563
-589
-610
-617
-575
-523
-452
-375
-286
-213
-115
-31
35
125
178
227
256
270
263
252
272
308
349
365
368
350
351
384
437
461
434
408
397
429
459
421
346
258
163
143
136
116
69
11
-43
-64
-66
-100
-97
-33
127
249
224
90
1
88
259
325
217
44
-63
-91
-66
-54
-121
-288
-525
-670
-690
-667
-700
-807
-920
-975
-968
-946
-917
-910
-911
-923
-922
-867
-811
-783
-743
-680
-564
-459
-418
-362
-286
-155
-14
142
306
378
401
439
553
672
753
742
677
656
655
632
581
539
496
438
360
318
293
294
256
235
222
215
190
168
156
172
181
176
155
133
124
82
71
62
79
104
111
132
189
246
302
328
311
320
343
381
400
356
280
210
135
64
5
-101
-235
-369
-445
-472
-476
-483
-530
-589
-621
-593
-555
-519
-459
-410
-344
-281
-205
-166
-138
-82
-17
95
156
180
203
251
333
434
498
545
556
565
599
607
625
602
532
458
440
458
432
360
272
187
126
80
4
-54
-102
-143
-184
-204
-220
-232
-254
-239
-205
-98
17
16
-77
-173
-141
30
218
248
150
28
-60
-93
-78
-102
-174
-323
-513
-611
-640
-671
-728
-862
-949
-980
-988
-986
-960
-920
-912
-876
-824
-749
-680
-627
-577
-465
-322
-195
-98
-46
10
129
239
355
452
494
534
575
660
745
775
769
731
700
685
654
612
558
502
437
384
308
274
255
225
214
198
176
145
116
117
157
176
136
88
51
31
20
27
39
21
16
-39
-55
-29
47
166
226
230
199
162
188
254
311
325
267
170
97
25
13
-33
-101
-186
-298
-400
-453
-464
-469
-463
-462
-448
-457
-461
-444
-392
-316
-234
-152
-100
-53
0
45
132
216
269
300
302
312
353
408
445
441
433
405
391
365
345
335
306
229
151
105
88
92
64
34
-9
-53
-117
-133
-97
-62
-49
-75
-118
-128
-106
-119
-103
-79
-7
84
78
7
-86
-105
-5
136
155
68
-40
-144
-189
-180
-183
-218
-345
-531
-643
-663
-625
-627
-683
-742
-789
-778
-742
-688
-630
-572
-513
-476
-410
-341
-262
-200
-126
-75
-11
38
75
113
147
176
222
287
342
398
421
455
478
503
505
501
510
485
465
437
419
400
383
325
282
263
267
271
238
202
128
116
79
87
99
98
79
35
-8
-22
-10
-8
5
13
15
7
-3
32
71
141
200
222
208
157
161
164
174
189
142
55
-28
-85
-82
-74
-90
-146
-209
-256
-260
-243
-226
-211
-231
-238
-231
-193
-173
-157
-152
-156
-131
-124
-106
-82
-39
-23
-15
2
41
68
83
108
151
200
220
222
211
234
267
277
300
281
249
217
184
166
165
140
94
66
22
-29
-64
-96
-90
-71
-62
-70
-91
-100
-122
-113
-122
-150
-162
-138
-75
-38
-44
-120
-179
-131
-27
50
52
34
-16
-72
-90
-85
-37
-33
-101
-173
-245
-259
-299
-351
-427
-476
-522
-579
-604
-636
-641
-658
-624
-581
-489
-448
-442
-391
-314
-214
-105
-7
31
69
87
113
170
224
294
335
339
333
334
349
384
447
491
517
506
498
484
480
482
461
436
410
388
337
317
298
290
276
251
230
216
204
171
135
89
87
74
62
44
34
19
-17
-32
-51
-49
-23
35
65
85
60
23
32
52
95
118
114
97
41
4
-49
-74
-80
-111
-182
-252
-307
-344
-349
-343
-317
-309
-290
-276
-252
-220
-209
-180
-163
-152
-108
-73
-39
-39
-37
-28
-3
50
77
106
88
72
89
124
186
230
247
203
176
158
152
137
112
78
42
9
-16
-49
-83
-90
-98
-91
-105
-116
-119
-115
-94
-79
-47
-9
-2
15
31
50
139
173
152
104
61
69
132
163
171
171
126
89
33
9
3
-10
-61
-122
-190
-240
-300
-378
-449
-510
-549
-577
-602
-621
-622
-618
-619
-601
-551
-482
-402
-333
-257
-224
-178
-122
-80
-20
27
67
84
127
173
212
287
335
367
394
443
483
519
545
567
570
554
537
534
513
468
419
377
343
315
280
242
204
160
135
120
112
97
86
71
73
76
60
36
15
-9
-36
-58
-58
-63
-75
-91
-96
-63
-11
19
21
26
42
82
117
127
143
132
85
36
2
-32
-64
-119
-179
-223
-250
-275
-305
-320
-344
-357
-350
-317
-276
-229
-214
-208
-180
-148
-113
-79
-69
-54
-50
-45
-23
-8
6
8
18
24
28
38
55
69
60
56
34
41
45
36
25
9
4
-1
-2
3
9
15
21
24
64
97
138
156
162
172
169
181
165
150
135
103
80
80
93
123
122
99
55
43
78
104
95
64
52
17
-22
-79
-128
-145
-197
-265
-310
-345
-373
-419
-467
-518
-550
-563
-556
-525
-504
-475
-436
-420
-389
-340
-292
-222
-161
-111
-63
4
31
78
121
141
179
208
256
302
350
383
391
411
430
458
486
497
491
499
501
490
460
392
327
295
289
281
262
227
190
153
130
116
99
89
57
24
10
5
-3
-34
-60
-91
-109
-129
-138
-130
-139
-139
-150
-153
-122
-72
-25
18
15
-12
-16
-13
14
33
79
76
52
18
-17
-52
-77
-109
-159
-188
-205
-210
-204
-203
-236
-242
-249
-246
-233
-211
-187
-173
-149
-160
-168
-170
-161
-146
-137
-108
-89
-67
-58
-46
-24
-6
36
63
112
128
146
156
161
185
204
200
202
208
214
225
210
212
209
206
210
196
163
147
165
170
187
182
181
161
121
104
86
84
75
38
-7
-30
-50
-38
-19
-6
-23
-62
-92
-106
-103
-118
-119
-117
-121
-114
-130
-154
-177
-186
-221
-262
-277
-292
-284
-303
-329
-362
-391
-397
-394
-375
-356
-317
-303
-291
-265
-221
-198
-179
-127
-98
-17
30
68
95
120
154
187
218
240
257
263
273
301
313
326
323
296
280
263
275
289
294
275
235
199
169
142
107
87
65
40
9
19
-6
-35
-66
-99
-109
-115
-106
-111
-100
-86
-78
-73
-60
-37
-10
13
37
68
78
91
130
160
207
218
207
178
165
164
131
112
94
71
45
1
-40
-78
-114
-162
-191
-202
-199
-189
-197
-198
-222
-238
-259
-235
-199
-169
-126
-90
-73
-54
-25
11
49
75
91
90
107
120
127
134
107
108
84
66
79
61
57
48
28
24
20
21
14
21
39
49
64
69
96
96
102
99
107
114
121
121
90
69
55
53
23
3
-27
-69
-93
-108
-117
-118
-133
-143
-140
-110
-64
-22
6
8
0
1
22
46
79
108
118
91
57
8
-32
-54
-91
-119
-147
-176
-205
-237
-273
-281
-293
-309
-318
-316
-303
-293
-286
-281
-256
-238
-208
-177
-150
-120
-108
-68
-26
13
50
83
101
125
123
149
179
186
197
180
194
199
202
200
170
169
172
172
182
180
183
171
174
166
156
165
165
155
147
125
113
105
84
52
44
42
24
18
6
-24
-29
-37
-32
-38
-34
-26
-17
1
3
24
46
78
110
135
155
153
152
170
169
175
159
160
159
126
115
74
32
-24
-79
-127
-149
-163
-179
-212
-240
-260
-276
-278
-292
-288
-277
-245
-245
-222
-193
-172
-148
-142
-131
-121
-116
-88
-56
-34
-13
-27
2
9
24
37
51
60
72
88
103
115
131
130
118
115
87
106
99
95
97
80
72
63
59
47
45
39
30
35
23
11
-9
-10
-17
8
38
41
73
74
79
73
86
100
119
156
172
203
209
191
162
143
121
109
96
83
63
22
-24
-78
-123
-174
-224
-278
-307
-334
-370
-396
-395
-400
-397
-391
-412
-406
-389
-355
-322
-285
-239
-187
-138
-111
-80
-54
-30
11
41
75
105
112
138
145
153
169
159
148
130
125
125
122
107
89
93
87
74
68
47
59
67
72
77
83
98
102
105
116
150
152
165
170
160
169
148
144
160
166
177
171
169
157
151
172
188
201
199
189
174
150
135
121
92
61
32
-1
-46
-70
-96
-117
-138
-169
-194
-217
-234
-234
-230
-228
-214
-190
-179
-171
-158
-137
-101
-82
-50
-26
-4
16
30
28
34
35
41
47
49
64
59
39
39
27
22
32
16
18
-15
-14
-16
-25
-17
-20
-1
6
22
35
39
27
15
28
35
43
64
63
64
55
47
54
58
60
44
35
36
32
25
18
10
2
-14
-32
-39
-54
-45
-51
-55
-65
-88
-94
-112
-110
-81
-68
-59
-60
-77
-66
-60
-59
-65
-53
-48
-51
-46
-62
-63
-71
-83
-108
-129
-149
-164
-183
-220
-225
-224
-226
-215
-226
-220
-210
-202
-171
-147
-108
-70
-30
1
27
58
93
105
122
140
144
175
180
193
193
193
192
188
174
170
172
163
158
143
134
140
146
148
152
143
125
116
114
95
90
90
58
51
54
50
38
48
37
33
30
28
26
37
57
59
64
67
65
71
80
91
95
103
101
92
93
89
79
75
77
71
69
65
58
30
16
-7
-34
-42
-57
-58
-64
-82
-87
-92
-104
-121
-115
-117
-121
-114
-114
-107
-97
-84
-64
-64
-68
-73
-73
-65
-80
-87
-86
-95
-83
-79
-87
-82
-87
-98
-100
-103
-97
-104
-101
-110
-112
-112
-120
-115
-116
-103
-89
-97
-99
-94
-86
-75
-74
-58
-38
-37
-24
-16
-11
-1
-6
-9
-2
2
6
13
30
24
19
17
21
47
46
60
68
76
91
106
130
155
166
172
168
176
186
168
161
141
127
104
80
55
31
10
-17
-34
-71
-100
-115
-119
-128
-117
-100
-106
-92
-93
-85
-77
-72
-64
-56
-42
-17
-11
21
39
53
68
75
96
92
88
93
85
78
86
82
78
73
62
61
57
57
47
50
52
63
81
80
89
86
95
89
102
96
78
77
71
69
72
66
60
53
43
45
29
22
25
22
18
28
41
48
57
45
33
23
9
-16
-49
-80
-95
-97
-115
-126
-129
-132
-147
-166
-179
-175
-187
-176
-172
-172
-162
-170
-154
-158
-148
-147
-139
-126
-125
-97
-73
-54
-31
-17
1
13
21
27
23
26
20
30
23
22
15
3
19
-4
-7
-18
-27
-29
-23
-5
-7
-3
-1
3
13
18
22
37
44
71
88
112
129
126
149
146
171
180
178
188
189
188
175
174
175
168
163
135
106
92
76
61
40
0
-21
-34
-36
-44
-50
-59
-67
-73
-89
-66
-56
-36
-22
-14
-3
3
-6
-21
-31
-46
-55
-57
-50
-67
-49
-67
-72
-87
-102
-111
-129
-135
-149
-147
-168
-168
-163
-171
-170
-177
-179
-174
-163
-146
-130
-105
-89
-64
-54
-44
-22
-13
-7
-1
8
8
26
43
49
64
63
66
63
78
83
77
82
86
92
94
97
104
103
106
103
96
94
85
78
58
43
33
16
16
1
1
5
0
-4
-3
7
12
18
23
38
36
33
33
31
34
38
23
18
17
12
13
12
20
34
39
32
45
53
58
69
78
64
55
58
56
56
43
45
43
40
38
28
20
25
20
19
16
10
6
-5
-4
-15
-18
-18
-30
-36
-44
-39
-43
-47
-57
-65
-74
-76
-58
-48
-39
-24
-26
-18
-11
0
15
20
40
43
42
52
52
53
45
32
36
31
28
20
17
6
10
19
12
14
10
3
2
9
-5
-9
-24
-24
-23
-29
-30
-36
-45
-59
-58
-70
-67
-77
-75
-68
-70
-61
-68
-62
-64
-59
-61
-64
-60
-64
-70
-76
-80
-73
-79
-98
-110
-123
-133
-143
-142
-143
-144
-146
-133
-125
-123
-104
-113
-109
-105
-99
-80
-63
-43
-30
-11
5
18
25
40
58
65
76
82
97
114
122
128
136
147
156
174
177
168
169
164
169
162
167
156
155
147
138
142
135
130
116
107
89
75
61
56
62
70
68
60
69
44
34
21
14
7
0
10
-6
14
5
13
8
-3
-17
-27
-36
-45
-48
-58
-53
-56
-54
-53
-51
-43
-34
-35
-25
-25
-34
-12
-12
5
11
1
11
6
5
-9
-23
-32
-36
-34
-34
-43
-47
-58
-60
-62
-60
-56
-61
-63
-60
-55
-45
-32
-16
-11
-3
5
13
24
24
23
16
18
32
32
27
30
30
17
15
11
3
1
-5
-13
-21
-27
-43
-57
-71
-74
-88
-100
-104
-103
-101
-110
-101
-100
-92
-81
-67
-56
-37
-20
-9
-3
6
15
34
47
64
80
80
80
73
80
79
69
53
57
43
30
20
10
14
2
-13
-15
-41
-54
-59
-77
-81
-90
-97
-100
-106
-99
-93
-82
-67
-58
-52
-45
-26
-12
11
21
28
46
68
70
72
74
64
83
77
82
82
74
70
64
61
55
57
38
30
14
1
-6
-19
-26
-41
-51
-49
-53
-44
-50
-41
-19
-16
10
27
40
57
67
84
95
92
109
110
110
121
114
122
116
118
107
95
93
84
77
65
51
41
27
18
13
2
-2
-10
-12
-26
-37
-42
-49
-49
-54
-48
-49
-42
-43
-44
-42
-37
-35
-31
-22
-12
-8
0
9
13
10
4
-4
-1
-7
-9
-8
-14
-10
-16
-19
-9
-10
-8
-14
-23
-30
-34
-31
-36
-39
-52
-52
-58
-72
-72
-85
-93
-91
-83
-83
-69
-63
-51
-40
-30
-19
-19
1
12
37
45
51
52
60
64
66
64
65
60
54
40
28
14
7
1
-15
-17
-33
-38
-40
-44
-61
-78
-75
-84
-81
-84
-77
-70
-75
-71
-76
-70
-64
-62
-65
-58
-54
-53
-52
-49
-51
-48
-44
-42
-44
-46
-33
-21
-27
-17
-9
1
11
22
32
37
54
61
73
82
91
99
95
94
102
96
109
112
108
108
112
107
97
93
84
91
77
74
79
76
78
67
61
60
57
60
57
50
43
39
28
28
28
30
29
30
30
23
29
19
18
15
5
-2
0
-3
-14
-25
-20
-27
-24
-20
-28
-20
-17
-15
-4
-1
-3
-7
-7
-8
-1
9
4
8
4
-4
-11
-17
-25
-40
-55
-50
-54
-55
-62
-73
-76
-79
-80
-79
-86
-83
-92
-89
-79
-90
-85
-88
-80
-81
-75
-73
-68
-58
-57
-58
-64
-64
-59
-53
-58
-49
-61
-60
-55
-58
-58
-54
-50
-49
-36
-30
-23
-8
-8
5
12
14
26
22
38
40
48
54
56
64
55
58
55
56
62
67
66
82
80
84
81
72
77
70
67
52
49
38
30
30
27
23
15
26
21
15
18
8
17
20
20
20
26
32
28
30
26
22
25
26
16
24
15
16
18
18
25
21
22
23
26
27
34
31
37
41
40
43
34
37
37
30
26
20
10
9
3
-3
-6
-15
-11
-7
-2
-11
-14
-20
-21
-21
-36
-47
-42
-47
-58
-59
-55
-65
-68
-76
-70
-77
-76
-76
-75
-70
-75
-62
-70
-63
-58
-46
-44
-41
-35
-34
-32
-28
-23
-19
1
3
6
4
11
19
24
27
36
40
38
48
45
45
51
54
58
56
52
42
46
46
43
45
37
30
34
33
38
35
27
18
10
15
2
1
-2
-6
-7
-12
-18
-25
-25
-27
-21
-19
-22
-29
-28
-20
-19
-3
-1
2
5
1
3
9
15
20
24
38
33
34
31
31
30
30
27
21
14
17
11
12
15
8
6
-5
-7
-8
-7
-21
-26
-31
-41
-45
-47
-43
-50
-44
-36
-34
-37
-29
-34
-32
-32
-29
-20
-25
-14
-17
-11
-9
-18
-17
-27
-28
-28
-28
-22
-29
-30
-28
-27
-22
-27
-18
-21
-16
-12
-13
-19
-17
-11
-15
-13
-17
-14
-8
-14
-13
-8
-5
-3
-3
-11
-1
-3
-4
5
-3
4
4
10
0
7
6
15
14
11
-1
-3
1
-2
6
4
8
-2
13
9
14
25
21
22
37
41
39
44
46
56
51
56
47
48
60
55
56
58
57
67
68
68
81
72
68
70
64
64
51
45
48
47
39
35
27
29
18
17
19
14
6
-10
-10
-12
-10
-16
-25
-30
-41
-46
-54
-49
-43
-48
-43
-43
-48
-41
-39
-36
-30
-20
-16
-13
1
-5
-1
1
1
-4
-4
-2
-4
-3
-13
-12
-19
-8
0
-2
-5
-12
2
2
1
2
-2
-8
-18
-18
-18
-26
-27
-36
-40
-42
-41
-40
-37
-43
-40
-40
-41
-37
-37
-36
-33
-28
-32
-28
-25
-20
-26
-28
-34
-27
-32
-31
-29
-36
-32
-38
-35
-35
-33
-31
-26
-26
-26
-26
-25
-16
-12
-12
-9
-8
-14
-16
-14
-18
-11
-6
2
0
4
3
11
12
20
41
41
43
46
49
51
58
59
68
61
65
70
69
75
68
74
77
69
66
64
66
58
54
52
46
45
40
34
30
27
21
21
12
14
11
10
20
12
19
20
14
23
24
20
26
21
25
23
29
34
31
33
37
42
35
34
37
35
21
15
16
13
3
-11
-16
-27
-32
-34
-40
-49
-57
-58
-67
-73
-76
-67
-75
-75
-64
-60
-56
-59
-50
-49
-48
-49
-44
-42
-37
-28
-30
-29
-29
-31
-24
-24
-21
-22
-20
-25
-26
-18
-14
-11
-13
-14
-16
-18
-20
-19
-19
-15
-11
-14
-14
-11
-13
-9
-19
-23
-27
-29
-24
-21
-24
-21
-17
-14
-10
-15
-13
-14
-4
4
5
6
13
18
32
31
45
34
36
27
25
28
15
14
14
14
3
4
-3
0
-3
-9
-8
-16
-11
-9
-19
-14
-11
-8
-9
-1
0
0
6
5
13
8
9
10
17
18
19
23
24
28
23
27
25
25
21
19
17
19
23
31
29
34
33
38
37
27
27
29
31
28
24
15
13
14
15
12
5
9
13
18
14
24
31
29
28
19
26
25
21
14
13
16
18
24
25
23
24
28
32
41
45
42
41
41
43
46
37
31
25
28
21
19
18
8
3
-5
-16
-21
-22
-38
-46
-41
-54
-54
-59
-61
-59
-67
-64
-62
-63
-59
-56
-52
-45
-37
-35
-35
-20
-13
-7
-1
2
8
9
15
18
18
11
15
13
2
4
-8
-14
-24
-32
-40
-48
-60
-64
-80
-80
-82
-86
-79
-83
-80
-80
-81
-82
-79
-74
-64
-51
-46
-38
-27
-17
-12
-4
11
15
26
28
31
33
37
34
36
35
31
34
23
16
21
24
15
23
16
16
14
13
16
20
31
24
31
31
35
33
29
33
39
39
36
36
34
38
40
43
37
38
46
45
51
52
49
55
57
53
55
58
51
55
50
45
40
34
24
21
19
10
4
-2
-2
-5
-8
-9
-9
-5
-8
-9
-7
-13
-12
-11
-15
-11
-14
-10
-8
-13
-9
-12
-8
-4
1
12
14
15
20
20
26
27
21
28
27
18
19
9
5
2
0
-3
-6
-12
-18
-21
-30
-30
-38
-41
-42
-49
-48
-52
-58
-65
-56
-60
-57
-63
-61
-48
-48
-38
-38
-41
-38
-44
-41
-43
-45
-43
-45
-46
-47
-42
-45
-49
-47
-52
-51
-44
-47
-53
-45
-47
-45
-39
-39
-34
-32
-27
-19
-10
-6
4
-2
0
8
11
20
11
25
34
28
37
35
42
54
58
63
67
72
61
57
67
59
58
54
46
40
32
30
27
29
28
24
25
21
26
23
25
26
27
25
27
32
23
22
21
20
21
26
26
25
21
22
22
21
27
16
20
17
16
16
21
15
10
16
15
25
33
32
31
35
39
45
41
44
50
43
43
30
23
19
22
13
3
0
-10
-12
-14
-18
-24
-29
-27
-30
-39
-34
-35
-35
-31
-34
-28
-35
-33
-30
-30
-31
-39
-38
-41
-45
-46
-47
-46
-45
-48
-41
-41
-47
-48
-49
-43
-48
-54
-52
-54
-52
-52
-49
-38
-39
-34
-41
-25
-21
-14
-12
-13
-9
-8
-3
1
8
3
8
5
5
8
8
9
10
17
19
18
20
23
19
13
14
12
17
16
21
25
29
27
31
23
36
36
34
36
34
28
25
27
26
24
15
17
9
10
8
7
8
3
7
8
6
10
8
11
7
13
12
10
5
6
9
4
9
5
-1
-1
-4
-5
-2
-14
-16
-15
-9
-11
-12
-14
-5
-11
-8
-4
-2
4
2
7
0
4
3
-1
3
1
4
2
-2
4
6
8
7
10
8
2
-4
2
2
3
4
5
-1
2
-7
-8
-13
-12
-9
-9
-18
-18
-16
-25
-10
-16
-20
-18
-25
-25
-22
-18
-21
-19
-14
-13
-6
-5
1
0
0
8
7
11
12
13
14
12
16
16
18
25
28
22
14
21
21
10
15
15
9
12
0
1
6
0
-4
-2
4
-3
3
1
-4
-8
-11
-7
-2
-5
-8
-4
-12
-3
-3
-8
8
6
0
-1
-8
-7
-14
-16
-20
-17
-17
-23
-25
-24
-24
-27
-26
-28
-26
-16
-17
-18
-14
-13
-9
-11
-10
-10
-12
-14
-13
-15
-9
0
1
7
6
13
10
17
18
23
30
24
25
23
31
34
40
37
39
38
38
38
34
32
27
29
20
15
11
8
9
7
4
-1
0
3
-1
-2
4
1
-1
-4
-2
-4
-7
-8
-7
-1
-10
-12
-5
-3
-4
-2
-1
4
5
3
7
11
8
7
4
2
1
2
-3
0
-4
-8
-3
-7
-14
-20
