SAMPLES:	8280
BITSPERSAMPLE:	16
CHANNELS:	1
SAMPLERATE:	16000
NORMALIZED:	FALSE
-12
-9
-14
-12
-11
-12
-7
-12
-8
-5
-10
-9
-8
-11
-5
-8
-11
-3
-12
-7
-8
-9
-5
-7
-7
-12
-6
-2
-3
4
-2
3
1
2
1
1
-2
-3
0
-3
-1
-4
-1
2
1
1
4
2
0
0
-1
1
2
2
2
6
5
5
5
7
3
3
4
5
5
1
1
9
12
9
7
6
11
10
9
6
2
2
-3
0
4
4
5
3
4
5
3
2
1
0
0
1
0
4
-5
-3
-4
-3
0
-2
2
-6
1
0
0
6
-1
2
3
1
1
0
1
1
0
1
-2
2
-1
-6
-4
-4
-1
-2
-1
0
0
-1
-2
-2
0
2
0
-3
2
0
1
1
2
-1
-7
-3
-2
-1
-1
-3
-3
2
-3
-7
-3
-1
-1
-1
2
1
-1
-3
-4
-1
-1
-2
-2
1
0
4
0
3
1
-5
0
-3
2
1
0
2
-3
4
2
-3
-3
-2
-3
-3
0
-3
-3
-6
-1
-2
5
1
6
-3
2
8
5
8
1
3
6
6
6
5
7
10
8
6
3
3
4
6
4
7
6
4
4
1
-1
-6
-3
-2
1
0
-4
2
2
7
4
4
8
4
2
4
7
6
1
-2
0
0
-1
-1
0
-2
-4
-7
-4
-4
-1
4
0
4
0
1
5
2
2
0
-1
0
-2
-2
-3
-1
0
-2
-2
-1
-3
-1
-4
-1
2
-7
-6
-2
-4
-2
-4
-12
-6
-3
-7
-3
-10
-8
-2
-6
-1
-1
1
0
1
1
-1
2
0
6
0
2
0
0
-4
-5
3
-5
5
-1
2
-2
0
2
-2
4
2
4
1
-2
-4
-3
2
-1
-2
-1
-1
2
1
-1
0
3
1
1
1
-2
1
0
5
5
-1
-3
-1
0
-3
6
2
7
3
7
0
1
3
1
-3
-5
3
-2
-1
-5
-1
-4
-2
-2
0
-5
-1
-4
-3
1
-1
5
4
8
7
9
4
4
3
5
8
4
2
1
3
10
4
4
3
1
4
1
7
2
4
3
1
3
-1
-3
0
1
-4
-1
-4
-5
-5
-7
-7
-10
-2
-7
-2
-8
-4
-4
-6
-2
-8
-3
-7
-7
-5
-1
39
60
66
44
23
14
-9
-43
-84
-111
-105
-90
-65
-56
-51
-22
-3
21
10
-23
-61
-99
-116
-109
-113
-108
-65
16
84
129
146
141
137
105
61
18
-12
-25
-29
-4
38
72
109
114
112
100
50
4
-59
-102
-123
-111
-63
-5
50
72
56
35
-17
-61
-91
-97
-65
-29
16
64
103
124
132
136
133
119
107
79
50
31
28
42
43
58
70
70
68
27
-21
-78
-116
-130
-142
-149
-134
-119
-84
-62
-43
-34
-29
-25
-61
-87
-97
-97
-92
-87
-67
-43
-11
20
29
24
0
-32
-53
-73
-85
-82
-47
-4
44
77
93
109
104
76
37
5
-19
-25
-22
-5
3
23
49
57
66
45
23
-2
-32
-56
-68
-61
-49
-34
-16
6
24
44
47
58
49
42
25
-8
-8
-2
12
18
22
28
34
28
17
-2
-13
-20
-22
-21
-23
-12
-15
-11
-1
-1
15
25
46
56
63
67
72
77
85
98
105
107
108
99
98
107
119
141
153
165
177
190
212
227
240
231
206
190
174
154
130
109
95
80
27
-23
-66
-107
-150
-223
-277
-332
-366
-407
-434
-449
-463
-478
-490
-494
-501
-491
-478
-455
-434
-394
-358
-312
-256
-215
-169
-129
-87
-52
-2
37
85
146
210
284
339
391
432
463
488
497
488
474
469
456
427
387
335
290
241
169
92
-2
-102
-195
-282
-350
-413
-460
-501
-505
-498
-487
-474
-458
-424
-400
-363
-328
-269
-188
-112
-18
78
168
242
301
347
368
377
372
363
361
353
350
350
342
340
327
321
320
307
297
252
226
199
182
162
143
153
153
170
174
190
193
196
214
228
266
316
382
468
552
624
664
700
714
687
630
550
454
349
215
71
-76
-196
-322
-444
-561
-694
-816
-947
-1082
-1215
-1330
-1418
-1484
-1518
-1521
-1500
-1443
-1372
-1280
-1193
-1084
-980
-882
-770
-662
-534
-401
-274
-144
-1
131
273
396
507
618
713
790
834
876
906
934
950
942
940
935
920
885
843
813
783
764
726
669
589
498
378
251
116
-13
-133
-253
-369
-468
-532
-573
-602
-614
-614
-598
-576
-564
-533
-504
-464
-430
-383
-308
-223
-121
-16
96
190
274
339
378
417
436
445
454
462
468
464
463
460
455
448
438
424
411
391
365
356
345
323
297
256
229
208
183
163
142
117
112
117
147
183
243
336
435
552
623
666
705
720
720
673
585
497
388
250
88
-75
-219
-351
-515
-684
-832
-969
-1103
-1245
-1378
-1480
-1561
-1629
-1681
-1717
-1704
-1654
-1578
-1493
-1387
-1247
-1096
-958
-809
-662
-525
-402
-296
-197
-92
24
132
238
346
476
597
689
776
840
905
951
980
1001
1015
1019
989
972
947
913
874
835
817
788
720
619
502
391
258
113
-43
-182
-289
-395
-514
-611
-646
-657
-673
-680
-654
-602
-561
-530
-491
-423
-353
-284
-212
-123
-14
96
193
288
377
447
505
544
593
599
602
588
555
519
482
457
452
434
427
419
403
392
353
325
294
248
207
133
85
28
-18
-59
-82
-43
7
93
211
347
499
611
705
778
856
902
857
793
697
583
436
247
78
-67
-211
-368
-517
-647
-765
-872
-1020
-1144
-1261
-1361
-1465
-1574
-1650
-1681
-1681
-1659
-1610
-1519
-1399
-1249
-1092
-928
-759
-601
-446
-337
-251
-169
-90
-27
37
94
189
284
387
492
600
720
810
891
939
970
1000
997
948
895
832
803
755
711
658
623
579
514
438
348
275
162
36
-111
-257
-363
-465
-552
-589
-619
-621
-610
-568
-513
-456
-390
-322
-272
-213
-146
-80
-4
72
144
221
292
358
438
519
586
621
631
640
641
644
627
606
582
553
514
479
432
389
357
315
270
224
197
145
105
43
-32
-74
-94
-82
-57
37
155
292
423
522
638
755
842
856
822
762
652
499
299
103
-77
-242
-398
-545
-671
-769
-838
-940
-1035
-1111
-1173
-1257
-1356
-1430
-1489
-1511
-1517
-1516
-1484
-1390
-1279
-1149
-1000
-847
-681
-520
-390
-268
-150
-45
34
93
128
186
256
328
398
452
531
625
714
789
870
953
992
997
964
902
846
774
683
591
484
379
289
219
153
94
50
5
-62
-167
-238
-314
-365
-468
-551
-585
-627
-628
-630
-602
-527
-447
-368
-296
-202
-87
0
85
163
216
278
315
367
437
504
554
596
640
685
737
767
783
773
763
718
664
604
539
486
415
343
257
170
102
18
-48
-126
-160
-190
-206
-172
-109
-8
81
202
307
404
525
617
675
692
675
614
516
385
222
65
-102
-254
-409
-548
-654
-739
-810
-893
-945
-998
-1032
-1075
-1126
-1155
-1188
-1216
-1242
-1244
-1224
-1163
-1078
-974
-854
-728
-600
-472
-352
-228
-112
-18
49
84
135
155
182
219
263
319
379
443
505
583
641
692
755
802
812
809
783
757
714
641
546
464
389
310
219
135
76
23
-48
-133
-193
-243
-302
-359
-430
-468
-502
-522
-527
-525
-484
-445
-392
-331
-261
-171
-82
-14
56
116
169
204
265
331
390
459
503
546
594
635
683
692
694
694
667
631
581
541
493
436
386
316
244
188
121
61
-20
-80
-136
-162
-141
-118
-19
74
184
273
379
504
597
694
734
754
716
627
515
364
225
59
-107
-289
-456
-590
-701
-781
-853
-895
-939
-956
-989
-1021
-1043
-1059
-1080
-1119
-1144
-1159
-1137
-1120
-1086
-1007
-921
-815
-722
-608
-468
-359
-260
-158
-55
26
86
123
158
194
208
238
255
293
346
395
473
539
615
692
741
783
809
813
804
754
684
597
518
413
312
225
135
40
-68
-145
-204
-245
-299
-362
-393
-398
-413
-410
-411
-383
-365
-346
-314
-288
-227
-172
-116
-65
4
73
145
233
314
377
452
517
578
652
684
718
735
746
728
698
683
635
595
518
447
377
305
244
167
108
25
-35
-83
-131
-144
-137
-86
-25
46
120
205
298
408
505
585
657
698
705
672
598
488
371
223
54
-142
-335
-478
-626
-761
-868
-945
-989
-1007
-1026
-1036
-1019
-1014
-1012
-1032
-1049
-1050
-1079
-1077
-1072
-1046
-1005
-952
-887
-800
-681
-553
-420
-304
-190
-95
5
75
135
175
204
241
257
267
283
312
360
409
474
528
593
641
695
746
760
754
733
703
669
608
518
427
308
193
84
-12
-83
-144
-208
-253
-290
-300
-312
-308
-303
-308
-283
-275
-259
-232
-198
-170
-141
-106
-95
-42
8
71
131
203
281
347
430
497
567
625
671
715
743
740
731
695
635
592
502
443
354
260
197
126
65
0
-56
-104
-129
-123
-100
-51
9
80
153
228
312
411
519
582
632
669
651
617
543
450
329
173
28
-144
-285
-430
-566
-675
-782
-852
-906
-939
-975
-983
-966
-966
-957
-958
-959
-957
-958
-945
-942
-932
-913
-874
-822
-747
-659
-552
-468
-361
-269
-182
-87
-11
79
132
173
210
232
252
263
277
293
313
359
397
456
502
570
613
659
672
656
660
614
564
493
416
318
202
89
-17
-96
-180
-258
-325
-372
-368
-382
-370
-349
-321
-277
-254
-212
-182
-157
-126
-113
-83
-58
-6
39
102
181
252
350
451
539
622
695
754
807
830
847
826
806
783
706
626
526
447
361
269
161
64
-1
-76
-121
-166
-176
-174
-165
-110
-41
42
117
190
284
366
447
505
550
577
567
553
496
412
303
181
40
-100
-248
-377
-504
-614
-705
-782
-831
-868
-874
-887
-875
-881
-875
-861
-886
-901
-906
-917
-921
-938
-919
-885
-842
-787
-712
-633
-550
-451
-357
-280
-192
-111
-44
11
51
94
115
154
196
231
266
299
349
386
436
470
517
564
599
646
664
678
668
645
609
557
497
416
321
216
106
11
-88
-166
-237
-279
-307
-335
-340
-340
-318
-304
-288
-262
-237
-199
-172
-145
-101
-64
-24
28
90
172
256
331
416
487
568
635
682
719
742
764
757
721
682
634
554
475
380
302
202
100
34
-25
-77
-128
-166
-180
-185
-161
-127
-63
30
126
232
329
435
538
631
684
726
708
685
627
518
413
274
139
-8
-162
-306
-426
-521
-606
-683
-739
-781
-808
-825
-847
-868
-881
-920
-947
-987
-1026
-1038
-1060
-1043
-1039
-1025
-985
-937
-876
-803
-713
-612
-521
-442
-344
-260
-184
-101
-41
20
60
105
149
190
241
288
332
377
425
483
556
609
666
716
771
816
817
821
804
777
718
633
544
441
333
210
109
4
-102
-192
-261
-326
-368
-398
-415
-408
-383
-371
-358
-342
-318
-272
-227
-181
-127
-64
10
90
160
243
330
406
489
556
606
639
664
672
656
632
592
561
516
458
406
345
288
233
167
108
24
-19
-63
-96
-124
-132
-116
-75
-25
52
141
223
336
440
544
643
729
787
813
831
799
722
631
512
367
228
61
-79
-221
-362
-488
-605
-674
-761
-827
-881
-932
-959
-995
-1027
-1043
-1078
-1106
-1131
-1148
-1147
-1150
-1135
-1124
-1086
-1040
-981
-920
-854
-770
-679
-579
-497
-402
-295
-215
-125
-47
23
95
152
209
247
306
366
422
492
545
609
671
743
809
859
898
942
958
937
914
868
801
710
595
471
335
209
81
-45
-154
-257
-336
-386
-451
-492
-512
-510
-504
-478
-433
-385
-306
-230
-153
-71
15
107
204
291
362
421
477
523
550
546
550
535
509
504
490
469
457
427
411
392
359
327
288
264
205
150
97
52
-7
-52
-89
-120
-112
-85
-31
56
168
287
398
490
617
714
797
867
883
872
843
766
670
545
392
241
74
-86
-252
-384
-518
-628
-731
-816
-893
-968
-1033
-1084
-1125
-1153
-1171
-1204
-1232
-1257
-1270
-1282
-1288
-1296
-1291
-1259
-1207
-1153
-1083
-1008
-915
-806
-699
-563
-455
-342
-221
-126
-37
62
148
224
277
340
402
464
542
619
688
756
841
919
986
1056
1095
1113
1126
1110
1076
1027
947
843
715
587
443
298
151
-1
-135
-251
-348
-433
-494
-541
-566
-569
-552
-520
-473
-386
-304
-203
-95
-6
81
163
249
309
341
356
357
367
358
356
345
348
345
338
331
333
360
373
387
380
381
363
333
296
236
171
102
37
-28
-78
-105
-115
-105
-72
-9
62
153
270
392
497
606
715
795
860
899
920
921
874
812
709
593
446
297
135
-41
-190
-365
-518
-660
-779
-880
-968
-1030
-1096
-1148
-1183
-1219
-1259
-1298
-1330
-1359
-1381
-1382
-1399
-1411
-1400
-1374
-1329
-1253
-1167
-1083
-973
-862
-746
-622
-492
-363
-230
-118
-6
112
207
300
386
475
547
634
705
763
831
892
963
1025
1065
1109
1137
1156
1147
1128
1097
1042
976
875
760
627
484
350
200
57
-90
-216
-323
-414
-473
-532
-554
-549
-528
-476
-416
-326
-242
-170
-86
-16
42
92
126
159
187
199
206
220
228
244
262
284
305
336
350
366
370
360
343
337
317
275
244
194
178
147
115
83
59
56
58
52
63
74
109
138
190
267
329
416
489
573
660
739
791
837
856
853
826
750
662
553
419
268
103
-47
-200
-368
-509
-660
-772
-891
-997
-1084
-1174
-1239
-1322
-1373
-1395
-1419
-1426
-1442
-1445
-1433
-1418
-1377
-1351
-1320
-1273
-1214
-1146
-1089
-1004
-899
-795
-691
-582
-465
-342
-202
-60
68
193
311
431
522
625
703
756
814
857
900
930
956
993
1013
1026
1037
1049
1064
1080
1072
1041
995
938
860
776
680
580
467
336
204
77
-15
-124
-211
-304
-371
-421
-445
-440
-442
-414
-366
-316
-245
-175
-107
-42
21
84
106
129
128
138
134
108
102
70
58
51
52
61
79
123
168
196
225
253
292
314
320
330
316
310
280
260
250
224
214
220
230
266
304
355
385
424
464
521
590
620
651
661
665
642
598
546
477
388
280
169
45
-87
-216
-352
-490
-627
-760
-886
-992
-1079
-1153
-1210
-1268
-1306
-1330
-1346
-1352
-1351
-1332
-1318
-1297
-1284
-1272
-1249
-1216
-1171
-1115
-1038
-967
-880
-786
-694
-586
-467
-333
-205
-79
48
154
245
333
414
488
552
602
651
692
738
785
833
870
909
956
1003
1035
1049
1068
1085
1088
1085
1065
1029
991
931
848
758
658
547
434
315
196
79
-25
-119
-203
-274
-324
-360
-379
-379
-369
-348
-310
-261
-219
-178
-135
-100
-63
-37
-27
-27
-32
-54
-84
-109
-117
-113
-98
-56
-15
34
88
148
215
286
337
381
417
443
460
471
453
427
402
359
331
283
253
221
198
193
185
173
184
202
225
253
271
292
306
313
294
278
255
212
163
79
6
-91
-189
-284
-390
-481
-574
-672
-775
-862
-922
-963
-1011
-1035
-1060
-1074
-1070
-1086
-1086
-1078
-1077
-1067
-1060
-1055
-1035
-1013
-988
-935
-884
-825
-775
-702
-616
-526
-438
-339
-220
-117
-14
74
179
282
374
466
539
601
644
681
717
747
784
805
839
878
907
953
980
1013
1049
1060
1080
1080
1071
1031
993
941
856
776
683
581
456
328
200
67
-47
-150
-243
-334
-403
-465
-501
-525
-531
-507
-484
-456
-426
-372
-341
-287
-249
-218
-192
-169
-133
-123
-97
-80
-55
-29
-2
55
100
157
215
284
367
425
474
502
513
533
516
501
484
427
374
294
215
146
91
42
6
-27
-54
-66
-62
-43
-17
16
51
106
143
180
201
213
222
212
189
149
102
34
-49
-122
-206
-288
-381
-464
-530
-612
-680
-729
-766
-808
-852
-896
-927
-951
-973
-991
-990
-999
-1011
-998
-992
-969
-941
-907
-864
-821
-766
-691
-610
-517
-427
-344
-251
-164
-75
22
122
216
294
375
453
536
598
662
724
788
851
892
948
977
1020
1053
1069
1102
1119
1133
1119
1105
1091
1072
1035
975
914
829
739
633
528
394
254
117
-10
-127
-248
-332
-437
-516
-590
-636
-671
-684
-672
-660
-630
-574
-497
-408
-330
-254
-173
-115
-84
-59
-41
-7
9
20
36
43
65
89
109
132
159
186
199
206
196
203
179
168
166
138
134
106
86
53
36
24
-7
-25
-41
-33
-28
-18
5
26
68
101
137
184
228
272
297
307
315
310
288
265
222
168
101
18
-71
-163
-256
-353
-455
-548
-622
-696
-747
-784
-809
-834
-851
-857
-853
-848
-849
-841
-839
-836
-827
-834
-841
-832
-806
-775
-722
-681
-615
-534
-437
-335
-232
-121
-17
91
192
295
392
489
574
645
701
762
804
855
891
921
944
956
962
954
956
944
929
908
877
844
814
775
752
730
683
628
557
483
406
317
222
121
30
-74
-167
-264
-329
-394
-452
-486
-524
-520
-511
-484
-447
-407
-365
-304
-255
-206
-163
-139
-115
-111
-116
-120
-141
-156
-196
-231
-248
-268
-265
-241
-208
-162
-106
-48
4
82
136
192
239
252
271
254
239
204
169
126
94
68
39
17
4
22
37
72
95
117
154
188
221
238
262
273
283
280
260
245
223
210
160
119
59
-11
-75
-145
-184
-241
-308
-366
-420
-463
-499
-527
-567
-600
-629
-666
-689
-713
-736
-750
-753
-756
-753
-741
-715
-666
-626
-579
-525
-464
-393
-312
-219
-138
-54
29
107
185
265
325
381
424
461
491
517
546
578
602
615
626
627
623
619
627
643
662
678
681
678
674
663
668
654
638
631
592
557
510
456
399
328
263
204
135
55
-16
-107
-186
-260
-351
-426
-498
-549
-597
-638
-661
-678
-680
-671
-639
-592
-542
-475
-419
-374
-339
-302
-264
-232
-196
-161
-136
-98
-67
-39
-4
16
52
79
121
161
193
234
252
269
285
286
271
250
241
215
180
160
137
136
129
128
124
125
129
127
148
162
194
224
254
291
334
369
394
398
405
400
389
361
324
291
229
170
104
22
-49
-120
-206
-272
-349
-406
-472
-523
-570
-607
-644
-671
-696
-721
-733
-745
-735
-735
-735
-735
-725
-711
-689
-657
-625
-591
-564
-527
-473
-420
-355
-295
-234
-155
-87
-3
85
164
244
332
398
477
542
598
665
705
732
753
774
792
816
835
856
864
842
846
824
806
774
742
705
649
589
500
414
317
227
130
36
-75
-176
-277
-370
-459
-535
-605
-663
-693
-733
-742
-747
-732
-706
-657
-601
-550
-483
-422
-360
-312
-253
-206
-158
-110
-85
-68
-66
-66
-57
-42
-27
8
38
77
105
142
197
226
259
288
302
295
296
297
296
278
288
269
256
247
241
241
238
245
269
291
325
363
398
445
484
518
540
565
590
595
592
581
562
519
463
397
319
247
154
70
-35
-129
-221
-321
-413
-504
-579
-655
-707
-758
-805
-846
-886
-920
-957
-983
-1001
-1014
-1032
-1040
-1022
-1000
-974
-929
-891
-827
-771
-698
-616
-537
-452
-355
-246
-139
-27
72
157
243
329
400
464
524
588
624
654
675
695
717
731
743
756
772
778
789
785
789
778
781
782
759
743
713
675
625
557
486
408
326
235
127
24
-72
-190
-290
-383
-459
-534
-594
-626
-660
-663
-664
-651
-639
-613
-590
-558
-513
-476
-430
-395
-355
-326
-300
-285
-253
-222
-201
-171
-145
-98
-63
-20
43
100
169
226
302
362
418
459
491
524
554
575
588
594
594
577
555
538
516
501
481
462
435
434
427
446
462
470
491
514
526
528
526
510
502
464
424
359
292
203
109
11
-87
-185
-293
-387
-486
-569
-661
-728
-793
-860
-904
-950
-980
-1005
-1031
-1056
-1071
-1087
-1106
-1119
-1128
-1126
-1123
-1102
-1079
-1045
-1002
-947
-876
-793
-705
-606
-512
-407
-296
-180
-69
23
131
233
323
409
509
595
671
743
800
861
916
962
989
992
1010
1016
1020
1010
995
991
967
954
904
860
809
739
680
609
539
453
370
287
193
106
7
-91
-190
-281
-362
-443
-526
-583
-644
-704
-747
-779
-783
-786
-782
-765
-740
-705
-659
-607
-538
-467
-380
-313
-244
-171
-104
-44
9
69
130
200
259
322
370
428
483
522
558
591
614
627
635
634
637
623
608
594
568
545
520
482
444
413
389
360
331
309
290
259
244
227
199
187
172
159
153
150
146
136
132
117
86
54
22
-35
-96
-165
-232
-306
-389
-472
-559
-635
-720
-795
-881
-949
-994
-1040
-1079
-1118
-1145
-1172
-1189
-1199
-1197
-1183
-1145
-1101
-1065
-1004
-936
-862
-782
-687
-590
-488
-380
-278
-162
-50
59
176
285
404
505
609
701
774
852
924
978
1026
1052
1070
1081
1080
1079
1047
1021
977
938
887
840
784
729
677
607
548
474
415
357
296
249
183
115
66
5
-54
-107
-163
-230
-277
-336
-392
-450
-498
-533
-574
-601
-616
-613
-616
-590
-560
-526
-479
-421
-367
-311
-247
-187
-125
-74
-15
35
80
116
152
185
205
236
263
296
315
335
352
368
404
412
430
451
450
460
472
474
466
447
414
386
346
312
295
248
213
180
146
116
80
62
45
30
32
21
26
26
24
26
26
16
-1
-30
-62
-98
-146
-194
-245
-291
-362
-430
-488
-557
-621
-677
-730
-774
-816
-844
-867
-885
-903
-923
-928
-914
-887
-865
-833
-801
-752
-713
-665
-619
-556
-495
-441
-374
-312
-233
-155
-85
-12
67
145
230
304
381
449
512
583
637
694
733
753
776
796
827
832
832
835
850
848
832
820
804
797
780
750
723
682
641
594
540
500
440
374
306
251
188
118
37
-39
-115
-189
-249
-317
-372
-425
-458
-502
-531
-552
-573
-567
-571
-565
-551
-540
-522
-492
-462
-420
-378
-326
-287
-235
-171
-115
-55
-21
41
80
126
169
204
231
241
267
274
287
294
295
287
293
304
303
306
298
284
270
243
217
181
147
119
78
53
36
21
5
-17
-27
-23
-18
-11
-7
-2
14
18
16
10
11
10
13
-10
-21
-29
-32
-42
-60
-66
-87
-107
-137
-167
-201
-240
-288
-345
-404
-454
-510
-565
-620
-666
-700
-738
-760
-762
-768
-766
-746
-725
-693
-655
-608
-554
-503
-441
-360
-287
-209
-126
-48
26
101
181
259
339
405
481
559
616
676
727
763
793
824
848
859
882
880
877
859
846
824
779
742
699
660
612
561
511
452
387
329
271
201
147
83
10
-51
-109
-161
-208
-242
-294
-337
-372
-409
-439
-480
-501
-531
-558
-576
-597
-608
-606
-585
-570
-547
-503
-449
-397
-333
-267
-196
-139
-84
-36
13
64
98
123
147
140
154
159
158
165
150
161
162
168
166
174
192
203
217
211
222
227
229
230
215
206
193
175
160
148
139
134
127
129
112
108
99
100
100
101
105
100
89
72
67
42
23
2
-17
-37
-55
-91
-124
-146
-177
-186
-209
-222
-236
-255
-274
-304
-311
-327
-335
-348
-359
-366
-389
-397
-403
-408
-421
-424
-415
-402
-389
-366
-354
-322
-284
-253
-213
-180
-124
-81
-35
6
42
92
139
181
224
269
301
343
368
399
421
442
465
479
481
480
488
488
479
471
441
411
393
358
328
294
257
219
181
142
108
76
45
0
-34
-60
-95
-125
-150
-180
-200
-222
-252
-279
-304
-322
-342
-363
-371
-388
-395
-391
-389
-377
-362
-325
-313
-283
-247
-224
-191
-154
-119
-84
-35
17
69
107
165
200
238
274
293
312
327
335
331
314
298
286
259
243
226
211
196
179
163
150
142
134
119
111
118
109
105
98
84
71
52
32
15
-2
-14
-31
-41
-44
-56
-39
-27
-1
26
56
88
105
135
146
153
169
166
159
158
134
116
84
52
27
-1
-26
-62
-99
-149
-180
-208
-248
-269
-295
-330
-355
-376
-389
-401
-404
-415
-421
-432
-437
-437
-435
-426
-422
-404
-387
-374
-358
-314
-276
-237
-183
-146
-98
-54
-21
17
61
105
135
160
191
216
239
240
246
252
251
253
244
231
223
211
196
189
180
181
177
178
175
169
168
149
132
120
106
96
84
73
64
65
65
67
63
49
51
47
59
56
55
48
35
26
9
-4
-9
-15
-21
-36
-38
-28
-29
-31
-33
-22
-7
-9
-14
-10
-11
-7
9
11
20
30
44
55
72
68
75
75
82
91
80
82
71
73
76
69
70
78
86
90
99
114
137
157
160
162
163
163
170
171
169
170
180
178
184
179
168
166
166
166
164
167
155
157
143
139
117
98
77
63
36
1
-18
-53
-83
-121
-152
-194
-227
-261
-287
-319
-349
-372
-404
-424
-441
-472
-487
-511
-540
-551
-575
-575
-589
-595
-595
-607
-597
-591
-573
-548
-523
-492
-463
-420
-376
-339
-296
-263
-209
-169
-117
-63
-15
43
88
143
192
231
271
301
325
356
381
397
411
422
434
439
442
451
457
462
449
443
434
426
427
418
407
407
388
372
350
329
310
294
275
242
218
190
165
145
122
95
64
39
26
2
-24
-48
-72
-81
-99
-114
-130
-149
-155
-171
-169
-172
-167
-142
-147
-132
-120
-116
-104
-99
-104
-87
-85
-79
-68
-61
-36
-27
5
17
34
50
70
91
99
105
109
117
124
129
127
127
121
130
138
128
139
131
140
128
122
110
95
92
86
86
83
72
73
73
63
62
61
64
51
42
29
14
-4
-23
-50
-73
-100
-127
-158
-188
-212
-241
-259
-283
-298
-308
-326
-337
-348
-361
-376
-391
-404
-413
-423
-433
-452
-455
-461
-463
-460
-466
-458
-445
-429
-410
-388
-365
-343
-312
-282
-234
-194
-152
-109
-76
-27
13
57
105
148
186
230
272
309
349
386
420
444
468
489
515
537
550
562
571
572
570
564
556
547
528
502
471
449
419
382
348
314
275
243
203
168
137
110
84
49
13
-26
-57
-82
-116
-134
-160
-198
-223
-250
-263
-283
-294
-290
-283
-279
-269
-256
-233
-212
-191
-167
-146
-108
-76
-53
-25
2
20
45
58
65
68
63
62
65
74
77
84
85
83
99
107
112
120
114
108
89
82
71
58
40
17
13
-6
-12
-15
-17
-16
-13
-14
-14
-9
1
3
3
4
5
10
15
13
6
6
-13
-21
-42
-60
-65
-80
-98
-112
-128
-137
-158
-172
-194
-207
-207
-223
-232
-237
-251
-258
-273
-279
-265
-263
-266
-268
-265
-268
-270
-273
-272
-259
-243
-233
-217
-197
-183
-166
-141
-117
-90
-72
-56
-29
-3
23
44
62
84
110
128
140
151
165
173
180
190
195
197
209
225
232
250
253
246
248
239
239
236
226
220
210
191
192
168
167
168
160
153
150
143
136
133
128
122
124
138
128
134
135
140
125
130
123
104
101
78
59
36
15
-18
-38
-57
-73
-91
-109
-122
-124
-128
-139
-131
-133
-136
-132
-125
-111
-92
-74
-65
-66
-61
-31
-22
-12
-5
3
26
35
49
53
62
58
68
65
51
41
30
25
17
15
11
-6
-15
-27
-27
-26
-28
-31
-34
-27
-32
-38
-50
-52
-76
-97
-111
-137
-142
-152
-140
-141
-138
-130
-114
-90
-67
-34
-13
11
36
55
72
83
99
99
102
103
93
102
113
122
115
105
102
95
85
83
82
72
61
45
28
7
-19
-33
-56
-93
-116
-143
-165
-193
-223
-249
-289
-315
-344
-367
-387
-398
-403
-409
-401
-400
-386
-371
-341
-312
-279
-241
-205
-162
-116
-86
-46
-22
7
32
71
109
141
179
210
236
271
295
320
354
373
398
413
437
451
466
467
466
463
451
450
433
422
422
400
383
363
345
325
297
269
235
196
157
108
66
32
-5
-41
-81
-115
-145
-180
-195
-226
-242
-258
-277
-282
-290
-298
-293
-294
-297
-296
-285
-272
-249
-223
-206
-196
-164
-143
-122
-95
-70
-52
-35
-21
-2
20
26
43
48
51
43
48
51
52
52
50
54
58
73
91
98
105
113
113
117
121
110
95
82
65
60
47
35
24
22
19
16
14
10
18
11
3
2
-7
-15
-28
-27
-34
-34
-44
-49
-61
-79
-77
-89
-77
-93
-102
-102
-127
-134
-146
-147
-162
-170
-167
-182
-186
-191
-193
-192
-208
-213
-218
-219
-216
-220
-215
-212
-206
-195
-188
-173
-170
-156
-138
-123
-99
-87
-63
-41
-24
-7
22
42
69
93
112
130
159
177
198
213
230
243
265
277
292
307
319
328
335
336
339
339
330
325
307
301
290
271
259
234
216
202
169
150
128
116
92
57
39
11
-14
-38
-61
-98
-132
-157
-181
-202
-226
-245
-258
-265
-268
-271
-274
-265
-251
-231
-215
-195
-164
-129
-96
-79
-43
-24
-12
13
40
64
84
104
125
139
144
158
164
176
186
191
191
188
182
185
179
166
150
136
115
84
65
37
14
-4
-26
-37
-61
-83
-94
-101
-115
-130
-129
-145
-145
-145
-143
-137
-131
-123
-129
-127
-132
-124
-122
-119
-119
-124
-122
-127
-123
-115
-107
-101
-84
-78
-64
-46
-34
-21
2
16
33
52
53
71
83
81
95
103
107
101
95
87
85
80
76
82
69
70
58
45
28
18
6
-1
-10
-24
-34
-39
-47
-54
-59
-74
-80
-92
-92
-90
-99
-93
-94
-98
-81
-77
-69
-71
-70
-50
-38
-27
-20
-9
-4
2
10
24
34
39
42
50
60
72
86
94
98
105
103
108
114
118
128
122
120
110
92
89
69
53
52
37
33
20
10
-4
-10
-10
-14
-21
-20
-23
-26
-33
-30
-38
-51
-62
-55
-53
-53
-47
-54
-44
-43
-36
-37
-31
-28
-19
-16
-6
9
1
11
7
0
2
3
-3
-2
8
3
7
9
15
2
2
6
4
9
11
5
0
4
9
15
24
39
49
58
61
71
85
88
88
85
91
86
87
84
68
66
57
55
42
41
50
57
65
71
68
80
74
61
58
40
38
22
8
-4
-10
-18
-31
-41
-53
-62
-62
-61
-60
-64
-74
-83
-90
-98
-100
-103
-111
-125
-129
-131
-126
-129
-132
-141
-151
-150
-164
-163
-174
-177
-182
-183
-182
-183
-181
-184
-173
-159
-154
-136
-122
-105
-93
-69
-54
-40
-28
-23
-6
-2
-4
8
26
27
49
56
62
71
87
114
115
124
132
145
146
152
148
152
148
141
146
135
128
108
102
105
99
88
87
89
84
78
82
87
80
71
69
63
55
55
51
47
43
43
41
35
36
31
28
19
21
20
16
23
26
26
34
31
32
46
39
49
53
48
62
61
61
66
73
74
79
81
79
75
70
78
76
83
74
73
67
54
60
65
53
50
42
35
28
12
4
-11
-13
-29
-33
-51
-56
-76
-88
-86
-98
-95
-111
-125
-141
-155
-163
-170
-179
-193
-203
-207
-207
-205
-200
-185
-182
-168
-157
-141
-117
-110
-89
-81
-65
-58
-46
-41
-39
-39
-38
-34
-39
-43
-45
-51
-53
-52
-55
-54
-55
-50
-47
-44
-43
-43
-44
-55
-58
-57
-53
-55
-59
-51
-50
-38
-29
-18
-4
12
27
44
60
68
84
91
97
111
116
126
135
133
131
136
134
136
123
126
123
128
123
124
127
111
109
105
104
111
105
100
99
92
88
79
69
63
60
58
54
53
48
47
47
46
35
30
24
20
14
17
21
29
36
44
45
45
49
49
43
54
49
46
51
49
54
42
44
39
37
29
31
17
25
22
20
23
9
-2
-13
-20
-39
-47
-58
-65
-80
-97
-108
-127
-138
-148
-153
-154
-164
-161
-164
-165
-166
-164
-168
-166
-169
-162
-158
-152
-142
-139
-138
-132
-124
-113
-99
-88
-75
-69
-61
-51
-43
-39
-30
-25
-16
2
12
16
27
26
32
33
42
38
34
29
19
29
25
27
24
13
21
18
15
18
16
12
9
6
4
6
11
24
30
35
43
40
47
50
43
41
35
41
46
42
54
47
53
42
48
46
50
55
54
65
66
78
80
77
86
86
87
87
86
94
88
86
87
90
93
98
99
100
103
100
107
100
93
91
76
68
55
51
35
33
32
32
20
5
-5
-11
-15
-15
-15
-23
-26
-29
-37
-36
-43
-47
-48
-55
-59
-62
-61
-65
-73
-78
-76
-76
-75
-78
-79
-83
-76
-74
-84
-89
-83
-74
-71
-70
-75
-69
-71
-69
-71
-72
-68
-70
-63
-58
-50
-50
-50
-43
-40
-35
-30
-34
-28
-37
-29
-28
-17
-12
-2
7
14
33
30
37
42
52
58
64
57
57
54
47
40
47
51
57
59
64
61
65
66
56
49
43
43
28
21
3
-7
-9
-20
-24
-31
-33
-38
-34
-28
-25
-21
-16
-24
-30
-22
-22
-15
-16
-9
-14
-10
-10
-10
1
8
15
14
19
14
15
7
2
-1
-10
-12
-14
-13
-15
-15
-14
-20
-22
-30
-34
-32
-27
-21
-30
-27
-18
-16
-8
-10
-7
2
5
9
7
10
16
21
24
23
20
27
28
31
35
23
20
20
18
17
9
21
13
14
15
9
16
12
9
8
7
7
1
0
1
-2
-5
-12
-2
-17
-20
-22
-27
-26
-21
-12
-16
-7
-6
11
20
24
31
28
29
38
40
35
26
27
29
27
27
35
39
41
48
51
38
41
40
33
39
32
25
18
14
15
10
3
2
6
3
2
-8
-4
-8
-19
-27
-34
-33
-42
-32
-37
-44
-38
-41
-36
-43
-39
-25
-20
-29
-23
-27
-24
-10
-9
-4
-3
2
1
4
5
-9
-9
-16
-22
-26
-16
-15
-19
-13
-14
-13
-14
-21
-10
-16
-21
-23
-33
-32
-42
-40
-41
-43
-46
-46
-45
-53
-48
-48
-44
-41
-37
-32
-41
-39
-47
-44
-45
-45
-39
-36
-35
-26
-17
-9
-6
12
22
19
33
32
36
44
44
44
44
47
52
49
49
49
42
45
46
53
60
59
51
45
51
58
48
46
53
55
59
51
57
51
53
42
44
43
44
47
48
49
49
55
51
47
44
50
48
47
46
44
46
43
41
40
40
38
30
30
26
31
18
8
2
0
-3
0
-2
-2
0
5
10
8
16
13
12
7
11
-4
-9
-25
-35
-43
-45
-46
-50
-55
-51
-55
-67
-64
-68
-72
-82
-79
-78
-83
-83
-83
-85
-95
-95
-100
-107
-111
-102
-95
-94
-85
-76
-76
-73
-72
-76
-74
-70
-74
-73
-74
-75
-71
-71
-62
-58
-38
-36
-21
-24
-17
-5
-4
1
-5
6
4
13
12
23
27
24
26
33
36
40
48
48
59
58
58
55
52
55
53
62
66
73
80
67
72
67
72
80
74
68
60
59
51
50
49
55
56
54
53
51
57
47
40
40
31
36
31
26
27
25
28
27
31
29
28
32
28
33
37
43
48
43
45
46
40
35
33
33
33
41
32
37
36
29
25
17
12
6
3
-14
-14
-20
-24
-25
-30
-31
-34
-44
-42
-42
-51
-56
-67
-75
-77
-82
-94
-98
-101
-104
-108
-110
-109
-106
-101
-95
-92
-90
-83
-81
-68
-64
-55
-53
-52
-45
-44
-32
-32
-35
-29
-30
-36
-35
-30
-31
-28
-32
-28
-28
-22
-20
-18
-14
-12
-8
-7
6
-2
-2
0
2
17
17
20
24
24
35
34
34
34
35
45
45
48
50
55
67
66
79
78
78
84
88
89
86
81
82
83
85
86
75
66
63
57
55
59
53
51
55
46
54
51
55
55
50
46
43
44
39
37
32
25
24
23
24
22
23
30
20
25
24
15
12
21
18
18
21
18
8
5
-4
-8
-12
-17
-22
-27
-29
-28
-31
-39
-50
-55
-50
-54
-54
-61
-72
-81
-88
-97
-94
-92
-100
-97
-99
-98
-93
-94
-91
-90
-87
-92
-86
-79
-82
-71
-72
-71
-71
-73
-68
-64
-55
-58
-52
-48
-45
-34
-38
-24
-14
-4
-7
-4
5
2
10
8
18
19
17
30
30
33
42
39
49
48
48
57
67
71
71
70
64
62
59
67
70
70
74
69
66
61
60
55
49
44
40
41
32
32
26
22
20
19
15
19
9
9
7
6
8
19
20
8
13
5
7
4
3
2
16
12
12
7
5
2
14
23
15
20
17
25
21
19
21
27
15
20
9
14
17
14
17
8
9
1
-1
-5
-2
-9
-10
-15
-13
-16
-19
-27
-25
-34
-43
-48
-59
-61
-69
-76
-69
-73
-75
-68
-72
-75
-76
-72
-71
-68
-70
-79
-76
-72
-67
-65
-59
-55
-54
-49
-53
-43
-40
-37
-23
-18
-15
-5
-9
-7
-6
-7
-3
-2
-3
2
2
7
27
24
24
27
21
27
31
37
47
45
44
43
47
51
51
54
56
51
46
45
39
39
36
40
35
38
38
30
36
39
45
45
41
46
44
45
44
45
49
49
60
55
54
55
55
53
49
55
57
47
36
37
38
33
27
25
28
27
31
32
29
26
19
9
4
-2
-11
-14
-22
-24
-34
-40
-37
-50
-45
-43
-41
-42
-42
-40
-36
-30
-34
-36
-38
-28
-22
-25
-27
-26
-27
-26
-29
-23
-18
-24
-20
-30
-22
-28
-21
-31
-28
-26
-38
-33
-38
-36
-44
-40
-44
-39
-37
-35
-26
-29
-25
-23
-22
-19
-20
-24
-25
-30
-23
-20
-13
-13
-10
-7
-17
-15
-11
-4
-3
-1
-3
1
3
14
10
13
9
10
15
5
14
16
17
18
19
13
25
18
25
25
18
22
26
27
34
36
38
44
42
43
28
30
28
19
22
12
10
5
1
-1
-1
5
12
16
27
24
25
27
34
29
23
20
13
20
12
15
11
16
21
26
30
26
25
22
20
15
15
8
4
-5
-4
-6
-4
-14
-24
-23
-31
-33
-40
-39
-43
-41
-48
-39
-45
-44
-40
-42
-36
-41
-36
-46
-44
-47
-47
-44
-44
-39
-41
-34
-33
-31
-26
-27
-27
-21
-21
-17
-13
-13
-14
-15
-7
-11
-6
1
-10
-4
0
2
9
15
23
20
25
21
19
27
23
23
24
23
24
28
23
17
10
10
9
11
11
7
13
10
12
11
12
7
14
9
7
11
14
18
17
20
22
18
12
21
16
13
12
10
10
6
8
10
8
9
13
15
14
12
12
16
16
21
24
19
22
26
24
26
33
33
32
24
31
30
25
31
32
38
26
31
26
22
22
17
10
5
1
0
-6
-4
-11
-9
-19
-34
-32
-38
-44
-47
-51
-54
-52
-49
-43
-45
-43
-47
-46
-44
-48
-47
-49
-56
-54
-51
-45
-42
-45
-42
-37
-37
-33
-26
-20
-21
-18
-10
-9
-5
-2
1
8
7
19
14
16
21
28
37
35
44
44
43
41
36
39
40
43
46
47
40
38
31
32
23
16
14
9
7
8
12
6
8
2
2
-8
-10
-9
-8
-8
-16
-21
-18
-11
-9
-10
0
1
0
6
-4
5
7
7
4
4
14
11
13
9
12
20
18
15
16
13
14
19
20
20
25
28
19
21
25
20
18
14
11
14
13
18
12
15
5
9
9
5
0
-4
-8
-9
-10
-13
-16
-22
-23
-25
-31
-34
-39
-36
-50
-50
-45
-55
-49
-59
-51
-56
-51
-49
-47
-42
-47
-46
-51
-44
-42
-42
-45
-40
-46
-42
-46
-45
-32
-33
-28
-29
-26
-24
-19
-11
-14
-4
1
6
10
15
22
28
27
29
29
37
39
45
55
52
59
57
60
55
60
61
59
58
60
57
55
50
46
48
40
36
32
37
31
30
27
22
17
4
3
3
-1
-4
-1
-4
-5
-5
-8
-10
-10
-12
-14
-15
-18
-15
-16
-16
-22
-23
-23
-18
-16
-14
-13
-13
-13
-14
-14
-22
-23
-23
-17
-16
-17
-8
-9
2
1
6
9
9
6
-1
0
-1
1
0
-4
-1
-1
1
0
1
-2
-2
-11
-13
-20
-17
-19
-20
-20
-25
-28
-32
-27
-34
-24
-25
-25
-21
-32
-21
-23
-25
-19
-23
-19
-18
-17
-10
-6
-6
-4
-6
5
11
11
11
12
19
21
25
36
33
36
34
40
40
41
37
29
39
36
35
36
40
35
37
36
40
40
44
48
49
45
49
50
41
38
31
20
21
20
17
12
11
6
8
7
-2
2
0
1
-3
-9
-8
-8
-15
-13
-21
-23
-17
-21
-24
-18
-24
-27
-25
-32
-26
-30
-28
-22
-22
-23
-16
-16
-15
-12
-11
-16
-15
-15
-16
-21
-23
-22
-23
-16
-22
-18
-16
-23
-16
-14
-10
-5
-8
7
10
9
16
11
8
7
8
-1
-1
3
-6
-9
-16
-12
-12
-21
-21
-26
-23
-23
-21
-24
-27
-21
-21
-20
-20
-15
-13
-14
-15
-13
-18
-19
-19
-18
-14
-23
-21
-20
-21
-22
-21
-24
-18
-11
-10
-4
-5
-1
7
8
16
18
22
34
38
32
36
34
34
37
42
45
43
47
44
51
56
50
51
51
45
47
41
45
46
40
39
38
35
26
20
14
16
14
11
3
1
-4
-6
-7
-5
-10
-8
-12
-15
-18
-23
-24
-29
-33
-39
-41
-40
-37
-34
-30
-35
-34
-34
-28
-31
-34
-30
-34
-32
-30
-27
-30
-24
-23
-18
-20
-16
-14
-12
-10
-3
4
7
6
7
12
13
18
12
6
5
6
3
11
12
3
5
-1
3
3
-2
0
-1
0
0
-3
-4
-6
-9
-11
-16
-16
-17
-11
-21
-17
-14
-17
-15
-9
-4
-4
-5
-4
-6
-1
-5
-5
-4
-9
-11
-9
-3
-2
3
3
8
4
14
22
30
33
38
36
29
27
30
28
23
23
20
25
22
32
33
32
33
37
34
37
40
39
38
38
34
36
33
31
32
23
27
18
21
18
15
18
18
12
12
9
8
5
-2
-4
-7
-12
-11
-15
-18
-18
-21
-25
-28
-22
-25
-24
-22
-30
-27
-31
-30
-28
-35
-32
-26
-23
-28
-30
-30
-32
-27
-23
-22
-19
-19
-17
-19
-15
-17
-12
-18
-16
-10
-16
-7
-9
-15
-8
-10
-4
-8
-5
-3
-1
1
1
6
2
5
8
0
4
-5
-5
1
-1
0
2
5
5
7
6
5
7
2
6
2
-1
-2
-2
-5
2
1
-1
-1
2
7
3
7
1
13
8
13
16
22
20
21
26
26
28
20
22
10
18
18
11
10
9
5
11
9
5
11
14
19
15
15
19
14
10
10
2
0
-2
-3
-8
-10
-4
-11
-3
-12
-15
-5
-11
-6
-5
-2
-5
-4
-4
-1
-4
-9
-4
-5
-4
-12
-10
-8
-14
-20
-22
-18
-12
-13
-11
-13
-10
-19
-17
-21
-22
-26
-27
-16
-19
-21
-23
-19
-13
-15
-6
-10
-4
-1
-6
-4
-15
-15
-17
-17
-9
-6
-8
-9
-11
-14
-19
-15
-14
-12
-11
-7
-4
-5
1
6
7
3
3
4
6
6
6
7
4
10
8
7
6
8
8
12
10
11
11
10
12
13
18
19
23
20
18
16
12
19
23
27
27
23
26
24
24
27
22
22
25
19
16
13
13
13
11
12
14
12
14
17
21
18
18
17
14
16
13
11
7
6
7
9
9
9
3
2
5
2
1
-7
-4
-13
-14
-9
-11
-17
-15
-14
-18
-20
-22
-10
-12
-16
-18
-17
-20
-18
-20
-30
-21
-20
-15
-7
-14
-14
-11
-8
-9
-9
-8
-2
-4
-7
-11
-6
-6
-11
-11
-12
-13
-13
-10
-13
-12
-19
-11
-8
-11
-10
-15
-13
-7
-4
0
1
0
-3
-2
-3
4
1
3
5
5
11
9
10
9
10
3
10
8
10
11
17
18
17
22
14
21
20
21
18
19
23
25
26
28
34
34
27
31
25
23
18
16
18
12
19
10
19
15
16
14
9
12
13
3
4
8
4
1
1
4
3
0
-2
-1
-8
-13
-15
-17
-18
-14
-28
-28
-29
-40
-43
-51
-49
-51
-46
-46
-43
-34
-37
-28
-29
-22
-18
-17
-16
-17
-20
-24
-22
-25
-23
-25
-28
-24
-26
-19
-19
-19
-15
-10
-9
-11
-3
-5
-3
-6
0
-1
-5
3
-6
6
9
4
11
9
14
18
14
14
14
10
13
8
11
5
1
8
7
9
9
15
12
10
10
10
20
18
19
23
24
23
22
21
17
20
12
19
20
22
26
22
25
21
22
26
22
26
26
25
23
16
12
4
9
4
7
8
4
7
2
11
5
7
2
3
9
8
11
4
4
-2
-4
-3
-5
-3
-6
-2
-6
-4
-2
-3
-4
-5
-4
-3
-9
-13
-13
-11
-15
-19
-21
-21
