0 8 8 8 0 0 0 10 10 0 10 10 10 10 10 10 2 10 10 8 8 8 10 10 10 10 10 10 10 10 10 10 10 10 10 2 2 2 2 2 
0 0 0 0 0 0 0 0 0 0 0 0 8 8 8 8 8 8 8 8 8 8 8 8 8 8 8 8 8 8 8 8 8 8 10 2 2 2 2 2 
0 0 0 0 0 0 0 0 0 0 0 0 8 8 8 0 0 0 8 8 8 8 8 8 8 8 8 8 8 10 10 10 10 10 10 10 10 10 2 2 
11 11 0 0 0 0 0 0 0 0 0 0 0 0 0 8 8 8 8 8 8 8 8 8 8 8 8 8 8 10 2 2 2 2 2 2 2 2 2 2 
11 11 0 0 0 0 0 0 0 0 0 0 0 0 0 8 8 8 8 8 8 8 8 8 8 8 2 2 2 2 2 2 2 2 2 2 2 2 2 2 
0 0 0 0 0 0 0 0 0 0 0 8 8 8 8 0 8 8 8 8 8 8 8 8 8 8 8 8 8 2 8 8 8 2 8 2 2 2 2 2 
11 11 8 0 0 0 0 0 0 0 0 0 8 8 8 8 8 8 8 8 8 8 8 8 8 8 8 8 8 8 8 8 8 8 8 10 10 10 10 10 
11 8 0 0 0 0 0 0 0 0 0 0 0 8 8 8 8 8 8 8 8 8 8 8 8 8 8 8 8 8 8 8 8 10 8 10 10 10 10 10 
11 11 0 0 0 0 0 0 0 0 0 0 8 8 8 8 8 8 8 8 8 8 8 8 8 8 8 10 8 8 8 10 10 10 10 10 10 2 2 2 
11 0 0 0 0 0 0 0 0 0 8 8 8 8 8 8 8 8 8 8 8 8 8 8 8 8 8 8 8 8 8 8 8 8 8 8 8 8 2 2 
11 11 0 0 0 0 0 0 0 0 0 0 0 0 0 0 0 0 0 0 0 0 0 0 0 0 0 0 0 0 0 0 0 4 4 4 1 1 1 1 
11 11 11 0 0 0 0 0 0 0 0 0 0 0 0 0 0 0 0 0 0 0 0 0 4 4 4 4 4 1 1 1 1 1 1 1 1 1 13 13 
11 11 0 0 0 0 0 0 0 0 0 0 0 0 0 0 0 0 0 0 0 0 0 0 0 0 0 0 0 0 0 0 0 0 0 4 4 4 1 1 
11 11 0 0 0 0 0 0 0 0 0 0 0 0 0 0 0 0 0 0 0 0 4 4 4 4 4 1 1 1 1 1 1 1 1 1 1 13 13 13 
11 8 8 0 0 0 0 0 0 0 0 0 0 0 0 0 0 4 4 4 4 1 1 1 1 1 1 9 1 1 13 13 13 13 13 13 13 13 13 13 
11 11 8 8 0 0 0 0 0 0 0 0 0 0 0 0 0 0 0 0 0 0 4 4 4 4 4 4 1 1 1 1 1 1 1 1 1 1 1 1 
11 11 0 0 0 0 0 0 0 0 0 0 0 0 0 0 0 0 0 4 4 4 4 1 1 1 1 1 1 1 1 1 1 14 1 1 9 9 9 1 
11 11 0 0 0 0 0 0 0 0 0 0 0 4 4 4 4 4 4 4 4 4 1 1 1 1 1 1 1 1 1 1 1 13 1 14 1 1 14 14 
11 11 8 8 8 0 0 0 0 0 0 0 0 0 0 0 0 0 0 0 0 0 0 0 0 0 0 0 0 0 0 4 4 4 1 1 1 1 1 1 
11 11 11 0 8 8 0 0 0 0 0 0 0 0 0 0 0 0 0 0 0 0 0 0 0 4 4 4 4 4 1 1 1 1 1 1 1 1 1 14 
11 11 11 11 12 12 12 12 12 12 12 12 12 12 12 4 4 4 4 4 4 4 4 4 4 4 4 4 4 4 4 4 4 4 4 4 4 4 0 4 
11 12 12 12 12 12 12 12 12 12 4 4 12 4 4 4 4 4 4 4 4 4 4 4 4 4 4 4 4 4 4 4 4 4 4 4 4 4 4 0 
11 11 11 11 11 11 12 12 12 12 12 12 12 12 12 12 12 12 12 12 12 4 4 4 12 12 4 1 4 4 4 4 4 4 4 4 4 4 4 4 
11 11 10 12 12 12 12 12 12 12 12 12 12 12 12 12 12 12 12 12 12 12 12 4 4 4 4 4 4 4 4 4 4 4 4 4 4 4 4 4 
11 11 11 11 11 12 12 12 12 12 12 12 12 12 12 12 12 12 12 12 12 12 4 4 4 4 4 4 4 4 4 4 4 4 4 4 4 0 4 4 
11 11 11 12 12 12 12 12 12 12 12 12 12 4 4 4 12 4 4 4 4 4 4 4 4 4 4 4 4 4 4 4 4 4 4 4 4 4 4 4 
11 11 11 12 12 12 12 12 12 12 12 12 4 4 4 4 4 4 4 4 4 4 4 4 4 4 4 4 4 4 4 4 0 4 4 4 0 4 4 0 
11 15 11 11 11 11 12 12 12 12 12 12 12 12 12 12 12 12 4 4 4 4 4 4 4 4 4 4 4 4 4 4 4 4 4 4 4 4 0 0 
11 11 11 11 11 11 12 4 12 4 4 12 12 4 4 12 12 4 4 4 4 4 4 4 4 4 4 4 4 4 4 4 4 4 4 4 4 4 4 4 
11 11 11 11 11 11 0 0 12 12 12 4 4 4 4 4 4 4 4 4 4 4 4 4 4 4 4 4 4 4 4 4 4 4 0 4 4 0 0 0 
11 11 11 5 5 5 11 7 7 5 5 5 5 5 5 5 5 10 10 10 10 10 10 10 10 10 10 2 10 10 2 2 2 2 2 2 2 2 2 2 
11 11 7 11 5 5 5 5 15 11 11 11 11 5 5 11 2 2 2 10 2 2 2 2 2 2 2 2 2 2 2 2 2 2 2 2 2 2 2 2 
11 11 11 11 5 5 11 11 5 5 5 5 11 5 5 5 5 11 10 10 10 10 10 10 2 2 2 2 2 2 2 2 2 2 2 2 2 2 2 2 
11 11 15 15 5 15 15 5 5 7 11 11 11 5 5 5 5 5 5 11 10 10 10 10 2 2 2 2 2 2 2 2 2 2 2 2 2 2 2 2 
11 11 11 11 11 5 14 11 11 5 5 5 5 5 5 5 11 5 11 10 10 10 2 2 2 2 2 2 2 2 2 2 2 2 2 2 2 2 2 2 
11 11 11 5 5 15 11 5 5 11 11 11 11 11 5 5 11 11 10 10 10 10 10 10 10 2 2 2 2 2 2 2 2 2 2 2 2 2 2 2 
11 11 11 11 11 5 5 5 5 5 5 11 5 5 5 5 5 10 10 2 2 2 2 2 2 2 2 2 2 2 2 2 2 2 2 2 2 2 2 2 
5 5 5 5 11 11 11 11 11 11 5 5 5 5 5 5 5 10 10 10 2 2 2 2 2 2 2 2 2 2 2 2 2 2 2 2 2 2 2 2 
11 11 11 11 11 11 5 5 11 11 11 11 11 11 11 11 2 2 10 10 10 10 10 10 10 10 10 10 2 2 2 2 2 2 2 2 2 2 2 2 
11 11 5 5 5 11 11 11 11 11 11 11 11 5 5 5 11 11 11 10 10 10 10 10 10 2 2 2 2 2 2 2 2 2 2 2 2 2 2 2 
11 11 12 1 1 1 1 9 9 9 9 9 9 9 9 9 9 9 9 9 9 9 9 1 1 1 1 1 1 1 1 1 1 1 1 1 1 1 1 1 
11 11 12 1 9 9 9 9 9 9 9 9 9 9 9 9 9 9 9 9 9 9 9 9 9 9 9 9 9 9 9 9 9 9 9 9 1 1 1 1 
11 12 12 1 9 9 9 9 9 9 9 9 9 9 9 9 9 9 9 9 9 9 9 9 9 9 9 9 9 9 9 9 9 9 9 9 9 9 9 9 
12 1 1 1 9 9 9 1 9 9 9 9 9 9 9 9 9 9 9 9 9 9 9 9 1 1 9 9 9 1 1 1 1 1 1 9 1 1 9 1 
12 12 1 1 1 9 9 9 9 9 1 9 9 9 1 9 9 9 9 9 9 9 9 9 9 1 9 9 9 9 9 9 1 9 1 1 1 1 1 12 
1 1 1 1 9 9 9 9 9 9 9 9 9 9 9 9 9 9 9 9 9 9 9 9 9 9 9 9 9 9 9 1 1 1 1 1 1 1 1 1 
12 1 1 1 9 9 9 9 9 9 9 9 9 9 9 9 9 9 9 9 9 9 9 9 9 9 9 9 9 9 9 1 1 9 9 1 1 1 1 1 
4 1 1 1 9 9 9 9 9 9 9 9 9 9 9 9 9 9 9 9 9 9 9 9 9 9 1 1 1 1 1 1 1 1 1 1 1 1 1 1 
1 1 9 9 9 9 9 9 9 9 9 9 9 9 9 9 9 9 9 9 9 9 9 9 9 9 1 1 1 1 1 1 1 1 1 1 1 1 1 1 
1 1 9 9 9 9 9 9 9 9 9 9 9 9 9 9 9 1 1 9 1 1 1 1 1 1 1 1 1 1 1 1 1 1 1 1 1 1 1 1 
11 11 11 12 1 1 13 13 13 13 13 13 13 13 13 13 13 13 13 13 13 13 13 13 13 13 5 5 5 5 5 14 14 14 14 14 14 14 14 2 
13 13 13 13 13 13 13 13 13 13 13 13 13 13 13 13 13 13 5 5 5 5 14 14 14 14 14 14 14 14 14 14 14 14 14 14 14 14 2 2 
11 11 12 12 12 12 12 1 5 13 13 13 13 13 13 13 13 13 13 13 13 13 13 13 5 5 5 5 5 14 5 5 5 5 5 14 14 14 2 14 
12 12 1 13 13 13 13 13 13 13 13 13 13 13 13 13 13 5 5 5 5 5 5 5 5 14 14 14 14 14 14 14 2 2 2 2 2 2 2 2 
11 11 12 12 12 12 1 13 13 13 13 13 13 13 13 13 13 13 13 13 13 13 5 5 5 5 14 14 14 14 14 14 14 14 14 14 14 14 14 14 
11 11 12 12 12 1 1 1 13 13 13 13 13 13 13 13 13 13 13 13 13 13 13 13 13 13 13 13 13 5 5 5 5 5 5 5 5 5 5 5 
11 11 12 1 1 1 1 13 13 13 13 13 13 13 13 13 13 13 13 13 13 13 13 13 13 13 13 13 13 13 13 5 5 5 5 5 5 5 5 14 
12 12 12 12 1 1 13 13 13 13 13 13 13 13 13 13 13 13 13 13 13 13 13 13 13 5 5 5 13 5 5 5 5 5 14 14 14 14 14 14 
12 1 1 1 13 13 13 13 13 13 13 13 13 13 13 13 13 13 13 13 13 13 13 13 13 5 5 5 5 5 5 5 5 14 14 14 14 14 14 14 
11 11 12 12 12 1 1 1 13 13 13 13 13 13 13 13 13 13 13 13 13 13 13 13 13 13 13 13 13 5 5 5 5 5 5 5 5 5 5 5 
15 15 15 15 15 15 15 15 15 15 15 15 15 7 15 15 15 11 8 8 10 10 10 10 10 10 10 10 10 10 10 10 14 14 14 10 10 10 10 10 
15 15 15 15 15 15 15 15 15 15 15 15 15 15 15 15 15 15 15 15 15 15 15 15 15 15 15 15 15 15 15 15 15 11 8 10 10 10 10 10 
15 15 15 15 15 15 15 15 15 15 15 15 15 7 15 15 15 7 15 15 15 15 15 15 15 15 15 15 15 8 8 10 10 10 10 10 10 10 10 10 
15 15 15 15 15 15 15 15 15 15 15 15 15 15 15 15 15 15 15 15 15 15 15 15 15 8 10 10 10 10 10 10 10 6 14 14 14 10 10 10 
15 15 15 15 15 15 15 11 7 15 15 15 15 15 15 8 8 8 10 10 10 10 10 10 10 10 10 10 10 10 10 10 10 10 10 10 10 10 10 10 
15 15 15 15 15 15 15 15 15 15 15 15 15 15 15 15 15 15 15 8 10 10 10 10 10 10 10 10 10 10 10 10 10 10 10 10 10 10 10 10 
15 15 15 15 15 15 15 15 15 15 15 15 15 15 15 15 15 15 15 15 15 15 8 8 10 10 10 10 10 10 10 10 10 10 10 10 10 10 10 10 
15 15 15 15 15 15 15 15 15 15 15 15 15 15 15 15 15 15 15 15 7 10 10 10 10 10 10 10 10 10 10 10 10 10 10 10 10 10 10 10 
15 15 15 15 15 15 15 15 15 15 15 15 15 15 15 15 15 15 15 15 15 15 10 10 10 10 10 10 10 10 10 10 10 10 10 10 10 10 10 10 
15 15 15 15 15 15 15 15 7 15 15 15 15 15 15 15 15 15 15 15 15 15 15 15 15 8 8 10 10 10 10 10 10 10 10 10 10 10 10 10 
11 11 7 7 7 7 11 11 11 11 11 11 7 7 7 7 7 7 7 7 7 14 14 14 10 10 10 14 14 14 14 14 14 14 14 14 14 14 14 14 
7 7 15 15 7 7 7 7 7 7 7 7 7 7 15 15 15 7 15 15 7 7 7 7 8 10 10 14 14 14 14 14 14 14 14 14 14 14 14 14 
7 7 7 7 5 7 7 7 7 7 7 7 7 7 7 7 7 7 7 7 7 7 7 8 10 14 14 14 14 14 14 14 14 14 14 14 14 14 14 14 
7 7 7 15 15 7 7 7 7 7 7 7 7 7 7 7 7 7 7 7 7 7 15 15 7 8 8 14 14 14 14 14 14 14 14 14 14 14 14 14 
11 11 7 7 7 7 7 7 7 7 7 7 7 7 7 7 7 7 7 7 7 7 7 7 7 7 7 7 7 7 7 8 8 8 14 14 14 14 14 14 
7 7 7 7 7 7 7 7 7 7 7 7 7 7 7 7 7 7 7 7 7 7 7 7 7 7 7 7 7 7 7 8 8 14 14 14 14 14 14 14 
7 7 7 7 7 7 7 7 7 7 7 7 7 7 7 7 7 7 7 7 7 7 7 7 7 7 7 7 7 8 8 8 14 14 14 14 14 14 14 14 
7 7 7 7 7 7 7 7 7 15 7 7 7 7 7 7 7 7 7 7 7 7 7 8 8 14 14 14 14 14 14 14 14 14 14 14 14 14 14 14 
7 7 7 7 7 7 7 7 7 7 7 7 7 7 7 7 7 7 7 7 7 7 7 7 7 7 7 7 7 8 8 14 10 14 14 14 14 14 14 14 
7 11 7 7 7 7 7 7 7 7 7 7 7 7 7 7 7 7 7 8 8 8 8 8 0 0 8 8 8 8 8 8 8 14 14 14 14 14 14 14 
11 11 14 14 14 6 6 6 6 6 6 6 6 6 6 6 6 6 6 6 6 6 6 6 6 6 6 6 6 6 6 6 6 6 6 6 6 6 6 6 
11 11 6 2 14 14 2 2 6 6 6 6 6 6 6 6 6 6 6 6 6 6 6 6 6 6 6 6 6 6 6 6 6 6 6 6 6 6 6 6 
11 11 14 14 6 6 6 6 6 6 6 6 6 6 6 6 6 6 6 6 6 6 6 6 6 6 6 6 6 6 6 6 6 6 6 6 6 6 6 6 
11 11 14 14 14 14 6 6 6 6 6 6 6 6 6 6 6 6 6 6 6 6 6 6 6 6 6 6 6 6 6 6 6 6 6 6 6 6 6 6 
11 11 14 14 14 6 6 6 6 6 6 6 6 6 6 6 6 6 6 6 6 6 6 6 6 6 6 6 6 6 6 6 6 6 6 6 6 6 6 6 
11 11 14 6 6 4 4 6 6 6 6 6 6 6 6 6 6 6 6 6 6 6 6 6 6 6 6 6 6 6 6 6 6 6 6 6 6 6 6 6 
11 11 5 5 5 11 11 11 14 6 14 14 14 14 14 14 14 6 6 6 6 6 6 6 6 6 6 6 6 6 14 14 14 6 6 2 14 2 2 2 
14 14 6 6 6 6 6 6 6 6 6 6 6 6 6 6 6 6 6 6 6 6 6 6 6 6 6 6 6 2 6 2 2 2 2 2 2 2 2 2 
2 6 6 6 6 6 2 2 6 6 6 6 6 2 2 2 2 2 2 2 2 2 2 2 2 2 2 2 2 2 2 2 2 2 2 2 2 2 2 2 
11 11 14 6 6 6 6 6 6 6 6 6 6 6 6 6 6 6 14 2 2 2 2 2 2 2 2 2 2 2 2 2 2 2 2 2 2 2 2 14 
0 0 0 0 0 0 0 0 0 0 0 0 0 0 0 4 12 12 3 3 3 3 3 3 3 3 3 3 3 3 3 3 3 3 3 3 3 3 3 3 
0 0 0 0 0 0 0 0 0 0 0 0 0 4 4 12 12 12 3 3 3 3 3 3 3 3 3 3 3 3 3 3 3 3 3 3 3 3 3 10 
11 11 0 0 0 0 0 0 0 0 0 0 0 0 0 0 0 4 4 4 12 3 3 3 3 3 3 3 3 3 3 3 3 3 3 3 3 3 3 3 
11 11 0 0 0 0 0 0 0 0 0 0 0 0 0 0 0 0 0 0 0 12 4 3 3 3 3 3 3 3 3 3 3 3 3 3 3 3 3 3 
11 0 0 0 0 0 0 0 0 0 0 0 0 0 0 0 0 0 0 0 0 4 4 0 4 12 12 3 3 3 3 3 3 3 3 3 3 3 3 3 
11 11 0 0 0 0 0 0 0 0 0 0 0 0 0 0 12 3 3 3 3 3 3 3 3 3 3 3 3 3 3 3 3 3 3 3 3 10 10 14 
11 11 0 0 0 0 0 0 0 0 0 0 0 0 0 0 0 4 4 4 4 12 3 3 3 3 3 3 3 3 3 3 3 3 3 3 3 3 3 3 
11 11 0 0 0 0 0 0 0 0 0 0 0 0 0 12 3 3 3 3 3 3 3 3 3 3 3 3 3 3 3 3 3 3 3 3 3 3 3 3 
11 11 0 0 0 0 0 0 0 0 0 0 0 0 0 4 0 0 4 8 3 3 3 3 3 3 3 3 3 3 3 3 3 3 3 3 3 3 3 3 
11 11 0 0 0 0 0 0 0 0 0 0 0 0 12 12 12 3 3 3 3 3 3 3 3 3 3 3 3 3 3 3 3 3 3 3 3 3 3 10 
